   2.2863678e+03   2.3239872e+03   2.1066182e+03   2.2513936e+03   2.5991052e+03   2.3914701e+03   2.4675730e+03   2.1088738e+03   2.1079995e+03   2.4245521e+03   2.0699405e+03   1.8963128e+03   2.4200373e+03   2.3914701e+03   2.1836075e+03   1.8772406e+03   1.8419981e+03   1.7065675e+03   2.3951505e+03   2.1039590e+03   2.2748723e+03   1.7862767e+03   1.8768618e+03   2.1570518e+03   2.2908314e+03   2.4614415e+03   2.3598443e+03   2.6114085e+03   2.3482085e+03   2.0187755e+03
   1.9229458e+03   2.2648312e+03   1.8542391e+03   1.7092922e+03   2.2911168e+03   1.8296565e+03   2.2295778e+03   2.1088738e+03   2.1079995e+03   2.1887609e+03   2.0699405e+03   1.8963128e+03   2.2239981e+03   1.8296565e+03   2.1836075e+03   1.8772406e+03   1.8419981e+03   1.7065675e+03   2.1644668e+03   2.1039590e+03   2.2748723e+03   1.7862767e+03   1.8768618e+03   2.1570518e+03   1.5801834e+03   2.0803970e+03   1.0891387e+03   1.8059041e+03   2.0784940e+03   2.0187755e+03
   1.9229458e+03   1.7828173e+03   1.8542391e+03   1.7092922e+03   1.7727860e+03   1.7499994e+03   2.0755702e+03   2.1088738e+03   2.1079995e+03   1.9459099e+03   2.0699405e+03   1.8963128e+03   1.9282713e+03   1.7499994e+03   1.9792063e+03   1.8772406e+03   1.6739827e+03   1.4847634e+03   2.1383887e+03   1.5745129e+03   2.0395641e+03   1.7862767e+03   1.8768618e+03   2.1570518e+03   1.5801834e+03   2.0803970e+03   1.0891387e+03   1.7022100e+03   1.7062982e+03   1.6444320e+03
   1.9229458e+03   1.7828173e+03   1.8542391e+03   1.7092922e+03   1.7727860e+03   1.6233788e+03   2.0755702e+03   1.7312929e+03   2.1079995e+03   1.9459099e+03   1.9719762e+03   1.8885691e+03   1.9282713e+03   1.6233788e+03   1.9792063e+03   1.8772406e+03   1.6080135e+03   1.4847634e+03   1.8423035e+03   1.5745129e+03   1.7587934e+03   1.5888580e+03   1.8768618e+03   2.1570518e+03   1.5801834e+03   2.0803970e+03   1.0891387e+03   1.7022100e+03   1.6455559e+03   1.6444320e+03
   1.7718999e+03   1.1763717e+03   1.8366694e+03   1.7092922e+03   1.7348739e+03   1.6233788e+03   1.4040723e+03   1.6409194e+03   1.6856340e+03   1.7870184e+03   1.7120821e+03   1.6726836e+03   1.6959706e+03   1.6233788e+03   1.2680125e+03   1.4800708e+03   1.2970842e+03   1.4847634e+03   1.4304762e+03   1.4005751e+03   1.7587934e+03   9.8298648e+02   1.5837464e+03   1.8949103e+03   1.5801834e+03   1.8537837e+03   1.0891387e+03   1.1203335e+03   1.4123938e+03   1.6444320e+03
   9.3638695e+02   1.0327338e+03   1.3460893e+03   8.6236162e+02   1.3419468e+03   9.4244808e+02   1.4026791e+03   1.4714612e+03   1.4011352e+03   1.5480447e+03   1.2339851e+03   1.5105021e+03   1.3799135e+03   9.4244808e+02   9.2417158e+02   9.1790278e+02   9.4032000e+02   1.3880911e+03   1.4087549e+03   1.2984964e+03   9.1078846e+02   9.8298648e+02   1.3832903e+03   5.3395048e+02   1.4171584e+03   9.7481582e+02   6.3432588e+02   1.1203335e+03   1.2760619e+03   8.4416914e+02
   9.3638695e+02   1.0327338e+03   1.2345514e+03   8.6236162e+02   1.1292656e+03   9.4244808e+02   1.2200455e+03   1.1093395e+03   9.2219820e+02   7.5148851e+02   1.1278848e+03   1.3692707e+03   1.0663687e+03   9.4244808e+02   9.2417158e+02   8.3689702e+02   9.2063875e+02   9.9834040e+02   9.0658064e+02   1.1874363e+03   8.2851486e+02   9.8298648e+02   2.2091090e+02   5.3395048e+02   1.2163569e+03   9.7481582e+02   6.3432588e+02   1.0145071e+03   8.9848862e+02   8.4416914e+02
   8.4881066e+02   6.5803354e+02   1.1514913e+03   6.8292739e+02   4.1215134e+02   7.4214111e+02   1.1831344e+03   8.9460700e+02   7.4089067e+02   5.7377026e+02   1.0180554e+03   7.4353107e+02   7.4916368e+02   7.4214111e+02   3.8942463e+02   7.9617950e+02   8.9517776e+02   8.8108520e+02   7.2158079e+02   8.4425707e+02   4.8523165e+02   7.4555347e+02   2.2091090e+02   5.3395048e+02   1.1320631e+03   8.1976794e+02   5.3194582e+02   6.1158534e+02   5.7618330e+02   7.9018916e+02
   5.4305432e+02   5.8428304e+02   5.2789785e+02   1.4674912e+02   4.1215134e+02   3.9839956e+02   6.2275635e+02   6.8312358e+02   3.0527348e+02   1.1869979e+02   2.5937623e+02   4.8604134e+02   2.7769770e+02   3.9839956e+02   1.6423068e+02   3.3388223e+02   3.4241187e+02   6.1886932e+02   1.6485739e+02   6.7103445e+02   3.4503984e+02   5.3728891e+02   2.2091090e+02   5.3395048e+02   7.5880807e+02   3.9209969e+02   5.3194582e+02   2.6964507e+02   3.0620667e+02   5.0759432e+02
   3.3305505e+02   2.5570342e+02   4.7438639e+02   1.4674912e+02   1.2477541e+02   1.8943402e+02   3.0413679e+02   2.1531831e+02   1.3946209e+02   1.1739379e+02   2.1290999e+02   9.5501231e+01   2.5135947e+02   1.8943402e+02   9.2672018e+01   1.6155863e+02   2.3724646e+02   7.7921748e+01   1.4417828e+02   3.1243862e+02   1.8808063e+02   2.2298278e+02   2.0654807e+02   1.2915228e+02   2.3591949e+02   2.0511194e+02   1.9249211e+01   2.1740022e+02   6.0144821e+01   1.0783250e+02
   1.1154376e+01   1.5708592e+02   1.2092327e+02   1.4224436e+02   7.8458197e+01   1.8346891e+02   8.3821336e+01   8.6729837e+01   1.2834967e+02   1.1739379e+02   7.0901466e+01   7.0940662e+01   5.8795482e+01   1.8346891e+02   1.7966626e+01   1.6155863e+02   6.2589744e+01   7.1466141e+01   4.4335864e+01   1.0922679e+02   4.2663101e+01   1.2918644e+02   7.6149086e+01   1.7057194e+01   1.2526795e+02   1.0517105e+02   1.8942255e+01   1.8320804e+02   2.3547620e+01   1.0745422e+02
   1.1154376e+01   1.1944952e+01   1.0861122e+01   2.8882360e+01   2.0369857e+01   7.1712855e+01   2.0957607e+01   1.9249681e+01   6.3120163e+01   4.2504633e+01   3.1909359e-01   3.8145861e+00   6.5667112e+00   7.1712855e+01   1.5719879e-01   3.5137385e+00   6.7141914e+00   1.8973982e+00   3.3047572e-01   1.0484606e+01   1.4321862e+01   1.8600694e+01   2.6530184e+01   1.3155809e+01   5.4140114e+01   3.4713255e+01   2.0720418e-02   6.3567157e+01   3.0482102e-01   9.6797644e+00
   7.8375526e+00   2.1360337e-01   3.1212716e+00   3.9482697e+00   5.7558843e-03   8.7719142e+00   3.0166757e-06   3.3450696e-01   1.2608087e+01   3.7580892e-01   0.0000000e+00   5.4181328e-08   2.4710283e+00   8.7719142e+00   0.0000000e+00   1.2759527e-03   1.3774842e-05   0.0000000e+00   0.0000000e+00   1.2305391e-05   8.3819116e-03   5.3619966e-03   4.9604803e-02   7.3371748e-06   1.2221676e+00   1.8343271e+00   0.0000000e+00   9.0997788e+00   0.0000000e+00   7.0071117e-04
   2.1360346e-03   0.0000000e+00   0.0000000e+00   5.1971256e-08   0.0000000e+00   0.0000000e+00   0.0000000e+00   0.0000000e+00   0.0000000e+00   0.0000000e+00   0.0000000e+00   0.0000000e+00   0.0000000e+00   0.0000000e+00   0.0000000e+00   0.0000000e+00   0.0000000e+00   0.0000000e+00   0.0000000e+00   0.0000000e+00   0.0000000e+00   0.0000000e+00   0.0000000e+00   0.0000000e+00   0.0000000e+00   0.0000000e+00   0.0000000e+00   3.9217835e-01   0.0000000e+00   0.0000000e+00
   0.0000000e+00   0.0000000e+00   0.0000000e+00   0.0000000e+00   0.0000000e+00   0.0000000e+00   0.0000000e+00   0.0000000e+00   0.0000000e+00   0.0000000e+00   0.0000000e+00   0.0000000e+00   0.0000000e+00   0.0000000e+00   0.0000000e+00   0.0000000e+00   0.0000000e+00   0.0000000e+00   0.0000000e+00   0.0000000e+00   0.0000000e+00   0.0000000e+00   0.0000000e+00   0.0000000e+00   0.0000000e+00   0.0000000e+00   0.0000000e+00   0.0000000e+00   0.0000000e+00   0.0000000e+00
   0.0000000e+00   0.0000000e+00   0.0000000e+00   0.0000000e+00   0.0000000e+00   0.0000000e+00   0.0000000e+00   0.0000000e+00   0.0000000e+00   0.0000000e+00   0.0000000e+00   0.0000000e+00   0.0000000e+00   0.0000000e+00   0.0000000e+00   0.0000000e+00   0.0000000e+00   0.0000000e+00   0.0000000e+00   0.0000000e+00   0.0000000e+00   0.0000000e+00   0.0000000e+00   0.0000000e+00   0.0000000e+00   0.0000000e+00   0.0000000e+00   0.0000000e+00   0.0000000e+00   0.0000000e+00
