   1.1324814e+03   1.1330963e+03   1.2258756e+03   9.6759569e+02   1.0354309e+03   1.1082508e+03   1.1200638e+03   1.2162510e+03   1.2427891e+03   1.1755046e+03   1.0881742e+03   1.2622067e+03   1.1028882e+03   1.2450708e+03   1.0213024e+03   9.7347680e+02   1.2355834e+03   1.1084111e+03   1.0099661e+03   1.0803561e+03   1.2371947e+03   1.2711690e+03   1.2338156e+03   1.1854247e+03   9.8260964e+02   1.1863849e+03   1.2006392e+03   1.2743351e+03   1.1682797e+03   1.1168546e+03
   6.9735663e+02   8.9315783e+02   9.4929853e+02   5.6995821e+02   8.3841360e+02   9.1539342e+02   6.6593686e+02   8.3447189e+02   1.0518824e+03   8.5050107e+02   9.1908547e+02   9.6303415e+02   9.3977671e+02   8.1500703e+02   8.1927732e+02   7.9224766e+02   6.7190321e+02   7.5227523e+02   8.4527306e+02   9.2394094e+02   9.3753136e+02   8.7919328e+02   8.7137294e+02   8.4485837e+02   9.3110739e+02   9.2526309e+02   8.3352115e+02   9.5160128e+02   8.9103621e+02   6.1400901e+02
   6.5481621e+02   7.7977919e+02   7.0655683e+02   5.5454050e+02   7.0277074e+02   6.1756749e+02   6.0085159e+02   6.8355955e+02   6.0234138e+02   8.1436078e+02   6.7546624e+02   6.8416116e+02   6.7530784e+02   4.4093756e+02   6.2231866e+02   7.0123500e+02   6.4833444e+02   6.0528402e+02   6.3012511e+02   6.7634007e+02   7.2372865e+02   7.3093064e+02   6.9169727e+02   6.8251225e+02   6.7627225e+02   6.1073029e+02   5.9542855e+02   7.4265332e+02   6.0428354e+02   5.0934984e+02
   5.8056557e+02   6.1867839e+02   4.8215220e+02   5.5454050e+02   4.9167047e+02   5.4897156e+02   5.3859941e+02   5.0257129e+02   5.3900993e+02   5.6721322e+02   5.1761114e+02   5.6444249e+02   5.0390183e+02   4.4093756e+02   6.2231866e+02   5.5085913e+02   5.4520368e+02   5.1877675e+02   5.1284658e+02   5.7722994e+02   5.7946301e+02   4.9395118e+02   5.6301198e+02   5.1991606e+02   5.1386761e+02   6.1073029e+02   5.4622765e+02   4.9047865e+02   5.2091515e+02   5.0395081e+02
   5.1961185e+02   4.7063473e+02   4.5659482e+02   5.2380112e+02   4.7299560e+02   4.5523334e+02   4.5995768e+02   4.2505895e+02   5.3900993e+02   4.5035853e+02   4.9448584e+02   4.6736124e+02   5.0390183e+02   4.4093756e+02   5.6633323e+02   4.9667933e+02   5.0389097e+02   5.1146929e+02   4.8205890e+02   4.7668297e+02   3.8711708e+02   4.8495068e+02   5.2376156e+02   4.7876881e+02   5.0136813e+02   5.1192975e+02   4.5410808e+02   4.6954682e+02   5.1161718e+02   4.6177994e+02
   4.2070767e+02   3.2022570e+02   4.5659482e+02   4.7667601e+02   4.3750212e+02   4.5523334e+02   4.5995768e+02   4.2505895e+02   4.7870349e+02   4.3258753e+02   4.8011582e+02   4.4675343e+02   5.0390183e+02   4.4093756e+02   4.4588553e+02   4.9095263e+02   4.4224824e+02   4.9141139e+02   4.6670640e+02   4.4768884e+02   3.8711708e+02   4.5765896e+02   4.1421123e+02   4.1062240e+02   4.8459359e+02   4.9461743e+02   4.5170161e+02   4.6954682e+02   4.2557648e+02   4.4263435e+02
   4.2070767e+02   3.2022570e+02   3.9278617e+02   3.8252005e+02   4.3750212e+02   4.1142582e+02   4.0192923e+02   3.8557640e+02   4.2372533e+02   4.1186873e+02   4.4861260e+02   4.2241354e+02   4.6963705e+02   4.2828804e+02   4.4588553e+02   4.4493071e+02   4.3043963e+02   4.0371812e+02   4.5299063e+02   4.4768884e+02   3.8711708e+02   4.4298545e+02   3.8595458e+02   3.8364704e+02   4.4738665e+02   4.1795904e+02   4.4060546e+02   4.0703465e+02   3.5730726e+02   4.2342116e+02
   3.8486371e+02   3.2022570e+02   2.9866685e+02   3.1191069e+02   3.4972693e+02   3.1519808e+02   3.4960302e+02   3.3794850e+02   3.5138591e+02   3.3735120e+02   3.4752028e+02   2.9362931e+02   3.3698089e+02   3.5533159e+02   3.5079566e+02   3.3898737e+02   3.3240534e+02   3.2820865e+02   3.6419505e+02   2.4573441e+02   3.1118665e+02   3.3300153e+02   3.4488703e+02   3.4132262e+02   3.6014464e+02   3.5065300e+02   3.3602625e+02   3.4998679e+02   3.4256979e+02   3.6418197e+02
   2.7750603e+02   2.8294305e+02   2.7936775e+02   2.8773920e+02   2.6516245e+02   2.6531798e+02   2.8121179e+02   2.5870247e+02   2.3211518e+02   2.5010426e+02   2.3934376e+02   2.7968645e+02   2.9263891e+02   2.9862418e+02   2.6640882e+02   2.8198808e+02   2.7200354e+02   2.3951611e+02   2.6109541e+02   2.3241420e+02   2.8495711e+02   2.4076924e+02   2.5650518e+02   2.6972053e+02   2.5596906e+02   2.6154082e+02   2.7304680e+02   2.8730007e+02   2.4932794e+02   2.9680893e+02
   2.0869024e+02   2.2659069e+02   1.8361935e+02   2.2804726e+02   1.8600816e+02   2.0143610e+02   2.1770666e+02   2.1048830e+02   2.0712607e+02   2.1595966e+02   2.0319410e+02   1.9223605e+02   2.0079098e+02   2.0009433e+02   2.0825368e+02   2.0877541e+02   1.9033725e+02   2.2106976e+02   2.2051787e+02   2.1624169e+02   2.2326693e+02   2.1743522e+02   1.9565337e+02   2.0964767e+02   1.9118406e+02   2.1205990e+02   2.0071229e+02   1.9987477e+02   2.2558280e+02   2.3294421e+02
   1.4529305e+02   1.4499837e+02   1.4354102e+02   1.5647406e+02   1.3582158e+02   1.3749469e+02   1.4903980e+02   1.5573061e+02   1.3642020e+02   1.5476957e+02   1.5324481e+02   1.4663397e+02   1.3683159e+02   1.5890059e+02   1.3902587e+02   1.2728321e+02   1.4801508e+02   1.5231463e+02   1.4257036e+02   1.5165350e+02   1.5670238e+02   1.2886022e+02   1.3467740e+02   1.3889779e+02   1.4808682e+02   1.3957835e+02   1.4989753e+02   1.4779046e+02   1.4485705e+02   1.5287701e+02
   9.3619251e+01   1.0557898e+02   9.9476090e+01   1.1006508e+02   1.0278313e+02   1.0451194e+02   1.0592256e+02   1.1024884e+02   9.7009038e+01   1.0564484e+02   8.2475300e+01   1.0138056e+02   1.0327778e+02   1.0705132e+02   9.9440818e+01   9.1821563e+01   9.6192612e+01   1.0370885e+02   1.1015061e+02   1.0280989e+02   1.0291501e+02   1.0289458e+02   9.6565876e+01   1.0380590e+02   1.0067276e+02   1.0154616e+02   1.0257261e+02   1.0133500e+02   1.0449861e+02   1.1441238e+02
   7.2215700e+01   6.8305525e+01   6.9157083e+01   7.5109653e+01   6.1682598e+01   7.4622430e+01   7.3651458e+01   7.4776349e+01   6.2089086e+01   6.5106722e+01   7.5146907e+01   7.4700260e+01   6.2685118e+01   7.3948951e+01   7.6897689e+01   7.0269397e+01   7.2815035e+01   6.7932727e+01   6.9436475e+01   7.0941468e+01   7.8363929e+01   7.4868298e+01   6.8120614e+01   7.3419971e+01   7.5954131e+01   6.5293802e+01   7.4914561e+01   6.9008483e+01   7.6760592e+01   7.5516715e+01
   4.7843710e+01   5.1558664e+01   4.8533730e+01   4.6175859e+01   4.8510709e+01   4.7408236e+01   4.8584976e+01   5.0382406e+01   4.8154183e+01   4.7831382e+01   4.8000033e+01   4.7990408e+01   5.1861147e+01   5.0656306e+01   4.8142458e+01   5.1754951e+01   5.1514394e+01   4.8898055e+01   4.7686562e+01   5.2630387e+01   5.0630779e+01   5.0819170e+01   5.1014662e+01   4.6483382e+01   5.1118093e+01   4.5968192e+01   5.1001984e+01   5.3136584e+01   4.6247081e+01   4.7783809e+01
   2.4632406e+01   2.4295189e+01   2.4624948e+01   2.3518609e+01   2.5047571e+01   2.4102073e+01   2.3053980e+01   2.3136863e+01   2.4595185e+01   2.4980615e+01   2.4907317e+01   2.5429466e+01   2.5432726e+01   2.4762386e+01   2.4739039e+01   2.3622804e+01   2.3615351e+01   2.3489483e+01   2.4939107e+01   2.4501627e+01   2.3898744e+01   2.3735549e+01   2.3615111e+01   2.4806239e+01   2.4909521e+01   2.5080914e+01   2.4509943e+01   2.4884995e+01   2.4027442e+01   2.2723986e+01
   2.0161728e+01   2.0161728e+01   2.0161728e+01   2.0161728e+01   2.0161728e+01   2.0161728e+01   2.0161728e+01   2.0161728e+01   2.0161728e+01   2.0161728e+01   2.0161728e+01   2.0161728e+01   2.0161728e+01   2.0161728e+01   2.0161728e+01   2.0161728e+01   2.0161728e+01   2.0161728e+01   2.0161728e+01   2.0161728e+01   2.0161728e+01   2.0161728e+01   2.0161728e+01   2.0161728e+01   2.0161728e+01   2.0161728e+01   2.0161728e+01   2.0161728e+01   2.0161728e+01   2.0161728e+01
