   2.4899626e+06   1.2266660e+06   2.8591452e+05   2.4044147e+05   1.1272010e+06   1.7442096e+06   5.6337092e+05   7.7612500e+05   4.6721171e+05   1.9593294e+06   1.4334667e+06   1.2510709e+06   1.7500903e+06   3.9771770e+05   1.1073496e+06   3.2891377e+06   1.0471111e+06   3.4787925e+06   9.4356260e+05   3.2628050e+06   2.6405837e+06   8.3421675e+05   2.6732977e+06   5.4030254e+05   2.6505328e+06   1.3181349e+06   2.3701409e+06   2.9480283e+05   1.3170672e+06   3.4704834e+06
   2.4899626e+06   1.2266660e+06   2.8591452e+05   2.4044147e+05   6.2998311e+05   1.7442096e+06   5.6337092e+05   7.7586289e+05   4.6721171e+05   1.6445795e+06   1.4255552e+05   7.4701823e+05   1.7500903e+06   3.9771770e+05   1.1073496e+06   2.4848009e+05   1.0471111e+06   2.8768527e+06   9.4356260e+05   1.9835345e+06   1.8255185e+06   6.6866334e+05   1.7649188e+06   5.1166513e+05   5.0355267e+05   6.1958609e+05   2.1261208e+06   2.8263906e+05   7.1708896e+05   2.5678929e+06
   2.0358102e+06   8.3783433e+05   2.8591452e+05   2.4044147e+05   4.9974125e+05   2.0633264e+05   5.6337092e+05   4.7211115e+05   4.6721171e+05   6.1315744e+05   1.4255552e+05   7.4094403e+05   2.9606223e+05   3.5793564e+05   1.0497130e+06   2.2855157e+05   7.8061151e+05   6.4022732e+05   9.4356260e+05   1.9835345e+06   1.2529899e+06   5.7674046e+05   7.6422034e+05   5.1166513e+05   5.0355267e+05   5.8322757e+05   1.4958794e+06   2.0461901e+05   7.1708896e+05   1.2131510e+06
   6.0512204e+05   1.5068328e+05   2.8591452e+05   2.4044147e+05   4.0698047e+05   2.0633264e+05   5.6336997e+05   4.7211115e+05   4.6721171e+05   4.5415260e+05   1.4255552e+05   6.0893442e+05   2.9606223e+05   3.5793564e+05   3.8979691e+05   2.2855157e+05   7.8061151e+05   6.4022732e+05   3.6713877e+05   1.7515286e+06   1.0631397e+06   5.7674046e+05   7.6422034e+05   5.1166513e+05   2.2736301e+05   5.8322757e+05   5.1996175e+05   2.0461901e+05   7.1708896e+05   1.0002131e+06
   5.0949386e+05   1.5068328e+05   2.6256807e+05   2.4044147e+05   4.0698047e+05   2.0633264e+05   5.2085564e+05   4.7211115e+05   4.6721171e+05   4.5415260e+05   1.4218511e+05   6.0893442e+05   2.8685906e+05   3.5793564e+05   3.0939841e+05   2.2855157e+05   7.6575841e+05   6.4022732e+05   2.9377562e+05   8.9528618e+05   2.3270081e+05   5.6315762e+05   6.3608039e+05   5.1166513e+05   2.2736301e+05   3.2347225e+05   2.3941466e+05   2.0461901e+05   6.3890274e+05   3.7126704e+05
   5.0949386e+05   1.5068328e+05   2.6256807e+05   2.4044147e+05   2.8893955e+05   2.0633264e+05   3.2822287e+05   4.0005636e+05   2.3061859e+05   2.4492595e+05   1.1641663e+05   3.6028737e+05   2.8685906e+05   3.5793564e+05   3.0939841e+05   2.2754294e+05   2.9628244e+05   1.9846137e+05   2.9377562e+05   5.9661166e+05   2.3270081e+05   2.2319027e+05   2.5615473e+05   5.1166513e+05   2.2736301e+05   3.2347225e+05   2.3941466e+05   2.0461901e+05   1.5018202e+05   3.7126704e+05
   5.0949386e+05   1.4444357e+05   2.6256807e+05   2.4044147e+05   2.8204855e+05   2.0633264e+05   1.8562787e+05   3.3876393e+05   2.3061859e+05   2.0065111e+05   1.1641663e+05   7.6520020e+04   2.8380639e+05   3.5793564e+05   2.7880227e+05   2.2754294e+05   2.9628244e+05   1.9846137e+05   2.3900601e+05   2.4493379e+05   2.3270081e+05   2.2274447e+05   2.4284229e+05   2.9631676e+05   2.9442155e+04   3.2347225e+05   2.3941466e+05   2.0026130e+05   1.4199102e+05   3.7126704e+05
   1.6548141e+05   5.0624592e+04   1.0827371e+05   1.5716350e+05   1.4037681e+05   6.5304094e+04   1.1438557e+05   1.4068343e+05   1.4609786e+05   1.2469996e+05   7.5054425e+04   6.7459932e+04   3.5174773e+04   1.0766666e+05   1.5633638e+05   3.0688002e+04   2.6248848e+05   1.5042581e+05   1.5064041e+04   2.2694400e+05   2.3270081e+05   1.7076341e+05   8.6875464e+04   2.7364213e+05   1.1143558e+04   2.7924896e+05   1.1797990e+05   9.9126033e+04   1.3562068e+05   1.5750933e+05
   1.7874665e+04   4.0054218e+04   2.9569420e+04   4.6229345e+04   4.8943323e+04   3.6495685e+04   1.9419416e+04   2.8446755e+04   3.8406076e+04   2.0910719e+04   1.6108040e+04   2.4879400e+04   3.4843924e+04   3.7587431e+04   1.5849394e+04   1.1003857e+04   6.5882756e+04   2.8322195e+04   1.4705176e+04   5.4039889e+04   2.9177020e+04   4.2210679e+04   4.5311161e+04   3.0656108e+04   1.1143558e+04   3.1967536e+04   3.0462036e+04   2.6255616e+04   3.3720444e+04   3.0130378e+04
   2.5368106e+03   6.1376082e+03   4.0265428e+03   2.1694762e+03   7.4110633e+03   2.4892698e+03   4.0452508e+03   4.6280314e+03   3.1932506e+03   2.9671390e+03   1.9690074e+03   5.9426074e+03   3.6414039e+03   3.2964954e+03   3.7889810e+03   4.4025008e+03   4.8834889e+03   4.4601386e+03   2.0776469e+03   4.5282842e+03   2.8731325e+03   3.6882023e+03   1.5064134e+03   2.0526953e+03   1.0495568e+03   4.4454813e+03   1.7348737e+03   7.6881701e+03   3.5535458e+03   4.5858217e+03
   3.7387971e+01   7.0312137e+01   5.9036375e+01   6.8982544e+01   5.4864893e+01   8.0434439e+01   4.4178317e+01   6.4313247e+01   6.7550940e+01   8.7007211e+01   6.4650615e+01   7.8661694e+01   5.5327306e+01   6.2165155e+01   3.8991907e+01   9.6647822e+01   4.5803905e+01   3.4119922e+01   6.0368998e+01   1.3356676e+02   9.6312929e+01   6.4591336e+01   2.7231999e+01   7.0713275e+01   5.0814042e+01   4.6821496e+01   6.3682137e+01   5.6893405e+01   5.0441271e+01   4.1686807e+01
   9.5675363e+00   1.1632827e+01   1.2876143e+01   1.1603371e+01   1.3123817e+01   1.0281846e+01   1.1674380e+01   1.2181325e+01   1.1572955e+01   1.1733170e+01   1.2590371e+01   1.1887848e+01   1.2450131e+01   1.2143614e+01   1.1008062e+01   1.0241166e+01   1.1338810e+01   9.8490679e+00   1.1419787e+01   1.3299533e+01   1.0312900e+01   1.1470063e+01   1.1955585e+01   1.1803267e+01   1.2858500e+01   1.0578442e+01   1.1090823e+01   1.0772466e+01   1.1661215e+01   1.1978091e+01
   7.8232145e+00   6.9250901e+00   7.6263835e+00   7.4270789e+00   8.3419546e+00   8.1901141e+00   7.9529520e+00   7.6162202e+00   8.0174715e+00   7.9960698e+00   8.3604776e+00   7.9941713e+00   6.8444585e+00   7.5573785e+00   7.6409633e+00   6.8754023e+00   7.5412811e+00   7.5289701e+00   7.3072619e+00   8.0082115e+00   8.3066518e+00   7.2045026e+00   7.7892566e+00   7.8333062e+00   6.8382321e+00   6.4129556e+00   7.6957649e+00   7.0672000e+00   6.3753337e+00   7.0002918e+00
   5.1131834e+00   4.3559222e+00   4.7465919e+00   4.1543087e+00   4.6866132e+00   5.8216918e+00   4.8144897e+00   5.4631245e+00   5.7750294e+00   6.7576503e+00   5.9088683e+00   5.3210097e+00   5.4370927e+00   5.0726965e+00   5.8204200e+00   5.4289491e+00   5.5017980e+00   5.4798631e+00   4.7443491e+00   5.7712675e+00   5.4838771e+00   5.5173965e+00   6.7045731e+00   5.5850094e+00   5.6603438e+00   5.1939430e+00   5.8678628e+00   6.3911411e+00   5.3002824e+00   4.8609246e+00
   2.7787956e+00   2.9603144e+00   3.0345871e+00   2.9540873e+00   3.1520862e+00   2.8998324e+00   2.7145594e+00   2.5990880e+00   2.8016417e+00   2.7902272e+00   2.5000146e+00   2.1182608e+00   2.2211485e+00   2.8740864e+00   2.4147978e+00   2.7300638e+00   2.0951651e+00   2.5246777e+00   3.0371113e+00   2.4406197e+00   2.8473363e+00   3.0393950e+00   2.2964693e+00   2.6605297e+00   2.3339264e+00   2.5786177e+00   2.8918330e+00   2.5991637e+00   3.0811167e+00   2.5627559e+00
   4.8881466e-01   5.3325050e-01   5.3451493e-01   5.3453954e-01   5.3961639e-01   5.6132173e-01   5.6707212e-01   5.7148278e-01   5.7305420e-01   5.7825146e-01   5.8284046e-01   5.9445663e-01   6.0254102e-01   6.1123481e-01   6.1332520e-01   6.1787378e-01   6.3561502e-01   6.4086001e-01   6.4452705e-01   6.4583414e-01   6.5140203e-01   6.5420515e-01   6.5621506e-01   6.6697260e-01   6.8724705e-01   6.9843984e-01   7.0393425e-01   7.2036631e-01   7.3626428e-01   7.8483324e-01
