   1.0768812e+05   7.9383394e+05   3.3230924e+05   4.9916857e+05   8.3141816e+05   2.7792540e+05   8.6900673e+05   6.0755561e+05   8.5480639e+05   8.2075256e+05   1.4434274e+06   5.1584287e+05   1.2310242e+06   1.0862038e+06   6.3098931e+05   7.5110502e+05   7.5141192e+05   2.6153223e+05   2.6748952e+05   1.1192530e+06   2.9741473e+05   1.0468713e+06   1.6491565e+06   2.1534633e+05   8.4772231e+05   2.7575304e+05   2.9643670e+05   2.0245599e+05   1.0126226e+05   2.7717960e+05
   1.0768812e+05   6.9697460e+05   3.3230924e+05   4.9916857e+05   3.7028626e+05   2.7792540e+05   3.7051214e+05   6.0755561e+05   7.5468262e+04   2.8683311e+05   3.8005515e+05   1.5056987e+05   1.1011009e+06   7.9699038e+05   3.2894423e+05   7.5110502e+05   7.5141192e+05   2.6153223e+05   2.6748952e+05   6.6432638e+05   2.9741473e+05   1.0350275e+06   1.0008511e+05   2.1534633e+05   2.6160700e+05   2.7575304e+05   7.6948841e+04   1.6465565e+05   1.0126226e+05   2.7717960e+05
   1.0768812e+05   6.3728816e+05   3.0451698e+05   3.5912494e+05   3.7028626e+05   1.2707468e+05   3.7051214e+05   3.4712843e+05   7.5468262e+04   3.5757670e+04   2.1105923e+05   7.2926379e+04   3.7813783e+05   6.6366558e+05   3.2894423e+05   4.6642280e+05   2.0317133e+05   1.1227758e+05   2.6748952e+05   6.5553904e+05   2.2306730e+05   5.3473967e+05   1.0008511e+05   2.1534633e+05   2.5569636e+05   2.7516032e+05   7.6948841e+04   1.6465565e+05   1.0126226e+05   2.7717960e+05
   1.0768812e+05   7.2180284e+04   2.1139542e+05   2.2384587e+05   3.7028626e+05   1.2707468e+05   3.7051214e+05   1.8468958e+05   7.5468262e+04   3.5757670e+04   2.1105923e+05   6.9957843e+04   1.9711563e+05   6.6366558e+05   1.8367141e+05   4.6642280e+05   1.4620296e+05   1.1227758e+05   1.5469319e+05   4.8450483e+05   1.2897879e+05   1.4235369e+05   1.0008511e+05   2.1534633e+05   2.5569636e+05   1.9952593e+05   6.5741764e+04   1.6091985e+05   1.0126226e+05   1.8116094e+05
   4.9345838e+03   7.2180284e+04   2.1139542e+05   2.2384587e+05   8.0264254e+04   1.2707468e+05   3.7051214e+05   1.8468958e+05   7.5468262e+04   3.3608510e+04   1.4703518e+05   6.9957843e+04   6.8583241e+04   1.4961622e+05   1.6164872e+05   1.2184578e+05   1.3831158e+05   1.1227758e+05   1.2428099e+05   4.0453608e+05   1.1162827e+05   1.4235369e+05   4.7309719e+04   7.0010513e+04   1.5060092e+05   1.9952593e+05   6.5741764e+04   1.6091985e+05   9.9773164e+04   1.1075136e+05
   4.9345838e+03   5.8529730e+04   2.0829868e+05   2.2384587e+05   8.0264254e+04   1.2707468e+05   1.3325855e+05   8.8881731e+04   7.5468262e+04   3.3608510e+04   1.4678163e+05   6.9957843e+04   4.1822746e+04   8.0369275e+04   1.0328143e+05   4.1698709e+04   1.3831158e+05   1.0030007e+05   4.9265242e+04   1.3221124e+05   1.1162827e+05   1.4235369e+05   4.7309719e+04   5.4750956e+04   9.9454356e+04   9.8044050e+04   6.5741764e+04   8.7174347e+04   9.2531160e+04   1.1075136e+05
   4.9345838e+03   3.4986979e+04   1.6319841e+05   3.6634652e+04   8.0264254e+04   1.2707468e+05   1.3325855e+05   3.3675122e+04   7.5468262e+04   3.3608510e+04   1.4678163e+05   5.9087045e+04   4.1822746e+04   3.6756131e+04   1.0328143e+05   4.1698709e+04   9.9250481e+04   1.0030007e+05   4.6570566e+04   1.3221124e+05   1.1162827e+05   1.2860116e+05   4.7309719e+04   5.4750956e+04   7.5779984e+04   5.8017537e+04   5.2261621e+04   6.2621112e+04   9.2531160e+04   7.7415350e+04
   4.9345838e+03   2.1207188e+04   5.5479542e+04   3.5482934e+04   4.6336027e+04   8.0664898e+04   5.1974214e+04   2.4534530e+04   6.9538070e+04   2.1410353e+04   3.1941999e+04   4.2087905e+04   4.1803427e+04   1.5159262e+04   5.6354450e+04   3.5963733e+04   5.7954253e+04   5.6791084e+04   2.7185936e+04   2.4371839e+04   4.4322365e+04   7.6894234e+04   3.4190383e+04   1.3879334e+04   7.4934468e+04   5.2814149e+04   3.8170315e+04   1.2126557e+04   2.0866053e+04   9.1921276e+03
   4.5148809e+03   1.1744499e+04   7.7986181e+03   1.4803306e+04   2.0502273e+04   1.7031767e+04   1.8355880e+04   1.2610172e+04   1.4925815e+04   2.2451130e+03   7.9045699e+03   2.0966162e+04   2.1635772e+04   8.0384273e+03   1.0666833e+04   2.6804535e+04   1.3812878e+04   1.1841829e+04   7.6382002e+03   3.8489946e+03   8.5142196e+03   1.5638978e+04   6.8807729e+03   9.6011607e+03   1.3447331e+04   7.6032856e+03   1.0487445e+04   4.4871144e+03   1.5303629e+04   3.4559099e+03
   7.7949099e+02   1.1823035e+03   3.2515256e+03   4.3558238e+02   1.7223454e+03   4.8044551e+02   9.4319589e+02   1.7604224e+03   7.0301487e+02   5.7636299e+02   6.1105922e+02   1.7241654e+03   7.6359494e+02   1.5639653e+03   1.7664715e+03   3.9118939e+03   1.2584907e+03   2.4704538e+02   1.0574852e+03   5.0390136e+02   1.0675037e+03   1.8163586e+03   1.1248360e+03   1.3503933e+03   2.2336126e+03   1.3050389e+03   1.6313765e+03   1.5486096e+03   1.5488853e+03   5.6868672e+02
   3.1280124e+01   2.6420787e+01   2.7342195e+01   2.5215036e+01   4.4310543e+01   3.7012097e+01   3.3660654e+01   5.4095917e+01   3.3063802e+01   2.5155117e+01   4.8082771e+01   3.4127735e+01   3.9095408e+01   5.7994998e+01   3.8982623e+01   4.7983947e+01   2.9055145e+01   3.3132881e+01   3.8520345e+01   3.8687554e+01   4.2949082e+01   5.2363652e+01   3.7591888e+01   3.5355211e+01   6.0754761e+01   4.1355660e+01   4.0262169e+01   4.2736565e+01   5.5000031e+01   4.2527651e+01
   9.8860143e+00   9.6459825e+00   1.0299326e+01   1.0168245e+01   9.2973482e+00   1.0631663e+01   1.0565591e+01   7.9424161e+00   9.2748989e+00   1.0806581e+01   1.0417194e+01   1.0251266e+01   1.0642676e+01   1.0674234e+01   1.1166312e+01   1.0159629e+01   8.3936416e+00   8.5111988e+00   1.1086065e+01   1.0235848e+01   1.0004878e+01   8.4985730e+00   1.0839246e+01   1.0110510e+01   9.0909135e+00   1.0293687e+01   1.0273342e+01   1.0897453e+01   9.1023399e+00   9.8129277e+00
   5.9114905e+00   5.4092998e+00   6.0190288e+00   6.5411472e+00   6.7784936e+00   6.5798776e+00   6.5740842e+00   6.3463734e+00   6.1953463e+00   6.6824082e+00   6.8477905e+00   7.2696913e+00   7.0419966e+00   6.2473559e+00   6.9310067e+00   7.0011529e+00   6.9745222e+00   6.3936985e+00   6.6379175e+00   6.5760532e+00   6.5559385e+00   6.5519569e+00   6.2806089e+00   6.1978290e+00   7.5273480e+00   6.5553601e+00   6.5912403e+00   6.9448545e+00   5.5918772e+00   6.7243201e+00
   4.0616860e+00   4.3006408e+00   4.4189369e+00   5.1262674e+00   4.5280681e+00   3.8832846e+00   4.7542018e+00   4.1809839e+00   3.9255235e+00   4.5128508e+00   4.4852418e+00   4.3121475e+00   4.2690094e+00   4.1019342e+00   4.6901405e+00   4.1527204e+00   5.2043020e+00   4.1748756e+00   4.6131476e+00   3.9958625e+00   4.2712017e+00   4.2483768e+00   4.3767136e+00   4.5497760e+00   4.4293347e+00   3.6668742e+00   4.9037773e+00   4.1483490e+00   4.5442179e+00   4.5734169e+00
   2.2549070e+00   2.2203460e+00   2.0575951e+00   2.0606340e+00   2.3759435e+00   2.0040219e+00   2.3442419e+00   2.2272086e+00   1.9382784e+00   1.8320811e+00   2.1722099e+00   2.3480630e+00   2.1089049e+00   2.3461646e+00   1.5911575e+00   2.0309435e+00   2.2771401e+00   2.0105245e+00   2.1113039e+00   1.9674665e+00   2.1023355e+00   2.2785453e+00   2.2791646e+00   1.9191649e+00   2.0218371e+00   1.7027063e+00   2.1005018e+00   2.1382036e+00   2.1014059e+00   1.9513485e+00
   3.3193613e-01   3.5955817e-01   3.6824420e-01   3.7408814e-01   3.9549381e-01   3.9865450e-01   4.0448259e-01   4.0483145e-01   4.2094070e-01   4.2492692e-01   4.2593423e-01   4.2659487e-01   4.3095553e-01   4.4301469e-01   4.5008340e-01   4.5091607e-01   4.5133306e-01   4.5600194e-01   4.6998663e-01   4.7374923e-01   4.7669820e-01   4.8182700e-01   4.8682054e-01   4.9238744e-01   5.0377543e-01   5.1860372e-01   5.2296899e-01   5.2576917e-01   5.3579439e-01   5.6580670e-01
