   1.0674384e+03   1.1329918e+03   1.0732353e+03   1.0325102e+03   1.2650099e+03   1.0865968e+03   1.2924732e+03   1.3065898e+03   1.1193830e+03   1.2762543e+03   1.0394512e+03   9.2838561e+02   7.6298227e+02   1.1932433e+03   1.2519933e+03   1.1266321e+03   1.0861179e+03   1.2405819e+03   1.0895408e+03   7.9227127e+02   1.1399841e+03   1.2688782e+03   1.0074210e+03   1.0713271e+03   9.4510696e+02   1.1111410e+03   1.2125946e+03   9.6984721e+02   1.0678083e+03   1.1210709e+03
   8.5848299e+02   9.7544889e+02   8.8083754e+02   9.3310951e+02   9.1752599e+02   6.2611976e+02   6.2572495e+02   6.5503048e+02   8.3629881e+02   8.2694023e+02   9.8164082e+02   8.5871291e+02   7.3701900e+02   7.0574858e+02   6.9273857e+02   9.4631174e+02   7.6089800e+02   7.6915008e+02   7.3755047e+02   6.6614194e+02   6.8031284e+02   7.2875386e+02   5.8422487e+02   7.7706839e+02   9.1214688e+02   8.1325562e+02   9.7420063e+02   8.1270237e+02   5.1998425e+02   8.7579813e+02
   6.6776135e+02   6.3926403e+02   5.1733314e+02   5.6295773e+02   5.8760078e+02   4.5922859e+02   6.2572495e+02   5.4184946e+02   2.3323431e+02   6.5210984e+02   4.3240589e+02   7.3977456e+02   5.9020861e+02   6.2462107e+02   6.0526505e+02   5.7241939e+02   4.6344878e+02   2.5961414e+02   4.6581400e+02   5.8772404e+02   5.8191997e+02   1.7899962e+02   5.4791254e+02   5.3283432e+02   6.3314684e+02   7.4054802e+02   8.1272030e+02   6.9901833e+02   5.1998425e+02   5.1942608e+02
   4.8334689e+02   2.8221483e+02   4.5463178e+02   4.7713675e+02   4.4469186e+02   3.1817498e+02   3.5280836e+02   5.0393891e+02   2.3179708e+02   4.2948221e+02   2.9142288e+02   4.8116787e+02   4.4944222e+02   3.7449632e+02   2.6244190e+02   4.1252112e+02   4.4815182e+02   2.5961414e+02   2.6168228e+02   5.4377503e+02   4.7569210e+02   1.7899962e+02   3.2934891e+02   2.7812298e+02   3.6076076e+02   4.3720112e+02   4.0207863e+02   4.0597281e+02   3.6478875e+02   4.7613960e+02
   3.6140403e+02   2.8221483e+02   3.2221464e+02   3.6089068e+02   4.4444224e+02   3.1817498e+02   3.4952584e+02   2.5278880e+02   2.3179708e+02   3.5984087e+02   2.9142288e+02   3.6322310e+02   3.3803888e+02   1.6385157e+02   2.6244190e+02   2.8252933e+02   2.9055186e+02   2.5592691e+02   2.6168228e+02   2.9616544e+02   2.6827363e+02   1.7899962e+02   3.1752562e+02   2.7812298e+02   3.4888339e+02   4.1190628e+02   3.2584229e+02   3.1346253e+02   3.6389434e+02   3.3778848e+02
   2.9178903e+02   2.8221483e+02   2.7352178e+02   3.0876160e+02   2.1076555e+02   2.5703201e+02   2.7335973e+02   2.4383493e+02   2.3179708e+02   2.7262145e+02   2.6963748e+02   2.9028491e+02   3.3410072e+02   1.6385157e+02   2.5926382e+02   2.8252933e+02   2.9055186e+02   2.4538377e+02   2.3046914e+02   1.7719250e+02   2.6827363e+02   1.7899962e+02   2.5019280e+02   2.5474040e+02   2.6633386e+02   2.9434880e+02   3.1324625e+02   2.8421415e+02   2.6909059e+02   2.8840764e+02
   1.9146508e+02   2.4479612e+02   2.2241181e+02   2.1945423e+02   1.9860892e+02   2.5703201e+02   2.5106037e+02   2.1685408e+02   2.3179708e+02   2.4855122e+02   2.6963748e+02   2.0537333e+02   2.6173647e+02   1.6385157e+02   2.3328071e+02   2.6231319e+02   2.4369933e+02   2.2931446e+02   2.1573048e+02   1.7405838e+02   2.4307116e+02   1.7899962e+02   2.4133988e+02   1.9995143e+02   2.4269871e+02   2.5258902e+02   2.1576645e+02   1.9531512e+02   2.6772507e+02   2.2736850e+02
   1.2198455e+02   1.5660143e+02   6.9110622e+01   1.4959670e+02   1.6505446e+02   1.7705695e+02   1.6514623e+02   1.4256661e+02   1.2444506e+02   1.2565918e+02   1.6017612e+02   1.0830698e+02   1.2260906e+02   1.3478876e+02   1.5045573e+02   1.3700418e+02   1.5171591e+02   1.3395158e+02   1.3527372e+02   1.1138415e+02   1.0011780e+02   9.4233224e+01   1.5704792e+02   1.3486435e+02   1.5442600e+02   1.1239526e+02   1.7040554e+02   1.1286034e+02   1.6482841e+02   4.7922662e+01
   5.5129846e+01   7.3840144e+01   2.5572660e+01   3.2644941e+01   4.8973025e+01   6.4872684e+01   6.3835334e+01   5.7203279e+01   5.0130127e+01   3.3715616e+01   5.6803456e+01   5.2862153e+01   4.6103043e+01   5.3767736e+01   5.2545435e+01   4.5963459e+01   5.1772690e+01   1.6679175e+01   1.7863049e+01   5.3077304e+01   6.9436532e+01   5.6254153e+01   3.2565691e+01   5.5375218e+01   5.2998981e+01   5.2763063e+01   3.4551477e+01   5.6168297e+01   4.9471381e+01   3.7019954e+01
   1.2141403e+00   3.1548997e+00   2.0081738e+00   1.4018211e-01   1.4478055e+00   3.4045789e+00   1.0561823e+00   4.3921607e+00   2.5054023e+00   3.9856776e+00   1.2088131e+00   2.5065677e+00   1.9335291e+00   1.2465457e+00   4.3804493e+00   2.4204504e+00   1.5783823e+00   3.0732014e+00   4.8980622e+00   1.7446910e+00   9.5884852e-01   3.6420474e+00   1.5327191e+00   1.1752721e+00   4.0485515e+00   2.2360134e+00   1.2580554e+00   5.9125831e+00   3.8901498e+00   9.2299439e-01
   3.3901779e-04   3.6061155e-04   4.0489210e-04   5.1673003e-04   3.3629685e-04   5.0431413e-04   4.7259290e-04   7.2381892e-04   6.6945199e-04   2.5329265e-04   1.4404332e-04   4.2012946e-04   4.1152805e-04   5.0823155e-04   2.7307537e-04   5.5527484e-04   5.4483928e-04   4.5778549e-04   5.6730063e-04   6.4519116e-04   3.3893438e-04   3.6714817e-04   3.3859595e-04   8.9809524e-04   4.5460754e-04   3.7165558e-04   5.5003121e-04   6.6454989e-04   9.6702362e-04   4.0882834e-04
   0.0000000e+00   0.0000000e+00   0.0000000e+00   0.0000000e+00   0.0000000e+00   0.0000000e+00   0.0000000e+00   0.0000000e+00   0.0000000e+00   0.0000000e+00   0.0000000e+00   0.0000000e+00   0.0000000e+00   0.0000000e+00   0.0000000e+00   0.0000000e+00   0.0000000e+00   0.0000000e+00   0.0000000e+00   0.0000000e+00   0.0000000e+00   0.0000000e+00   0.0000000e+00   0.0000000e+00   0.0000000e+00   0.0000000e+00   0.0000000e+00   0.0000000e+00   0.0000000e+00   0.0000000e+00
   0.0000000e+00   0.0000000e+00   0.0000000e+00   0.0000000e+00   0.0000000e+00   0.0000000e+00   0.0000000e+00   0.0000000e+00   0.0000000e+00   0.0000000e+00   0.0000000e+00   0.0000000e+00   0.0000000e+00   0.0000000e+00   0.0000000e+00   0.0000000e+00   0.0000000e+00   0.0000000e+00   0.0000000e+00   0.0000000e+00   0.0000000e+00   0.0000000e+00   0.0000000e+00   0.0000000e+00   0.0000000e+00   0.0000000e+00   0.0000000e+00   0.0000000e+00   0.0000000e+00   0.0000000e+00
   0.0000000e+00   0.0000000e+00   0.0000000e+00   0.0000000e+00   0.0000000e+00   0.0000000e+00   0.0000000e+00   0.0000000e+00   0.0000000e+00   0.0000000e+00   0.0000000e+00   0.0000000e+00   0.0000000e+00   0.0000000e+00   0.0000000e+00   0.0000000e+00   0.0000000e+00   0.0000000e+00   0.0000000e+00   0.0000000e+00   0.0000000e+00   0.0000000e+00   0.0000000e+00   0.0000000e+00   0.0000000e+00   0.0000000e+00   0.0000000e+00   0.0000000e+00   0.0000000e+00   0.0000000e+00
   0.0000000e+00   0.0000000e+00   0.0000000e+00   0.0000000e+00   0.0000000e+00   0.0000000e+00   0.0000000e+00   0.0000000e+00   0.0000000e+00   0.0000000e+00   0.0000000e+00   0.0000000e+00   0.0000000e+00   0.0000000e+00   0.0000000e+00   0.0000000e+00   0.0000000e+00   0.0000000e+00   0.0000000e+00   0.0000000e+00   0.0000000e+00   0.0000000e+00   0.0000000e+00   0.0000000e+00   0.0000000e+00   0.0000000e+00   0.0000000e+00   0.0000000e+00   0.0000000e+00   0.0000000e+00
   0.0000000e+00   0.0000000e+00   0.0000000e+00   0.0000000e+00   0.0000000e+00   0.0000000e+00   0.0000000e+00   0.0000000e+00   0.0000000e+00   0.0000000e+00   0.0000000e+00   0.0000000e+00   0.0000000e+00   0.0000000e+00   0.0000000e+00   0.0000000e+00   0.0000000e+00   0.0000000e+00   0.0000000e+00   0.0000000e+00   0.0000000e+00   0.0000000e+00   0.0000000e+00   0.0000000e+00   0.0000000e+00   0.0000000e+00   0.0000000e+00   0.0000000e+00   0.0000000e+00   0.0000000e+00
