   1.8171603e+07   2.6418874e+07   2.4543415e+07   1.5585042e+07   1.7100297e+07   3.1824313e+07   1.3495689e+07   3.9301431e+06   3.6696827e+07   5.2496868e+07   2.2678926e+07   3.2960389e+07   9.4682039e+06   7.6295021e+06   1.5038274e+07   2.5642273e+07   3.5351041e+07   2.6500505e+07   2.5414391e+07   1.1890546e+07   3.1435425e+07   4.2322649e+07   2.9681943e+07   2.2605944e+07   3.1107010e+07   1.1436431e+07   3.9472289e+07   1.8463638e+07   2.5005679e+07   2.2446415e+07
   1.8171603e+07   2.6418874e+07   4.4793908e+06   1.5585042e+07   1.7100297e+07   7.6893443e+06   1.2815820e+07   3.9301431e+06   9.6197491e+06   1.5079045e+07   1.5843056e+07   2.1005760e+07   9.4682039e+06   5.7858557e+06   1.5038274e+07   1.4046627e+07   9.2178936e+06   1.3299027e+07   1.6177045e+07   1.1890546e+07   3.1435425e+07   1.2092928e+07   1.0702412e+07   1.2265138e+07   3.1107010e+07   1.1436431e+07   1.6122940e+07   1.8463638e+07   1.4536204e+07   2.2445965e+07
   1.8171450e+07   2.3451621e+07   4.4793908e+06   1.5584386e+07   1.7100297e+07   6.0528394e+06   5.9832126e+06   3.9301431e+06   2.5712631e+06   6.6371565e+06   1.5843056e+07   1.0081652e+07   6.1185186e+06   3.5763046e+06   7.8064774e+06   1.4046627e+07   7.5418050e+06   6.6808815e+06   1.6177045e+07   1.0085992e+07   1.1881880e+07   7.2599191e+06   4.1828674e+06   6.6254026e+06   2.6856563e+07   1.1436431e+07   9.8284233e+06   1.8463638e+07   1.3718870e+07   1.9439948e+07
   1.5177630e+07   2.5016048e+06   4.4793908e+06   7.3500221e+06   7.7052539e+06   5.1288263e+06   5.9832126e+06   3.9301431e+06   2.5712631e+06   6.6371565e+06   1.5788305e+07   1.0081652e+07   6.1185186e+06   3.5763046e+06   7.8064774e+06   1.4046627e+07   6.1791795e+06   6.6808815e+06   1.6177045e+07   4.6509011e+06   1.0446754e+07   2.8926900e+06   4.1828674e+06   6.0814064e+06   1.2851981e+07   6.8920179e+06   9.8284233e+06   1.5314049e+07   1.3718870e+07   1.2430508e+06
   1.1283765e+07   2.0335081e+06   4.4793908e+06   3.8003636e+06   2.6250356e+06   5.1288263e+06   4.0299905e+05   3.4620019e+06   2.5712631e+06   6.6371565e+06   9.3948204e+06   2.7804031e+06   6.1185152e+06   3.5762647e+06   7.8064774e+06   3.5407459e+06   5.7229041e+06   6.6808815e+06   9.0316451e+06   2.5440823e+06   7.7781274e+06   2.4549996e+06   4.1828674e+06   3.1866372e+06   7.1969637e+06   2.4246498e+06   8.8401387e+06   1.4864032e+07   7.2955161e+06   1.2430508e+06
   1.9093634e+06   7.1639574e+05   2.3788624e+06   3.3397464e+06   5.2732269e+05   3.6126399e+06   4.0299905e+05   3.4620019e+06   2.5712631e+06   5.3382346e+06   7.5626352e+06   1.1996464e+06   6.1185152e+06   3.5762647e+06   1.0953658e+06   3.5407459e+06   5.7229041e+06   4.1999222e+06   8.5341645e+06   2.4238425e+06   3.2398940e+06   2.4546530e+06   1.0777100e+06   3.1866372e+06   7.1969637e+06   2.4245127e+06   1.6894043e+06   3.6146963e+06   4.7358215e+06   1.2430508e+06
   1.9093634e+06   7.1639574e+05   8.4188720e+05   3.3397464e+06   4.1137617e+05   1.5210357e+06   4.0299905e+05   3.4620019e+06   2.5712631e+06   5.3369349e+06   3.5906341e+06   1.1988885e+06   6.1173552e+06   2.0294967e+06   1.0953658e+06   3.5407459e+06   5.0025020e+06   4.1998992e+06   7.7274009e+06   2.4238425e+06   3.2398940e+06   2.4541034e+06   1.0777100e+06   3.1866372e+06   3.8860466e+06   2.4245127e+06   1.6894043e+06   3.6146963e+06   4.7358215e+06   1.2430508e+06
   1.9053946e+06   7.1639574e+05   8.4188720e+05   6.6911467e+05   4.1117894e+05   1.2571547e+06   4.0299905e+05   1.1344161e+06   2.5712579e+06   1.3172251e+06   9.6273507e+05   1.1988885e+06   1.8282782e+06   1.4244192e+06   1.0953658e+06   8.0336159e+05   9.5160167e+05   8.7140513e+05   2.4061402e+06   1.4525051e+06   1.2712713e+06   6.1205721e+05   3.2556077e+05   1.0846959e+06   2.8686434e+06   2.0910091e+05   1.1955452e+06   1.3882268e+06   1.9787873e+06   1.2430508e+06
   3.9307976e+05   6.4323742e+05   4.0345246e+05   4.2388030e+05   4.1117894e+05   4.3815339e+05   2.6414240e+05   4.5518152e+04   1.1020925e+06   2.3810542e+05   3.4410360e+05   1.6824205e+05   7.7429011e+05   5.6069769e+05   4.3596507e+04   4.3673561e+05   4.3136649e+05   4.8052754e+05   1.2192050e+06   5.2144944e+05   6.1101384e+05   6.1205721e+05   3.2556077e+05   6.4551802e+05   2.6342918e+05   1.1278950e+05   5.0192307e+05   7.4878026e+05   2.3522337e+05   4.3079071e+05
   9.2812251e+04   1.6063363e+05   1.3146239e+05   1.2227152e+05   2.2595653e+05   1.5109421e+05   2.0164504e+05   4.5480154e+04   2.2465521e+05   1.6970809e+05   4.8097417e+03   1.6824205e+05   2.6430183e+04   2.0305423e+05   4.3596507e+04   1.2620016e+05   1.8904983e+05   1.9433441e+05   1.3678293e+05   2.0780736e+05   1.5257605e+05   2.8167420e+05   1.7315006e+05   8.0650951e+04   1.0255009e+05   1.1222598e+05   3.5291172e+05   8.1971372e+04   5.0107906e+04   1.1929567e+05
   2.5550655e+04   1.8744781e+04   5.0101875e+04   4.5997553e+04   6.9440483e+04   2.6327275e+04   9.5823331e+04   3.7450447e+04   3.8899845e+04   2.5684355e+04   3.0463497e+03   1.8151886e+04   2.4619115e+04   3.7555273e+04   4.3596507e+04   6.5445293e+04   1.1065777e+05   6.8527011e+04   1.3673230e+05   3.3864781e+04   1.3624662e+05   1.4942331e+05   1.9846519e+04   3.9696155e+04   6.4917143e+04   1.0967988e+04   4.1720666e+04   4.5753184e+04   4.9011968e+04   4.5055628e+04
   2.0799926e+04   1.8502686e+04   3.7546951e+04   3.6664876e+04   1.2828963e+04   2.5858263e+04   1.5119396e+04   1.9282839e+04   3.5768997e+04   2.1268921e+04   2.6954265e+03   1.7488905e+04   2.1421484e+04   3.6553076e+04   4.1575863e+04   2.8750740e+04   2.9319874e+04   9.5980067e+03   4.0790773e+04   2.5262764e+04   7.1125064e+03   1.6909152e+04   1.8708677e+04   2.8150616e+04   5.7644872e+03   1.0967988e+04   3.2379591e+04   3.3462873e+03   1.3824201e+04   2.4144900e+03
   1.8728647e+04   8.3879683e+03   2.1790006e+04   1.9425802e+04   1.2784893e+04   8.3879418e+03   3.4671080e+03   5.5281027e+03   5.2747537e+03   1.0140777e+04   2.2871340e+03   8.3476544e+03   1.4617406e+04   1.6241280e+03   1.8397266e+04   1.7079704e+04   8.3744245e+03   8.0557035e+01   2.0063690e+03   1.8026439e+04   3.9200604e+03   1.4610883e+04   1.4000014e+04   1.0089712e+04   5.5469476e+03   6.5090857e+03   4.5855238e+03   3.3378697e+03   1.2229300e+03   1.7197518e+03
   1.0567744e-02   7.0898879e-01   3.2804213e-04   2.2740751e+00   2.2880371e-04   8.0144336e+00   2.3829699e-01   1.2359768e-04   8.2326680e+00   7.7017299e-01   7.5464450e-06   6.3969006e+02   1.1108771e+00   8.9309905e+00   2.4950010e+01   6.6475755e+01   1.1547081e-02   1.0157847e-01   2.3831119e+01   1.2358281e-03   3.3772240e+00   6.1495595e-01   2.9876670e-01   4.4653697e-03   3.7881832e-01   3.3701257e+00   1.9693435e-07   3.5501686e-01   2.3823982e-02   9.3753766e+00
   0.0000000e+00   0.0000000e+00   0.0000000e+00   0.0000000e+00   0.0000000e+00   0.0000000e+00   0.0000000e+00   0.0000000e+00   0.0000000e+00   0.0000000e+00   0.0000000e+00   0.0000000e+00   0.0000000e+00   0.0000000e+00   0.0000000e+00   0.0000000e+00   0.0000000e+00   0.0000000e+00   0.0000000e+00   0.0000000e+00   0.0000000e+00   0.0000000e+00   0.0000000e+00   0.0000000e+00   0.0000000e+00   0.0000000e+00   0.0000000e+00   0.0000000e+00   0.0000000e+00   0.0000000e+00
   0.0000000e+00   0.0000000e+00   0.0000000e+00   0.0000000e+00   0.0000000e+00   0.0000000e+00   0.0000000e+00   0.0000000e+00   0.0000000e+00   0.0000000e+00   0.0000000e+00   0.0000000e+00   0.0000000e+00   0.0000000e+00   0.0000000e+00   0.0000000e+00   0.0000000e+00   0.0000000e+00   0.0000000e+00   0.0000000e+00   0.0000000e+00   0.0000000e+00   0.0000000e+00   0.0000000e+00   0.0000000e+00   0.0000000e+00   0.0000000e+00   0.0000000e+00   0.0000000e+00   0.0000000e+00
