   1.1252140e+03   9.4356353e+02   1.0340412e+03   9.5999603e+02   1.0663057e+03   1.1386074e+03   9.1625941e+02   1.0191669e+03   9.8606186e+02   1.0524170e+03   8.9772736e+02   1.0908733e+03   1.0239733e+03   1.1090635e+03   1.0142782e+03   1.0113566e+03   1.0855435e+03   1.0042298e+03   1.1305585e+03   9.8826540e+02   1.0253695e+03   1.0802361e+03   9.0284933e+02   1.1173668e+03   1.0541764e+03   1.0291066e+03   1.0062343e+03   1.0669691e+03   1.0057287e+03   7.8440152e+02
   1.0507091e+03   9.2578731e+02   1.0340412e+03   9.5999603e+02   9.7257107e+02   1.0649763e+03   9.1625941e+02   1.0167893e+03   9.8606186e+02   1.0524170e+03   8.9772736e+02   1.0908733e+03   1.0239733e+03   1.0924984e+03   1.0142782e+03   1.0113566e+03   1.0855435e+03   9.9642136e+02   1.1305585e+03   9.8826540e+02   9.9985632e+02   1.0765435e+03   9.0284933e+02   1.1014642e+03   1.0320708e+03   1.0291066e+03   1.0062343e+03   1.0593056e+03   1.0057287e+03   7.8440152e+02
   1.0507091e+03   9.2578731e+02   1.0340412e+03   9.3078416e+02   9.3457090e+02   1.0649763e+03   9.1451409e+02   1.0167893e+03   9.8606186e+02   1.0524170e+03   8.9772736e+02   1.0908733e+03   8.5283303e+02   1.0924984e+03   1.0142782e+03   1.0113566e+03   1.0855435e+03   9.0132183e+02   1.0057186e+03   9.4371819e+02   9.9985632e+02   1.0346105e+03   9.0284933e+02   1.0469349e+03   1.0320708e+03   1.0291066e+03   9.4206789e+02   1.0234364e+03   1.0057287e+03   7.8440152e+02
   1.0507091e+03   9.2578731e+02   9.8299048e+02   9.3078416e+02   9.3457090e+02   1.0649763e+03   9.0464631e+02   1.0167893e+03   9.8606186e+02   1.0068593e+03   8.9772736e+02   1.0908733e+03   8.5283303e+02   1.0769386e+03   9.7928713e+02   1.0113566e+03   1.0006331e+03   9.0132183e+02   1.0057186e+03   9.4371819e+02   9.9985632e+02   1.0232633e+03   9.0284933e+02   1.0469349e+03   1.0320708e+03   1.0184574e+03   9.4206789e+02   1.0234364e+03   9.9782977e+02   7.8440152e+02
   1.0056697e+03   8.9591847e+02   8.8449086e+02   9.3078416e+02   9.3457090e+02   1.0649763e+03   9.0464631e+02   9.8817619e+02   9.8606186e+02   1.0068593e+03   8.9772736e+02   1.0908733e+03   8.5283303e+02   1.0418130e+03   9.7928713e+02   1.0113566e+03   9.9485243e+02   8.6377728e+02   9.7608826e+02   9.4371819e+02   9.9388676e+02   1.0232633e+03   9.0284933e+02   1.0469349e+03   1.0320708e+03   1.0165159e+03   8.9003659e+02   1.0234364e+03   9.4286760e+02   7.8440152e+02
   1.0056697e+03   8.7556545e+02   8.8449086e+02   9.3078416e+02   9.3457090e+02   1.0537294e+03   8.8098397e+02   9.8817619e+02   9.3594955e+02   1.0068593e+03   8.7468828e+02   1.0509378e+03   8.5283303e+02   1.0310807e+03   9.7928713e+02   1.0113566e+03   9.9485243e+02   8.6377728e+02   9.1415660e+02   9.4371819e+02   9.8324978e+02   1.0205386e+03   9.0284933e+02   9.8654508e+02   1.0320708e+03   1.0165159e+03   8.9003659e+02   8.3891047e+02   9.3564399e+02   7.5601452e+02
   9.2586509e+02   8.7556545e+02   8.8449086e+02   9.3078416e+02   9.3457090e+02   9.9126923e+02   8.8098397e+02   8.6895392e+02   9.3177370e+02   9.7084554e+02   8.5342858e+02   1.0214685e+03   8.5283303e+02   1.0298239e+03   9.7928713e+02   9.6332747e+02   9.9485243e+02   8.6377728e+02   8.7638145e+02   9.4371819e+02   9.8324978e+02   9.9821234e+02   9.0284933e+02   7.8378676e+02   1.0320708e+03   1.0165159e+03   8.9003659e+02   8.3891047e+02   7.1902656e+02   7.5601452e+02
   7.9669645e+02   8.6315219e+02   8.7268983e+02   8.5658387e+02   8.5557863e+02   8.5795341e+02   8.1637544e+02   8.1068870e+02   8.5649803e+02   9.1008870e+02   8.5022719e+02   8.2839525e+02   8.0531829e+02   9.4970336e+02   9.2266991e+02   8.5678167e+02   9.2146272e+02   8.2500842e+02   8.6251277e+02   9.2522622e+02   8.0772629e+02   9.2702505e+02   7.6958360e+02   7.6905887e+02   8.7950202e+02   8.9207994e+02   8.3519113e+02   8.3891047e+02   7.0747042e+02   7.4133637e+02
   6.4127784e+02   7.3994028e+02   6.7314265e+02   8.1539529e+02   7.6907798e+02   6.8943158e+02   7.5598412e+02   7.3663090e+02   7.0068282e+02   7.6484379e+02   7.2109151e+02   7.6463942e+02   6.7663008e+02   8.0292829e+02   7.2430750e+02   7.4912086e+02   7.3966842e+02   7.2991906e+02   7.5043266e+02   6.7498503e+02   7.7493186e+02   7.8235534e+02   7.5636165e+02   7.4209296e+02   7.4927477e+02   6.2633780e+02   7.5615819e+02   7.0020956e+02   6.8652323e+02   6.4525985e+02
   6.0987141e+02   5.9932622e+02   5.8874259e+02   6.1246347e+02   5.9803180e+02   5.7014934e+02   5.9751834e+02   5.8166830e+02   5.6738524e+02   6.0123867e+02   6.1028954e+02   6.0253191e+02   5.8746015e+02   6.2775672e+02   5.8898680e+02   5.9828997e+02   5.9452407e+02   5.9505583e+02   5.9635230e+02   5.9241621e+02   6.1885583e+02   6.0021969e+02   6.1928964e+02   6.2955820e+02   6.0599041e+02   5.7486452e+02   6.2017744e+02   6.1087664e+02   5.9903791e+02   5.8291930e+02
   5.1518852e+02   5.1697280e+02   5.1986208e+02   5.2127210e+02   4.9815180e+02   5.2147116e+02   5.0763324e+02   4.2141645e+02   5.1148393e+02   5.0296491e+02   5.0941389e+02   4.9468360e+02   4.8733926e+02   5.1958444e+02   4.9595108e+02   4.9889660e+02   5.1527666e+02   5.1041988e+02   5.1173414e+02   5.1660242e+02   5.1540591e+02   5.0510065e+02   5.0911797e+02   5.0360781e+02   5.0319609e+02   4.9275395e+02   5.0875789e+02   4.8510091e+02   5.1766259e+02   5.2506435e+02
   3.9639837e+02   4.6462531e+02   4.4220055e+02   4.3447962e+02   4.2165334e+02   3.9164391e+02   3.9524743e+02   3.1794935e+02   3.8606370e+02   4.6342379e+02   4.5991090e+02   4.5873862e+02   4.6744710e+02   4.5674701e+02   4.5857944e+02   4.6501545e+02   4.6713222e+02   4.6099338e+02   4.7012726e+02   4.6879178e+02   4.6662590e+02   4.6917422e+02   4.6942224e+02   4.4642971e+02   4.5528671e+02   4.5680222e+02   4.7017310e+02   4.6082317e+02   4.6480783e+02   4.5884020e+02
   3.2676631e+02   3.4304838e+02   3.4833944e+02   3.7731394e+02   3.6555413e+02   3.5017733e+02   2.9159458e+02   2.6738438e+02   2.7852681e+02   4.3570387e+02   4.3631349e+02   4.4428861e+02   4.3859383e+02   4.3650226e+02   4.4467229e+02   4.4258243e+02   4.3746619e+02   4.3687193e+02   4.3876746e+02   4.3617934e+02   4.3760138e+02   4.3462670e+02   4.3903578e+02   4.3589124e+02   4.3948698e+02   4.3334068e+02   4.3647900e+02   4.4257590e+02   4.4049314e+02   4.3886192e+02
   2.4576718e+02   2.3243972e+02   2.7002343e+02   2.6451801e+02   2.0998520e+02   2.4488199e+02   2.5515880e+02   1.9669592e+02   2.4116323e+02   4.1672333e+02   4.1785738e+02   4.1839220e+02   4.2099406e+02   4.1882260e+02   4.2063363e+02   4.1964777e+02   4.1443694e+02   4.1561718e+02   4.1487491e+02   4.1816618e+02   4.1509659e+02   4.1650263e+02   4.1772632e+02   4.1341921e+02   4.1974892e+02   4.2045847e+02   4.1845742e+02   4.1975185e+02   4.2130101e+02   4.1763478e+02
   1.7022984e+02   1.7651907e+02   1.6283660e+02   1.6532446e+02   1.6260754e+02   1.5394235e+02   1.6323708e+02   1.6050058e+02   1.3842962e+02   3.8993756e+02   3.7642026e+02   3.7137869e+02   3.7775899e+02   3.2778357e+02   3.8531116e+02   3.3828334e+02   3.9096762e+02   3.7481019e+02   3.7542158e+02   3.8272316e+02   3.8759048e+02   3.2080002e+02   3.7355095e+02   3.1531562e+02   3.5467346e+02   3.8652307e+02   3.9269121e+02   3.9373501e+02   3.5500923e+02   3.7468298e+02
   1.0000000e+02   1.0000000e+02   1.0000000e+02   1.0000000e+02   1.0000000e+02   1.0000000e+02   1.0000000e+02   1.0000000e+02   1.0000000e+02   3.0000000e+02   3.0000000e+02   3.0000000e+02   3.0000000e+02   3.0000000e+02   3.0000000e+02   3.0000000e+02   3.0000000e+02   3.0000000e+02   3.0000000e+02   3.0000000e+02   3.0000000e+02   3.0000000e+02   3.0000000e+02   3.0000000e+02   3.0000000e+02   3.0000000e+02   3.0000000e+02   3.0000000e+02   3.0000000e+02   3.0000000e+02
