   3.2240773e+04   1.7302781e+05   8.0752086e+04   7.9832943e+04   3.2227901e+04   6.2225753e+04   1.6941096e+04   1.2569782e+05   1.3919051e+05   4.6738055e+04   1.9248993e+04   9.4144878e+03   2.8359484e+04   3.1486868e+04   2.2636707e+04   1.9629068e+03   6.6464442e+03   9.7994364e+04   5.7196824e+03   1.7475122e+04   1.7470977e+04   3.8942327e+04   9.1658211e+04   6.6920228e+04   7.0558585e+03   4.9351690e+02   1.3059358e+05   7.3673016e+03   1.2864791e+04   1.9813731e+04
   1.0681433e+03   3.6346298e+04   1.4868130e+04   1.4327422e+04   2.0504557e+04   6.2225753e+04   1.6941096e+04   1.0857212e+04   6.4981623e+04   4.6738055e+04   9.0964821e+03   9.4144878e+03   2.8359484e+04   1.0538941e+04   9.4955341e+03   1.9629068e+03   5.3233770e+03   5.7881938e+04   5.7196824e+03   1.7475122e+04   1.7470977e+04   3.8942327e+04   4.6596846e+04   6.0402115e+04   7.0558585e+03   4.9351690e+02   1.2455247e+05   3.1502611e+03   1.2864791e+04   1.9813731e+04
   1.0681433e+03   6.5623796e+03   1.2587686e+04   1.4327422e+04   9.9653000e+03   1.5228494e+04   1.6941096e+04   4.4130872e+03   4.4552464e+04   1.1667099e+04   9.0964821e+03   7.0956153e+03   1.2748954e+04   1.0538941e+04   9.4955341e+03   1.9629068e+03   5.3233770e+03   4.1328588e+03   5.4318357e+03   5.7869456e+03   1.5861328e+04   7.0800047e+03   4.6596846e+04   1.3579733e+04   7.0550862e+03   4.9351690e+02   8.3976466e+04   1.9860879e+03   1.2034564e+04   1.9813731e+04
   1.0681433e+03   5.4943516e+02   4.5403910e+03   1.1449484e+04   9.9218791e+03   1.4035867e+04   1.6941096e+04   4.4130872e+03   1.2913492e+04   4.3993124e+03   9.0964821e+03   6.8827371e+03   1.1461938e+04   8.5188980e+03   5.5098170e+03   1.9629068e+03   5.3233770e+03   4.1328588e+03   5.2621720e+03   4.0254226e+03   4.8587098e+03   7.0800047e+03   4.6596846e+04   5.0053375e+03   5.9686314e+03   4.9351690e+02   1.1196733e+04   1.9860879e+03   1.1028756e+04   1.9813731e+04
   1.0681433e+03   5.4943516e+02   1.9930234e+03   2.3286321e+03   3.4712069e+03   9.3066737e+02   8.7691598e+03   1.9131591e+03   1.6957078e+03   4.2915997e+03   1.8249216e+03   4.1933303e+03   1.5555342e+03   4.9172090e+03   4.1522157e+03   2.2661361e+02   3.3902888e+03   1.3123582e+03   1.3845331e+03   8.1519817e+01   1.8843867e+03   5.0339311e+03   1.9391994e+03   1.9910816e+03   2.3361281e+03   4.9351690e+02   2.1411148e+03   1.9860879e+03   1.5980621e+02   4.4439005e+03
   9.6399547e+02   5.4703731e+02   1.0223040e+03   5.4261712e+02   2.6669043e+03   1.4289924e+02   5.7964990e+03   1.6605250e+02   1.6957078e+03   2.5174803e+02   4.2803993e+02   1.2980099e+03   9.0017430e+02   5.2066841e+02   5.2258774e+02   2.2661361e+02   4.8901466e+02   5.4439788e+02   4.1839180e+02   7.4541945e+01   7.9808328e+02   1.6239454e+03   1.4654770e+03   8.2654913e+02   1.2270174e+03   4.8973953e+02   8.4813128e+02   1.0932596e+03   1.5813391e+02   1.0294817e+02
   1.7962846e+02   2.4475706e+01   3.2496471e+02   6.7963265e+01   2.6054337e+02   8.6892218e+01   2.3437321e+02   1.6605250e+02   2.0624099e+02   1.3579886e+02   1.3793240e+02   6.5271164e+02   3.4040033e+02   4.3749858e+02   1.5509317e+02   6.6826466e+01   3.1458928e+02   3.2605534e+02   3.0454437e+02   7.4541945e+01   1.4790205e+02   1.6776065e+01   1.2788136e+02   1.9807415e+02   5.7122927e+01   1.7886922e+02   2.1705673e+02   1.9174683e+02   1.4612258e+02   1.0294817e+02
   1.9667714e+01   2.1070723e+01   2.4252929e+01   3.5049731e+01   2.8396415e+01   2.0540174e+01   3.7762660e+01   3.3256294e+01   4.8670382e+01   1.9367797e+01   1.6144449e+01   1.8604619e+01   9.8175823e+00   2.8260269e+01   8.5546298e+01   1.2287675e+01   2.5440569e+01   2.2211533e+01   1.8133201e+01   3.4056710e+01   3.6850466e+01   1.4368426e+01   1.8304034e+01   1.1642587e+01   3.0479757e+01   3.8610264e+01   9.5293063e+01   1.5733431e+01   1.5369865e+01   2.2437632e+01
   5.5471520e+00   5.0436974e+00   8.1922911e+00   7.9617023e+00   8.2632991e+00   7.4736570e+00   9.4853565e+00   8.7775324e+00   7.4087413e+00   9.3316740e+00   5.2794823e+00   7.1839037e+00   8.7888351e+00   7.8531002e+00   7.3229108e+00   9.5579156e+00   9.6789635e+00   6.2553438e+00   1.0600117e+01   8.5278262e+00   8.7593468e+00   8.3627591e+00   7.7704943e+00   8.5195622e+00   6.8531207e+00   1.0510670e+01   8.2446825e+00   8.1249735e+00   8.0217189e+00   9.0309475e+00
   4.2951808e+00   3.5561457e+00   4.7059006e+00   4.5359462e+00   4.0488942e+00   3.6536394e+00   4.0040499e+00   3.3495821e+00   3.8536592e+00   4.3809600e+00   4.4837264e+00   5.2253121e+00   4.2356744e+00   3.4220214e+00   4.2209871e+00   4.2166426e+00   3.8449016e+00   4.3235652e+00   4.2878797e+00   5.0692665e+00   3.6143836e+00   4.5231192e+00   4.5717340e+00   3.8835740e+00   4.9221037e+00   2.9280542e+00   4.2064573e+00   3.6979875e+00   4.4199716e+00   4.7181433e+00
   2.1935969e+00   2.2523123e+00   2.8216993e+00   2.8427981e+00   2.3993134e+00   2.1542016e+00   2.3544903e+00   1.8857835e+00   1.5081719e+00   2.8619190e+00   2.5929115e+00   2.7929927e+00   2.7397269e+00   2.5250691e+00   1.8611003e+00   2.8587451e+00   2.0770279e+00   2.8320288e+00   3.0129473e+00   1.7414314e+00   2.1812293e+00   2.5537566e+00   2.3116743e+00   2.7442228e+00   2.3082806e+00   2.2107440e+00   2.2498249e+00   2.7621035e+00   2.8138625e+00   2.8914288e+00
   2.0113866e+00   2.2523123e+00   1.1289532e+00   1.5455934e+00   2.2668594e+00   2.1542016e+00   1.3051463e+00   1.8857835e+00   1.5081719e+00   2.5099053e+00   1.8137098e+00   1.9880056e+00   1.9714188e+00   1.9494639e+00   1.7737581e+00   1.6580542e+00   2.0770279e+00   2.2289316e+00   1.9435809e+00   1.5227834e+00   1.4109016e+00   1.3664913e+00   2.2841816e+00   2.1266844e+00   1.8299513e+00   1.5080988e+00   1.7376736e+00   2.0660113e+00   2.1332329e+00   1.9027863e+00
   1.2501930e+00   1.4299480e+00   1.0803958e+00   1.4332738e+00   1.2215813e+00   1.1603192e+00   1.2453608e+00   1.4297651e+00   1.1215318e+00   1.2626918e+00   9.4970448e-01   1.4302217e+00   1.2561100e+00   1.2382508e+00   1.0854225e+00   1.5518822e+00   1.0161501e+00   1.1028598e+00   1.3188382e+00   1.2691146e+00   1.3346959e+00   1.3654940e+00   1.3683202e+00   1.2183907e+00   1.2696944e+00   1.0139876e+00   1.2613963e+00   1.3420482e+00   1.0848907e+00   1.4331218e+00
   7.1714003e-01   6.7919785e-01   6.8028975e-01   7.9721405e-01   6.9708408e-01   8.1728067e-01   9.3427897e-01   7.0543348e-01   7.6916237e-01   9.0934130e-01   6.8093781e-01   6.8415865e-01   8.6023687e-01   7.2623341e-01   8.1737884e-01   6.8257787e-01   7.1018968e-01   7.2786158e-01   8.1020853e-01   7.3320408e-01   6.4298219e-01   6.1419101e-01   8.4194947e-01   6.4824887e-01   7.4040817e-01   5.8308564e-01   6.5955988e-01   9.9160334e-01   7.4483894e-01   7.4690063e-01
   3.7731988e-01   3.5423917e-01   2.5392905e-01   3.5300728e-01   2.4726695e-01   3.3557178e-01   3.7455732e-01   2.3826406e-01   2.9951262e-01   5.0516151e-01   3.3364624e-01   3.8316533e-01   3.8546138e-01   3.7289128e-01   3.2416555e-01   2.8144333e-01   3.9229008e-01   4.3477618e-01   3.7198633e-01   3.0314749e-01   3.7845297e-01   3.8739438e-01   4.2122515e-01   4.3925779e-01   3.9259088e-01   4.2274324e-01   4.7593797e-01   4.6259910e-01   3.9807216e-01   4.4738897e-01
   9.8992302e-02   1.0404442e-01   1.2836782e-01   1.2872739e-01   1.3059327e-01   1.5783493e-01   1.5785750e-01   1.5791061e-01   1.6034174e-01   1.6398602e-01   1.6967594e-01   1.7924713e-01   1.8179149e-01   1.8315567e-01   1.8446370e-01   1.9127039e-01   1.9731895e-01   1.9890348e-01   2.0766361e-01   2.0906849e-01   2.0911898e-01   2.1763586e-01   2.1799208e-01   2.2821236e-01   2.3312090e-01   2.5630019e-01   2.6614715e-01   2.8283689e-01   2.8308476e-01   2.9787313e-01
