   1.1318138e+10   4.9959533e+09   8.7752570e+09   1.1152313e+10   8.9339538e+09   1.0351544e+10   1.1444360e+10   1.2021889e+10   7.0725173e+09   9.3100541e+09   4.7975604e+09   6.4802642e+09   6.8261080e+09   9.4742003e+09   6.7274635e+09   9.6048205e+09   1.0420207e+10   9.2144013e+09   7.4484739e+09   6.9244737e+09   6.3246983e+09   7.1684011e+09   8.0419764e+09   9.8213885e+09   8.2579949e+09   9.4446283e+09   8.3563377e+09   8.6625354e+09   8.9107144e+09   8.9557472e+09
   9.0880719e+09   2.2283227e+09   8.1977835e+09   3.2048141e+09   5.4698695e+09   4.1678202e+09   1.4365279e+09   6.1048737e+09   4.4887071e+09   4.6637033e+09   1.1192401e+09   3.4252592e+09   6.8261080e+09   5.8625457e+09   3.4127097e+09   6.1555848e+09   6.0085328e+09   4.9371952e+09   4.1333512e+09   6.9244711e+09   5.3408707e+09   3.4556143e+09   5.0309929e+09   4.7723399e+09   8.2579949e+09   2.9130906e+09   5.2948253e+09   4.3759570e+09   2.6501057e+09   4.6101791e+09
   9.9539689e+08   2.2283227e+09   5.0512285e+09   2.2049926e+09   2.2045267e+08   3.3215667e+08   1.3240276e+09   1.5656855e+09   1.1257362e+09   1.0342964e+09   1.1192401e+09   3.4694717e+08   1.7200999e+09   2.9822318e+09   2.8524078e+09   1.9689956e+09   1.9513261e+09   1.6296958e+09   4.1333512e+09   2.7835862e+09   1.5289652e+09   1.9246289e+09   2.5292419e+09   4.2026903e+08   2.4236028e+09   2.2227856e+08   3.0005552e+09   3.6632134e+09   2.5562495e+09   2.7870706e+09
   8.6037927e+08   2.2010423e+09   1.3235724e+09   1.0189679e+09   2.2045267e+08   3.3215667e+08   1.1482067e+09   4.4467521e+08   3.5487995e+08   7.6073200e+08   1.1192401e+09   3.4694717e+08   6.1497432e+08   2.4117592e+09   6.1883961e+08   3.1528612e+08   1.9513261e+09   9.8276171e+08   2.8160012e+09   8.1199219e+08   1.1465972e+09   5.1375796e+08   6.9182075e+08   4.1850228e+08   1.5325846e+09   2.2227856e+08   6.6216213e+08   1.0445536e+09   3.3246462e+08   1.3805602e+09
   1.6445350e+08   1.0513584e+07   2.3674312e+08   6.9635355e+07   1.9268968e+08   1.5026241e+08   2.3704347e+08   9.3018925e+07   1.1434818e+08   2.6169574e+08   1.3573935e+08   2.3811364e+08   9.3129964e+07   2.3671246e+08   1.5995600e+07   2.1164960e+08   1.0828514e+08   1.4492253e+08   4.2886211e+07   6.6824418e+07   5.6470361e+07   1.8314901e+08   5.7054640e+08   3.0574219e+08   1.6357873e+08   2.2227856e+08   1.9023425e+08   2.7850118e+08   1.8389005e+08   1.8142263e+08
   2.1736366e+07   1.0513584e+07   1.0757382e+08   2.9538370e+07   2.2089160e+07   2.4048876e+07   2.9024571e+07   5.2702580e+07   2.3491010e+07   4.3945278e+07   4.2474553e+07   2.8040971e+07   7.5624179e+06   1.8605576e+07   1.5995600e+07   1.1873370e+07   5.8325467e+05   2.6841656e+07   4.2886211e+07   2.7543225e+07   1.0939077e+07   4.8500742e+07   8.4824412e+07   4.5490796e+06   1.9828433e+07   3.5485375e+07   5.8789517e+07   5.0147986e+07   1.7958938e+07   3.9418798e+07
   2.2187768e+06   1.0513584e+07   1.4056100e+07   6.0429317e+06   5.2512128e+06   4.3688413e+06   4.5993680e+06   1.0267360e+06   6.6862993e+06   3.5418553e+06   6.4485613e+06   2.0235150e+06   1.8658968e+06   2.9386478e+06   1.5249747e+06   7.8084344e+05   5.8325467e+05   1.7796960e+06   4.9686245e+06   5.9336154e+06   8.5245911e+06   4.3883245e+06   4.3301544e+06   2.8078680e+06   1.1030721e+07   2.6099453e+06   2.2742935e+06   3.6456805e+06   6.4322011e+06   8.1322029e+06
   5.8131699e+04   1.0257831e+05   2.2126511e+05   1.2755742e+05   1.8603883e+04   8.8124095e+04   9.9981214e+04   8.7460177e+04   1.2775033e+03   4.8866793e+04   2.9364643e+03   1.0917260e+05   3.0822363e+04   1.3199696e+04   6.0554716e+04   6.9958401e+04   4.4772808e+04   1.1210437e+05   1.4136331e+05   5.0585601e+04   2.9161461e+05   1.3143110e+05   1.1799415e+05   8.6870832e+04   2.1353233e+05   1.1997649e+04   1.2815974e+05   7.4331030e+04   1.6174164e+05   7.6580887e+04
   3.7409556e+02   3.8800189e+02   1.2043008e+03   2.2180465e+02   1.3234824e+03   1.1786262e+03   7.1744930e+02   3.6323185e+02   3.3306312e+02   2.3625211e+02   1.3981069e+02   9.9876479e+01   9.2188676e+01   9.6502159e+01   1.2997411e+02   2.8661073e+02   6.0659952e+02   4.3772351e+02   4.1974763e+02   4.0225940e+02   1.2088525e+03   5.1634988e+02   5.2642847e+02   4.9142093e+02   5.0730155e+02   6.9540307e+01   3.2224547e+02   6.0590605e+01   1.5411619e+03   7.5605816e+02
   6.3058015e-02   3.0028294e-01   3.6398079e-01   2.4362522e-01   3.3044789e-02   3.5605004e-01   3.3478262e-02   1.1199465e-01   2.3910829e-02   1.5937069e-01   1.5177616e-01   3.7673986e-01   5.8199061e-02   1.4762831e-02   1.1780907e-01   7.1527620e-02   2.5116679e-02   7.9146272e-02   2.9170218e-01   1.9110539e-02   5.6787848e-01   1.4336958e-01   7.7902516e-02   1.3206955e-01   3.6957233e-02   4.3173318e-02   2.8896119e-02   3.9439669e-02   1.8310042e-01   1.1692933e-01
   4.2234042e-06   6.4755830e-07   1.1202897e-05   3.1178994e-06   3.1677966e-06   1.2103183e-05   4.0843255e-06   7.8430368e-07   4.8294868e-07   8.3617031e-07   4.9186631e-07   1.1195022e-06   1.0961779e-06   4.1972600e-07   3.6987757e-06   6.7087982e-07   5.2929547e-08   2.2880719e-06   5.4923344e-06   3.3426619e-06   1.1428930e-05   7.3467522e-06   9.3725929e-07   1.3693044e-06   1.2370050e-06   8.0966118e-07   4.1490409e-07   2.7917003e-07   1.0636789e-06   5.9003030e-06
   0.0000000e+00   0.0000000e+00   0.0000000e+00   0.0000000e+00   0.0000000e+00   0.0000000e+00   0.0000000e+00   0.0000000e+00   0.0000000e+00   0.0000000e+00   0.0000000e+00   0.0000000e+00   0.0000000e+00   0.0000000e+00   0.0000000e+00   0.0000000e+00   0.0000000e+00   0.0000000e+00   0.0000000e+00   0.0000000e+00   0.0000000e+00   0.0000000e+00   0.0000000e+00   0.0000000e+00   0.0000000e+00   0.0000000e+00   0.0000000e+00   0.0000000e+00   0.0000000e+00   0.0000000e+00
   0.0000000e+00   0.0000000e+00   0.0000000e+00   0.0000000e+00   0.0000000e+00   0.0000000e+00   0.0000000e+00   0.0000000e+00   0.0000000e+00   0.0000000e+00   0.0000000e+00   0.0000000e+00   0.0000000e+00   0.0000000e+00   0.0000000e+00   0.0000000e+00   0.0000000e+00   0.0000000e+00   0.0000000e+00   0.0000000e+00   0.0000000e+00   0.0000000e+00   0.0000000e+00   0.0000000e+00   0.0000000e+00   0.0000000e+00   0.0000000e+00   0.0000000e+00   0.0000000e+00   0.0000000e+00
   0.0000000e+00   0.0000000e+00   0.0000000e+00   0.0000000e+00   0.0000000e+00   0.0000000e+00   0.0000000e+00   0.0000000e+00   0.0000000e+00   0.0000000e+00   0.0000000e+00   0.0000000e+00   0.0000000e+00   0.0000000e+00   0.0000000e+00   0.0000000e+00   0.0000000e+00   0.0000000e+00   0.0000000e+00   0.0000000e+00   0.0000000e+00   0.0000000e+00   0.0000000e+00   0.0000000e+00   0.0000000e+00   0.0000000e+00   0.0000000e+00   0.0000000e+00   0.0000000e+00   0.0000000e+00
   0.0000000e+00   0.0000000e+00   0.0000000e+00   0.0000000e+00   0.0000000e+00   0.0000000e+00   0.0000000e+00   0.0000000e+00   0.0000000e+00   0.0000000e+00   0.0000000e+00   0.0000000e+00   0.0000000e+00   0.0000000e+00   0.0000000e+00   0.0000000e+00   0.0000000e+00   0.0000000e+00   0.0000000e+00   0.0000000e+00   0.0000000e+00   0.0000000e+00   0.0000000e+00   0.0000000e+00   0.0000000e+00   0.0000000e+00   0.0000000e+00   0.0000000e+00   0.0000000e+00   0.0000000e+00
   0.0000000e+00   0.0000000e+00   0.0000000e+00   0.0000000e+00   0.0000000e+00   0.0000000e+00   0.0000000e+00   0.0000000e+00   0.0000000e+00   0.0000000e+00   0.0000000e+00   0.0000000e+00   0.0000000e+00   0.0000000e+00   0.0000000e+00   0.0000000e+00   0.0000000e+00   0.0000000e+00   0.0000000e+00   0.0000000e+00   0.0000000e+00   0.0000000e+00   0.0000000e+00   0.0000000e+00   0.0000000e+00   0.0000000e+00   0.0000000e+00   0.0000000e+00   0.0000000e+00   0.0000000e+00
