   1.4584434e+07   7.9101586e+06   2.4782046e+07   1.6198596e+07   5.2391036e+06   4.7276705e+06   8.0400348e+06   1.5263210e+07   1.1313202e+07   5.9072272e+06   2.0213709e+07   1.1054059e+07   7.9334886e+06   1.5515106e+06   1.4077689e+07   1.2005466e+07   3.1510035e+07   2.2389642e+07   1.4836759e+07   1.8640239e+07   1.9051314e+07   6.1697411e+06   1.1601344e+07   4.8652012e+06   2.9939678e+06   1.4433946e+07   6.8123979e+06   6.2587670e+06   1.7371342e+07   5.5600007e+06
   2.6120650e+06   2.4934813e+06   1.7718045e+07   9.7195790e+05   3.0615058e+06   2.2642508e+06   1.9440683e+06   6.4526212e+06   4.5148173e+06   5.9072143e+06   8.5701097e+06   5.1222454e+06   2.3391128e+06   1.5094299e+06   2.0695572e+06   8.7243962e+06   7.6010782e+06   3.9956062e+06   1.6323507e+06   2.4670762e+06   1.3067670e+07   1.9717598e+06   2.7299124e+06   3.8406791e+06   2.1155693e+06   2.7816155e+06   4.1272592e+06   6.2587565e+06   2.9554637e+04   2.7239889e+06
   1.8301688e+06   2.4934813e+06   3.6859284e+05   9.7195790e+05   3.0296005e+06   1.6110287e+05   1.9038269e+06   2.5442486e+06   4.5148173e+06   5.9072143e+06   1.9822863e+06   1.9198373e+06   6.6753608e+05   1.1055444e+05   1.4259434e+06   2.4494016e+05   9.0712919e+05   3.6020897e+05   1.5087448e+05   1.3696352e+06   2.3595499e+06   1.9579036e+06   1.8754533e+06   1.2879115e+06   1.0465653e+06   2.7816155e+06   1.7691604e+05   2.4710689e+06   2.9554637e+04   1.1497055e+06
   1.8301688e+06   1.0325318e+06   3.6859284e+05   7.6964320e+05   2.6376011e+06   1.6110287e+05   1.9822751e+05   2.5442486e+06   1.0429952e+06   1.7947248e+06   1.7902477e+06   1.6043536e+06   6.6753608e+05   1.1050897e+05   4.8897131e+05   2.4494016e+05   9.0712919e+05   8.2251745e+04   1.5087448e+05   9.5863190e+05   1.7172027e+06   8.3183755e+05   1.7951890e+06   1.1466000e+06   8.9007116e+05   1.7305730e+06   1.7691604e+05   2.0738113e+06   2.9554637e+04   1.1497055e+06
   1.1271859e+06   1.0325318e+06   2.0581790e+05   6.9862547e+05   6.9354271e+05   1.6110287e+05   1.9822751e+05   5.5377305e+05   2.0271904e+05   3.8332444e+05   5.8805234e+05   2.2125247e+05   6.6753608e+05   1.1050897e+05   4.8897131e+05   2.4494016e+05   9.0712919e+05   1.5800015e+04   1.7669048e+04   2.7602485e+05   6.7563004e+05   7.5344924e+05   1.0319331e+06   5.3392779e+05   8.9007116e+05   9.8235552e+05   1.7691604e+05   3.6587579e+05   2.9554637e+04   4.4902921e+05
   5.1790648e+05   4.5592152e+05   2.0581790e+05   4.5790676e+05   1.6069434e+05   1.6110287e+05   1.9822751e+05   5.5377305e+05   2.0197971e+05   7.2035405e+04   5.8805234e+05   2.3601680e+04   3.7712515e+05   1.1050897e+05   4.8897131e+05   2.4493935e+05   5.7748811e+05   1.5800015e+04   1.7669048e+04   2.7570158e+05   6.4218883e+04   7.5344924e+05   3.1172140e+04   1.5355573e+05   1.3500386e+05   4.0108831e+05   1.7691604e+05   3.2976867e+05   2.9554637e+04   4.4870465e+05
   1.1293205e+05   2.3850530e+05   2.9475554e+04   1.9082818e+05   1.6069434e+05   1.2565524e+05   1.9822751e+05   1.6075956e+05   2.0197971e+05   7.2035405e+04   5.1385653e+04   2.3601680e+04   6.8363600e+04   1.1050824e+05   4.2096391e+04   2.4493935e+05   2.1953916e+05   1.5800015e+04   1.7669048e+04   1.2189489e+05   6.4218883e+04   4.5069139e+05   9.1886078e+03   1.5355573e+05   1.1827904e+05   2.6877113e+05   1.5755960e+05   1.5722252e+05   2.9490485e+04   2.0521217e+05
   5.5835358e+03   1.8638805e+04   9.3569969e+03   3.0212712e+04   2.6291368e+04   2.2509695e+04   1.1725308e+04   6.8226461e+04   1.4934201e+04   5.8196038e+04   5.1385451e+04   1.7349738e+04   3.1172780e+04   6.0296124e+04   5.9817035e+03   3.0108664e+04   2.2552353e+04   1.5481016e+04   8.3915363e+03   6.3665836e+03   2.1903447e+04   3.0513053e+03   9.1788074e+03   1.0385142e+04   2.4417129e+03   4.3738149e+03   2.6477612e+04   3.3022800e+04   2.1522842e+04   3.4894794e+04
   2.0110761e+03   1.9161879e+03   2.3989213e+03   2.1740697e+03   1.1042115e+03   8.3786435e+02   1.2192593e+03   2.3144694e+03   1.5842134e+03   1.6897522e+03   1.2131246e+03   1.4472756e+03   1.5762911e+03   5.9897216e+02   1.6874428e+03   1.0119241e+03   1.9604897e+03   1.9061292e+03   2.7813038e+03   1.0196297e+03   3.5284791e+03   1.1178900e+03   7.4192322e+02   3.1642080e+03   1.5593829e+03   2.2185969e+03   9.2676540e+02   1.1018495e+03   8.2689983e+02   8.6894672e+02
   5.4745151e+00   2.2324344e+01   1.6955859e+01   1.9068038e+01   1.7402895e+01   9.8337625e+00   1.9819725e+01   1.6452259e+01   1.6433591e+01   1.5790140e+01   2.0160458e+01   9.5892734e+00   4.8706481e+01   2.7770729e+01   5.3684172e+00   3.1663600e+01   4.6262405e+01   4.5726623e+01   4.9046453e+00   1.1075639e+01   1.9354892e+01   3.9963978e+01   5.1317208e+01   5.7362596e+01   2.5940454e+01   1.3572901e+01   1.8170180e+01   3.1431042e+01   2.6186803e+01   1.3153213e+01
   2.1257981e-01   1.5025580e-01   1.3127126e-01   9.2345372e-02   1.2774551e-01   1.2442763e-01   2.5249270e-01   1.0689767e-01   1.2099086e-01   1.2715642e-01   1.2110689e-01   1.1701702e-01   8.1569057e-02   1.2621809e-01   1.2123638e-01   6.7123877e-02   1.2379209e-01   1.7632757e-01   1.3559372e-01   1.5086552e-01   1.5765445e-01   7.2179756e-02   1.2139238e-01   2.0091335e-01   1.1936224e-01   1.1981045e-01   1.8373639e-01   1.6644696e-01   1.4295712e-01   9.8197900e-02
   1.8635151e-03   5.1835347e-03   4.6080111e-03   3.8101816e-03   2.2020567e-03   3.0197126e-03   3.6337690e-03   2.6297374e-03   4.0871476e-03   4.1905973e-03   5.0011223e-03   3.2191066e-03   3.8219087e-03   5.9719930e-03   3.0724480e-03   4.2548097e-03   4.8374265e-03   5.3059171e-03   2.0742578e-03   3.5875979e-03   1.5590577e-03   3.0495068e-03   3.3994901e-03   7.0196548e-03   3.5412469e-03   5.3203602e-03   2.4338970e-03   2.6663259e-03   3.2709922e-03   6.1768695e-03
   6.0813604e-04   3.7684549e-04   6.9464180e-04   7.8537854e-04   5.5812322e-04   3.4414753e-04   8.7422911e-04   4.9259505e-04   3.6178597e-04   5.3853947e-04   4.6989528e-04   5.1300584e-04   5.5914885e-04   1.2435762e-03   1.5118754e-03   1.0165643e-03   2.5793596e-04   4.8554815e-04   6.0397202e-04   8.4181097e-04   1.1251939e-03   1.0179731e-03   5.1927772e-04   5.4955110e-04   7.1966885e-04   5.4479570e-04   4.5220154e-04   1.1462880e-03   1.1744704e-03   7.0967645e-04
   7.1993494e-05   9.2186345e-05   1.7303970e-04   1.4895082e-04   2.2612793e-04   7.7223838e-05   3.7856748e-04   6.1127972e-05   2.5502833e-04   2.9150810e-04   1.5165249e-04   7.4687280e-05   1.1688772e-04   1.9343919e-04   1.8812716e-04   3.8241660e-04   9.6753211e-05   2.9024523e-05   5.7423550e-05   9.1720194e-05   1.3668545e-05   1.0750859e-04   1.8163890e-04   1.5792004e-04   2.5329136e-04   1.1974409e-04   3.4706493e-05   1.8108991e-04   1.1294379e-04   1.6719448e-04
   0.0000000e+00   0.0000000e+00   0.0000000e+00   0.0000000e+00   0.0000000e+00   0.0000000e+00   2.0647713e-07   0.0000000e+00   0.0000000e+00   0.0000000e+00   0.0000000e+00   0.0000000e+00   0.0000000e+00   0.0000000e+00   0.0000000e+00   8.1188136e-07   0.0000000e+00   0.0000000e+00   0.0000000e+00   0.0000000e+00   0.0000000e+00   5.4628390e-07   0.0000000e+00   0.0000000e+00   2.7314400e-07   0.0000000e+00   0.0000000e+00   0.0000000e+00   3.7838222e-06   0.0000000e+00
   0.0000000e+00   0.0000000e+00   0.0000000e+00   0.0000000e+00   0.0000000e+00   0.0000000e+00   0.0000000e+00   0.0000000e+00   0.0000000e+00   0.0000000e+00   0.0000000e+00   0.0000000e+00   0.0000000e+00   0.0000000e+00   0.0000000e+00   0.0000000e+00   0.0000000e+00   0.0000000e+00   0.0000000e+00   0.0000000e+00   0.0000000e+00   0.0000000e+00   0.0000000e+00   0.0000000e+00   0.0000000e+00   0.0000000e+00   0.0000000e+00   0.0000000e+00   0.0000000e+00   0.0000000e+00
