   5.5255892e+03   5.5477895e+03   2.8489291e+03   4.3211970e+03   4.8703374e+03   3.8450305e+03   3.6155648e+03   2.8931387e+03   4.9742818e+03   3.1638096e+03   5.1451016e+03   3.4397988e+03   4.0272599e+03   5.1706534e+03   4.0624288e+03   5.0882846e+03   3.9505609e+03   4.1084089e+03   4.7568002e+03   3.4492378e+03   4.3748167e+03   4.1121993e+03   5.3051046e+03   3.9215584e+03   3.4492489e+03   3.0609191e+03   3.9223805e+03   3.9599075e+03   4.6998859e+03   5.9257924e+03
   2.8611658e+03   4.6260432e+03   2.6897994e+03   2.9683847e+03   3.4916623e+03   3.6256984e+03   3.3277230e+03   2.8931387e+03   3.9211646e+03   3.1010872e+03   3.0570147e+03   3.1983424e+03   4.0272599e+03   4.7695325e+03   3.8545089e+03   4.0678645e+03   3.6322697e+03   4.1084089e+03   3.4573156e+03   3.3869756e+03   3.0249462e+03   3.2382840e+03   4.0866536e+03   3.9215584e+03   3.4492489e+03   3.0609191e+03   3.9223805e+03   3.9599075e+03   4.6124588e+03   4.2830801e+03
   2.7667700e+03   2.8902070e+03   2.6897994e+03   2.9683847e+03   2.4142016e+03   2.8611137e+03   3.3277230e+03   2.4289089e+03   2.8753355e+03   2.9107631e+03   3.0570147e+03   2.4295691e+03   3.9971654e+03   3.1932416e+03   3.1641443e+03   3.1871376e+03   3.1831467e+03   2.7436730e+03   3.4573156e+03   2.2872144e+03   2.1739722e+03   3.1320790e+03   3.6796629e+03   2.9961374e+03   3.2341380e+03   2.9367597e+03   3.0316903e+03   3.5424929e+03   3.8346817e+03   3.0340734e+03
   2.7667700e+03   2.7878496e+03   2.5602873e+03   2.5458440e+03   2.4142016e+03   2.6196015e+03   2.8230730e+03   2.4289089e+03   2.8753355e+03   2.7601592e+03   2.6152627e+03   2.4295691e+03   2.5999322e+03   2.3960040e+03   3.1641443e+03   2.7021239e+03   3.1831467e+03   2.6865769e+03   2.8864005e+03   2.2872144e+03   2.1739722e+03   2.4769227e+03   3.1426613e+03   2.4253335e+03   3.2341380e+03   2.9367597e+03   2.1505636e+03   2.9884439e+03   3.4040553e+03   3.0203025e+03
   2.2369551e+03   2.7800506e+03   1.9870412e+03   2.3149426e+03   2.4142016e+03   2.6196015e+03   2.8230730e+03   1.9350479e+03   2.8753355e+03   2.6975765e+03   2.6152627e+03   2.4295691e+03   2.5999322e+03   2.3960040e+03   3.1641443e+03   1.9179493e+03   3.0308527e+03   2.3488333e+03   2.8120098e+03   2.2872144e+03   2.1739722e+03   2.4769227e+03   2.9299552e+03   2.4253335e+03   2.7748159e+03   2.3570558e+03   2.1505636e+03   2.4114298e+03   3.1934294e+03   3.0203025e+03
   2.0542984e+03   2.2145300e+03   1.9870412e+03   1.8011722e+03   2.4142016e+03   2.5435952e+03   2.7409575e+03   1.9350479e+03   2.8046492e+03   2.6975765e+03   2.6152627e+03   2.2193978e+03   2.0515062e+03   2.3960040e+03   2.8976267e+03   1.9179493e+03   2.9584501e+03   1.8938442e+03   2.7843192e+03   2.2872144e+03   2.1739722e+03   2.3748436e+03   2.9299552e+03   2.3993700e+03   1.9369056e+03   2.3570558e+03   2.0311319e+03   2.4114298e+03   2.1650040e+03   2.9823729e+03
   2.0542984e+03   2.2145300e+03   1.7038191e+03   1.8011722e+03   2.4142016e+03   2.3304061e+03   2.2426680e+03   1.9350479e+03   2.2210901e+03   2.3287873e+03   2.5911196e+03   2.2193978e+03   1.9192479e+03   2.3960040e+03   2.0801209e+03   1.9179493e+03   2.5403126e+03   1.8938442e+03   2.7843192e+03   2.2872144e+03   2.1739722e+03   2.0378090e+03   2.1722182e+03   2.2136949e+03   1.9369056e+03   2.1403294e+03   2.0311319e+03   2.2754309e+03   2.1650040e+03   2.5449693e+03
   1.8949492e+03   1.8889635e+03   1.7038191e+03   1.2764798e+03   1.7172734e+03   1.7457907e+03   1.4907201e+03   1.7605245e+03   1.7759029e+03   1.6820728e+03   1.6260910e+03   1.8520194e+03   1.5720134e+03   1.5984244e+03   1.9551816e+03   1.6602874e+03   1.2668650e+03   1.7766533e+03   1.5070631e+03   1.6612814e+03   1.8368178e+03   1.9289679e+03   1.6834606e+03   1.7987459e+03   1.9369056e+03   1.8168810e+03   2.0311319e+03   1.8502039e+03   1.5199512e+03   1.7985920e+03
   1.3642557e+03   1.5455851e+03   1.2269152e+03   1.0355727e+03   1.3112358e+03   1.4523822e+03   1.3276675e+03   1.5147830e+03   1.5604250e+03   1.2414323e+03   1.3566736e+03   1.5195248e+03   1.3468028e+03   1.4533108e+03   1.4227273e+03   1.2078933e+03   1.1581417e+03   1.3864177e+03   1.0988027e+03   1.2461963e+03   1.0800991e+03   1.2615248e+03   1.4575365e+03   1.4018664e+03   1.2928141e+03   1.4273790e+03   1.1705664e+03   1.2811307e+03   1.3954607e+03   1.4026720e+03
   1.0344240e+03   9.7937386e+02   8.9819140e+02   8.1509744e+02   8.5660815e+02   1.0157654e+03   8.7301737e+02   8.4337749e+02   8.8619932e+02   9.9664267e+02   9.2830564e+02   1.0114956e+03   7.8886962e+02   9.4452696e+02   9.9289345e+02   9.0244859e+02   8.9261457e+02   1.0028651e+03   8.7551179e+02   8.8311962e+02   8.7460237e+02   9.0858517e+02   9.5788461e+02   1.0645474e+03   1.0247787e+03   1.0405999e+03   9.2788083e+02   9.1834575e+02   1.0961727e+03   9.7624457e+02
   6.7366608e+02   6.2308714e+02   6.1214320e+02   6.5658459e+02   6.6521969e+02   6.3194188e+02   6.3519388e+02   6.7094470e+02   6.6915626e+02   6.6587126e+02   6.5785252e+02   6.7714551e+02   6.3623236e+02   6.2250506e+02   6.7922065e+02   6.4653253e+02   6.6701191e+02   6.7929983e+02   6.0772744e+02   6.1991883e+02   6.7175677e+02   6.5587137e+02   6.5001077e+02   6.6147449e+02   6.4412308e+02   6.7807969e+02   6.4978503e+02   6.3527698e+02   6.4327138e+02   6.4849230e+02
   4.9859173e+02   4.8526161e+02   4.9272505e+02   4.9183603e+02   4.9540670e+02   4.9174870e+02   4.9204721e+02   5.1346510e+02   5.0671244e+02   4.7630842e+02   5.0866807e+02   4.8792923e+02   4.9136344e+02   4.8502841e+02   4.8333886e+02   4.9782582e+02   4.9670287e+02   4.9941729e+02   4.7765427e+02   4.9315780e+02   4.8991875e+02   5.0030035e+02   4.9478991e+02   5.0876434e+02   4.8665251e+02   4.8570572e+02   4.9302288e+02   5.0585608e+02   4.9084550e+02   4.9774064e+02
   4.0880086e+02   4.0541106e+02   4.0662197e+02   4.0586278e+02   4.0630388e+02   4.0570856e+02   4.0594415e+02   4.0740193e+02   4.0600559e+02   4.0532572e+02   4.0794388e+02   4.0564084e+02   4.0578079e+02   4.0484012e+02   4.0760167e+02   4.0535581e+02   4.0443876e+02   4.0528673e+02   4.0492585e+02   4.0930141e+02   4.0532070e+02   4.0431288e+02   4.0521086e+02   4.0694118e+02   4.0479025e+02   4.0605969e+02   4.0550303e+02   4.0702457e+02   4.0555289e+02   4.0382836e+02
   4.0002167e+02   4.0001904e+02   4.0001982e+02   4.0001694e+02   4.0002355e+02   4.0002130e+02   4.0002094e+02   4.0002399e+02   4.0002406e+02   4.0001854e+02   4.0002323e+02   4.0001787e+02   4.0001778e+02   4.0001870e+02   4.0002570e+02   4.0001807e+02   4.0001630e+02   4.0001625e+02   4.0001481e+02   4.0002668e+02   4.0001867e+02   4.0001442e+02   4.0001629e+02   4.0002835e+02   4.0001633e+02   4.0001478e+02   4.0001993e+02   4.0002417e+02   4.0002016e+02   4.0001507e+02
   4.0000000e+02   4.0000000e+02   4.0000000e+02   4.0000000e+02   4.0000000e+02   4.0000000e+02   4.0000000e+02   4.0000000e+02   4.0000000e+02   4.0000000e+02   4.0000000e+02   4.0000000e+02   4.0000000e+02   4.0000000e+02   4.0000000e+02   4.0000000e+02   4.0000000e+02   4.0000000e+02   4.0000000e+02   4.0000000e+02   4.0000000e+02   4.0000000e+02   4.0000000e+02   4.0000000e+02   4.0000000e+02   4.0000000e+02   4.0000000e+02   4.0000000e+02   4.0000000e+02   4.0000000e+02
   4.0000000e+02   4.0000000e+02   4.0000000e+02   4.0000000e+02   4.0000000e+02   4.0000000e+02   4.0000000e+02   4.0000000e+02   4.0000000e+02   4.0000000e+02   4.0000000e+02   4.0000000e+02   4.0000000e+02   4.0000000e+02   4.0000000e+02   4.0000000e+02   4.0000000e+02   4.0000000e+02   4.0000000e+02   4.0000000e+02   4.0000000e+02   4.0000000e+02   4.0000000e+02   4.0000000e+02   4.0000000e+02   4.0000000e+02   4.0000000e+02   4.0000000e+02   4.0000000e+02   4.0000000e+02
