   1.0979700e+03   1.3295648e+03   1.3911080e+03   1.0844289e+03   1.3544142e+03   1.2110877e+03   1.1092507e+03   9.7695960e+02   1.0874628e+03   1.3567515e+03   1.4373338e+03   1.1966073e+03   1.4616552e+03   1.3096617e+03   1.2383606e+03   1.0774524e+03   1.1969152e+03   1.3493176e+03   1.1348269e+03   1.1049937e+03   1.0509296e+03   1.3310607e+03   1.0939947e+03   1.3407979e+03   1.4052395e+03   1.2796085e+03   1.3127464e+03   1.1792660e+03   9.9410955e+02   1.3485701e+03
   7.3867568e+02   9.1769953e+02   7.5797999e+02   4.3515663e+02   9.9510460e+02   8.1776041e+02   8.9447535e+02   9.6923320e+02   7.7258937e+02   8.0576045e+02   9.5188836e+02   8.6669805e+02   1.2109803e+03   9.4111901e+02   6.0040602e+02   8.8483393e+02   8.5227575e+02   7.8438368e+02   6.6192083e+02   1.0685565e+03   8.5865161e+02   1.0998950e+03   8.0182629e+02   9.9866309e+02   9.5594438e+02   7.7389909e+02   9.7753830e+02   1.0849668e+03   9.9410955e+02   7.7585272e+02
   5.2484182e+02   6.9891245e+02   6.4275274e+02   3.1777492e+02   5.9503702e+02   4.3211062e+02   2.9333450e+02   4.5469691e+02   7.2342446e+02   4.6756889e+02   4.0747572e+02   5.6429771e+02   7.4998181e+02   5.7107090e+02   5.9960878e+02   4.2768786e+02   6.3129241e+02   5.6823793e+02   6.6192083e+02   5.6587147e+02   5.1259672e+02   6.9341776e+02   7.1256986e+02   6.2198219e+02   6.8796221e+02   4.1797323e+02   4.7459854e+02   4.9399502e+02   5.7575282e+02   7.2201597e+02
   5.2484182e+02   2.9896055e+02   3.8802093e+02   3.1777492e+02   3.1354764e+02   3.8877666e+02   1.8338789e+02   2.9974252e+02   4.3212161e+02   4.3826448e+02   4.0747572e+02   3.3652599e+02   4.1306643e+02   4.3257759e+02   4.9170208e+02   3.7836114e+02   4.0826915e+02   4.6309464e+02   2.4328450e+02   3.2687234e+02   4.9092583e+02   5.7332589e+02   2.8632792e+02   3.5991630e+02   5.8992567e+02   3.4407386e+02   3.0471066e+02   3.2183109e+02   2.4111787e+02   4.7936127e+02
   1.8736164e+02   2.3564079e+02   2.7121752e+02   2.5982258e+02   2.3351444e+02   3.4120200e+02   1.8338789e+02   1.5884879e+02   3.8691053e+02   2.2925039e+02   2.3835071e+02   3.3652599e+02   3.0484575e+02   2.1338251e+02   2.9047180e+02   2.5216631e+02   1.6960521e+02   3.9766081e+02   2.4328450e+02   1.6194648e+02   2.0002583e+02   3.2991430e+02   2.5096653e+02   2.0279843e+02   3.2560558e+02   2.7529371e+02   2.8299084e+02   2.3214778e+02   2.4111787e+02   2.8344768e+02
   1.8736164e+02   1.4810860e+02   2.3825271e+02   1.6514779e+02   1.9290891e+02   2.0651832e+02   1.7748004e+02   1.5884879e+02   1.8625981e+02   1.8450974e+02   1.5685018e+02   2.1827867e+02   1.9012752e+02   1.0289041e+02   1.9752662e+02   1.9181585e+02   1.5156594e+02   2.4826790e+02   1.7832567e+02   1.0750249e+02   1.3809441e+02   2.1786222e+02   1.8308465e+02   1.7154281e+02   1.3017578e+02   2.2441463e+02   2.2085301e+02   2.2981595e+02   1.3340114e+02   2.1578597e+02
   1.8736164e+02   1.4733462e+02   1.7671913e+02   1.6514779e+02   1.2827902e+02   1.5376594e+02   1.5397908e+02   1.1006918e+02   1.8625981e+02   9.3193565e+01   1.5244480e+02   1.6114109e+02   1.5740404e+02   1.0289041e+02   1.7540878e+02   1.1077137e+02   1.5156594e+02   1.6628366e+02   1.2345396e+02   1.0750249e+02   1.3517830e+02   2.1366708e+02   1.4408763e+02   1.6533099e+02   1.3017578e+02   1.5982647e+02   1.5479728e+02   1.7587768e+02   1.1900843e+02   1.9773035e+02
   1.0275199e+02   1.0042546e+02   8.5181266e+01   8.6289793e+01   5.1352674e+01   4.8257656e+01   7.9979129e+01   1.1006918e+02   9.1435638e+01   7.2224671e+01   4.6473869e+01   7.9553526e+01   5.6669108e+01   7.9063212e+01   1.2371326e+02   6.6177238e+01   6.5205828e+01   9.2797562e+01   9.7442631e+01   9.4037651e+01   8.3019945e+01   6.3466320e+01   7.9894197e+01   7.9635503e+01   7.8276605e+01   1.1837849e+02   6.2902911e+01   6.0263927e+01   8.8564614e+01   7.3237592e+01
   2.5206644e+01   2.6664685e+01   2.5423474e+01   1.8960135e+01   3.4810538e+01   2.7334286e+01   3.2199059e+01   3.2346531e+01   2.7977320e+01   2.4306233e+01   2.7698559e+01   1.7173884e+01   2.5363652e+01   2.4845796e+01   2.7774817e+01   2.8654111e+01   1.7229505e+01   3.2578247e+01   4.4950844e+01   2.6179088e+01   2.6320137e+01   2.5696800e+01   3.1308963e+01   2.4510195e+01   1.9827962e+01   3.7048147e+01   1.8137030e+01   3.0408472e+01   2.3035166e+01   2.2485421e+01
   8.7198188e+00   8.1134991e+00   8.5006621e+00   8.1479425e+00   7.8703633e+00   7.0235194e+00   7.5369383e+00   3.2901572e+00   4.1409934e+00   7.4637303e+00   3.7363749e+00   7.3761115e+00   7.7985621e+00   7.4296729e+00   6.6404933e+00   8.4740022e+00   7.8400706e+00   7.5021835e+00   7.3874129e+00   7.6541637e+00   7.7702722e+00   6.8730103e+00   8.3289610e+00   6.8387647e+00   7.8761155e+00   6.9822301e+00   7.0687868e+00   7.9305379e+00   8.0145391e+00   8.2153228e+00
   5.4382049e-02   5.4923306e-02   2.6226228e-02   7.1245726e-02   4.7929942e-02   3.7846629e-02   5.6706196e-02   3.2866966e-02   3.8580448e-02   7.3166210e-02   4.4848297e-02   2.8828467e-02   3.7750773e-02   5.0592848e-02   4.6316927e-02   6.8318903e-02   3.9830804e-02   5.7013958e-02   1.0054057e-01   7.3002577e-02   6.9158343e-02   5.6326342e-02   7.5708828e-02   5.1296770e-02   5.7579309e-02   5.8949704e-02   4.4817355e-02   4.4967277e-02   4.2379604e-02   3.1563605e-02
   2.9764700e-05   6.6647396e-05   4.7309067e-05   7.4131467e-05   3.2972358e-05   4.4529024e-05   4.4724498e-05   5.1393765e-05   5.1111864e-05   4.3302521e-05   3.8921465e-05   4.8070655e-05   4.9774063e-05   5.9092513e-05   7.3605451e-05   8.0927000e-05   5.0064057e-05   3.0796459e-05   6.5254994e-05   2.5285190e-05   4.1483122e-05   4.5272014e-05   8.8261875e-05   6.1086051e-05   2.8138283e-05   4.5493685e-05   3.2946044e-05   7.9534477e-05   4.3561357e-05   3.7437936e-05
   0.0000000e+00   0.0000000e+00   0.0000000e+00   0.0000000e+00   0.0000000e+00   0.0000000e+00   0.0000000e+00   0.0000000e+00   0.0000000e+00   0.0000000e+00   0.0000000e+00   0.0000000e+00   0.0000000e+00   0.0000000e+00   0.0000000e+00   0.0000000e+00   0.0000000e+00   0.0000000e+00   0.0000000e+00   0.0000000e+00   0.0000000e+00   0.0000000e+00   0.0000000e+00   0.0000000e+00   0.0000000e+00   0.0000000e+00   0.0000000e+00   0.0000000e+00   0.0000000e+00   0.0000000e+00
   0.0000000e+00   0.0000000e+00   0.0000000e+00   0.0000000e+00   0.0000000e+00   0.0000000e+00   0.0000000e+00   0.0000000e+00   0.0000000e+00   0.0000000e+00   0.0000000e+00   0.0000000e+00   0.0000000e+00   0.0000000e+00   0.0000000e+00   0.0000000e+00   0.0000000e+00   0.0000000e+00   0.0000000e+00   0.0000000e+00   0.0000000e+00   0.0000000e+00   0.0000000e+00   0.0000000e+00   0.0000000e+00   0.0000000e+00   0.0000000e+00   0.0000000e+00   0.0000000e+00   0.0000000e+00
   0.0000000e+00   0.0000000e+00   0.0000000e+00   0.0000000e+00   0.0000000e+00   0.0000000e+00   0.0000000e+00   0.0000000e+00   0.0000000e+00   0.0000000e+00   0.0000000e+00   0.0000000e+00   0.0000000e+00   0.0000000e+00   0.0000000e+00   0.0000000e+00   0.0000000e+00   0.0000000e+00   0.0000000e+00   0.0000000e+00   0.0000000e+00   0.0000000e+00   0.0000000e+00   0.0000000e+00   0.0000000e+00   0.0000000e+00   0.0000000e+00   0.0000000e+00   0.0000000e+00   0.0000000e+00
   0.0000000e+00   0.0000000e+00   0.0000000e+00   0.0000000e+00   0.0000000e+00   0.0000000e+00   0.0000000e+00   0.0000000e+00   0.0000000e+00   0.0000000e+00   0.0000000e+00   0.0000000e+00   0.0000000e+00   0.0000000e+00   0.0000000e+00   0.0000000e+00   0.0000000e+00   0.0000000e+00   0.0000000e+00   0.0000000e+00   0.0000000e+00   0.0000000e+00   0.0000000e+00   0.0000000e+00   0.0000000e+00   0.0000000e+00   0.0000000e+00   0.0000000e+00   0.0000000e+00   0.0000000e+00
