   1.0674384e+03   1.1329918e+03   1.0732353e+03   1.0325102e+03   1.2650099e+03   1.0865968e+03   1.2924732e+03   1.3065898e+03   1.1193830e+03   1.2762543e+03   1.0394512e+03   9.2838561e+02   7.6298227e+02   1.1932433e+03   1.2519933e+03   1.1266321e+03   1.0861179e+03   1.2405819e+03   1.0895408e+03   7.9227127e+02   1.1399841e+03   1.2688782e+03   1.0074210e+03   1.0713271e+03   9.4510696e+02   1.1111410e+03   1.2125946e+03   9.6984721e+02   1.0678083e+03   1.1210709e+03
   8.5848299e+02   9.7544889e+02   8.8083754e+02   9.3310951e+02   9.1752599e+02   6.2611976e+02   6.2572495e+02   6.5503048e+02   8.3629881e+02   8.2694023e+02   9.8164082e+02   8.5871291e+02   7.3701900e+02   7.0574858e+02   6.9273857e+02   9.4631174e+02   7.6089800e+02   7.6915008e+02   7.3755047e+02   6.6614194e+02   6.8031284e+02   7.2875386e+02   5.8422487e+02   7.7706839e+02   9.1214688e+02   8.1325562e+02   9.7420063e+02   8.1270237e+02   5.1998425e+02   8.7579813e+02
   6.6776135e+02   6.3926403e+02   5.1733314e+02   5.6295773e+02   5.8760078e+02   4.5922859e+02   6.2572495e+02   5.4184946e+02   2.3323431e+02   6.5210984e+02   4.3240589e+02   7.3977456e+02   5.9020861e+02   6.2462107e+02   6.0526505e+02   5.7241939e+02   4.6344878e+02   2.5961414e+02   4.6581400e+02   5.8772404e+02   5.8191997e+02   1.7899962e+02   5.4791254e+02   5.3283432e+02   6.3314684e+02   7.4054802e+02   8.1272030e+02   6.9901833e+02   5.1998425e+02   5.1942608e+02
   4.8334689e+02   2.8221483e+02   4.5463178e+02   5.1551549e+02   4.4469186e+02   3.1817498e+02   2.4095765e+02   3.4334992e+02   2.0748070e+02   4.2948221e+02   2.9142288e+02   5.9528938e+02   4.5203992e+02   3.7449632e+02   2.6244190e+02   4.1252112e+02   4.4815182e+02   2.5961414e+02   2.6168228e+02   2.9102210e+02   3.6811413e+02   1.7899962e+02   3.7970515e+02   4.1930536e+02   3.6076076e+02   4.2927831e+02   4.0207863e+02   4.0597281e+02   3.6478875e+02   5.1942608e+02
   3.6140403e+02   2.4898975e+02   3.2244899e+02   2.8295737e+02   3.5102382e+02   3.1817498e+02   2.4095765e+02   3.4334992e+02   2.0748070e+02   2.5858093e+02   2.9142288e+02   3.2826430e+02   3.7962952e+02   1.9351875e+02   2.6244190e+02   2.8252933e+02   3.0070891e+02   2.5961414e+02   2.6168228e+02   2.0750406e+02   3.3982258e+02   1.7899962e+02   2.9645495e+02   3.5729458e+02   2.8238461e+02   2.9784965e+02   2.9441804e+02   3.0994588e+02   3.6389434e+02   3.3578076e+02
   2.9178903e+02   2.4898975e+02   2.1268070e+02   2.3855762e+02   2.6046943e+02   2.6330409e+02   2.3139756e+02   3.3700155e+02   2.0748070e+02   1.8024551e+02   2.9142288e+02   2.5671749e+02   2.9921392e+02   7.2048590e+01   2.1933500e+02   2.4637991e+02   2.5215808e+02   2.5961414e+02   2.6168228e+02   2.0750406e+02   2.6335366e+02   1.7899962e+02   2.5922004e+02   2.8056180e+02   2.8238461e+02   2.7028048e+02   2.5742859e+02   3.0994588e+02   3.0042198e+02   3.1308724e+02
   2.2300044e+02   1.9634949e+02   2.1268070e+02   1.6559994e+02   1.6750383e+02   2.2797142e+02   2.3139756e+02   2.0498876e+02   2.0748070e+02   1.8024551e+02   2.7828570e+02   2.5671749e+02   2.8868088e+02   7.2048590e+01   2.1933500e+02   2.2739442e+02   2.3893722e+02   2.5452691e+02   2.6168228e+02   1.8867680e+02   2.1973023e+02   1.6612691e+02   2.5922004e+02   2.7388977e+02   2.5423880e+02   2.1475161e+02   2.0409698e+02   2.0836527e+02   2.5246968e+02   1.3638924e+02
   1.5275000e+02   1.6278849e+02   1.3287455e+02   1.3509100e+02   1.1263476e+02   1.6085210e+02   1.3369523e+02   1.1310223e+02   1.2980722e+02   1.2584504e+02   1.4137206e+02   1.2965596e+02   1.5319884e+02   7.2048590e+01   1.8391119e+02   1.2842265e+02   1.0430949e+02   1.3070380e+02   1.9177960e+02   1.3859720e+02   6.7220114e+01   1.4389260e+02   1.1850929e+02   1.1682363e+02   9.8573031e+01   1.5243142e+02   1.6018141e+02   1.2467632e+02   1.6952969e+02   1.3638924e+02
   6.2890935e+01   5.6013733e+01   6.0682784e+01   7.2005697e+01   7.0180329e+01   6.2248430e+01   5.1492082e+01   4.3689895e+01   3.6270749e+01   5.0105576e+01   6.8386104e+01   5.7433116e+01   3.9696706e+01   7.2048590e+01   6.1483964e+01   7.1398917e+01   4.1668958e+01   6.8631943e+01   2.9419014e+01   5.4353214e+01   6.6984111e+01   3.4204060e+01   4.5883584e+01   6.5303433e+01   5.4163349e+01   6.4369732e+01   6.8685680e+01   5.6756318e+01   7.5898825e+01   6.1888284e+01
   3.8297798e+00   2.1045726e+00   1.8189806e+00   2.4513869e+00   2.1454018e+00   2.8913457e+00   4.4291445e+00   6.1256715e+00   2.4560565e+00   4.2685218e+00   2.0002516e+00   2.0142348e+00   4.8187240e+00   2.6072170e+00   1.3433627e+00   2.5181389e+00   3.5908717e+00   2.8269697e+00   3.1005628e+00   1.3622105e+00   3.1415753e+00   2.1049118e+00   2.4384335e+00   3.6785826e+00   1.0003429e+00   2.5448812e+00   2.3897628e+00   3.1605167e+00   3.2706224e+00   4.2759434e+00
   3.2145135e-04   2.3049217e-04   1.0605886e-03   1.0692260e-03   1.4276862e-03   9.8760415e-04   6.4610376e-04   6.6330887e-04   4.5886763e-04   5.5803387e-04   1.0700903e-03   8.9650516e-04   6.7293665e-04   8.0397168e-04   1.1264874e-03   3.7897112e-04   3.9449549e-04   4.0152360e-04   3.6673839e-04   5.7052037e-04   9.5146426e-04   1.8475189e-04   8.2334971e-04   5.5099679e-04   1.2319506e-03   6.4066092e-04   1.6632480e-03   3.8021476e-04   7.4237920e-04   2.5127225e-04
   0.0000000e+00   0.0000000e+00   0.0000000e+00   0.0000000e+00   0.0000000e+00   0.0000000e+00   0.0000000e+00   0.0000000e+00   0.0000000e+00   0.0000000e+00   0.0000000e+00   0.0000000e+00   0.0000000e+00   0.0000000e+00   0.0000000e+00   0.0000000e+00   0.0000000e+00   0.0000000e+00   0.0000000e+00   0.0000000e+00   0.0000000e+00   0.0000000e+00   0.0000000e+00   0.0000000e+00   0.0000000e+00   0.0000000e+00   0.0000000e+00   0.0000000e+00   0.0000000e+00   0.0000000e+00
   0.0000000e+00   0.0000000e+00   0.0000000e+00   0.0000000e+00   0.0000000e+00   0.0000000e+00   0.0000000e+00   0.0000000e+00   0.0000000e+00   0.0000000e+00   0.0000000e+00   0.0000000e+00   0.0000000e+00   0.0000000e+00   0.0000000e+00   0.0000000e+00   0.0000000e+00   0.0000000e+00   0.0000000e+00   0.0000000e+00   0.0000000e+00   0.0000000e+00   0.0000000e+00   0.0000000e+00   0.0000000e+00   0.0000000e+00   0.0000000e+00   0.0000000e+00   0.0000000e+00   0.0000000e+00
   0.0000000e+00   0.0000000e+00   0.0000000e+00   0.0000000e+00   0.0000000e+00   0.0000000e+00   0.0000000e+00   0.0000000e+00   0.0000000e+00   0.0000000e+00   0.0000000e+00   0.0000000e+00   0.0000000e+00   0.0000000e+00   0.0000000e+00   0.0000000e+00   0.0000000e+00   0.0000000e+00   0.0000000e+00   0.0000000e+00   0.0000000e+00   0.0000000e+00   0.0000000e+00   0.0000000e+00   0.0000000e+00   0.0000000e+00   0.0000000e+00   0.0000000e+00   0.0000000e+00   0.0000000e+00
   0.0000000e+00   0.0000000e+00   0.0000000e+00   0.0000000e+00   0.0000000e+00   0.0000000e+00   0.0000000e+00   0.0000000e+00   0.0000000e+00   0.0000000e+00   0.0000000e+00   0.0000000e+00   0.0000000e+00   0.0000000e+00   0.0000000e+00   0.0000000e+00   0.0000000e+00   0.0000000e+00   0.0000000e+00   0.0000000e+00   0.0000000e+00   0.0000000e+00   0.0000000e+00   0.0000000e+00   0.0000000e+00   0.0000000e+00   0.0000000e+00   0.0000000e+00   0.0000000e+00   0.0000000e+00
   0.0000000e+00   0.0000000e+00   0.0000000e+00   0.0000000e+00   0.0000000e+00   0.0000000e+00   0.0000000e+00   0.0000000e+00   0.0000000e+00   0.0000000e+00   0.0000000e+00   0.0000000e+00   0.0000000e+00   0.0000000e+00   0.0000000e+00   0.0000000e+00   0.0000000e+00   0.0000000e+00   0.0000000e+00   0.0000000e+00   0.0000000e+00   0.0000000e+00   0.0000000e+00   0.0000000e+00   0.0000000e+00   0.0000000e+00   0.0000000e+00   0.0000000e+00   0.0000000e+00   0.0000000e+00
