   1.6598437e+03   2.0578742e+03   1.6993807e+03   2.2187960e+03   1.5520292e+03   1.1693145e+03   1.7445140e+03   1.0993623e+03   2.0114739e+03   1.6289594e+03   1.4563012e+03   1.1594781e+03   1.8235890e+03   1.6422159e+03   2.1272272e+03   1.8164993e+03   1.1269397e+03   1.5665282e+03   1.5586989e+03   1.3247666e+03   1.8101982e+03   1.6849352e+03   2.2132171e+03   1.3471794e+03   1.6008340e+03   1.7990571e+03   1.8176830e+03   1.4908837e+03   1.7076222e+03   1.6863924e+03
   1.4422102e+03   1.6843339e+03   1.2876361e+03   1.3346467e+03   1.4597209e+03   1.1693145e+03   1.7332163e+03   1.0993623e+03   2.0114739e+03   1.6197694e+03   1.3878875e+03   1.1594781e+03   1.3913336e+03   1.4759011e+03   1.4886369e+03   1.3733415e+03   1.1269397e+03   1.5665282e+03   1.5586989e+03   1.3247666e+03   1.5452964e+03   1.0281353e+03   1.3493719e+03   1.3330237e+03   1.6008340e+03   1.4535147e+03   1.4643685e+03   1.0739294e+03   1.0403643e+03   1.4208524e+03
   1.2204459e+03   1.6531746e+03   9.6146380e+02   1.2655769e+03   1.1249855e+03   1.1325500e+03   1.1307705e+03   1.0993623e+03   1.4445612e+03   1.3608571e+03   1.1494531e+03   1.0703265e+03   1.3600483e+03   1.3316245e+03   1.4886369e+03   1.3733415e+03   1.1269397e+03   1.5665282e+03   1.3435448e+03   1.1366345e+03   1.5156649e+03   1.0281353e+03   1.1264497e+03   1.2781671e+03   1.3257522e+03   1.2013143e+03   1.2202524e+03   1.0739294e+03   9.6737969e+02   1.4208524e+03
   1.1788695e+03   7.8667917e+02   9.6146380e+02   1.0207338e+03   1.0764353e+03   7.9973863e+02   1.1307705e+03   8.5267567e+02   1.4445612e+03   1.1437924e+03   1.1494531e+03   1.0703265e+03   1.0872005e+03   9.7537153e+02   1.3407722e+03   9.8065810e+02   1.1246307e+03   1.4239217e+03   1.3435448e+03   1.0525097e+03   1.4557306e+03   9.3318681e+02   1.0981652e+03   1.1255149e+03   9.9373738e+02   1.0953512e+03   1.0954262e+03   1.0739294e+03   9.6737969e+02   1.1239843e+03
   7.6051012e+02   7.8667917e+02   7.7828721e+02   8.8094679e+02   9.5221429e+02   7.9554459e+02   9.0962369e+02   8.0669552e+02   9.4214112e+02   1.1437924e+03   8.8985848e+02   9.7974478e+02   1.0195546e+03   6.0842459e+02   8.6964467e+02   9.8065810e+02   8.3958679e+02   8.1494762e+02   1.0076355e+03   9.2384388e+02   9.9446197e+02   8.8633708e+02   9.8729699e+02   1.0725572e+03   9.3152305e+02   7.9563379e+02   9.2534864e+02   7.8139532e+02   6.7146460e+02   7.8591460e+02
   7.5917278e+02   7.7394289e+02   7.7828721e+02   8.6299115e+02   7.7891985e+02   7.7357203e+02   6.4589315e+02   7.3862250e+02   8.1423984e+02   1.0261982e+03   7.9210585e+02   6.5755373e+02   9.5857382e+02   5.6992623e+02   8.6964467e+02   6.8602085e+02   7.7642486e+02   8.1494762e+02   9.0001610e+02   8.4982613e+02   9.2326388e+02   7.7899980e+02   7.8510571e+02   6.4125269e+02   7.7488613e+02   6.5572385e+02   9.2534864e+02   7.1953274e+02   5.7840284e+02   7.2525502e+02
   7.0883678e+02   7.5230321e+02   7.1548892e+02   7.3535550e+02   7.3399550e+02   7.4711222e+02   6.4589315e+02   7.2191730e+02   6.6032511e+02   7.0185181e+02   6.0631770e+02   6.3856322e+02   7.4268226e+02   5.6992623e+02   8.2422465e+02   6.3098997e+02   7.5762867e+02   7.1319608e+02   7.9727612e+02   6.6499614e+02   8.1737970e+02   6.9487830e+02   6.6959829e+02   6.4076778e+02   6.6785399e+02   6.5572385e+02   8.5967515e+02   7.1953274e+02   5.7840284e+02   7.2525502e+02
   5.2428948e+02   5.3191132e+02   6.5339614e+02   6.3810225e+02   5.9024679e+02   5.6300781e+02   5.1091101e+02   5.4327389e+02   6.3847618e+02   6.8111176e+02   5.6066282e+02   4.8518241e+02   6.7205855e+02   5.6990311e+02   6.5007042e+02   6.1646404e+02   6.4747137e+02   6.5251206e+02   6.1607695e+02   5.5781460e+02   6.6693134e+02   5.8608757e+02   6.1083475e+02   6.1787800e+02   5.8386242e+02   5.9762450e+02   7.0549654e+02   5.9583130e+02   5.3275973e+02   5.9588224e+02
   5.1130512e+02   4.8547614e+02   5.3258586e+02   5.6305890e+02   5.5556076e+02   4.9025345e+02   4.9626874e+02   5.0707304e+02   4.9628433e+02   5.5292701e+02   5.0995178e+02   4.6714511e+02   5.3038616e+02   4.8879170e+02   5.1582551e+02   5.5767661e+02   5.2653897e+02   5.5722180e+02   5.4375354e+02   4.9533141e+02   5.6484772e+02   4.7937010e+02   5.2224870e+02   5.3983350e+02   5.0555526e+02   4.9738069e+02   5.4016892e+02   5.6395175e+02   5.3264382e+02   4.9968009e+02
   4.4638763e+02   4.4729575e+02   4.6598859e+02   4.6024163e+02   4.1939530e+02   4.3315109e+02   4.3164670e+02   4.2748762e+02   4.5963626e+02   4.6283724e+02   4.4638829e+02   4.4421820e+02   4.2798951e+02   4.3518329e+02   4.4188768e+02   4.7256226e+02   4.6271144e+02   4.4739532e+02   4.6352041e+02   4.5146802e+02   4.6722947e+02   4.4341096e+02   4.5114188e+02   4.5492577e+02   4.4323942e+02   4.4195493e+02   4.4810538e+02   4.3854622e+02   4.4801705e+02   4.5329005e+02
   4.1072430e+02   4.1330141e+02   4.1704179e+02   4.1678662e+02   4.1283408e+02   4.1396853e+02   4.0760494e+02   4.1170846e+02   4.1242433e+02   4.1545056e+02   4.1153419e+02   4.1374976e+02   4.1062421e+02   4.1247191e+02   4.1210855e+02   4.1978116e+02   4.1916470e+02   4.1102275e+02   4.1250331e+02   4.1159473e+02   4.1440937e+02   4.0904132e+02   4.1214853e+02   4.0864071e+02   4.0911625e+02   4.1131633e+02   4.1017275e+02   4.1123960e+02   4.1611844e+02   4.1525297e+02
   4.0107230e+02   4.0148954e+02   4.0173320e+02   4.0168072e+02   4.0151470e+02   4.0123044e+02   4.0089177e+02   4.0125208e+02   4.0158350e+02   4.0112330e+02   4.0142277e+02   4.0120130e+02   4.0086814e+02   4.0129260e+02   4.0141257e+02   4.0247257e+02   4.0207956e+02   4.0154881e+02   4.0128386e+02   4.0139460e+02   4.0151849e+02   4.0128233e+02   4.0075936e+02   4.0104535e+02   4.0119224e+02   4.0106930e+02   4.0123092e+02   4.0148886e+02   4.0144085e+02   4.0225334e+02
   4.0004449e+02   4.0003855e+02   4.0006318e+02   4.0006204e+02   4.0004254e+02   4.0005868e+02   4.0004161e+02   4.0003740e+02   4.0002592e+02   4.0005684e+02   4.0003071e+02   4.0004892e+02   4.0003499e+02   4.0005367e+02   4.0004638e+02   4.0006538e+02   4.0008615e+02   4.0007716e+02   4.0005389e+02   4.0004177e+02   4.0005307e+02   4.0003928e+02   4.0004682e+02   4.0004050e+02   4.0004090e+02   4.0004296e+02   4.0004796e+02   4.0006079e+02   4.0004324e+02   4.0007433e+02
   4.0000020e+02   4.0000011e+02   4.0000032e+02   4.0000026e+02   4.0000014e+02   4.0000030e+02   4.0000016e+02   4.0000013e+02   4.0000024e+02   4.0000029e+02   4.0000022e+02   4.0000019e+02   4.0000012e+02   4.0000015e+02   4.0000019e+02   4.0000041e+02   4.0000038e+02   4.0000033e+02   4.0000020e+02   4.0000020e+02   4.0000023e+02   4.0000015e+02   4.0000022e+02   4.0000020e+02   4.0000015e+02   4.0000014e+02   4.0000021e+02   4.0000024e+02   4.0000012e+02   4.0000029e+02
   4.0000000e+02   4.0000000e+02   4.0000000e+02   4.0000000e+02   4.0000000e+02   4.0000000e+02   4.0000000e+02   4.0000000e+02   4.0000000e+02   4.0000000e+02   4.0000000e+02   4.0000000e+02   4.0000000e+02   4.0000000e+02   4.0000000e+02   4.0000000e+02   4.0000000e+02   4.0000000e+02   4.0000000e+02   4.0000000e+02   4.0000000e+02   4.0000000e+02   4.0000000e+02   4.0000000e+02   4.0000000e+02   4.0000000e+02   4.0000000e+02   4.0000000e+02   4.0000000e+02   4.0000000e+02
   4.0000000e+02   4.0000000e+02   4.0000000e+02   4.0000000e+02   4.0000000e+02   4.0000000e+02   4.0000000e+02   4.0000000e+02   4.0000000e+02   4.0000000e+02   4.0000000e+02   4.0000000e+02   4.0000000e+02   4.0000000e+02   4.0000000e+02   4.0000000e+02   4.0000000e+02   4.0000000e+02   4.0000000e+02   4.0000000e+02   4.0000000e+02   4.0000000e+02   4.0000000e+02   4.0000000e+02   4.0000000e+02   4.0000000e+02   4.0000000e+02   4.0000000e+02   4.0000000e+02   4.0000000e+02
