   4.3556530e+02   4.1344043e+02   3.6925261e+02   3.3023924e+02   3.8311958e+02   3.4048425e+02   3.1768276e+02   2.1510756e+02   3.8800781e+02   4.3850964e+02   3.7523034e+02   3.3580986e+02   4.3357680e+02   4.0058217e+02   3.9342107e+02   3.6792678e+02   4.7081760e+02   3.8449377e+02   3.7861397e+02   3.4542392e+02   3.2964187e+02   4.5633638e+02   3.8505565e+02   3.5094862e+02   3.5561266e+02   4.2334353e+02   4.2631413e+02   3.5891610e+02   3.8008101e+02   4.7085823e+02
   3.8787482e+02   4.0517640e+02   1.9313301e+02   2.7132876e+02   2.6453997e+02   3.4048425e+02   2.7052725e+02   2.1510756e+02   3.7940538e+02   3.1358911e+02   3.0586604e+02   1.8057812e+02   2.3171871e+02   1.8107472e+02   2.6533523e+02   2.4080816e+02   2.9078436e+02   3.8449377e+02   2.5243670e+02   2.9813756e+02   3.2102879e+02   3.3194580e+02   3.5815168e+02   2.1375584e+02   3.5066943e+02   3.5815228e+02   2.2902154e+02   3.4634871e+02   3.2879972e+02   3.7079230e+02
   9.7848051e+01   2.5386875e+02   1.5716405e+02   2.2875807e+02   2.5255834e+02   2.1942302e+02   1.2000174e+02   2.1510756e+02   3.2399870e+02   2.6120014e+02   1.3648244e+02   1.6890831e+02   1.6787620e+02   1.1274791e+02   1.8503533e+02   1.9107647e+02   1.5459261e+02   1.0225467e+02   2.5243670e+02   2.0708875e+02   1.8728480e+02   2.0194618e+02   2.9277432e+02   1.8514772e+02   1.6734447e+02   2.7423545e+02   2.2171256e+02   2.8371735e+02   1.2702016e+02   2.5133777e+02
   9.7848051e+01   1.3990860e+02   1.2110879e+02   1.4845212e+02   1.2421082e+02   1.9963675e+02   1.2000174e+02   1.6985497e+02   2.0969622e+02   1.3455814e+02   1.3648244e+02   1.1499371e+02   1.5508372e+02   1.1274791e+02   1.7895587e+02   8.4745465e+01   1.0660093e+02   5.6955467e+01   1.8925351e+02   2.0708875e+02   1.8728480e+02   1.7092250e+02   1.4906775e+02   1.1973214e+02   1.6734447e+02   9.6037760e+01   1.9851448e+02   1.3420744e+02   1.2702016e+02   2.0347332e+02
   3.3051330e+01   1.0365697e+02   6.4683037e+01   8.9301637e+01   7.7894735e+01   8.7695439e+01   5.3743470e+01   8.7175110e+01   9.8114217e+01   9.4381779e+01   1.1830964e+02   7.7707876e+01   8.1809957e+01   8.7536832e+01   7.9818097e+01   4.9416939e+01   7.0752489e+01   5.6955467e+01   1.0639233e+02   6.9466893e+01   9.2850295e+01   1.1324557e+02   8.9051081e+01   7.8454708e+01   6.8336868e+01   6.7798497e+01   9.2059707e+01   1.1880967e+02   9.3257000e+01   6.3026562e+01
   2.4525818e+01   5.4658066e+01   5.8386325e+01   5.1043447e+01   3.8409760e+01   6.0933743e+01   3.9067372e+01   7.0196928e+01   5.0305847e+01   2.6304069e+01   4.2847045e+01   5.0549952e+01   3.5187325e+01   5.8828498e+01   1.2906014e+01   3.5244558e+01   4.2976999e+01   5.6955467e+01   5.6659038e+01   6.3577783e+01   3.2459529e+01   4.9787094e+01   3.8203855e+01   4.9075698e+01   4.3397429e+01   4.3071403e+01   5.7051215e+01   4.1282780e+01   5.4963911e+01   5.6599357e+01
   2.4525818e+01   2.5871430e+01   3.9505887e+01   2.2531120e+01   2.7099544e+01   1.5794328e+01   3.6774646e+01   2.8276522e+01   2.3402582e+01   6.8890253e+00   2.3506397e+01   2.3088730e+01   2.4695742e+01   2.7281462e+01   1.2906014e+01   2.0955099e+01   2.8926095e+01   3.1939747e+01   2.8578705e+01   1.7213652e+01   1.7529815e+01   3.0939819e+01   3.0292036e+01   2.4847100e+01   3.7878333e+01   2.2849240e+01   3.3258684e+01   2.8574304e+01   2.0816402e+01   3.5636531e+01
   4.7643675e+00   3.8461375e+00   3.1588737e+00   5.4356968e+00   2.1626119e+00   3.8496671e+00   1.0846813e+01   2.3293876e+00   7.4083847e+00   6.5724336e+00   2.8361059e+00   1.6854067e+00   2.8102482e+00   3.8917234e+00   3.0802230e+00   1.4693199e+00   2.6960047e+00   3.0736947e+00   1.3977057e+00   6.3850336e+00   7.2732906e+00   3.6557069e+00   5.2856085e+00   4.0739319e+00   4.8945472e+00   1.7982997e+00   2.4291227e+00   6.5936270e+00   1.5575814e+00   3.7980938e+00
   1.0520031e-02   5.7930621e-02   3.9160406e-02   1.2617211e-02   1.4387471e-02   2.3172451e-02   7.1419675e-02   5.2200136e-02   4.0605419e-02   7.4516885e-02   3.0044521e-02   6.6370339e-02   3.6910246e-02   5.2398596e-02   6.2855897e-02   3.4264089e-02   6.8807095e-02   3.5203408e-02   1.4602000e-02   1.3338380e-01   8.5903282e-02   2.3509440e-02   3.5161028e-02   2.1913076e-02   2.0141258e-02   2.0874809e-02   3.1842975e-02   3.4835150e-02   1.5848707e-02   5.2825430e-02
   4.3697017e-05   7.1283755e-05   2.4821030e-05   3.0877582e-05   1.4163982e-05   2.6766747e-06   2.9348196e-05   1.5647686e-05   7.0570643e-05   1.2565508e-05   4.2411846e-05   7.9969456e-06   2.1924791e-07   7.3431806e-05   2.5373712e-05   1.1132867e-05   1.0287435e-05   2.9608987e-06   4.7252794e-06   1.3352773e-04   2.6093129e-05   1.7509294e-05   1.2674131e-05   5.6161828e-06   1.8960968e-05   2.3966780e-06   7.1040646e-06   1.4753427e-05   4.7991023e-06   8.6084068e-06
   0.0000000e+00   0.0000000e+00   0.0000000e+00   0.0000000e+00   0.0000000e+00   0.0000000e+00   0.0000000e+00   0.0000000e+00   0.0000000e+00   0.0000000e+00   0.0000000e+00   0.0000000e+00   0.0000000e+00   0.0000000e+00   0.0000000e+00   0.0000000e+00   0.0000000e+00   0.0000000e+00   0.0000000e+00   0.0000000e+00   0.0000000e+00   0.0000000e+00   0.0000000e+00   0.0000000e+00   0.0000000e+00   0.0000000e+00   0.0000000e+00   0.0000000e+00   0.0000000e+00   0.0000000e+00
   0.0000000e+00   0.0000000e+00   0.0000000e+00   0.0000000e+00   0.0000000e+00   0.0000000e+00   0.0000000e+00   0.0000000e+00   0.0000000e+00   0.0000000e+00   0.0000000e+00   0.0000000e+00   0.0000000e+00   0.0000000e+00   0.0000000e+00   0.0000000e+00   0.0000000e+00   0.0000000e+00   0.0000000e+00   0.0000000e+00   0.0000000e+00   0.0000000e+00   0.0000000e+00   0.0000000e+00   0.0000000e+00   0.0000000e+00   0.0000000e+00   0.0000000e+00   0.0000000e+00   0.0000000e+00
   0.0000000e+00   0.0000000e+00   0.0000000e+00   0.0000000e+00   0.0000000e+00   0.0000000e+00   0.0000000e+00   0.0000000e+00   0.0000000e+00   0.0000000e+00   0.0000000e+00   0.0000000e+00   0.0000000e+00   0.0000000e+00   0.0000000e+00   0.0000000e+00   0.0000000e+00   0.0000000e+00   0.0000000e+00   0.0000000e+00   0.0000000e+00   0.0000000e+00   0.0000000e+00   0.0000000e+00   0.0000000e+00   0.0000000e+00   0.0000000e+00   0.0000000e+00   0.0000000e+00   0.0000000e+00
   0.0000000e+00   0.0000000e+00   0.0000000e+00   0.0000000e+00   0.0000000e+00   0.0000000e+00   0.0000000e+00   0.0000000e+00   0.0000000e+00   0.0000000e+00   0.0000000e+00   0.0000000e+00   0.0000000e+00   0.0000000e+00   0.0000000e+00   0.0000000e+00   0.0000000e+00   0.0000000e+00   0.0000000e+00   0.0000000e+00   0.0000000e+00   0.0000000e+00   0.0000000e+00   0.0000000e+00   0.0000000e+00   0.0000000e+00   0.0000000e+00   0.0000000e+00   0.0000000e+00   0.0000000e+00
   0.0000000e+00   0.0000000e+00   0.0000000e+00   0.0000000e+00   0.0000000e+00   0.0000000e+00   0.0000000e+00   0.0000000e+00   0.0000000e+00   0.0000000e+00   0.0000000e+00   0.0000000e+00   0.0000000e+00   0.0000000e+00   0.0000000e+00   0.0000000e+00   0.0000000e+00   0.0000000e+00   0.0000000e+00   0.0000000e+00   0.0000000e+00   0.0000000e+00   0.0000000e+00   0.0000000e+00   0.0000000e+00   0.0000000e+00   0.0000000e+00   0.0000000e+00   0.0000000e+00   0.0000000e+00
   0.0000000e+00   0.0000000e+00   0.0000000e+00   0.0000000e+00   0.0000000e+00   0.0000000e+00   0.0000000e+00   0.0000000e+00   0.0000000e+00   0.0000000e+00   0.0000000e+00   0.0000000e+00   0.0000000e+00   0.0000000e+00   0.0000000e+00   0.0000000e+00   0.0000000e+00   0.0000000e+00   0.0000000e+00   0.0000000e+00   0.0000000e+00   0.0000000e+00   0.0000000e+00   0.0000000e+00   0.0000000e+00   0.0000000e+00   0.0000000e+00   0.0000000e+00   0.0000000e+00   0.0000000e+00
