   3.0598833e+05   2.3169019e+04   5.6236234e+05   2.9179220e+06   1.7787729e+06   9.3618668e+06   1.5258845e+06   1.1741988e+06   4.8626326e+05   9.5428632e+05   1.8957865e+06   8.2067399e+06   6.4261660e+05   3.3847202e+06   1.8163370e+06   1.5812373e+06   1.1021552e+06   1.0060652e+06   8.3636918e+05   2.0407565e+06   5.6459665e+05   6.9749364e+05   1.0313182e+06   1.2249316e+06   2.6026183e+06   2.3743952e+05   3.4799668e+06   1.2684075e+06   8.8999398e+05   1.6587562e+06
   3.0598833e+05   2.3169019e+04   5.6236234e+05   2.9179220e+06   9.2617472e+05   3.6800174e+06   1.5258845e+06   7.6678365e+05   2.6204989e+05   1.9704993e+05   1.8957865e+06   8.2067399e+06   5.5793724e+05   4.2880918e+05   1.3108646e+06   1.5812082e+06   1.1021552e+06   1.0060652e+06   8.3636918e+05   2.0407565e+06   5.6459665e+05   6.9749364e+05   1.0313182e+06   1.2249316e+06   2.6021679e+06   2.3743952e+05   3.3266475e+06   1.2681658e+06   8.8999398e+05   1.2016886e+06
   3.0598833e+05   2.3169019e+04   1.1109243e+04   2.0450812e+06   9.2554657e+05   1.3557448e+06   1.5258845e+06   7.6678365e+05   2.6204989e+05   1.9670306e+05   1.8957647e+06   8.2067399e+06   5.5791154e+05   4.2879052e+05   1.3108646e+06   1.5809333e+06   1.1021552e+06   1.0055513e+06   4.9635401e+05   7.8672968e+05   5.6459665e+05   4.2214538e+04   1.0313182e+06   1.2249316e+06   2.6020766e+06   2.3743922e+05   3.1026913e+05   1.2681658e+06   8.7466782e+05   9.2416634e+05
   3.0598833e+05   2.3169019e+04   1.1109243e+04   2.0450812e+06   6.0862250e+05   1.0766284e+06   7.4138710e+05   7.6678365e+05   2.6204989e+05   1.9670306e+05   1.8957647e+06   3.7526495e+05   5.5791154e+05   4.2879052e+05   7.1249343e+05   1.7795563e+05   1.1021552e+06   7.7676729e+05   4.9635401e+05   7.8672968e+05   2.4019216e+05   4.2214538e+04   1.0313182e+06   1.2249316e+06   1.7003576e+05   2.3743922e+05   3.1026913e+05   1.0109331e+06   2.5687884e+05   9.2416634e+05
   3.0281936e+05   2.3155998e+04   1.1109243e+04   1.0097736e+06   6.0862250e+05   1.3731479e+05   7.4138710e+05   6.6899701e+04   2.6167829e+05   1.9651982e+05   6.4611229e+05   1.1356386e+05   2.1814807e+05   4.2878172e+05   3.3478667e+05   1.6786978e+05   2.1898970e+05   2.3780604e+05   4.9635401e+05   7.8672968e+05   2.4019216e+05   4.2155430e+04   1.0311127e+06   1.5434878e+05   1.7003576e+05   2.3740508e+05   3.1026913e+05   2.5324850e+05   2.5683306e+05   9.2416634e+05
   1.9449161e+05   2.3117114e+04   1.1109243e+04   7.1664079e+05   1.9468640e+05   9.3790870e+04   1.0837072e+04   6.4661223e+04   2.6167829e+05   1.9651982e+05   6.4567701e+05   1.1356386e+05   2.1814807e+05   4.2878172e+05   2.9291425e+05   2.8268143e+04   2.1699569e+05   2.3481573e+05   1.2749665e+04   1.3062681e+05   3.1574947e+04   3.1878283e+04   4.3649130e+05   1.5434878e+05   1.6909510e+05   1.2725218e+05   3.0706244e+05   1.0863636e+05   4.1069191e+04   3.5318374e+05
   7.2022613e+03   2.3102943e+04   1.1109243e+04   2.5946440e+05   1.9430980e+05   4.5417594e+04   1.4459729e+03   3.5435850e+04   2.3670845e+05   2.0615503e+04   3.9683252e+04   1.1356386e+05   3.3322989e+04   4.9208179e+04   1.1018294e+05   1.9316533e+04   6.2548697e+04   8.4804628e+04   1.1275618e+04   1.1535135e+05   3.0377484e+04   2.9817399e+04   4.2665738e+05   6.7764731e+04   1.6090222e+05   1.2725218e+05   1.3365393e+04   1.0825591e+05   3.8788519e+04   8.3950438e+04
   6.7743451e+03   1.4966799e+04   1.0282357e+04   1.2976347e+04   5.2996756e+04   1.9568848e+04   1.3610270e+03   1.7947712e+04   1.4598838e+05   2.0601859e+04   2.3354585e+04   2.5183155e+04   3.1024275e+04   9.3991053e+03   7.1171828e+03   1.8059727e+04   1.6475437e+04   1.0273836e+04   6.4132040e+03   3.1679716e+04   2.2930920e+04   1.4308017e+04   3.4709961e+04   4.0705985e+04   4.6050712e+04   5.3557074e+03   1.8788196e+03   8.7975067e+03   3.2035804e+04   1.9405591e+04
   1.0416838e+03   3.8264201e+03   3.4830957e+03   3.3304494e+03   2.5237187e+03   2.2185218e+02   5.8950284e+02   1.0647830e+03   1.7629475e+03   2.7183221e+03   5.0967786e+03   5.7781900e+03   4.3888825e+03   1.8049474e+03   2.2299281e+03   4.1731566e+03   3.9896061e+03   1.0392578e+03   9.8334720e+02   2.0260653e+03   2.4675424e+03   1.6811613e+03   6.0753401e+03   2.7119426e+03   6.3300662e+03   4.5255459e+03   1.3556442e+03   2.7099367e+03   2.9941965e+03   2.5239160e+03
   1.4229429e+02   4.8574413e+02   9.3316838e+02   4.4596863e+02   7.6813484e+02   2.2185218e+02   4.5265745e+02   5.4530191e+02   8.9070983e+02   6.4187993e+02   1.9030765e+02   7.2143215e+02   5.2079312e+02   6.4935658e+02   6.1951455e+02   4.9834655e+02   9.3761458e+02   5.7195535e+02   2.9715635e+02   4.1274863e+02   8.3729879e+02   6.5728347e+02   4.2501002e+02   1.3091957e+02   6.7264472e+02   4.9446778e+02   2.2239993e+02   4.4736527e+02   7.9398592e+02   8.7189748e+02
   5.4010786e+01   1.0676557e+02   9.1844458e+01   6.0184947e+01   5.0277783e+01   8.3787162e+01   1.0735728e+02   1.6628582e+02   5.1308272e+01   7.6872080e+01   7.8296538e+01   1.0191373e+02   1.1680970e+02   4.4395859e+01   3.3292833e+01   3.1552616e+01   4.5285039e+01   9.0497408e+01   1.2931866e+02   1.0088884e+02   1.2947140e+02   9.1782773e+01   8.1771609e+01   5.4806603e+01   1.0430605e+02   4.6589007e+01   1.2346780e+02   1.1309321e+02   4.3005775e+01   1.2198070e+02
   7.9382876e+00   1.4120409e+01   9.9199128e+00   1.2370312e+01   9.9320212e+00   1.3649649e+01   1.2065101e+01   6.7350278e+00   1.2035696e+01   1.3946871e+01   4.7411756e+00   5.0196670e+00   1.0371638e+01   1.4528798e+01   1.0887910e+01   1.6767278e+01   9.0208945e+00   1.4470573e+01   1.1192640e+01   1.3175900e+01   1.2430232e+01   6.8900397e+00   9.8541691e+00   1.0204550e+01   1.2335435e+01   8.1585895e+00   2.2915866e+01   1.4950040e+01   8.8075168e+00   7.0960773e+00
   2.5414361e+00   2.5564526e+00   2.2948234e+00   2.4150389e+00   2.5344372e+00   2.0335181e+00   2.5950357e+00   1.2471376e+00   1.7998531e+00   2.4481662e+00   2.0603514e+00   1.8340337e+00   2.6206394e+00   2.5900117e+00   2.0393085e+00   2.3707285e+00   1.5855603e+00   3.1825003e+00   2.7014653e+00   2.0116286e+00   2.6033644e+00   1.8666445e+00   2.2207249e+00   1.9897902e+00   2.0627052e+00   2.3146888e+00   2.5400739e+00   1.8164293e+00   2.1623265e+00   1.8147267e+00
   4.1380505e-01   7.1810588e-01   3.3635198e-01   6.8150208e-01   6.6001350e-01   6.7483939e-01   6.5845571e-01   6.4156908e-01   7.4586271e-01   6.6875251e-01   8.2940887e-01   7.7575275e-01   9.4209475e-01   8.3873621e-01   6.6293284e-01   8.0903708e-01   7.5330000e-01   9.8177394e-01   4.9024378e-01   1.0156792e+00   7.4129156e-01   4.7115716e-01   7.3231649e-01   3.3322478e-01   6.8586274e-01   4.6929587e-01   7.4542410e-01   3.3155096e-01   6.7618073e-01   7.0248771e-01
   2.8292245e-02   5.7059209e-02   2.0319496e-02   5.8446353e-02   1.7907354e-02   5.6312035e-02   4.4868476e-02   1.4886797e-02   3.0947807e-02   5.0414408e-02   3.7144925e-02   3.3372586e-02   3.3128987e-02   2.2045772e-02   6.6921533e-02   5.3373455e-02   5.6341909e-02   5.2690783e-02   2.9137430e-02   2.4791499e-02   6.4066132e-02   3.4738274e-02   3.6440018e-02   2.2468467e-02   3.3454911e-02   6.1918232e-02   3.1635978e-02   5.7549776e-02   5.2352802e-02   3.5395318e-02
   7.2455022e-06   2.7759538e-05   6.6888278e-05   8.1413807e-05   9.6597107e-05   2.4824002e-04   2.7687871e-04   3.2649656e-04   4.8141557e-04   5.1745751e-04   5.2295800e-04   6.1556863e-04   6.9312046e-04   7.6463106e-04   8.1942617e-04   9.5676829e-04   1.1067241e-03   1.2174851e-03   1.2248393e-03   1.6235464e-03   1.8865826e-03   2.0798366e-03   2.3894793e-03   2.5148358e-03   2.5876810e-03   2.9437656e-03   3.0697481e-03   3.5966348e-03   3.6523919e-03   6.0855881e-03
