   1.1921153e+06   4.7226323e+06   8.4355388e+05   8.8654475e+06   1.5688273e+06   6.5989052e+06   1.0362338e+07   4.5877837e+06   1.0658652e+07   1.1270443e+07   3.5276157e+06   1.4497808e+07   6.4179325e+06   1.0751222e+07   3.2121162e+06   7.5280542e+06   8.0761573e+06   1.0094673e+07   3.8552359e+06   4.9680952e+06   7.5478836e+06   5.4338704e+06   3.8389191e+06   3.8985338e+06   7.1210999e+06   1.3207778e+06   5.5880402e+06   3.4076476e+06   1.6125118e+07   5.6471468e+06
   5.5503825e+04   1.3974875e+05   8.4322126e+05   4.5774819e+05   1.5688273e+06   3.6017338e+06   2.4633954e+06   8.9298741e+05   3.0784153e+06   1.2970048e+06   3.3849489e+06   1.2692137e+06   3.4440109e+06   8.0032290e+05   3.2121162e+06   2.4755443e+06   1.2159702e+06   7.1340126e+06   3.8552359e+06   1.5723149e+06   7.5478836e+06   3.0154691e+06   3.5328212e+06   2.1824511e+06   4.1791834e+06   1.3207778e+06   1.3109245e+06   7.3187341e+04   2.5603674e+06   4.8919225e+06
   5.5503825e+04   1.3974875e+05   8.4169541e+05   1.5253091e+05   1.5688273e+06   2.4171629e+06   2.1429755e+06   8.9298741e+05   2.4511823e+05   1.2970048e+06   9.9611867e+05   1.0236175e+06   5.6464213e+05   6.2445112e+04   8.7320129e+05   2.9009167e+05   7.2104285e+05   4.2526083e+06   1.3946377e+04   1.5723149e+06   8.9099937e+05   5.0546840e+04   4.5437654e+05   2.1890278e+05   1.1302490e+06   1.6525373e+05   3.1176730e+05   7.1694176e+04   2.5792706e+05   1.9706373e+05
   5.5503825e+04   1.3974875e+05   3.2780382e+05   1.5253091e+05   2.4705639e+05   4.5041880e+04   1.5920009e+06   1.4478662e+05   1.4591201e+05   1.2967456e+06   1.4934121e+04   4.3544152e+05   5.0280815e+05   6.2445112e+04   8.7320129e+05   2.9009167e+05   3.4691344e+05   9.2149350e+05   1.3946377e+04   1.8255339e+05   2.1944462e+05   5.0546840e+04   1.3814072e+05   2.1890278e+05   4.3455405e+05   1.6525373e+05   3.1176730e+05   7.1694176e+04   2.5792706e+05   1.9706373e+05
   3.5854711e+04   5.8513518e+04   4.1946965e+03   1.3174116e+04   2.4705639e+05   5.6377076e+03   2.0737397e+05   5.3795637e+04   1.1111306e+05   7.4688903e+04   1.4934121e+04   8.0243927e+04   5.5015453e+04   1.8324211e+04   2.4164805e+05   1.1571560e+05   1.0163460e+04   5.2439612e+03   1.3650729e+04   1.0027793e+05   2.1903186e+05   7.0233830e+02   6.3017250e+04   5.3003741e+04   2.0788623e+04   8.4451543e+03   2.0489950e+05   4.8436744e+04   2.1685429e+05   3.4203273e+04
   1.1746381e+04   8.3070845e+03   4.1946965e+03   7.1304102e+03   6.6819685e+03   5.6377076e+03   2.1902639e+04   3.3758116e+04   6.0765279e+03   1.7267069e+03   1.4712129e+04   7.0644023e+03   9.2525740e+03   6.8607832e+03   5.4242323e+03   2.0300663e+03   1.3578003e+03   5.2439612e+03   5.1420784e+03   1.7910259e+03   5.8496383e+04   7.0233830e+02   1.2629617e+04   4.6619831e+03   2.9166347e+03   8.2571881e+03   7.3739818e+04   1.3281898e+04   5.1145394e+03   3.4373314e+03
   3.0123369e+02   1.3048509e+03   4.1841889e+03   1.4585893e+03   1.4099780e+03   1.8831473e+03   7.0048006e+02   2.5768249e+03   1.8460995e+02   1.7267069e+03   1.5444843e+03   5.3331496e+02   1.0091301e+03   2.3844037e+02   1.4343173e+03   2.0092884e+03   9.1109222e+02   2.0581617e+03   9.1776746e+02   1.7895255e+02   1.0061499e+03   1.9939541e+02   3.2869553e+02   1.6300956e+03   7.7062034e+02   5.1961319e+02   8.0902370e+02   5.1447753e+02   2.4548051e+03   1.2149786e+03
   5.0278806e+01   7.1615858e+01   6.5941742e+01   8.5947918e+01   6.4117016e+01   8.1777258e+01   5.8197416e+00   5.0357739e+01   6.3954958e+00   7.7611564e+01   8.8241293e+01   1.8888601e+01   4.2710273e+01   5.0954653e+01   5.2818295e+01   7.7599727e+00   5.0990110e+01   6.8058807e+01   8.6317502e+00   3.3231383e+01   3.3953339e+01   3.4938074e+01   3.0711917e+01   5.0060091e+01   3.6152953e+01   3.5363864e+01   5.3256416e+01   2.3155875e+01   8.0557392e+01   1.9429400e+01
   4.8652390e-01   1.2857363e-01   3.5864308e-01   7.3663758e-01   2.0620195e-01   5.4610220e-02   8.8959929e-01   3.4091149e-01   1.9237526e-01   8.5377745e-01   5.8010475e-01   1.7989725e+00   6.8335731e-02   1.4444726e-02   1.2085741e-01   7.0985152e-01   7.8060661e-02   9.6889611e-01   4.6708860e-01   1.1701715e+00   9.9763803e-01   4.4033938e-01   6.8417875e-01   1.4982781e-01   2.0891136e-01   2.7474472e-01   2.0754455e-01   4.1907695e-01   1.4005095e+00   1.4473509e+00
   9.2027232e-05   1.2892765e-04   4.3299881e-04   2.5633962e-04   1.0737274e-04   1.4466575e-03   1.3957123e-04   7.5390552e-05   3.4123323e-05   2.5944011e-04   3.5725907e-04   1.1240950e-04   2.8842645e-05   2.5889601e-04   1.4795951e-04   1.6018890e-04   2.9808676e-04   6.3395759e-04   1.0844937e-04   2.3007330e-04   9.3249209e-04   1.9884215e-04   1.6399482e-04   2.6708439e-04   1.6851969e-04   1.6681298e-04   3.0988934e-05   9.2746734e-05   2.7489219e-04   1.9326246e-04
   0.0000000e+00   0.0000000e+00   0.0000000e+00   1.6136255e-08   0.0000000e+00   5.4693146e-08   0.0000000e+00   0.0000000e+00   0.0000000e+00   0.0000000e+00   0.0000000e+00   2.2448148e-08   0.0000000e+00   1.3929593e-08   6.1236733e-08   5.8152864e-08   0.0000000e+00   2.0419748e-08   0.0000000e+00   0.0000000e+00   9.6827989e-08   0.0000000e+00   0.0000000e+00   1.5929800e-08   0.0000000e+00   0.0000000e+00   0.0000000e+00   0.0000000e+00   7.1651129e-08   1.8524815e-08
   0.0000000e+00   0.0000000e+00   0.0000000e+00   0.0000000e+00   0.0000000e+00   0.0000000e+00   0.0000000e+00   0.0000000e+00   0.0000000e+00   0.0000000e+00   0.0000000e+00   0.0000000e+00   0.0000000e+00   0.0000000e+00   0.0000000e+00   0.0000000e+00   0.0000000e+00   0.0000000e+00   0.0000000e+00   0.0000000e+00   0.0000000e+00   0.0000000e+00   0.0000000e+00   0.0000000e+00   0.0000000e+00   0.0000000e+00   0.0000000e+00   0.0000000e+00   0.0000000e+00   0.0000000e+00
   0.0000000e+00   0.0000000e+00   0.0000000e+00   0.0000000e+00   0.0000000e+00   0.0000000e+00   0.0000000e+00   0.0000000e+00   0.0000000e+00   0.0000000e+00   0.0000000e+00   0.0000000e+00   0.0000000e+00   0.0000000e+00   0.0000000e+00   0.0000000e+00   0.0000000e+00   0.0000000e+00   0.0000000e+00   0.0000000e+00   0.0000000e+00   0.0000000e+00   0.0000000e+00   0.0000000e+00   0.0000000e+00   0.0000000e+00   0.0000000e+00   0.0000000e+00   0.0000000e+00   0.0000000e+00
   0.0000000e+00   0.0000000e+00   0.0000000e+00   0.0000000e+00   0.0000000e+00   0.0000000e+00   0.0000000e+00   0.0000000e+00   0.0000000e+00   0.0000000e+00   0.0000000e+00   0.0000000e+00   0.0000000e+00   0.0000000e+00   0.0000000e+00   0.0000000e+00   0.0000000e+00   0.0000000e+00   0.0000000e+00   0.0000000e+00   0.0000000e+00   0.0000000e+00   0.0000000e+00   0.0000000e+00   0.0000000e+00   0.0000000e+00   0.0000000e+00   0.0000000e+00   0.0000000e+00   0.0000000e+00
   0.0000000e+00   0.0000000e+00   0.0000000e+00   0.0000000e+00   0.0000000e+00   0.0000000e+00   0.0000000e+00   0.0000000e+00   0.0000000e+00   0.0000000e+00   0.0000000e+00   0.0000000e+00   0.0000000e+00   0.0000000e+00   0.0000000e+00   0.0000000e+00   0.0000000e+00   0.0000000e+00   0.0000000e+00   0.0000000e+00   0.0000000e+00   0.0000000e+00   0.0000000e+00   0.0000000e+00   0.0000000e+00   0.0000000e+00   0.0000000e+00   0.0000000e+00   0.0000000e+00   0.0000000e+00
   0.0000000e+00   0.0000000e+00   0.0000000e+00   0.0000000e+00   0.0000000e+00   0.0000000e+00   0.0000000e+00   0.0000000e+00   0.0000000e+00   0.0000000e+00   0.0000000e+00   0.0000000e+00   0.0000000e+00   0.0000000e+00   0.0000000e+00   0.0000000e+00   0.0000000e+00   0.0000000e+00   0.0000000e+00   0.0000000e+00   0.0000000e+00   0.0000000e+00   0.0000000e+00   0.0000000e+00   0.0000000e+00   0.0000000e+00   0.0000000e+00   0.0000000e+00   0.0000000e+00   0.0000000e+00
