   2.1066250e+02   1.0737251e+03   1.7901491e+03   2.0825559e+03   1.3278325e+03   1.2786797e+03   1.7050357e+03   1.1047531e+03   1.7962491e+03   1.3501631e+03   1.1701368e+03   1.2758552e+03   1.6948294e+03   1.0826820e+03   1.6378377e+03   1.3432963e+03   1.2749206e+03   1.1564232e+03   1.6897812e+03   1.3990685e+03   1.5474972e+03   1.3435868e+03   1.2873251e+03   1.0171592e+03   1.8649555e+03   1.3757406e+03   1.0402001e+03   1.7193685e+03   1.4097187e+03   1.0800155e+03
   2.1066250e+02   3.4802749e+02   1.0274298e+03   2.0825559e+03   1.3278325e+03   1.2786797e+03   1.7050357e+03   1.1047531e+03   1.7173891e+03   1.3501631e+03   1.1598149e+03   1.1471221e+03   1.6948294e+03   1.0826820e+03   1.6378377e+03   1.3432963e+03   8.8906813e+02   1.1074428e+03   1.3423144e+03   1.3249395e+03   1.2243074e+03   1.0326448e+03   1.1592940e+03   8.3519698e+02   1.7417853e+03   1.3757406e+03   1.0381520e+03   1.3570417e+03   1.1121168e+03   1.0800155e+03
   2.1066250e+02   3.4802749e+02   8.9812282e+02   1.7050764e+03   1.2529461e+03   1.0253845e+03   9.7607965e+02   1.1047531e+03   1.2044223e+03   1.2793560e+03   1.1128287e+03   1.1471221e+03   1.3521226e+03   1.0826820e+03   8.4826947e+02   1.2856917e+03   8.8906813e+02   1.1074428e+03   1.0603031e+03   9.1532593e+02   8.1707661e+02   9.1696635e+02   1.1592940e+03   8.0694868e+02   1.1619232e+03   1.3757406e+03   1.0381520e+03   1.3570417e+03   1.1121168e+03   1.0097959e+03
   2.1066250e+02   3.4802749e+02   8.7132192e+02   1.4759678e+03   1.0036610e+03   1.0253845e+03   9.7607965e+02   1.0399091e+03   1.1697841e+03   9.8263115e+02   8.5920225e+02   1.1471221e+03   1.2301874e+03   1.0826820e+03   8.1634509e+02   1.1453112e+03   8.8906813e+02   9.9825326e+02   7.2218487e+02   8.4575340e+02   8.1707661e+02   9.1696635e+02   1.1452933e+03   8.0694868e+02   8.9022828e+02   1.3757406e+03   9.7719839e+02   1.1434057e+03   6.6841393e+02   9.7433306e+02
   2.1066250e+02   3.4802749e+02   8.4356661e+02   1.1221285e+03   8.0455988e+02   8.8252839e+02   8.0051752e+02   5.3231403e+02   8.0813710e+02   6.3808357e+02   7.8976942e+02   5.8508776e+02   8.6221291e+02   7.3677547e+02   7.1711095e+02   7.3118416e+02   5.9680135e+02   9.8524864e+02   7.1578863e+02   6.9091677e+02   8.1707661e+02   8.0125873e+02   8.7929384e+02   6.0885958e+02   7.1877480e+02   1.0076795e+03   8.5074161e+02   6.0471886e+02   6.6841393e+02   7.9016326e+02
   2.1066250e+02   3.4802749e+02   4.1934650e+02   7.2767127e+02   6.8097529e+02   5.9521568e+02   6.1605403e+02   5.3231403e+02   5.1306078e+02   6.3808357e+02   4.6010351e+02   4.1125657e+02   4.6463125e+02   6.9550777e+02   4.6936587e+02   5.7839562e+02   5.7542810e+02   6.5914886e+02   4.5100028e+02   4.2269034e+02   5.7755773e+02   5.1927772e+02   7.0965649e+02   6.0885958e+02   6.3187955e+02   7.5465380e+02   5.1171106e+02   3.7960211e+02   5.1089306e+02   4.2727321e+02
   1.8276037e+02   3.0519233e+02   3.9116210e+02   3.5034217e+02   3.6100738e+02   4.7679685e+02   3.5166791e+02   3.9323597e+02   4.3688128e+02   2.9381436e+02   4.4318604e+02   2.7535431e+02   3.5995226e+02   4.8456727e+02   3.0804171e+02   3.5712213e+02   3.7062639e+02   4.6933141e+02   4.5100028e+02   2.4275570e+02   4.5128008e+02   5.0856006e+02   3.3107316e+02   3.6799813e+02   3.8759971e+02   4.1440600e+02   4.3896420e+02   3.7960211e+02   4.0982556e+02   2.6987710e+02
   1.7270343e+02   1.8956431e+02   1.8296375e+02   2.6532254e+02   2.4456905e+02   2.4322951e+02   2.4814503e+02   2.1499017e+02   2.5038084e+02   2.4483136e+02   2.4294743e+02   1.8789490e+02   2.7049537e+02   2.2943854e+02   3.0804171e+02   2.3961537e+02   2.0010794e+02   1.7833546e+02   2.9683692e+02   2.1467418e+02   3.0801445e+02   2.6701534e+02   2.9420748e+02   2.3749751e+02   2.4057917e+02   2.7837335e+02   1.9880958e+02   2.9498589e+02   1.9266157e+02   1.9395868e+02
   1.4170213e+02   1.5339383e+02   1.5080732e+02   1.5506105e+02   1.6099245e+02   1.6032645e+02   1.7432529e+02   1.3878534e+02   1.5568490e+02   1.5157743e+02   1.7677466e+02   1.6597767e+02   1.5909166e+02   1.7143478e+02   1.3640080e+02   1.6354934e+02   1.5009192e+02   1.6735876e+02   1.5045567e+02   1.5423491e+02   1.6546012e+02   1.5422326e+02   1.8860776e+02   1.4772280e+02   1.4737337e+02   1.4725064e+02   1.6979726e+02   1.8246784e+02   1.4268809e+02   1.4582561e+02
   1.2948963e+02   1.2761561e+02   1.2998229e+02   1.2374594e+02   1.2021294e+02   1.1919318e+02   1.2793308e+02   1.3292693e+02   1.2275813e+02   1.2929622e+02   1.3058009e+02   1.2482159e+02   1.1976568e+02   1.2284326e+02   1.2409822e+02   1.2097335e+02   1.3226543e+02   1.2722846e+02   1.2190751e+02   1.2630048e+02   1.2308032e+02   1.2731370e+02   1.3563088e+02   1.2513221e+02   1.1709841e+02   1.2257735e+02   1.2584588e+02   1.3131589e+02   1.2293158e+02   1.3166781e+02
   1.1086841e+02   1.1391922e+02   1.1386670e+02   1.1215558e+02   1.1209408e+02   1.1143574e+02   1.1398138e+02   1.1167250e+02   1.1210665e+02   1.1300002e+02   1.1167018e+02   1.1368831e+02   1.1094205e+02   1.1186399e+02   1.1113888e+02   1.1270285e+02   1.1196437e+02   1.1280913e+02   1.1261038e+02   1.1237284e+02   1.1167017e+02   1.1394263e+02   1.1316115e+02   1.1200612e+02   1.1266918e+02   1.1381460e+02   1.1172218e+02   1.1344423e+02   1.1043646e+02   1.1295470e+02
   1.0044416e+02   1.0861271e+02   1.0803918e+02   1.0549448e+02   1.0728271e+02   1.0713429e+02   1.0812749e+02   1.0845215e+02   1.0780158e+02   1.0760880e+02   1.0738311e+02   1.0615725e+02   1.0785667e+02   1.0745483e+02   1.0821875e+02   1.0803426e+02   1.0652627e+02   1.0811193e+02   1.0796220e+02   1.0805131e+02   1.0792494e+02   1.0702042e+02   1.0865066e+02   1.0839311e+02   1.0745022e+02   1.0616019e+02   1.0825474e+02   1.0768515e+02   1.0775644e+02   1.0849141e+02
   8.5920948e+01   8.7115070e+01   1.0360037e+02   1.0460897e+02   1.0413904e+02   1.0517049e+02   1.0447152e+02   1.0523296e+02   1.0315289e+02   1.0493605e+02   1.0573452e+02   1.0431765e+02   1.0434657e+02   1.0411337e+02   1.0482395e+02   1.0364864e+02   1.0423238e+02   1.0327347e+02   1.0491773e+02   1.0540909e+02   1.0358937e+02   1.0296465e+02   1.0412935e+02   1.0401356e+02   1.0530716e+02   1.0455727e+02   1.0530424e+02   1.0379374e+02   1.0403431e+02   1.0430428e+02
   7.3783790e+01   5.8900390e+01   1.0190366e+02   1.0157276e+02   1.0128820e+02   1.0132676e+02   1.0203084e+02   1.0159811e+02   1.0173431e+02   1.0143088e+02   1.0173263e+02   1.0098950e+02   1.0208704e+02   1.0115918e+02   1.0113505e+02   1.0207322e+02   1.0155840e+02   1.0188390e+02   1.0144342e+02   1.0170121e+02   1.0134929e+02   1.0180912e+02   1.0162751e+02   1.0138640e+02   1.0164785e+02   1.0162845e+02   1.0102427e+02   1.0251426e+02   1.0164165e+02   1.0193036e+02
   7.2163450e+01   4.7556362e+01   1.0020527e+02   1.0017735e+02   1.0009255e+02   1.0021949e+02   1.0028908e+02   1.0012023e+02   1.0015050e+02   1.0017347e+02   1.0009461e+02   1.0025366e+02   1.0026424e+02   1.0015032e+02   1.0014547e+02   1.0009431e+02   1.0014570e+02   1.0012032e+02   1.0014673e+02   1.0051934e+02   1.0034375e+02   1.0004523e+02   1.0020105e+02   1.0031414e+02   1.0011292e+02   1.0022384e+02   1.0007754e+02   1.0064793e+02   1.0044554e+02   1.0045746e+02
   3.1175931e+01   4.7247400e+01   1.0000000e+02   1.0000000e+02   1.0000000e+02   1.0000000e+02   1.0000000e+02   1.0000000e+02   1.0000000e+02   1.0000000e+02   1.0000000e+02   1.0000000e+02   1.0000000e+02   1.0000000e+02   1.0000000e+02   1.0000000e+02   1.0000000e+02   1.0000000e+02   1.0000000e+02   1.0000000e+02   1.0000000e+02   1.0000000e+02   1.0000000e+02   1.0000000e+02   1.0000000e+02   1.0000000e+02   1.0000000e+02   1.0028638e+02   1.0028638e+02   1.0028905e+02
