   2.5784537e+06   1.5500793e+06   1.1525493e+07   1.0361810e+07   1.5320477e+07   1.6270038e+07   1.0188494e+07   9.1839724e+06   3.3035392e+07   1.4365100e+07   1.3137891e+07   1.4655899e+07   9.7402932e+06   7.8846048e+06   1.6728051e+07   8.7043001e+06   2.8977153e+07   3.0938262e+07   9.4062093e+06   6.1269742e+06   1.0198207e+07   2.7103367e+06   2.6204382e+06   1.9151401e+07   1.0056503e+07   1.2607247e+06   6.5991539e+06   1.8345427e+07   2.0466155e+07   6.9714700e+06
   2.5784537e+06   1.5498645e+06   1.5685956e+06   1.0361810e+07   1.2261935e+07   1.3719529e+07   1.0188494e+07   9.1839724e+06   4.8228405e+06   1.3732797e+07   1.3137891e+07   9.7279504e+06   8.7671805e+06   7.8846048e+06   9.7734801e+06   7.5548643e+06   2.8977153e+07   2.9812104e+07   8.4604123e+06   2.8986260e+06   7.2757660e+06   2.7103367e+06   2.6204382e+06   5.2529183e+06   1.0056503e+07   1.2607247e+06   6.5991539e+06   1.4634651e+07   2.0466155e+07   6.9553994e+06
   2.5784537e+06   1.5498645e+06   1.5685014e+06   8.7302531e+06   1.1125317e+07   1.1307875e+07   8.2129283e+06   9.1839724e+06   4.8228405e+06   2.7738836e+06   1.3137891e+07   3.8997876e+06   3.0698547e+06   7.8846048e+06   5.7809909e+06   4.8077763e+06   2.4544818e+07   2.0845223e+07   8.4604123e+06   2.8986260e+06   7.1823820e+06   2.7103107e+06   2.6204382e+06   5.2529183e+06   9.9800571e+06   1.2607247e+06   6.5982632e+06   1.4634651e+07   1.3886405e+07   6.9551164e+06
   2.5784537e+06   1.5498645e+06   1.5347769e+06   4.9932151e+06   6.8975126e+06   3.4663899e+06   6.0278929e+06   9.1839724e+06   4.8228405e+06   2.7738588e+06   8.1713343e+06   3.8997876e+06   3.0698547e+06   4.6852035e+06   5.7683005e+06   4.8077763e+06   1.9877290e+07   1.2174627e+07   3.3752330e+06   2.8986069e+06   7.1823820e+06   2.7101731e+06   2.6204382e+06   5.2529183e+06   7.8089229e+06   1.2607247e+06   6.5981141e+06   5.4346772e+06   1.3886359e+07   6.3745061e+06
   2.5784537e+06   1.5498645e+06   1.5346906e+06   4.9932151e+06   6.8975126e+06   1.6211041e+06   6.0278929e+06   9.1839724e+06   4.5381776e+06   2.7738588e+06   8.1713343e+06   3.8997876e+06   3.0698547e+06   4.6852035e+06   5.2610543e+06   4.8077763e+06   3.7653083e+06   1.1880373e+07   1.0157970e+06   2.8986069e+06   7.1823820e+06   1.3992168e+06   2.6201834e+06   5.2529183e+06   3.3984154e+06   1.2607247e+06   2.4039851e+06   5.1096670e+06   8.2269773e+06   6.3745061e+06
   2.5784537e+06   1.5498645e+06   1.4156721e+06   3.6469490e+06   1.5793310e+06   1.6211041e+06   2.3813931e+06   9.1839724e+06   4.5381776e+06   2.7738588e+06   4.1956525e+06   3.8997876e+06   5.6713864e+05   1.4950701e+06   3.5329660e+06   3.1780599e+06   3.7653083e+06   7.7127869e+06   1.0157970e+06   2.8986069e+06   5.0953061e+06   1.3992168e+06   1.9461487e+06   5.2529183e+06   3.3943283e+06   1.2607247e+06   2.4039851e+06   1.3710317e+06   8.2269773e+06   6.3745061e+06
   2.5784537e+06   1.5498645e+06   7.0042530e+05   3.6469490e+06   1.5793310e+06   1.0734290e+06   2.3813931e+06   9.1839724e+06   4.5381776e+06   1.8138124e+06   4.1956525e+06   9.7545181e+05   5.6713864e+05   1.4673191e+06   3.5329660e+06   3.1780574e+06   3.7649827e+06   2.4515902e+06   1.0157970e+06   1.0740038e+06   3.7164209e+06   1.3972667e+06   1.9461487e+06   5.2529183e+06   3.3943283e+06   1.2607247e+06   1.0639536e+06   1.3710317e+06   6.1627171e+06   5.5584665e+06
   2.3936102e+06   6.6962641e+05   7.0042530e+05   3.0909075e+06   1.0451885e+06   7.7737408e+05   2.3800595e+06   4.0534401e+06   2.7874307e+06   1.3367321e+06   8.7547515e+05   9.7545181e+05   5.6713864e+05   1.3624178e+06   1.2143375e+06   2.5877723e+06   1.0635431e+06   2.4515250e+06   9.9011803e+05   1.0705263e+06   2.6295303e+06   8.7442066e+05   1.6738226e+06   3.7775526e+06   1.8390204e+06   1.2604571e+06   1.0639536e+06   1.1593533e+06   3.7136801e+06   4.1969978e+06
   7.6828814e+05   1.7475696e+05   5.1296034e+05   1.0116374e+06   8.3541566e+05   1.5966005e+05   5.4329402e+05   4.2559885e+05   1.6832561e+06   8.9804320e+05   8.1394085e+05   6.9503222e+05   5.2936190e+05   8.6088870e+05   3.9370774e+05   4.9322713e+05   8.5087449e+05   9.3479035e+05   6.6952577e+05   5.9355689e+05   9.8682676e+05   4.2564838e+05   7.6400904e+05   9.6997454e+05   9.1946262e+05   9.4228151e+05   2.4991397e+05   3.3847667e+05   1.0560151e+06   5.1527127e+05
   2.1381111e+05   1.1536236e+05   3.8441420e+04   5.5852330e+04   1.8236871e+05   1.0248588e+05   1.2954579e+05   8.4368705e+04   1.2639386e+05   5.4220100e+04   1.8367450e+05   9.7962262e+04   2.1099311e+05   7.1348512e+04   1.4444412e+05   1.9260645e+05   2.4083545e+05   1.9856844e+05   6.0660196e+04   3.7743018e+04   1.0390587e+05   9.7285635e+04   2.8559445e+05   1.8680740e+05   1.5709330e+05   1.0530639e+05   2.2506375e+05   1.3878000e+05   6.7568359e+04   1.2867283e+05
   2.0769248e+04   1.0678942e+04   1.1499119e+04   1.3144850e+04   8.5550541e+03   1.1693144e+04   1.5508016e+04   1.2032731e+04   1.7715956e+04   2.0692152e+04   1.5500972e+04   1.5866054e+04   1.3102520e+04   1.2499698e+04   9.3493131e+03   1.4450844e+04   8.9941702e+03   1.1025505e+04   8.9112736e+03   4.5317056e+03   2.5307323e+04   1.5384564e+04   7.2486273e+03   1.1998788e+04   1.4379052e+04   1.3605578e+04   2.5434723e+04   1.8736925e+04   1.7615575e+04   1.5596617e+04
   1.3366051e+03   1.1524151e+03   1.6041205e+03   1.3901163e+03   9.5410192e+02   1.5638105e+03   1.4081227e+03   1.2074700e+03   1.5618094e+03   1.2314927e+03   1.4295683e+03   1.1390831e+03   1.0759436e+03   1.5765032e+03   1.3471521e+03   1.6031483e+03   8.7417450e+02   1.4622126e+03   1.5363298e+03   1.0685533e+03   1.2427108e+03   1.5027442e+03   1.3601745e+03   1.3359749e+03   1.1102512e+03   1.5244760e+03   1.5551552e+03   1.3454143e+03   1.1535365e+03   1.2156481e+03
   1.0340841e+02   1.1560945e+02   7.6871631e+01   1.3849552e+02   1.3342869e+02   1.4472685e+02   1.5357431e+02   8.4552729e+01   1.2912323e+02   1.4175798e+02   1.3229891e+02   8.1179182e+01   9.4392944e+01   1.1695268e+02   1.1310608e+02   1.5542036e+02   1.1688128e+02   1.6676696e+02   1.2566833e+02   1.0489979e+02   1.0469169e+02   1.2362409e+02   1.4686680e+02   1.3397632e+02   1.3636370e+02   1.7546335e+02   1.0265788e+02   1.3699217e+02   9.9152831e+01   1.1228098e+02
   2.4932278e+01   1.6635452e+01   1.9980773e+01   2.1091452e+01   2.0930500e+01   1.5719748e+01   2.2035807e+01   1.7399683e+01   2.4345735e+01   1.6945634e+01   1.7206190e+01   1.8473184e+01   1.3542318e+01   2.4757790e+01   1.8282366e+01   2.0730954e+01   2.1578049e+01   2.4962494e+01   1.6360112e+01   1.8878793e+01   1.8631042e+01   1.9111320e+01   2.2187552e+01   2.1819250e+01   2.2550148e+01   2.0286592e+01   2.1852523e+01   1.8267227e+01   2.5799662e+01   1.4201271e+01
   2.8192699e+00   2.7836073e+00   2.4652855e+00   2.4785165e+00   2.7722045e+00   2.1825484e+00   2.6039655e+00   2.2919684e+00   2.3988828e+00   2.5270229e+00   1.9348943e+00   2.6189607e+00   2.8354533e+00   2.3769647e+00   2.5585256e+00   2.7614387e+00   2.5849460e+00   2.4560073e+00   2.4845604e+00   2.4609285e+00   2.5000039e+00   2.9127865e+00   2.2608825e+00   1.7816737e+00   2.3518844e+00   2.5484892e+00   2.5941506e+00   2.3388060e+00   2.3604940e+00   2.6277621e+00
   2.0772364e-03   5.1180794e-03   7.3433367e-03   8.4129858e-03   8.7859368e-03   1.5584253e-02   1.6742308e-02   1.8524289e-02   1.9249265e-02   2.0046281e-02   2.2060848e-02   2.3342340e-02   2.4942360e-02   2.6922695e-02   2.7327231e-02   2.8069234e-02   2.9770770e-02   2.9834880e-02   3.0258740e-02   3.0657553e-02   3.0886558e-02   3.1368444e-02   3.1814563e-02   3.3446159e-02   3.3512142e-02   3.4328359e-02   3.9459326e-02   4.3819168e-02   4.4108021e-02   4.6195750e-02
