   4.1362803e+05   1.4426631e+05   2.0162481e+06   9.1954417e+05   3.6440845e+06   1.6038187e+06   5.2909940e+05   1.8287936e+06   1.3370689e+06   3.3518490e+06   2.2686780e+06   4.0829143e+06   7.5086996e+05   2.5488947e+06   2.9510322e+06   1.1160313e+06   5.3110185e+05   4.2315302e+05   3.2440093e+06   5.6579427e+05   5.0848653e+06   7.3749032e+06   2.2048711e+06   9.1085743e+05   1.0294355e+05   1.2808593e+04   1.8629247e+06   4.1712226e+05   4.1028628e+05   4.7305469e+06
   4.1362803e+05   1.4426630e+05   9.2874692e+05   5.3945749e+05   3.5869515e+06   1.6038187e+06   5.2909940e+05   2.4655588e+04   5.0376409e+05   1.8610125e+04   2.2686780e+06   2.4215797e+06   7.5086996e+05   3.6471241e+05   1.8050444e+06   1.1160313e+06   5.3110185e+05   4.2315070e+05   6.4320082e+05   4.4322065e+05   9.3627531e+05   3.9152706e+06   1.1962570e+03   9.1085743e+05   1.0229641e+05   1.2808593e+04   1.3852507e+06   4.1712226e+05   4.1028628e+05   2.3467613e+06
   4.1362803e+05   1.4426630e+05   7.5834038e+04   5.3945749e+05   1.6290969e+06   2.3969902e+04   5.2909940e+05   2.4655588e+04   5.0361461e+05   1.8610125e+04   2.2686780e+06   5.1062393e+05   1.2210254e+05   3.6471241e+05   4.1818948e+05   4.6367875e+05   1.0891981e+05   2.7238043e+05   2.2517944e+05   1.1837448e+05   2.3291962e+05   3.6503590e+05   5.2102813e+02   8.8506343e+05   1.0229641e+05   1.2808593e+04   1.7088755e+05   1.1146618e+05   2.3329498e+05   5.2996218e+05
   1.5898248e+05   1.4426630e+05   7.5834038e+04   7.4308080e+04   6.9013697e+05   2.3969902e+04   3.2568417e+05   2.4655588e+04   1.1701054e+05   1.4421781e+04   2.4102390e+05   8.3073713e+04   1.2210251e+05   1.8334773e+05   6.1468020e+04   1.6205087e+05   1.0766149e+05   2.7238043e+05   2.2517944e+05   1.1837448e+05   2.3291962e+05   3.6503590e+05   5.2102813e+02   3.0235394e+05   1.0229641e+05   1.2808593e+04   1.0927155e+05   1.1146618e+05   3.4829451e+04   5.2983671e+05
   3.5893957e+04   4.2343375e+03   5.4894567e+04   2.1826782e+04   9.9593689e+02   1.6354596e+04   6.9560875e+04   2.4641574e+04   1.5731078e+04   1.4275779e+04   6.9497342e+04   3.4434196e+04   7.3087276e+03   9.5949844e+03   6.1468020e+04   4.5272545e+04   1.9610139e+04   1.4507027e+05   1.4272052e+05   5.0114649e+04   1.7902421e+05   8.5480104e+03   5.2102813e+02   3.6630495e+04   1.8684092e+04   1.2669853e+04   1.0927155e+05   1.1145977e+05   3.4829451e+04   1.4291052e+04
   3.5675116e+04   4.2343375e+03   3.9050710e+04   1.9302504e+04   9.8763045e+02   1.6283436e+04   3.5929528e+03   5.0139772e+03   1.5730301e+04   8.3623917e+03   2.2370913e+04   1.8258513e+04   6.5152495e+03   8.0725204e+03   9.0172060e+03   1.8905428e+04   1.9610139e+04   1.1794174e+04   1.1053781e+05   1.1652906e+03   3.3978055e+04   7.8907103e+03   5.2102813e+02   1.0450897e+04   6.1666997e+03   1.2669853e+04   7.0399365e+04   1.6776537e+04   3.4345542e+04   1.4291052e+04
   4.5091350e+03   2.9855347e+03   1.3836188e+04   7.1096282e+03   9.6353327e+02   6.5827165e+03   3.2330978e+03   5.0139772e+03   1.5477117e+04   8.3623917e+03   6.5498062e+01   9.5938472e+03   1.3199458e+03   1.4074604e+03   1.8227552e+03   1.3142043e+04   5.9457886e+03   1.1464266e+04   2.2863331e+03   1.1615046e+03   7.2855834e+03   7.8907103e+03   5.2102813e+02   2.5150590e+03   1.7911335e+03   6.7635270e+03   1.0624715e+04   2.9248584e+03   2.1612127e+03   7.1586432e+03
   6.8302518e+02   5.1618139e+02   1.0847061e+03   6.4369360e+02   7.1264982e+02   5.0741880e+03   9.6099566e+02   4.0624016e+03   1.9789075e+03   1.6749842e+03   6.5498062e+01   1.7198218e+03   1.2254423e+03   1.0396054e+03   1.7512458e+03   1.0809769e+03   8.2676754e+02   1.6108957e+03   1.8446249e+03   1.1611883e+03   4.1697138e+02   6.3263736e+02   4.0795059e+02   2.5140204e+03   6.7985764e+02   9.4946728e+02   3.4288963e+03   1.1689140e+03   2.1612127e+03   5.3868127e+03
   3.7655264e+02   5.1599669e+02   8.8423785e+02   6.4369360e+02   5.4552558e+01   4.6608451e+02   5.3794273e+02   2.4668184e+03   2.6085729e+02   5.8710414e+02   5.9256202e+01   7.4140836e+01   7.3801643e+02   6.8906737e+02   6.6060214e+02   1.0502591e+03   7.2397922e+02   1.0356230e+03   6.6593290e+02   8.0911140e+02   4.1413871e+02   6.3263736e+02   2.4801281e+02   2.2599123e+03   6.3643460e+02   9.4936586e+02   9.5109028e+02   6.0861048e+02   1.4076144e+02   1.2614794e+03
   1.0860349e+02   2.9910513e+02   1.5284858e+02   3.2484096e+02   3.4095110e+01   2.3798994e+02   4.5338709e+01   2.5873964e+02   1.2187968e+01   2.6627199e+01   5.9256202e+01   7.3543296e+01   1.7500169e+02   8.2535907e+01   5.0722296e+01   5.0271278e+02   5.6654155e+01   8.7098062e+01   4.7741198e+01   2.7111526e+02   8.2772175e+01   1.5445095e+01   4.0634362e+01   4.0653571e+02   2.6008905e+01   7.7035072e+01   2.4774774e+01   4.9163890e+02   3.8122326e+01   1.4085564e+02
   2.9685415e+01   2.3873810e+01   3.2856173e+01   1.3318617e+01   6.5004457e+00   1.5678586e+01   4.0759474e+00   3.9906600e+01   1.2077126e+01   1.2865876e+00   1.9422779e+01   4.1941816e+01   2.0824587e+00   1.5771674e+01   8.5489151e+00   2.8163267e+01   4.6018513e+00   1.5751769e+01   8.9954577e+00   1.2490115e+01   6.9653357e+01   2.3175523e+00   7.9044619e+00   1.8263832e+00   1.2599528e+01   2.2127544e+00   6.7757174e+00   6.3722232e+00   5.8672588e+00   1.0425035e+02
   2.0697602e-01   3.9000407e-01   3.0374293e-01   6.0245743e-01   4.9150807e-01   4.5246016e-01   1.3373313e-01   5.2678980e-01   1.0847178e+00   5.3418482e-01   2.7335808e+00   6.8147709e-01   4.4157881e-02   4.4560540e-01   2.1381865e-01   6.3403826e-01   4.8235760e-01   1.0786793e+00   5.1491856e-01   6.6375764e-01   1.5138329e+00   1.3741159e-01   1.6153656e+00   7.4258647e-01   5.7409443e-01   3.2601887e-01   7.7380158e-01   5.7505499e-01   1.4992543e+00   3.7391093e+00
   6.8029483e-03   9.4677859e-03   1.2545615e-02   4.0938756e-03   1.0690694e-02   7.5948583e-03   3.5734869e-02   2.3037504e-03   2.2033147e-02   4.0299433e-02   2.6741807e-02   7.5650606e-03   4.3242002e-05   4.6630917e-02   1.0895417e-03   2.4215840e-02   2.5343580e-02   4.8783622e-02   2.7783361e-02   1.7497104e-02   6.4749501e-02   3.2885014e-04   8.2677363e-02   1.2291541e-02   7.1735908e-03   3.5149471e-03   1.7588327e-02   2.5259298e-02   1.2388821e-01   1.2694419e-01
   1.8162154e-07   0.0000000e+00   0.0000000e+00   0.0000000e+00   1.7227221e-06   0.0000000e+00   1.2771698e-06   0.0000000e+00   0.0000000e+00   6.6717848e-07   5.7402167e-07   0.0000000e+00   0.0000000e+00   2.3235316e-07   0.0000000e+00   2.1455298e-07   7.9470283e-08   1.5747078e-06   1.2043465e-06   5.9883860e-08   2.6319003e-07   0.0000000e+00   1.9518666e-07   0.0000000e+00   0.0000000e+00   0.0000000e+00   0.0000000e+00   8.0945938e-08   8.3873510e-07   4.9938899e-07
   0.0000000e+00   0.0000000e+00   0.0000000e+00   0.0000000e+00   0.0000000e+00   0.0000000e+00   0.0000000e+00   0.0000000e+00   0.0000000e+00   0.0000000e+00   0.0000000e+00   0.0000000e+00   0.0000000e+00   0.0000000e+00   0.0000000e+00   0.0000000e+00   0.0000000e+00   0.0000000e+00   0.0000000e+00   0.0000000e+00   0.0000000e+00   0.0000000e+00   0.0000000e+00   0.0000000e+00   0.0000000e+00   0.0000000e+00   0.0000000e+00   0.0000000e+00   0.0000000e+00   0.0000000e+00
   0.0000000e+00   0.0000000e+00   0.0000000e+00   0.0000000e+00   0.0000000e+00   0.0000000e+00   0.0000000e+00   0.0000000e+00   0.0000000e+00   0.0000000e+00   0.0000000e+00   0.0000000e+00   0.0000000e+00   0.0000000e+00   0.0000000e+00   0.0000000e+00   0.0000000e+00   0.0000000e+00   0.0000000e+00   0.0000000e+00   0.0000000e+00   0.0000000e+00   0.0000000e+00   0.0000000e+00   0.0000000e+00   0.0000000e+00   0.0000000e+00   0.0000000e+00   0.0000000e+00   0.0000000e+00
