   1.2451043e+10   1.0723957e+10   1.1471729e+10   1.2778538e+10   6.1133905e+09   1.4360261e+10   1.3083485e+10   1.3305718e+10   1.0067993e+10   7.9974039e+09   5.7486216e+09   7.1434132e+09   7.2864962e+09   1.1227159e+10   1.2894174e+10   5.2543665e+09   7.6948996e+09   8.0676080e+09   1.1017143e+10   1.2906923e+10   8.1745028e+09   9.6912139e+09   1.2145757e+10   5.7394475e+09   1.2020247e+10   8.7934770e+09   8.8203356e+09   9.7082135e+09   1.0532010e+10   4.5829855e+09
   6.8939739e+09   4.8298716e+09   7.4020373e+09   5.7597128e+09   6.1133905e+09   5.8154172e+09   6.4583170e+09   1.0138202e+10   5.6167570e+09   7.9974039e+09   5.0105138e+09   4.8380637e+09   7.2864962e+09   3.6695606e+09   7.4708083e+09   3.9608814e+09   7.6948996e+09   7.5977027e+09   9.3867967e+09   5.2808645e+09   4.6434441e+09   2.8028677e+09   9.0333195e+09   5.7394475e+09   6.1117168e+09   7.2575167e+09   6.7253174e+09   6.3624388e+09   3.2277103e+09   4.1332088e+09
   1.5922582e+09   4.7939443e+09   5.5952066e+09   1.7634707e+09   9.3532063e+08   5.8154172e+09   6.3875367e+08   4.8036724e+09   9.9015663e+08   1.5265475e+09   1.8523628e+09   1.8758152e+09   7.9090773e+08   1.3237848e+09   5.3805809e+09   3.6077606e+09   3.0014612e+09   3.8463286e+09   5.7962647e+09   4.5643930e+09   2.1578178e+09   1.6018883e+09   6.7716068e+09   2.4357716e+09   2.7343933e+09   1.3019181e+09   1.2058467e+09   3.2586066e+09   2.4385570e+09   3.7554474e+09
   1.5922582e+09   1.8488613e+09   8.1292146e+08   1.5028010e+09   8.5908314e+08   2.0967186e+09   6.3875367e+08   3.2285625e+09   9.5267630e+08   1.5265475e+09   1.0077842e+09   1.8758152e+09   5.9005980e+08   1.3237848e+09   2.2627903e+09   2.0177677e+09   2.7305731e+09   1.1911630e+09   3.4152061e+08   2.2484133e+09   1.9827256e+09   1.2923559e+09   1.1136637e+09   1.0514991e+09   2.0498052e+09   1.3019181e+09   7.8292859e+08   2.7572739e+09   1.4759494e+09   2.1782153e+09
   2.3322332e+08   3.3458454e+08   3.0334379e+08   6.7699422e+08   4.2671335e+08   3.0638177e+08   2.4071275e+08   5.9236273e+08   4.4934403e+08   1.2614888e+07   2.5550623e+08   2.5990725e+08   5.9005980e+08   1.3610626e+08   3.6137417e+08   1.5289053e+08   2.5879338e+08   5.2166243e+08   2.4326953e+08   3.6605007e+08   9.6919981e+07   3.8629817e+08   2.2207884e+08   3.7490041e+08   1.7799217e+08   4.6393410e+08   4.3826066e+08   2.6963347e+08   1.0378678e+09   2.8795320e+08
   1.1611822e+07   2.2945764e+07   1.0502113e+08   7.9977788e+07   1.3384988e+08   5.1375523e+07   5.3882627e+07   7.5451169e+07   8.0545177e+07   1.2614888e+07   1.2085822e+07   3.3345224e+07   5.1335611e+07   3.1498530e+07   4.3559987e+07   1.1756608e+08   1.6895112e+07   6.7563715e+07   4.1575766e+07   9.5188612e+07   1.6018154e+07   6.5524629e+07   5.9903617e+07   7.1267026e+07   8.4948642e+07   2.9155812e+07   1.3326706e+08   1.1251898e+08   1.5883799e+08   4.4641458e+07
   5.6838413e+06   2.2945764e+07   1.0630409e+07   2.0344156e+07   1.5917026e+07   1.1840785e+07   2.5719568e+07   6.8972143e+06   1.3018558e+07   4.3585784e+06   2.9708255e+06   1.3570072e+07   5.0469000e+06   1.5202094e+07   7.7999042e+06   8.6188806e+06   9.4111074e+06   7.4118357e+06   2.2466328e+07   1.2505037e+07   9.5161189e+06   1.5915986e+07   9.4291732e+06   2.5531441e+06   5.9830330e+06   2.9319197e+06   2.9380343e+07   9.7216616e+06   2.5179852e+07   5.7604147e+06
   3.9610352e+05   1.3592953e+06   2.3167792e+05   4.4746628e+05   3.4646882e+05   1.6221159e+05   6.1127951e+05   8.5847687e+05   4.3491753e+05   1.6075123e+05   5.9096995e+05   4.0920146e+05   7.6904836e+05   1.8210025e+05   4.7901958e+05   2.2261432e+05   4.8608678e+05   1.5250460e+05   8.2147588e+05   1.0495723e+06   7.0218071e+05   9.5068015e+05   1.3690289e+05   1.4602620e+06   5.0248843e+04   2.6739351e+05   3.1869617e+05   2.3821246e+05   1.4302363e+06   7.6139010e+04
   5.4654604e+03   5.3470976e+03   3.4385427e+03   1.4550534e+04   2.6921010e+03   1.0052792e+04   3.7528977e+03   1.1373495e+04   1.0817168e+04   6.7384586e+02   1.3341768e+04   8.3120687e+03   2.6129823e+03   7.4894652e+02   4.8789148e+03   2.8135729e+03   2.3271190e+03   7.6353773e+02   1.6843380e+04   5.5742641e+03   8.4703483e+03   3.0765757e+04   1.3044590e+03   3.9782779e+03   1.7646117e+03   3.3844311e+03   1.1104705e+04   3.2886250e+03   6.0090665e+03   4.5391215e+03
   4.4332208e+00   8.3297378e+01   3.9718883e+01   1.9257576e+01   7.0358231e+00   4.2827692e+01   2.7183850e+01   1.7839251e+01   1.5067369e+01   1.9174108e+01   5.5243302e+01   1.1125770e+01   6.0124183e+01   1.1326782e+01   4.5941764e+00   3.0265285e+01   3.0581177e+01   2.1485743e+01   3.3459158e+01   1.2210588e+02   1.6129782e+01   5.3259447e+01   4.1802645e+01   2.4986910e+01   1.1726354e+01   1.4674681e+01   8.1489137e+01   1.9707587e+01   1.4893771e+01   1.5371752e+01
   8.1923418e-03   7.7600528e-02   4.4082670e-02   3.0113670e-02   9.8568209e-03   2.7511521e-01   3.4051498e-02   4.2647415e-03   1.2467193e-03   5.8665612e-02   3.5653408e-02   1.8380621e-02   1.5605187e-01   6.7294224e-02   1.5910691e-02   4.0950059e-01   3.9091392e-02   1.4594966e-02   4.5096345e-02   7.5085848e-01   2.3912889e-02   3.6035636e-01   1.1377414e-01   1.3304493e-01   1.0499623e-02   6.5568943e-02   6.0695867e-01   3.0708386e-02   7.8725346e-02   3.6275591e-02
   6.8227949e-06   4.8567163e-04   3.7063605e-04   2.9423195e-05   8.5145843e-06   3.0875116e-03   4.6148228e-05   4.4852286e-05   1.6381883e-05   3.1107301e-04   1.6107245e-04   2.1822224e-04   2.5693781e-03   1.6354022e-04   6.0264613e-05   1.2218564e-03   8.7901524e-05   9.7035365e-05   9.8674790e-05   4.3900301e-02   1.0275164e-04   5.7623156e-05   1.6048808e-04   3.2565612e-04   9.4281677e-06   7.2727128e-05   3.7635623e-03   1.0775930e-04   5.8810582e-05   3.2396520e-04
   2.1351824e-08   0.0000000e+00   6.3736092e-08   2.2665017e-08   0.0000000e+00   5.5624823e-07   0.0000000e+00   0.0000000e+00   0.0000000e+00   2.0777484e-08   1.6960157e-07   1.1104429e-07   1.6398015e-06   1.0184883e-07   2.0014828e-08   1.0862167e-07   2.2172060e-07   2.2864678e-08   0.0000000e+00   1.8391789e-06   0.0000000e+00   1.5440861e-07   1.0500132e-07   2.7486926e-08   0.0000000e+00   5.7143490e-08   1.2246094e-06   6.3381542e-08   4.8060085e-08   1.0925592e-07
   0.0000000e+00   0.0000000e+00   0.0000000e+00   0.0000000e+00   0.0000000e+00   0.0000000e+00   0.0000000e+00   0.0000000e+00   0.0000000e+00   0.0000000e+00   0.0000000e+00   0.0000000e+00   0.0000000e+00   0.0000000e+00   0.0000000e+00   0.0000000e+00   0.0000000e+00   0.0000000e+00   0.0000000e+00   0.0000000e+00   0.0000000e+00   0.0000000e+00   0.0000000e+00   0.0000000e+00   0.0000000e+00   0.0000000e+00   0.0000000e+00   0.0000000e+00   0.0000000e+00   0.0000000e+00
   0.0000000e+00   0.0000000e+00   0.0000000e+00   0.0000000e+00   0.0000000e+00   0.0000000e+00   0.0000000e+00   0.0000000e+00   0.0000000e+00   0.0000000e+00   0.0000000e+00   0.0000000e+00   0.0000000e+00   0.0000000e+00   0.0000000e+00   0.0000000e+00   0.0000000e+00   0.0000000e+00   0.0000000e+00   0.0000000e+00   0.0000000e+00   0.0000000e+00   0.0000000e+00   0.0000000e+00   0.0000000e+00   0.0000000e+00   0.0000000e+00   0.0000000e+00   0.0000000e+00   0.0000000e+00
   0.0000000e+00   0.0000000e+00   0.0000000e+00   0.0000000e+00   0.0000000e+00   0.0000000e+00   0.0000000e+00   0.0000000e+00   0.0000000e+00   0.0000000e+00   0.0000000e+00   0.0000000e+00   0.0000000e+00   0.0000000e+00   0.0000000e+00   0.0000000e+00   0.0000000e+00   0.0000000e+00   0.0000000e+00   0.0000000e+00   0.0000000e+00   0.0000000e+00   0.0000000e+00   0.0000000e+00   0.0000000e+00   0.0000000e+00   0.0000000e+00   0.0000000e+00   0.0000000e+00   0.0000000e+00
