   1.3977325e+05   1.1760207e+05   9.4118422e+04   1.7228864e+05   1.7828328e+05   6.6334995e+04   1.0700380e+05   3.1962001e+05   1.5733747e+05   1.2364447e+05   2.7746127e+05   1.4784224e+05   1.3796764e+05   6.2420549e+04   1.8752819e+05   2.2784863e+05   2.7080181e+05   1.0766655e+05   8.7818665e+04   5.4710542e+04   1.4751673e+05   1.4626155e+05   1.9893210e+05   2.8674798e+05   2.9215165e+05   1.5277705e+05   2.3366568e+05   1.1681357e+05   1.1253006e+05   1.8701716e+05
   9.9980696e+04   4.2913607e+04   5.2930911e+04   4.9609260e+04   3.0400061e+04   6.6334995e+04   3.6679641e+04   5.3893684e+04   5.4672464e+03   1.6549220e+04   6.5536414e+04   6.8501911e+04   1.3192394e+05   6.2420549e+04   6.6570827e+04   9.3261164e+04   6.2788264e+04   4.5020146e+04   1.7171064e+04   5.4710542e+04   7.9390059e+04   7.0364251e+04   1.1915691e+05   4.0702518e+04   5.8372458e+04   1.2958962e+05   7.1164552e+04   7.8858520e+04   1.1253006e+05   5.4680650e+04
   7.7259625e+03   3.3377446e+04   3.1112871e+04   1.9716337e+04   4.0392449e+02   4.9117270e+03   2.9811292e+04   4.4372228e+02   3.2731708e+03   1.6549220e+04   1.0111194e+04   6.6374320e+04   1.5163413e+04   4.7205631e+04   2.3029499e+04   1.4579010e+04   4.4896646e+04   8.3225497e+03   1.1429888e+04   2.3267613e+04   1.8684139e+04   2.3245574e+04   2.6431167e+04   4.5916383e+03   1.4462344e+04   2.0432418e+04   2.3572620e+04   2.7879764e+04   2.5583187e+04   3.8264124e+03
   3.1971710e+02   9.3265465e+03   7.3142770e+03   5.4409773e+02   3.0783308e+02   4.3499039e+03   4.0034426e+03   3.6195920e+02   2.5945185e+03   3.1932681e+03   3.5174735e+03   2.1426142e+04   1.1500137e+04   3.5039991e+03   1.0532361e+03   6.5137961e+02   2.5077584e+03   1.7555681e+03   4.0171053e+03   1.4355914e+03   2.1812779e+03   3.4797446e+02   6.2104905e+02   5.2620026e+02   4.4008993e+02   6.2390230e+03   1.2412223e+03   5.2396973e+03   2.5181250e+04   3.8264124e+03
   3.1971710e+02   1.3562680e+03   7.0235040e+02   5.4409773e+02   2.1834577e+02   1.9619698e+03   4.2146494e+02   1.6873907e+02   3.9186787e+02   4.8295496e+02   7.8250340e+02   7.4055643e+02   2.7644352e+03   1.5139172e+03   5.1010859e+02   6.5137961e+02   1.3390826e+02   1.0822269e+03   3.7717504e+03   7.6046996e+02   8.7104221e+02   3.8254603e+01   6.2104905e+02   3.9133213e+02   4.4008993e+02   8.6080545e+02   7.0982821e+02   1.7301167e+03   2.7782520e+03   1.4104784e+03
   3.1971710e+02   9.3057622e+01   3.6511268e+02   2.9557523e+02   2.1834577e+02   4.1466478e+02   1.4428260e+02   1.6375236e+02   3.9186787e+02   3.1945040e+02   2.9291304e+02   7.4055643e+02   2.6084355e+02   7.8860203e+02   5.1010859e+02   4.0554430e+02   1.1908482e+02   1.0822269e+03   1.5635737e+03   4.8188553e+02   7.3481695e+02   3.8254603e+01   9.6715020e+01   1.5107531e+02   1.2431971e+02   2.4916361e+02   5.5235897e+02   1.0089747e+03   4.8082879e+02   8.5875975e+01
   9.5886623e+01   2.2767148e+01   3.6511268e+02   9.9471909e+01   7.4882059e+01   2.6650879e+02   1.4428260e+02   7.8209820e+01   3.9186787e+02   2.5727141e+02   2.6222608e+02   2.1781839e+02   4.4512615e+01   7.5460876e+01   3.1232214e+02   1.0632950e+02   9.5794061e+01   2.3029101e+02   1.0337600e+03   3.2724886e+02   7.3481695e+02   2.7673547e+01   9.6715020e+01   5.8028898e+01   8.1259171e+01   1.3689425e+02   5.4793405e+02   4.7397066e+02   4.8082879e+02   8.5875975e+01
   3.4747596e+01   2.2767148e+01   2.1137497e+01   5.7963388e+01   2.2764214e+01   4.2447486e+01   2.6529324e+01   3.4324596e+01   3.3481586e+01   1.7655949e+01   2.1695054e+01   8.2293102e+01   2.0474264e+01   3.1637411e+01   2.5292180e+01   4.6130725e+01   2.9000433e+01   4.2786025e+01   2.1080249e+01   1.8868796e+01   4.7117669e+01   2.7673547e+01   2.0111334e+01   2.1744328e+01   3.2569734e+01   5.7830730e+01   3.0336947e+01   4.3050329e+01   1.9728358e+01   2.2427052e+01
   1.0792162e+01   6.4776033e+00   1.2532599e+01   9.7017036e+00   9.7209938e+00   1.3885876e+01   8.9158187e+00   1.2454918e+01   1.1280507e+01   6.9876036e+00   1.1103052e+01   5.6005519e+00   1.3284821e+01   1.1802768e+01   1.2151171e+01   1.3130989e+01   1.2446436e+01   1.1717738e+01   8.6220492e+00   1.3352450e+01   1.0472007e+01   1.2672094e+01   1.6357105e+01   9.7658972e+00   1.2503025e+01   1.2609473e+01   1.4514927e+01   1.3921941e+01   1.0284546e+01   1.0885693e+01
   4.3837588e-01   1.2005105e+00   1.9212726e+00   2.5428403e+00   4.6404183e-01   6.6835610e-01   2.3479987e+00   1.4411796e+00   7.3917881e-01   2.2245526e+00   2.6036338e-01   1.4879974e-01   5.7176248e-01   1.8926160e+00   1.1738625e+00   2.1165079e+00   2.7855601e-01   2.3541166e+00   2.6056362e+00   7.1386071e-01   1.1995333e+00   1.9823022e+00   1.0508386e+00   1.1481136e+00   1.3595740e+00   1.0953353e+00   1.1519814e+00   1.4535960e+00   1.1440538e+00   1.2932617e+00
   2.8238255e-06   1.4632314e-05   2.6726356e-05   2.3330106e-05   2.5024623e-05   4.4658126e-05   2.0714870e-05   1.1162082e-05   2.8091076e-05   1.5913271e-05   2.4425429e-05   2.3134031e-05   1.6930270e-06   1.9500073e-05   2.8259973e-05   5.8349334e-06   2.2588025e-05   1.3144225e-05   6.3507173e-05   1.5197497e-05   2.0613701e-05   2.1242726e-05   3.8766200e-06   1.8904960e-05   9.7044800e-06   2.2648364e-05   3.9648162e-06   6.2796778e-06   1.3012530e-05   1.6895006e-05
   0.0000000e+00   0.0000000e+00   0.0000000e+00   0.0000000e+00   0.0000000e+00   0.0000000e+00   0.0000000e+00   0.0000000e+00   0.0000000e+00   0.0000000e+00   0.0000000e+00   0.0000000e+00   0.0000000e+00   0.0000000e+00   0.0000000e+00   0.0000000e+00   0.0000000e+00   0.0000000e+00   0.0000000e+00   0.0000000e+00   0.0000000e+00   0.0000000e+00   0.0000000e+00   0.0000000e+00   0.0000000e+00   0.0000000e+00   0.0000000e+00   0.0000000e+00   0.0000000e+00   0.0000000e+00
   0.0000000e+00   0.0000000e+00   0.0000000e+00   0.0000000e+00   0.0000000e+00   0.0000000e+00   0.0000000e+00   0.0000000e+00   0.0000000e+00   0.0000000e+00   0.0000000e+00   0.0000000e+00   0.0000000e+00   0.0000000e+00   0.0000000e+00   0.0000000e+00   0.0000000e+00   0.0000000e+00   0.0000000e+00   0.0000000e+00   0.0000000e+00   0.0000000e+00   0.0000000e+00   0.0000000e+00   0.0000000e+00   0.0000000e+00   0.0000000e+00   0.0000000e+00   0.0000000e+00   0.0000000e+00
   0.0000000e+00   0.0000000e+00   0.0000000e+00   0.0000000e+00   0.0000000e+00   0.0000000e+00   0.0000000e+00   0.0000000e+00   0.0000000e+00   0.0000000e+00   0.0000000e+00   0.0000000e+00   0.0000000e+00   0.0000000e+00   0.0000000e+00   0.0000000e+00   0.0000000e+00   0.0000000e+00   0.0000000e+00   0.0000000e+00   0.0000000e+00   0.0000000e+00   0.0000000e+00   0.0000000e+00   0.0000000e+00   0.0000000e+00   0.0000000e+00   0.0000000e+00   0.0000000e+00   0.0000000e+00
   0.0000000e+00   0.0000000e+00   0.0000000e+00   0.0000000e+00   0.0000000e+00   0.0000000e+00   0.0000000e+00   0.0000000e+00   0.0000000e+00   0.0000000e+00   0.0000000e+00   0.0000000e+00   0.0000000e+00   0.0000000e+00   0.0000000e+00   0.0000000e+00   0.0000000e+00   0.0000000e+00   0.0000000e+00   0.0000000e+00   0.0000000e+00   0.0000000e+00   0.0000000e+00   0.0000000e+00   0.0000000e+00   0.0000000e+00   0.0000000e+00   0.0000000e+00   0.0000000e+00   0.0000000e+00
   0.0000000e+00   0.0000000e+00   0.0000000e+00   0.0000000e+00   0.0000000e+00   0.0000000e+00   0.0000000e+00   0.0000000e+00   0.0000000e+00   0.0000000e+00   0.0000000e+00   0.0000000e+00   0.0000000e+00   0.0000000e+00   0.0000000e+00   0.0000000e+00   0.0000000e+00   0.0000000e+00   0.0000000e+00   0.0000000e+00   0.0000000e+00   0.0000000e+00   0.0000000e+00   0.0000000e+00   0.0000000e+00   0.0000000e+00   0.0000000e+00   0.0000000e+00   0.0000000e+00   0.0000000e+00
