   3.5610534e+10   3.2210761e+10   3.3866705e+10   4.1828211e+10   4.4052057e+10   4.3620906e+10   3.5590660e+10   3.6438607e+10   3.8356962e+10   3.9908610e+10   3.1258376e+10   3.3487770e+10   4.2917482e+10   4.3620906e+10   3.5345399e+10   3.3667019e+10   4.9007899e+10   2.8173246e+10   2.7942268e+10   4.6865885e+10   4.0302568e+10   4.8525063e+10   4.3401350e+10   4.2601105e+10   4.6753869e+10   3.6299547e+10   4.8091535e+10   2.8047008e+10   4.2864405e+10   4.9178176e+10
   3.5257426e+10   3.1166430e+10   3.2862362e+10   3.9416864e+10   3.5004211e+10   3.7925144e+10   2.9828072e+10   3.6438607e+10   3.3843436e+10   3.1373625e+10   3.1258376e+10   3.3487770e+10   3.7536166e+10   3.7925144e+10   3.5345399e+10   3.3667019e+10   3.9570958e+10   2.8173246e+10   2.7583294e+10   4.6073224e+10   3.5623254e+10   4.2109168e+10   3.6984162e+10   4.2601105e+10   3.6343092e+10   3.6299547e+10   4.3852028e+10   2.8047008e+10   4.1227543e+10   4.0052579e+10
   3.2860903e+10   2.2498801e+10   3.0908920e+10   3.4678234e+10   2.9007416e+10   3.5377187e+10   2.9828072e+10   3.5858759e+10   3.3843436e+10   3.1373625e+10   3.1258376e+10   3.1035859e+10   3.3744831e+10   3.5377187e+10   2.6880742e+10   3.3667019e+10   2.6554785e+10   2.6453537e+10   2.6704242e+10   3.1720123e+10   1.9472005e+10   3.3201148e+10   2.2163354e+10   3.5990877e+10   3.2695188e+10   3.1267468e+10   3.9139025e+10   2.8047008e+10   3.1586831e+10   3.1763664e+10
   2.8889888e+10   1.9217990e+10   2.1452637e+10   3.2134951e+10   2.6581844e+10   2.7190108e+10   2.8235134e+10   3.5858759e+10   3.3213955e+10   3.1373625e+10   2.9103919e+10   2.9092130e+10   2.8781344e+10   2.7190108e+10   2.6880742e+10   2.9157180e+10   2.6554785e+10   2.6412861e+10   2.6704242e+10   2.7345787e+10   1.9472005e+10   3.3201148e+10   2.2163354e+10   3.5920949e+10   3.0256936e+10   3.0002262e+10   3.6066942e+10   2.4394300e+10   2.9359085e+10   3.0653242e+10
   2.8889888e+10   1.8407276e+10   2.1452637e+10   2.5934447e+10   2.4200183e+10   2.3182891e+10   2.7486345e+10   3.1750335e+10   2.6685406e+10   2.6913949e+10   2.8460787e+10   2.8278972e+10   1.3975165e+10   2.3182891e+10   2.6880742e+10   2.6982611e+10   2.2368404e+10   2.1295934e+10   2.6704242e+10   2.7345787e+10   1.9472005e+10   3.1808771e+10   2.2163354e+10   3.0261189e+10   2.9528232e+10   2.6495703e+10   2.8980479e+10   2.4394300e+10   2.8930877e+10   3.0653242e+10
   2.6579708e+10   1.8407276e+10   2.1452637e+10   2.5934447e+10   2.4200183e+10   2.3182891e+10   2.2847248e+10   3.1750335e+10   2.6346932e+10   2.2547874e+10   2.8460787e+10   2.8278972e+10   1.3975165e+10   2.3182891e+10   1.8660590e+10   2.4025241e+10   2.2368404e+10   2.1295934e+10   2.6704242e+10   2.6337332e+10   1.9472005e+10   2.9048674e+10   2.1697944e+10   2.6307664e+10   2.9326990e+10   2.5401793e+10   2.8980479e+10   2.1551871e+10   2.8557298e+10   3.0653242e+10
   2.4337198e+10   1.8253058e+10   2.1452637e+10   2.5934447e+10   2.4200183e+10   1.8473174e+10   2.1964098e+10   2.6194813e+10   2.1682383e+10   2.2547874e+10   2.5324171e+10   2.4627041e+10   1.3975165e+10   1.8473174e+10   1.8660590e+10   2.4025241e+10   2.2368404e+10   2.1295934e+10   2.5099074e+10   2.6337332e+10   1.9472005e+10   2.6083121e+10   2.1697944e+10   2.6307664e+10   2.9326990e+10   2.5401793e+10   2.8969014e+10   2.1551871e+10   2.7268289e+10   2.7487382e+10
   2.1503498e+10   1.8253058e+10   1.8843464e+10   1.8872079e+10   2.0587049e+10   1.7804665e+10   1.8205379e+10   2.0145716e+10   1.7214765e+10   1.9732729e+10   2.2086489e+10   2.0127601e+10   1.3659357e+10   1.7804665e+10   1.7660246e+10   2.2261715e+10   1.9435922e+10   1.5841949e+10   1.4480031e+10   2.2052143e+10   1.7288910e+10   2.2987349e+10   1.0799072e+10   2.1630797e+10   2.2074605e+10   2.1390810e+10   2.6524434e+10   1.6734531e+10   2.0730143e+10   2.3275906e+10
   1.3482534e+10   1.2890370e+10   1.1781201e+10   1.2678134e+10   1.3037135e+10   1.2562069e+10   1.1254262e+10   1.0684531e+10   1.2229990e+10   1.5033275e+10   1.5772798e+10   1.3608316e+10   1.1353691e+10   1.2562069e+10   1.0072381e+10   1.1976923e+10   1.1459677e+10   1.3651945e+10   1.1459475e+10   1.4043316e+10   1.1290489e+10   1.4323444e+10   9.7110504e+09   1.3672934e+10   1.1720436e+10   1.6391075e+10   1.5364397e+10   9.6947042e+09   1.3369390e+10   1.3738579e+10
   5.9199324e+09   5.9785023e+09   6.0933173e+09   6.1740244e+09   6.3644041e+09   6.5536914e+09   5.5038460e+09   6.1050954e+09   5.9844715e+09   4.4310554e+09   5.1516206e+09   3.5859212e+09   4.9907978e+09   6.5536914e+09   5.0751069e+09   4.2755347e+09   5.6420983e+09   6.2525939e+09   5.0606503e+09   6.0439243e+09   6.4515522e+09   5.4522970e+09   7.3006598e+09   6.2314978e+09   4.2668530e+09   6.2892081e+09   5.1243086e+09   3.3677440e+09   6.3620939e+09   8.0551771e+09
   1.1891005e+09   8.4075168e+08   8.4216040e+08   1.1608011e+09   1.0708860e+09   9.9907605e+08   9.8392588e+08   1.0494454e+09   9.3211695e+08   7.0487977e+08   8.9979014e+08   1.0617355e+09   8.5483626e+08   9.9907605e+08   8.5918442e+08   7.5363010e+08   1.0581340e+09   9.3098667e+08   8.0204969e+08   6.4537418e+08   1.1336499e+09   1.2217009e+09   1.0271094e+09   1.1697729e+09   5.5328159e+08   8.4669911e+08   1.1037412e+09   8.7942030e+08   1.1171343e+09   1.0448453e+09
   6.3504783e+07   5.3194626e+07   4.4104165e+07   5.3263612e+07   5.6823046e+07   6.2469516e+07   5.8227797e+07   5.0619137e+07   6.5314627e+07   6.2695532e+07   7.1318844e+07   5.6084671e+07   7.2361211e+07   6.2469516e+07   5.9238006e+07   6.3784361e+07   7.9342508e+07   4.9958254e+07   5.6685664e+07   6.3492663e+07   6.7942294e+07   6.2715560e+07   7.0896399e+07   5.9644470e+07   4.9053208e+07   4.0784798e+07   7.4933620e+07   5.3896033e+07   4.7549837e+07   6.2694410e+07
   1.2549718e+06   1.1228487e+06   1.5120734e+06   1.4907379e+06   1.0507715e+06   1.3229627e+06   1.0332928e+06   1.4275465e+06   1.0421572e+06   1.3539068e+06   1.5056841e+06   1.8833429e+06   1.3054890e+06   1.3229627e+06   1.2975136e+06   1.5390612e+06   1.5340921e+06   1.2246918e+06   1.1842800e+06   1.1536732e+06   1.4418161e+06   1.1538675e+06   1.2514091e+06   1.8185953e+06   1.4216255e+06   1.2026947e+06   9.3859309e+05   9.1499601e+05   1.3510689e+06   1.5621716e+06
   1.3219285e+04   1.7028739e+04   2.6541068e+04   2.2830135e+04   1.1493632e+04   2.1617380e+04   1.4481047e+04   2.0368988e+04   1.7227268e+04   2.8666990e+04   2.2683395e+04   2.6306179e+04   1.5553442e+04   2.1617380e+04   1.7449339e+04   1.7005092e+04   2.2255988e+04   1.1395975e+04   1.8211980e+04   1.7492881e+04   1.8053673e+04   1.7567174e+04   2.1763340e+04   2.5801277e+04   2.1571067e+04   1.8786880e+04   1.8817432e+04   1.6745835e+04   2.0870502e+04   2.6178981e+04
   3.2800539e+01   3.2356782e+01   6.5025544e+01   5.8814680e+01   3.5674127e+01   3.0967139e+01   2.0561405e+01   3.6969592e+01   3.2204049e+01   6.8845968e+01   3.0061636e+01   4.6131208e+01   4.2315437e+01   3.0967139e+01   4.3953791e+01   4.8306045e+01   3.9779606e+01   5.5700439e+01   3.4157524e+01   2.1130862e+01   5.6083971e+01   3.6715300e+01   2.7512183e+01   5.7276576e+01   4.3313344e+01   3.5742318e+01   2.3157573e+01   2.4504351e+01   2.8936941e+01   3.5114150e+01
   0.0000000e+00   0.0000000e+00   0.0000000e+00   0.0000000e+00   0.0000000e+00   0.0000000e+00   0.0000000e+00   0.0000000e+00   0.0000000e+00   0.0000000e+00   0.0000000e+00   0.0000000e+00   0.0000000e+00   0.0000000e+00   0.0000000e+00   0.0000000e+00   0.0000000e+00   0.0000000e+00   0.0000000e+00   0.0000000e+00   0.0000000e+00   0.0000000e+00   0.0000000e+00   0.0000000e+00   0.0000000e+00   0.0000000e+00   0.0000000e+00   0.0000000e+00   0.0000000e+00   0.0000000e+00
