   1.4584434e+07   7.9101586e+06   2.4782046e+07   1.6198596e+07   5.2391036e+06   4.7276705e+06   8.0400348e+06   1.5263210e+07   1.1313202e+07   5.9072272e+06   2.0213709e+07   1.1054059e+07   7.9334886e+06   1.5515106e+06   1.4077689e+07   1.2005466e+07   3.1510035e+07   2.2389642e+07   1.4836759e+07   1.8640239e+07   1.9051314e+07   6.1697411e+06   1.1601344e+07   4.8652012e+06   2.9939678e+06   1.4433946e+07   6.8123979e+06   6.2587670e+06   1.7371342e+07   5.5600007e+06
   2.6120650e+06   2.4934813e+06   1.7718045e+07   9.7195790e+05   3.0615058e+06   2.2642508e+06   1.9440683e+06   6.4526212e+06   4.5148173e+06   5.9072143e+06   8.5701097e+06   5.1222454e+06   2.3391128e+06   1.5094299e+06   2.0695572e+06   8.7243962e+06   7.6010782e+06   3.9956062e+06   1.6323507e+06   2.4670762e+06   1.3067670e+07   1.9717598e+06   2.7299124e+06   3.8406791e+06   2.1155693e+06   2.7816155e+06   4.1272592e+06   6.2587565e+06   2.9554637e+04   2.7239889e+06
   1.8301688e+06   2.4934813e+06   3.6859284e+05   9.7195790e+05   3.0296005e+06   1.6110287e+05   1.9038269e+06   2.5442486e+06   4.5148173e+06   5.9072143e+06   1.9822863e+06   1.9198373e+06   6.6753608e+05   1.1055444e+05   1.4259434e+06   2.4494016e+05   9.0712919e+05   3.6020897e+05   1.5087448e+05   1.3696352e+06   2.3595499e+06   1.9579036e+06   1.8754533e+06   1.2879115e+06   1.0465653e+06   2.7816155e+06   1.7691604e+05   2.4710689e+06   2.9554637e+04   1.1497055e+06
   1.8301688e+06   1.0325318e+06   3.6859284e+05   7.6964320e+05   2.6376011e+06   1.6110287e+05   1.9822751e+05   2.5442486e+06   1.0429952e+06   1.7947248e+06   1.7902477e+06   1.6043536e+06   6.6753608e+05   1.1050897e+05   4.8897131e+05   2.4494016e+05   9.0712919e+05   8.2251745e+04   1.5087448e+05   9.5863190e+05   1.7172027e+06   8.3183755e+05   1.7951890e+06   1.1466000e+06   8.9007116e+05   1.7305730e+06   1.7691604e+05   2.0738113e+06   2.9554637e+04   1.1497055e+06
   1.1271859e+06   1.0325318e+06   2.0581790e+05   6.9862547e+05   6.9354271e+05   1.6110287e+05   1.9822751e+05   5.5377305e+05   2.0271904e+05   3.8332444e+05   5.8805234e+05   2.2125247e+05   6.6753608e+05   1.1050897e+05   4.8897131e+05   2.4494016e+05   9.0712919e+05   1.5800015e+04   1.7669048e+04   2.7602485e+05   6.7563004e+05   7.5344924e+05   1.0319331e+06   5.3392779e+05   8.9007116e+05   9.8235552e+05   1.7691604e+05   3.6587579e+05   2.9554637e+04   4.4902921e+05
   5.1790648e+05   4.5592152e+05   2.0581790e+05   4.5790676e+05   1.6069434e+05   1.6110287e+05   1.9822751e+05   5.5377305e+05   2.0197971e+05   7.2035405e+04   5.8805234e+05   2.3601680e+04   3.7712515e+05   1.1050897e+05   4.8897131e+05   2.4493935e+05   5.7748811e+05   1.5800015e+04   1.7669048e+04   2.7570158e+05   6.4218883e+04   7.5344924e+05   3.1172140e+04   1.5355573e+05   1.3500386e+05   4.0108831e+05   1.7691604e+05   3.2976867e+05   2.9554637e+04   4.4870465e+05
   1.1293205e+05   2.3850530e+05   2.9475554e+04   1.9082818e+05   1.6069434e+05   1.2565524e+05   1.9822751e+05   1.6075956e+05   2.0197971e+05   7.2035405e+04   5.1385653e+04   2.3601680e+04   6.8363600e+04   1.1050824e+05   4.2096391e+04   2.4493935e+05   2.1953916e+05   1.5800015e+04   1.7669048e+04   1.2189489e+05   6.4218883e+04   4.5069139e+05   9.1886078e+03   1.5355573e+05   1.1827904e+05   2.6877113e+05   1.5755960e+05   1.5722252e+05   2.9490485e+04   2.0521217e+05
   5.5835358e+03   1.8638805e+04   9.3569969e+03   3.0212712e+04   2.6291368e+04   2.2509695e+04   1.1725308e+04   6.8226461e+04   1.4934201e+04   5.8196038e+04   5.1385451e+04   1.7349738e+04   3.1172780e+04   6.0296124e+04   5.9817035e+03   3.0108664e+04   2.2552353e+04   1.5481016e+04   8.3915363e+03   6.3665836e+03   2.1903447e+04   3.0513053e+03   9.1788074e+03   1.0385142e+04   2.4417129e+03   4.3738149e+03   2.6477612e+04   3.3022800e+04   6.5319395e+03   3.4894794e+04
   2.0110761e+03   1.9161879e+03   1.7529633e+03   2.1740697e+03   1.0907589e+03   8.3786435e+02   1.2192593e+03   1.2795917e+03   1.5842134e+03   1.6897522e+03   1.2131246e+03   1.4472756e+03   1.5762911e+03   5.9897216e+02   1.6874428e+03   1.0432588e+03   1.9604897e+03   1.9061292e+03   2.7813038e+03   1.0196297e+03   3.5238904e+03   1.0557948e+03   3.4390691e+03   1.6301279e+03   1.5407882e+03   2.2185969e+03   7.6193549e+02   6.4859949e+02   1.1811792e+03   8.6894672e+02
   1.7605984e+01   4.5237003e+00   1.4133799e+01   1.2742450e+01   2.3505835e+01   1.9380385e+01   1.1212686e+01   4.1221567e+00   3.5520062e+01   1.4453030e+01   3.1753022e+01   4.5783762e+00   2.5847336e+01   1.6886739e+01   1.6124693e+01   2.5451803e+01   3.4744038e+01   4.1644976e+01   1.1303933e+01   7.1984028e+00   2.1403245e+01   5.2005372e+00   1.3924040e+01   1.7672873e+01   4.0454389e+00   3.5893772e+01   1.1854938e+01   3.9593477e+01   2.9191997e+01   2.4765452e+01
   7.9125385e-02   6.9618560e-02   9.2105196e-02   1.0839290e-01   4.6323167e-02   9.7215603e-02   9.5347113e-02   1.7268721e-01   9.3146377e-02   8.0577848e-02   1.1900731e-01   9.7319006e-02   9.3774919e-02   3.1533185e-02   1.3123962e-01   4.8211986e-02   1.0513141e-01   1.4029576e-01   5.7097507e-02   1.1893998e-01   4.6692239e-02   1.5498751e-01   1.0734583e-01   1.2463700e-01   1.4927453e-01   1.0360720e-01   1.1067344e-01   1.1305233e-01   1.2818097e-01   5.1691706e-02
   1.0821629e-03   3.5819877e-03   6.2704929e-03   3.8359228e-03   3.7896187e-03   1.4110776e-03   3.2018348e-03   3.4992165e-03   6.4221298e-03   4.0582130e-03   6.4859464e-03   2.3484871e-03   1.1033439e-03   3.7841014e-03   4.6552316e-03   3.4579976e-03   3.3893466e-03   2.6845785e-03   5.3912078e-03   4.9912269e-03   2.2032989e-03   3.7405736e-03   3.5164379e-03   4.1876250e-03   1.7277299e-03   3.8777987e-03   4.8976214e-03   4.5626904e-03   3.9761711e-03   3.6564933e-03
   6.5863955e-04   8.2978919e-04   6.1536819e-04   5.9144400e-04   4.0830460e-04   2.7879730e-04   2.2022299e-04   5.2437133e-04   6.2776169e-04   6.2776140e-04   6.3672013e-04   6.4606049e-04   4.1027541e-04   9.5476241e-04   8.4225637e-04   1.6774906e-03   6.6017325e-04   7.1922270e-04   4.5691799e-04   2.7032188e-04   6.3990693e-04   7.5935526e-04   7.1162418e-05   7.2188036e-04   3.8560633e-04   4.6707980e-04   7.6349056e-04   7.8340402e-04   6.4658613e-04   2.6883146e-04
   1.4290113e-04   1.0537604e-04   5.8723994e-05   8.5774678e-05   1.6872193e-04   6.2848923e-05   1.1006011e-04   4.2302415e-05   9.3639179e-05   1.0093366e-04   9.7795309e-05   6.7540373e-05   8.3939315e-05   2.0629674e-04   1.3028055e-04   1.4516855e-04   2.4607179e-05   1.5187435e-04   1.5556748e-04   3.7759400e-05   1.3976306e-04   1.3845492e-04   2.9097236e-05   4.2165798e-05   1.7857269e-04   4.8200323e-05   9.1879612e-05   1.2107771e-04   4.6532753e-05   3.9837204e-05
   0.0000000e+00   0.0000000e+00   0.0000000e+00   0.0000000e+00   0.0000000e+00   0.0000000e+00   0.0000000e+00   0.0000000e+00   0.0000000e+00   0.0000000e+00   0.0000000e+00   0.0000000e+00   0.0000000e+00   0.0000000e+00   0.0000000e+00   0.0000000e+00   0.0000000e+00   2.4268895e-07   0.0000000e+00   0.0000000e+00   0.0000000e+00   0.0000000e+00   0.0000000e+00   0.0000000e+00   6.0875609e-08   1.5961074e-06   2.6128960e-07   0.0000000e+00   0.0000000e+00   1.4536467e-07
   0.0000000e+00   0.0000000e+00   0.0000000e+00   0.0000000e+00   0.0000000e+00   0.0000000e+00   0.0000000e+00   0.0000000e+00   0.0000000e+00   0.0000000e+00   0.0000000e+00   0.0000000e+00   0.0000000e+00   0.0000000e+00   0.0000000e+00   0.0000000e+00   0.0000000e+00   0.0000000e+00   0.0000000e+00   0.0000000e+00   0.0000000e+00   0.0000000e+00   0.0000000e+00   0.0000000e+00   0.0000000e+00   0.0000000e+00   0.0000000e+00   0.0000000e+00   0.0000000e+00   0.0000000e+00
