   3.3732912e+02   4.4863623e+02   3.7857917e+02   4.6217262e+02   3.6729118e+02   3.0073688e+02   3.7872046e+02   3.4670632e+02   2.5859799e+02   4.1409364e+02   3.8615422e+02   4.6341323e+02   2.4183434e+02   2.4613855e+02   3.5933785e+02   3.6527431e+02   4.4664150e+02   3.7604929e+02   3.8925859e+02   3.5134888e+02   3.7101089e+02   4.5568491e+02   4.1535563e+02   3.8972562e+02   3.2193953e+02   4.9608370e+02   4.3354090e+02   2.9323997e+02   2.8613745e+02   2.9972982e+02
   1.8366550e+02   2.9462757e+02   3.1266241e+02   2.6245937e+02   3.4790146e+02   3.0073688e+02   2.4891691e+02   2.8671107e+02   2.5859799e+02   3.2658306e+02   2.6945870e+02   3.6958445e+02   2.4183434e+02   2.4613855e+02   2.1459453e+02   2.5312754e+02   2.8107910e+02   3.1766252e+02   1.7971172e+02   3.4377094e+02   2.6952915e+02   3.5900648e+02   3.5598668e+02   2.5740587e+02   3.2193953e+02   3.4884153e+02   2.1356968e+02   2.9323997e+02   2.3154757e+02   2.7068196e+02
   1.8366550e+02   2.4689252e+02   2.0301970e+02   2.2143838e+02   2.3196984e+02   1.9623191e+02   2.4891691e+02   2.5543705e+02   2.2211545e+02   2.5158253e+02   1.8100026e+02   3.0825342e+02   2.1327639e+02   2.1867572e+02   2.1459453e+02   2.1354961e+02   2.1773914e+02   2.0766536e+02   1.7971172e+02   2.3414777e+02   2.6952915e+02   2.5105022e+02   2.8744100e+02   2.5740587e+02   2.4184330e+02   2.7084478e+02   2.1356968e+02   2.6197161e+02   1.8079625e+02   2.5713384e+02
   1.8366550e+02   2.1957182e+02   1.8926436e+02   2.0931596e+02   2.2129708e+02   1.7128225e+02   1.8908664e+02   2.2253727e+02   2.2167929e+02   2.2389222e+02   1.8100026e+02   2.6683160e+02   2.0303741e+02   2.0366081e+02   1.7766027e+02   2.1354961e+02   2.1409629e+02   1.7843119e+02   1.5536663e+02   1.8641668e+02   1.7267835e+02   2.2512642e+02   1.6150375e+02   1.8756858e+02   2.1122130e+02   2.4138513e+02   2.1356968e+02   1.6389799e+02   1.8079625e+02   2.4917790e+02
   1.4838849e+02   1.6486789e+02   1.3487979e+02   1.6319688e+02   1.6760961e+02   1.4055025e+02   1.8051672e+02   1.7614516e+02   1.4315175e+02   1.5775151e+02   1.5591570e+02   1.7584452e+02   1.3797255e+02   1.5367343e+02   1.6238238e+02   1.4148862e+02   1.4262506e+02   1.6619883e+02   1.4733935e+02   1.6317019e+02   1.4107448e+02   1.1946372e+02   1.4362634e+02   1.3159221e+02   1.2741947e+02   1.2160419e+02   1.4748028e+02   1.5027267e+02   1.3808616e+02   1.6746196e+02
   1.3268148e+02   1.3241079e+02   9.9128769e+01   1.1101386e+02   1.3691851e+02   1.1515172e+02   1.1603419e+02   1.4072427e+02   1.1458860e+02   1.2665475e+02   1.2311153e+02   1.4823314e+02   1.2153533e+02   1.1923628e+02   1.2936706e+02   1.1008405e+02   1.1683657e+02   1.2816706e+02   1.2264727e+02   1.3812918e+02   9.9093282e+01   1.0670389e+02   1.1797030e+02   1.2999564e+02   8.7494278e+01   9.7675589e+01   1.0416360e+02   1.3041384e+02   1.3808616e+02   1.1252475e+02
   1.0104968e+02   1.0755170e+02   8.9559622e+01   1.0834768e+02   9.8850743e+01   1.0060255e+02   1.1603419e+02   1.1039811e+02   9.2482249e+01   9.9231803e+01   1.1247683e+02   1.1241218e+02   9.0471514e+01   1.1219145e+02   1.1302550e+02   9.8583250e+01   1.0895209e+02   9.6988999e+01   1.0500292e+02   9.7139962e+01   8.6260839e+01   1.0670389e+02   1.0877196e+02   9.7037734e+01   8.7494278e+01   9.7675589e+01   9.6272580e+01   1.0551654e+02   1.0535153e+02   1.0822548e+02
   7.5870043e+01   8.7322121e+01   7.6414255e+01   7.9777740e+01   8.9035642e+01   8.5591307e+01   8.0203829e+01   7.7950692e+01   7.2819275e+01   9.0431560e+01   7.4514624e+01   9.4186316e+01   8.4323619e+01   6.6153488e+01   9.1275503e+01   6.4105747e+01   8.4892666e+01   8.4532354e+01   7.1911657e+01   8.6896313e+01   6.2362448e+01   6.8592808e+01   7.2458182e+01   7.9716261e+01   7.0902023e+01   6.7900031e+01   7.8432874e+01   7.5120507e+01   7.9599504e+01   7.5602374e+01
   6.3761308e+01   6.0853419e+01   5.4770400e+01   5.1885144e+01   5.1991065e+01   5.3679384e+01   6.0204695e+01   5.4086051e+01   5.1717800e+01   5.8564063e+01   4.9490607e+01   4.8272840e+01   6.0879956e+01   5.0224172e+01   6.3844364e+01   4.2340881e+01   6.0571895e+01   4.2863745e+01   5.0476471e+01   5.5194529e+01   5.2021291e+01   6.0433431e+01   5.9981024e+01   6.4546622e+01   6.4906446e+01   6.2976915e+01   5.9989123e+01   6.2137657e+01   5.1089626e+01   5.9561744e+01
   4.3315533e+01   3.1179686e+01   3.7508785e+01   4.7850655e+01   3.8473683e+01   4.0854895e+01   4.0588919e+01   4.3886103e+01   3.5906110e+01   4.8341703e+01   4.0532993e+01   3.8620891e+01   3.4890345e+01   4.3873221e+01   4.0790476e+01   3.0736286e+01   3.4399766e+01   4.0768757e+01   3.9389312e+01   3.2061912e+01   4.0455140e+01   3.6601657e+01   4.9119923e+01   3.3807671e+01   4.2560696e+01   4.8516854e+01   5.1395177e+01   4.4058363e+01   4.2802363e+01   4.8351563e+01
   3.1766443e+01   3.1152861e+01   2.6714068e+01   3.2639694e+01   3.1445941e+01   3.3282988e+01   2.8800683e+01   3.2047011e+01   3.0437409e+01   3.2633259e+01   3.0029653e+01   2.8543663e+01   2.7894203e+01   2.5162849e+01   3.1086841e+01   3.0736286e+01   2.6806856e+01   2.8134226e+01   3.1743042e+01   2.2855968e+01   3.1587468e+01   3.0709439e+01   3.2898806e+01   2.9753589e+01   2.8601115e+01   2.9209375e+01   2.9762309e+01   2.9404438e+01   3.3380432e+01   3.0547657e+01
   2.3996401e+01   2.4537209e+01   1.8953952e+01   2.1925213e+01   2.0401347e+01   2.3329031e+01   2.1815901e+01   2.2579656e+01   2.5272171e+01   2.3016399e+01   2.1134520e+01   2.1913510e+01   2.3688592e+01   2.1790984e+01   2.4310819e+01   2.3600996e+01   2.0704507e+01   2.0086599e+01   2.4676582e+01   1.9812154e+01   2.4969134e+01   2.1966212e+01   2.3746960e+01   1.9826625e+01   2.4581512e+01   2.0828196e+01   2.4842951e+01   2.4354133e+01   2.3662255e+01   2.4993258e+01
   1.8124976e+01   1.5917630e+01   1.5580531e+01   1.5334388e+01   1.3453771e+01   1.4874848e+01   1.4447635e+01   1.4968144e+01   1.5808096e+01   1.7800292e+01   1.4854435e+01   1.4855895e+01   1.5598338e+01   1.5540724e+01   1.3800658e+01   1.6168638e+01   1.6291159e+01   1.4772362e+01   1.4690748e+01   1.5653179e+01   1.6395811e+01   1.8450554e+01   1.7369698e+01   1.5561042e+01   1.4299566e+01   1.5023784e+01   1.5182635e+01   1.6245989e+01   1.6133669e+01   1.5188029e+01
   1.1866072e+01   1.1206967e+01   1.1216760e+01   1.1522410e+01   1.1737397e+01   1.1543321e+01   1.1365376e+01   1.1492719e+01   1.1494881e+01   1.1518066e+01   1.1543686e+01   1.1545149e+01   1.1358865e+01   1.1548449e+01   1.1286752e+01   1.1382386e+01   1.1385332e+01   1.1263266e+01   1.1334702e+01   1.1518954e+01   1.1532977e+01   1.1541522e+01   1.1275995e+01   1.1697928e+01   1.1652712e+01   1.1473109e+01   1.1299063e+01   1.1421989e+01   1.1588910e+01   1.1671907e+01
   1.0873679e+01   1.0873679e+01   1.0873679e+01   1.0873679e+01   1.0873679e+01   1.0873679e+01   1.0873679e+01   1.0873679e+01   1.0873679e+01   1.0873679e+01   1.0873679e+01   1.0873679e+01   1.0873679e+01   1.0873679e+01   1.0873679e+01   1.0873679e+01   1.0873679e+01   1.0873679e+01   1.0873679e+01   1.0873679e+01   1.0873679e+01   1.0873679e+01   1.0873680e+01   1.0873679e+01   1.0873679e+01   1.0873679e+01   1.0873679e+01   1.0873679e+01   1.0873679e+01   1.0873679e+01
   1.0873679e+01   1.0873679e+01   1.0873679e+01   1.0873679e+01   1.0873679e+01   1.0873679e+01   1.0873679e+01   1.0873679e+01   1.0873679e+01   1.0873679e+01   1.0873679e+01   1.0873679e+01   1.0873679e+01   1.0873679e+01   1.0873679e+01   1.0873679e+01   1.0873679e+01   1.0873679e+01   1.0873679e+01   1.0873679e+01   1.0873679e+01   1.0873679e+01   1.0873679e+01   1.0873679e+01   1.0873679e+01   1.0873679e+01   1.0873679e+01   1.0873679e+01   1.0873679e+01   1.0873679e+01
