   7.8739342e+06   2.3854880e+07   1.3420982e+07   5.1863913e+07   3.1424017e+07   8.9165048e+06   3.8898161e+07   5.2481721e+07   1.7853610e+07   3.5076687e+07   5.8936637e+07   1.8063505e+07   6.1225881e+07   1.1739280e+07   1.6610874e+07   2.6897857e+07   1.9084842e+07   2.5818790e+07   3.2451230e+07   1.0501708e+07   2.0999367e+07   1.9944279e+07   3.0078130e+07   3.1952752e+07   4.3111144e+07   3.8310193e+07   8.1069708e+06   1.8216007e+07   1.9759526e+07   5.0693206e+06
   7.8739342e+06   1.6519154e+07   5.6748823e+06   1.0951517e+07   3.1424017e+07   8.9165048e+06   3.3115209e+07   2.0352114e+07   6.3381332e+06   3.5076687e+07   3.6338374e+07   1.8063505e+07   2.2446019e+06   1.1739280e+07   1.4634150e+07   2.2848518e+07   1.9084842e+07   1.0400295e+07   1.4876381e+07   1.0501708e+07   2.0999367e+07   1.9944279e+07   2.0628975e+07   9.4562832e+06   2.0623090e+07   3.7620653e+07   8.1069708e+06   9.3343256e+06   1.4872401e+07   5.0693206e+06
   3.9016973e+06   1.3821101e+07   4.7451645e+06   6.4266190e+06   2.1639449e+07   8.9165048e+06   1.2980132e+07   3.1943811e+06   6.3381332e+06   9.6667816e+06   1.8866486e+07   1.8063505e+07   2.2446019e+06   1.1739280e+07   1.1799276e+07   1.1636308e+07   7.2440470e+06   1.0400295e+07   1.3907243e+07   5.7238486e+06   2.0999367e+07   1.9944279e+07   1.1559866e+07   9.4562832e+06   2.0623090e+07   7.1539899e+06   8.1069708e+06   5.9159698e+06   1.2289373e+07   5.0683317e+06
   3.9016973e+06   1.3821101e+07   4.6846708e+06   6.4266190e+06   1.0936061e+07   3.6373918e+06   1.2736359e+07   3.1943811e+06   6.3381332e+06   3.2899216e+06   1.0212834e+07   1.8063290e+07   2.2446019e+06   1.1536410e+07   7.3775083e+06   1.1636308e+07   7.2440470e+06   1.0400295e+07   1.0163509e+07   5.7238486e+06   9.9078919e+06   1.9944279e+07   6.6512719e+06   9.4562832e+06   1.2981737e+07   7.1539899e+06   8.1069708e+06   5.9159698e+06   1.2289373e+07   4.8817662e+06
   3.9016973e+06   9.8555812e+06   4.6846708e+06   6.4266190e+06   9.9461914e+06   3.6373918e+06   1.2736359e+07   3.1943811e+06   6.3381332e+06   3.2899216e+06   1.0212834e+07   1.4596823e+07   2.2446019e+06   1.1536410e+07   7.3775083e+06   6.8519378e+06   7.2440470e+06   1.0400295e+07   1.0163509e+07   5.7233627e+06   5.7829009e+06   1.1517896e+07   6.6512719e+06   9.4562832e+06   5.1432608e+06   7.1539899e+06   8.1069708e+06   5.9159698e+06   1.2289373e+07   1.4302134e+06
   3.9016973e+06   9.1340765e+06   4.6846708e+06   6.4266060e+06   9.2394996e+06   3.6373918e+06   1.1025751e+07   3.1943811e+06   6.3381332e+06   3.2899216e+06   1.0212834e+07   9.2725444e+06   2.2446019e+06   5.8891002e+06   7.3769137e+06   6.8519378e+06   7.2440470e+06   1.0400295e+07   5.9167220e+06   5.7233627e+06   5.7829009e+06   8.4995196e+06   4.5552468e+06   9.4562832e+06   5.1432608e+06   7.1539899e+06   8.1069405e+06   5.9159436e+06   5.9578689e+06   1.4302134e+06
   3.9016973e+06   3.8312145e+06   4.6846708e+06   6.4266060e+06   9.2394996e+06   3.6373918e+06   1.1025751e+07   3.1943811e+06   6.3381332e+06   3.2899216e+06   1.0212834e+07   6.1537852e+06   1.5582913e+06   5.8891002e+06   7.3769137e+06   6.8519378e+06   7.2440470e+06   1.0400295e+07   5.9167220e+06   5.7233627e+06   3.3712614e+06   8.3512575e+06   4.5552468e+06   9.4562832e+06   5.1432608e+06   6.0277230e+06   8.1069405e+06   5.9159436e+06   5.9578689e+06   1.4302134e+06
   3.7411702e+06   3.8312145e+06   8.4057592e+05   1.5413588e+06   4.6535518e+06   3.4842491e+06   1.8131710e+06   2.6776708e+06   3.5620623e+06   3.2899216e+06   6.5439912e+06   6.0065096e+06   1.5582913e+06   9.8597687e+05   5.7532382e+06   2.9977930e+06   5.2196449e+06   4.2017615e+06   5.6976116e+06   5.2308094e+06   2.7055145e+06   3.2724978e+06   1.2287776e+06   2.0586628e+06   2.6288167e+06   2.4557722e+06   2.1552224e+06   4.6167971e+06   5.2762473e+06   1.4302134e+06
   2.7848540e+06   1.4623120e+06   7.5215695e+05   1.5413588e+06   3.8450678e+06   1.4934007e+06   1.8131710e+06   1.1168754e+06   1.8469557e+06   3.0310504e+06   4.3773961e+06   3.1715523e+06   1.5582913e+06   9.8597687e+05   3.9678377e+06   2.9977930e+06   1.5096880e+06   2.2379882e+06   3.9407405e+06   2.3754192e+06   1.5094520e+06   1.0914319e+06   1.2287776e+06   1.6560979e+06   2.6284487e+06   4.3894456e+05   1.4806760e+06   2.8189693e+06   1.8865636e+06   1.4302134e+06
   1.1451228e+06   1.4523180e+06   3.7687761e+05   1.5412883e+06   1.1611295e+06   1.3906128e+06   1.2397833e+06   9.1541931e+05   1.1498260e+06   1.3248959e+06   1.8030633e+06   2.1370822e+06   1.4753446e+06   5.5527700e+05   5.1871176e+05   7.3598980e+05   7.9955446e+05   1.0724647e+06   1.3029612e+06   1.5171207e+06   1.5094138e+06   8.9889585e+05   4.8620512e+05   1.4841876e+06   1.4970916e+06   4.3890966e+05   1.2530201e+06   1.1875516e+06   4.6058362e+05   6.1589471e+05
   6.4157135e+05   6.2313212e+05   3.7673219e+05   8.5084768e+05   4.0266830e+05   4.4062839e+05   6.6390434e+05   4.7227719e+05   4.4862888e+05   6.4351187e+05   5.3025518e+05   8.4153644e+05   9.0884149e+05   4.0321004e+05   5.1739531e+05   7.3555556e+05   4.9547619e+05   6.2925768e+05   2.6636986e+05   5.5102304e+05   1.0820862e+06   4.1535498e+05   2.6879442e+05   1.3265324e+05   8.3412897e+05   4.2984817e+05   8.3779510e+05   3.4534571e+05   4.5987932e+05   6.1589206e+05
   3.0314221e+05   6.0733192e+05   2.3226675e+05   3.3821724e+05   3.3598216e+05   3.4942742e+05   4.4494070e+05   3.5923359e+05   3.5616443e+05   3.3360476e+05   4.6384570e+05   1.8935705e+05   2.0048757e+05   1.8369276e+05   4.1525289e+05   3.6448785e+05   2.9659971e+05   3.3755848e+05   2.3814981e+05   2.7249809e+05   4.2042647e+05   4.1535498e+05   2.0444682e+05   9.7096090e+04   1.9852411e+05   3.3246127e+05   6.6846052e+05   1.8320513e+05   3.6804943e+05   2.4801318e+05
   2.0861295e+05   2.2316161e+05   1.0041538e+05   1.1083236e+05   7.3575646e+04   2.0676904e+05   7.7871595e+04   2.6989996e+05   1.4090532e+05   1.1139386e+05   1.9616248e+05   3.8132534e+04   2.0048757e+05   1.5394121e+05   2.2381971e+05   2.3138183e+05   1.7314699e+05   2.9920908e+05   2.3488083e+05   2.5085588e+05   2.7052919e+05   2.7551668e+05   1.6201682e+05   6.5998731e+04   1.5858371e+05   2.4488809e+05   3.0615758e+05   9.6223943e+04   2.6702539e+05   2.4765047e+05
   6.6110663e+04   1.1127223e+05   7.0138618e+04   6.8487619e+04   4.4152047e+04   8.4452542e+04   6.6328683e+04   6.1070743e+04   5.8941636e+04   1.0286652e+05   4.6219901e+04   3.7023678e+04   1.1011372e+05   9.5310348e+04   5.4166298e+04   5.1702977e+04   6.5608701e+04   1.2661395e+05   2.4553238e+04   6.6043169e+04   7.5086409e+04   6.9312156e+04   1.1626513e+05   6.4502319e+04   1.0650167e+05   8.5385578e+04   8.7899565e+04   5.6653648e+04   9.8260333e+04   4.1373298e+04
   7.5419485e+02   4.7810852e+02   6.0823187e+02   8.8276531e+02   7.8858043e+02   6.8623184e+02   7.9839146e+02   7.1052944e+02   6.0063540e+02   6.2514003e+02   5.8153326e+02   8.3099469e+02   1.0271677e+03   7.2979886e+02   6.4127572e+02   6.4290757e+02   6.3987313e+02   6.9541745e+02   4.5426147e+02   7.2846258e+02   7.4278050e+02   8.5553337e+02   8.0627600e+02   7.3129009e+02   5.7229344e+02   7.3300275e+02   7.3257425e+02   7.7577869e+02   8.4229605e+02   7.6860117e+02
   3.4571030e+00   6.1779209e+00   7.0691575e+00   7.2155804e+00   7.2832615e+00   7.3810494e+00   8.1820669e+00   8.3760087e+00   8.3763241e+00   1.1360880e+01   1.5028436e+01   1.5029094e+01   1.5410140e+01   1.6739931e+01   1.6948096e+01   1.6948153e+01   1.7330625e+01   1.8221680e+01   2.1714696e+01   2.2980079e+01   2.3196208e+01   2.3993858e+01   2.4803656e+01   2.4922830e+01   2.4977951e+01   2.8081485e+01   2.8379209e+01   3.0056685e+01   3.2858856e+01   3.6430810e+01
