   3.6803722e+05   1.9641118e+06   1.8684785e+06   3.5375535e+05   8.1565916e+05   5.8566915e+06   3.7638847e+06   5.2665058e+05   5.4670897e+06   1.3603040e+05   4.0891582e+06   8.1026744e+04   7.5459397e+05   1.0935028e+05   5.5983936e+06   4.0294580e+06   1.9844682e+05   1.1352848e+06   6.7782442e+05   1.4564701e+04   1.0343606e+05   2.7389407e+06   7.2646848e+05   5.0415846e+05   1.4723527e+06   9.0141811e+06   1.4906114e+06   2.0780809e+06   2.3030723e+05   2.0875334e+06
   3.6803722e+05   7.6515293e+05   1.1534227e+06   3.3714398e+05   8.1565916e+05   1.5367959e+06   2.4169240e+06   5.2665058e+05   3.6788979e+05   5.6874016e+04   1.4937848e+06   8.1026744e+04   2.0575912e+05   1.0312489e+05   4.5642611e+05   4.0294580e+06   1.9722557e+05   8.0340089e+05   6.7782442e+05   1.4564701e+04   1.0343606e+05   3.3100023e+05   2.5844089e+03   2.4603280e+05   4.2219199e+05   7.3569469e+04   2.9232065e+05   8.8051485e+05   2.3030723e+05   1.0429372e+06
   3.5870223e+04   7.6447823e+05   1.0476435e+05   3.3671090e+05   1.2367808e+05   3.3696872e+05   1.1912921e+04   5.2665058e+05   2.9607002e+05   1.5503000e+04   1.4937840e+06   6.0319254e+04   2.0513917e+05   1.0311093e+05   9.2511948e+04   2.8332518e+05   1.9571606e+05   3.5610785e+04   2.3278582e+05   1.4564701e+04   2.5672938e+04   8.8437882e+04   2.5203086e+03   2.4562919e+05   4.2219199e+05   7.3569469e+04   2.9212228e+05   8.8024853e+05   4.0671409e+03   1.7110858e+04
   3.5870223e+04   4.2333487e+04   3.3837679e+04   5.2335567e+04   2.6315065e+04   7.5472960e+04   1.1757586e+04   3.0051201e+05   2.9607002e+05   1.5503000e+04   1.1745009e+05   5.9261096e+04   4.2761961e+04   2.9053933e+04   9.2511948e+04   2.8332518e+05   1.9174995e+05   2.5840617e+04   2.3278571e+05   1.4564701e+04   2.4529811e+04   8.8347416e+04   2.5109092e+03   2.4128174e+05   4.2219199e+05   7.3569469e+04   1.7372602e+05   9.4325456e+04   4.0671409e+03   1.6406862e+04
   1.0771599e+04   2.6302224e+03   1.1513965e+04   1.4555379e+04   2.6303100e+04   7.5267529e+04   1.1757555e+04   1.8079137e+04   2.1231785e+05   3.5045463e+03   6.5809814e+04   5.5705519e+03   3.0009650e+03   2.9053933e+04   4.4850489e+04   1.1708316e+04   1.0719282e+04   3.0735880e+03   1.3091785e+03   8.8489621e+03   2.1450733e+04   1.4801027e+04   2.5109092e+03   9.9317880e+04   1.8283150e+04   7.4657047e+03   8.0810981e+03   9.4325456e+04   2.1714060e+03   1.6406862e+04
   2.8213814e+03   8.2614212e+02   4.8441742e+02   1.4633653e+03   5.7245082e+03   2.1390201e+03   9.0344788e+02   6.2654964e+02   1.2923901e+03   2.3001739e+03   1.7826447e+03   8.4537336e+02   2.8199155e+03   2.7024804e+03   2.0841076e+03   2.3912885e+03   3.2736973e+03   1.7048606e+03   1.3091785e+03   1.1862693e+03   3.0673820e+03   2.2091182e+02   1.0062943e+03   4.8517213e+03   1.2452232e+03   1.6931895e+03   2.2159539e+03   1.2138380e+03   8.1225384e+02   3.1435409e+03
   1.9693099e+03   2.1581235e+02   2.3540411e+02   1.0248150e+02   3.2444090e+02   1.9605210e+02   2.0959230e+02   1.5201727e+02   7.4276511e+02   1.8339638e+02   7.3322373e+02   8.0071786e+01   3.3619871e+02   8.2303135e+02   1.8102000e+02   2.1207441e+02   8.2270637e+02   1.0925067e+02   3.0977079e+02   1.1416072e+02   7.1633507e+02   2.2064933e+02   6.9096602e+02   1.0410778e+03   6.8108675e+02   3.7500364e+02   1.1034765e+03   1.1877039e+03   8.8094573e+01   3.4500944e+02
   2.0244676e+01   1.1226541e+01   1.8665768e+01   2.1724151e+01   7.2156870e+00   3.8459449e+00   1.0488620e+01   4.3548736e+00   1.1830137e+01   6.2946756e+00   2.0642489e+01   2.6899854e+00   9.1679121e+00   5.0436794e+01   6.2252756e+00   3.4129356e+00   2.3867522e+00   2.4801734e+00   7.7259437e+00   1.4788282e+01   7.4493905e+00   4.6540473e+00   9.5556398e+00   9.5379426e+00   7.6148286e+00   9.2912797e+00   2.7673427e+01   3.7758411e+01   1.1147627e+01   7.7649809e+00
   9.0696179e-01   8.3236614e-02   4.3604700e-01   5.4768415e-01   3.2202003e-01   5.8744768e-01   4.2796665e-01   4.3266680e-01   5.3139620e-01   9.2487144e-01   1.9677437e-01   5.2587497e-01   2.4021715e-01   5.2784327e-01   3.4854272e-01   3.2774600e-01   4.3995633e-01   4.4671941e-01   4.9819983e-01   1.1404189e-01   1.8731431e-01   2.9221716e-01   3.2416713e-01   3.3349337e-01   5.4794078e-01   3.2058125e-01   1.4865485e-01   5.4275883e-01   2.0464621e-01   2.2175038e-01
   4.9147759e-02   4.9207404e-03   2.1721595e-02   2.9527205e-02   1.1444416e-02   1.0520556e-02   1.0176634e-02   1.6201389e-02   2.0734806e-02   2.5465339e-02   1.5950098e-02   4.6270243e-03   8.7286922e-03   2.3371821e-02   2.1720932e-02   1.9101556e-02   1.9247727e-02   1.0567230e-02   3.1558742e-02   9.6515817e-03   5.8542861e-03   6.1290364e-03   7.0042554e-03   3.0377236e-02   2.0993789e-02   6.7135957e-03   3.7179091e-02   4.2878663e-03   1.4080941e-02   7.3552502e-03
   5.0456887e-04   5.3346555e-04   7.2931640e-04   4.1682376e-04   4.3888185e-04   4.4833269e-04   1.4961715e-03   1.9241740e-04   9.7282593e-04   1.2957736e-03   5.4640069e-04   5.1984271e-04   3.2222669e-04   7.2373982e-04   1.2693775e-03   9.3097330e-04   7.7572844e-04   7.1767846e-04   2.0523707e-03   6.0170817e-04   5.1412662e-04   5.1019447e-04   3.4227624e-04   8.7810007e-04   9.8574292e-04   7.8793780e-04   1.6428935e-03   4.7851286e-04   1.2775938e-03   5.4133379e-05
   7.2717123e-05   5.7214152e-06   1.6985236e-05   4.5559246e-05   3.2790453e-05   2.3950796e-05   3.8178629e-05   3.1490510e-05   8.8240641e-05   1.4369411e-04   1.9802091e-05   2.7864571e-05   2.5188440e-05   1.3745422e-05   5.8225442e-05   2.1368076e-05   1.0505538e-05   5.8701914e-05   4.6157248e-05   7.1214477e-06   1.4452737e-05   1.0758589e-05   2.3281128e-05   3.4794049e-05   3.5942775e-05   9.4575971e-06   1.0042087e-04   1.7578302e-05   3.0093832e-05   5.8627811e-06
   2.8160507e-06   8.1679445e-08   1.3677754e-07   6.5266258e-06   2.0796188e-07   4.0155692e-07   7.8220546e-07   6.4182177e-07   2.5984673e-07   7.7340746e-07   1.6543800e-06   4.0759642e-07   1.9372010e-07   5.9056538e-07   1.2548071e-07   5.0894823e-07   8.2864517e-08   2.0620787e-06   1.0170961e-06   7.9757910e-07   6.1987521e-08   2.4464862e-07   8.3068790e-07   2.9888179e-06   5.9733657e-07   4.8636184e-07   2.6629050e-06   9.4923507e-08   3.8054645e-06   8.9311470e-08
   0.0000000e+00   0.0000000e+00   0.0000000e+00   6.1111223e-08   0.0000000e+00   0.0000000e+00   0.0000000e+00   0.0000000e+00   0.0000000e+00   0.0000000e+00   0.0000000e+00   0.0000000e+00   0.0000000e+00   0.0000000e+00   0.0000000e+00   0.0000000e+00   0.0000000e+00   0.0000000e+00   0.0000000e+00   0.0000000e+00   0.0000000e+00   0.0000000e+00   0.0000000e+00   0.0000000e+00   0.0000000e+00   0.0000000e+00   0.0000000e+00   0.0000000e+00   0.0000000e+00   0.0000000e+00
   0.0000000e+00   0.0000000e+00   0.0000000e+00   0.0000000e+00   0.0000000e+00   0.0000000e+00   0.0000000e+00   0.0000000e+00   0.0000000e+00   0.0000000e+00   0.0000000e+00   0.0000000e+00   0.0000000e+00   0.0000000e+00   0.0000000e+00   0.0000000e+00   0.0000000e+00   0.0000000e+00   0.0000000e+00   0.0000000e+00   0.0000000e+00   0.0000000e+00   0.0000000e+00   0.0000000e+00   0.0000000e+00   0.0000000e+00   0.0000000e+00   0.0000000e+00   0.0000000e+00   0.0000000e+00
   0.0000000e+00   0.0000000e+00   0.0000000e+00   0.0000000e+00   0.0000000e+00   0.0000000e+00   0.0000000e+00   0.0000000e+00   0.0000000e+00   0.0000000e+00   0.0000000e+00   0.0000000e+00   0.0000000e+00   0.0000000e+00   0.0000000e+00   0.0000000e+00   0.0000000e+00   0.0000000e+00   0.0000000e+00   0.0000000e+00   0.0000000e+00   0.0000000e+00   0.0000000e+00   0.0000000e+00   0.0000000e+00   0.0000000e+00   0.0000000e+00   0.0000000e+00   0.0000000e+00   0.0000000e+00
