   2.3752790e+03   2.4340279e+03   2.1961197e+03   1.6528339e+03   2.2179357e+03   2.3679652e+03   2.4305309e+03   2.1799370e+03   2.4047511e+03   2.7370030e+03   2.4818174e+03   2.4433873e+03   2.8085473e+03   2.3679652e+03   2.3184319e+03   2.2610680e+03   2.2827183e+03   2.5078739e+03   2.5284841e+03   2.4492626e+03   2.6292898e+03   2.2386246e+03   2.4620245e+03   2.4127159e+03   2.1470353e+03   2.4717232e+03   2.0459244e+03   2.2189817e+03   2.6296223e+03   2.0355568e+03
   2.2169155e+03   2.3091761e+03   1.8305544e+03   1.3978666e+03   2.2179357e+03   2.1819583e+03   1.3790031e+03   2.1799370e+03   1.8088181e+03   1.2001499e+03   2.4386050e+03   2.4433873e+03   1.9885162e+03   2.1819583e+03   1.6728152e+03   1.8689008e+03   2.2210819e+03   2.2223198e+03   1.6168830e+03   2.2895586e+03   2.5066195e+03   1.7966147e+03   1.9714954e+03   2.3685800e+03   2.1470353e+03   2.2450646e+03   1.7202538e+03   1.9294827e+03   2.3241075e+03   2.0355568e+03
   1.8844330e+03   1.3298645e+03   1.8305544e+03   1.3978666e+03   9.2738314e+02   1.2841987e+03   1.3790031e+03   1.5138104e+03   1.8088181e+03   1.2001499e+03   1.8229134e+03   1.8190174e+03   1.9885162e+03   1.2841987e+03   1.6107185e+03   1.5099297e+03   1.4435119e+03   1.9709563e+03   1.3437408e+03   2.2895586e+03   1.3884242e+03   1.7966147e+03   1.9714954e+03   1.7659871e+03   1.8844525e+03   1.9595843e+03   1.7202538e+03   1.9183283e+03   2.3241075e+03   2.0355568e+03
   1.7360241e+03   1.3298645e+03   1.5998754e+03   1.2616246e+03   9.2738314e+02   1.2841987e+03   1.3790031e+03   1.5138104e+03   1.5621617e+03   1.2001499e+03   1.4526137e+03   1.7495487e+03   1.2792339e+03   1.2841987e+03   1.6107185e+03   1.4032370e+03   1.3767967e+03   1.8563469e+03   1.3437408e+03   1.8361246e+03   1.3884242e+03   1.1854187e+03   1.4169118e+03   1.3237081e+03   1.8028067e+03   1.9338632e+03   1.3001915e+03   1.9183283e+03   9.3813792e+02   1.5672938e+03
   6.8294830e+02   1.1177440e+03   1.1531377e+03   1.1250208e+03   8.2734933e+02   1.2573686e+03   1.3790031e+03   1.1556480e+03   9.5279381e+02   7.1425361e+02   1.3154078e+03   1.0572215e+03   5.4350254e+02   1.2573686e+03   5.9777712e+02   8.1125157e+02   1.3278140e+03   1.3787422e+03   1.1796933e+03   1.1742326e+03   6.7039274e+02   9.8683348e+02   5.7793673e+02   8.8836759e+02   1.0383639e+03   1.3977197e+03   1.1891748e+03   7.6734323e+02   9.3813792e+02   6.2770339e+02
   2.6435519e+02   3.1891960e+02   1.1531377e+03   8.3350493e+02   2.7672096e+02   3.4644990e+02   8.7555450e+02   1.0263541e+03   7.0516227e+02   7.1425361e+02   4.4997789e+02   7.9574748e+02   5.4350254e+02   3.4644990e+02   5.9777712e+02   7.3547482e+02   1.8922208e+02   3.3278925e+02   6.4042828e+02   1.0822339e+03   6.7039274e+02   3.5511722e+02   5.4214130e+02   8.2332058e+02   6.2073179e+02   6.9826140e+02   5.5543370e+02   5.0545447e+02   5.2007650e+02   2.1179740e+02
   1.8195919e+02   2.4232559e+02   4.7462988e+01   3.2324673e+02   2.6135963e+02   2.4426307e+02   4.1117045e+02   1.5338055e+02   2.2879056e+02   2.2525311e+02   1.9199998e+02   3.1263530e+02   2.0538613e+02   2.4426307e+02   4.6181131e+02   4.6977846e+02   3.0459335e+01   2.1387293e+02   3.2360907e+02   2.9562109e+02   4.8878430e+02   1.7769677e+02   3.5868178e+02   5.2124915e+02   7.7735350e+01   1.5602631e+02   3.1507470e+02   4.1921997e+02   1.0772427e+02   1.6049160e+02
   1.0839376e+01   1.1816272e+01   2.3105499e+01   2.3227362e+01   1.2350300e+01   4.5700932e+01   1.8397942e+01   4.4933276e+01   1.4244853e+01   2.7763918e+01   1.4157935e+01   3.0404478e+00   3.0380371e+00   4.5700932e+01   6.0399499e+01   1.9038950e+01   3.0459335e+01   4.1446381e+01   1.7153576e+01   4.5264231e+01   2.1382934e+01   8.6289002e+00   2.6288940e+01   1.1455122e+01   2.7624968e+01   8.9707607e+01   1.8303828e+01   2.0449378e+01   7.5143091e+00   1.6089972e+01
   2.2794959e-02   3.5351834e-01   3.8528454e-01   1.9233902e-01   2.2122908e-01   4.1140297e-01   2.4336919e-01   5.6047341e-02   1.5021555e-01   1.0122218e-01   1.1299059e-01   1.2679514e-01   1.1373216e-01   4.1140297e-01   2.1028394e-02   3.8173213e-01   8.3894856e-01   1.5149102e-01   2.7979577e-01   4.8069566e-01   3.4125990e-01   3.7243243e-01   2.1003131e-01   8.4108049e-02   3.7108181e-02   3.5083174e-02   7.7472510e-02   4.5543323e-02   1.0477906e-02   7.6683545e-02
   8.7595138e-05   6.0255110e-05   1.3170005e-04   2.1506325e-05   1.3804270e-05   1.4864830e-04   5.5301514e-05   3.8720953e-05   1.3361035e-05   3.5054500e-06   5.5069882e-05   3.1270470e-05   1.6219612e-05   1.4864830e-04   5.3500425e-05   4.1922870e-05   1.8291592e-04   1.0777311e-05   1.2587469e-04   1.4332278e-04   5.5065204e-05   3.5193489e-05   1.9857294e-05   2.9219009e-05   1.2957065e-04   3.0341253e-05   1.3674271e-04   4.0730261e-05   1.6663079e-05   2.9324939e-05
   0.0000000e+00   0.0000000e+00   0.0000000e+00   0.0000000e+00   0.0000000e+00   0.0000000e+00   0.0000000e+00   0.0000000e+00   0.0000000e+00   0.0000000e+00   0.0000000e+00   0.0000000e+00   0.0000000e+00   0.0000000e+00   0.0000000e+00   0.0000000e+00   0.0000000e+00   0.0000000e+00   0.0000000e+00   0.0000000e+00   0.0000000e+00   0.0000000e+00   0.0000000e+00   0.0000000e+00   0.0000000e+00   0.0000000e+00   0.0000000e+00   0.0000000e+00   0.0000000e+00   0.0000000e+00
   0.0000000e+00   0.0000000e+00   0.0000000e+00   0.0000000e+00   0.0000000e+00   0.0000000e+00   0.0000000e+00   0.0000000e+00   0.0000000e+00   0.0000000e+00   0.0000000e+00   0.0000000e+00   0.0000000e+00   0.0000000e+00   0.0000000e+00   0.0000000e+00   0.0000000e+00   0.0000000e+00   0.0000000e+00   0.0000000e+00   0.0000000e+00   0.0000000e+00   0.0000000e+00   0.0000000e+00   0.0000000e+00   0.0000000e+00   0.0000000e+00   0.0000000e+00   0.0000000e+00   0.0000000e+00
   0.0000000e+00   0.0000000e+00   0.0000000e+00   0.0000000e+00   0.0000000e+00   0.0000000e+00   0.0000000e+00   0.0000000e+00   0.0000000e+00   0.0000000e+00   0.0000000e+00   0.0000000e+00   0.0000000e+00   0.0000000e+00   0.0000000e+00   0.0000000e+00   0.0000000e+00   0.0000000e+00   0.0000000e+00   0.0000000e+00   0.0000000e+00   0.0000000e+00   0.0000000e+00   0.0000000e+00   0.0000000e+00   0.0000000e+00   0.0000000e+00   0.0000000e+00   0.0000000e+00   0.0000000e+00
   0.0000000e+00   0.0000000e+00   0.0000000e+00   0.0000000e+00   0.0000000e+00   0.0000000e+00   0.0000000e+00   0.0000000e+00   0.0000000e+00   0.0000000e+00   0.0000000e+00   0.0000000e+00   0.0000000e+00   0.0000000e+00   0.0000000e+00   0.0000000e+00   0.0000000e+00   0.0000000e+00   0.0000000e+00   0.0000000e+00   0.0000000e+00   0.0000000e+00   0.0000000e+00   0.0000000e+00   0.0000000e+00   0.0000000e+00   0.0000000e+00   0.0000000e+00   0.0000000e+00   0.0000000e+00
   0.0000000e+00   0.0000000e+00   0.0000000e+00   0.0000000e+00   0.0000000e+00   0.0000000e+00   0.0000000e+00   0.0000000e+00   0.0000000e+00   0.0000000e+00   0.0000000e+00   0.0000000e+00   0.0000000e+00   0.0000000e+00   0.0000000e+00   0.0000000e+00   0.0000000e+00   0.0000000e+00   0.0000000e+00   0.0000000e+00   0.0000000e+00   0.0000000e+00   0.0000000e+00   0.0000000e+00   0.0000000e+00   0.0000000e+00   0.0000000e+00   0.0000000e+00   0.0000000e+00   0.0000000e+00
   0.0000000e+00   0.0000000e+00   0.0000000e+00   0.0000000e+00   0.0000000e+00   0.0000000e+00   0.0000000e+00   0.0000000e+00   0.0000000e+00   0.0000000e+00   0.0000000e+00   0.0000000e+00   0.0000000e+00   0.0000000e+00   0.0000000e+00   0.0000000e+00   0.0000000e+00   0.0000000e+00   0.0000000e+00   0.0000000e+00   0.0000000e+00   0.0000000e+00   0.0000000e+00   0.0000000e+00   0.0000000e+00   0.0000000e+00   0.0000000e+00   0.0000000e+00   0.0000000e+00   0.0000000e+00
