   5.4361577e+03   5.1839459e+03   5.0183469e+03   5.2439159e+03   5.2999417e+03   5.3779718e+03   5.3952256e+03   5.4220890e+03   4.5898810e+03   5.1837858e+03   5.5502450e+03   5.2367123e+03   5.2686160e+03   5.4590969e+03   5.1193230e+03   5.2907273e+03   5.2353487e+03   5.3102206e+03   4.8388988e+03   5.0853995e+03   5.2227908e+03   5.0081240e+03   5.2177129e+03   4.8145525e+03   5.4875900e+03   5.4936109e+03   5.6543057e+03   5.3825233e+03   4.9054550e+03   4.8563101e+03
   4.0067134e+03   4.3451001e+03   3.9334837e+03   3.0999741e+03   4.0860458e+03   2.6080179e+03   3.9329274e+03   4.1127090e+03   3.0846479e+03   3.4664329e+03   2.4052717e+03   4.0752767e+03   3.4399299e+03   3.5795949e+03   4.3909791e+03   4.0586058e+03   3.5351025e+03   4.2652432e+03   3.7293113e+03   3.7864032e+03   4.4732936e+03   2.6263892e+03   4.0405492e+03   4.1070811e+03   3.2546018e+03   3.6013842e+03   3.5138734e+03   3.1138553e+03   4.0179615e+03   3.6953253e+03
   2.5465511e+03   2.7488248e+03   2.4695886e+03   3.0999741e+03   3.6698479e+03   2.6080179e+03   3.2647710e+03   2.8628422e+03   2.1814919e+03   2.8160054e+03   1.8291467e+03   3.2401994e+03   2.8332574e+03   2.8473104e+03   3.9916814e+03   2.8688379e+03   2.6818253e+03   3.3388257e+03   2.1159286e+03   3.6368279e+03   3.0859565e+03   2.6080214e+03   3.1494895e+03   3.0229441e+03   3.2546018e+03   2.9292350e+03   3.5138734e+03   2.8788891e+03   3.8687061e+03   3.4503509e+03
   1.7788686e+03   2.3600404e+03   2.4695886e+03   2.6123954e+03   1.8865651e+03   2.5728720e+03   2.8878029e+03   1.7753846e+03   2.1814919e+03   1.7076421e+03   1.8291467e+03   3.2401994e+03   2.3158078e+03   1.6834690e+03   3.2634243e+03   2.1074355e+03   1.9788162e+03   2.4080643e+03   2.1159286e+03   2.2277113e+03   1.0323424e+03   2.4979228e+03   2.2228944e+03   1.8091755e+03   2.3381175e+03   2.2687321e+03   1.5291532e+03   2.7444490e+03   3.1222762e+03   2.8663203e+03
   1.6727087e+03   1.5022311e+03   2.4695886e+03   2.3247960e+03   1.0419904e+03   2.1084789e+03   2.2686134e+03   1.7284706e+03   1.9978668e+03   1.7076421e+03   1.8291467e+03   2.4618545e+03   2.2844809e+03   1.6834690e+03   1.9681645e+03   1.9125166e+03   1.7137098e+03   2.3839714e+03   2.1159286e+03   2.2277113e+03   1.0323424e+03   2.0889156e+03   2.2228944e+03   1.8091755e+03   2.1686666e+03   2.0553579e+03   1.4225528e+03   2.7271068e+03   1.6564485e+03   2.2146853e+03
   1.6727087e+03   9.5537455e+02   1.5645524e+03   1.7339999e+03   6.9936861e+02   1.4685596e+03   2.0050023e+03   1.7284706e+03   1.8350362e+03   1.6967424e+03   1.7742746e+03   1.5399988e+03   1.3249561e+03   1.6834690e+03   1.9681645e+03   1.7256354e+03   1.7137098e+03   1.8896930e+03   1.5067922e+03   1.8608145e+03   1.0323424e+03   1.5906931e+03   1.8468054e+03   1.8091755e+03   1.1165393e+03   1.8148835e+03   1.4225528e+03   1.6007964e+03   1.6365047e+03   2.0804194e+03
   1.4678595e+03   9.5537455e+02   8.3841606e+02   9.1525083e+02   6.9936861e+02   9.0049511e+02   2.0050023e+03   1.6244110e+03   9.8522312e+02   1.3657112e+03   1.3103669e+03   1.5018028e+03   1.3249561e+03   1.2846493e+03   1.5264586e+03   1.1752773e+03   1.4217486e+03   1.3391681e+03   4.9397388e+02   1.5805069e+03   1.0323424e+03   1.5906931e+03   1.8468054e+03   1.7887976e+03   1.1165393e+03   6.7121251e+02   1.4225528e+03   5.4192646e+02   1.6365047e+03   9.8828474e+02
   9.8836695e+02   7.1488953e+02   3.8861468e+02   5.1804112e+02   6.9936861e+02   4.7796358e+02   6.8840970e+02   7.3117416e+02   7.6840754e+02   5.3741808e+02   3.6544089e+02   6.0877603e+02   6.9121515e+02   3.9403417e+02   4.7039943e+02   3.6673826e+02   3.9206156e+02   6.4150219e+02   3.9047856e+02   8.4076926e+02   6.0594092e+02   6.4354907e+02   6.8077491e+02   8.4539805e+02   6.2604135e+02   5.9261473e+02   7.8515460e+02   3.3489739e+02   8.2565709e+02   7.9561053e+02
   9.6307592e+01   6.8675138e+01   8.8057842e+01   5.0499744e+01   1.7261344e+02   1.4562009e+02   6.9362395e+01   4.5196293e+01   5.6205794e+01   5.5513055e+01   9.6209926e+01   1.8375947e+02   6.3135599e+01   5.3638121e+01   7.3244833e+01   7.4356190e+01   1.3051247e+02   1.2835335e+02   1.3127308e+02   7.4346111e+01   6.8395783e+01   5.4958094e+01   6.6034180e+01   4.3222928e+01   8.9358122e+01   1.1545796e+02   1.4689994e+02   1.2975170e+02   1.0553771e+02   1.0398630e+02
   6.6659937e-01   9.0401314e-01   1.3308987e+00   1.6381004e+00   3.4128729e+00   1.3153569e+00   2.0167330e+00   2.3734085e+00   8.0496801e-01   2.0707769e+00   1.0805338e+00   1.7953775e+00   2.4519448e+00   4.9237230e-01   6.5779998e-01   4.3737236e+00   2.4894591e+00   2.1775788e+00   1.6305406e+00   1.2858418e+00   1.4679704e+00   2.1294229e+00   9.4317320e-01   1.6442482e+00   9.2877574e-01   2.8984787e+00   2.1052723e+00   3.4233433e+00   2.7290660e+00   2.4174653e+00
   4.9184422e-04   9.3812227e-04   1.9040996e-03   8.2621545e-04   7.1937830e-04   6.5248820e-04   4.5333510e-04   4.1165733e-04   3.7446716e-04   3.9599322e-04   9.9360696e-04   4.5176827e-04   4.3881157e-04   5.5226785e-04   9.3280243e-04   1.2254517e-03   9.8520140e-04   1.2394923e-03   4.2229551e-04   3.7275934e-04   9.4196101e-04   3.4621579e-04   1.0549293e-03   4.0510033e-04   5.9527411e-04   2.1062564e-04   1.0640013e-03   1.2196993e-03   7.2469852e-04   8.2433369e-04
   0.0000000e+00   0.0000000e+00   0.0000000e+00   0.0000000e+00   0.0000000e+00   0.0000000e+00   0.0000000e+00   0.0000000e+00   0.0000000e+00   0.0000000e+00   0.0000000e+00   0.0000000e+00   0.0000000e+00   0.0000000e+00   0.0000000e+00   0.0000000e+00   0.0000000e+00   0.0000000e+00   0.0000000e+00   0.0000000e+00   0.0000000e+00   0.0000000e+00   0.0000000e+00   0.0000000e+00   0.0000000e+00   0.0000000e+00   0.0000000e+00   0.0000000e+00   0.0000000e+00   0.0000000e+00
   0.0000000e+00   0.0000000e+00   0.0000000e+00   0.0000000e+00   0.0000000e+00   0.0000000e+00   0.0000000e+00   0.0000000e+00   0.0000000e+00   0.0000000e+00   0.0000000e+00   0.0000000e+00   0.0000000e+00   0.0000000e+00   0.0000000e+00   0.0000000e+00   0.0000000e+00   0.0000000e+00   0.0000000e+00   0.0000000e+00   0.0000000e+00   0.0000000e+00   0.0000000e+00   0.0000000e+00   0.0000000e+00   0.0000000e+00   0.0000000e+00   0.0000000e+00   0.0000000e+00   0.0000000e+00
   0.0000000e+00   0.0000000e+00   0.0000000e+00   0.0000000e+00   0.0000000e+00   0.0000000e+00   0.0000000e+00   0.0000000e+00   0.0000000e+00   0.0000000e+00   0.0000000e+00   0.0000000e+00   0.0000000e+00   0.0000000e+00   0.0000000e+00   0.0000000e+00   0.0000000e+00   0.0000000e+00   0.0000000e+00   0.0000000e+00   0.0000000e+00   0.0000000e+00   0.0000000e+00   0.0000000e+00   0.0000000e+00   0.0000000e+00   0.0000000e+00   0.0000000e+00   0.0000000e+00   0.0000000e+00
   0.0000000e+00   0.0000000e+00   0.0000000e+00   0.0000000e+00   0.0000000e+00   0.0000000e+00   0.0000000e+00   0.0000000e+00   0.0000000e+00   0.0000000e+00   0.0000000e+00   0.0000000e+00   0.0000000e+00   0.0000000e+00   0.0000000e+00   0.0000000e+00   0.0000000e+00   0.0000000e+00   0.0000000e+00   0.0000000e+00   0.0000000e+00   0.0000000e+00   0.0000000e+00   0.0000000e+00   0.0000000e+00   0.0000000e+00   0.0000000e+00   0.0000000e+00   0.0000000e+00   0.0000000e+00
   0.0000000e+00   0.0000000e+00   0.0000000e+00   0.0000000e+00   0.0000000e+00   0.0000000e+00   0.0000000e+00   0.0000000e+00   0.0000000e+00   0.0000000e+00   0.0000000e+00   0.0000000e+00   0.0000000e+00   0.0000000e+00   0.0000000e+00   0.0000000e+00   0.0000000e+00   0.0000000e+00   0.0000000e+00   0.0000000e+00   0.0000000e+00   0.0000000e+00   0.0000000e+00   0.0000000e+00   0.0000000e+00   0.0000000e+00   0.0000000e+00   0.0000000e+00   0.0000000e+00   0.0000000e+00
