   5.5990674e+03   5.1490255e+03   5.2769360e+03   5.6465930e+03   5.1443089e+03   5.4312535e+03   4.8587573e+03   5.6687355e+03   5.4683921e+03   5.1436138e+03   5.2778609e+03   5.4250146e+03   5.1938179e+03   5.8395866e+03   4.3283833e+03   5.1262938e+03   5.1918731e+03   5.0546795e+03   5.5935866e+03   5.5242893e+03   5.0812257e+03   5.7294104e+03   5.4391801e+03   4.9433626e+03   5.4946941e+03   4.5773239e+03   4.3561685e+03   5.5220304e+03   5.0827499e+03   4.5902737e+03
   5.2177639e+03   3.5815971e+03   5.2769360e+03   4.8577569e+03   4.4504275e+03   4.8732067e+03   4.4729722e+03   4.9687690e+03   5.0779833e+03   5.1436138e+03   4.8137369e+03   4.8897956e+03   4.7832433e+03   4.6328177e+03   4.2921593e+03   4.8309136e+03   4.1863099e+03   5.0546795e+03   5.0632718e+03   5.1335835e+03   4.7479315e+03   5.5939424e+03   5.1709335e+03   4.3085664e+03   4.9169001e+03   4.5336452e+03   4.3561685e+03   4.6706644e+03   5.0827499e+03   4.5902737e+03
   4.8779862e+03   3.5815971e+03   4.7680326e+03   4.8577569e+03   3.9598089e+03   4.4085177e+03   3.9234100e+03   4.7129270e+03   4.4126101e+03   4.7697537e+03   4.4599357e+03   3.4428584e+03   4.3844694e+03   4.6328177e+03   4.2921593e+03   4.8309136e+03   4.1863099e+03   4.8281326e+03   4.2385122e+03   4.0262852e+03   4.6804456e+03   4.2631166e+03   4.8203024e+03   4.3085664e+03   4.8244250e+03   4.5336452e+03   4.3561685e+03   4.6706644e+03   4.1825574e+03   4.4105025e+03
   3.8644507e+03   3.4288786e+03   4.1504248e+03   3.9517232e+03   3.9344893e+03   4.0625556e+03   3.3653860e+03   4.3262406e+03   4.0416930e+03   4.1367479e+03   3.7194466e+03   3.4428584e+03   3.7160362e+03   4.2411157e+03   4.2921593e+03   4.2915812e+03   3.7805776e+03   4.4716396e+03   4.2385122e+03   4.0262852e+03   3.9850945e+03   3.0445195e+03   4.2175459e+03   4.3085664e+03   4.8244250e+03   4.5336452e+03   4.3561685e+03   4.0653257e+03   3.9640041e+03   3.1979606e+03
   3.6473154e+03   3.4288786e+03   3.4963764e+03   3.4536229e+03   3.5738471e+03   4.0625556e+03   3.3653860e+03   3.1092513e+03   4.0416930e+03   3.9692829e+03   3.6871560e+03   3.4428584e+03   3.7160362e+03   4.2411157e+03   3.7717720e+03   4.0355668e+03   3.7805776e+03   2.8213382e+03   4.2385122e+03   4.0262852e+03   3.2167861e+03   3.0445195e+03   2.8509034e+03   3.8922982e+03   4.5012019e+03   4.0353793e+03   3.7898804e+03   4.0653257e+03   3.9640041e+03   3.1132976e+03
   3.6236356e+03   2.8897250e+03   3.4963764e+03   2.2867220e+03   3.5738471e+03   2.8740139e+03   2.9707217e+03   3.1092513e+03   3.1767945e+03   3.6267931e+03   3.6171092e+03   3.4428584e+03   3.7160362e+03   3.7738877e+03   2.6614475e+03   4.0355668e+03   3.7805776e+03   2.8213382e+03   3.8700525e+03   2.6478332e+03   3.2167861e+03   3.0445195e+03   2.8509034e+03   3.1553243e+03   3.7755342e+03   3.7874824e+03   3.7898804e+03   3.3674541e+03   3.9640041e+03   3.1132976e+03
   2.7523489e+03   2.5183358e+03   3.4963764e+03   2.2867220e+03   3.5738471e+03   2.8740139e+03   2.9707217e+03   3.1092513e+03   2.7132229e+03   3.6267931e+03   3.3507283e+03   2.7897666e+03   2.7611469e+03   3.6398917e+03   2.6614475e+03   3.7453983e+03   2.5725270e+03   2.8213382e+03   3.5881407e+03   2.4267452e+03   2.3863479e+03   3.0445195e+03   2.8509034e+03   3.1553243e+03   3.7116732e+03   3.3931489e+03   3.3117749e+03   3.3674541e+03   2.9269236e+03   2.8538354e+03
   2.5654397e+03   2.2428787e+03   2.8894909e+03   2.2867220e+03   1.9186926e+03   2.8740139e+03   2.7861020e+03   2.6511885e+03   2.5006660e+03   2.6779258e+03   2.3125178e+03   2.7897666e+03   2.7611469e+03   3.1820126e+03   2.0165920e+03   3.1201927e+03   2.3405630e+03   2.1937264e+03   1.9488142e+03   1.2462496e+03   2.3863479e+03   2.2063677e+03   2.8509034e+03   2.5330806e+03   2.3250434e+03   2.6480558e+03   2.5405707e+03   2.8366049e+03   2.6592970e+03   1.7215699e+03
   1.3610868e+03   9.2514112e+02   1.9145706e+03   1.3366810e+03   1.3099049e+03   1.3230067e+03   1.6373584e+03   1.3181622e+03   1.6357486e+03   9.2236788e+02   1.5971545e+03   6.1344131e+02   1.2292187e+03   1.7079792e+03   1.5057520e+03   1.9719792e+03   1.6126126e+03   1.7755930e+03   1.4526418e+03   1.1255718e+03   1.3281913e+03   1.1510752e+03   1.0406961e+03   1.3193547e+03   7.9044223e+02   5.6875466e+02   1.6356830e+03   1.2180645e+03   1.2357820e+03   1.0862832e+03
   1.6037538e+02   1.9717402e+02   3.4198381e+02   1.0102878e+02   1.6843221e+02   1.9790254e+02   2.7843739e+02   1.7310314e+02   4.5807256e+02   4.2088673e+02   1.3596222e+02   3.3864686e+02   8.9305953e+01   2.8764068e+02   3.3354842e+02   2.8483634e+02   1.8053589e+02   2.1141884e+02   4.0382953e+02   1.6220203e+02   2.2388061e+02   1.6984172e+02   2.3812991e+02   1.5407369e+02   2.7204915e+02   1.8582777e+02   5.3127766e+02   1.8300421e+02   3.3515492e+02   2.8780366e+02
   8.9373516e-01   1.6993874e-01   3.7047001e-01   5.2219235e-01   1.8784513e+00   4.3781821e-01   1.1633084e+00   4.1386779e-01   6.5152289e-01   7.4522780e-01   5.0572766e-01   7.0270780e-01   3.0228039e-01   4.3357365e-01   6.6460705e-01   6.5284754e-01   5.1916522e-01   2.9688815e-01   3.4200532e-01   4.5961912e-01   2.9396040e-01   4.1755974e-01   5.6097527e-01   5.6907047e-01   4.8346066e-01   1.5718497e-01   1.1376908e+00   6.1971050e-01   4.3991144e-01   4.9698690e-01
   1.1037573e-06   5.0064227e-07   9.6503391e-07   1.3614863e-06   3.3163778e-06   7.6682409e-07   2.6859179e-06   8.4528074e-07   8.9549394e-07   1.4376874e-06   8.7126136e-07   2.3477114e-06   3.6485108e-07   7.3857336e-07   1.4091966e-06   2.4382498e-06   2.5053650e-06   8.5976717e-07   4.4324042e-07   2.0415318e-06   9.8139571e-07   8.8967681e-07   8.1484177e-07   4.6318928e-07   1.0180975e-06   3.0392948e-07   2.3745233e-06   1.3105691e-06   1.3309655e-06   2.7167553e-06
   0.0000000e+00   0.0000000e+00   0.0000000e+00   0.0000000e+00   0.0000000e+00   0.0000000e+00   0.0000000e+00   0.0000000e+00   0.0000000e+00   0.0000000e+00   0.0000000e+00   0.0000000e+00   0.0000000e+00   0.0000000e+00   0.0000000e+00   0.0000000e+00   0.0000000e+00   0.0000000e+00   0.0000000e+00   0.0000000e+00   0.0000000e+00   0.0000000e+00   0.0000000e+00   0.0000000e+00   0.0000000e+00   0.0000000e+00   0.0000000e+00   0.0000000e+00   0.0000000e+00   0.0000000e+00
   0.0000000e+00   0.0000000e+00   0.0000000e+00   0.0000000e+00   0.0000000e+00   0.0000000e+00   0.0000000e+00   0.0000000e+00   0.0000000e+00   0.0000000e+00   0.0000000e+00   0.0000000e+00   0.0000000e+00   0.0000000e+00   0.0000000e+00   0.0000000e+00   0.0000000e+00   0.0000000e+00   0.0000000e+00   0.0000000e+00   0.0000000e+00   0.0000000e+00   0.0000000e+00   0.0000000e+00   0.0000000e+00   0.0000000e+00   0.0000000e+00   0.0000000e+00   0.0000000e+00   0.0000000e+00
   0.0000000e+00   0.0000000e+00   0.0000000e+00   0.0000000e+00   0.0000000e+00   0.0000000e+00   0.0000000e+00   0.0000000e+00   0.0000000e+00   0.0000000e+00   0.0000000e+00   0.0000000e+00   0.0000000e+00   0.0000000e+00   0.0000000e+00   0.0000000e+00   0.0000000e+00   0.0000000e+00   0.0000000e+00   0.0000000e+00   0.0000000e+00   0.0000000e+00   0.0000000e+00   0.0000000e+00   0.0000000e+00   0.0000000e+00   0.0000000e+00   0.0000000e+00   0.0000000e+00   0.0000000e+00
   0.0000000e+00   0.0000000e+00   0.0000000e+00   0.0000000e+00   0.0000000e+00   0.0000000e+00   0.0000000e+00   0.0000000e+00   0.0000000e+00   0.0000000e+00   0.0000000e+00   0.0000000e+00   0.0000000e+00   0.0000000e+00   0.0000000e+00   0.0000000e+00   0.0000000e+00   0.0000000e+00   0.0000000e+00   0.0000000e+00   0.0000000e+00   0.0000000e+00   0.0000000e+00   0.0000000e+00   0.0000000e+00   0.0000000e+00   0.0000000e+00   0.0000000e+00   0.0000000e+00   0.0000000e+00
