   1.0036878e+03   1.0237519e+03   1.1220489e+03   1.0249746e+03   1.1002832e+03   9.5567168e+02   1.0519109e+03   1.1311774e+03   8.1198855e+02   9.6975602e+02   1.0492072e+03   9.9589415e+02   1.0433856e+03   9.6975040e+02   1.0814954e+03   1.0405898e+03   9.7236719e+02   1.0660049e+03   1.1012191e+03   1.0823357e+03   1.0843176e+03   9.0545756e+02   1.0264952e+03   8.8906657e+02   1.0821412e+03   1.0256088e+03   9.3684119e+02   1.0211463e+03   1.0651616e+03   9.8324647e+02
   1.0036878e+03   1.0237519e+03   1.1220489e+03   8.9607059e+02   1.0033086e+03   9.5567168e+02   1.0063072e+03   1.0736691e+03   8.1198855e+02   8.8637511e+02   1.0492072e+03   9.8382610e+02   9.6386780e+02   9.6975040e+02   1.0389156e+03   9.3511912e+02   9.6389808e+02   9.7185781e+02   1.0736428e+03   8.3995585e+02   1.0843176e+03   8.7741600e+02   9.9764735e+02   8.8906657e+02   1.0821412e+03   1.0256088e+03   9.3684119e+02   9.4372431e+02   1.0651616e+03   9.8324647e+02
   1.0036878e+03   1.0237519e+03   9.3046456e+02   8.9607059e+02   9.4922755e+02   9.3765355e+02   1.0063072e+03   9.6136915e+02   7.9423448e+02   8.8637511e+02   1.0304568e+03   9.1492372e+02   9.6386780e+02   9.6975040e+02   9.9736625e+02   9.3511912e+02   9.6389808e+02   9.3088939e+02   1.0736428e+03   8.3995585e+02   1.0777730e+03   8.7741600e+02   9.1969630e+02   8.8906657e+02   1.0470818e+03   9.9588776e+02   9.3684119e+02   9.4150571e+02   1.0001763e+03   9.8324647e+02
   1.0036878e+03   9.6648825e+02   9.3046456e+02   8.9607059e+02   9.3153104e+02   9.3765355e+02   9.7282759e+02   9.6136915e+02   7.9423448e+02   8.8637511e+02   9.9039265e+02   9.1492372e+02   9.6386780e+02   9.6975040e+02   9.9736625e+02   9.3511912e+02   9.6089924e+02   9.2733372e+02   1.0125142e+03   8.3995585e+02   1.0360592e+03   8.7741600e+02   9.1917401e+02   8.8906657e+02   1.0024600e+03   9.9588776e+02   8.7387672e+02   9.4150571e+02   1.0001763e+03   9.4734651e+02
   1.0036878e+03   9.6648825e+02   9.3046456e+02   8.5746361e+02   9.3153104e+02   9.3765355e+02   9.7282759e+02   9.6136915e+02   7.9423448e+02   8.8637511e+02   9.9039265e+02   9.1492372e+02   9.6386780e+02   9.6975040e+02   9.9736625e+02   9.0567467e+02   9.6089924e+02   9.2733372e+02   9.4904902e+02   8.3995585e+02   1.0360592e+03   8.7741600e+02   8.4015552e+02   8.8906657e+02   1.0024600e+03   9.9588776e+02   8.7387672e+02   9.4150571e+02   1.0001763e+03   9.0833170e+02
   1.0036878e+03   9.3687810e+02   9.3046456e+02   8.5746361e+02   9.0414492e+02   9.3765355e+02   8.6346738e+02   9.4918125e+02   7.9423448e+02   8.8637511e+02   9.9039265e+02   9.1492372e+02   9.6386780e+02   9.3552677e+02   9.9736625e+02   8.8806575e+02   9.6089924e+02   9.2733372e+02   9.3809411e+02   8.3995585e+02   1.0033158e+03   8.7741600e+02   8.4015552e+02   8.8906657e+02   9.9475875e+02   8.9430168e+02   8.3575050e+02   9.4150571e+02   1.0001763e+03   9.0833170e+02
   9.5020476e+02   8.5614367e+02   9.3046456e+02   8.5746361e+02   9.0414492e+02   8.9004304e+02   8.6346738e+02   9.2347171e+02   7.9423448e+02   8.8637511e+02   9.9039265e+02   9.0523627e+02   9.1937977e+02   8.5031332e+02   9.9736625e+02   8.7853422e+02   9.6089924e+02   8.7408722e+02   9.3699343e+02   8.3995585e+02   1.0033158e+03   8.7741600e+02   8.1768271e+02   8.8906657e+02   9.0687244e+02   8.3264713e+02   8.3575050e+02   9.4150571e+02   9.8044137e+02   9.0833170e+02
   8.6162993e+02   7.7037175e+02   9.0846658e+02   8.0814061e+02   8.7978076e+02   7.7931431e+02   8.0157223e+02   8.6150099e+02   7.8543409e+02   8.4558720e+02   8.5878026e+02   8.0737948e+02   8.4716871e+02   8.1342627e+02   8.0422210e+02   8.4453221e+02   9.4626271e+02   8.5291921e+02   8.3776656e+02   8.0304069e+02   8.6111393e+02   8.4910279e+02   8.1768271e+02   8.7639036e+02   8.1189260e+02   8.2818728e+02   7.6253357e+02   8.2736311e+02   8.7323131e+02   8.4040563e+02
   6.5107162e+02   7.1223485e+02   7.6166434e+02   6.9604207e+02   7.5771263e+02   7.6140493e+02   7.1034931e+02   7.8988385e+02   7.3775456e+02   7.4272965e+02   7.7296662e+02   7.4450654e+02   7.3599657e+02   7.0683985e+02   7.9897168e+02   7.2271248e+02   7.3978770e+02   7.6190393e+02   7.5362988e+02   7.0875159e+02   6.6206862e+02   7.3122423e+02   7.1244336e+02   7.4003768e+02   6.7209331e+02   7.6545003e+02   7.0791451e+02   7.4552565e+02   7.3020793e+02   7.9496706e+02
   4.7333960e+02   5.4374318e+02   6.0843239e+02   5.2403085e+02   6.3166202e+02   6.3078478e+02   6.2018952e+02   6.2860707e+02   6.3594029e+02   6.1815344e+02   6.0646805e+02   6.2240411e+02   6.2382764e+02   6.2331348e+02   6.3226681e+02   6.3180057e+02   6.4000932e+02   6.1890568e+02   6.1926175e+02   6.1168983e+02   6.1836179e+02   6.4661488e+02   6.1412880e+02   6.0717129e+02   6.1250808e+02   6.3607039e+02   6.1565661e+02   5.8836676e+02   6.1208891e+02   6.4911706e+02
   3.3324839e+02   5.2809566e+02   5.2985124e+02   4.9563391e+02   5.6316583e+02   5.5069812e+02   5.4039970e+02   5.3356789e+02   5.5974982e+02   5.5762960e+02   5.5376289e+02   5.5146317e+02   5.5166936e+02   5.4833449e+02   5.3727469e+02   5.5217256e+02   5.4231671e+02   5.3246611e+02   5.2702327e+02   5.4614983e+02   5.4947635e+02   5.5235737e+02   5.4607825e+02   5.4578813e+02   5.4504594e+02   5.0094953e+02   5.5285936e+02   5.4157214e+02   5.5689060e+02   5.4465465e+02
   3.2005342e+02   4.9839513e+02   5.0942033e+02   4.5935814e+02   4.8453734e+02   5.0218767e+02   4.9233086e+02   4.6309023e+02   5.1527945e+02   4.9042455e+02   5.0790997e+02   5.0956128e+02   5.0776102e+02   5.0302102e+02   5.0879172e+02   5.0525702e+02   5.1804578e+02   5.0911513e+02   5.0905495e+02   4.9945724e+02   5.0732234e+02   5.1801352e+02   4.9909780e+02   4.8837739e+02   4.9769298e+02   4.9917012e+02   4.8921935e+02   4.9773208e+02   5.1865688e+02   5.0457671e+02
   3.0259525e+02   4.0396866e+02   4.2256093e+02   3.1625807e+02   3.9139180e+02   3.1649915e+02   4.0255060e+02   3.8425129e+02   4.9765790e+02   4.7716544e+02   4.8315047e+02   4.9739494e+02   4.9522113e+02   4.8237730e+02   4.8364935e+02   4.7316177e+02   4.7737970e+02   4.8260376e+02   4.8230066e+02   4.8588703e+02   4.7985594e+02   4.8852045e+02   4.8189392e+02   4.8837739e+02   4.7861070e+02   4.8499704e+02   4.8506353e+02   4.7556565e+02   4.9058729e+02   4.7633135e+02
   2.9319126e+02   3.7788666e+02   3.0927340e+02   2.8861738e+02   3.5738527e+02   2.4545877e+02   2.7683109e+02   3.0101904e+02   4.6963232e+02   4.6573140e+02   4.5185510e+02   4.5788685e+02   4.7264133e+02   4.5890158e+02   4.7091269e+02   4.6619496e+02   4.6845305e+02   4.6034861e+02   4.7517319e+02   4.6884134e+02   4.7361726e+02   4.6756432e+02   4.6712648e+02   4.7136303e+02   4.6679993e+02   4.7203822e+02   4.6577643e+02   4.6110112e+02   4.6712330e+02   4.7131446e+02
   2.3955297e+02   2.0033788e+02   1.9248761e+02   1.8135151e+02   2.4537408e+02   1.9828674e+02   1.7765302e+02   1.9316329e+02   4.4484730e+02   4.3652609e+02   4.3255137e+02   4.3794853e+02   4.2915198e+02   4.3430131e+02   4.3512208e+02   4.3158194e+02   4.3723042e+02   4.3736754e+02   4.3627144e+02   4.3968085e+02   4.2490275e+02   4.3391310e+02   4.3301962e+02   4.3878585e+02   4.3101310e+02   4.3890521e+02   4.3814956e+02   4.3863291e+02   4.4099154e+02   4.3345332e+02
   1.0000000e+02   1.0000000e+02   1.0000000e+02   1.0000000e+02   1.0000000e+02   1.0000000e+02   1.0000000e+02   1.0000000e+02   3.8396347e+02   4.0633226e+02   4.0675026e+02   4.0770669e+02   4.0771890e+02   4.0777228e+02   4.0823287e+02   4.0851780e+02   4.0857285e+02   4.0869115e+02   4.0883286e+02   4.0896632e+02   4.0897390e+02   4.0916399e+02   4.0918472e+02   4.1010848e+02   4.1126810e+02   4.1128014e+02   4.1130726e+02   4.1137703e+02   4.1168526e+02   4.1424041e+02
