   1.7017439e+03   1.4368027e+03   1.1914251e+03   1.0487027e+03   9.2571660e+02   1.0317619e+03   9.7146233e+02   1.3137894e+03   2.0922366e+03   1.0384666e+03   1.8151094e+03   1.6042289e+03   1.4395012e+03   1.2401533e+03   1.1312170e+03   2.1711318e+03   1.5855855e+03   1.1346700e+03   1.1232676e+03   1.2850114e+03   1.1438766e+03   1.5512031e+03   1.5524983e+03   1.6760081e+03   1.4798132e+03   1.8336208e+03   9.8875533e+02   1.3712145e+03   2.5721777e+03   1.2452355e+03
   1.4365519e+03   1.3671786e+03   1.1914251e+03   1.0487027e+03   9.2571660e+02   9.9297194e+02   9.7146233e+02   1.3137894e+03   8.4492479e+02   1.0384666e+03   1.4551039e+03   1.2782368e+03   1.4123545e+03   1.1803078e+03   9.5223357e+02   1.6241894e+03   1.3447754e+03   1.1346700e+03   1.1232676e+03   1.1545895e+03   1.1438766e+03   1.4827634e+03   1.5524983e+03   1.3290535e+03   1.2380500e+03   1.8119629e+03   9.8875533e+02   1.3712145e+03   8.1690405e+02   1.2452355e+03
   1.2921556e+03   9.9068422e+02   1.1914251e+03   9.7500553e+02   9.2571660e+02   9.9297194e+02   8.6630105e+02   1.2072947e+03   8.1974537e+02   9.1824235e+02   1.3897000e+03   1.0031578e+03   8.5970378e+02   1.1803078e+03   9.5223357e+02   1.6241894e+03   1.3447754e+03   1.1267668e+03   1.0910095e+03   1.1545895e+03   9.9868899e+02   1.2020675e+03   8.1563386e+02   1.0388167e+03   8.6564805e+02   1.3363365e+03   9.8875533e+02   1.2907255e+03   8.1690405e+02   1.1196728e+03
   1.0723781e+03   9.9068422e+02   1.0333908e+03   8.3792373e+02   8.7438185e+02   9.9297194e+02   8.5414189e+02   1.0525164e+03   8.1974537e+02   8.1318827e+02   1.2686505e+03   9.9019395e+02   8.5970378e+02   9.3791993e+02   8.7891742e+02   1.1124345e+03   1.3447754e+03   1.1267668e+03   1.0910095e+03   9.8606553e+02   8.7446416e+02   8.8914224e+02   8.1563386e+02   1.0388167e+03   8.2861901e+02   1.0817106e+03   9.8875533e+02   1.1040447e+03   8.1690405e+02   1.0642732e+03
   7.1681724e+02   8.8519894e+02   7.0194841e+02   8.2916866e+02   7.8930783e+02   6.2322239e+02   5.4945561e+02   8.8899090e+02   8.1974537e+02   7.6820303e+02   9.6301484e+02   8.1364133e+02   7.8956463e+02   7.1673754e+02   6.8609782e+02   7.3918315e+02   8.9973037e+02   7.3395888e+02   9.9264277e+02   6.0921797e+02   6.8675556e+02   7.1149121e+02   7.4548678e+02   6.9332630e+02   8.1046544e+02   7.3246679e+02   7.2674290e+02   7.3195695e+02   8.1690405e+02   8.3280484e+02
   7.1292437e+02   7.5341784e+02   7.0194841e+02   6.5827054e+02   6.7462839e+02   6.0420660e+02   5.2733329e+02   7.0038725e+02   6.3275195e+02   7.3317280e+02   8.2614900e+02   6.3960019e+02   6.7773853e+02   4.9556022e+02   5.6315464e+02   6.6155452e+02   7.3465572e+02   6.8052389e+02   6.7523966e+02   6.0277661e+02   6.0657489e+02   7.1149121e+02   6.1909470e+02   6.8900806e+02   7.4473087e+02   6.9225257e+02   6.7535452e+02   6.6311666e+02   7.1974077e+02   7.2411545e+02
   6.6873302e+02   5.8451686e+02   5.2822719e+02   6.1962911e+02   5.4856053e+02   5.9449396e+02   5.1220585e+02   5.8512431e+02   6.0478051e+02   7.1911232e+02   5.0609382e+02   5.2310079e+02   5.7619339e+02   4.6954770e+02   5.1336133e+02   5.8297009e+02   7.0309777e+02   5.8552640e+02   6.5411803e+02   5.1841304e+02   5.4499846e+02   5.5219843e+02   5.3898473e+02   6.5753625e+02   6.9548627e+02   6.2531400e+02   6.3367677e+02   6.0568507e+02   5.6697824e+02   4.5628031e+02
   5.3085251e+02   5.3853032e+02   4.7930060e+02   5.0508959e+02   5.0157327e+02   5.2405544e+02   5.0050682e+02   5.3159510e+02   5.2427694e+02   5.4323549e+02   4.8529927e+02   4.8029102e+02   5.0043337e+02   4.6954770e+02   5.1245483e+02   5.1569711e+02   5.5493088e+02   5.1284509e+02   5.4186830e+02   5.1559214e+02   5.0640699e+02   5.0950999e+02   4.7977958e+02   5.0549066e+02   5.2849223e+02   5.1459859e+02   5.4320452e+02   5.1768587e+02   4.7342053e+02   4.5628031e+02
   4.5071655e+02   4.5086825e+02   4.6131794e+02   4.4692400e+02   4.6709097e+02   4.5481462e+02   4.6929246e+02   4.7311213e+02   4.6234655e+02   4.7393014e+02   4.6903008e+02   4.5134086e+02   4.5605685e+02   4.5198669e+02   4.8618860e+02   4.8597507e+02   4.6845633e+02   4.5749428e+02   4.6276460e+02   4.7472940e+02   4.5583069e+02   4.6581277e+02   4.4934150e+02   4.5849789e+02   4.7911865e+02   4.7621089e+02   4.8186811e+02   4.6413492e+02   4.4331245e+02   4.4139474e+02
   4.3987638e+02   4.2970592e+02   4.1675785e+02   4.2329298e+02   4.3627063e+02   4.2887601e+02   4.4190755e+02   4.3920479e+02   4.4988309e+02   4.5570132e+02   4.4721018e+02   4.3581157e+02   4.5035999e+02   4.1715264e+02   4.4130442e+02   4.3575890e+02   4.5094118e+02   4.3083871e+02   4.3615988e+02   4.2847579e+02   4.2744803e+02   4.3132469e+02   4.2237073e+02   4.2871712e+02   4.3358716e+02   4.4903502e+02   4.4526724e+02   4.2950036e+02   4.1659522e+02   4.3795387e+02
   4.2959889e+02   4.1934490e+02   4.1251875e+02   4.1834491e+02   4.1360596e+02   4.1949416e+02   4.3205625e+02   4.1630420e+02   4.1739493e+02   4.3699056e+02   4.2343207e+02   4.1593577e+02   4.2483044e+02   4.1224969e+02   4.1500986e+02   4.2205130e+02   4.1333591e+02   4.2348497e+02   4.1268899e+02   4.0662250e+02   4.1101253e+02   4.1410464e+02   4.0735486e+02   4.2047423e+02   4.1691398e+02   4.4440360e+02   4.1170888e+02   4.1771251e+02   4.0379683e+02   4.0491034e+02
   4.2111077e+02   4.0242085e+02   4.0196815e+02   4.0396065e+02   4.0324843e+02   4.0606875e+02   4.1399039e+02   4.0189754e+02   4.0634941e+02   4.1164331e+02   4.1180460e+02   4.0464934e+02   4.0387967e+02   4.0147726e+02   4.0839341e+02   4.1010212e+02   4.0685988e+02   4.0448438e+02   4.0484638e+02   4.0168574e+02   4.0331300e+02   4.0628653e+02   4.0178745e+02   4.0494664e+02   4.0398722e+02   4.3190953e+02   4.0808129e+02   4.0469110e+02   4.0310461e+02   4.0216580e+02
   4.1074469e+02   4.0037160e+02   3.9845256e+02   4.0015889e+02   4.0078663e+02   4.0074595e+02   4.0331585e+02   3.9957189e+02   4.0150421e+02   4.0511769e+02   4.0090333e+02   4.0036752e+02   3.9970477e+02   3.9999089e+02   4.0080789e+02   4.0472626e+02   4.0112184e+02   4.0128412e+02   4.0041834e+02   3.9883371e+02   4.0029498e+02   4.0044276e+02   3.9911392e+02   4.0058455e+02   4.0082566e+02   4.0415269e+02   3.9989610e+02   4.0002862e+02   3.9898828e+02   3.9911409e+02
   4.0057556e+02   3.9795887e+02   3.9777011e+02   3.9781842e+02   3.9800514e+02   3.9795857e+02   3.9797424e+02   3.9775703e+02   3.9784605e+02   3.9787404e+02   3.9788627e+02   3.9782265e+02   3.9784941e+02   3.9784289e+02   3.9976605e+02   3.9885022e+02   3.9799761e+02   3.9788136e+02   3.9794016e+02   3.9777772e+02   3.9789883e+02   3.9802208e+02   3.9781515e+02   3.9779266e+02   3.9790669e+02   3.9820796e+02   3.9822900e+02   3.9805927e+02   3.9777200e+02   3.9776414e+02
   3.9774287e+02   3.9774287e+02   3.9774287e+02   3.9774287e+02   3.9774287e+02   3.9774287e+02   3.9774287e+02   3.9774287e+02   3.9774287e+02   3.9774287e+02   3.9774287e+02   3.9774287e+02   3.9774287e+02   3.9774287e+02   3.9774287e+02   3.9774287e+02   3.9774287e+02   3.9774287e+02   3.9774287e+02   3.9774287e+02   3.9774287e+02   3.9774287e+02   3.9774287e+02   3.9774287e+02   3.9774287e+02   3.9774287e+02   3.9774287e+02   3.9774287e+02   3.9774287e+02   3.9774287e+02
   3.9774287e+02   3.9774287e+02   3.9774287e+02   3.9774287e+02   3.9774287e+02   3.9774287e+02   3.9774287e+02   3.9774287e+02   3.9774287e+02   3.9774287e+02   3.9774287e+02   3.9774287e+02   3.9774287e+02   3.9774287e+02   3.9774287e+02   3.9774287e+02   3.9774287e+02   3.9774287e+02   3.9774287e+02   3.9774287e+02   3.9774287e+02   3.9774287e+02   3.9774287e+02   3.9774287e+02   3.9774287e+02   3.9774287e+02   3.9774287e+02   3.9774287e+02   3.9774287e+02   3.9774287e+02
