   1.4761382e+03   1.8459688e+03   1.3614082e+03   1.9899600e+03   1.4930227e+03   1.8371704e+03   1.6765515e+03   1.7112033e+03   1.8360831e+03   1.6765559e+03   1.9883172e+03   1.9001562e+03   1.7515642e+03   1.8371704e+03   2.0051055e+03   1.6826835e+03   1.7374671e+03   2.1019361e+03   1.5132490e+03   1.0460909e+03   1.4418936e+03   1.5674777e+03   1.9443823e+03   1.3152545e+03   1.7192698e+03   1.4604557e+03   1.5397820e+03   1.6138854e+03   1.8547369e+03   1.4508973e+03
   1.4489711e+03   1.2638256e+03   1.2530958e+03   1.3256062e+03   1.4930227e+03   1.4367044e+03   1.3498300e+03   1.3237910e+03   1.3870889e+03   1.6765559e+03   1.4914903e+03   1.2927636e+03   1.3659706e+03   1.4367044e+03   1.2832730e+03   1.3258398e+03   1.5098219e+03   1.3899379e+03   1.5132490e+03   1.0460909e+03   1.3327273e+03   7.6861610e+02   1.4334034e+03   1.1792496e+03   1.5319787e+03   1.0185126e+03   1.4044880e+03   1.6138854e+03   1.2423150e+03   1.4508973e+03
   1.1052676e+03   1.2598247e+03   9.7384693e+02   7.5748456e+02   1.4930227e+03   1.0127306e+03   1.3498300e+03   9.7097524e+02   1.0201930e+03   7.8140953e+02   1.3138043e+03   1.2927636e+03   1.1402889e+03   1.0127306e+03   1.2832730e+03   1.3258398e+03   1.0702214e+03   1.2174606e+03   1.4460025e+03   1.0460909e+03   1.3327273e+03   7.6861610e+02   1.4334034e+03   1.1792496e+03   1.5319787e+03   8.8852490e+02   1.3424259e+03   1.0395718e+03   1.2416794e+03   1.3727821e+03
   5.9637860e+02   4.9835196e+02   9.7384693e+02   7.5748456e+02   5.5219765e+02   1.0127306e+03   1.3275181e+03   9.7097524e+02   1.0201930e+03   7.0946141e+02   1.1565259e+03   1.0659182e+03   8.5915623e+02   1.0127306e+03   1.0418241e+03   1.1984796e+03   1.0702214e+03   1.0876086e+03   9.9634615e+02   1.0460909e+03   1.1366404e+03   7.6861610e+02   6.9320236e+02   9.4588361e+02   6.4050237e+02   8.8852490e+02   1.2768276e+03   7.9706533e+02   1.0781918e+03   8.0394853e+02
   5.9637860e+02   4.9835196e+02   9.3992287e+02   7.4342571e+02   5.5219765e+02   3.3847044e+02   8.1393746e+02   6.5010156e+02   7.9060415e+02   3.9242488e+02   9.0152648e+02   6.7275768e+02   7.6406724e+02   3.3847044e+02   1.0327574e+03   8.9369135e+02   8.5893599e+02   1.0168795e+03   9.8327237e+02   1.0460909e+03   1.1366404e+03   7.2971696e+02   6.9320236e+02   7.3450551e+02   6.4050237e+02   3.6481964e+02   6.9545172e+02   7.6722702e+02   1.0275854e+03   5.8241160e+02
   5.7461754e+02   4.9835196e+02   8.6227423e+02   4.3041349e+02   5.5219765e+02   2.6886797e+02   7.5460906e+02   4.2512999e+02   7.9060415e+02   3.9242488e+02   2.5578604e+02   5.3316245e+02   3.5130804e+02   2.6886797e+02   6.8820634e+02   7.5428687e+02   6.9723999e+02   9.6332331e+02   7.4567262e+02   7.8848765e+02   7.5371271e+02   7.2971696e+02   6.9320236e+02   7.3450551e+02   6.3427304e+02   3.6481964e+02   6.5810135e+02   7.1643939e+02   7.9751362e+02   5.8060251e+02
   5.7461754e+02   3.3782080e+02   6.8110528e+02   3.0462013e+02   3.2131143e+02   2.6886797e+02   5.5724525e+02   1.8355256e+02   4.6573924e+02   3.9242488e+02   2.1340828e+02   5.3316245e+02   3.5130804e+02   2.6886797e+02   4.1246134e+02   3.5465323e+02   5.0894587e+02   5.9406233e+02   7.4567262e+02   7.7648111e+02   7.5371271e+02   5.0471579e+02   4.0634337e+02   7.3450551e+02   4.9338567e+02   3.6339419e+02   6.1627203e+02   3.0260651e+02   4.7069209e+02   4.0328385e+02
   1.2118524e+02   2.3667919e+02   2.0136201e+02   1.3033514e+02   2.1013127e+02   1.8379889e+02   1.3252331e+02   4.8352595e+01   1.0316947e+02   3.7393919e+01   1.5059065e+02   3.9758019e+02   2.1735367e+02   1.8379889e+02   3.4254032e+02   2.1159768e+02   2.6966722e+02   1.9444490e+02   2.8791858e+02   1.7566950e+02   3.7031608e+02   2.0144419e+02   1.1315762e+02   4.2239783e+02   3.2870438e+02   1.2198947e+02   2.1095044e+02   6.2712016e+01   2.6809324e+02   3.2138276e+02
   2.5305739e+01   2.3906721e+01   2.9583672e+01   4.8196200e+01   1.2987154e+01   4.8824317e+01   4.1024135e+01   3.5297329e+01   2.3663473e+01   3.6977533e+01   5.4465476e+01   3.6553547e+01   5.7372356e+01   4.8824317e+01   7.2383551e+01   3.0310683e+01   4.4883280e+01   3.9211770e+01   2.2008390e+01   2.8728110e+01   1.6900163e+01   3.6576777e+01   5.2534130e+01   3.3779539e+01   4.6557814e+01   3.5873853e+01   3.7746093e+01   9.5951648e+00   3.8184907e+01   2.5446373e+01
   3.0314119e+00   2.1512068e+00   1.6713590e+00   2.7101057e+00   2.9903067e+00   3.1696926e+00   1.6789265e+00   2.3845208e+00   2.8832677e+00   3.2166942e+00   2.1506375e+00   2.0897592e+00   2.1109930e+00   3.1696926e+00   2.2759651e+00   2.7047511e+00   3.6680945e+00   3.1370499e+00   2.5767762e+00   1.9755207e+00   2.0642272e+00   2.1840384e+00   1.7799665e+00   2.1654471e+00   1.8054730e+00   1.5008111e+00   2.3861309e+00   2.2370259e+00   3.0571919e+00   3.2638371e+00
   1.4249155e-01   1.0536949e-01   4.0718462e-02   9.1099227e-02   1.0896036e-01   1.0277183e-01   6.1380913e-02   1.3904698e-01   5.0961013e-02   1.7941786e-01   1.2580641e-01   1.0973858e-01   1.2504798e-01   1.0277183e-01   6.6271979e-02   1.3243563e-01   9.7658268e-02   9.1470876e-02   1.0394817e-01   8.7317436e-02   8.6716715e-02   1.4143162e-01   8.1472903e-02   7.9783159e-02   9.7104324e-02   4.9424181e-02   8.4429194e-02   1.3154203e-01   7.6160809e-02   9.2449678e-02
   8.9454024e-03   7.5764502e-03   9.1029663e-03   5.9178130e-03   8.4657698e-03   6.7337383e-03   4.7646453e-03   2.1213186e-03   7.5925438e-03   9.9780063e-03   7.8449363e-03   8.2792941e-03   6.4689469e-03   6.7337383e-03   6.8974636e-03   7.9530303e-03   4.2608171e-03   4.5620916e-03   8.4995989e-03   2.9809617e-03   2.3634052e-03   5.8164440e-03   1.3383766e-02   3.8279173e-03   5.2456265e-03   2.4916465e-03   5.0451965e-03   3.4282901e-03   1.1873427e-02   6.3436269e-03
   5.3835073e-04   5.6530221e-04   8.6630052e-04   1.9650740e-03   2.4476842e-03   9.1005455e-04   1.0845674e-03   1.5092021e-04   2.6916169e-04   6.4595361e-04   1.8566858e-03   7.2516685e-04   1.4256393e-03   9.1005455e-04   1.2185605e-03   5.4135593e-04   8.3637184e-04   1.0072075e-03   1.1464186e-03   4.0449756e-04   1.0872375e-03   9.5138868e-04   1.3986465e-03   6.7452756e-04   1.0773256e-03   1.1478604e-03   3.9993891e-04   9.7519496e-04   7.6642072e-04   1.0771683e-03
   2.5765436e-04   1.6127396e-04   7.2359088e-05   1.7685677e-04   3.9187117e-04   2.4716436e-04   1.5476774e-04   5.7762105e-05   1.5150101e-04   4.9919068e-04   3.8982266e-04   4.8213528e-04   2.2435158e-04   2.4716436e-04   1.7450548e-04   3.7464743e-05   3.8795509e-04   1.8354684e-04   1.4372019e-04   2.6841691e-04   2.1107799e-04   4.2759208e-04   3.9752089e-04   1.9600179e-04   3.1401188e-04   2.6496790e-04   1.8463537e-04   3.7668815e-04   2.6361884e-04   1.4096438e-04
   0.0000000e+00   6.3323078e-08   0.0000000e+00   0.0000000e+00   0.0000000e+00   0.0000000e+00   0.0000000e+00   2.2344324e-08   0.0000000e+00   0.0000000e+00   0.0000000e+00   0.0000000e+00   3.6500456e-08   0.0000000e+00   8.9903108e-08   1.8515687e-08   0.0000000e+00   0.0000000e+00   1.5209781e-07   0.0000000e+00   0.0000000e+00   1.7328011e-06   0.0000000e+00   0.0000000e+00   0.0000000e+00   0.0000000e+00   1.2711698e-07   0.0000000e+00   0.0000000e+00   5.9432937e-07
   0.0000000e+00   0.0000000e+00   0.0000000e+00   0.0000000e+00   0.0000000e+00   0.0000000e+00   0.0000000e+00   0.0000000e+00   0.0000000e+00   0.0000000e+00   0.0000000e+00   0.0000000e+00   0.0000000e+00   0.0000000e+00   0.0000000e+00   0.0000000e+00   0.0000000e+00   0.0000000e+00   0.0000000e+00   0.0000000e+00   0.0000000e+00   0.0000000e+00   0.0000000e+00   0.0000000e+00   0.0000000e+00   0.0000000e+00   0.0000000e+00   0.0000000e+00   0.0000000e+00   0.0000000e+00
