   1.0979700e+03   1.3295648e+03   1.3911080e+03   1.0844289e+03   1.3544142e+03   1.2110877e+03   1.1092507e+03   9.7695960e+02   1.0874628e+03   1.3567515e+03   1.4373338e+03   1.1966073e+03   1.4616552e+03   1.3096617e+03   1.2383606e+03   1.0774524e+03   1.1969152e+03   1.3493176e+03   1.1348269e+03   1.1049937e+03   1.0509296e+03   1.3310607e+03   1.0939947e+03   1.3407979e+03   1.4052395e+03   1.2796085e+03   1.3127464e+03   1.1792660e+03   9.9410955e+02   1.3485701e+03
   7.3867568e+02   9.1769953e+02   7.5797999e+02   4.3515663e+02   9.9510460e+02   8.1776041e+02   8.9447535e+02   9.6923320e+02   7.7258937e+02   8.0576045e+02   9.5188836e+02   8.6669805e+02   1.2109803e+03   9.4111901e+02   6.0040602e+02   8.8483393e+02   8.5227575e+02   7.8438368e+02   6.6192083e+02   1.0685565e+03   8.5865161e+02   1.0998950e+03   8.0182629e+02   9.9866309e+02   9.5594438e+02   7.7389909e+02   9.7753830e+02   1.0849668e+03   9.9410955e+02   7.7585272e+02
   5.2484182e+02   6.9891245e+02   6.4275274e+02   3.1777492e+02   5.9503702e+02   4.3211062e+02   2.9333450e+02   4.5469691e+02   7.2342446e+02   4.6756889e+02   4.0747572e+02   5.6429771e+02   7.4998181e+02   5.7107090e+02   5.9960878e+02   4.2768786e+02   6.3129241e+02   5.6823793e+02   6.6192083e+02   5.6587147e+02   5.1259672e+02   6.9341776e+02   7.1256986e+02   6.2198219e+02   6.8796221e+02   4.1797323e+02   4.7459854e+02   4.9399502e+02   5.7575282e+02   7.2201597e+02
   5.2484182e+02   2.9896055e+02   3.8802093e+02   3.0718141e+02   3.3957734e+02   3.8877666e+02   1.8338789e+02   2.9974252e+02   4.6495300e+02   4.3826448e+02   4.0747572e+02   3.3565854e+02   4.1306643e+02   4.3257759e+02   4.9170208e+02   3.7629874e+02   4.0826915e+02   4.6309464e+02   2.8671564e+02   3.2687234e+02   4.7766998e+02   5.7332589e+02   2.8333051e+02   3.5991630e+02   5.8992567e+02   3.5463996e+02   3.0471066e+02   3.3231482e+02   2.4111787e+02   4.7936127e+02
   1.7670047e+02   2.3564079e+02   2.3138432e+02   3.0718141e+02   1.9674075e+02   3.4120200e+02   1.8338789e+02   2.0814857e+02   2.9717147e+02   2.2925039e+02   2.5310374e+02   3.1383353e+02   4.1306643e+02   2.3450457e+02   2.7895337e+02   2.4574815e+02   2.1592879e+02   3.1070788e+02   2.6461078e+02   2.0707600e+02   3.2619131e+02   3.4040086e+02   2.1661885e+02   2.0279843e+02   3.8208649e+02   2.3270499e+02   1.9007987e+02   3.0155114e+02   1.7019588e+02   2.8344768e+02
   1.4318999e+02   2.3214306e+02   1.5357074e+02   1.7409907e+02   1.4632922e+02   2.1363536e+02   1.8338789e+02   1.8151692e+02   1.5481191e+02   1.5967199e+02   2.1721458e+02   2.4200722e+02   3.3603915e+02   2.1690339e+02   1.8592130e+02   1.6060288e+02   9.0579235e+01   1.6387150e+02   1.6290437e+02   1.9372043e+02   2.1913270e+02   1.3775640e+02   1.6545621e+02   1.9755421e+02   3.0731536e+02   2.1597255e+02   1.5501860e+02   1.3850421e+02   1.3171105e+02   2.1578597e+02
   1.4318999e+02   1.9901767e+02   9.1875309e+01   1.3806263e+02   1.4632922e+02   1.5566796e+02   1.2406621e+02   1.6837777e+02   6.6390858e+01   1.3190407e+02   1.7966044e+02   1.5620306e+02   2.3878169e+02   1.4082813e+02   1.6724672e+02   1.5089408e+02   9.0579235e+01   1.6387150e+02   1.4026821e+02   1.5320120e+02   1.7157563e+02   1.1856034e+02   1.4805883e+02   1.0629482e+02   2.3656767e+02   1.4205704e+02   1.3328047e+02   1.3850421e+02   1.3171105e+02   1.3812984e+02
   8.4219213e+01   1.0216454e+02   7.7184209e+01   8.5603387e+01   9.2005367e+01   6.1703282e+01   8.8900002e+01   8.4548508e+01   6.6390858e+01   9.5492559e+01   7.3777700e+01   8.0246387e+01   6.8489507e+01   8.5976668e+01   5.9513371e+01   6.1123013e+01   6.7409474e+01   8.0116417e+01   7.4337735e+01   9.3065740e+01   9.5793357e+01   6.2530706e+01   8.4911884e+01   7.8419485e+01   9.1186078e+01   8.4642391e+01   8.7085156e+01   9.4698952e+01   5.6825835e+01   7.4393298e+01
   2.9646395e+01   3.1228248e+01   2.1753352e+01   3.1211934e+01   2.2057465e+01   2.8922729e+01   1.5399195e+01   2.9318090e+01   2.5337678e+01   3.1661753e+01   2.4477154e+01   1.7183859e+01   2.6461032e+01   1.9890743e+01   2.8007423e+01   3.5333186e+01   3.6812189e+01   2.9848707e+01   3.5806603e+01   3.0243138e+01   3.1756031e+01   3.1711655e+01   2.5308549e+01   3.6461799e+01   3.4026508e+01   2.7397368e+01   3.2273825e+01   3.6394832e+01   3.0296838e+01   1.6777643e+01
   9.2107892e+00   8.5602426e+00   7.8721206e+00   8.7959799e+00   7.0883403e+00   9.2214779e+00   7.2927777e+00   6.7323360e+00   7.4932569e+00   7.3324702e+00   8.9467597e+00   8.5546062e+00   8.0619487e+00   9.2363285e+00   9.8938415e+00   9.1715034e+00   9.0049683e+00   8.9164057e+00   9.3642031e+00   8.6910341e+00   9.6509262e+00   6.3359306e+00   4.8366380e+00   8.1382569e+00   9.0701078e+00   7.2773836e+00   7.7900378e+00   9.6599341e+00   7.3926158e+00   7.7514717e+00
   8.4916226e-02   5.5571791e-02   6.0310029e-02   6.2633068e-02   5.8092132e-02   9.4807756e-02   5.5624723e-02   9.1189523e-02   7.2912704e-02   7.1408779e-02   7.1121520e-02   7.2813829e-02   6.8285012e-02   9.3767272e-02   8.6446863e-02   5.8841875e-02   7.5082479e-02   9.1577254e-02   7.0801653e-02   7.1270852e-02   6.7976495e-02   3.1984642e-02   8.4804030e-02   4.4496216e-02   7.3743906e-02   5.1945250e-02   5.5817445e-02   8.2986891e-02   7.5878591e-02   3.4659947e-02
   4.7859842e-05   8.1899413e-05   8.6554639e-05   4.9449445e-05   8.5459048e-05   8.4842818e-05   8.9600409e-05   4.8314658e-05   1.0788377e-04   6.9178920e-05   6.9946460e-05   1.4098198e-04   5.2738948e-05   1.2906087e-04   1.1180714e-04   5.6687813e-05   4.1848413e-05   6.6776283e-05   6.8584642e-05   7.0862928e-05   9.6852131e-05   9.5850721e-05   1.1426588e-04   6.4433779e-05   7.3596669e-05   1.0056559e-04   8.9713129e-05   8.2301496e-05   1.0070917e-04   5.6238066e-05
   0.0000000e+00   0.0000000e+00   0.0000000e+00   0.0000000e+00   0.0000000e+00   0.0000000e+00   0.0000000e+00   0.0000000e+00   0.0000000e+00   0.0000000e+00   0.0000000e+00   0.0000000e+00   0.0000000e+00   0.0000000e+00   0.0000000e+00   0.0000000e+00   0.0000000e+00   0.0000000e+00   0.0000000e+00   0.0000000e+00   0.0000000e+00   0.0000000e+00   0.0000000e+00   0.0000000e+00   0.0000000e+00   0.0000000e+00   0.0000000e+00   0.0000000e+00   0.0000000e+00   0.0000000e+00
   0.0000000e+00   0.0000000e+00   0.0000000e+00   0.0000000e+00   0.0000000e+00   0.0000000e+00   0.0000000e+00   0.0000000e+00   0.0000000e+00   0.0000000e+00   0.0000000e+00   0.0000000e+00   0.0000000e+00   0.0000000e+00   0.0000000e+00   0.0000000e+00   0.0000000e+00   0.0000000e+00   0.0000000e+00   0.0000000e+00   0.0000000e+00   0.0000000e+00   0.0000000e+00   0.0000000e+00   0.0000000e+00   0.0000000e+00   0.0000000e+00   0.0000000e+00   0.0000000e+00   0.0000000e+00
   0.0000000e+00   0.0000000e+00   0.0000000e+00   0.0000000e+00   0.0000000e+00   0.0000000e+00   0.0000000e+00   0.0000000e+00   0.0000000e+00   0.0000000e+00   0.0000000e+00   0.0000000e+00   0.0000000e+00   0.0000000e+00   0.0000000e+00   0.0000000e+00   0.0000000e+00   0.0000000e+00   0.0000000e+00   0.0000000e+00   0.0000000e+00   0.0000000e+00   0.0000000e+00   0.0000000e+00   0.0000000e+00   0.0000000e+00   0.0000000e+00   0.0000000e+00   0.0000000e+00   0.0000000e+00
   0.0000000e+00   0.0000000e+00   0.0000000e+00   0.0000000e+00   0.0000000e+00   0.0000000e+00   0.0000000e+00   0.0000000e+00   0.0000000e+00   0.0000000e+00   0.0000000e+00   0.0000000e+00   0.0000000e+00   0.0000000e+00   0.0000000e+00   0.0000000e+00   0.0000000e+00   0.0000000e+00   0.0000000e+00   0.0000000e+00   0.0000000e+00   0.0000000e+00   0.0000000e+00   0.0000000e+00   0.0000000e+00   0.0000000e+00   0.0000000e+00   0.0000000e+00   0.0000000e+00   0.0000000e+00
