   4.0225322e+02   3.8925219e+02   7.9531566e+02   3.8635209e+02   4.3763970e+02   5.5522039e+02   3.4842299e+02   4.0225287e+02   5.2825861e+02   5.9231581e+02   5.6535850e+02   4.0400391e+02   5.4489510e+02   4.7626005e+02   3.1795982e+02   4.7558346e+02   5.0431368e+02   4.8278162e+02   3.8255951e+02   5.3721825e+02   1.1544717e+02   1.7658874e+02   5.7407424e+02   4.1792775e+02   5.4031384e+02   6.3001356e+02   4.8923180e+02   3.8680499e+02   7.8515561e+02   3.8140613e+02
   2.6875348e+02   1.7635738e+02   3.1458759e+02   3.2452407e+02   4.3481686e+02   2.3951561e+02   2.0604913e+02   4.0225287e+02   5.2825861e+02   2.4029091e+02   2.7699999e+02   2.9495533e+02   3.0361153e+02   3.9506633e+02   3.1795982e+02   2.4572957e+02   4.6992552e+02   4.2898404e+02   3.8255951e+02   1.9611287e+02   1.0716499e+02   1.7658874e+02   5.3216801e+02   2.1948722e+02   1.9168625e+02   2.2301981e+02   3.1800621e+02   3.1388967e+02   1.3564114e+02   1.8843138e+02
   1.7993993e+02   1.7635738e+02   3.1458759e+02   1.8388347e+02   2.4914310e+02   2.3951561e+02   2.0604913e+02   1.8475030e+02   1.9971043e+02   2.1215173e+02   2.4015971e+02   2.5191828e+02   3.0361153e+02   1.8716923e+02   2.5256933e+02   2.4572957e+02   2.1379871e+02   2.6118817e+02   1.4049439e+02   1.9611287e+02   1.0716499e+02   1.7658874e+02   2.0602854e+02   2.1589067e+02   1.9168625e+02   2.1711505e+02   2.3887091e+02   2.4812408e+02   1.3564114e+02   1.3488460e+02
   1.6048180e+02   1.7635738e+02   2.0423714e+02   1.5505357e+02   2.4914310e+02   1.8477686e+02   1.7387116e+02   1.8475030e+02   1.8009899e+02   1.9194688e+02   1.8988509e+02   2.1378523e+02   2.0530241e+02   1.8716923e+02   1.9152834e+02   2.4572957e+02   1.9129313e+02   1.7848475e+02   1.4049439e+02   1.8717791e+02   1.0716499e+02   1.6103618e+02   1.5583419e+02   1.9129137e+02   1.8223267e+02   1.7322398e+02   1.9827447e+02   1.7510129e+02   1.3564114e+02   1.3488460e+02
   1.5342900e+02   1.3574166e+02   1.4108456e+02   1.0641182e+02   1.4533865e+02   1.4559586e+02   1.0021869e+02   1.5793430e+02   1.4254178e+02   1.3250391e+02   1.2390850e+02   1.7069186e+02   1.4007328e+02   1.5622527e+02   1.5598601e+02   1.6117576e+02   1.4321715e+02   1.7012836e+02   1.4049439e+02   1.4299039e+02   1.0716499e+02   1.5853850e+02   1.5583419e+02   1.2236182e+02   1.0866988e+02   1.6353691e+02   1.3061390e+02   1.5440141e+02   1.3564114e+02   1.2620323e+02
   1.3368999e+02   1.1411122e+02   9.5056055e+01   5.2698630e+01   8.5128816e+01   9.1582839e+01   8.3898001e+01   1.3371503e+02   1.1950450e+02   2.8784174e+01   1.1595448e+02   9.9068454e+01   1.0621412e+02   1.1365750e+02   9.4048909e+01   1.2893409e+02   1.1838896e+02   1.2610416e+02   1.3738247e+02   1.0021179e+02   1.0023492e+02   2.5584665e+01   1.1173434e+02   9.8971968e+01   1.0866988e+02   1.1472048e+02   1.0762404e+02   1.3134811e+02   1.1909548e+02   1.1524168e+02
   3.7167974e+01   2.0114561e+01   5.2805960e+01   1.8480484e+01   8.4898112e+01   8.0345880e+01   2.5381010e+01   6.1250943e+01   8.8577497e+01   2.8784174e+01   1.0073624e+02   7.0681378e+01   5.0791826e+01   6.9479897e+01   9.4048909e+01   4.1047960e+01   4.2812905e+01   9.0669891e+01   6.5572665e+01   3.6276323e+01   2.7507619e+01   1.5700384e+01   7.9580745e+01   4.4409278e+01   5.6640873e+01   7.3404617e+01   5.5672007e+01   1.0102697e+02   2.8160221e+01   5.7906810e+01
   1.8955014e+01   1.8661126e+01   2.0812244e+01   8.4104913e+00   1.7272386e+01   1.9994037e+01   1.1064427e+01   1.4347902e+01   3.1781995e+01   1.0671855e+01   1.6956764e+01   3.1815382e+01   1.2822452e+01   3.4161656e+01   3.2883004e+01   2.6849073e+00   2.5335894e+01   1.3947335e+01   1.1494023e+01   1.3735872e+01   2.4062437e+01   1.5700384e+01   2.0276196e+01   9.1430129e+00   2.5881849e+01   1.9090777e+01   1.5653378e+01   3.6729548e+01   2.1512227e+01   3.3939786e+01
   7.3878623e+00   5.1091254e+00   4.7783740e+00   1.6989119e+00   4.7932882e+00   1.3770831e+01   3.4017365e+00   8.5456048e+00   9.8436359e+00   4.2473897e+00   8.2972688e+00   6.9011673e+00   8.2892107e+00   2.7944517e+00   1.0461917e+01   2.6849073e+00   8.7696034e+00   4.7325519e+00   5.8398673e+00   2.1534881e+00   6.6156263e+00   3.9027551e+00   3.2799485e+00   3.4340217e+00   1.0050333e+01   7.1306359e+00   9.9030837e+00   2.2876600e+00   7.9877795e+00   1.8096654e+01
   1.1500109e+00   2.5926639e-01   2.7545005e-01   9.6620045e-02   3.7485557e-01   1.3345934e+00   3.9587065e-01   6.5808035e-01   1.0236565e+00   1.5132226e-01   6.7162495e+00   7.7012799e-01   1.1940853e+00   7.2129124e-01   1.1282547e+00   5.2422085e-01   7.7093655e-01   8.3581493e-01   2.8504267e-01   1.2404490e-01   6.6165053e-01   2.8825605e-01   3.4965229e-01   1.9043280e-01   5.8602742e+00   5.7907989e-01   1.1630101e+00   2.7890187e-01   1.5275770e+00   9.3163088e+00
   1.6591889e-02   1.9274703e-02   2.0780407e-02   1.1883002e-02   1.9537042e-02   3.0752512e-02   1.2022771e-02   1.7285034e-02   3.4171211e-02   1.3344577e-02   1.4374348e-01   1.8063312e-02   3.7170283e-02   2.6938125e-02   8.9797073e-02   1.3655341e-02   7.7307055e-03   6.3664696e-02   1.6734315e-02   1.2790139e-02   1.7611911e-02   1.3872041e-02   1.0302310e-02   1.3932268e-02   1.8027660e-01   1.7148631e-02   4.0476215e-02   2.6895611e-02   7.0564513e-02   2.2809126e+00
   5.7558447e-03   6.2218211e-03   7.0120031e-03   5.3462802e-03   6.4986634e-03   5.0333305e-03   6.5430283e-03   6.3364856e-03   6.1589523e-03   4.1730700e-03   8.2709313e-03   5.6794612e-03   8.5260251e-03   5.9936441e-03   9.6411967e-03   6.2894565e-03   6.3201090e-03   8.7187457e-03   5.1484848e-03   5.2356563e-03   6.0719876e-03   6.6759876e-03   6.8631190e-03   5.4665969e-03   1.0724979e-02   6.7252313e-03   3.7770705e-03   7.8013726e-03   8.0502842e-03   3.2295403e-02
   3.1192050e-03   1.9234381e-03   4.1236241e-04   5.4036817e-04   4.6966441e-03   9.2400857e-05   3.6597060e-03   2.8957287e-03   3.2068548e-03   1.5663161e-03   1.2679669e-03   3.0926624e-03   4.3167170e-03   9.7851681e-04   1.0471903e-03   1.7485196e-03   2.8427668e-03   2.4160574e-03   1.4034113e-03   1.5700720e-03   2.2758622e-03   1.6795359e-03   1.5921795e-03   1.7951669e-03   1.7925299e-03   1.8855267e-03   3.7569503e-03   1.0077792e-03   1.3938667e-03   3.5380625e-03
   0.0000000e+00   0.0000000e+00   0.0000000e+00   0.0000000e+00   0.0000000e+00   0.0000000e+00   0.0000000e+00   0.0000000e+00   0.0000000e+00   0.0000000e+00   0.0000000e+00   0.0000000e+00   0.0000000e+00   0.0000000e+00   0.0000000e+00   0.0000000e+00   0.0000000e+00   0.0000000e+00   0.0000000e+00   0.0000000e+00   0.0000000e+00   0.0000000e+00   0.0000000e+00   0.0000000e+00   0.0000000e+00   0.0000000e+00   0.0000000e+00   0.0000000e+00   0.0000000e+00   0.0000000e+00
   0.0000000e+00   0.0000000e+00   0.0000000e+00   0.0000000e+00   0.0000000e+00   0.0000000e+00   0.0000000e+00   0.0000000e+00   0.0000000e+00   0.0000000e+00   0.0000000e+00   0.0000000e+00   0.0000000e+00   0.0000000e+00   0.0000000e+00   0.0000000e+00   0.0000000e+00   0.0000000e+00   0.0000000e+00   0.0000000e+00   0.0000000e+00   0.0000000e+00   0.0000000e+00   0.0000000e+00   0.0000000e+00   0.0000000e+00   0.0000000e+00   0.0000000e+00   0.0000000e+00   0.0000000e+00
   0.0000000e+00   0.0000000e+00   0.0000000e+00   0.0000000e+00   0.0000000e+00   0.0000000e+00   0.0000000e+00   0.0000000e+00   0.0000000e+00   0.0000000e+00   0.0000000e+00   0.0000000e+00   0.0000000e+00   0.0000000e+00   0.0000000e+00   0.0000000e+00   0.0000000e+00   0.0000000e+00   0.0000000e+00   0.0000000e+00   0.0000000e+00   0.0000000e+00   0.0000000e+00   0.0000000e+00   0.0000000e+00   0.0000000e+00   0.0000000e+00   0.0000000e+00   0.0000000e+00   0.0000000e+00
