   4.3556530e+02   4.1344043e+02   3.6925261e+02   3.3023924e+02   3.8311958e+02   3.4048425e+02   3.1768276e+02   2.1510756e+02   3.8800781e+02   4.3850964e+02   3.7523034e+02   3.3580986e+02   4.3357680e+02   4.0058217e+02   3.9342107e+02   3.6792678e+02   4.7081760e+02   3.8449377e+02   3.7861397e+02   3.4542392e+02   3.2964187e+02   4.5633638e+02   3.8505565e+02   3.5094862e+02   3.5561266e+02   4.2334353e+02   4.2631413e+02   3.5891610e+02   3.8008101e+02   4.7085823e+02
   3.8787482e+02   4.0517640e+02   1.9313301e+02   2.7132876e+02   2.6453997e+02   3.4048425e+02   2.7052725e+02   2.1510756e+02   3.7940538e+02   3.1358911e+02   3.0586604e+02   1.8057812e+02   2.3171871e+02   1.8107472e+02   2.6533523e+02   2.4080816e+02   2.9078436e+02   3.8449377e+02   2.5243670e+02   2.9813756e+02   3.2102879e+02   3.3194580e+02   3.5815168e+02   2.1375584e+02   3.5066943e+02   3.5815228e+02   2.2902154e+02   3.4634871e+02   3.2879972e+02   3.7079230e+02
   9.7848051e+01   2.5386875e+02   1.5716405e+02   2.2875807e+02   2.5255834e+02   2.1942302e+02   1.2000174e+02   2.1510756e+02   3.2399870e+02   2.6120014e+02   1.3648244e+02   1.6890831e+02   1.6787620e+02   1.1274791e+02   1.8503533e+02   1.9107647e+02   1.5459261e+02   1.0225467e+02   2.5243670e+02   2.0708875e+02   1.8728480e+02   2.0194618e+02   2.9277432e+02   1.8514772e+02   1.6734447e+02   2.7423545e+02   2.2171256e+02   2.8371735e+02   1.2702016e+02   2.5133777e+02
   9.7848051e+01   1.3990860e+02   1.1211208e+02   1.0886986e+02   2.2494601e+02   1.0381283e+02   1.2000174e+02   1.6985497e+02   1.5898548e+02   2.2054248e+02   1.3648244e+02   1.1499371e+02   1.5508372e+02   1.1274791e+02   1.7895587e+02   8.4745465e+01   1.2832188e+02   5.6955467e+01   1.8925351e+02   2.0708875e+02   1.8728480e+02   1.7092250e+02   1.4906775e+02   1.1973214e+02   1.1872671e+02   1.3538532e+02   1.7693649e+02   1.3420744e+02   1.0967571e+02   2.0347332e+02
   9.7848051e+01   8.6625278e+01   7.9338861e+01   5.7286088e+01   8.1725305e+01   9.0817200e+01   9.2607207e+01   8.7299586e+01   8.6151342e+01   7.1790101e+01   5.6242764e+01   8.2951327e+01   7.8282515e+01   4.5589635e+01   1.0543628e+02   7.1248092e+01   1.1773175e+02   5.6955467e+01   5.7754068e+01   1.0673023e+02   8.8719857e+01   1.0091808e+02   8.7828173e+01   1.1710679e+02   5.9609677e+01   7.6425029e+01   8.1014282e+01   1.1027408e+02   7.5210099e+01   6.3026562e+01
   4.8594822e+01   6.0097760e+01   4.7308473e+01   5.7286088e+01   3.6471669e+01   6.3108845e+01   2.3397341e+01   5.5966900e+01   6.5412683e+01   3.8745297e+01   4.0548526e+01   5.1926782e+01   5.8736485e+01   4.5589635e+01   5.4114710e+01   4.9221379e+01   4.3252531e+01   4.2623995e+01   5.7754068e+01   7.1862075e+01   5.3066554e+01   1.7568338e+01   7.0726893e+01   4.8442653e+01   4.4035659e+01   4.9721140e+01   4.7625028e+01   4.8625965e+01   2.6942732e+01   3.0877787e+01
   3.3904975e+01   3.3643185e+01   2.4667322e+01   2.5218195e+01   2.7703381e+01   1.8488606e+01   2.3397341e+01   1.3454649e+01   3.3467321e+00   3.0366430e+01   2.7120912e+01   2.5412900e+01   9.6649430e+00   2.9067362e+01   2.9490613e+01   2.6089689e+01   2.1590957e+01   1.2159187e+01   2.9182026e+01   1.5418119e+01   1.2662608e+01   1.1606328e+01   3.4005188e+01   2.7591659e+01   2.2796506e+01   3.2263555e+01   2.9865582e+01   2.1965100e+01   2.2700221e+01   3.0616685e+01
   3.8846537e+00   4.8660601e+00   6.1971432e+00   2.4020934e+00   9.8237272e+00   4.9846327e+00   2.0659178e+00   1.0118101e+00   1.7883408e+00   5.1300449e+00   4.6147110e+00   6.0527063e+00   3.4571920e+00   1.0764894e+01   4.9449680e+00   1.8419447e+00   3.9865095e+00   2.3383386e+00   6.8971131e+00   8.1024753e+00   7.1875824e+00   3.0869779e+00   4.8044335e+00   6.0790931e+00   5.9963694e+00   5.6532281e+00   5.9838432e+00   6.1137437e-01   3.9777756e+00   4.3474671e+00
   5.2027446e-02   3.7134184e-02   4.8271018e-02   8.8149709e-03   1.2471628e-01   3.8299145e-02   2.9777777e-02   2.5421729e-02   4.1953557e-02   3.6186617e-02   3.6300408e-02   1.1209170e-02   1.7128458e-02   1.5371141e-01   4.8498248e-02   5.6442146e-02   1.0924668e-02   1.3451775e-02   7.8277262e-03   7.9303248e-02   4.3909888e-02   6.7521828e-03   9.5229890e-02   7.6171079e-02   2.3607306e-02   2.5685574e-02   1.1391447e-01   5.4711390e-02   3.7667392e-02   5.4200801e-02
   2.5681944e-05   3.2056853e-06   1.9085051e-05   1.8746683e-06   1.6224227e-05   6.2441918e-05   1.7054750e-05   3.2244641e-06   4.4099328e-06   3.2367964e-05   3.8377274e-06   1.6731485e-05   6.0843808e-06   1.4933922e-05   2.2375570e-05   2.2862619e-06   1.0475005e-05   1.3261434e-05   7.4626769e-06   4.3950855e-05   7.9664887e-06   6.4742101e-06   1.9903588e-05   6.2998802e-06   1.0714144e-05   9.6260004e-06   2.5031571e-05   1.4669321e-05   1.7887958e-05   5.3056471e-06
   0.0000000e+00   0.0000000e+00   0.0000000e+00   0.0000000e+00   0.0000000e+00   0.0000000e+00   0.0000000e+00   0.0000000e+00   0.0000000e+00   0.0000000e+00   0.0000000e+00   0.0000000e+00   0.0000000e+00   0.0000000e+00   0.0000000e+00   0.0000000e+00   0.0000000e+00   0.0000000e+00   0.0000000e+00   0.0000000e+00   0.0000000e+00   0.0000000e+00   0.0000000e+00   0.0000000e+00   0.0000000e+00   0.0000000e+00   0.0000000e+00   0.0000000e+00   0.0000000e+00   0.0000000e+00
   0.0000000e+00   0.0000000e+00   0.0000000e+00   0.0000000e+00   0.0000000e+00   0.0000000e+00   0.0000000e+00   0.0000000e+00   0.0000000e+00   0.0000000e+00   0.0000000e+00   0.0000000e+00   0.0000000e+00   0.0000000e+00   0.0000000e+00   0.0000000e+00   0.0000000e+00   0.0000000e+00   0.0000000e+00   0.0000000e+00   0.0000000e+00   0.0000000e+00   0.0000000e+00   0.0000000e+00   0.0000000e+00   0.0000000e+00   0.0000000e+00   0.0000000e+00   0.0000000e+00   0.0000000e+00
   0.0000000e+00   0.0000000e+00   0.0000000e+00   0.0000000e+00   0.0000000e+00   0.0000000e+00   0.0000000e+00   0.0000000e+00   0.0000000e+00   0.0000000e+00   0.0000000e+00   0.0000000e+00   0.0000000e+00   0.0000000e+00   0.0000000e+00   0.0000000e+00   0.0000000e+00   0.0000000e+00   0.0000000e+00   0.0000000e+00   0.0000000e+00   0.0000000e+00   0.0000000e+00   0.0000000e+00   0.0000000e+00   0.0000000e+00   0.0000000e+00   0.0000000e+00   0.0000000e+00   0.0000000e+00
   0.0000000e+00   0.0000000e+00   0.0000000e+00   0.0000000e+00   0.0000000e+00   0.0000000e+00   0.0000000e+00   0.0000000e+00   0.0000000e+00   0.0000000e+00   0.0000000e+00   0.0000000e+00   0.0000000e+00   0.0000000e+00   0.0000000e+00   0.0000000e+00   0.0000000e+00   0.0000000e+00   0.0000000e+00   0.0000000e+00   0.0000000e+00   0.0000000e+00   0.0000000e+00   0.0000000e+00   0.0000000e+00   0.0000000e+00   0.0000000e+00   0.0000000e+00   0.0000000e+00   0.0000000e+00
   0.0000000e+00   0.0000000e+00   0.0000000e+00   0.0000000e+00   0.0000000e+00   0.0000000e+00   0.0000000e+00   0.0000000e+00   0.0000000e+00   0.0000000e+00   0.0000000e+00   0.0000000e+00   0.0000000e+00   0.0000000e+00   0.0000000e+00   0.0000000e+00   0.0000000e+00   0.0000000e+00   0.0000000e+00   0.0000000e+00   0.0000000e+00   0.0000000e+00   0.0000000e+00   0.0000000e+00   0.0000000e+00   0.0000000e+00   0.0000000e+00   0.0000000e+00   0.0000000e+00   0.0000000e+00
   0.0000000e+00   0.0000000e+00   0.0000000e+00   0.0000000e+00   0.0000000e+00   0.0000000e+00   0.0000000e+00   0.0000000e+00   0.0000000e+00   0.0000000e+00   0.0000000e+00   0.0000000e+00   0.0000000e+00   0.0000000e+00   0.0000000e+00   0.0000000e+00   0.0000000e+00   0.0000000e+00   0.0000000e+00   0.0000000e+00   0.0000000e+00   0.0000000e+00   0.0000000e+00   0.0000000e+00   0.0000000e+00   0.0000000e+00   0.0000000e+00   0.0000000e+00   0.0000000e+00   0.0000000e+00
