   5.2808180e+03   5.9247458e+03   5.2204831e+03   5.7683046e+03   5.2053052e+03   5.5084045e+03   5.2011691e+03   5.3274898e+03   5.5561722e+03   5.4663308e+03   5.0798327e+03   3.7941199e+03   5.7037184e+03   5.7944931e+03   5.5047794e+03   5.1841882e+03   5.2826707e+03   5.1132638e+03   5.4220401e+03   5.5743494e+03   4.4802923e+03   5.4072181e+03   5.5623656e+03   5.7037347e+03   5.6959546e+03   5.6252815e+03   5.3806952e+03   5.0171190e+03   5.0977369e+03   5.3299490e+03
   5.2808180e+03   3.9989413e+03   5.2204831e+03   5.2270043e+03   4.9816963e+03   4.9871867e+03   3.4619101e+03   4.8115611e+03   4.4792253e+03   4.6110063e+03   4.0824603e+03   3.7422226e+03   4.6920777e+03   4.7316446e+03   3.9470534e+03   4.3236133e+03   3.2211621e+03   4.5524993e+03   3.8228463e+03   5.4615205e+03   3.6982552e+03   4.1968663e+03   3.8436927e+03   3.9855787e+03   3.7320700e+03   4.0019547e+03   4.9974218e+03   3.8603616e+03   2.7446173e+03   4.3245022e+03
   4.3872457e+03   2.6955370e+03   4.5846043e+03   4.1440244e+03   4.0896095e+03   3.7394185e+03   2.8592616e+03   4.0849312e+03   2.8868298e+03   2.2854280e+03   2.9908123e+03   3.6874252e+03   3.9342644e+03   3.7327835e+03   3.9470534e+03   3.6238352e+03   3.2211621e+03   4.1563216e+03   3.2297946e+03   3.0946493e+03   3.6293414e+03   3.7623415e+03   3.2419887e+03   3.7551541e+03   3.3735048e+03   3.7024952e+03   4.7982570e+03   3.7666484e+03   2.7404375e+03   4.0276061e+03
   3.6413841e+03   2.1794285e+03   2.8671298e+03   3.4025301e+03   3.4740471e+03   3.6724833e+03   2.8592616e+03   4.0588833e+03   2.8868298e+03   2.2854280e+03   2.9908123e+03   2.6548403e+03   3.1912097e+03   3.3443723e+03   3.2335995e+03   2.5147724e+03   2.2218600e+03   3.5012425e+03   2.8675138e+03   3.0842654e+03   3.6293414e+03   2.8309787e+03   3.0233366e+03   3.5954171e+03   3.0142619e+03   3.7024952e+03   4.1446493e+03   3.7666484e+03   2.5408509e+03   3.6157033e+03
   3.5407912e+03   2.1794285e+03   2.8671298e+03   3.4025301e+03   3.4740471e+03   2.9149316e+03   2.5383321e+03   3.6277005e+03   2.8868298e+03   2.0017414e+03   2.6062387e+03   2.6548403e+03   2.1931005e+03   2.8964386e+03   3.2335995e+03   2.5147724e+03   2.2218600e+03   1.9900035e+03   2.3692731e+03   3.0842654e+03   3.3858552e+03   2.8309787e+03   2.9269038e+03   3.4270263e+03   3.0142619e+03   2.9114273e+03   3.5010398e+03   3.3461217e+03   2.5408509e+03   3.6157033e+03
   2.7074819e+03   2.1794285e+03   2.4929129e+03   2.2887127e+03   3.4740471e+03   2.7743493e+03   2.5383321e+03   2.8523786e+03   2.8868298e+03   1.9978072e+03   2.6062387e+03   2.6133546e+03   2.1931005e+03   2.8964386e+03   3.2335995e+03   2.5147724e+03   2.2218600e+03   1.7471929e+03   2.3692731e+03   3.0739320e+03   3.3858552e+03   2.8309787e+03   2.7278911e+03   2.8331687e+03   3.0142619e+03   2.5264569e+03   2.7726291e+03   3.0850839e+03   2.5408509e+03   3.5772945e+03
   2.6969637e+03   2.1794285e+03   2.4929129e+03   2.2887127e+03   2.3855266e+03   1.6009522e+03   2.4211595e+03   2.6269483e+03   2.6890770e+03   1.9978072e+03   2.6062387e+03   2.3897157e+03   2.1150763e+03   2.2662474e+03   1.3794492e+03   2.4888089e+03   2.2218600e+03   1.7471929e+03   2.3692731e+03   2.9290752e+03   2.5569553e+03   2.8309787e+03   2.7278911e+03   2.5450360e+03   3.0142619e+03   2.4914077e+03   1.9463709e+03   3.0850839e+03   2.5385910e+03   2.6899270e+03
   1.7727435e+03   2.1794285e+03   1.5175898e+03   1.7258147e+03   1.3640281e+03   1.6009522e+03   1.5393052e+03   1.4664830e+03   1.8076569e+03   1.4359481e+03   1.0043320e+03   1.6812883e+03   1.5092500e+03   1.1879367e+03   1.3794492e+03   2.1937981e+03   8.8660992e+02   1.4147632e+03   1.2905361e+03   2.0386273e+03   2.0753613e+03   2.0368327e+03   1.4905776e+03   1.5059827e+03   1.3046946e+03   1.6471333e+03   1.5084031e+03   1.6856915e+03   2.0825475e+03   1.7301859e+03
   8.9950821e+02   8.2420065e+02   5.2060317e+02   9.8011089e+01   3.0197372e+02   5.4881174e+02   6.3649928e+02   7.5350817e+02   7.8296025e+02   5.7694747e+02   6.8123924e+02   6.0763204e+02   4.0997172e+02   8.2565975e+02   7.4834479e+02   5.3933774e+02   3.6756738e+02   7.9549948e+02   7.6275562e+02   6.2083942e+02   4.3598645e+02   7.4910386e+02   6.9993748e+02   5.0904756e+02   8.4635947e+02   4.5741047e+02   4.8574130e+02   8.0243681e+02   9.7573274e+02   9.2114254e+02
   2.5241113e+01   2.4162762e+01   1.0512930e+01   9.7496447e-01   1.1023197e+01   2.5262219e+01   1.8730636e+01   1.4313800e+01   1.2823448e+01   9.7829940e+00   2.1789875e+01   9.8053608e+00   6.8665256e+00   1.7249613e+01   5.4451911e+00   7.4867953e+00   1.7779343e+01   3.4858826e+01   1.5506742e+01   1.7813472e+01   7.4877780e+00   8.0828858e+00   1.3575470e+01   1.5032747e+01   3.3609531e+00   1.1234367e+01   1.3152095e+01   2.2256595e+01   2.6828867e+01   2.9796178e+01
   3.2393601e-03   1.7796309e-03   2.9474330e-03   5.5435392e-03   4.2195734e-03   3.9101650e-03   2.9891150e-03   3.2632943e-03   1.2446986e-03   1.6222619e-03   5.7849696e-03   4.0869732e-03   2.3797688e-03   3.2873842e-03   2.1153982e-03   1.9064479e-03   1.5253539e-03   1.1972640e-03   3.1432029e-03   4.1054636e-03   5.5649628e-03   2.9509533e-03   2.0973640e-03   2.1338740e-03   3.2983463e-03   2.4496089e-03   3.6583690e-03   1.2942452e-03   2.1103868e-03   4.1110833e-03
   0.0000000e+00   0.0000000e+00   0.0000000e+00   0.0000000e+00   0.0000000e+00   0.0000000e+00   0.0000000e+00   0.0000000e+00   0.0000000e+00   0.0000000e+00   0.0000000e+00   0.0000000e+00   0.0000000e+00   0.0000000e+00   0.0000000e+00   0.0000000e+00   0.0000000e+00   0.0000000e+00   0.0000000e+00   0.0000000e+00   0.0000000e+00   0.0000000e+00   0.0000000e+00   0.0000000e+00   0.0000000e+00   0.0000000e+00   0.0000000e+00   0.0000000e+00   0.0000000e+00   0.0000000e+00
   0.0000000e+00   0.0000000e+00   0.0000000e+00   0.0000000e+00   0.0000000e+00   0.0000000e+00   0.0000000e+00   0.0000000e+00   0.0000000e+00   0.0000000e+00   0.0000000e+00   0.0000000e+00   0.0000000e+00   0.0000000e+00   0.0000000e+00   0.0000000e+00   0.0000000e+00   0.0000000e+00   0.0000000e+00   0.0000000e+00   0.0000000e+00   0.0000000e+00   0.0000000e+00   0.0000000e+00   0.0000000e+00   0.0000000e+00   0.0000000e+00   0.0000000e+00   0.0000000e+00   0.0000000e+00
   0.0000000e+00   0.0000000e+00   0.0000000e+00   0.0000000e+00   0.0000000e+00   0.0000000e+00   0.0000000e+00   0.0000000e+00   0.0000000e+00   0.0000000e+00   0.0000000e+00   0.0000000e+00   0.0000000e+00   0.0000000e+00   0.0000000e+00   0.0000000e+00   0.0000000e+00   0.0000000e+00   0.0000000e+00   0.0000000e+00   0.0000000e+00   0.0000000e+00   0.0000000e+00   0.0000000e+00   0.0000000e+00   0.0000000e+00   0.0000000e+00   0.0000000e+00   0.0000000e+00   0.0000000e+00
   0.0000000e+00   0.0000000e+00   0.0000000e+00   0.0000000e+00   0.0000000e+00   0.0000000e+00   0.0000000e+00   0.0000000e+00   0.0000000e+00   0.0000000e+00   0.0000000e+00   0.0000000e+00   0.0000000e+00   0.0000000e+00   0.0000000e+00   0.0000000e+00   0.0000000e+00   0.0000000e+00   0.0000000e+00   0.0000000e+00   0.0000000e+00   0.0000000e+00   0.0000000e+00   0.0000000e+00   0.0000000e+00   0.0000000e+00   0.0000000e+00   0.0000000e+00   0.0000000e+00   0.0000000e+00
   0.0000000e+00   0.0000000e+00   0.0000000e+00   0.0000000e+00   0.0000000e+00   0.0000000e+00   0.0000000e+00   0.0000000e+00   0.0000000e+00   0.0000000e+00   0.0000000e+00   0.0000000e+00   0.0000000e+00   0.0000000e+00   0.0000000e+00   0.0000000e+00   0.0000000e+00   0.0000000e+00   0.0000000e+00   0.0000000e+00   0.0000000e+00   0.0000000e+00   0.0000000e+00   0.0000000e+00   0.0000000e+00   0.0000000e+00   0.0000000e+00   0.0000000e+00   0.0000000e+00   0.0000000e+00
