   9.1767367e+06   9.1935084e+06   3.2060953e+06   1.9618008e+07   9.1199086e+06   3.4723453e+06   1.1069324e+07   9.1436899e+06   7.0696080e+06   7.8174351e+06   1.1669831e+07   4.4635989e+06   8.3505065e+06   1.5089849e+07   2.1318965e+07   8.3432208e+06   1.6350943e+06   1.7389950e+07   2.4093795e+07   4.4013929e+06   1.1155204e+07   5.0736010e+06   1.0675544e+07   6.7919770e+06   8.6767999e+06   2.2787919e+07   9.1273575e+06   5.5437523e+06   1.2539602e+07   1.5042149e+07
   2.8901153e+06   2.5090834e+06   3.2060953e+06   1.2882594e+07   4.5020625e+06   3.4715961e+06   9.4529422e+06   9.1436899e+06   2.5927114e+06   6.7310602e+06   1.1669831e+07   4.4635989e+06   8.3505065e+06   1.4155129e+07   3.9633318e+06   1.6056499e+06   1.6350943e+06   9.4679031e+06   1.8117805e+07   4.4013929e+06   1.0011239e+07   1.6029502e+06   5.9482851e+06   6.4428166e+06   8.6767999e+06   7.5362997e+06   2.6851845e+05   5.5437523e+06   1.2539602e+07   1.4365296e+07
   2.8901153e+06   2.5090834e+06   3.2060953e+06   5.7597503e+06   2.3881235e+06   3.2976351e+06   3.7570496e+06   7.2428781e+06   2.5927114e+06   1.9251819e+06   8.7138517e+06   4.4446422e+06   8.3505065e+06   1.1966769e+07   3.9633318e+06   1.6056499e+06   1.6350943e+06   9.4679031e+06   9.9500940e+06   4.4013536e+06   5.1596405e+06   1.6029502e+06   3.1412389e+06   6.4428166e+06   6.7825629e+06   7.0406968e+06   2.6851845e+05   5.0628747e+06   7.8099089e+06   8.3176920e+06
   2.8901153e+06   2.5090834e+06   3.2060953e+06   5.7597503e+06   2.3881235e+06   3.2976351e+06   3.7570496e+06   2.7464034e+06   2.5927113e+06   1.9251819e+06   6.1190573e+06   3.8599653e+06   7.4860297e+06   5.5569567e+06   2.9852353e+06   1.6056499e+06   1.6350943e+06   4.8595457e+06   5.7868544e+06   4.4013536e+06   5.1596405e+06   1.6029502e+06   3.1412389e+06   6.4428166e+06   6.7395484e+06   6.9050720e+06   2.6851845e+05   5.0628747e+06   7.8097900e+06   4.6983269e+06
   7.5643437e+05   2.5090834e+06   3.0029630e+05   4.0545995e+06   2.3881235e+06   3.2976351e+06   2.8346020e+06   2.3873097e+06   2.5927113e+06   1.9251819e+06   5.9695257e+06   3.8599653e+06   5.8300601e+06   4.9961101e+06   2.9852353e+06   1.6056499e+06   1.6350943e+06   4.8595457e+06   5.7868544e+06   4.1094976e+06   2.4346774e+06   1.6029502e+06   2.7370269e+06   2.2017449e+06   2.0275203e+06   1.9121309e+06   2.6840168e+05   5.0628747e+06   5.3235892e+06   3.6183458e+06
   7.5643437e+05   2.5090834e+06   3.0029630e+05   4.0545995e+06   2.7392863e+05   3.2976351e+06   2.6233042e+06   2.3873097e+06   2.5927113e+06   1.9251819e+06   1.0068932e+06   3.8599653e+06   4.0668183e+06   2.9060222e+06   2.9852353e+06   1.6056499e+06   1.6350943e+06   2.8412075e+06   1.5600920e+06   4.1094976e+06   2.0837543e+06   1.6029502e+06   2.7370269e+06   2.2017449e+06   3.2132853e+05   1.9121309e+06   2.6840168e+05   5.0628747e+06   5.3235892e+06   2.9491828e+06
   7.5643437e+05   2.5090834e+06   3.0029630e+05   1.2084819e+06   2.7392863e+05   1.8918578e+06   2.6233042e+06   2.3873097e+06   2.5927113e+06   1.9251819e+06   1.0068932e+06   3.8599653e+06   4.0668183e+06   2.9060222e+06   2.7843614e+06   1.6056499e+06   1.6350943e+06   2.8412075e+06   1.1423838e+06   2.9560980e+06   2.0837543e+06   1.6029502e+06   2.7370269e+06   2.2017449e+06   3.2132853e+05   1.9116955e+06   2.6840168e+05   4.2259604e+06   2.1445580e+06   2.9491828e+06
   7.1533339e+05   1.1738441e+06   3.0019479e+05   1.2084819e+06   2.7312299e+05   1.8918048e+06   2.6230864e+06   2.2132286e+06   1.6861563e+06   1.7082386e+06   2.8229696e+05   2.2972589e+06   3.8234006e+06   2.4352654e+06   1.6149906e+06   1.6056499e+06   1.0481903e+06   1.8675175e+06   1.1423838e+06   1.1003968e+06   1.4763201e+06   1.6029502e+06   1.0563841e+06   2.0629300e+06   3.2132853e+05   1.7688959e+06   2.6840168e+05   2.3183159e+06   8.7580090e+05   4.6327288e+05
   7.1348539e+05   1.1738396e+06   3.0019479e+05   4.9821231e+05   2.6104986e+05   1.5486698e+06   6.4897898e+05   1.1134586e+06   2.8370241e+05   6.6464288e+05   2.7119445e+05   7.7316757e+05   1.1091104e+06   9.8390124e+05   5.8938296e+05   4.7290930e+05   9.7855832e+05   5.6217215e+05   1.0630727e+06   1.0560374e+06   6.7034213e+05   9.2731180e+05   1.8796205e+05   3.0868426e+05   3.2132853e+05   5.1183710e+05   2.6840168e+05   9.6701211e+05   3.2124377e+05   4.6327288e+05
   1.7089911e+05   8.7115521e+05   2.9957994e+05   2.4044270e+05   2.6063817e+05   2.9342675e+05   3.6821706e+05   4.6182655e+05   2.2268133e+05   1.3642774e+05   7.7192174e+04   4.0138870e+05   3.0048678e+05   4.4834502e+05   3.8559946e+05   2.6436729e+05   1.9742941e+05   3.7325612e+05   4.3498171e+05   5.5301154e+05   2.5174215e+05   5.8739765e+05   1.8671702e+05   2.2316178e+05   3.2119759e+05   3.8991360e+05   2.6839013e+05   2.1945978e+05   1.4758237e+05   4.0205086e+05
   1.7082020e+05   2.3066795e+05   1.0216099e+05   2.2298228e+05   2.3682999e+05   1.6332418e+05   1.7468444e+05   3.9035838e+05   2.0198739e+05   1.3542476e+05   7.6916619e+04   1.1967610e+05   2.6407888e+05   2.6134944e+05   1.3340813e+05   1.3467897e+05   1.4479096e+05   1.9818074e+05   2.0156229e+05   3.2280638e+05   1.9086067e+05   1.8849962e+05   1.8671702e+05   8.1665137e+04   1.0824034e+05   2.2185904e+05   1.2969534e+05   1.4007999e+05   1.2388439e+05   1.5018116e+05
   1.3485911e+05   1.5689726e+05   9.7000625e+04   1.1069906e+05   1.2585718e+05   1.3140183e+05   4.2901648e+04   1.2328301e+05   8.8062292e+04   1.3172240e+05   5.4750693e+04   7.0124291e+04   1.5279102e+05   1.2752896e+05   8.6331622e+04   1.2794584e+05   6.4493950e+04   5.3597754e+04   1.2305800e+05   1.0132707e+05   1.0085259e+05   1.1559351e+05   9.6210835e+04   8.0834521e+04   1.0794557e+05   6.9029288e+04   1.2940701e+05   1.1466763e+05   1.0788752e+05   8.9979010e+04
   2.2313904e+04   8.6667535e+03   7.4212150e+04   7.6196294e+04   4.0755303e+04   6.3112842e+04   4.2586507e+04   4.8704129e+04   6.1432716e+04   2.1824680e+04   2.5301332e+04   2.8528247e+04   6.5618340e+04   7.2752256e+04   8.3705750e+04   1.9059635e+04   3.6591258e+04   4.4939580e+04   5.3770668e+04   8.1224091e+04   7.1425022e+04   4.8925616e+04   4.6621303e+04   6.6829659e+04   5.9378767e+04   4.7921541e+04   6.4795391e+04   8.4225816e+04   6.2175893e+04   2.9832613e+04
   1.4508583e+04   7.8606257e+03   1.6505617e+04   6.8083117e+03   7.8514494e+03   8.7768410e+03   5.6563927e+03   9.6858010e+03   8.7278679e+03   6.1743874e+03   9.1336208e+03   4.6735849e+03   8.4699975e+03   1.1217999e+04   9.5891070e+03   1.1046651e+04   4.8822436e+03   1.5233412e+04   1.1834099e+04   8.6944540e+03   9.7602529e+03   6.1458290e+03   8.0896516e+03   3.5634615e+03   4.8144749e+03   8.7453564e+03   9.6763421e+03   1.2182566e+04   8.6146053e+03   4.9334206e+03
   3.9595967e+02   3.6493348e+02   3.1428009e+02   2.7599917e+02   3.0369659e+02   2.5866652e+02   4.0220840e+02   3.8146980e+02   2.2893423e+02   5.0782372e+02   4.6066492e+02   4.4955389e+02   3.6667863e+02   4.0393835e+02   3.0054353e+02   4.6329553e+02   2.6860942e+02   4.8649542e+02   4.7887865e+02   3.9605785e+02   5.2624367e+02   4.1551972e+02   2.6897456e+02   3.4571515e+02   2.8018306e+02   4.6490237e+02   5.3876577e+02   4.1315563e+02   4.1145272e+02   3.1872126e+02
   5.1774555e-01   5.5071641e-01   5.5890547e-01   6.2123400e-01   6.7365141e-01   7.0349592e-01   7.3511949e-01   8.0320017e-01   8.7733960e-01   9.4082476e-01   9.5856736e-01   9.9288555e-01   1.0343241e+00   1.0685637e+00   1.3368981e+00   1.4982658e+00   1.5028694e+00   1.5080757e+00   1.5097324e+00   1.5458177e+00   1.6343278e+00   1.7045472e+00   1.7248606e+00   1.8483465e+00   1.9231753e+00   2.0327106e+00   2.6161342e+00   5.1024205e+00   5.3228913e+00   9.0110173e+00
