   1.1921153e+06   4.7226323e+06   8.4355388e+05   8.8654475e+06   1.5688273e+06   6.5989052e+06   1.0362338e+07   4.5877837e+06   1.0658652e+07   1.1270443e+07   3.5276157e+06   1.4497808e+07   6.4179325e+06   1.0751222e+07   3.2121162e+06   7.5280542e+06   8.0761573e+06   1.0094673e+07   3.8552359e+06   4.9680952e+06   7.5478836e+06   5.4338704e+06   3.8389191e+06   3.8985338e+06   7.1210999e+06   1.3207778e+06   5.5880402e+06   3.4076476e+06   1.6125118e+07   5.6471468e+06
   5.5503825e+04   1.3974875e+05   8.4322126e+05   4.5774819e+05   1.5688273e+06   3.6017338e+06   2.4633954e+06   8.9298741e+05   3.0784153e+06   1.2970048e+06   3.3849489e+06   1.2692137e+06   3.4440109e+06   8.0032290e+05   3.2121162e+06   2.4755443e+06   1.2159702e+06   7.1340126e+06   3.8552359e+06   1.5723149e+06   7.5478836e+06   3.0154691e+06   3.5328212e+06   2.1824511e+06   4.1791834e+06   1.3207778e+06   1.3109245e+06   7.3187341e+04   2.5603674e+06   4.8919225e+06
   5.5503825e+04   1.3974875e+05   8.4169541e+05   1.5253091e+05   1.5688273e+06   2.4171629e+06   2.1429755e+06   8.9298741e+05   2.4511823e+05   1.2970048e+06   9.9611867e+05   1.0236175e+06   5.6464213e+05   6.2445112e+04   8.7320129e+05   2.9009167e+05   7.2104285e+05   4.2526083e+06   1.3946377e+04   1.5723149e+06   8.9099937e+05   5.0546840e+04   4.5437654e+05   2.1890278e+05   1.1302490e+06   1.6525373e+05   3.1176730e+05   7.1694176e+04   2.5792706e+05   1.9706373e+05
   5.5503825e+04   1.3974875e+05   3.2780382e+05   1.5253091e+05   2.4705639e+05   4.5041880e+04   1.5920009e+06   1.4478662e+05   1.4591201e+05   1.2967456e+06   1.4934121e+04   4.3544152e+05   5.0280815e+05   6.2445112e+04   8.7320129e+05   2.9009167e+05   3.4691344e+05   9.2149350e+05   1.3946377e+04   1.8255339e+05   2.1944462e+05   5.0546840e+04   1.3814072e+05   2.1890278e+05   4.3455405e+05   1.6525373e+05   3.1176730e+05   7.1694176e+04   2.5792706e+05   1.9706373e+05
   3.5854711e+04   5.8513518e+04   4.1946965e+03   1.3174116e+04   2.4705639e+05   5.6377076e+03   2.0737397e+05   5.3795637e+04   1.1111306e+05   7.4688903e+04   1.4934121e+04   8.0243927e+04   5.5015453e+04   1.8324211e+04   2.4164805e+05   1.1571560e+05   1.0163460e+04   5.2439612e+03   1.3650729e+04   1.0027793e+05   2.1903186e+05   7.0233830e+02   6.3017250e+04   5.3003741e+04   2.0788623e+04   8.4224535e+03   2.0489950e+05   4.8436744e+04   2.1685429e+05   3.4203273e+04
   1.1746381e+04   8.3070845e+03   4.1946965e+03   7.1304102e+03   6.6819685e+03   5.6377076e+03   2.1902639e+04   3.3758116e+04   6.0765279e+03   1.7267069e+03   1.4712129e+04   7.0644023e+03   9.2525740e+03   6.8607832e+03   5.4242323e+03   2.0300663e+03   1.3578003e+03   5.2439612e+03   5.1420784e+03   1.7910259e+03   5.8496383e+04   7.0233830e+02   1.2629617e+04   4.6619831e+03   2.9166347e+03   8.4088733e+03   7.3739818e+04   1.3281898e+04   5.1145394e+03   3.4373314e+03
   1.1339429e+03   1.3048509e+03   4.1841889e+03   1.4585893e+03   1.4099780e+03   1.8831473e+03   7.0048006e+02   2.1328264e+03   1.8460995e+02   1.7267069e+03   1.5444843e+03   5.3331496e+02   7.6143667e+02   2.3844037e+02   1.4343173e+03   2.0092884e+03   2.4622978e+02   2.0581617e+03   9.1776746e+02   5.1897094e+02   1.0061499e+03   6.7637715e+02   9.5101477e+02   1.6936924e+03   3.5001926e+02   1.5882437e+03   8.0902370e+02   5.1447753e+02   5.0804990e+03   1.2149786e+03
   8.3872511e+01   5.0386546e+01   1.0406927e+02   8.0785956e+01   6.2686371e+01   2.9827968e+01   8.1241366e+01   1.0879610e+02   8.9070687e+00   4.3042423e+01   2.0247313e+01   9.0493772e+00   3.2667737e+01   9.9919725e+00   1.2267487e+02   1.8096011e+01   3.3228425e+01   1.6906948e+01   1.1552382e+02   2.6355556e+00   9.2506632e+01   1.2762328e+01   2.8957033e+01   3.8008043e+01   3.4035283e+01   2.8750812e+01   5.2448132e+01   1.1905813e+02   1.1540891e+02   6.4496252e+01
   5.1505082e-01   1.6104012e-01   1.0888855e-01   3.6192473e-01   1.8975852e-01   3.6820283e-01   5.3276381e-01   7.7865973e-02   1.8873860e-02   9.2057580e-02   9.0696342e-02   7.7184703e-01   1.2956296e-01   4.6284604e-01   2.6506548e-01   4.9905647e-02   1.9013993e-01   8.2488589e-01   2.9706244e-01   3.2592150e-01   5.4874903e-01   2.8492569e-01   2.0693219e-01   1.0165268e-01   9.4181439e-02   9.6322580e-01   7.9371936e-01   1.3062914e-01   3.3260327e-01   1.8552544e-01
   4.7120651e-05   3.6995501e-06   9.1986806e-05   3.3780306e-05   6.3097006e-06   8.5053156e-05   2.8537784e-04   3.4111068e-05   3.1300885e-07   7.1071244e-05   1.2425222e-05   1.9799143e-05   5.5869630e-05   1.8953577e-04   1.7105250e-04   1.1991393e-04   4.8320826e-05   4.1115186e-05   1.3498499e-04   1.1486617e-04   9.8532532e-05   9.1084341e-05   1.4515788e-04   3.0474673e-04   1.6813611e-05   1.3457863e-04   8.2686902e-05   3.8346636e-04   2.0307682e-04   1.5751231e-04
   0.0000000e+00   0.0000000e+00   0.0000000e+00   0.0000000e+00   0.0000000e+00   0.0000000e+00   0.0000000e+00   0.0000000e+00   0.0000000e+00   0.0000000e+00   0.0000000e+00   0.0000000e+00   0.0000000e+00   1.6093043e-08   0.0000000e+00   0.0000000e+00   0.0000000e+00   0.0000000e+00   0.0000000e+00   0.0000000e+00   0.0000000e+00   0.0000000e+00   0.0000000e+00   0.0000000e+00   0.0000000e+00   0.0000000e+00   0.0000000e+00   0.0000000e+00   0.0000000e+00   0.0000000e+00
   0.0000000e+00   0.0000000e+00   0.0000000e+00   0.0000000e+00   0.0000000e+00   0.0000000e+00   0.0000000e+00   0.0000000e+00   0.0000000e+00   0.0000000e+00   0.0000000e+00   0.0000000e+00   0.0000000e+00   0.0000000e+00   0.0000000e+00   0.0000000e+00   0.0000000e+00   0.0000000e+00   0.0000000e+00   0.0000000e+00   0.0000000e+00   0.0000000e+00   0.0000000e+00   0.0000000e+00   0.0000000e+00   0.0000000e+00   0.0000000e+00   0.0000000e+00   0.0000000e+00   0.0000000e+00
   0.0000000e+00   0.0000000e+00   0.0000000e+00   0.0000000e+00   0.0000000e+00   0.0000000e+00   0.0000000e+00   0.0000000e+00   0.0000000e+00   0.0000000e+00   0.0000000e+00   0.0000000e+00   0.0000000e+00   0.0000000e+00   0.0000000e+00   0.0000000e+00   0.0000000e+00   0.0000000e+00   0.0000000e+00   0.0000000e+00   0.0000000e+00   0.0000000e+00   0.0000000e+00   0.0000000e+00   0.0000000e+00   0.0000000e+00   0.0000000e+00   0.0000000e+00   0.0000000e+00   0.0000000e+00
   0.0000000e+00   0.0000000e+00   0.0000000e+00   0.0000000e+00   0.0000000e+00   0.0000000e+00   0.0000000e+00   0.0000000e+00   0.0000000e+00   0.0000000e+00   0.0000000e+00   0.0000000e+00   0.0000000e+00   0.0000000e+00   0.0000000e+00   0.0000000e+00   0.0000000e+00   0.0000000e+00   0.0000000e+00   0.0000000e+00   0.0000000e+00   0.0000000e+00   0.0000000e+00   0.0000000e+00   0.0000000e+00   0.0000000e+00   0.0000000e+00   0.0000000e+00   0.0000000e+00   0.0000000e+00
   0.0000000e+00   0.0000000e+00   0.0000000e+00   0.0000000e+00   0.0000000e+00   0.0000000e+00   0.0000000e+00   0.0000000e+00   0.0000000e+00   0.0000000e+00   0.0000000e+00   0.0000000e+00   0.0000000e+00   0.0000000e+00   0.0000000e+00   0.0000000e+00   0.0000000e+00   0.0000000e+00   0.0000000e+00   0.0000000e+00   0.0000000e+00   0.0000000e+00   0.0000000e+00   0.0000000e+00   0.0000000e+00   0.0000000e+00   0.0000000e+00   0.0000000e+00   0.0000000e+00   0.0000000e+00
   0.0000000e+00   0.0000000e+00   0.0000000e+00   0.0000000e+00   0.0000000e+00   0.0000000e+00   0.0000000e+00   0.0000000e+00   0.0000000e+00   0.0000000e+00   0.0000000e+00   0.0000000e+00   0.0000000e+00   0.0000000e+00   0.0000000e+00   0.0000000e+00   0.0000000e+00   0.0000000e+00   0.0000000e+00   0.0000000e+00   0.0000000e+00   0.0000000e+00   0.0000000e+00   0.0000000e+00   0.0000000e+00   0.0000000e+00   0.0000000e+00   0.0000000e+00   0.0000000e+00   0.0000000e+00
