   2.0578742e+03   1.6993807e+03   2.2187960e+03   1.1693145e+03   2.0114739e+03   1.1594781e+03   1.8235890e+03   1.8164993e+03   1.5586989e+03   1.8101982e+03   1.6849352e+03   2.2132171e+03   1.8176830e+03   1.4908837e+03   1.6598437e+03   1.5520292e+03   1.7445140e+03   1.0993623e+03   1.6289594e+03   1.4563012e+03   1.6422159e+03   2.1272272e+03   1.1269397e+03   1.5665282e+03   1.3247666e+03   1.3471794e+03   1.6008340e+03   1.7990571e+03   1.7076222e+03   1.6863924e+03
   1.6843339e+03   1.2876361e+03   1.3346467e+03   1.1693145e+03   2.0114739e+03   1.1594781e+03   1.3913336e+03   1.3733415e+03   1.5586989e+03   1.5452964e+03   1.0281353e+03   1.3493719e+03   1.4643685e+03   1.0739294e+03   1.4422102e+03   1.4597209e+03   1.7332163e+03   1.0993623e+03   1.6197694e+03   1.3878875e+03   1.4759011e+03   1.4886369e+03   1.1269397e+03   1.5665282e+03   1.3247666e+03   1.3330237e+03   1.6008340e+03   1.4535147e+03   1.0403643e+03   1.4208524e+03
   1.6531746e+03   9.6146380e+02   1.2655769e+03   1.1325500e+03   1.4445612e+03   1.0703265e+03   1.3029770e+03   1.3733415e+03   1.3435448e+03   1.5156649e+03   1.0281353e+03   1.1264497e+03   1.2202524e+03   1.0739294e+03   1.2204459e+03   1.1249855e+03   1.1307705e+03   1.0993623e+03   1.3608571e+03   1.1494531e+03   1.3316245e+03   1.4886369e+03   1.1269397e+03   1.5665282e+03   1.1366345e+03   1.2781671e+03   1.3257522e+03   1.2013143e+03   9.6737969e+02   1.4208524e+03
   9.4177426e+02   9.6146380e+02   1.1520458e+03   7.9973863e+02   1.4445612e+03   1.0703265e+03   1.1069692e+03   1.3733415e+03   1.3435448e+03   1.4175342e+03   9.5892705e+02   1.0981652e+03   1.0954262e+03   1.0739294e+03   1.1788695e+03   1.0764353e+03   1.1307705e+03   1.0308249e+03   1.2389876e+03   1.1494531e+03   9.7537153e+02   1.4886369e+03   1.1246307e+03   1.3619359e+03   1.0232722e+03   1.2781671e+03   1.0537528e+03   1.2013143e+03   9.6737969e+02   1.1404206e+03
   9.3583122e+02   9.4713619e+02   1.0030853e+03   7.4768223e+02   1.1710507e+03   9.7974478e+02   9.4895173e+02   1.1144022e+03   8.0875116e+02   1.0969362e+03   9.3270441e+02   8.0978128e+02   9.4505186e+02   8.3645352e+02   8.4719901e+02   9.4772280e+02   8.7984412e+02   8.7585036e+02   9.9716708e+02   1.0176507e+03   6.0164390e+02   1.0537724e+03   8.2359684e+02   8.0089941e+02   9.2919041e+02   9.9941446e+02   8.3182934e+02   9.0437032e+02   8.5606109e+02   8.3235489e+02
   8.5966411e+02   6.0889253e+02   8.5512535e+02   6.3962044e+02   8.4595284e+02   8.8746553e+02   8.6765712e+02   8.9367209e+02   7.3988803e+02   8.1327981e+02   8.4734898e+02   7.1719777e+02   7.8977121e+02   8.3645352e+02   8.4509768e+02   7.3555990e+02   7.6658220e+02   7.4945727e+02   6.8777484e+02   8.3179086e+02   5.0143836e+02   8.5733858e+02   8.2113440e+02   8.0089941e+02   7.4833197e+02   9.9647004e+02   8.0393246e+02   7.9873384e+02   7.7094312e+02   7.5966681e+02
   7.4691155e+02   5.7962847e+02   7.8453110e+02   6.3015993e+02   8.2693368e+02   7.3949602e+02   6.8490790e+02   6.7261799e+02   6.3839214e+02   7.3175842e+02   7.3445059e+02   6.6961862e+02   6.8943090e+02   7.7491946e+02   7.3901687e+02   7.3310223e+02   7.1662056e+02   6.6935394e+02   6.8777484e+02   7.3771951e+02   5.0143836e+02   8.1338537e+02   7.0788731e+02   7.2440063e+02   7.0061815e+02   8.1310351e+02   7.2176636e+02   7.9490759e+02   7.1708604e+02   6.9777790e+02
   5.6087925e+02   5.7962847e+02   6.4383898e+02   6.1617961e+02   6.1139491e+02   6.3255521e+02   5.8113508e+02   6.1554747e+02   6.3152865e+02   6.4370369e+02   5.4171347e+02   6.1043176e+02   6.1663786e+02   6.4094010e+02   5.7068423e+02   6.1218873e+02   5.3116398e+02   6.3272519e+02   6.0432902e+02   6.0750118e+02   4.7966528e+02   6.3401224e+02   5.9140498e+02   6.3825973e+02   6.2161486e+02   6.4817719e+02   6.6930868e+02   6.4167962e+02   6.5324241e+02   6.4767319e+02
   5.0477647e+02   5.0372459e+02   5.5823620e+02   5.3331583e+02   5.1238819e+02   4.7609858e+02   4.9265742e+02   4.6011071e+02   5.1492438e+02   5.7965544e+02   5.3728806e+02   5.3083183e+02   5.4022817e+02   5.4717283e+02   5.1979681e+02   5.1198358e+02   4.8376876e+02   5.3952910e+02   5.3982645e+02   5.2002875e+02   4.7843384e+02   5.2579236e+02   4.9547274e+02   5.2338076e+02   5.3632344e+02   5.0272511e+02   5.3006834e+02   5.4854663e+02   4.9881197e+02   5.1992408e+02
   4.4266269e+02   4.6978080e+02   4.5741527e+02   4.3053445e+02   4.3464613e+02   4.5841847e+02   4.4013687e+02   4.5719010e+02   4.4912263e+02   4.6524800e+02   4.5096036e+02   4.4340502e+02   4.5950109e+02   4.4718576e+02   4.6836756e+02   4.5541128e+02   4.4016211e+02   4.5484432e+02   4.5661726e+02   4.3350388e+02   4.4425318e+02   4.6784668e+02   4.6025390e+02   4.3127018e+02   4.5828777e+02   4.7456713e+02   4.6386899e+02   4.5367923e+02   4.5763050e+02   4.5353945e+02
   4.1218161e+02   4.1182119e+02   4.1921656e+02   4.1406510e+02   4.1253023e+02   4.0894483e+02   4.1731193e+02   4.1172679e+02   4.1222364e+02   4.1810593e+02   4.1907630e+02   4.1236080e+02   4.1185986e+02   4.1297860e+02   4.1188980e+02   4.1619686e+02   4.1508950e+02   4.1134138e+02   4.1914864e+02   4.1438852e+02   4.1149982e+02   4.1442829e+02   4.2002262e+02   4.0913992e+02   4.1542673e+02   4.1412077e+02   4.1212182e+02   4.1570838e+02   4.1378092e+02   4.1554303e+02
   4.0146077e+02   4.0156756e+02   4.0235043e+02   4.0144494e+02   4.0114853e+02   4.0140463e+02   4.0137925e+02   4.0176267e+02   4.0165421e+02   4.0187848e+02   4.0168689e+02   4.0141664e+02   4.0167853e+02   4.0168972e+02   4.0115044e+02   4.0121566e+02   4.0188813e+02   4.0177548e+02   4.0198543e+02   4.0171415e+02   4.0128706e+02   4.0146172e+02   4.0193942e+02   4.0103542e+02   4.0165423e+02   4.0178068e+02   4.0143666e+02   4.0177816e+02   4.0182572e+02   4.0117661e+02
   4.0003895e+02   4.0004969e+02   4.0007019e+02   4.0005042e+02   4.0004416e+02   4.0005309e+02   4.0006359e+02   4.0006386e+02   4.0003431e+02   4.0005351e+02   4.0003133e+02   4.0005025e+02   4.0003524e+02   4.0005086e+02   4.0005839e+02   4.0003590e+02   4.0005110e+02   4.0006463e+02   4.0006617e+02   4.0006163e+02   4.0002924e+02   4.0003963e+02   4.0005491e+02   4.0003492e+02   4.0004914e+02   4.0006300e+02   4.0006031e+02   4.0005048e+02   4.0005591e+02   4.0004917e+02
   4.0000017e+02   4.0000017e+02   4.0000048e+02   4.0000021e+02   4.0000019e+02   4.0000024e+02   4.0000020e+02   4.0000039e+02   4.0000011e+02   4.0000015e+02   4.0000010e+02   4.0000023e+02   4.0000017e+02   4.0000021e+02   4.0000025e+02   4.0000017e+02   4.0000029e+02   4.0000026e+02   4.0000029e+02   4.0000026e+02   4.0000012e+02   4.0000013e+02   4.0000014e+02   4.0000012e+02   4.0000030e+02   4.0000025e+02   4.0000022e+02   4.0000034e+02   4.0000030e+02   4.0000021e+02
   4.0000000e+02   4.0000000e+02   4.0000000e+02   4.0000000e+02   4.0000000e+02   4.0000000e+02   4.0000000e+02   4.0000000e+02   4.0000000e+02   4.0000000e+02   4.0000000e+02   4.0000000e+02   4.0000000e+02   4.0000000e+02   4.0000000e+02   4.0000000e+02   4.0000000e+02   4.0000000e+02   4.0000000e+02   4.0000000e+02   4.0000000e+02   4.0000000e+02   4.0000000e+02   4.0000000e+02   4.0000000e+02   4.0000000e+02   4.0000000e+02   4.0000000e+02   4.0000000e+02   4.0000000e+02
   4.0000000e+02   4.0000000e+02   4.0000000e+02   4.0000000e+02   4.0000000e+02   4.0000000e+02   4.0000000e+02   4.0000000e+02   4.0000000e+02   4.0000000e+02   4.0000000e+02   4.0000000e+02   4.0000000e+02   4.0000000e+02   4.0000000e+02   4.0000000e+02   4.0000000e+02   4.0000000e+02   4.0000000e+02   4.0000000e+02   4.0000000e+02   4.0000000e+02   4.0000000e+02   4.0000000e+02   4.0000000e+02   4.0000000e+02   4.0000000e+02   4.0000000e+02   4.0000000e+02   4.0000000e+02
