   3.3460181e+10   2.9017653e+10   2.6678509e+10   3.5516317e+10   3.5209831e+10   3.2934797e+10   3.0589645e+10   2.9595002e+10   2.9528332e+10   3.7934711e+10   2.5785921e+10   3.2770442e+10   3.5577522e+10   3.2934797e+10   2.9253782e+10   2.7183881e+10   3.0773627e+10   2.7359178e+10   3.1794624e+10   3.9690105e+10   4.2395340e+10   3.6939029e+10   3.2485432e+10   3.9273487e+10   3.5496796e+10   2.9025178e+10   3.9227411e+10   2.8705160e+10   3.7159017e+10   3.9358508e+10
   2.9453688e+10   2.8932673e+10   2.4345188e+10   2.6340469e+10   3.5209831e+10   3.1112251e+10   2.8005054e+10   2.7362215e+10   2.7885513e+10   3.0554423e+10   2.5785921e+10   3.1989472e+10   3.4466653e+10   3.1112251e+10   2.4498912e+10   2.7183881e+10   2.9638427e+10   2.7359178e+10   3.1794624e+10   3.9690105e+10   2.5556123e+10   3.6710873e+10   2.9215855e+10   3.3677570e+10   3.1589047e+10   2.9025178e+10   3.1381853e+10   2.8679560e+10   3.4547568e+10   2.9210092e+10
   2.9453688e+10   2.8932673e+10   2.4345188e+10   2.3618035e+10   2.8252154e+10   3.0091960e+10   2.5002366e+10   2.4092966e+10   2.6562306e+10   2.9216896e+10   2.2343874e+10   2.2247335e+10   2.9152772e+10   3.0091960e+10   2.1714585e+10   2.7183881e+10   2.6458302e+10   2.5481352e+10   2.9807420e+10   3.2121743e+10   2.4577894e+10   2.7542280e+10   2.3907411e+10   3.0714454e+10   2.7602291e+10   2.9025178e+10   3.0255886e+10   2.6781813e+10   2.8235786e+10   2.9210092e+10
   1.6038187e+10   2.4871249e+10   2.2686575e+10   2.0076111e+10   2.2564596e+10   2.1757434e+10   2.2540638e+10   2.4092966e+10   1.5823788e+10   2.9216896e+10   2.2343874e+10   2.2247335e+10   1.8867017e+10   2.1757434e+10   2.1714585e+10   2.0194911e+10   2.3709882e+10   2.4850681e+10   2.6210450e+10   2.9820092e+10   2.3966471e+10   2.7542280e+10   2.3907411e+10   2.5952809e+10   2.4585572e+10   2.8068860e+10   2.9577710e+10   2.0183998e+10   2.8235786e+10   2.7530382e+10
   1.6038187e+10   1.9502524e+10   2.0939631e+10   2.0076111e+10   2.2564596e+10   2.1757434e+10   2.2374508e+10   2.0224647e+10   1.5823788e+10   1.9073878e+10   2.2343874e+10   2.1420058e+10   1.8867017e+10   2.1757434e+10   1.5348448e+10   2.0194911e+10   2.3709882e+10   2.3747894e+10   2.5345720e+10   2.5107769e+10   2.0941564e+10   2.6365382e+10   2.3907411e+10   2.4476090e+10   2.0563792e+10   2.0175199e+10   1.8501941e+10   2.0183998e+10   2.7660769e+10   2.4348932e+10
   1.6038187e+10   1.7609854e+10   2.0939631e+10   1.9464295e+10   2.2564596e+10   2.1757434e+10   2.0084169e+10   2.0224647e+10   1.5823788e+10   1.9073878e+10   2.0713659e+10   1.7535907e+10   1.8867017e+10   2.1757434e+10   1.5348448e+10   1.9728552e+10   1.9975989e+10   1.9373745e+10   2.0495365e+10   2.4181374e+10   1.9847245e+10   2.0832129e+10   2.1727085e+10   2.3451373e+10   2.0563792e+10   2.0175199e+10   1.8501941e+10   2.0183998e+10   1.9613515e+10   2.4348932e+10
   1.6038187e+10   1.7609854e+10   2.0939631e+10   1.7627355e+10   2.0951935e+10   2.1757434e+10   2.0084169e+10   2.0224647e+10   1.5823788e+10   1.5308797e+10   2.0713659e+10   1.3146383e+10   1.8215214e+10   2.1757434e+10   1.4364318e+10   1.9728552e+10   1.8639043e+10   1.9373745e+10   2.0495365e+10   2.1554328e+10   1.9847245e+10   1.8783340e+10   2.1727085e+10   2.2986626e+10   1.8586118e+10   2.0175199e+10   1.7957996e+10   2.0183998e+10   1.9613515e+10   2.0705975e+10
   1.3945739e+10   1.5003011e+10   1.4166030e+10   1.5671348e+10   1.4074550e+10   1.5858475e+10   1.7354696e+10   1.6863986e+10   1.4611621e+10   1.4577012e+10   1.7123335e+10   1.2135373e+10   1.7835140e+10   1.5858475e+10   1.3081536e+10   1.5850668e+10   1.7498160e+10   1.5900820e+10   1.8715146e+10   1.3632389e+10   1.7559238e+10   1.5211111e+10   1.8360752e+10   1.8202665e+10   1.6126069e+10   1.5929544e+10   1.6716657e+10   1.3307333e+10   1.3747344e+10   1.7577200e+10
   1.1252248e+10   1.2885617e+10   9.5711449e+09   1.1092330e+10   1.2321596e+10   1.0565898e+10   1.1310440e+10   1.0422473e+10   5.4008088e+09   1.0097390e+10   9.0066832e+09   1.1436170e+10   1.0686036e+10   1.0565898e+10   9.7179429e+09   1.0146843e+10   1.3368434e+10   8.4846342e+09   1.1933592e+10   1.2046496e+10   1.4135796e+10   9.2612908e+09   1.2518973e+10   9.5860589e+09   1.0011176e+10   9.3042551e+09   1.1647563e+10   9.2907997e+09   1.0604594e+10   9.1102330e+09
   3.7132446e+09   2.3354911e+09   3.1264556e+09   3.4885563e+09   4.0775116e+09   3.9986034e+09   4.4581921e+09   3.1580410e+09   3.1130766e+09   4.2455600e+09   3.7936320e+09   2.2449246e+09   3.8294361e+09   3.9986034e+09   5.3196386e+09   4.6097590e+09   5.4467419e+09   2.9750659e+09   4.2948770e+09   3.3861368e+09   5.6065785e+09   4.2104770e+09   4.3695190e+09   4.8840195e+09   4.1565409e+09   4.5437427e+09   5.1417384e+09   3.3504610e+09   4.1655605e+09   4.6423226e+09
   5.5672717e+08   5.8930053e+08   6.0787258e+08   7.9294939e+08   7.2651659e+08   6.0053447e+08   6.3152604e+08   7.6626045e+08   7.4025570e+08   6.3383905e+08   7.0375170e+08   5.3877611e+08   5.5114670e+08   6.0053447e+08   7.1509271e+08   4.8680612e+08   7.4539043e+08   7.1229041e+08   3.6396112e+08   4.3653752e+08   4.4852366e+08   7.4387063e+08   5.5723025e+08   4.7199216e+08   5.9942256e+08   5.5234499e+08   6.5762739e+08   4.2543567e+08   7.6340057e+08   4.5961906e+08
   3.6357053e+07   3.2990973e+07   2.9310595e+07   3.1884226e+07   3.8692466e+07   3.6447597e+07   4.5645832e+07   3.5890411e+07   3.9444462e+07   2.6172079e+07   2.3232143e+07   3.4943035e+07   2.3898208e+07   3.6447597e+07   2.6546149e+07   3.9577032e+07   4.1874964e+07   3.7739606e+07   3.6975966e+07   3.2115862e+07   3.5781057e+07   2.4205118e+07   3.2130414e+07   4.3707410e+07   2.9449273e+07   2.5813563e+07   2.2833906e+07   3.6699983e+07   2.6290335e+07   4.1983922e+07
   1.7933555e+05   1.4257907e+05   1.4152812e+05   1.7162126e+05   1.8819441e+05   1.0608309e+05   1.7009156e+05   1.3141941e+05   1.5213317e+05   1.8298289e+05   1.4366869e+05   1.7829855e+05   1.8759149e+05   1.0608309e+05   1.9631591e+05   1.4398694e+05   1.8732275e+05   1.2791397e+05   2.3691797e+05   1.4127578e+05   1.9923676e+05   1.5771971e+05   1.5063305e+05   1.3582384e+05   1.8407948e+05   1.9221044e+05   1.4925787e+05   1.4908474e+05   1.4302732e+05   2.0002701e+05
   8.1240195e+00   5.7352112e+00   5.3842753e+00   6.2358116e+00   6.4911986e+00   4.8114557e+00   5.3273964e+00   5.3155518e+00   4.2485304e+00   4.5615187e+00   5.0222788e+00   4.9911594e+00   4.4713343e+00   4.8114557e+00   7.3986056e+00   4.5321041e+00   8.5756279e+00   4.7769849e+00   3.5800217e+00   6.4132855e+00   7.1235065e+00   3.7452426e+00   6.3943010e+00   5.8291629e+00   3.7994266e+00   5.3693309e+00   4.8865112e+00   3.0012969e+00   4.6359881e+00   5.4211091e+00
   0.0000000e+00   0.0000000e+00   0.0000000e+00   0.0000000e+00   0.0000000e+00   0.0000000e+00   0.0000000e+00   0.0000000e+00   0.0000000e+00   0.0000000e+00   0.0000000e+00   0.0000000e+00   0.0000000e+00   0.0000000e+00   0.0000000e+00   0.0000000e+00   0.0000000e+00   0.0000000e+00   0.0000000e+00   0.0000000e+00   0.0000000e+00   0.0000000e+00   0.0000000e+00   0.0000000e+00   0.0000000e+00   0.0000000e+00   0.0000000e+00   0.0000000e+00   0.0000000e+00   0.0000000e+00
   0.0000000e+00   0.0000000e+00   0.0000000e+00   0.0000000e+00   0.0000000e+00   0.0000000e+00   0.0000000e+00   0.0000000e+00   0.0000000e+00   0.0000000e+00   0.0000000e+00   0.0000000e+00   0.0000000e+00   0.0000000e+00   0.0000000e+00   0.0000000e+00   0.0000000e+00   0.0000000e+00   0.0000000e+00   0.0000000e+00   0.0000000e+00   0.0000000e+00   0.0000000e+00   0.0000000e+00   0.0000000e+00   0.0000000e+00   0.0000000e+00   0.0000000e+00   0.0000000e+00   0.0000000e+00
