   1.0377144e+03   1.2018359e+03   1.0304228e+03   1.0285637e+03   1.2802882e+03   1.0849494e+03   1.3304634e+03   1.2908771e+03   1.0904238e+03   1.3033259e+03   1.0423900e+03   9.1665475e+02   7.7009770e+02   1.2261531e+03   1.2508883e+03   1.1262792e+03   1.0726977e+03   1.2407344e+03   1.0724910e+03   7.7221642e+02   1.1550314e+03   1.2767817e+03   9.6880339e+02   1.0841917e+03   9.8595749e+02   1.0508409e+03   1.1940344e+03   1.0008822e+03   1.0631297e+03   1.1404207e+03
   1.0377144e+03   1.0205134e+03   5.4896364e+02   6.3903481e+02   1.0169212e+03   6.6695090e+02   7.4110861e+02   6.0206637e+02   7.3774730e+02   8.6714655e+02   8.8659150e+02   7.2161198e+02   7.7009770e+02   1.0308755e+03   7.9418575e+02   8.3926725e+02   8.5002200e+02   6.7558310e+02   8.8881686e+02   7.2559114e+02   4.9562068e+02   6.1202641e+02   9.2196530e+02   7.0032741e+02   7.6865574e+02   7.7772247e+02   1.0531054e+03   8.1700935e+02   7.5788337e+02   7.8260374e+02
   8.7758916e+02   7.3638687e+02   5.4896364e+02   6.3750530e+02   6.8654824e+02   6.6563101e+02   5.1626866e+02   6.0206637e+02   4.5897783e+02   5.1917805e+02   5.2610644e+02   5.4405631e+02   6.2675137e+02   7.2232396e+02   5.9896753e+02   6.6875659e+02   3.4250872e+02   3.5888778e+02   3.3718038e+02   5.5972804e+02   4.2984492e+02   4.5875597e+02   7.5287174e+02   6.2330098e+02   6.4347820e+02   7.7772247e+02   6.8366816e+02   6.7283744e+02   5.5818847e+02   7.8260374e+02
   5.5183513e+02   3.5875680e+02   2.5205414e+02   4.3084429e+02   5.4220763e+02   3.6203290e+02   5.1626866e+02   4.6299323e+02   3.3057885e+02   4.6790091e+02   4.7184153e+02   2.8897644e+02   3.3766311e+02   3.0503146e+02   3.0914552e+02   4.5850299e+02   3.4250872e+02   2.2771544e+02   3.3718038e+02   4.8594671e+02   3.2586961e+02   4.0925485e+02   4.9261642e+02   4.1078021e+02   5.1417027e+02   5.9415163e+02   4.2898900e+02   4.6060100e+02   4.2311713e+02   4.7549363e+02
   3.3148235e+02   3.5875680e+02   2.5205414e+02   2.6311988e+02   3.5583857e+02   3.5739776e+02   3.1374807e+02   2.5115745e+02   3.1570213e+02   2.0066325e+02   3.4536707e+02   2.8287198e+02   3.2172002e+02   2.4307900e+02   3.0914552e+02   3.8948945e+02   3.4250872e+02   2.2771544e+02   3.3718038e+02   3.2596282e+02   2.9697127e+02   3.0088624e+02   4.4076508e+02   3.2309162e+02   3.8501615e+02   2.6008034e+02   2.4881055e+02   2.7568376e+02   3.4360745e+02   2.3928884e+02
   3.3148235e+02   2.9253061e+02   2.1337301e+02   2.6311988e+02   2.7367940e+02   3.3585403e+02   2.0130126e+02   2.5115745e+02   2.4246650e+02   2.0066325e+02   2.6634713e+02   2.7499332e+02   2.8618013e+02   2.4307900e+02   2.8240001e+02   2.5540464e+02   3.4250872e+02   2.2771544e+02   2.5929528e+02   1.5401168e+02   2.8943046e+02   3.0088624e+02   2.6833757e+02   2.2428138e+02   2.9767217e+02   2.6008034e+02   2.4881055e+02   2.7568376e+02   3.2411005e+02   2.3928884e+02
   1.9207157e+02   2.2849380e+02   2.1337301e+02   2.3461293e+02   2.5241133e+02   2.3755632e+02   2.0130126e+02   2.5115745e+02   2.3850433e+02   2.0066325e+02   2.6634713e+02   2.5793098e+02   2.3546321e+02   2.4307900e+02   2.5468226e+02   2.0363341e+02   2.3471934e+02   2.0971563e+02   2.5448049e+02   1.5325036e+02   2.7146283e+02   2.4815652e+02   2.6329961e+02   2.0172554e+02   2.1497109e+02   2.1412677e+02   2.0764854e+02   2.7568376e+02   2.2142848e+02   2.3928884e+02
   1.8083952e+02   1.5135877e+02   1.0418704e+02   1.7022738e+02   1.3478179e+02   1.6109279e+02   1.4522215e+02   1.5054804e+02   1.3653386e+02   1.6831994e+02   1.6236011e+02   1.7584102e+02   1.3565251e+02   1.9488082e+02   1.4784831e+02   1.4723442e+02   1.7384583e+02   1.1744480e+02   1.4548670e+02   1.5325036e+02   1.3476077e+02   1.4065540e+02   1.8039731e+02   1.7599427e+02   1.3780280e+02   1.5740734e+02   1.5062309e+02   1.5997057e+02   1.5410472e+02   1.1136463e+02
   7.8099242e+01   6.0163640e+01   7.0119762e+01   5.9122785e+01   6.4373279e+01   4.9734341e+01   9.3604415e+01   9.1473509e+01   9.2231786e+01   8.0519425e+01   3.7102448e+01   6.0827291e+01   7.6598898e+01   5.2661449e+01   6.1309193e+01   8.9674343e+01   8.2201316e+01   7.9993414e+01   8.4357728e+01   6.7327251e+01   4.9881817e+01   6.1339887e+01   9.9498221e+01   7.7414810e+01   4.4068757e+01   9.1386359e+01   8.6748603e+01   7.3670599e+01   7.1646773e+01   7.7856238e+01
   1.6911510e+01   4.8231906e+00   3.8580523e+00   4.0972713e+00   1.1300293e+01   8.0581435e+00   5.8054713e+00   6.1691746e+00   9.6304638e+00   4.2895108e+00   4.9028459e+00   6.3764222e+00   5.6932851e+00   1.0824875e+01   7.7200224e+00   1.0136854e+01   7.6654310e+00   4.1195237e+00   5.5217685e+00   9.7781213e+00   5.3147572e+00   5.5261207e+00   5.3257377e+00   4.6667012e+00   6.9136634e+00   6.1372529e+00   8.0849246e+00   1.2519948e+01   3.7010988e+00   4.5580154e+00
   4.5411708e-03   7.3710923e-03   5.8583915e-03   3.8485611e-03   9.0991305e-03   2.5030958e-03   2.9530821e-03   9.3641861e-03   7.4591100e-03   4.5973876e-03   1.6228788e-03   3.6971185e-03   4.1618506e-03   1.0377198e-02   8.0654184e-03   2.3172408e-03   4.5585114e-03   5.3917295e-03   5.6741757e-03   6.5666999e-03   1.6593494e-03   9.8942687e-03   1.0128149e-02   4.0427232e-03   3.0588258e-03   6.1435947e-03   1.9955973e-03   1.2072744e-02   3.2592240e-03   5.9747198e-03
   2.0772226e-08   0.0000000e+00   1.0418717e-08   0.0000000e+00   1.9910408e-08   0.0000000e+00   0.0000000e+00   0.0000000e+00   1.0280724e-08   0.0000000e+00   1.7550732e-08   0.0000000e+00   0.0000000e+00   2.0943917e-08   0.0000000e+00   0.0000000e+00   0.0000000e+00   0.0000000e+00   0.0000000e+00   1.4326364e-08   0.0000000e+00   0.0000000e+00   0.0000000e+00   0.0000000e+00   0.0000000e+00   0.0000000e+00   0.0000000e+00   1.0956307e-08   0.0000000e+00   0.0000000e+00
   0.0000000e+00   0.0000000e+00   0.0000000e+00   0.0000000e+00   0.0000000e+00   0.0000000e+00   0.0000000e+00   0.0000000e+00   0.0000000e+00   0.0000000e+00   0.0000000e+00   0.0000000e+00   0.0000000e+00   0.0000000e+00   0.0000000e+00   0.0000000e+00   0.0000000e+00   0.0000000e+00   0.0000000e+00   0.0000000e+00   0.0000000e+00   0.0000000e+00   0.0000000e+00   0.0000000e+00   0.0000000e+00   0.0000000e+00   0.0000000e+00   0.0000000e+00   0.0000000e+00   0.0000000e+00
   0.0000000e+00   0.0000000e+00   0.0000000e+00   0.0000000e+00   0.0000000e+00   0.0000000e+00   0.0000000e+00   0.0000000e+00   0.0000000e+00   0.0000000e+00   0.0000000e+00   0.0000000e+00   0.0000000e+00   0.0000000e+00   0.0000000e+00   0.0000000e+00   0.0000000e+00   0.0000000e+00   0.0000000e+00   0.0000000e+00   0.0000000e+00   0.0000000e+00   0.0000000e+00   0.0000000e+00   0.0000000e+00   0.0000000e+00   0.0000000e+00   0.0000000e+00   0.0000000e+00   0.0000000e+00
   0.0000000e+00   0.0000000e+00   0.0000000e+00   0.0000000e+00   0.0000000e+00   0.0000000e+00   0.0000000e+00   0.0000000e+00   0.0000000e+00   0.0000000e+00   0.0000000e+00   0.0000000e+00   0.0000000e+00   0.0000000e+00   0.0000000e+00   0.0000000e+00   0.0000000e+00   0.0000000e+00   0.0000000e+00   0.0000000e+00   0.0000000e+00   0.0000000e+00   0.0000000e+00   0.0000000e+00   0.0000000e+00   0.0000000e+00   0.0000000e+00   0.0000000e+00   0.0000000e+00   0.0000000e+00
   0.0000000e+00   0.0000000e+00   0.0000000e+00   0.0000000e+00   0.0000000e+00   0.0000000e+00   0.0000000e+00   0.0000000e+00   0.0000000e+00   0.0000000e+00   0.0000000e+00   0.0000000e+00   0.0000000e+00   0.0000000e+00   0.0000000e+00   0.0000000e+00   0.0000000e+00   0.0000000e+00   0.0000000e+00   0.0000000e+00   0.0000000e+00   0.0000000e+00   0.0000000e+00   0.0000000e+00   0.0000000e+00   0.0000000e+00   0.0000000e+00   0.0000000e+00   0.0000000e+00   0.0000000e+00
