   2.0130242e+03   2.3479517e+03   2.2003427e+03   2.2036031e+03   2.2928655e+03   2.3409553e+03   2.1113780e+03   1.6037961e+03   1.3413304e+03   2.3496132e+03   1.8772233e+03   2.2398045e+03   2.2304296e+03   2.3409553e+03   2.0697159e+03   1.8495010e+03   2.3260449e+03   2.4728835e+03   1.9690250e+03   2.3608479e+03   1.9648335e+03   2.0606183e+03   2.6963596e+03   2.3968308e+03   2.2806090e+03   2.2352295e+03   2.0473183e+03   2.2592734e+03   2.2602272e+03   1.8341818e+03
   2.0130242e+03   2.3479517e+03   2.2003427e+03   2.0009394e+03   1.9784657e+03   2.1858312e+03   2.1113780e+03   1.6037961e+03   1.3413304e+03   2.0175617e+03   1.8772233e+03   1.6626084e+03   1.9280484e+03   2.1858312e+03   2.0697159e+03   1.8495010e+03   2.3260449e+03   2.4134499e+03   1.9690250e+03   2.3608479e+03   1.9360245e+03   2.0606183e+03   2.2774969e+03   2.3968308e+03   2.1760232e+03   2.1616511e+03   2.0473183e+03   2.0030703e+03   2.0879107e+03   1.7191463e+03
   2.0110061e+03   2.3215526e+03   2.0854024e+03   2.0009394e+03   1.9784657e+03   2.0417680e+03   2.0946466e+03   1.6037961e+03   1.3413304e+03   2.0175617e+03   1.7275725e+03   1.6626084e+03   1.9280484e+03   2.0417680e+03   2.0248764e+03   1.8495010e+03   1.5204411e+03   1.9669016e+03   1.9276226e+03   1.9967572e+03   1.9360245e+03   2.0606183e+03   2.2774969e+03   2.3667416e+03   2.0345002e+03   2.1616511e+03   1.7656989e+03   2.0030703e+03   2.0879107e+03   1.5813040e+03
   2.0110061e+03   1.8451109e+03   2.0854024e+03   2.0009394e+03   1.9784657e+03   2.0417680e+03   1.7220734e+03   1.6037961e+03   1.3413304e+03   1.9108409e+03   1.7275725e+03   1.6626084e+03   1.9280484e+03   2.0417680e+03   2.0248764e+03   1.8495010e+03   1.5204411e+03   1.9669016e+03   1.7967094e+03   1.9967572e+03   1.9360245e+03   2.0606183e+03   2.2774969e+03   2.1203333e+03   1.8833523e+03   1.7371056e+03   1.7656989e+03   1.8289158e+03   1.9822169e+03   1.5254976e+03
   1.8010136e+03   1.0240983e+03   1.9180530e+03   1.7935758e+03   1.3301877e+03   1.7677279e+03   1.7193775e+03   1.6037961e+03   1.3413304e+03   1.7975031e+03   1.7275725e+03   1.6072120e+03   1.7906842e+03   1.7677279e+03   1.8926799e+03   1.8390260e+03   1.3773179e+03   1.7291537e+03   1.5803963e+03   1.9967572e+03   1.5208932e+03   1.7652090e+03   1.8498512e+03   1.9100967e+03   1.6581996e+03   1.6217364e+03   1.6859074e+03   1.0259406e+03   1.4018264e+03   1.5254976e+03
   1.4862844e+03   9.4284742e+02   1.5992384e+03   1.5447941e+03   1.3301877e+03   1.3508804e+03   1.7193775e+03   1.4354743e+03   1.1275091e+03   1.5389753e+03   1.4878592e+03   1.5891584e+03   1.5691808e+03   1.3508804e+03   1.5145311e+03   1.5691254e+03   9.4874348e+02   1.5162922e+03   1.5803963e+03   1.6420677e+03   1.2728385e+03   1.5600019e+03   1.6680186e+03   1.4990010e+03   1.5745366e+03   1.4925650e+03   1.4182357e+03   1.0259406e+03   1.3953240e+03   1.1338231e+03
   1.0048109e+03   9.4284742e+02   1.1957090e+03   1.5399991e+03   1.1230727e+03   1.3508804e+03   1.4602597e+03   1.2590758e+03   1.1275091e+03   1.3814987e+03   1.4306751e+03   1.4518543e+03   1.4315557e+03   1.3508804e+03   1.2954048e+03   1.4973888e+03   9.4874348e+02   1.4128305e+03   1.3419600e+03   1.4826372e+03   1.2728385e+03   1.4438297e+03   1.2889009e+03   1.0985962e+03   9.8020326e+02   1.0813118e+03   1.3510938e+03   1.0023958e+03   1.3953240e+03   1.1338231e+03
   8.8736130e+02   9.4284742e+02   1.1039305e+03   1.2018094e+03   1.0383404e+03   1.1282610e+03   1.1371927e+03   9.9424061e+02   9.5054936e+02   7.1311491e+02   1.0714002e+03   1.2435902e+03   9.0380646e+02   1.1282610e+03   1.1553861e+03   9.0636363e+02   9.4874348e+02   9.5115866e+02   1.0892789e+03   1.1445291e+03   1.0987731e+03   1.0860480e+03   1.0366833e+03   9.6189514e+02   9.8020326e+02   1.0813118e+03   9.1935718e+02   9.8053436e+02   1.1170663e+03   1.1338231e+03
   6.7112992e+02   8.2335932e+02   8.3055522e+02   5.4188211e+02   7.5767307e+02   4.9594726e+02   8.6180579e+02   9.2214553e+02   6.7350577e+02   7.1311491e+02   9.1479417e+02   9.7060260e+02   7.2845088e+02   4.9594726e+02   7.0255433e+02   8.3424774e+02   4.6913473e+02   6.8607007e+02   8.3592885e+02   8.2278006e+02   7.8824133e+02   8.3462913e+02   9.9010946e+02   7.8086411e+02   8.2531071e+02   9.1044211e+02   8.2613076e+02   8.9576712e+02   7.7221067e+02   1.0005189e+03
   5.5221279e+02   6.1447274e+02   5.9796031e+02   3.7092265e+02   5.6649765e+02   4.3803451e+02   4.9670965e+02   7.5350214e+02   3.6862514e+02   6.1893114e+02   3.9309248e+02   5.5035825e+02   5.2619328e+02   4.3803451e+02   1.7767595e+02   7.3998624e+02   4.6913473e+02   4.6139494e+02   5.4531003e+02   3.4675827e+02   4.0967333e+02   5.3304525e+02   6.1325485e+02   5.2287881e+02   6.0088138e+02   6.8131328e+02   5.0464890e+02   5.0029546e+02   4.4639717e+02   4.2831653e+02
   2.2026427e+02   4.6926625e+02   2.6055797e+02   3.0390681e+02   3.0317332e+02   3.2100683e+02   4.4223592e+02   4.5321803e+02   2.6677034e+02   3.5674260e+02   3.9309248e+02   2.1248449e+02   3.9642083e+02   3.2100683e+02   1.4249608e+02   2.8411666e+02   3.3709390e+02   2.3185627e+02   3.2155393e+02   3.2237788e+02   4.0967333e+02   3.5499988e+02   4.8915388e+02   3.6228310e+02   4.5675151e+02   3.8151766e+02   3.1905657e+02   3.3785561e+02   3.1785099e+02   3.1618032e+02
   1.1312746e+02   2.0455649e+02   1.8350380e+02   1.6153832e+02   1.8483045e+02   1.0512911e+02   1.9381224e+02   1.6141882e+02   1.8900585e+02   1.8499737e+02   1.6020777e+02   1.6734298e+02   1.3678515e+02   1.0512911e+02   1.2318777e+02   1.3259316e+02   1.9438050e+02   1.4505955e+02   2.7939821e+02   2.6947118e+02   2.5617769e+02   1.9590584e+02   2.6181018e+02   1.3441709e+02   2.2228378e+02   1.4943930e+02   2.6503089e+02   1.6394006e+02   1.4761552e+02   2.3659211e+02
   4.8764426e+01   3.3752056e+01   3.9933578e+01   4.3186589e+01   4.0649658e+01   5.4210715e+01   4.9980457e+01   5.0791013e+01   5.3306797e+01   6.1663326e+01   5.3384855e+01   6.4027716e+01   6.2658637e+01   5.4210715e+01   5.3902036e+01   4.5668321e+01   5.0432611e+01   5.4226995e+01   6.2175735e+01   7.5808390e+01   5.8964521e+01   5.5851038e+01   5.7893694e+01   7.0862360e+01   5.3272305e+01   4.8985834e+01   4.6835863e+01   5.9950139e+01   4.7456367e+01   5.2024638e+01
   5.0614825e+00   6.4616734e+00   8.6257120e+00   6.9317520e+00   6.2988724e+00   8.3590177e+00   6.4647464e+00   4.3778268e+00   2.9957280e+00   6.7497334e+00   1.2181591e+01   6.4740177e+00   3.7373569e+00   8.3590177e+00   4.1262670e+00   2.5538863e+00   3.4032382e+00   5.7156535e+00   5.1047964e+00   9.6355879e+00   8.9815920e+00   1.1625536e+01   3.9107223e+00   5.7350975e+00   6.0347223e+00   5.9479128e+00   1.0911118e+01   1.7740035e+00   7.4892679e+00   9.7127111e+00
   7.5278260e-04   1.6860280e-03   2.0643855e-03   2.7755895e-03   2.2302141e-03   5.3614687e-03   3.5403884e-03   5.9043179e-03   4.7853949e-03   8.9040447e-03   1.1012643e-02   1.1555262e-02   4.7317812e-03   5.3614687e-03   7.9531383e-03   1.9317083e-03   1.8952182e-02   3.0299747e-03   3.2113924e-03   1.0272752e-02   6.3670662e-03   1.2119284e-02   2.0416966e-03   1.1378710e-02   8.6695769e-03   9.7670457e-03   4.6810878e-03   1.0845343e-03   1.4614112e-02   8.9329507e-04
   0.0000000e+00   0.0000000e+00   0.0000000e+00   0.0000000e+00   0.0000000e+00   0.0000000e+00   0.0000000e+00   0.0000000e+00   0.0000000e+00   0.0000000e+00   0.0000000e+00   0.0000000e+00   0.0000000e+00   0.0000000e+00   0.0000000e+00   0.0000000e+00   0.0000000e+00   0.0000000e+00   0.0000000e+00   0.0000000e+00   0.0000000e+00   0.0000000e+00   0.0000000e+00   0.0000000e+00   0.0000000e+00   0.0000000e+00   0.0000000e+00   0.0000000e+00   0.0000000e+00   0.0000000e+00
