   5.1122900e+02   5.3607404e+02   5.4680961e+02   4.0381013e+02   5.1851857e+02   5.6533244e+02   5.7519447e+02   4.0874194e+02   5.9471286e+02   5.1206089e+02   6.4194182e+02   5.2112492e+02   5.0694009e+02   3.9893010e+02   3.6149530e+02   5.7200864e+02   3.7881552e+02   4.8633458e+02   4.6179225e+02   3.1927686e+02   4.5105509e+02   4.0965665e+02   5.1562367e+02   5.2573163e+02   4.1162310e+02   6.0072478e+02   5.6480005e+02   5.8204070e+02   4.2490620e+02   4.4259662e+02
   2.8895317e+02   3.3122618e+02   1.6420402e+02   3.5644737e+02   3.1485203e+02   4.9735746e+02   5.0482916e+02   4.0874194e+02   1.4686160e+02   2.4014194e+02   4.1525931e+02   2.8907242e+02   1.6032452e+02   3.9893010e+02   3.1065880e+02   2.7161316e+02   1.2390422e+02   3.0244528e+02   3.6262963e+02   2.3885559e+02   3.3630650e+02   4.0965665e+02   2.2883253e+02   2.2657409e+02   4.0766916e+02   2.9786576e+02   3.6113489e+02   4.3880319e+02   3.9613258e+02   3.9957426e+02
   1.2402805e+02   1.8510177e+02   1.6420402e+02   2.0680211e+02   1.7170578e+02   1.4259407e+02   2.2820836e+02   1.3942577e+02   1.4543236e+02   1.7188640e+02   1.8494859e+02   2.0777384e+02   1.5165103e+02   8.0405928e+01   2.8571697e+02   2.1961488e+02   9.3176859e+01   2.2044867e+02   2.0301149e+02   1.1060265e+02   2.0311031e+02   3.0661537e+02   1.9566039e+02   1.8941506e+02   2.0785469e+02   1.5403234e+02   2.5913326e+02   1.2446344e+02   2.3308620e+02   2.7934651e+02
   8.4603295e+01   1.5590121e+02   1.4078127e+02   1.2941410e+02   1.7170578e+02   1.4259407e+02   8.9619609e+01   1.2141906e+02   1.3093270e+02   1.7152439e+02   9.5136236e+01   1.8991782e+02   1.3017066e+02   8.0405928e+01   1.2759593e+02   1.3578224e+02   8.1226533e+01   1.6167561e+02   1.3433164e+02   9.3405971e+01   2.0311031e+02   9.1832141e+01   5.0272935e+01   1.2360405e+02   8.9066012e+01   1.2463535e+02   1.5101481e+02   1.1626751e+02   1.1130193e+02   1.5197476e+02
   6.3915592e+01   9.6021086e+01   8.1615971e+01   5.8510191e+01   9.0633835e+01   5.7860184e+01   8.2402631e+01   8.2055925e+01   4.8782692e+01   5.4088528e+01   3.5623961e+01   7.4339725e+01   6.6774962e+01   6.5447279e+01   5.7209365e+01   3.8898014e+01   5.7146526e+01   3.1428838e+01   8.6279292e+01   7.5318988e+01   9.8453887e+01   4.4860970e+01   5.0272935e+01   5.8939100e+01   6.1997069e+01   6.9935812e+01   6.6687157e+01   1.0488840e+02   5.1814559e+01   6.9057328e+01
   2.0173765e+01   4.5697601e+01   4.5036659e+01   3.9180905e+01   5.1891169e+01   4.7320952e+01   4.7130312e+01   3.8979839e+01   1.8893817e+01   4.1409526e+01   3.5623961e+01   3.7874996e+01   3.9230421e+01   3.3400751e+01   2.8770627e+01   3.0713134e+01   4.2826496e+01   3.1428838e+01   3.8746661e+01   5.1163063e+01   3.2147591e+01   3.7396197e+01   3.3429591e+01   4.9069999e+01   3.7111437e+01   3.5502335e+01   4.8724579e+01   4.0812447e+01   3.5412003e+01   4.1325034e+01
   1.3744364e+01   2.2415896e+01   2.3796440e+01   2.1052945e+01   2.3894962e+01   2.0182269e+01   2.1071734e+01   2.5851419e+01   1.5249080e+01   1.9571205e+01   2.2122985e+01   1.6988201e+01   2.5378877e+01   1.7193952e+01   2.4084989e+01   1.9207274e+01   2.1254188e+01   2.0129760e+01   2.2944229e+01   1.6904668e+01   1.5518061e+01   2.5264877e+01   1.9382666e+01   1.8812839e+01   2.4626021e+01   1.0981582e+01   1.8846447e+01   2.3493828e+01   1.9123945e+01   1.7828605e+01
   8.3721394e+00   1.2854843e+01   8.9595918e+00   7.4146144e+00   1.1847814e+01   9.2229808e+00   5.8975313e+00   9.9553818e+00   1.0095608e+01   1.0338935e+01   9.8898982e+00   8.6261497e+00   8.6426898e+00   6.9098562e+00   1.1637393e+01   9.1466544e+00   9.4287105e+00   7.9308349e+00   9.8282105e+00   6.2012908e+00   8.4608569e+00   1.1698664e+01   9.1208231e+00   7.7328104e+00   9.7685709e+00   6.5050096e+00   1.0024964e+01   1.1262187e+01   9.9082689e+00   9.0878920e+00
   8.8298182e-01   4.2429563e-01   6.9618609e-01   3.8615834e-01   1.0948608e+00   3.3837532e-01   9.9307271e-01   8.0413868e-01   7.0648100e-01   5.7824684e-01   1.3022048e+00   7.1500080e-01   9.1218753e-01   3.8453250e-01   8.6967410e-01   1.4868703e-01   1.0235970e+00   6.1429408e-01   6.2872759e-01   2.9503857e-01   3.5695412e-01   6.9512262e-01   5.4636652e-01   2.5737713e-01   4.6832010e-01   3.1467220e-01   1.3780627e-01   1.6747015e+00   3.6814295e-01   4.0651881e-01
   6.3340157e-03   9.2979765e-03   7.4067358e-03   7.1539328e-03   1.3554745e-02   1.4810749e-02   5.4421489e-03   9.2229400e-03   1.6018681e-02   6.5801089e-03   7.5243754e-03   9.9641241e-03   1.8637554e-02   3.1508856e-03   5.8875836e-03   9.2172207e-03   7.1436671e-03   8.5502739e-03   8.6270333e-03   1.4857680e-02   8.4344788e-03   6.3129576e-03   1.0530233e-02   7.7466091e-03   9.9962458e-03   3.5701715e-03   7.7836319e-03   2.5334097e-02   1.0503106e-02   6.6679950e-03
   4.4561337e-05   3.6111920e-05   1.5782301e-05   2.9624174e-05   5.2314491e-05   5.3744329e-05   1.5639570e-05   6.4060887e-05   5.2964092e-05   8.8970637e-06   1.0007734e-04   5.6381787e-05   1.1574497e-04   2.6156591e-05   2.4176981e-05   4.2821470e-05   5.0234073e-05   2.3275484e-05   5.1470635e-05   7.4508294e-05   6.1745277e-05   3.3344945e-05   4.9211215e-05   5.4646137e-05   3.3961913e-05   1.5126011e-05   3.9067214e-05   1.5147329e-04   5.8746957e-05   3.8297948e-05
   0.0000000e+00   1.0216809e-08   0.0000000e+00   0.0000000e+00   0.0000000e+00   1.1489192e-08   0.0000000e+00   1.4705165e-08   1.1497377e-08   0.0000000e+00   3.0754109e-08   1.5969817e-08   3.2122443e-08   0.0000000e+00   0.0000000e+00   1.4249508e-08   0.0000000e+00   0.0000000e+00   1.1443717e-08   1.1102202e-08   0.0000000e+00   0.0000000e+00   0.0000000e+00   1.9108484e-08   0.0000000e+00   0.0000000e+00   1.0199074e-08   4.5502475e-08   0.0000000e+00   0.0000000e+00
   0.0000000e+00   0.0000000e+00   0.0000000e+00   0.0000000e+00   0.0000000e+00   0.0000000e+00   0.0000000e+00   0.0000000e+00   0.0000000e+00   0.0000000e+00   0.0000000e+00   0.0000000e+00   0.0000000e+00   0.0000000e+00   0.0000000e+00   0.0000000e+00   0.0000000e+00   0.0000000e+00   0.0000000e+00   0.0000000e+00   0.0000000e+00   0.0000000e+00   0.0000000e+00   0.0000000e+00   0.0000000e+00   0.0000000e+00   0.0000000e+00   0.0000000e+00   0.0000000e+00   0.0000000e+00
   0.0000000e+00   0.0000000e+00   0.0000000e+00   0.0000000e+00   0.0000000e+00   0.0000000e+00   0.0000000e+00   0.0000000e+00   0.0000000e+00   0.0000000e+00   0.0000000e+00   0.0000000e+00   0.0000000e+00   0.0000000e+00   0.0000000e+00   0.0000000e+00   0.0000000e+00   0.0000000e+00   0.0000000e+00   0.0000000e+00   0.0000000e+00   0.0000000e+00   0.0000000e+00   0.0000000e+00   0.0000000e+00   0.0000000e+00   0.0000000e+00   0.0000000e+00   0.0000000e+00   0.0000000e+00
   0.0000000e+00   0.0000000e+00   0.0000000e+00   0.0000000e+00   0.0000000e+00   0.0000000e+00   0.0000000e+00   0.0000000e+00   0.0000000e+00   0.0000000e+00   0.0000000e+00   0.0000000e+00   0.0000000e+00   0.0000000e+00   0.0000000e+00   0.0000000e+00   0.0000000e+00   0.0000000e+00   0.0000000e+00   0.0000000e+00   0.0000000e+00   0.0000000e+00   0.0000000e+00   0.0000000e+00   0.0000000e+00   0.0000000e+00   0.0000000e+00   0.0000000e+00   0.0000000e+00   0.0000000e+00
   0.0000000e+00   0.0000000e+00   0.0000000e+00   0.0000000e+00   0.0000000e+00   0.0000000e+00   0.0000000e+00   0.0000000e+00   0.0000000e+00   0.0000000e+00   0.0000000e+00   0.0000000e+00   0.0000000e+00   0.0000000e+00   0.0000000e+00   0.0000000e+00   0.0000000e+00   0.0000000e+00   0.0000000e+00   0.0000000e+00   0.0000000e+00   0.0000000e+00   0.0000000e+00   0.0000000e+00   0.0000000e+00   0.0000000e+00   0.0000000e+00   0.0000000e+00   0.0000000e+00   0.0000000e+00
