   5.7024895e+02   5.0565422e+02   4.6118504e+02   5.1387275e+02   5.9223272e+02   5.2438098e+02   4.9862227e+02   5.2703049e+02   5.7138266e+02   4.7676232e+02   4.5609720e+02   5.8514885e+02   5.9709730e+02   5.6415059e+02   4.6641546e+02   5.2551833e+02   3.9622283e+02   4.9063768e+02   6.1053551e+02   4.6844867e+02   5.1009998e+02   5.7450206e+02   5.1167968e+02   5.7479042e+02   5.2479647e+02   5.0785538e+02   5.1445003e+02   5.2892787e+02   4.8896729e+02   4.8159342e+02
   5.2708150e+02   4.1083731e+02   4.5099992e+02   5.1387275e+02   5.5233936e+02   5.2438098e+02   4.9862227e+02   5.1805429e+02   5.1485037e+02   4.7676232e+02   4.5609720e+02   5.7655498e+02   5.2935321e+02   5.3379774e+02   4.6641546e+02   5.2551833e+02   3.9622283e+02   4.7743004e+02   5.5181056e+02   4.6844867e+02   5.1009998e+02   5.3886312e+02   5.1167968e+02   5.7479042e+02   4.9590523e+02   5.0590929e+02   5.1445003e+02   5.2892787e+02   4.6687675e+02   4.8159342e+02
   5.2006561e+02   4.1083731e+02   4.2966954e+02   4.7355669e+02   5.5233936e+02   5.2438098e+02   4.8548056e+02   5.1805429e+02   5.1485037e+02   4.6003380e+02   4.5609720e+02   5.7655498e+02   5.2935321e+02   5.3378574e+02   4.6641546e+02   5.0829416e+02   3.9523180e+02   4.7743004e+02   5.3455447e+02   4.6844867e+02   5.1009998e+02   5.3886312e+02   5.1167968e+02   4.5361161e+02   4.8060386e+02   5.0590929e+02   5.1445003e+02   5.2892787e+02   4.6687675e+02   4.8159342e+02
   5.2006561e+02   4.1083731e+02   4.2966954e+02   4.7355669e+02   4.5973480e+02   5.2438098e+02   3.1839087e+02   4.9421587e+02   4.7606861e+02   4.6003380e+02   4.2425057e+02   5.7655498e+02   5.0494253e+02   4.8167445e+02   4.6641546e+02   5.0829416e+02   3.9523180e+02   4.7743004e+02   4.9298319e+02   4.6844867e+02   4.8255022e+02   4.9150204e+02   4.8584266e+02   4.5361161e+02   4.8060386e+02   5.0590929e+02   4.6728958e+02   4.8158338e+02   4.6687675e+02   4.4830767e+02
   4.7750253e+02   3.7664041e+02   4.2966954e+02   4.7355669e+02   4.5973480e+02   4.8789318e+02   3.1839087e+02   4.8395366e+02   4.6800538e+02   4.4721895e+02   4.0555895e+02   4.5010930e+02   4.4734689e+02   4.5975777e+02   3.6316276e+02   5.0106898e+02   3.4587448e+02   4.0503814e+02   4.4345771e+02   3.8685710e+02   4.8255022e+02   4.6905658e+02   3.1177601e+02   4.0606749e+02   4.6669210e+02   4.9482911e+02   3.6944285e+02   4.6909943e+02   4.4954248e+02   4.4830767e+02
   4.0309071e+02   2.9727388e+02   4.2728412e+02   3.3696113e+02   4.1988363e+02   4.0140306e+02   3.0349770e+02   4.3819374e+02   4.3032303e+02   3.4889999e+02   4.0491963e+02   3.9063570e+02   4.3567388e+02   4.3580712e+02   3.6267539e+02   4.7820122e+02   3.3313217e+02   3.4000022e+02   4.3591511e+02   3.1626546e+02   4.5845176e+02   4.6905658e+02   3.1177601e+02   2.8666081e+02   4.1238976e+02   4.1741806e+02   3.6944285e+02   4.5572893e+02   4.3404862e+02   4.4830767e+02
   3.2910436e+02   2.8636801e+02   3.9088258e+02   2.7394079e+02   4.1304809e+02   4.0140306e+02   3.0349770e+02   4.2022061e+02   4.0822347e+02   3.2877643e+02   3.9706529e+02   3.9063570e+02   4.1893875e+02   3.6816657e+02   3.3895166e+02   3.0692091e+02   2.5565506e+02   3.2058783e+02   4.0625716e+02   3.1363129e+02   4.2943763e+02   4.3184504e+02   3.1177601e+02   2.5532766e+02   3.4105612e+02   3.4842716e+02   3.4669786e+02   3.8071004e+02   4.2970578e+02   3.1119550e+02
   3.0894507e+02   2.4859854e+02   2.9630513e+02   2.5262570e+02   3.1960763e+02   3.0504342e+02   2.6228924e+02   2.3190213e+02   3.8940312e+02   3.2721366e+02   2.7352288e+02   2.6669144e+02   1.9262607e+02   2.9632719e+02   3.3645897e+02   2.2501449e+02   2.2958709e+02   3.0718433e+02   3.9234860e+02   2.4240973e+02   3.9322564e+02   3.5648029e+02   3.0394075e+02   2.5532766e+02   2.6049115e+02   2.7207772e+02   3.4635692e+02   3.5072467e+02   3.1117469e+02   2.8576079e+02
   2.2046246e+02   1.9745870e+02   2.9630513e+02   1.8604455e+02   2.2233770e+02   2.3443381e+02   2.3891695e+02   2.3190213e+02   1.9810659e+02   2.4858352e+02   2.3675445e+02   2.6301530e+02   1.9249918e+02   2.5378352e+02   2.6259560e+02   2.1495730e+02   2.2247417e+02   2.4420486e+02   2.3793371e+02   2.4240973e+02   3.6988920e+02   2.8803974e+02   2.7836474e+02   2.3155457e+02   2.2812971e+02   2.7207772e+02   2.6018862e+02   2.4267191e+02   2.5987314e+02   2.1356643e+02
   2.1685891e+02   1.8086548e+02   2.3402722e+02   1.7562339e+02   2.0796220e+02   2.0866789e+02   1.7549959e+02   1.7801900e+02   1.9810659e+02   2.1764005e+02   1.6907947e+02   2.5111664e+02   1.8105884e+02   1.9977944e+02   2.1644105e+02   1.6557449e+02   2.0735716e+02   2.1993488e+02   2.1588720e+02   2.3019180e+02   2.8427653e+02   2.2210274e+02   2.2144284e+02   1.7294042e+02   1.9740338e+02   2.5215324e+02   1.8233808e+02   2.2947620e+02   2.0629660e+02   1.7190702e+02
   1.9540231e+02   1.7552852e+02   2.1115039e+02   1.5181619e+02   1.8993811e+02   1.7887635e+02   1.6589081e+02   1.5973070e+02   1.5762041e+02   1.7175181e+02   1.6322390e+02   1.7714559e+02   1.6927829e+02   1.9363303e+02   1.8716785e+02   1.3569952e+02   1.6967107e+02   1.8088229e+02   1.9282505e+02   1.8549781e+02   2.6537037e+02   1.8919552e+02   1.9200325e+02   1.6168593e+02   1.6893957e+02   2.0717364e+02   1.6749082e+02   1.8776663e+02   1.9607671e+02   1.7150693e+02
   1.6103493e+02   1.5576168e+02   1.6542287e+02   1.4199666e+02   1.7775786e+02   1.5046386e+02   1.4906372e+02   1.4930448e+02   1.4051766e+02   1.5395963e+02   1.5664250e+02   1.7068766e+02   1.3799370e+02   1.6563902e+02   1.6960337e+02   1.3569952e+02   1.4752358e+02   1.4028502e+02   1.8453085e+02   1.6365602e+02   1.8484487e+02   1.7344711e+02   1.6408445e+02   1.4638020e+02   1.4454451e+02   1.6495098e+02   1.5470806e+02   1.8776663e+02   1.6819229e+02   1.5382273e+02
   1.5264622e+02   1.4165567e+02   1.5461937e+02   1.3170992e+02   1.3182078e+02   1.2962268e+02   1.3847200e+02   1.2842465e+02   1.2083395e+02   1.2936150e+02   1.2146567e+02   1.4649933e+02   1.3387707e+02   1.4695932e+02   1.3172905e+02   1.1825085e+02   1.3479652e+02   1.3782131e+02   1.5153550e+02   1.5751231e+02   1.5733976e+02   1.3146785e+02   1.2247539e+02   1.2452871e+02   1.2373864e+02   1.3269922e+02   1.3947213e+02   1.7146904e+02   1.2888164e+02   1.4962749e+02
   1.0223548e+02   1.1068647e+02   1.2169798e+02   1.1824198e+02   1.1763548e+02   1.1662613e+02   1.1926207e+02   1.0788317e+02   1.1324701e+02   1.1060441e+02   1.1426935e+02   1.3172593e+02   1.1006652e+02   1.2553795e+02   1.1920680e+02   1.1178296e+02   1.1479340e+02   1.1165291e+02   1.1897840e+02   1.2853386e+02   1.3524929e+02   1.1622292e+02   1.0853889e+02   1.1044496e+02   1.0720336e+02   1.1080736e+02   1.1485300e+02   1.3269104e+02   1.1925561e+02   1.1284053e+02
   3.6760349e+01   3.1304431e+00   7.2841962e+01   1.0000190e+02   1.0011553e+02   1.0000015e+02   1.0000421e+02   1.0012215e+02   1.0000076e+02   1.0005566e+02   1.0001520e+02   1.0294607e+02   1.0005719e+02   1.0001508e+02   1.0001233e+02   1.0000376e+02   1.0002156e+02   1.0004936e+02   1.0016406e+02   1.0154593e+02   1.0206112e+02   1.0015513e+02   1.0059556e+02   1.0001050e+02   1.0000493e+02   1.0050513e+02   1.0026623e+02   1.0423156e+02   1.0005281e+02   1.0000504e+02
   0.0000000e+00   0.0000000e+00   0.0000000e+00   1.0000000e+02   1.0000000e+02   1.0000000e+02   1.0000000e+02   1.0000000e+02   1.0000000e+02   1.0000000e+02   1.0000000e+02   1.0000000e+02   1.0000000e+02   1.0000000e+02   1.0000000e+02   1.0000000e+02   1.0000000e+02   1.0000000e+02   1.0000000e+02   1.0000000e+02   1.0000000e+02   1.0000000e+02   1.0000000e+02   1.0000000e+02   1.0000000e+02   1.0000000e+02   1.0000000e+02   1.0000000e+02   1.0000000e+02   1.0000000e+02
