   3.3732912e+02   4.4863623e+02   3.7872046e+02   3.8615422e+02   4.6217262e+02   3.5134888e+02   3.7101089e+02   3.8972562e+02   3.6729118e+02   3.0073688e+02   3.7857917e+02   2.4183434e+02   2.4613855e+02   3.5933785e+02   3.6527431e+02   4.4664150e+02   3.7604929e+02   3.8925859e+02   4.1535563e+02   3.2193953e+02   4.9608370e+02   2.9323997e+02   2.9972982e+02   2.5859799e+02   4.1409364e+02   4.6341323e+02   4.5568491e+02   4.3354090e+02   2.8613745e+02   3.4670632e+02
   1.8366550e+02   2.9462757e+02   2.4891691e+02   2.6945870e+02   2.6245937e+02   3.4377094e+02   2.6952915e+02   2.5740587e+02   3.4790146e+02   3.0073688e+02   3.1266241e+02   2.4183434e+02   2.4613855e+02   2.1459453e+02   2.5312754e+02   2.8107910e+02   3.1766252e+02   1.7971172e+02   3.5598668e+02   3.2193953e+02   3.4884153e+02   2.9323997e+02   2.7068196e+02   2.5859799e+02   3.2658306e+02   3.6958445e+02   3.5900648e+02   2.1356968e+02   2.3154757e+02   2.8671107e+02
   1.8366550e+02   2.4689252e+02   2.4891691e+02   1.8100026e+02   2.2143838e+02   2.3414777e+02   2.6952915e+02   2.5740587e+02   2.3196984e+02   1.9623191e+02   2.0301970e+02   2.1327639e+02   2.1867572e+02   2.1459453e+02   2.1354961e+02   2.1773914e+02   2.0766536e+02   1.7971172e+02   2.8744100e+02   2.4184330e+02   2.7084478e+02   2.6197161e+02   2.5713384e+02   2.2211545e+02   2.5158253e+02   3.0825342e+02   2.5105022e+02   2.1356968e+02   1.8079625e+02   2.5543705e+02
   1.8366550e+02   2.1957182e+02   1.8908664e+02   1.8100026e+02   1.7557088e+02   1.8641668e+02   1.7267835e+02   1.7958017e+02   2.1517933e+02   1.7741667e+02   1.8926436e+02   1.9244027e+02   2.0366081e+02   1.7766027e+02   1.5175487e+02   2.0012040e+02   1.7843119e+02   1.5536663e+02   1.4217663e+02   1.7968243e+02   1.7956373e+02   1.6389799e+02   2.4917790e+02   2.2167929e+02   2.1730501e+02   1.8650154e+02   2.2512642e+02   1.6786400e+02   1.6379515e+02   2.2253727e+02
   1.1808716e+02   1.6486789e+02   1.3820215e+02   1.6003868e+02   1.3233757e+02   1.4720894e+02   1.4166623e+02   1.5085255e+02   1.5167045e+02   1.3503354e+02   1.3521490e+02   1.4107650e+02   1.3974105e+02   1.5473227e+02   1.3649592e+02   1.5678237e+02   1.5892813e+02   1.5536663e+02   1.4217663e+02   1.5267372e+02   1.5077641e+02   1.4917533e+02   1.2968197e+02   1.1989429e+02   1.5931514e+02   1.3980764e+02   1.5756228e+02   1.0918106e+02   1.4711457e+02   1.6649715e+02
   1.0363456e+02   1.1566482e+02   1.2884185e+02   1.2234615e+02   1.2427227e+02   1.3573356e+02   1.2175200e+02   1.2195505e+02   8.1643346e+01   1.1525134e+02   1.0324249e+02   1.2539458e+02   1.1398784e+02   1.0041023e+02   1.1222648e+02   1.3047778e+02   1.3501960e+02   1.3293571e+02   1.3101103e+02   1.3220462e+02   1.3598568e+02   9.9446044e+01   1.0910395e+02   1.1161727e+02   1.3482520e+02   1.2374115e+02   1.4010042e+02   1.0918106e+02   1.3176872e+02   1.4215860e+02
   8.9591881e+01   1.0045937e+02   9.2330277e+01   1.0749152e+02   9.1701455e+01   8.7913053e+01   1.1554225e+02   9.3784627e+01   8.1643346e+01   1.0826075e+02   7.9638289e+01   9.6128516e+01   1.1398784e+02   9.8759388e+01   9.3023536e+01   1.0424849e+02   1.1001979e+02   1.1123990e+02   1.1248263e+02   1.1270650e+02   1.1574940e+02   7.8688433e+01   8.5954360e+01   1.0347058e+02   1.0011842e+02   8.8596599e+01   9.4731264e+01   9.3869345e+01   1.0073027e+02   1.1512656e+02
   7.9746740e+01   7.3224905e+01   8.4558225e+01   6.7082175e+01   8.0759316e+01   8.4108488e+01   7.6483518e+01   8.6438691e+01   7.3228205e+01   7.4499678e+01   7.1911363e+01   7.9942400e+01   7.6157853e+01   7.7866041e+01   7.9989239e+01   7.8778790e+01   7.7807689e+01   7.7130957e+01   8.6454520e+01   8.4888620e+01   8.0000287e+01   6.7040144e+01   7.0659096e+01   8.5785294e+01   7.3944716e+01   8.0081554e+01   9.0062149e+01   7.0540547e+01   7.8657392e+01   7.0873462e+01
   5.9071574e+01   6.0268923e+01   5.5119185e+01   6.0376326e+01   4.2022739e+01   5.1525578e+01   5.4838149e+01   6.2724748e+01   5.9803825e+01   6.3660967e+01   5.7586859e+01   5.8141387e+01   5.2622698e+01   6.2336944e+01   5.5622533e+01   5.0971195e+01   6.7503481e+01   6.9184870e+01   4.9480509e+01   6.1683870e+01   6.6298234e+01   5.6426889e+01   4.2438594e+01   6.9604094e+01   4.6245555e+01   5.9991296e+01   4.9730753e+01   6.3375095e+01   5.7494149e+01   6.7037001e+01
   3.6735745e+01   4.5665742e+01   3.7687187e+01   4.1346099e+01   4.2022739e+01   4.5930386e+01   3.8283594e+01   4.3921967e+01   3.8359591e+01   4.2731273e+01   3.4705727e+01   4.2408442e+01   4.2449563e+01   4.2424358e+01   4.7393193e+01   4.3519233e+01   4.0542108e+01   4.4619602e+01   4.2584463e+01   3.8060714e+01   4.1861054e+01   4.5206484e+01   3.9876548e+01   3.7801269e+01   4.1972605e+01   3.8859681e+01   3.8214465e+01   5.0699612e+01   3.4460711e+01   4.2939406e+01
   3.0536802e+01   2.6141087e+01   2.4935316e+01   2.9418612e+01   3.4035720e+01   3.3011194e+01   3.4219333e+01   3.1457140e+01   3.1900988e+01   2.8043970e+01   2.5261906e+01   3.0550596e+01   2.6343412e+01   2.7474652e+01   2.9246871e+01   3.4751384e+01   2.6478818e+01   2.5584840e+01   2.8943325e+01   3.1139305e+01   3.0946207e+01   3.3224270e+01   2.8366577e+01   3.1077679e+01   3.1391404e+01   2.3311726e+01   2.6311794e+01   3.0524390e+01   2.0424225e+01   2.7026670e+01
   2.4149521e+01   2.0514877e+01   2.3576488e+01   1.9024384e+01   2.1932987e+01   2.4329046e+01   2.2051056e+01   2.3147409e+01   2.3172337e+01   2.0265747e+01   1.7825195e+01   2.1992349e+01   1.7636018e+01   2.6267273e+01   2.1286347e+01   2.1755527e+01   2.6463417e+01   1.9441772e+01   2.1985759e+01   2.2272195e+01   2.1398588e+01   2.2182781e+01   2.2870434e+01   2.1216353e+01   2.1434829e+01   1.8347042e+01   2.2403440e+01   1.5663089e+01   2.0424225e+01   1.9746669e+01
   1.6275732e+01   1.6740586e+01   1.6441736e+01   1.5306790e+01   1.4176067e+01   1.7104546e+01   1.6417039e+01   1.5902900e+01   1.3977090e+01   1.5052770e+01   1.5503266e+01   1.6708752e+01   1.5962498e+01   1.4712796e+01   1.5147072e+01   1.3881714e+01   1.5459756e+01   1.7408135e+01   1.4247223e+01   1.6582678e+01   1.6780628e+01   1.7502089e+01   1.5322651e+01   1.5544867e+01   1.5417397e+01   1.5438273e+01   1.6546099e+01   1.5628119e+01   1.6568865e+01   1.7082568e+01
   1.1407861e+01   1.1499956e+01   1.1408116e+01   1.1218666e+01   1.1206192e+01   1.1650855e+01   1.1556537e+01   1.1582395e+01   1.1798876e+01   1.1431440e+01   1.1450919e+01   1.1450507e+01   1.1485106e+01   1.1536275e+01   1.1554592e+01   1.1544129e+01   1.1392937e+01   1.1651807e+01   1.1388260e+01   1.1262279e+01   1.1563014e+01   1.1566774e+01   1.1172542e+01   1.1305487e+01   1.1365691e+01   1.1317636e+01   1.1696363e+01   1.1366699e+01   1.1333060e+01   1.1662385e+01
   1.0873679e+01   1.0873679e+01   1.0873679e+01   1.0873679e+01   1.0873679e+01   1.0873679e+01   1.0873679e+01   1.0873679e+01   1.0873679e+01   1.0873679e+01   1.0873679e+01   1.0873679e+01   1.0873679e+01   1.0873679e+01   1.0873679e+01   1.0873679e+01   1.0873679e+01   1.0873679e+01   1.0873679e+01   1.0873679e+01   1.0873680e+01   1.0873679e+01   1.0873679e+01   1.0873679e+01   1.0873679e+01   1.0873679e+01   1.0873679e+01   1.0873679e+01   1.0873679e+01   1.0873679e+01
   1.0873679e+01   1.0873679e+01   1.0873679e+01   1.0873679e+01   1.0873679e+01   1.0873679e+01   1.0873679e+01   1.0873679e+01   1.0873679e+01   1.0873679e+01   1.0873679e+01   1.0873679e+01   1.0873679e+01   1.0873679e+01   1.0873679e+01   1.0873679e+01   1.0873679e+01   1.0873679e+01   1.0873679e+01   1.0873679e+01   1.0873679e+01   1.0873679e+01   1.0873679e+01   1.0873679e+01   1.0873679e+01   1.0873679e+01   1.0873679e+01   1.0873679e+01   1.0873679e+01   1.0873679e+01
