   2.4465482e+03   1.8832292e+03   2.0741954e+03   2.0352593e+03   2.4682948e+03   2.1810250e+03   2.3605906e+03   2.3219007e+03   2.0802036e+03   2.2754769e+03   1.7840600e+03   2.2980711e+03   2.3245719e+03   2.0824909e+03   2.0424891e+03   2.2900247e+03   2.1803376e+03   2.1961451e+03   2.2224403e+03   2.4378700e+03   2.2874509e+03   2.0903911e+03   2.2050748e+03   2.3547651e+03   1.9281742e+03   2.1177548e+03   2.1099676e+03   2.0333146e+03   2.3045589e+03   2.0544780e+03
   1.4984267e+03   1.8832292e+03   1.9550317e+03   1.9386575e+03   2.0738848e+03   1.7208759e+03   2.1615147e+03   1.9537640e+03   2.0802036e+03   2.2344534e+03   1.7714483e+03   2.2980711e+03   2.0914969e+03   2.0824909e+03   2.0424891e+03   2.2900247e+03   2.1803376e+03   2.0930755e+03   2.2224403e+03   2.2764726e+03   1.5986381e+03   2.0620435e+03   2.1262293e+03   1.9899391e+03   1.9281742e+03   1.5949537e+03   2.1099676e+03   2.0333146e+03   1.6165206e+03   1.7019641e+03
   1.3933225e+03   1.7364843e+03   1.8071884e+03   1.2604884e+03   1.4454435e+03   1.2874614e+03   2.1615147e+03   1.3497120e+03   1.3160845e+03   1.4757596e+03   1.0799668e+03   1.5679694e+03   1.8610149e+03   1.2636155e+03   1.0752266e+03   2.0773466e+03   2.1803376e+03   2.0161958e+03   1.0991462e+03   1.5933700e+03   1.5729124e+03   1.6414271e+03   1.4137449e+03   1.7331476e+03   1.8819155e+03   1.5839871e+03   1.9370358e+03   5.0416115e+01   1.6165206e+03   1.7019641e+03
   1.3933225e+03   1.7364843e+03   1.8071884e+03   1.2604884e+03   1.3933835e+03   1.2874614e+03   1.0323433e+03   1.3497120e+03   1.1790756e+03   9.4467408e+02   1.0799668e+03   1.0348558e+03   1.6905151e+03   1.2588501e+03   1.0752266e+03   1.5094316e+03   1.7630627e+03   1.5191254e+03   1.0991462e+03   1.3687124e+03   1.3008720e+03   1.3108664e+03   1.4137449e+03   1.5110298e+03   1.7861331e+03   1.4973921e+03   1.2898335e+03   5.0416115e+01   1.6165206e+03   1.7019641e+03
   1.0731172e+03   8.0860371e+02   8.3588917e+02   6.0216059e+02   8.8509294e+02   7.9736013e+02   9.6046172e+02   8.1553079e+02   9.1039570e+02   7.9809057e+02   2.6443980e+01   7.9483113e+02   7.8027347e+02   1.0475645e+03   8.0055822e+02   8.7352168e+02   5.0641443e+02   7.7484970e+02   6.0334288e+02   7.7475970e+02   7.0216919e+02   7.2305448e+02   4.7075729e+02   9.5990493e+02   6.1097663e+02   8.8490667e+02   3.8927075e+02   5.0416115e+01   4.6720243e+02   6.4097664e+02
   6.7662482e+02   6.5084004e+02   3.9400283e+02   4.9638902e+02   3.2818915e+02   5.2020216e+02   5.6868487e+02   5.5845711e+02   3.4512014e+02   3.5498824e+02   2.6443980e+01   5.2498117e+02   1.3116247e+02   4.6197030e+02   6.5846487e+01   6.5090489e+02   4.9246061e+02   7.0571865e+02   4.1301210e+02   6.2733911e+02   5.8122406e+02   3.3708819e+02   4.7075729e+02   4.3485522e+02   5.1057044e+02   3.9214068e+02   3.7454168e+02   5.0416115e+01   4.1601370e+02   5.5488033e+02
   4.3737878e+02   2.2362736e+02   2.8675285e+02   6.1720089e+01   3.2818915e+02   9.7582445e+01   4.5500570e+02   3.9125571e+02   2.3414449e+02   3.6511817e+01   1.7354525e+01   1.8473635e+02   8.0036862e+01   1.6044241e+02   6.1986356e+01   2.8093881e+02   4.4696607e+02   1.4887570e+02   2.8553130e+02   4.6065993e+02   3.5461014e+02   1.8225092e+02   2.6050233e+02   3.5026684e+02   2.6118008e+02   2.0615933e+02   7.9658459e+01   5.0416115e+01   2.5863071e+02   3.7914245e+02
   8.4541051e+00   1.4254337e+01   2.2666462e+01   6.1720089e+01   1.0966320e+02   7.7879609e+01   1.2041800e+02   5.1203766e+01   7.1720535e+01   3.6511817e+01   1.7354525e+01   4.8416090e+01   7.0698705e+01   3.2588361e+01   2.7560537e+01   8.9674178e+01   7.5841440e+01   1.1773483e+02   3.5900516e+01   5.9115526e+01   5.1990045e+01   2.5707521e+01   4.9017157e+01   1.2744508e+02   5.1356640e+01   4.5790486e+01   7.9658459e+01   3.9446103e+01   8.4932328e+01   1.2660803e+02
   6.5190025e+00   6.1375209e+00   7.4060970e+00   9.6418918e+00   4.5797531e+00   9.2123009e+00   9.8813708e+00   9.2165830e+00   5.2609562e+00   6.9939883e+00   8.7710979e+00   5.3167998e+00   4.5531286e+00   9.1452488e+00   7.9731173e+00   7.0315051e+00   9.4513437e+00   6.2273651e+00   8.9733389e+00   7.4201170e+00   5.5851666e+00   3.5739789e+00   1.6762279e+00   5.7097766e+00   6.6764979e+00   7.0823790e+00   1.6891972e+01   8.1224248e+00   7.3062040e+00   9.7375348e+00
   2.7394568e-01   1.3203151e-01   2.2557910e-01   1.6623193e-01   3.3474219e-02   4.4297077e-01   6.6268586e-01   6.1468263e-02   3.6588704e-01   2.0801737e-02   2.6092194e-02   1.8934888e-02   1.2013326e-01   1.0747262e-01   2.4481492e-01   4.0469523e-01   4.3269920e-01   8.2325548e-03   3.9675767e-02   1.0865505e-01   7.5834279e-03   6.0363930e-02   2.5803424e-02   1.9770723e-01   6.0775410e-02   1.5928421e-01   8.9251249e-01   2.3578903e-02   4.0820941e-02   1.4776670e-01
   4.4408716e-06   4.4054492e-05   1.5155878e-05   3.4624476e-05   1.1426973e-06   6.1361096e-05   4.9950365e-04   9.5283072e-05   3.0689891e-04   1.1505521e-05   1.5814986e-05   3.7358645e-06   5.1313671e-05   1.2791000e-05   5.5825581e-06   6.1567626e-04   3.4040277e-05   7.3246983e-06   2.6846842e-06   9.4099778e-05   9.7081102e-07   4.6290975e-06   1.0364797e-06   5.4726870e-06   2.0842278e-05   6.9977923e-06   1.3673267e-04   1.6717444e-04   2.5458513e-05   1.7819985e-05
   0.0000000e+00   0.0000000e+00   0.0000000e+00   0.0000000e+00   0.0000000e+00   0.0000000e+00   0.0000000e+00   0.0000000e+00   0.0000000e+00   0.0000000e+00   0.0000000e+00   0.0000000e+00   0.0000000e+00   0.0000000e+00   0.0000000e+00   0.0000000e+00   0.0000000e+00   0.0000000e+00   0.0000000e+00   0.0000000e+00   0.0000000e+00   0.0000000e+00   0.0000000e+00   0.0000000e+00   0.0000000e+00   0.0000000e+00   0.0000000e+00   0.0000000e+00   0.0000000e+00   0.0000000e+00
   0.0000000e+00   0.0000000e+00   0.0000000e+00   0.0000000e+00   0.0000000e+00   0.0000000e+00   0.0000000e+00   0.0000000e+00   0.0000000e+00   0.0000000e+00   0.0000000e+00   0.0000000e+00   0.0000000e+00   0.0000000e+00   0.0000000e+00   0.0000000e+00   0.0000000e+00   0.0000000e+00   0.0000000e+00   0.0000000e+00   0.0000000e+00   0.0000000e+00   0.0000000e+00   0.0000000e+00   0.0000000e+00   0.0000000e+00   0.0000000e+00   0.0000000e+00   0.0000000e+00   0.0000000e+00
   0.0000000e+00   0.0000000e+00   0.0000000e+00   0.0000000e+00   0.0000000e+00   0.0000000e+00   0.0000000e+00   0.0000000e+00   0.0000000e+00   0.0000000e+00   0.0000000e+00   0.0000000e+00   0.0000000e+00   0.0000000e+00   0.0000000e+00   0.0000000e+00   0.0000000e+00   0.0000000e+00   0.0000000e+00   0.0000000e+00   0.0000000e+00   0.0000000e+00   0.0000000e+00   0.0000000e+00   0.0000000e+00   0.0000000e+00   0.0000000e+00   0.0000000e+00   0.0000000e+00   0.0000000e+00
   0.0000000e+00   0.0000000e+00   0.0000000e+00   0.0000000e+00   0.0000000e+00   0.0000000e+00   0.0000000e+00   0.0000000e+00   0.0000000e+00   0.0000000e+00   0.0000000e+00   0.0000000e+00   0.0000000e+00   0.0000000e+00   0.0000000e+00   0.0000000e+00   0.0000000e+00   0.0000000e+00   0.0000000e+00   0.0000000e+00   0.0000000e+00   0.0000000e+00   0.0000000e+00   0.0000000e+00   0.0000000e+00   0.0000000e+00   0.0000000e+00   0.0000000e+00   0.0000000e+00   0.0000000e+00
   0.0000000e+00   0.0000000e+00   0.0000000e+00   0.0000000e+00   0.0000000e+00   0.0000000e+00   0.0000000e+00   0.0000000e+00   0.0000000e+00   0.0000000e+00   0.0000000e+00   0.0000000e+00   0.0000000e+00   0.0000000e+00   0.0000000e+00   0.0000000e+00   0.0000000e+00   0.0000000e+00   0.0000000e+00   0.0000000e+00   0.0000000e+00   0.0000000e+00   0.0000000e+00   0.0000000e+00   0.0000000e+00   0.0000000e+00   0.0000000e+00   0.0000000e+00   0.0000000e+00   0.0000000e+00
