   4.7400378e+05   7.0550968e+05   1.6217219e+06   7.8443844e+05   1.4234081e+06   1.2819230e+06   3.8928935e+05   1.6534393e+06   7.9294226e+05   1.3150407e+06   2.6699819e+05   3.3393503e+05   1.1564951e+04   4.4237271e+05   2.3188940e+05   1.1233750e+05   1.2310669e+05   6.2211193e+03   3.5156288e+05   4.3607093e+05   5.9821196e+03   2.4092678e+05   5.6417571e+05   1.3917432e+05   2.8394387e+04   3.0386445e+05   3.3423967e+04   3.1420093e+05   1.0228964e+06   1.4190481e+05
   4.7400378e+05   3.7310918e+05   8.0489952e+05   5.5968296e+05   1.4234081e+06   5.5244052e+05   2.2763144e+04   1.2054579e+06   6.4871167e+05   4.5283461e+05   2.6699819e+05   3.3393503e+05   1.1564951e+04   3.2324197e+05   1.4620089e+05   1.1233750e+05   1.2310669e+05   6.2211193e+03   3.5156288e+05   4.3607093e+05   5.9821196e+03   2.4092678e+05   5.5502417e+05   1.3917432e+05   2.8394387e+04   1.0403927e+05   3.3423967e+04   3.7372520e+04   7.5398736e+04   1.4190481e+05
   3.6452089e+05   3.4257358e+05   2.3496087e+05   5.5968296e+05   8.9251893e+05   2.6722200e+05   5.4623131e+03   6.9981460e+05   3.9460825e+05   4.5283461e+05   2.6699819e+05   2.3228452e+05   1.1564951e+04   1.9365208e+05   7.2630812e+04   1.1233750e+05   1.2310669e+05   6.2211193e+03   3.5156288e+05   1.6372653e+04   5.9821196e+03   2.4092678e+05   1.0853697e+05   1.3917432e+05   2.8394387e+04   1.0403927e+05   3.3423967e+04   3.7372520e+04   7.5398736e+04   8.0463627e+04
   2.1392754e+05   3.4257358e+05   2.3496087e+05   4.0450619e+05   6.6122816e+05   2.6722200e+05   5.4623131e+03   6.0949143e+05   3.9460825e+05   4.3838957e+05   2.6699819e+05   1.3550657e+05   4.6008081e+03   1.9365208e+05   7.2630812e+04   1.1233750e+05   9.3630528e+04   4.7551852e+03   1.2763220e+05   1.6372653e+04   5.9821196e+03   2.4092678e+05   7.7406885e+04   1.3917432e+05   2.8394387e+04   9.9393820e+04   1.6319763e+04   3.7155678e+04   7.5398736e+04   8.0463627e+04
   2.9002141e+04   8.5184013e+04   2.1876282e+05   9.0780406e+04   1.3800210e+05   2.5037011e+05   5.4623131e+03   4.6370748e+05   1.1424709e+03   1.6742843e+05   1.4870749e+05   1.3550657e+05   4.6008081e+03   3.2052240e+04   7.1826081e+04   6.7623048e+04   6.3771558e+03   4.7551852e+03   1.2763220e+05   1.6372653e+04   5.2037214e+03   2.2398992e+05   7.7406885e+04   2.7851798e+04   1.4566704e+04   4.7754445e+04   4.5312987e+03   3.7035849e+04   2.6500706e+04   1.8729328e+03
   2.2889063e+04   3.0976237e+04   8.6309921e+04   3.2835991e+04   1.2462758e+05   9.3628611e+04   5.4623131e+03   2.3377108e+05   1.1424709e+03   7.1463893e+04   3.9272664e+04   8.0662496e+04   8.4701796e+02   1.6871717e+04   2.4268694e+04   3.5730002e+04   3.0476228e+03   4.7551852e+03   7.8601615e+04   1.6372653e+04   3.7102867e+03   1.3282749e+04   6.1693295e+04   2.5236967e+04   6.4708273e+03   2.9971030e+04   4.5312987e+03   1.1471811e+04   2.6500706e+04   1.3747065e+03
   7.5388722e+03   3.0976237e+04   5.9363417e+04   1.2826351e+04   1.7536107e+04   7.9715301e+04   5.1753266e+03   9.6071874e+04   1.0489102e+03   2.8348031e+04   2.7927339e+04   3.3115381e+04   8.1847995e+02   1.5475782e+04   1.2498563e+04   1.2770521e+04   2.6271684e+03   3.2548047e+03   4.8145961e+04   1.5163107e+04   1.8647414e+03   1.0459349e+04   3.3534649e+03   9.9734442e+03   1.7689777e+03   2.1170398e+04   1.4701323e+03   1.1471811e+04   1.9146552e+04   1.0634919e+03
   5.9117234e+03   6.4601210e+03   1.8622270e+04   5.0469472e+03   1.4928679e+04   5.2021700e+03   4.9056118e+03   7.8312601e+03   5.8419341e+02   1.6554656e+03   5.2022418e+03   4.1544362e+03   5.3526555e+02   1.9003248e+03   9.4725267e+03   2.2456797e+02   1.4418956e+02   2.2599075e+02   6.6998901e+03   3.4892291e+03   7.0399171e+02   1.9939692e+03   1.9604825e+03   6.5085954e+03   5.9403490e+02   3.7641063e+03   1.3782765e+02   1.4937104e+03   1.9551423e+03   3.5574142e+02
   1.0188286e+03   1.4274941e+03   2.8987128e+02   3.4624612e+02   4.4874376e+02   3.9020492e+02   1.1613928e+02   4.5023698e+02   8.0344659e+01   6.4408451e+01   6.4795949e+02   1.3120257e+01   1.5868813e+01   3.6872188e+01   1.0408658e+03   1.2220853e+02   2.7961832e+01   1.0103092e+02   3.6067749e+02   6.3537803e+01   7.4746477e+01   1.8755436e+02   5.4629967e+01   2.8914508e+02   2.6174009e+02   1.4648361e+02   4.9618486e+01   4.8593486e+01   4.4623789e+01   8.2768510e+01
   6.5414425e+00   1.5681372e+01   7.1052320e+00   9.5733426e+00   1.3863368e+01   8.6960649e+00   1.1618227e+01   2.8336669e+01   8.6369498e+00   8.8629244e+00   1.1048815e+01   6.9348622e+00   5.9761267e+00   5.3262875e+00   8.0365908e+00   6.0552231e+00   6.2146776e+00   6.6913321e+00   1.2015800e+01   8.7215579e+00   8.1705082e+00   9.6848771e+00   5.7175889e+00   1.0200818e+01   7.4195212e+00   1.0085131e+01   6.9455304e+00   1.0093503e+01   8.7061419e+00   6.4371423e+00
   5.2338464e+00   4.6996094e+00   3.8412021e+00   4.7516514e+00   3.9526907e+00   3.0057790e+00   4.6729087e+00   5.5505033e+00   3.2348486e+00   4.4572314e+00   4.1610246e+00   4.6053285e+00   3.3729885e+00   4.6990767e+00   5.2577755e+00   4.1902627e+00   3.5223418e+00   4.5474482e+00   4.2133914e+00   3.7120495e+00   5.0790192e+00   4.0355190e+00   3.4746501e+00   4.7412823e+00   4.6609690e+00   3.1696159e+00   4.9849566e+00   3.0417796e+00   5.4494253e+00   3.4637742e+00
   2.5678875e+00   2.9536788e+00   3.4802752e+00   3.3677734e+00   3.9526907e+00   3.0057790e+00   2.7006301e+00   3.3693159e+00   1.3890632e+00   2.9680488e+00   3.0195738e+00   3.0905249e+00   2.6059824e+00   2.9192066e+00   2.8247115e+00   2.1742278e+00   3.2725829e+00   3.4910954e+00   2.2385061e+00   2.7604817e+00   2.9260337e+00   3.5765577e+00   3.3264158e+00   1.7446598e+00   3.0910792e+00   3.1696159e+00   2.5754079e+00   3.0417796e+00   3.4886808e+00   2.6386173e+00
   2.3205279e+00   2.1942475e+00   2.2871557e+00   2.3500475e+00   2.9773479e+00   2.1581966e+00   2.7006301e+00   2.4155348e+00   1.3890632e+00   2.8853840e+00   2.2829022e+00   1.7695476e+00   1.9098537e+00   2.0374730e+00   2.2388364e+00   2.1742278e+00   2.1842919e+00   2.6409871e+00   2.2385061e+00   1.7461744e+00   1.8997410e+00   1.1721957e+00   2.1422334e+00   1.7446598e+00   2.2869328e+00   2.6575517e+00   2.2141735e+00   2.2830915e+00   1.8731088e+00   2.6165346e+00
   7.1690697e-01   9.6830030e-01   1.4353081e+00   1.7062159e+00   9.8983285e-01   1.3088759e+00   9.1384265e-01   1.4622954e+00   1.3130333e+00   1.1215417e+00   9.5805416e-01   1.3100568e+00   1.2169897e+00   9.8913508e-01   1.3614723e+00   1.6944951e+00   1.3699181e+00   1.3932055e+00   9.9127690e-01   1.1579970e+00   1.5272269e+00   1.1721957e+00   1.5884124e+00   1.3058494e+00   1.4615053e+00   9.8827774e-01   1.3463369e+00   1.2852989e+00   1.2998010e+00   9.0540118e-01
   1.3284914e-01   4.3895250e-01   4.4717668e-01   7.4839676e-01   3.9682017e-01   7.2093192e-01   3.8620950e-01   5.0550776e-01   5.0543899e-01   4.4472454e-01   4.7017621e-01   5.6302690e-01   4.1792545e-01   6.5756262e-01   5.6469417e-01   7.7635815e-01   4.4876796e-01   6.3754848e-01   6.9977418e-01   6.5150588e-01   8.1575254e-01   5.8160274e-01   8.1551958e-01   7.5659931e-01   7.0267616e-01   5.9583276e-01   8.5007009e-01   6.9129287e-01   8.0309906e-01   7.1346341e-01
   1.1361960e-01   1.6945012e-01   2.3616713e-01   2.4077415e-01   2.4101006e-01   2.8571580e-01   2.9112160e-01   2.9774123e-01   3.0279975e-01   3.0907665e-01   3.1566672e-01   3.4965648e-01   3.5656390e-01   3.6552306e-01   3.7359936e-01   3.9169159e-01   3.9343767e-01   4.0712948e-01   4.2607647e-01   4.3514001e-01   4.3706287e-01   4.3939582e-01   4.4740080e-01   4.5804875e-01   4.8233271e-01   4.8548928e-01   4.9507246e-01   4.9687846e-01   5.4517959e-01   5.8012085e-01
