   8.9721835e+06   3.8955520e+06   1.0622785e+07   4.7985074e+06   3.1793075e+06   7.5931711e+06   1.0163581e+07   2.2958235e+07   8.3412984e+06   4.4143674e+06   6.3510900e+06   1.6305392e+06   2.9841414e+06   1.2350821e+07   2.5866683e+06   5.7974561e+05   3.3199594e+05   2.3081280e+06   1.6867601e+07   9.4328684e+05   2.3074904e+06   5.2837919e+06   2.2573814e+07   2.9622262e+06   3.3563546e+06   1.4786657e+06   6.9544941e+06   4.9248809e+06   1.3009210e+07   5.5773328e+06
   8.9714120e+06   2.1975686e+06   5.7437341e+06   1.4687287e+06   3.1792988e+06   7.5931711e+06   1.0163526e+07   6.7484675e+06   8.3412967e+06   4.4143674e+06   5.4418505e+06   1.1937961e+06   1.7011561e+06   1.2349790e+07   2.5866683e+06   5.7974561e+05   3.3199594e+05   2.2844441e+06   6.6007116e+06   9.4287370e+05   2.3074904e+06   1.8529411e+06   1.1151432e+07   8.6538916e+05   1.0159517e+06   1.4786657e+06   6.9535399e+06   3.5067640e+06   6.5817555e+06   5.5773328e+06
   2.2074070e+06   2.1975686e+06   5.7145980e+06   1.4687287e+06   1.4961584e+06   2.1167592e+06   4.8777239e+06   3.6246165e+06   4.4965390e+06   1.1952012e+06   1.1627771e+06   1.1937961e+06   1.7011561e+06   1.2349790e+07   2.5866683e+06   5.7974561e+05   3.3199594e+05   9.9358023e+05   6.3803573e+06   9.4287370e+05   2.3073855e+06   1.2217171e+06   9.3444355e+05   8.6538916e+05   1.0159509e+06   1.4786657e+06   6.9991556e+05   3.5067082e+06   4.9482026e+06   1.5341942e+06
   1.8195004e+06   2.1975686e+06   8.4397266e+05   1.4687287e+06   1.4961584e+06   1.7430194e+06   4.8777239e+06   3.6246165e+06   3.0169575e+06   1.1952012e+06   6.8031343e+05   1.1937940e+06   2.3159947e+05   1.0537461e+06   2.5778117e+06   5.7974561e+05   3.3199594e+05   9.9358023e+05   1.5823104e+06   9.4287370e+05   2.3070814e+06   1.2217171e+06   9.3444355e+05   8.6538916e+05   7.9120007e+05   5.4658037e+05   6.1174637e+05   3.5067082e+06   3.7520757e+06   1.5341942e+06
   1.8040430e+06   2.1906171e+06   4.2246641e+05   1.4674969e+06   1.4768474e+05   6.3715483e+05   1.5087435e+05   8.6333999e+05   3.9818110e+05   5.6012863e+05   2.6149165e+05   7.3449036e+05   2.3159947e+05   1.0537461e+06   9.7925686e+05   4.4945220e+05   3.3199594e+05   6.6888513e+04   3.2864917e+05   1.2885251e+05   5.7326266e+05   6.4285344e+05   9.9362390e+04   1.6793232e+05   6.3646508e+05   5.4517502e+05   5.4787156e+05   3.4057972e+05   1.1988454e+06   1.5341917e+06
   1.2530027e+05   2.0599249e+05   4.2241624e+05   1.4229336e+06   1.0598599e+05   7.3258351e+04   1.0093987e+05   8.6271700e+05   1.8929510e+05   5.0802959e+05   2.0639984e+05   4.1361086e+05   2.3159136e+05   4.9050523e+05   9.5053500e+04   3.9272312e+05   3.3197971e+05   6.6888513e+04   3.2864917e+05   1.2885251e+05   3.7468057e+05   6.3889217e+05   9.9362390e+04   1.6274633e+05   6.1955953e+05   5.4517502e+05   5.3989146e+05   3.3191550e+05   1.0146461e+06   6.9816714e+05
   1.2395440e+05   1.5451422e+05   1.7999032e+05   9.3265742e+05   3.1647268e+04   7.3249027e+04   6.9879980e+04   2.8055217e+05   4.1633470e+04   3.4767582e+05   6.1899037e+04   4.8405413e+04   2.3048962e+05   1.8133719e+05   8.0272117e+04   1.8851787e+05   1.6723770e+05   3.3656508e+04   1.2189780e+05   1.2885251e+05   2.4522166e+05   3.2164889e+05   9.9227833e+04   5.7777061e+04   1.1998353e+05   4.4634149e+04   5.2583292e+05   2.2116034e+05   1.4952085e+04   6.3529194e+05
   2.3587523e+04   4.8668805e+04   1.2867202e+05   1.2245239e+05   2.7257265e+04   1.7785118e+04   5.7785636e+03   1.6270485e+04   3.3769416e+04   4.8444112e+04   4.0380168e+04   1.0944998e+04   7.4973744e+04   1.2349582e+04   4.7279706e+04   7.3051445e+04   1.2105673e+05   3.3596768e+04   4.5663444e+04   5.1812784e+04   4.8623963e+04   5.8889005e+04   8.9892464e+04   3.8076293e+04   1.1556123e+05   4.3749601e+04   5.0805320e+04   7.0420477e+04   1.4940771e+04   4.2421484e+03
   1.0859668e+04   5.0892276e+03   6.7043612e+03   1.2814784e+04   3.0625169e+03   1.0486241e+04   5.5299345e+03   2.9335157e+03   1.2064162e+04   4.7020821e+03   6.1928781e+03   3.2343571e+03   6.7157895e+03   3.0245078e+03   6.5434649e+03   1.5872812e+03   2.1158888e+04   5.7685509e+03   7.5978072e+03   3.7317816e+03   4.9188115e+03   1.5409856e+04   2.6375368e+04   3.6045866e+03   1.9843120e+03   6.6253140e+03   7.1077638e+03   8.4345649e+03   1.1488734e+04   2.8371591e+03
   1.8439614e+03   2.2108199e+03   1.4285047e+03   1.8621418e+03   1.3686145e+03   2.5472360e+03   6.2506734e+02   8.6867096e+02   8.3727705e+02   1.1110026e+03   1.2987427e+03   9.5111469e+02   1.1708903e+03   1.1524120e+03   1.9256394e+03   1.1729718e+03   1.9001187e+03   1.2296526e+03   9.6337628e+02   8.7899603e+02   1.4865465e+03   2.6370828e+03   1.3980060e+03   6.5485020e+02   1.9327017e+03   8.0439591e+02   1.4294078e+03   1.0284451e+03   1.2798022e+03   1.3029933e+03
   3.4571265e+02   3.0774402e+02   3.2406535e+02   3.0443804e+02   3.2031842e+02   3.1795373e+02   2.3917726e+02   3.6585607e+02   3.9435788e+02   3.4960043e+02   3.0072428e+02   2.3547432e+02   1.4298998e+02   3.1931873e+02   2.4823435e+02   9.4146730e+01   3.2939087e+02   2.7295536e+02   2.1389416e+02   3.5954032e+02   4.1179604e+02   4.4715885e+02   2.4305475e+02   3.7339644e+02   3.0377840e+02   3.7047106e+02   2.3999481e+02   4.0911237e+02   3.3545587e+02   3.6510700e+02
   7.8353936e+01   6.8313709e+01   6.8315568e+01   5.6463526e+01   7.5452558e+01   2.9367472e+01   4.0209050e+01   6.7237147e+01   6.0950677e+01   5.7812671e+01   7.8314780e+01   7.8113192e+01   8.4810724e+01   6.6484394e+01   6.4123257e+01   4.9121831e+01   3.0883199e+01   5.9791408e+01   5.8658569e+01   6.1180340e+01   7.7360603e+01   5.3613406e+01   9.9254575e+01   5.4256401e+01   8.4257293e+01   4.9625326e+01   3.6751492e+01   5.9949745e+01   5.8691586e+01   7.1795683e+01
   2.3079306e+01   1.1268327e+01   2.2556562e+01   2.7968082e+01   2.4897961e+01   1.1229944e+01   9.9945031e+00   1.1946205e+01   1.6366565e+01   1.8666948e+01   1.6139067e+01   1.2290433e+01   1.6918577e+01   1.8010002e+01   1.8167484e+01   1.4400730e+01   1.4759266e+01   1.5514155e+01   1.7770988e+01   1.6381760e+01   1.6617076e+01   1.1504084e+01   1.4965492e+01   1.5789650e+01   2.6237871e+01   1.6111901e+01   1.3063406e+01   1.6562989e+01   1.3835057e+01   9.6271450e+00
   2.1273507e+00   7.7359244e-01   1.9533147e+00   9.4867379e-01   3.0588765e+00   1.9087305e+00   1.8560092e+00   2.1681142e+00   4.6373077e-01   2.5867549e+00   2.1846143e+00   1.2651378e+00   1.0169583e+00   1.0097497e+00   1.7713417e+00   1.6088364e+00   1.6759846e+00   1.7052094e+00   2.1484237e+00   1.5453450e+00   1.9755712e+00   9.8309128e-01   2.0526101e+00   1.2026610e+00   3.1563379e+00   1.4440354e+00   1.1686789e+00   1.3146602e+00   1.4788366e+00   2.0630844e+00
   1.7552576e-06   1.1691651e-06   3.0898965e-07   1.0516818e-06   5.3816305e-06   4.4424219e-07   3.7628493e-07   6.8758483e-07   1.0084219e-07   4.4241942e-07   5.4777554e-07   1.0433790e-07   5.0446825e-07   8.1542610e-08   5.4808932e-07   3.4662378e-07   1.5562863e-07   2.2941639e-07   4.1872067e-07   1.1347040e-07   1.4917401e-06   4.7486084e-08   2.3005180e-07   1.8892689e-07   9.9191553e-07   7.4815272e-07   2.7120138e-07   3.9609813e-07   5.7418154e-07   1.2652184e-06
   0.0000000e+00   0.0000000e+00   0.0000000e+00   0.0000000e+00   0.0000000e+00   0.0000000e+00   0.0000000e+00   0.0000000e+00   0.0000000e+00   0.0000000e+00   0.0000000e+00   0.0000000e+00   0.0000000e+00   0.0000000e+00   0.0000000e+00   0.0000000e+00   0.0000000e+00   0.0000000e+00   0.0000000e+00   0.0000000e+00   0.0000000e+00   0.0000000e+00   0.0000000e+00   0.0000000e+00   0.0000000e+00   0.0000000e+00   0.0000000e+00   0.0000000e+00   0.0000000e+00   0.0000000e+00
