   8.8351077e+09   1.1090489e+10   1.7801477e+10   1.2186714e+10   1.0187073e+10   8.4060747e+09   9.9926716e+09   1.6299067e+10   5.8184616e+09   7.7008706e+09   1.4130965e+10   1.1952852e+10   8.4837308e+09   1.1483456e+10   1.0437095e+10   1.0659307e+10   1.3322188e+10   1.0938688e+10   1.6383652e+10   1.2050967e+10   8.6080737e+09   1.0139492e+10   9.9151406e+09   9.4983446e+09   3.3671281e+09   7.8298583e+09   1.1862860e+10   1.2797655e+10   1.0985766e+10   1.0103745e+10
   7.1141943e+09   8.8859810e+09   7.7075790e+09   1.0469721e+10   1.0187073e+10   8.4060747e+09   9.9926716e+09   1.5416382e+10   5.8184616e+09   6.6515154e+09   1.3131181e+10   8.9936508e+09   7.6879555e+09   1.1483456e+10   6.8232178e+09   1.0078508e+10   8.2152959e+09   8.0069739e+09   1.4503812e+10   1.2050957e+10   8.6080737e+09   1.0139492e+10   9.9151406e+09   8.1920560e+09   3.3671281e+09   7.8298583e+09   8.7827965e+09   1.2797655e+10   1.0402982e+10   9.8195703e+09
   7.1141943e+09   7.5411902e+09   7.7075790e+09   1.0469721e+10   8.0894583e+09   7.7257446e+09   9.9926716e+09   9.0036261e+09   5.8184616e+09   6.5729264e+09   5.3034035e+09   8.9936508e+09   7.6664196e+09   1.1361198e+10   6.8232178e+09   8.1439895e+09   8.2152959e+09   8.0069739e+09   1.0206060e+10   8.5600551e+09   4.1010370e+09   8.9037859e+09   9.9151406e+09   6.1290399e+09   3.3671281e+09   7.8298583e+09   6.5091946e+09   9.3933810e+09   8.2586343e+09   6.0499321e+09
   5.0887109e+09   6.7568751e+09   7.0469667e+09   7.0691676e+09   8.0894583e+09   7.7257446e+09   7.0716008e+09   9.0036261e+09   5.8184616e+09   6.1268671e+09   5.3034035e+09   8.9936508e+09   7.6664196e+09   8.5375396e+09   6.4868196e+09   8.1439895e+09   6.8003257e+09   8.0069739e+09   1.0206060e+10   8.5600551e+09   3.3762651e+09   8.9037859e+09   8.9757015e+09   6.1290399e+09   2.1771786e+09   4.6845362e+09   6.5091946e+09   9.3933810e+09   8.2586343e+09   5.2950190e+09
   5.0887109e+09   5.1817151e+09   6.5036225e+09   5.1061770e+09   6.1755637e+09   4.2272422e+09   5.2785198e+09   6.5783023e+09   5.0885249e+09   5.8225454e+09   2.0533303e+09   4.9016950e+09   4.7683787e+09   7.3934894e+09   5.0888072e+09   4.4672945e+09   3.5462959e+09   8.0069739e+09   5.1523018e+09   5.4755594e+09   2.3591918e+09   3.3073588e+09   5.7829198e+09   5.2867166e+09   2.0090877e+09   4.0727810e+09   6.3076199e+09   7.1303380e+09   8.2586343e+09   4.8738119e+09
   1.5476305e+09   2.6208275e+09   4.4203671e+09   3.1715402e+09   3.1216591e+09   2.9596778e+09   4.6370578e+09   3.5702987e+09   4.2221227e+09   3.3428228e+09   1.8404653e+09   2.9406007e+09   3.7772690e+09   3.0449300e+09   2.4748903e+09   2.0830298e+09   3.3939985e+09   4.2580515e+09   5.1523012e+09   4.8365923e+09   1.9377354e+09   3.0851654e+09   3.1563286e+09   3.9053734e+09   1.9751945e+09   1.4969608e+09   2.9543922e+09   6.0652409e+09   4.8679485e+09   3.0241500e+09
   1.5476305e+09   2.2215151e+09   4.1303639e+09   2.0191440e+09   2.3155570e+09   2.9171247e+09   2.4451212e+09   2.2671156e+09   2.9623437e+09   2.2832644e+09   1.5892179e+09   2.4170336e+09   3.3005485e+09   2.1769097e+09   2.4748903e+09   7.0110053e+08   1.1810738e+09   2.4036980e+09   3.0066783e+09   1.8609910e+09   9.1479898e+08   2.4890443e+09   2.8276118e+09   2.9937582e+09   9.9970868e+08   1.4899603e+09   1.0310852e+09   3.6966485e+09   2.7784150e+09   2.1993970e+09
   8.6443411e+08   8.2707391e+08   1.1839814e+09   7.3099143e+08   9.5635930e+08   6.0324052e+08   4.1954572e+08   5.1104693e+08   7.4339167e+08   9.0936300e+08   6.4405060e+08   9.1066937e+08   1.2047879e+09   9.1502405e+08   1.0587687e+09   6.2386534e+08   7.1306961e+08   1.0728925e+09   6.5304110e+08   5.3340566e+08   6.1000089e+08   8.7385064e+08   1.2986253e+09   1.1542471e+09   8.2359344e+08   8.6029161e+08   4.2740435e+08   9.3961195e+08   8.9579795e+08   6.6534956e+08
   3.2113053e+08   1.9277009e+08   2.8113709e+08   9.9000782e+07   1.6158404e+08   2.4386035e+08   2.5384031e+08   2.4753682e+08   1.8906351e+08   2.2441431e+08   1.1663866e+08   1.9512048e+08   1.7390219e+08   2.6184052e+08   2.7429027e+08   1.5488852e+08   2.1891682e+08   5.5518561e+07   1.4908326e+08   1.2017291e+08   2.4182158e+08   2.4303232e+08   1.0009830e+08   1.7845009e+08   2.9513255e+08   1.8478678e+08   2.6865617e+08   2.5003256e+08   1.3848376e+08   2.1277631e+08
   4.1183749e+07   3.6601142e+07   4.7300631e+07   2.6500672e+07   2.3043164e+07   3.9074865e+07   2.1886742e+07   2.5765747e+07   1.3297073e+07   3.3402169e+07   3.8133874e+07   1.4559480e+07   2.6005416e+07   2.1197325e+07   3.4987963e+07   2.6196826e+07   1.4855049e+07   2.8298001e+07   3.1262059e+07   2.2454233e+07   3.2891822e+07   3.0162411e+07   3.0221130e+07   1.9407962e+07   3.5217323e+07   2.9853088e+07   2.6273977e+07   1.9610738e+07   4.1705311e+07   2.5640580e+07
   2.8418671e+06   1.6837684e+06   2.2181614e+06   2.2281220e+06   7.3984588e+05   2.1080277e+06   2.5662141e+06   1.5415407e+06   1.3416778e+06   2.0168325e+06   1.5743398e+06   2.0383456e+06   1.9905228e+06   2.2312790e+06   1.6568616e+06   2.2502514e+06   1.7613603e+06   1.8779490e+06   2.5946863e+06   1.1351039e+06   1.6283826e+06   1.9475058e+06   2.3401534e+06   1.8212510e+06   1.3477682e+06   1.5015896e+06   2.4825107e+06   8.7339304e+05   8.9382251e+05   1.6792918e+06
   1.9852498e+04   2.3839812e+04   1.6264925e+04   2.6182485e+04   2.6122008e+04   3.5205412e+04   3.2164889e+04   3.9352330e+04   2.4627991e+04   1.0905440e+04   2.5311487e+04   1.7764311e+04   3.2679231e+04   3.9584105e+04   3.5938696e+04   2.8539421e+04   2.2843730e+04   2.0964496e+04   2.5456472e+04   2.7967332e+04   1.5653881e+04   2.5630513e+04   2.4729033e+04   1.2006381e+04   2.6514884e+04   1.3901942e+04   2.0108461e+04   1.9756657e+04   2.0293825e+04   1.7474976e+04
   7.9111257e+01   4.7570562e+01   1.6760633e+01   3.9141529e+01   3.0776131e+01   2.3275172e+01   4.4934859e+01   6.9629716e+01   4.6026621e+01   5.2191701e+01   2.9307877e+01   1.8596832e+01   4.9460603e+01   2.9345399e+01   6.4760847e+01   4.5601317e+01   2.1984387e+01   5.3707273e+01   5.9106906e+01   5.5139539e+01   2.0775304e+01   6.5407489e+01   8.5883363e+01   3.6106420e+01   7.1447326e+01   3.1858906e+01   3.7468007e+01   2.9193868e+01   2.3753345e+01   3.4019806e+01
   3.6822709e-03   3.6397194e-04   8.4165514e-04   4.2960945e-04   4.9324191e-04   2.0711879e-03   7.0039618e-04   1.3991445e-03   1.3611416e-03   2.3054289e-03   1.1882095e-03   1.9896070e-03   1.6065255e-03   1.9746033e-03   2.3755129e-03   3.7558701e-03   9.3568468e-04   1.1234445e-03   1.7743045e-03   1.3841083e-03   9.2038887e-04   1.2406490e-03   1.2365192e-03   1.8522377e-03   1.9377910e-03   1.0786268e-03   4.1742829e-04   1.3329634e-03   1.0307518e-03   1.6290690e-03
   0.0000000e+00   0.0000000e+00   0.0000000e+00   0.0000000e+00   0.0000000e+00   0.0000000e+00   0.0000000e+00   0.0000000e+00   0.0000000e+00   0.0000000e+00   0.0000000e+00   0.0000000e+00   0.0000000e+00   0.0000000e+00   0.0000000e+00   0.0000000e+00   0.0000000e+00   0.0000000e+00   0.0000000e+00   0.0000000e+00   0.0000000e+00   0.0000000e+00   0.0000000e+00   0.0000000e+00   0.0000000e+00   0.0000000e+00   0.0000000e+00   0.0000000e+00   0.0000000e+00   0.0000000e+00
   0.0000000e+00   0.0000000e+00   0.0000000e+00   0.0000000e+00   0.0000000e+00   0.0000000e+00   0.0000000e+00   0.0000000e+00   0.0000000e+00   0.0000000e+00   0.0000000e+00   0.0000000e+00   0.0000000e+00   0.0000000e+00   0.0000000e+00   0.0000000e+00   0.0000000e+00   0.0000000e+00   0.0000000e+00   0.0000000e+00   0.0000000e+00   0.0000000e+00   0.0000000e+00   0.0000000e+00   0.0000000e+00   0.0000000e+00   0.0000000e+00   0.0000000e+00   0.0000000e+00   0.0000000e+00
