   5.1122900e+02   5.3607404e+02   5.4680961e+02   4.0381013e+02   5.1851857e+02   5.6533244e+02   5.7519447e+02   4.0874194e+02   5.9471286e+02   5.1206089e+02   6.4194182e+02   5.2112492e+02   5.0694009e+02   3.9893010e+02   3.6149530e+02   5.7200864e+02   3.7881552e+02   4.8633458e+02   4.6179225e+02   3.1927686e+02   4.5105509e+02   4.0965665e+02   5.1562367e+02   5.2573163e+02   4.1162310e+02   6.0072478e+02   5.6480005e+02   5.8204070e+02   4.2490620e+02   4.4259662e+02
   2.8895317e+02   3.3122618e+02   1.6420402e+02   3.5644737e+02   3.1485203e+02   4.9735746e+02   5.0482916e+02   4.0874194e+02   1.4686160e+02   2.4014194e+02   4.1525931e+02   2.8907242e+02   1.6032452e+02   3.9893010e+02   3.1065880e+02   2.7161316e+02   1.2390422e+02   3.0244528e+02   3.6262963e+02   2.3885559e+02   3.3630650e+02   4.0965665e+02   2.2883253e+02   2.2657409e+02   4.0766916e+02   2.9786576e+02   3.6113489e+02   4.3880319e+02   3.9613258e+02   3.9957426e+02
   1.2402805e+02   1.8510177e+02   1.6420402e+02   2.0680211e+02   1.7170578e+02   1.4259407e+02   2.2820836e+02   1.3942577e+02   1.4543236e+02   1.7188640e+02   1.8494859e+02   2.0777384e+02   1.5165103e+02   8.0405928e+01   2.8571697e+02   2.1961488e+02   9.3176859e+01   2.2044867e+02   2.0301149e+02   1.1060265e+02   2.0311031e+02   3.0661537e+02   1.9566039e+02   1.8941506e+02   2.0785469e+02   1.5403234e+02   2.5913326e+02   1.2446344e+02   2.3308620e+02   2.7934651e+02
   8.1894481e+01   1.5590121e+02   1.4078127e+02   2.0680211e+02   1.7170578e+02   1.4259407e+02   1.7049674e+02   1.0259486e+02   6.3708705e+01   1.5176464e+02   9.5136236e+01   1.8991782e+02   1.3017066e+02   8.0405928e+01   1.0814439e+02   1.5620251e+02   8.1226533e+01   1.6416161e+02   1.3433164e+02   9.3405971e+01   2.0311031e+02   9.1832141e+01   5.0272935e+01   1.2360405e+02   8.9066012e+01   1.5403234e+02   1.5763278e+02   1.1626751e+02   1.1130193e+02   1.8243538e+02
   8.1894481e+01   7.8453027e+01   7.8576660e+01   8.3302839e+01   7.6251140e+01   7.1872263e+01   6.6983800e+01   6.0159857e+01   5.5319763e+01   5.6995765e+01   6.8151687e+01   7.2981564e+01   6.9007729e+01   4.8639803e+01   6.5013225e+01   6.7754215e+01   5.9256459e+01   8.1491785e+01   6.9291271e+01   5.8857691e+01   7.4487693e+01   6.8806176e+01   5.0272935e+01   8.3487546e+01   7.4277956e+01   3.1706297e+01   3.6314054e+01   9.4901854e+01   7.1300215e+01   8.8228499e+01
   5.0975513e+01   3.7062776e+01   3.0625835e+01   5.1532228e+01   4.6759817e+01   4.3018912e+01   2.8097713e+01   4.7712157e+01   3.8092392e+01   2.5864616e+01   4.8157968e+01   2.9384542e+01   3.0523885e+01   2.6665810e+01   4.9178408e+01   3.2412013e+01   2.4431977e+01   4.4813789e+01   4.6069702e+01   4.5110515e+01   3.7470897e+01   3.9011918e+01   3.2225877e+01   4.3951641e+01   4.9311005e+01   3.1211453e+01   3.6314054e+01   1.5456525e+01   3.8757727e+01   3.9824083e+01
   2.0163775e+01   1.7029611e+01   2.3707375e+01   3.0051806e+01   2.7453561e+01   1.3869863e+01   2.0846232e+01   1.8616344e+01   2.3501772e+01   2.4292448e+01   1.8707469e+01   2.0578508e+01   1.9284463e+01   1.2498506e+01   1.8165685e+01   1.5289957e+01   2.2852931e+01   1.6183035e+01   2.1929582e+01   1.2144756e+01   2.3013859e+01   2.5470684e+01   1.4244590e+01   2.4263437e+01   1.8564726e+01   1.6680812e+01   2.0386847e+01   1.5456525e+01   1.8449260e+01   2.2469778e+01
   1.0008027e+01   9.6428393e+00   1.1004559e+01   9.1061499e+00   1.1172098e+01   1.0449793e+01   9.9593673e+00   1.0827351e+01   8.3284986e+00   7.4787645e+00   5.4402442e+00   6.6946883e+00   7.3510581e+00   6.7289866e+00   8.7429878e+00   9.6596785e+00   9.4277827e+00   9.3141167e+00   1.0580712e+01   9.6204023e+00   8.7072041e+00   1.1293160e+01   1.0857958e+01   7.8010766e+00   7.4311061e+00   8.7429101e+00   7.4785855e+00   7.2850289e+00   9.7183646e+00   1.0180590e+01
   5.8296256e-01   5.9649871e-01   9.5678410e-01   8.0941563e-01   8.9137548e-01   5.3371818e-01   5.4645555e-01   1.3574538e+00   5.5067447e-01   3.5336418e-01   4.3654365e-01   3.0796801e-01   3.4784942e-01   2.9799529e-01   3.7213371e-01   5.8051955e-01   4.7242421e-01   5.0254032e-01   1.2047717e-01   1.0222568e+00   1.4009952e+00   5.5780238e-01   2.8959007e-01   5.1179493e-01   4.5012720e-01   9.4007816e-01   2.4414262e-01   2.4582926e-01   8.1641289e-01   1.9189267e-01
   4.1490885e-03   5.1269763e-03   1.6050329e-02   4.6370103e-03   6.1065900e-03   9.2952747e-03   5.1995730e-03   8.7626813e-03   4.9826350e-03   5.7008987e-03   1.2173324e-02   6.0161459e-03   1.4102950e-02   7.4370168e-03   5.0589884e-03   6.1916469e-03   9.4998902e-03   8.8268940e-03   5.3260117e-03   6.2728163e-03   8.7301960e-03   6.0423799e-03   1.0074772e-02   1.1876400e-02   7.0014455e-03   1.2893000e-02   3.2098917e-03   3.1042975e-03   9.1526993e-04   3.6440099e-03
   1.7518979e-05   1.6080411e-05   3.2753391e-05   2.1392822e-05   2.1342798e-05   3.7524736e-05   3.0790333e-05   2.4395179e-05   1.6602043e-05   1.4778284e-05   3.3418896e-05   1.6872143e-05   3.3835919e-05   2.0926143e-05   2.5650494e-05   2.6708943e-05   2.5640957e-05   2.3539017e-05   1.5043951e-05   7.5432190e-06   4.9852808e-05   2.7642485e-05   1.4910871e-05   4.8882243e-05   3.0076453e-05   5.7520506e-05   1.1162190e-05   2.5531732e-05   5.5977357e-05   1.4759419e-05
   0.0000000e+00   0.0000000e+00   1.8126798e-08   0.0000000e+00   0.0000000e+00   0.0000000e+00   0.0000000e+00   0.0000000e+00   0.0000000e+00   0.0000000e+00   0.0000000e+00   0.0000000e+00   0.0000000e+00   0.0000000e+00   0.0000000e+00   0.0000000e+00   0.0000000e+00   0.0000000e+00   0.0000000e+00   0.0000000e+00   0.0000000e+00   0.0000000e+00   0.0000000e+00   0.0000000e+00   0.0000000e+00   1.1273383e-08   0.0000000e+00   0.0000000e+00   1.0256960e-08   0.0000000e+00
   0.0000000e+00   0.0000000e+00   0.0000000e+00   0.0000000e+00   0.0000000e+00   0.0000000e+00   0.0000000e+00   0.0000000e+00   0.0000000e+00   0.0000000e+00   0.0000000e+00   0.0000000e+00   0.0000000e+00   0.0000000e+00   0.0000000e+00   0.0000000e+00   0.0000000e+00   0.0000000e+00   0.0000000e+00   0.0000000e+00   0.0000000e+00   0.0000000e+00   0.0000000e+00   0.0000000e+00   0.0000000e+00   0.0000000e+00   0.0000000e+00   0.0000000e+00   0.0000000e+00   0.0000000e+00
   0.0000000e+00   0.0000000e+00   0.0000000e+00   0.0000000e+00   0.0000000e+00   0.0000000e+00   0.0000000e+00   0.0000000e+00   0.0000000e+00   0.0000000e+00   0.0000000e+00   0.0000000e+00   0.0000000e+00   0.0000000e+00   0.0000000e+00   0.0000000e+00   0.0000000e+00   0.0000000e+00   0.0000000e+00   0.0000000e+00   0.0000000e+00   0.0000000e+00   0.0000000e+00   0.0000000e+00   0.0000000e+00   0.0000000e+00   0.0000000e+00   0.0000000e+00   0.0000000e+00   0.0000000e+00
   0.0000000e+00   0.0000000e+00   0.0000000e+00   0.0000000e+00   0.0000000e+00   0.0000000e+00   0.0000000e+00   0.0000000e+00   0.0000000e+00   0.0000000e+00   0.0000000e+00   0.0000000e+00   0.0000000e+00   0.0000000e+00   0.0000000e+00   0.0000000e+00   0.0000000e+00   0.0000000e+00   0.0000000e+00   0.0000000e+00   0.0000000e+00   0.0000000e+00   0.0000000e+00   0.0000000e+00   0.0000000e+00   0.0000000e+00   0.0000000e+00   0.0000000e+00   0.0000000e+00   0.0000000e+00
   0.0000000e+00   0.0000000e+00   0.0000000e+00   0.0000000e+00   0.0000000e+00   0.0000000e+00   0.0000000e+00   0.0000000e+00   0.0000000e+00   0.0000000e+00   0.0000000e+00   0.0000000e+00   0.0000000e+00   0.0000000e+00   0.0000000e+00   0.0000000e+00   0.0000000e+00   0.0000000e+00   0.0000000e+00   0.0000000e+00   0.0000000e+00   0.0000000e+00   0.0000000e+00   0.0000000e+00   0.0000000e+00   0.0000000e+00   0.0000000e+00   0.0000000e+00   0.0000000e+00   0.0000000e+00
