   5.3190116e+07   2.3690711e+07   3.2560143e+07   2.3904011e+07   7.9621147e+07   1.0037257e+07   3.3691220e+07   4.8845677e+07   2.6196557e+07   3.6304886e+07   3.1769491e+07   3.1105670e+07   2.3688562e+07   2.0351299e+07   5.7538525e+07   3.8839724e+07   3.3044777e+07   1.9237012e+07   4.6347977e+07   8.2620876e+07   4.0570325e+07   1.4250161e+07   2.6964184e+07   4.4597641e+06   5.2565576e+07   1.7764019e+06   2.7076346e+07   1.1772010e+07   1.0955325e+07   3.4209087e+07
   5.3190116e+07   2.3690711e+07   3.2560143e+07   2.3904011e+07   7.9621147e+07   1.0037257e+07   3.2978535e+07   2.4290607e+07   2.6196557e+07   3.6304313e+07   9.1848516e+06   3.1105670e+07   2.3688562e+07   2.0350177e+07   1.3569233e+07   3.7849794e+07   3.3044777e+07   1.9237012e+07   2.9088854e+07   4.3015801e+07   3.4983048e+07   1.4250161e+07   2.6964184e+07   4.4597641e+06   5.2565576e+07   1.7764019e+06   1.8325602e+07   1.1772010e+07   1.0955325e+07   3.4208537e+07
   4.1364838e+07   1.6164172e+07   2.1958156e+07   2.3903414e+07   5.4356439e+07   9.5911737e+06   2.1505393e+07   2.4290607e+07   2.6196557e+07   2.8223327e+07   7.7728681e+06   3.1105592e+07   1.0623297e+07   2.0350169e+07   1.3569233e+07   3.7827339e+07   5.0208455e+06   1.6597511e+07   1.3118233e+07   4.3015801e+07   2.7434284e+07   5.4302042e+06   2.4288897e+07   4.4597641e+06   5.0162730e+07   1.7764019e+06   1.8325602e+07   1.1772010e+07   1.0955325e+07   1.9365942e+07
   4.1363722e+07   8.2623803e+06   2.1958156e+07   2.3903414e+07   1.4528189e+07   9.5911737e+06   2.0602685e+07   2.2517532e+07   1.9065991e+07   2.8223327e+07   7.7728681e+06   2.6213393e+06   8.5123751e+06   1.5104478e+07   1.3569233e+07   1.8596232e+07   5.0151372e+06   1.6597511e+07   1.3118233e+07   2.3438163e+07   2.5066472e+07   5.4302042e+06   2.4288897e+07   4.4597641e+06   4.8936733e+07   1.7763961e+06   1.8325602e+07   1.1772003e+07   1.0955325e+07   1.9365942e+07
   4.1363722e+07   8.2623803e+06   1.8141616e+07   2.3903414e+07   7.0478667e+06   3.3992625e+06   2.0602685e+07   7.8508609e+06   7.6188641e+06   2.8223327e+07   6.3819000e+06   2.6212838e+06   8.5123751e+06   1.5104478e+07   1.3568652e+07   1.8596232e+07   5.0151372e+06   1.6597511e+07   1.3118233e+07   1.2394750e+07   2.5066472e+07   5.4302042e+06   2.4288897e+07   4.4597641e+06   3.6123969e+07   1.7763961e+06   1.8325595e+07   7.9018313e+06   1.0955325e+07   6.3920954e+06
   2.8115660e+07   8.2623682e+06   1.8141616e+07   1.4129655e+07   7.0478667e+06   3.3992625e+06   1.6572046e+07   7.8508609e+06   7.6188641e+06   2.8223327e+07   6.3819000e+06   2.4617347e+06   6.7122460e+06   9.6466658e+06   2.8388287e+06   1.8596232e+07   5.0151372e+06   1.6597511e+07   1.3118233e+07   1.2394750e+07   2.4080277e+07   3.0759321e+06   1.2764960e+07   4.4597641e+06   2.6321948e+07   1.7763961e+06   1.7746998e+07   7.9018313e+06   1.0955325e+07   6.3920641e+06
   1.8364431e+07   8.2623682e+06   1.5066362e+07   1.1545378e+07   6.4506776e+06   3.3992625e+06   1.4109546e+07   7.8508609e+06   7.6188641e+06   1.2426484e+07   6.3819000e+06   2.4617262e+06   6.7122460e+06   2.1726389e+06   2.8388287e+06   1.2210162e+07   5.0151372e+06   5.1101140e+06   1.3118233e+07   1.1316743e+07   9.1073381e+06   3.0759321e+06   1.2764960e+07   3.8131294e+06   1.0378058e+07   1.7763961e+06   1.7746998e+07   7.9018313e+06   1.0955325e+07   6.3920641e+06
   7.1293487e+06   7.5940004e+06   7.5487384e+06   7.3168358e+06   4.9351158e+06   3.3992545e+06   4.6398497e+06   6.7140320e+06   4.2148191e+06   8.7311716e+06   6.3048304e+06   1.8133645e+06   4.1978029e+06   2.1715645e+06   2.8388287e+06   2.4011710e+06   3.7876258e+06   4.2624716e+06   5.9251032e+06   6.6998247e+06   4.4907897e+06   1.5318482e+06   3.4761819e+06   3.8131294e+06   4.3918810e+06   1.3176039e+06   1.5707881e+06   7.2482026e+06   5.3032700e+06   6.3920641e+06
   1.2229629e+06   1.7266881e+06   2.8756771e+06   1.5713963e+06   3.8280336e+06   1.7814215e+06   3.6617379e+06   1.5960026e+06   1.6056580e+06   2.4123066e+06   1.9159341e+06   1.2148366e+06   2.0722616e+06   1.9354104e+06   1.2349688e+06   1.2907156e+06   1.9890920e+06   3.9377137e+05   1.2755305e+06   4.0119694e+06   2.8078792e+06   1.5023597e+06   2.7662034e+06   2.6519708e+06   2.0947538e+06   1.3175011e+06   1.5707881e+06   6.1306169e+05   1.1244618e+06   1.4274390e+06
   7.6510572e+05   6.0431440e+05   6.1093554e+05   6.3055741e+05   6.0175409e+05   4.0937683e+05   4.9246490e+05   6.5253323e+05   5.5510629e+05   4.2332054e+05   6.9214285e+05   4.6929433e+05   4.0171327e+05   4.1486420e+05   2.4727804e+05   3.2283130e+05   2.1786898e+05   9.3056763e+04   4.7990783e+05   7.6167628e+05   3.9756103e+05   1.0163172e+05   2.3956336e+05   1.9901682e+05   6.0775040e+05   7.4929313e+05   2.1901067e+05   3.7522623e+05   6.8339190e+05   1.5720600e+05
   9.2708185e+04   4.7891811e+04   5.0086580e+04   3.1925011e+04   4.5506180e+04   6.0704921e+04   7.2368565e+04   5.1183983e+04   8.6868833e+04   5.1350145e+04   8.6304393e+04   6.7431925e+04   1.8728351e+04   3.8844697e+04   1.3951315e+04   5.3206767e+04   3.8000423e+04   7.5730629e+04   4.7612847e+04   3.8043734e+04   2.5747778e+04   4.9790531e+04   3.4528765e+04   3.2589329e+04   5.7924540e+04   5.7914879e+04   6.8368465e+04   4.1023422e+04   4.8745116e+04   1.2041465e+05
   3.4003555e+03   3.2246489e+03   3.1016734e+03   2.8206493e+03   3.2978180e+03   3.3319408e+03   2.9900807e+03   3.6332496e+03   2.8657725e+03   3.4857029e+03   2.3367776e+03   3.2509865e+03   3.0063092e+03   3.4881359e+03   3.8217040e+03   2.8784610e+03   3.6650377e+03   3.1685065e+03   3.3222669e+03   3.5874567e+03   3.0453061e+03   3.6023510e+03   2.7521573e+03   2.5705937e+03   3.6015444e+03   3.0031308e+03   3.3473987e+03   2.5368193e+03   2.8532380e+03   2.8085049e+03
   2.2157869e+02   5.3035202e+02   2.8531546e+02   4.8933351e+02   3.9191944e+02   3.3505291e+02   3.1011156e+02   4.5805084e+02   3.9036162e+02   5.2983785e+02   3.5272116e+02   4.0811930e+02   3.3708451e+02   3.5737704e+02   4.5528887e+02   4.4014841e+02   3.9037115e+02   3.5468169e+02   4.5805958e+02   4.6129512e+02   4.6589667e+02   3.9431440e+02   3.9947385e+02   3.1815512e+02   4.1254972e+02   4.9293546e+02   3.8759996e+02   3.4932159e+02   2.3591582e+02   4.2721773e+02
   9.9018050e+01   1.0369369e+02   9.0210170e+01   1.0483332e+02   1.0411558e+02   1.1787144e+02   1.0322860e+02   1.3252347e+02   9.9161915e+01   1.0504727e+02   1.1073323e+02   9.6045305e+01   1.1545583e+02   1.0260000e+02   1.0883870e+02   1.1986402e+02   1.1782052e+02   8.7747990e+01   1.2826950e+02   1.0125681e+02   1.0803588e+02   9.1846790e+01   1.0919013e+02   1.2443903e+02   8.5992735e+01   1.0709511e+02   1.1502870e+02   8.6726703e+01   1.0667271e+02   1.0880486e+02
   9.9934274e+00   1.1040903e+01   9.9556302e+00   1.3505167e+01   9.7667988e+00   1.4639862e+01   1.0487370e+01   1.2370183e+01   1.1736137e+01   9.4074726e+00   1.2356628e+01   1.2260596e+01   1.0916094e+01   1.0697354e+01   1.3850255e+01   1.3619033e+01   1.3280228e+01   1.1213560e+01   1.0049120e+01   1.0463947e+01   1.4269462e+01   9.7180789e+00   1.3002693e+01   1.2591914e+01   1.4343113e+01   1.3515213e+01   1.3230267e+01   1.5051112e+01   1.0648137e+01   1.5812824e+01
   0.0000000e+00   0.0000000e+00   0.0000000e+00   0.0000000e+00   0.0000000e+00   0.0000000e+00   0.0000000e+00   0.0000000e+00   0.0000000e+00   0.0000000e+00   0.0000000e+00   0.0000000e+00   0.0000000e+00   0.0000000e+00   0.0000000e+00   0.0000000e+00   0.0000000e+00   0.0000000e+00   0.0000000e+00   0.0000000e+00   0.0000000e+00   0.0000000e+00   0.0000000e+00   0.0000000e+00   0.0000000e+00   0.0000000e+00   0.0000000e+00   0.0000000e+00   0.0000000e+00   0.0000000e+00
