   1.0188494e+07   8.7043001e+06   1.3137891e+07   2.6204382e+06   1.4365100e+07   9.1839724e+06   1.1525493e+07   1.4655899e+07   3.0938262e+07   2.0466155e+07   1.5500793e+06   1.0198207e+07   1.5320477e+07   2.7103367e+06   2.8977153e+07   1.0361810e+07   1.0056503e+07   1.2607247e+06   9.4062093e+06   2.5784537e+06   6.9714700e+06   6.5991539e+06   1.9151401e+07   9.7402932e+06   1.8345427e+07   1.6270038e+07   6.1269742e+06   3.3035392e+07   1.6728051e+07   7.8846048e+06
   1.0188494e+07   7.5548643e+06   1.3137891e+07   2.6204382e+06   1.3732797e+07   9.1839724e+06   1.5685956e+06   9.7279504e+06   2.9812104e+07   2.0466155e+07   1.5498645e+06   7.2757660e+06   1.2261935e+07   2.7103367e+06   2.8977153e+07   1.0361810e+07   1.0056503e+07   1.2607247e+06   8.4604123e+06   2.5784537e+06   6.9553994e+06   6.5991539e+06   5.2529183e+06   8.7671805e+06   1.4634651e+07   1.3719529e+07   2.8986260e+06   4.8228405e+06   9.7734801e+06   7.8846048e+06
   8.2129283e+06   4.8077763e+06   1.3137891e+07   2.6204382e+06   2.7738836e+06   9.1839724e+06   1.5685014e+06   3.8997876e+06   2.0845223e+07   1.3886405e+07   1.5498645e+06   7.1823820e+06   1.1125317e+07   2.7103107e+06   2.4544818e+07   8.7302531e+06   9.9800571e+06   1.2607247e+06   8.4604123e+06   2.5784537e+06   6.9551164e+06   6.5982632e+06   5.2529183e+06   3.0698547e+06   1.4634651e+07   1.1307875e+07   2.8986260e+06   4.8228405e+06   5.7809909e+06   7.8846048e+06
   6.0278929e+06   4.8077763e+06   8.1713343e+06   2.6204382e+06   2.7738588e+06   9.1839724e+06   1.5347769e+06   3.8997876e+06   1.2174627e+07   1.3886359e+07   1.5498645e+06   7.1823820e+06   6.8975126e+06   2.7101731e+06   1.9877290e+07   4.9932151e+06   7.8089229e+06   1.2607247e+06   3.3752330e+06   2.5784537e+06   6.3745061e+06   6.5981141e+06   5.2529183e+06   3.0698547e+06   5.4346772e+06   3.4663899e+06   2.8986069e+06   4.8228405e+06   5.7683005e+06   4.6852035e+06
   6.0278929e+06   4.8077763e+06   8.1713343e+06   2.6201834e+06   2.7738588e+06   9.1839724e+06   1.5346906e+06   3.8997876e+06   1.1880373e+07   8.2269773e+06   1.5498645e+06   7.1823820e+06   6.8975126e+06   1.3992168e+06   3.7653083e+06   4.9932151e+06   3.3984154e+06   1.2607247e+06   1.0157970e+06   2.5784537e+06   6.3745061e+06   2.4039851e+06   5.2529183e+06   3.0698547e+06   5.1096670e+06   1.6211041e+06   2.8986069e+06   4.5381776e+06   5.2610543e+06   4.6852035e+06
   2.3813931e+06   3.1780599e+06   4.1956525e+06   1.9461487e+06   2.7738588e+06   9.1839724e+06   1.4156721e+06   3.8997876e+06   7.7127869e+06   8.2269773e+06   1.5498645e+06   5.0953061e+06   1.5793310e+06   1.3992168e+06   3.7653083e+06   3.6469490e+06   3.3943283e+06   1.2607247e+06   1.0157970e+06   2.5784537e+06   6.3745061e+06   2.4039851e+06   5.2529183e+06   5.6713864e+05   1.3710317e+06   1.6211041e+06   2.8986069e+06   4.5381776e+06   3.5329660e+06   1.4950701e+06
   2.3813931e+06   3.1780574e+06   4.1956525e+06   1.9461487e+06   1.8138124e+06   9.1839724e+06   7.0042530e+05   9.7545181e+05   2.4515902e+06   6.1627171e+06   1.5498645e+06   3.7164209e+06   1.5793310e+06   1.3972667e+06   3.7649827e+06   3.6469490e+06   3.3943283e+06   1.2607247e+06   1.0157970e+06   2.5784537e+06   5.5584665e+06   1.0639536e+06   5.2529183e+06   5.6713864e+05   1.3710317e+06   1.0734290e+06   1.0740038e+06   4.5381776e+06   3.5329660e+06   1.4673191e+06
   2.3800595e+06   2.5877723e+06   8.7547515e+05   1.6738226e+06   1.3367321e+06   4.0534401e+06   7.0042530e+05   9.7545181e+05   2.4515250e+06   3.7136801e+06   6.6962641e+05   2.6295303e+06   1.0451885e+06   8.7442066e+05   1.0635431e+06   3.0909075e+06   1.8390204e+06   1.2604571e+06   9.9011803e+05   2.3936102e+06   4.1969978e+06   1.0639536e+06   3.7775526e+06   5.6713864e+05   1.1593533e+06   7.7737408e+05   1.0705263e+06   2.7874307e+06   1.2143375e+06   1.3624178e+06
   5.4329402e+05   4.9322713e+05   8.1394085e+05   7.6400904e+05   8.9804320e+05   4.2559885e+05   5.1296034e+05   6.9503222e+05   9.3479035e+05   1.0560151e+06   1.7475696e+05   9.8682676e+05   8.3541566e+05   4.2564838e+05   8.5087449e+05   1.0116374e+06   9.1946262e+05   9.4228151e+05   6.6952577e+05   7.6828814e+05   5.1527127e+05   2.4991397e+05   9.6997454e+05   5.2936190e+05   3.3847667e+05   1.5966005e+05   5.9355689e+05   1.6832561e+06   3.9370774e+05   8.6088870e+05
   1.1281214e+05   1.9260645e+05   1.8367450e+05   2.8559445e+05   5.4220100e+04   1.7240829e+05   3.8441420e+04   9.7962262e+04   1.9856844e+05   6.7568359e+04   1.1536236e+05   1.0390587e+05   1.8236871e+05   9.7285635e+04   2.4083545e+05   5.5852330e+04   1.5709330e+05   1.0530639e+05   6.0660196e+04   2.1381111e+05   1.2867283e+05   2.2506375e+05   1.8680740e+05   2.0653725e+05   1.0773758e+05   1.0248588e+05   3.7743018e+04   1.2639386e+05   1.6764889e+05   7.1348512e+04
   2.1487383e+04   1.6561808e+04   1.7635152e+04   7.2486273e+03   3.2896633e+04   2.2356705e+04   1.0391000e+04   1.1878354e+04   1.3388056e+04   1.5785418e+04   7.5669756e+03   2.5307323e+04   2.2231605e+04   2.1537836e+04   1.5583606e+04   1.3854310e+04   1.3404047e+04   9.7891626e+03   1.2940922e+04   1.5966220e+04   1.2131681e+04   2.1411205e+04   2.0120699e+04   1.3553428e+04   1.0344795e+04   9.6730767e+03   2.8185869e+04   1.8120680e+04   6.3012156e+03   1.2499698e+04
   1.1132606e+03   1.3295249e+03   1.6105761e+03   1.3922909e+03   6.3629639e+02   1.2263440e+03   1.6524410e+03   1.2652715e+03   1.3562626e+03   1.2997978e+03   1.6278648e+03   1.4909401e+03   1.5228124e+03   1.1550555e+03   1.1295542e+03   1.3390637e+03   1.5170149e+03   1.0802395e+03   1.5281768e+03   1.1221773e+03   1.6273787e+03   1.4941036e+03   1.2311019e+03   1.3099030e+03   1.5297794e+03   1.5173612e+03   9.5542856e+02   1.6189969e+03   1.4276754e+03   1.1506588e+03
   6.4893371e+01   1.5247703e+02   1.1591252e+02   1.2904641e+02   1.2192116e+02   8.9123872e+01   1.1633783e+02   1.3707673e+02   1.4337619e+02   1.1916009e+02   1.3262680e+02   1.0551749e+02   1.2612539e+02   8.5253116e+01   1.1507192e+02   1.3312483e+02   1.1916331e+02   1.2084137e+02   1.2054939e+02   1.4950418e+02   1.2686791e+02   1.4119326e+02   1.3742989e+02   1.4408612e+02   1.4716006e+02   1.1135504e+02   1.1648069e+02   1.3978032e+02   1.0750651e+02   1.2673832e+02
   1.8611225e+01   1.6300020e+01   1.7148472e+01   1.9431658e+01   2.0109126e+01   2.0875913e+01   1.9412328e+01   2.4785728e+01   2.5642966e+01   2.2130075e+01   1.1211238e+01   2.2390734e+01   1.9572873e+01   1.6409433e+01   2.2509479e+01   1.8388540e+01   2.1285279e+01   1.3778660e+01   1.8344827e+01   1.1493582e+01   1.7334732e+01   1.4381350e+01   2.0379319e+01   1.8235541e+01   2.8555457e+01   1.3909980e+01   2.2033791e+01   2.7048021e+01   1.9707546e+01   2.5445485e+01
   2.3831814e+00   2.8863722e+00   2.3358385e+00   2.4144803e+00   2.4643497e+00   2.1260301e+00   2.9816197e+00   2.4664115e+00   2.6396117e+00   2.7200578e+00   2.2166836e+00   2.2765017e+00   2.5090399e+00   2.8341913e+00   2.3437419e+00   2.2021225e+00   2.1512165e+00   1.5519942e+00   2.6281266e+00   2.6359255e+00   2.6353328e+00   2.1780665e+00   2.7325499e+00   2.4951000e+00   2.2719044e+00   2.5583153e+00   2.6222400e+00   2.7133361e+00   2.7505132e+00   3.0302318e+00
   2.0623469e-03   6.0594929e-03   6.3359959e-03   6.4099929e-03   6.6710335e-03   8.0987270e-03   1.1343586e-02   1.3678207e-02   2.1132211e-02   2.1750983e-02   2.2524774e-02   2.3216254e-02   2.6323006e-02   2.6685123e-02   2.6732686e-02   2.6771960e-02   2.7163618e-02   2.8229356e-02   2.9361927e-02   2.9409818e-02   3.1006297e-02   3.2411594e-02   3.5238676e-02   3.5375073e-02   3.8627199e-02   4.2498047e-02   4.2770998e-02   4.3508086e-02   4.5429827e-02   5.1286261e-02
