   3.0789379e+02   6.8374967e+02   4.3899650e+02   7.2082707e+02   5.9600952e+02   4.0022523e+02   5.9267454e+02   4.5787677e+02   7.2374802e+02   5.6084006e+02   6.6463229e+02   7.6675742e+02   7.2163579e+02   7.4263336e+02   4.7875520e+02   6.3693853e+02   3.0108678e+02   5.4261737e+02   5.1703912e+02   4.2421819e+02   2.5608305e+02   7.8381727e+02   3.3880778e+02   3.6849533e+02   5.9158793e+02   5.5764752e+02   5.4700321e+02   4.1843334e+02   4.8594524e+02   4.9020753e+02
   2.2768690e+02   2.0584395e+02   3.9495511e+02   2.7119817e+02   5.9600952e+02   2.5727639e+02   2.1584689e+02   3.4744610e+02   5.1706534e+02   4.8086806e+02   6.2604115e+02   4.0097751e+02   3.2295333e+02   5.0041065e+02   1.0081738e+02   6.3693853e+02   3.0108678e+02   5.4261737e+02   3.2848504e+02   2.4092244e+02   1.5851133e+02   4.1051488e+02   3.1227213e+02   3.5810469e+02   5.9158793e+02   3.1598558e+02   2.7181199e+02   3.0184730e+02   3.3974399e+02   3.9934174e+02
   2.0120376e+02   1.4185241e+02   1.3914352e+02   1.9152288e+02   2.2155039e+02   1.7308354e+02   2.1584689e+02   2.6895296e+02   1.5693556e+02   1.8313523e+02   4.6768529e+02   2.5044350e+02   2.1554549e+02   2.1091099e+02   9.6824486e+01   3.6059480e+02   1.6964491e+02   3.4272731e+02   2.5231839e+02   2.0525603e+02   1.5851133e+02   1.6407876e+02   1.5013249e+02   1.6813873e+02   2.6273978e+02   2.7484062e+02   1.2875780e+02   2.3448585e+02   2.0362983e+02   1.8308424e+02
   1.4370842e+02   1.4185241e+02   1.3531578e+02   1.3189658e+02   1.8813032e+02   1.5239294e+02   1.8428558e+02   1.5237124e+02   1.5693556e+02   1.7996789e+02   1.4145879e+02   1.9240227e+02   1.2990871e+02   9.1432576e+01   9.6824486e+01   1.0159601e+02   1.4783411e+02   2.1683306e+02   2.1261642e+02   1.5878215e+02   1.5851133e+02   1.6407876e+02   1.5013249e+02   1.0835216e+02   1.8923575e+02   2.1511368e+02   1.2875780e+02   1.4326970e+02   1.5883017e+02   1.4610623e+02
   7.8611642e+01   8.5448812e+01   1.2192540e+02   1.2474121e+02   1.4106778e+02   1.3175082e+02   1.3940971e+02   1.3620684e+02   1.2554058e+02   7.7113575e+01   1.3295054e+02   1.0970826e+02   1.0836230e+02   5.1680287e+01   8.1584626e+01   9.5456117e+01   1.4783411e+02   1.3053635e+02   6.6810011e+01   1.0504580e+02   1.3315609e+02   1.0204428e+02   7.7891011e+01   8.7697485e+01   1.2922795e+02   1.1123062e+02   1.0576045e+02   9.2943944e+01   1.3895977e+02   1.1244743e+02
   2.6659563e+01   8.5448812e+01   6.4416246e+01   2.7815207e+01   1.1336793e+02   9.6566998e+01   8.0931934e+01   9.3704675e+01   8.5395548e+01   4.3141814e+01   1.1012131e+02   7.6128645e+01   8.2483741e+01   5.1680287e+01   4.8143759e+01   7.6454693e+01   9.4541694e+01   4.1989331e+01   6.6810011e+01   1.0504580e+02   2.5753599e+01   3.9905287e+01   5.1367960e+01   2.2339427e+01   4.0284815e+01   8.2397366e+01   7.0426443e+01   6.6130181e+01   2.3754647e+01   5.3245584e+01
   2.3606180e+01   5.3330693e+01   5.3546969e+01   2.7815207e+01   1.6152299e+01   2.1829324e+01   1.3202155e+01   2.0420827e+01   1.8649028e+01   2.4633071e+01   4.1983760e+01   3.3347808e+01   3.4162407e+01   2.3774879e+01   3.2971855e+01   2.3371772e+01   3.3027278e+01   1.4693699e+01   1.8685250e+01   2.8590014e+01   2.2667843e+01   2.8349710e+01   3.3327669e+01   2.1414047e+01   2.8537258e+01   1.9610221e+01   5.9968774e+01   3.2092104e+01   2.3546580e+01   2.9164449e+01
   6.5473562e+00   3.1737831e+00   8.6627265e+00   4.3447279e+00   3.9891605e+00   5.5189738e+00   5.2389632e+00   4.8637132e+00   2.4991205e+00   3.2996244e+00   8.9039707e+00   6.9236541e+00   6.6250320e+00   4.5529760e+00   6.0013795e+00   5.5856095e+00   4.2795270e+00   6.1503662e+00   7.4455861e+00   4.5586743e+00   3.2662278e+00   5.6188519e+00   4.1396905e+00   5.9444373e+00   5.4511774e+00   5.0852631e+00   5.4163104e+00   3.0221897e+00   2.8913741e+00   5.2304420e+00
   3.2283600e-01   1.9463351e-01   4.7308385e-01   4.4847540e-01   2.8921083e-01   3.5893196e-01   3.2511678e-01   2.4921299e-01   2.2985939e-01   1.9486640e-01   9.3689427e-02   1.3099822e-01   1.8637370e-01   2.3890825e-01   2.2108804e-01   1.3394964e-01   2.4546669e-01   2.2775209e-01   3.7480943e-01   1.7439731e-01   1.9512015e-01   2.4309392e-01   2.3658836e-01   2.0022118e-01   2.1264775e-01   2.6774322e-01   2.1852779e-01   2.3014332e-01   1.1614720e-01   3.4257025e-01
   1.8912941e-02   1.5279720e-02   1.7222911e-02   2.5408810e-02   1.5474234e-02   2.4850824e-02   1.8648001e-02   2.0720548e-02   1.6804085e-02   1.4838046e-02   1.7627497e-02   2.1604461e-02   1.7735194e-02   1.7093427e-02   1.9098257e-02   1.5589614e-02   1.6976873e-02   1.1534296e-02   1.8951902e-02   2.3426892e-02   1.7317398e-02   1.6395933e-02   1.1776863e-02   2.1445580e-02   1.9842969e-02   2.2959021e-02   1.3662641e-02   2.5149283e-02   1.0537803e-02   1.9247760e-02
   6.0598212e-03   8.1058942e-03   8.2780182e-03   8.4990644e-03   7.3241300e-03   7.8897374e-03   8.2000274e-03   7.4552232e-03   6.3262581e-03   7.2288271e-03   7.4471423e-03   7.0215745e-03   5.2162534e-03   8.1391856e-03   5.6332539e-03   7.0626446e-03   8.3227166e-03   6.7129278e-03   7.1095944e-03   6.1174473e-03   5.3987607e-03   6.6984399e-03   7.8548820e-03   7.9826088e-03   6.6576493e-03   8.0952285e-03   6.0783872e-03   7.7232076e-03   6.8294373e-03   6.2639272e-03
   4.6923030e-03   6.6232063e-03   5.6086375e-03   6.7328497e-03   6.4483896e-03   5.7302153e-03   5.0179890e-03   5.3219908e-03   4.9417546e-03   3.8700083e-03   5.3444548e-03   4.6557221e-03   4.6158043e-03   5.2486460e-03   4.1117295e-03   5.9413377e-03   5.3125153e-03   4.5705656e-03   5.1815372e-03   4.8258423e-03   2.3266741e-03   3.3609354e-03   4.5270301e-03   5.8323803e-03   4.5617493e-03   5.1994702e-03   3.8662475e-03   3.6348480e-03   4.8289060e-03   3.7147603e-03
   2.0048351e-03   1.8151360e-03   8.3886390e-04   8.8693178e-04   1.3883137e-03   3.7512322e-03   2.1500281e-03   2.4128423e-03   6.8077326e-04   4.7538664e-04   2.0948556e-03   1.5895349e-03   4.9305982e-08   7.0121978e-04   7.6848993e-04   1.4589031e-03   4.2012612e-04   1.0514993e-03   2.4645246e-03   1.1049234e-03   1.1822687e-03   7.1107085e-04   2.8303171e-04   1.1108852e-04   3.0807186e-03   4.0704497e-03   3.8662475e-03   2.8894620e-04   1.3731275e-04   4.3123084e-04
   0.0000000e+00   0.0000000e+00   0.0000000e+00   0.0000000e+00   0.0000000e+00   0.0000000e+00   0.0000000e+00   0.0000000e+00   0.0000000e+00   0.0000000e+00   0.0000000e+00   0.0000000e+00   0.0000000e+00   0.0000000e+00   0.0000000e+00   0.0000000e+00   0.0000000e+00   0.0000000e+00   0.0000000e+00   0.0000000e+00   0.0000000e+00   0.0000000e+00   0.0000000e+00   0.0000000e+00   0.0000000e+00   1.0580607e-08   0.0000000e+00   0.0000000e+00   0.0000000e+00   0.0000000e+00
   0.0000000e+00   0.0000000e+00   0.0000000e+00   0.0000000e+00   0.0000000e+00   0.0000000e+00   0.0000000e+00   0.0000000e+00   0.0000000e+00   0.0000000e+00   0.0000000e+00   0.0000000e+00   0.0000000e+00   0.0000000e+00   0.0000000e+00   0.0000000e+00   0.0000000e+00   0.0000000e+00   0.0000000e+00   0.0000000e+00   0.0000000e+00   0.0000000e+00   0.0000000e+00   0.0000000e+00   0.0000000e+00   0.0000000e+00   0.0000000e+00   0.0000000e+00   0.0000000e+00   0.0000000e+00
   0.0000000e+00   0.0000000e+00   0.0000000e+00   0.0000000e+00   0.0000000e+00   0.0000000e+00   0.0000000e+00   0.0000000e+00   0.0000000e+00   0.0000000e+00   0.0000000e+00   0.0000000e+00   0.0000000e+00   0.0000000e+00   0.0000000e+00   0.0000000e+00   0.0000000e+00   0.0000000e+00   0.0000000e+00   0.0000000e+00   0.0000000e+00   0.0000000e+00   0.0000000e+00   0.0000000e+00   0.0000000e+00   0.0000000e+00   0.0000000e+00   0.0000000e+00   0.0000000e+00   0.0000000e+00
