   1.2213296e+10   1.6470224e+10   2.2829209e+10   7.7360597e+09   1.1836291e+10   1.7079414e+10   9.4454050e+09   1.9092360e+10   5.8994006e+09   1.9620050e+10   1.1183455e+10   1.9211851e+10   1.2043749e+10   1.5748158e+10   1.8619638e+10   1.2134449e+10   1.4144298e+10   1.1126012e+10   2.2408314e+10   1.7707266e+10   1.4053221e+10   1.3810271e+10   1.1483716e+10   1.2467559e+10   4.3881367e+09   1.3439676e+10   1.6912478e+10   1.8910772e+10   1.2961670e+10   1.4562072e+10
   1.1531097e+10   1.2461713e+10   1.7509805e+10   7.7360597e+09   1.1836291e+10   1.2510074e+10   7.4979254e+09   1.7107115e+10   5.8994006e+09   7.8947127e+09   1.1183455e+10   1.8803154e+10   1.2043749e+10   1.3849104e+10   1.2538151e+10   9.5109422e+09   8.1912555e+09   1.1126012e+10   1.2294289e+10   1.7707266e+10   1.4053221e+10   1.3810271e+10   1.1483716e+10   1.0543401e+10   4.3881367e+09   1.2457544e+10   1.6912478e+10   1.0399132e+10   1.2961670e+10   1.2313281e+10
   1.1157034e+10   1.2461713e+10   1.6761119e+10   7.7360597e+09   1.1836291e+10   1.2510074e+10   7.4979254e+09   1.5809889e+10   5.8994006e+09   7.8947127e+09   1.1183455e+10   1.0760417e+10   1.0878643e+10   1.1495215e+10   1.1641853e+10   7.4174415e+09   7.4483934e+09   1.1126012e+10   1.1293534e+10   8.8573569e+09   1.1845483e+10   1.2948409e+10   1.1057848e+10   1.0543401e+10   4.3881367e+09   9.4178070e+09   1.2164385e+10   1.0399132e+10   8.1149480e+09   1.1663588e+10
   1.1157034e+10   4.2517883e+09   1.5092906e+10   7.7360597e+09   1.1431363e+10   1.2510074e+10   4.7192882e+09   7.5965747e+09   5.8994006e+09   7.8947127e+09   1.1183455e+10   8.1860498e+09   1.0878643e+10   1.0533363e+10   7.0031141e+09   7.4174415e+09   7.4483934e+09   1.1126012e+10   5.4349208e+09   8.7034300e+09   1.1845483e+10   1.2306823e+10   9.8998137e+09   1.0022080e+10   4.3881367e+09   9.4178070e+09   1.2164385e+10   1.0399132e+10   8.1149480e+09   4.7657059e+09
   6.3851375e+09   3.2116564e+09   9.2642174e+09   6.9666796e+09   9.0822457e+09   1.1659083e+10   4.1091589e+09   6.0833196e+09   5.8994006e+09   3.9952872e+09   9.7671250e+09   8.1860498e+09   8.9307575e+09   7.0036522e+09   7.0031141e+09   5.8905431e+09   7.4311658e+09   8.9861442e+09   5.4349208e+09   5.0399332e+09   5.2669606e+09   1.0081386e+10   7.4119959e+09   8.7325404e+09   4.3367026e+09   8.5321385e+09   6.9664905e+09   4.9851639e+09   8.1149480e+09   3.0743924e+09
   6.3851375e+09   3.2116564e+09   5.6299519e+09   4.9652232e+09   7.3767711e+09   3.8268373e+09   4.0372058e+09   5.0686036e+09   4.6456725e+09   3.2790550e+09   9.0414836e+09   4.5950116e+09   4.3093726e+09   6.7767080e+09   3.2171664e+09   5.4548508e+09   6.0260216e+09   4.1113032e+09   4.2816742e+09   4.3500026e+09   2.8832726e+09   7.6989901e+09   4.6862438e+09   5.8329876e+09   3.3086223e+09   4.5922201e+09   4.3283781e+09   4.9851639e+09   4.7915190e+09   2.8837870e+09
   4.9692770e+09   1.7017603e+09   4.8382190e+09   2.7357340e+09   4.4861309e+09   2.8712254e+09   2.1598074e+09   3.2834356e+09   3.5716574e+09   2.4586279e+09   4.0377933e+09   4.1554488e+09   3.0671746e+09   3.9840020e+09   3.0646591e+09   4.2201988e+09   4.4692476e+09   3.1846122e+09   3.6082425e+09   2.8424338e+09   1.4917164e+09   1.5907038e+09   2.7343985e+09   4.9328505e+09   2.5098805e+09   4.5020635e+09   2.6728843e+09   3.3417934e+09   3.7992082e+09   2.7029458e+09
   2.1802536e+09   7.6420705e+08   2.4202279e+09   1.9763001e+09   1.2879863e+09   1.5820384e+09   1.5426945e+09   8.2239366e+08   6.6905555e+08   1.1100518e+09   2.2196166e+09   1.5375998e+09   1.8419579e+09   1.0962709e+09   1.1623063e+09   1.7869169e+09   1.2327475e+09   1.6336533e+09   1.3722727e+09   1.9014589e+09   9.2943928e+08   1.4925803e+09   2.1143354e+09   1.1404093e+09   1.6065384e+09   1.8115518e+09   1.3349601e+09   1.2221848e+09   2.0157823e+09   7.8634147e+08
   3.6276658e+08   3.1087219e+08   3.7434489e+08   5.9383445e+08   5.2781397e+08   3.4167782e+08   3.4029982e+08   2.3751911e+08   4.3753265e+08   3.0935899e+08   2.9874866e+08   3.3253115e+08   2.6481597e+08   5.4459393e+08   4.8428161e+08   5.3489743e+08   1.5844499e+08   5.1068960e+08   5.2485871e+08   3.0638263e+08   1.9224491e+08   4.4235562e+08   5.7985429e+08   1.4345367e+08   4.5800108e+08   3.6388415e+08   2.9940392e+08   1.5471994e+08   8.9581109e+08   1.0897889e+08
   8.8396462e+07   7.0143294e+07   6.4985862e+07   7.4346290e+07   7.6292798e+07   5.6248762e+07   4.7334522e+07   4.4044367e+07   4.6365455e+07   7.8125436e+07   5.8622991e+07   3.7981763e+07   7.3491448e+07   7.7761587e+07   2.1284111e+07   7.7379902e+07   5.5108424e+07   6.1587489e+07   6.1283205e+07   6.4192871e+07   2.9139466e+07   5.7609638e+07   6.2524274e+07   2.8116351e+07   8.3638412e+07   7.8634970e+07   3.4516221e+07   4.0906425e+07   4.6802013e+07   7.1079380e+07
   2.2347872e+07   1.0360849e+07   8.5697524e+06   1.3617015e+07   8.6111132e+06   9.1975313e+06   9.4745435e+06   5.0642085e+06   1.6620355e+07   1.0654180e+07   1.2843120e+07   5.7878343e+06   8.8139835e+06   1.1132358e+07   1.1961453e+07   1.0503604e+07   8.3473100e+06   1.0513786e+07   1.6442480e+07   8.8712956e+06   8.9020292e+06   1.1737659e+07   1.3249776e+06   1.3152431e+07   2.0291187e+07   8.3454438e+06   1.5895157e+07   1.1797442e+07   1.3018639e+07   1.3330135e+07
   1.4391196e+06   2.6579544e+06   2.0475396e+06   3.0406442e+06   1.2451881e+06   1.6198102e+06   1.1326749e+06   1.8996583e+06   2.8685831e+06   1.1246763e+06   6.6531168e+05   2.2028860e+06   1.5683168e+06   1.6790781e+06   2.9704788e+06   1.8517126e+06   1.3403837e+06   8.9888602e+05   1.7136991e+06   6.9967019e+05   1.9181172e+06   2.0568003e+06   1.3249776e+06   1.9484788e+06   1.4177702e+06   1.8981736e+06   2.5549878e+06   2.5533843e+06   1.5694263e+06   1.5129227e+06
   1.8882064e+05   4.4219761e+05   2.6167108e+05   2.0956414e+05   1.4368544e+05   1.5379239e+05   2.5993363e+05   1.3151786e+05   3.3904257e+05   1.5681623e+05   2.3971266e+05   3.1908552e+05   2.3169987e+05   1.8103496e+05   3.0042317e+05   1.0821110e+05   1.1931630e+05   7.7503522e+04   2.6202304e+05   7.9780354e+04   2.6625302e+05   1.4464450e+05   2.0057685e+05   1.0104272e+05   3.1152066e+05   1.1262242e+05   3.7905938e+05   2.0514685e+05   7.7547882e+04   2.2965072e+05
   8.7620939e+03   1.1009354e+04   7.3568795e+03   9.9129858e+03   1.0066354e+04   6.4262442e+03   1.0139991e+04   9.5173459e+03   1.6268185e+04   1.1082439e+04   9.7361860e+03   5.4827960e+03   1.3309537e+04   2.3071226e+03   4.8326322e+03   1.8936945e+04   1.1523542e+04   3.9203891e+03   1.6605513e+04   6.5091491e+03   9.9067296e+03   6.6077783e+03   1.0549848e+04   4.6708556e+03   1.2472567e+04   7.1637180e+03   1.1892328e+04   9.7270750e+03   9.5930921e+03   9.7078061e+03
   9.4230584e-05   1.8389077e-03   3.1999701e-03   6.8760525e-03   4.1708470e-03   4.4606104e-05   7.7541521e-05   4.4411057e-02   6.1734673e-02   4.1734995e-04   1.5019389e-02   1.6457867e-05   3.7271297e-03   5.7159365e-05   1.8607651e-04   1.1754717e-03   1.8262287e-03   1.8106139e-04   2.9946304e-04   2.1015225e-05   2.5964296e-04   1.6682041e-05   1.0242340e-04   1.4053180e-04   6.5921121e-03   9.0198174e-04   2.4233174e-03   4.9517890e-04   2.7328702e-04   6.2505313e-04
   0.0000000e+00   0.0000000e+00   0.0000000e+00   0.0000000e+00   0.0000000e+00   0.0000000e+00   0.0000000e+00   0.0000000e+00   0.0000000e+00   0.0000000e+00   0.0000000e+00   0.0000000e+00   0.0000000e+00   0.0000000e+00   0.0000000e+00   0.0000000e+00   0.0000000e+00   0.0000000e+00   0.0000000e+00   0.0000000e+00   0.0000000e+00   0.0000000e+00   0.0000000e+00   0.0000000e+00   0.0000000e+00   0.0000000e+00   0.0000000e+00   0.0000000e+00   0.0000000e+00   0.0000000e+00
