   4.6914583e+03   4.9946651e+03   3.7419817e+03   5.2545857e+03   4.3511142e+03   5.1561641e+03   5.4577935e+03   5.0845204e+03   5.1130363e+03   4.4453254e+03   3.5126827e+03   5.7381052e+03   5.1828868e+03   3.3634365e+03   4.5805637e+03   3.6231320e+03   5.3231835e+03   5.4301406e+03   4.2577020e+03   3.8794797e+03   5.2378596e+03   4.1404354e+03   4.0624708e+03   5.4662803e+03   4.9530042e+03   3.7482136e+03   4.6599873e+03   4.1268729e+03   5.5060002e+03   5.3958852e+03
   3.4421833e+03   4.1820692e+03   3.7419817e+03   4.5123542e+03   3.9386423e+03   4.3807921e+03   5.4577935e+03   4.7615426e+03   2.6116032e+03   4.4453254e+03   3.1558605e+03   5.3691478e+03   4.7195285e+03   2.9911367e+03   4.4165045e+03   3.6231320e+03   5.3231835e+03   4.6793128e+03   4.2577020e+03   3.7813104e+03   5.2378596e+03   4.1234901e+03   2.9990395e+03   4.9802268e+03   4.9530042e+03   3.4555962e+03   4.4737919e+03   3.2444144e+03   5.0265967e+03   4.8314469e+03
   3.4032655e+03   3.0693030e+03   3.7419817e+03   4.3304152e+03   3.6783308e+03   4.0072487e+03   4.3656793e+03   4.7615426e+03   2.6116032e+03   4.3502891e+03   3.1558605e+03   5.0933831e+03   3.2826139e+03   2.9911367e+03   4.4165045e+03   3.1850214e+03   4.9239447e+03   3.6246940e+03   3.3141952e+03   3.7813104e+03   4.5658047e+03   4.0232789e+03   2.9990395e+03   3.8331732e+03   3.7166769e+03   3.4555962e+03   4.1592496e+03   3.1354992e+03   3.0766526e+03   4.8314469e+03
   3.4032655e+03   3.0693030e+03   3.7419817e+03   4.2753646e+03   3.3935242e+03   3.7975323e+03   4.3656793e+03   4.5046688e+03   2.6116032e+03   3.5768654e+03   3.1558605e+03   4.2293952e+03   3.2826139e+03   2.9911367e+03   4.0912952e+03   3.1850214e+03   2.9124860e+03   3.5959321e+03   3.3141952e+03   3.7813104e+03   4.2592759e+03   3.7632469e+03   2.9990395e+03   2.7605668e+03   3.5932016e+03   3.4555962e+03   4.1592496e+03   3.1354992e+03   3.0766526e+03   4.5348154e+03
   3.2254576e+03   3.0693030e+03   3.0927065e+03   3.8068823e+03   3.3935242e+03   3.7975323e+03   4.2896476e+03   3.9469413e+03   2.6116032e+03   3.5768654e+03   2.8563253e+03   4.1643198e+03   3.2826139e+03   2.9911367e+03   2.9184063e+03   3.1850214e+03   2.9124860e+03   3.5184549e+03   3.3141952e+03   3.4837121e+03   4.2521189e+03   3.5827347e+03   2.9990395e+03   2.7605668e+03   3.3107328e+03   3.4555962e+03   4.1592496e+03   3.1354992e+03   2.9414639e+03   3.7531016e+03
   2.9720105e+03   3.0693030e+03   3.0477459e+03   3.8005319e+03   3.0683301e+03   3.6201879e+03   3.9950223e+03   3.8601289e+03   2.6116032e+03   3.5768654e+03   2.8563253e+03   3.6804408e+03   2.5115492e+03   2.9911367e+03   2.9184063e+03   3.0725178e+03   2.9124860e+03   3.5184549e+03   3.2307091e+03   3.4837121e+03   3.9290605e+03   3.5827347e+03   2.9990395e+03   2.7605668e+03   3.3107328e+03   3.2866035e+03   3.8555336e+03   3.1354992e+03   2.7887387e+03   3.7531016e+03
   2.9720105e+03   2.4775601e+03   3.0477459e+03   3.4740555e+03   2.9031750e+03   3.6201879e+03   3.9950223e+03   2.7100694e+03   2.6116032e+03   3.5768654e+03   2.4537321e+03   3.1704613e+03   2.4884653e+03   2.9911367e+03   2.0218565e+03   3.0725178e+03   2.9124860e+03   3.5184549e+03   3.0374371e+03   3.3099050e+03   3.3797529e+03   3.2298504e+03   2.9990395e+03   2.4468843e+03   2.8828009e+03   3.2866035e+03   3.6878130e+03   2.9967186e+03   2.7887387e+03   3.0128843e+03
   2.2848055e+03   2.2627691e+03   2.7226123e+03   2.1091345e+03   2.5788510e+03   3.3942462e+03   2.9925124e+03   2.0817467e+03   2.5403118e+03   3.1944705e+03   2.1890019e+03   2.8477213e+03   2.3051822e+03   1.9254735e+03   1.8973484e+03   2.8751174e+03   2.9124860e+03   3.0486745e+03   2.6347001e+03   1.8043958e+03   2.9556120e+03   2.6415848e+03   2.3811301e+03   2.4300171e+03   2.7635833e+03   3.0153474e+03   2.7800045e+03   2.5233812e+03   2.6112250e+03   2.8082067e+03
   1.8363355e+03   1.9855791e+03   2.3081748e+03   2.0105970e+03   1.9959403e+03   2.1390951e+03   2.5454528e+03   1.7327982e+03   1.7898471e+03   2.0781558e+03   1.9524167e+03   1.2546897e+03   2.0797476e+03   1.8835858e+03   1.7619494e+03   2.0739616e+03   2.4387242e+03   2.1588945e+03   1.8179716e+03   1.8043958e+03   1.8838226e+03   1.7514742e+03   1.8787622e+03   1.9419229e+03   1.8458939e+03   2.5501384e+03   1.8319601e+03   1.7656971e+03   1.8832640e+03   2.2643260e+03
   5.6573697e+02   8.0939165e+02   9.4341219e+02   1.1407247e+03   8.2108398e+02   1.2853284e+03   1.3671039e+03   1.0857181e+03   9.5761342e+02   1.2423210e+03   8.4214098e+02   1.1234933e+03   9.6644201e+02   6.9275177e+02   1.2371263e+03   1.2742821e+03   9.2661520e+02   7.5623462e+02   9.0790644e+02   1.0297475e+03   9.9910417e+02   1.0127838e+03   9.5649482e+02   1.0120346e+03   1.0963280e+03   1.1716086e+03   6.6668791e+02   1.0332114e+03   9.4902081e+02   1.1537036e+03
   4.4554493e+02   4.4556285e+02   4.4885834e+02   5.2858512e+02   4.9436538e+02   5.5926591e+02   4.4983047e+02   4.9469610e+02   5.9795327e+02   4.7947071e+02   4.3415120e+02   4.1238546e+02   3.9734709e+02   4.6784616e+02   4.2624648e+02   5.2360159e+02   4.9170372e+02   4.9006054e+02   5.5036109e+02   4.4979558e+02   5.0210991e+02   5.4301864e+02   4.1657874e+02   3.8997675e+02   4.6591411e+02   4.1884357e+02   5.0383061e+02   3.5265989e+02   4.5693564e+02   4.8364870e+02
   1.7213005e+02   1.7809665e+02   2.0688038e+02   1.8787566e+02   1.6329100e+02   1.9631703e+02   1.8726322e+02   1.9406616e+02   2.0833053e+02   1.7125293e+02   1.6400238e+02   1.8477211e+02   1.6213392e+02   1.8426675e+02   1.6441117e+02   1.7432826e+02   2.1671340e+02   1.8112462e+02   1.7324334e+02   1.8098384e+02   1.6975956e+02   1.9665286e+02   1.9462188e+02   1.7699761e+02   1.8102297e+02   2.0030993e+02   1.8367047e+02   1.7069299e+02   1.7264534e+02   1.8839495e+02
   1.1306848e+02   1.1382106e+02   1.1343030e+02   1.1308120e+02   1.1456708e+02   1.1493702e+02   1.1364044e+02   1.1313758e+02   1.1668041e+02   1.1433974e+02   1.1379475e+02   1.1381272e+02   1.1290229e+02   1.1478566e+02   1.1529215e+02   1.1290052e+02   1.1524060e+02   1.1369585e+02   1.1298218e+02   1.1209808e+02   1.1362287e+02   1.1346403e+02   1.1319658e+02   1.1336501e+02   1.1349648e+02   1.1644585e+02   1.1710825e+02   1.1244885e+02   1.1240776e+02   1.1457490e+02
   1.0026624e+02   1.0040286e+02   1.0032877e+02   1.0041601e+02   1.0050879e+02   1.0039566e+02   1.0051351e+02   1.0039712e+02   1.0115078e+02   1.0051885e+02   1.0048567e+02   1.0040528e+02   1.0026618e+02   1.0083282e+02   1.0053991e+02   1.0029790e+02   1.0070094e+02   1.0042006e+02   1.0034258e+02   1.0029851e+02   1.0055457e+02   1.0053792e+02   1.0056530e+02   1.0042885e+02   1.0034519e+02   1.0053509e+02   1.0088455e+02   1.0030045e+02   1.0020482e+02   1.0067909e+02
   1.0000000e+02   1.0000000e+02   1.0000000e+02   1.0000000e+02   1.0000000e+02   1.0000000e+02   1.0000000e+02   1.0000000e+02   1.0000000e+02   1.0000000e+02   1.0000000e+02   1.0000000e+02   1.0000000e+02   1.0000000e+02   1.0000000e+02   1.0000000e+02   1.0000000e+02   1.0000000e+02   1.0000000e+02   1.0000000e+02   1.0000000e+02   1.0000000e+02   1.0000000e+02   1.0000000e+02   1.0000000e+02   1.0000000e+02   1.0000000e+02   1.0000000e+02   1.0000000e+02   1.0000000e+02
   1.0000000e+02   1.0000000e+02   1.0000000e+02   1.0000000e+02   1.0000000e+02   1.0000000e+02   1.0000000e+02   1.0000000e+02   1.0000000e+02   1.0000000e+02   1.0000000e+02   1.0000000e+02   1.0000000e+02   1.0000000e+02   1.0000000e+02   1.0000000e+02   1.0000000e+02   1.0000000e+02   1.0000000e+02   1.0000000e+02   1.0000000e+02   1.0000000e+02   1.0000000e+02   1.0000000e+02   1.0000000e+02   1.0000000e+02   1.0000000e+02   1.0000000e+02   1.0000000e+02   1.0000000e+02
