   2.5835052e+03   2.7866020e+03   1.4445155e+03   1.1324164e+03   1.1438134e+03   1.6736492e+03   1.8460061e+03   1.7887904e+03   2.0544299e+03   1.5455857e+03   2.4292601e+03   1.4852521e+03   1.5089264e+03   1.5978594e+03   2.4694095e+03   1.4388182e+03   1.8598405e+03   1.8927640e+03   1.3638688e+03   1.8585178e+03   2.0304406e+03   1.0587142e+03   2.4647787e+03   1.8722523e+03   1.7601432e+03   1.4563115e+03   1.9072504e+03   1.6798940e+03   1.9006143e+03   2.1115795e+03
   1.0636245e+03   6.7352051e+02   1.0073577e+03   6.2517018e+02   8.3990521e+02   5.5275840e+02   1.0390582e+03   1.0279101e+03   1.4332586e+03   1.4867955e+03   9.2484824e+02   9.2081122e+02   7.2899388e+02   1.2788602e+03   1.0588262e+03   5.1108069e+02   1.0401853e+03   7.6040133e+02   9.8049090e+02   1.2068433e+03   1.1762405e+03   9.4614430e+02   1.0143332e+03   8.1150754e+02   5.6102207e+02   8.0736044e+02   7.3588900e+02   5.4355786e+02   4.5568671e+02   6.1149731e+02
   3.8927677e+02   6.7352051e+02   4.8783681e+02   4.0300415e+02   4.2444674e+02   3.8655868e+02   5.4051701e+02   5.6060183e+02   4.0202281e+02   3.5725250e+02   8.0209280e+02   6.1815876e+02   5.6717933e+02   7.4385436e+02   5.1811479e+02   5.1108069e+02   5.4289172e+02   7.6040133e+02   5.4692964e+02   3.7782707e+02   4.3813148e+02   3.0142585e+02   4.8347214e+02   5.8337704e+02   4.3753499e+02   4.7039231e+02   6.2606263e+02   4.7807751e+02   4.3953489e+02   3.7039457e+02
   3.8927677e+02   2.7415905e+02   3.9838552e+02   3.8789891e+02   4.1783691e+02   3.8541409e+02   2.9332467e+02   4.8210700e+02   3.0003001e+02   3.5725250e+02   2.2209130e+02   5.3496366e+02   4.1792329e+02   4.8878783e+02   3.4214702e+02   3.8773875e+02   4.5679336e+02   5.3519008e+02   3.2308043e+02   3.5761505e+02   4.2946735e+02   3.0142585e+02   4.4121874e+02   3.1221199e+02   4.3753499e+02   2.8925637e+02   3.8884676e+02   3.3562624e+02   3.5657584e+02   3.5205306e+02
   2.9890059e+02   2.7415905e+02   3.2578753e+02   2.9699337e+02   3.1956060e+02   2.3972535e+02   2.9332467e+02   2.6380728e+02   3.0003001e+02   3.2781444e+02   2.2209130e+02   3.4740308e+02   3.2526512e+02   3.3092848e+02   2.6813879e+02   2.5946606e+02   2.8539412e+02   2.3156412e+02   3.0223167e+02   2.9729437e+02   1.8927234e+02   2.9140329e+02   3.1028719e+02   2.9124693e+02   3.8263839e+02   2.8925637e+02   2.8211502e+02   2.6737372e+02   2.9963926e+02   3.4808958e+02
   2.9312601e+02   2.7415905e+02   1.9015161e+02   2.4262171e+02   2.5788569e+02   2.3237307e+02   2.7522767e+02   2.5709007e+02   2.9372030e+02   2.4039256e+02   2.2194584e+02   2.5259954e+02   2.8964480e+02   3.1897745e+02   2.6813879e+02   2.4759827e+02   2.7339871e+02   2.2840485e+02   2.6239855e+02   2.2062794e+02   1.8927234e+02   2.6984922e+02   2.6438865e+02   2.2010190e+02   2.5920944e+02   2.5755069e+02   2.6360032e+02   2.4179299e+02   1.8490609e+02   2.9753634e+02
   2.5771731e+02   2.7415905e+02   1.6670590e+02   2.1618168e+02   2.5788569e+02   2.3237307e+02   2.6288280e+02   1.5231332e+02   2.0662968e+02   2.2995975e+02   2.1190579e+02   2.0951336e+02   2.2744665e+02   2.9888631e+02   1.9436043e+02   1.9190985e+02   2.6295731e+02   2.2836995e+02   2.2845049e+02   1.9919836e+02   1.8602142e+02   2.4947140e+02   2.6438865e+02   2.2010190e+02   2.5920944e+02   2.1300491e+02   2.6360032e+02   2.4179299e+02   1.8490609e+02   2.1124745e+02
   1.8061706e+02   1.6324723e+02   1.6670590e+02   1.6104172e+02   1.6087692e+02   1.8000252e+02   1.9000990e+02   1.3149763e+02   1.7538139e+02   1.0334966e+02   2.0664658e+02   1.3912266e+02   1.9950126e+02   1.7281718e+02   1.6222331e+02   1.6451716e+02   1.8718288e+02   1.4511454e+02   1.9134617e+02   1.5403185e+02   1.5702997e+02   2.0076302e+02   1.9763708e+02   1.4748325e+02   1.8140405e+02   1.9552430e+02   1.7761293e+02   1.4037009e+02   1.7347499e+02   1.3755908e+02
   8.9010074e+01   3.6767420e+01   6.4146510e+01   7.7081183e+01   4.7817407e+01   8.1173325e+01   7.2934525e+01   6.0104288e+01   3.7847926e+01   7.5713671e+01   6.9994388e+01   6.8507921e+01   3.0315947e+01   5.6218336e+01   5.6314951e+01   6.4274353e+01   4.4414552e+01   7.6526431e+01   2.3756992e+01   3.0094793e+01   4.4548899e+01   9.0315527e+01   4.1868189e+01   2.7359410e+01   7.0064255e+01   3.3022322e+01   6.6079967e+01   3.9775817e+01   7.8341168e+01   4.4235872e+01
   3.0763983e+00   3.1246450e+00   5.3641985e+00   3.2139333e+00   3.7679012e+00   3.7716004e+00   3.4153034e+00   3.3553784e+00   4.6768808e+00   4.5953838e+00   4.8360692e+00   4.9568321e+00   3.5645253e+00   3.2152052e+00   3.2783727e+00   2.9191942e+00   4.0533587e+00   3.8345369e+00   3.5348430e+00   4.5339075e+00   3.9695026e+00   4.5984099e+00   3.7803245e+00   4.0636466e+00   2.5600241e+00   4.8324409e+00   4.4711250e+00   2.1714137e+00   5.0993860e+00   3.5612423e+00
   5.0420596e-02   4.9124172e-02   5.5349884e-02   5.1839742e-02   4.5386492e-02   4.1272479e-02   5.6285621e-02   4.3514786e-02   4.3083959e-02   5.0874185e-02   3.5218993e-02   5.3681498e-02   4.1535678e-02   4.3820024e-02   2.8308410e-02   6.4813490e-02   4.9173436e-02   4.4576723e-02   3.5751627e-02   4.1423090e-02   5.4253161e-02   6.7484999e-02   6.5625113e-02   6.0979449e-02   4.4341936e-02   5.6361557e-02   3.9716208e-02   4.2505891e-02   3.4863631e-02   4.8777337e-02
   8.1584519e-03   8.3583915e-03   7.4796893e-03   8.5497934e-03   6.4584439e-03   9.1166668e-03   8.2753940e-03   5.8822970e-03   6.9805704e-03   4.9276317e-03   9.0226320e-03   9.3575816e-03   8.8767157e-03   9.1209666e-03   8.5029394e-03   9.9827098e-03   8.9467353e-03   7.0048567e-03   8.4773048e-03   7.2191066e-03   7.2564431e-03   8.9366929e-03   7.1821769e-03   8.4366321e-03   9.5514210e-03   8.4532793e-03   7.6008609e-03   7.9788475e-03   6.4179670e-03   8.3744865e-03
   6.2625832e-03   5.7317361e-03   5.2180435e-03   4.9451284e-03   5.9538247e-03   4.6862709e-03   4.9223672e-03   5.8822970e-03   6.2899130e-03   4.9276317e-03   6.8187994e-03   6.7236034e-03   6.5468875e-03   6.5464759e-03   5.2132711e-03   3.5297078e-03   6.6646802e-03   5.6817513e-03   4.6642649e-03   5.2694851e-03   6.1221941e-03   6.0030816e-03   5.2522178e-03   6.0904928e-03   4.3542669e-03   5.1645811e-03   5.5581785e-03   5.9477931e-03   5.5580284e-03   5.4730873e-03
   3.5532411e-03   4.6015817e-03   4.8554070e-03   3.8430695e-03   4.4755852e-03   3.9431948e-03   4.6854920e-03   3.9259970e-03   6.0911476e-03   4.9276317e-03   4.4394246e-03   1.4204309e-03   3.9702823e-03   4.1919112e-03   1.3276905e-03   2.8243970e-03   5.5905377e-03   3.9666158e-03   4.6642649e-03   3.8543332e-03   5.1646817e-03   4.8604005e-03   4.9945035e-03   5.0888484e-03   4.2746019e-03   5.1645811e-03   5.5581785e-03   3.9495713e-03   4.6234716e-03   4.8399310e-03
   0.0000000e+00   0.0000000e+00   0.0000000e+00   0.0000000e+00   0.0000000e+00   0.0000000e+00   0.0000000e+00   0.0000000e+00   0.0000000e+00   0.0000000e+00   0.0000000e+00   0.0000000e+00   0.0000000e+00   0.0000000e+00   0.0000000e+00   0.0000000e+00   0.0000000e+00   0.0000000e+00   0.0000000e+00   0.0000000e+00   0.0000000e+00   0.0000000e+00   0.0000000e+00   0.0000000e+00   0.0000000e+00   0.0000000e+00   0.0000000e+00   0.0000000e+00   0.0000000e+00   0.0000000e+00
   0.0000000e+00   0.0000000e+00   0.0000000e+00   0.0000000e+00   0.0000000e+00   0.0000000e+00   0.0000000e+00   0.0000000e+00   0.0000000e+00   0.0000000e+00   0.0000000e+00   0.0000000e+00   0.0000000e+00   0.0000000e+00   0.0000000e+00   0.0000000e+00   0.0000000e+00   0.0000000e+00   0.0000000e+00   0.0000000e+00   0.0000000e+00   0.0000000e+00   0.0000000e+00   0.0000000e+00   0.0000000e+00   0.0000000e+00   0.0000000e+00   0.0000000e+00   0.0000000e+00   0.0000000e+00
