   5.7196824e+03   6.6464442e+03   3.8942327e+04   3.2240773e+04   1.2569782e+05   1.3919051e+05   7.3673016e+03   1.7470977e+04   4.9351690e+02   6.2225753e+04   4.6738055e+04   6.6920228e+04   8.0752086e+04   1.7302781e+05   2.2636707e+04   1.3059358e+05   3.2227901e+04   1.9813731e+04   1.9629068e+03   1.7475122e+04   1.6941096e+04   7.9832943e+04   2.8359484e+04   9.1658211e+04   3.1486868e+04   7.0558585e+03   1.9248993e+04   1.2864791e+04   9.7994364e+04   9.4144878e+03
   5.7196824e+03   5.3233770e+03   3.8942327e+04   1.0681433e+03   1.0857212e+04   6.4981623e+04   3.1502611e+03   1.7470977e+04   4.9351690e+02   6.2225753e+04   4.6738055e+04   6.0402115e+04   1.4868130e+04   3.6346298e+04   9.4955341e+03   1.2455247e+05   2.0504557e+04   1.9813731e+04   1.9629068e+03   1.7475122e+04   1.6941096e+04   1.4327422e+04   2.8359484e+04   4.6596846e+04   1.0538941e+04   7.0558585e+03   9.0964821e+03   1.2864791e+04   5.7881938e+04   9.4144878e+03
   5.4318357e+03   5.3233770e+03   7.0800047e+03   1.0681433e+03   4.4130872e+03   4.4552464e+04   1.9860879e+03   1.5861328e+04   4.9351690e+02   1.5228494e+04   1.1667099e+04   1.3579733e+04   1.2587686e+04   6.5623796e+03   9.4955341e+03   8.3976466e+04   9.9653000e+03   1.9813731e+04   1.9629068e+03   5.7869456e+03   1.6941096e+04   1.4327422e+04   1.2748954e+04   4.6596846e+04   1.0538941e+04   7.0550862e+03   9.0964821e+03   1.2034564e+04   4.1328588e+03   7.0956153e+03
   5.2621720e+03   5.3233770e+03   7.0800047e+03   1.0681433e+03   4.4130872e+03   1.2913492e+04   1.9860879e+03   4.8587098e+03   4.9351690e+02   1.4035867e+04   4.3993124e+03   5.0053375e+03   4.5403910e+03   5.4943516e+02   5.5098170e+03   1.1196733e+04   9.9218791e+03   1.9813731e+04   1.9629068e+03   4.0254226e+03   1.6941096e+04   1.1449484e+04   1.1461938e+04   4.6596846e+04   8.5188980e+03   5.9686314e+03   9.0964821e+03   1.1028756e+04   4.1328588e+03   6.8827371e+03
   1.3845331e+03   2.8571927e+03   5.0339311e+03   1.0681433e+03   1.9131591e+03   1.6957078e+03   1.4903441e+03   1.8843867e+03   4.9351690e+02   9.3066737e+02   3.0739893e+03   1.9910816e+03   1.9930234e+03   5.4943516e+02   4.1522157e+03   2.1411148e+03   3.4712069e+03   4.4439005e+03   2.2661361e+02   8.1519817e+01   8.7691598e+03   2.3286321e+03   1.5555342e+03   1.9391994e+03   4.9172090e+03   2.3361281e+03   9.1698797e+02   1.5980621e+02   1.3123582e+03   3.7738424e+03
   6.3329568e+02   1.0736134e+03   2.9772586e+03   6.8115428e+02   5.3555115e+02   1.5881724e+03   1.4903441e+03   7.9808328e+02   4.9351690e+02   1.4289924e+02   1.0198848e+03   6.2146715e+02   1.0223040e+03   5.4703731e+02   5.2258774e+02   8.4813128e+02   3.4402418e+02   1.1109856e+03   2.2661361e+02   8.1519817e+01   5.5942941e+02   1.9881424e+03   9.3105634e+02   1.4654770e+03   1.3978065e+03   1.2285136e+03   8.6561680e+02   1.5813391e+02   3.0197439e+02   1.5189093e+03
   2.5615882e+02   6.7735422e+02   1.8158464e+02   1.7723957e+01   2.4639645e+02   1.1242060e+03   6.2573009e+01   8.1913336e+01   4.9051573e+02   1.3390225e+02   1.1373132e+02   4.6524826e+02   6.5440396e+02   1.9916418e+02   1.9740598e+02   1.9363310e+02   2.6377369e+02   7.8431669e+01   2.2661361e+02   8.1519817e+01   5.0641515e+02   4.0973140e+02   4.5671014e+02   2.1758677e+02   5.2863376e+02   2.6294888e+02   3.0346220e+02   4.6381551e+01   1.0150891e+02   3.8915804e+02
   1.5411616e+01   5.0324852e+01   2.8753612e+01   1.0915934e+01   1.7633963e+01   4.6046966e+01   2.1487508e+01   1.5303107e+01   2.3436154e+01   1.4261294e+01   5.0902460e+01   2.8785355e+01   3.1209252e+01   1.7094793e+01   9.8255857e+00   4.4522448e+01   3.0315431e+01   2.1737680e+01   3.1033012e+01   1.4500088e+01   2.0139647e+01   2.5834248e+01   1.7030697e+01   1.3282564e+01   1.8165832e+01   1.8183113e+01   2.5228352e+01   1.9682459e+01   2.5077710e+01   3.1917653e+01
   6.9993625e+00   1.0756720e+01   8.9553425e+00   6.4445168e+00   9.8699608e+00   7.4591044e+00   8.7376255e+00   6.8015645e+00   1.0878355e+01   8.4488120e+00   6.6582779e+00   8.8973376e+00   7.9658361e+00   1.1731107e+01   7.8322372e+00   9.5088060e+00   8.3708976e+00   7.8318847e+00   9.7920116e+00   6.6638385e+00   8.1036270e+00   7.8329030e+00   6.9937489e+00   7.8168983e+00   7.6322041e+00   6.5289115e+00   1.0443943e+01   5.8831906e+00   7.1285671e+00   8.3257036e+00
   3.5074165e+00   4.7044582e+00   4.7287015e+00   4.2411371e+00   4.3047102e+00   5.1996156e+00   4.4906049e+00   2.8648987e+00   4.0311314e+00   4.6377703e+00   2.9867288e+00   4.3064791e+00   3.4710786e+00   4.0990233e+00   4.3076749e+00   4.5604370e+00   4.2609172e+00   2.6462347e+00   4.1274074e+00   4.3419578e+00   3.7397019e+00   3.8111551e+00   3.5582424e+00   2.8749481e+00   4.0128797e+00   5.3053577e+00   3.7094284e+00   2.5508615e+00   5.8723228e+00   3.9927215e+00
   2.2463623e+00   3.1272950e+00   2.6803203e+00   2.7723891e+00   2.1238857e+00   3.1168154e+00   2.4657043e+00   1.9295662e+00   2.6844678e+00   2.3623936e+00   2.9867288e+00   2.6678760e+00   2.4312644e+00   2.2495349e+00   2.9780563e+00   3.0565386e+00   2.1157147e+00   2.0394149e+00   2.4170513e+00   2.4928923e+00   1.8858228e+00   1.8969737e+00   1.8116582e+00   2.4232824e+00   2.2659049e+00   2.3442549e+00   2.8926988e+00   2.4694034e+00   2.4981592e+00   2.3630065e+00
   1.9897477e+00   1.9429873e+00   1.7861165e+00   1.9704892e+00   1.6963550e+00   1.9702822e+00   1.1019455e+00   1.4351048e+00   1.7034832e+00   1.7030653e+00   1.8449564e+00   1.7833502e+00   1.4575838e+00   1.9957810e+00   1.8297113e+00   2.0851422e+00   1.6729961e+00   1.4288108e+00   2.2087614e+00   2.2809438e+00   1.6437198e+00   1.8969737e+00   1.2022529e+00   1.8740803e+00   2.0093199e+00   1.6224571e+00   2.3566099e+00   1.6742966e+00   1.9428887e+00   1.9856717e+00
   8.9377916e-01   1.3597635e+00   1.2442517e+00   1.1655497e+00   1.0361909e+00   1.4117296e+00   1.0497389e+00   1.1508084e+00   8.8550486e-01   1.6199344e+00   1.3477048e+00   1.1980358e+00   1.3075905e+00   1.0295440e+00   1.3749335e+00   1.2416251e+00   1.1344068e+00   6.4450512e-01   1.2617927e+00   1.0194855e+00   1.1417814e+00   1.7302701e+00   1.2022529e+00   9.8430399e-01   9.6617541e-01   1.6094231e+00   1.5203571e+00   1.4173308e+00   1.1541602e+00   1.4617562e+00
   6.7270176e-01   8.4325038e-01   7.6470610e-01   7.3732190e-01   7.6279015e-01   7.9357346e-01   7.9487562e-01   7.1391807e-01   6.9412094e-01   9.0808120e-01   7.4413149e-01   7.8096003e-01   6.5909331e-01   7.1956047e-01   9.3989312e-01   7.6654792e-01   5.8795668e-01   6.4450512e-01   7.9267505e-01   9.0927576e-01   8.0660090e-01   7.1534555e-01   7.3063886e-01   6.6746801e-01   6.8442985e-01   8.9813532e-01   8.6423382e-01   5.8893023e-01   8.0093067e-01   8.5508087e-01
   1.1055156e-01   3.0532154e-01   3.9829646e-01   4.3504526e-01   4.2058761e-01   2.8801698e-01   3.6908522e-01   3.0335280e-01   3.7393901e-01   3.9451523e-01   4.0316853e-01   4.0008864e-01   3.8880015e-01   3.7208356e-01   2.8743064e-01   3.7015745e-01   3.2727276e-01   4.0545662e-01   3.4799279e-01   3.6704657e-01   4.3842445e-01   3.8930175e-01   4.0935445e-01   3.8469745e-01   3.7473280e-01   4.3521847e-01   4.6546282e-01   4.3534820e-01   3.9406143e-01   3.2273052e-01
   3.3381677e-02   1.2824074e-01   1.2864166e-01   1.2991797e-01   1.3757448e-01   1.3765075e-01   1.5808063e-01   1.5839740e-01   1.6291275e-01   1.7360796e-01   1.7439338e-01   1.8265921e-01   1.8770844e-01   1.8873026e-01   1.9086965e-01   1.9240638e-01   1.9573926e-01   1.9741858e-01   2.0778399e-01   2.1160930e-01   2.1630912e-01   2.2210392e-01   2.2270253e-01   2.2295525e-01   2.2734977e-01   2.2980107e-01   2.3657879e-01   2.4822957e-01   2.5580751e-01   2.7450303e-01
