   1.2422065e+03   1.3068868e+03   1.3924117e+03   1.2830047e+03   1.1571916e+03   1.3230089e+03   1.1034957e+03   9.2839367e+02   1.0865780e+03   1.3603532e+03   1.2674147e+03   1.2221389e+03   1.3743465e+03   1.2797403e+03   1.3570497e+03   1.1880329e+03   1.2879810e+03   1.2068040e+03   1.1932532e+03   1.1929262e+03   1.0206134e+03   1.4358534e+03   1.3010236e+03   1.3442342e+03   1.4006040e+03   1.2363992e+03   1.3249463e+03   1.0774740e+03   1.3038341e+03   1.1482101e+03
   9.5777220e+02   9.0957224e+02   9.2070019e+02   8.7503873e+02   8.4602982e+02   5.5073039e+02   8.1731587e+02   9.0357606e+02   7.4637969e+02   5.5404568e+02   6.6861929e+02   7.8356238e+02   7.2102642e+02   8.0507759e+02   7.2837798e+02   9.0759429e+02   6.5350541e+02   5.2451770e+02   8.6943292e+02   9.7533441e+02   7.7370601e+02   9.6605830e+02   7.3928346e+02   9.6489724e+02   4.4851717e+02   5.9483722e+02   4.4678324e+02   7.7703607e+02   9.1460790e+02   1.0108040e+03
   5.8637818e+02   6.8421138e+02   5.0493401e+02   6.5022759e+02   5.3652301e+02   5.0151191e+02   7.7414954e+02   4.9947207e+02   5.5177247e+02   4.7847495e+02   4.2753847e+02   3.4640621e+02   5.4277215e+02   5.2287151e+02   6.6851791e+02   4.2174907e+02   3.4452684e+02   4.4836852e+02   5.7860403e+02   7.2556848e+02   6.6545541e+02   3.0827091e+02   5.5523911e+02   6.0407670e+02   3.0397980e+02   2.9731841e+02   4.4611537e+02   4.5289793e+02   4.7268781e+02   4.1370611e+02
   4.7708687e+02   4.1487227e+02   4.5286299e+02   3.3469923e+02   3.7038055e+02   2.8960222e+02   4.1041671e+02   3.6598476e+02   3.4876420e+02   3.1471401e+02   2.8201816e+02   2.9764564e+02   3.5590834e+02   2.0054281e+02   4.1677080e+02   3.3909498e+02   2.6786591e+02   4.4553119e+02   2.9808900e+02   2.2377708e+02   4.6576865e+02   3.0827091e+02   3.4483475e+02   3.4621717e+02   3.0397980e+02   2.4887702e+02   1.3794085e+02   3.3626202e+02   3.7908728e+02   2.1460364e+02
   2.3178575e+02   3.3926225e+02   2.3558946e+02   1.9729424e+02   2.0389798e+02   1.1884886e+02   2.2392017e+02   3.5331508e+02   2.6125680e+02   2.5481718e+02   2.2789608e+02   1.6543397e+02   2.3541920e+02   1.4532193e+02   2.2202968e+02   1.9609603e+02   2.6786591e+02   1.5102560e+02   1.0211938e+02   1.7553874e+02   2.2374556e+02   2.3333316e+02   3.1002923e+02   2.6921717e+02   2.1577264e+02   2.4404400e+02   1.3794085e+02   3.3626202e+02   3.0991327e+02   1.7920514e+02
   1.6397714e+02   1.8747674e+02   1.0296576e+02   1.9582006e+02   1.8711880e+02   1.1884886e+02   1.8256966e+02   2.3911214e+02   1.4645375e+02   1.9461710e+02   1.9029115e+02   1.2100667e+02   1.5034482e+02   9.7671366e+01   2.0408628e+02   1.4689639e+02   1.9158480e+02   1.4475743e+02   1.0211938e+02   1.7549239e+02   8.9149168e+01   2.3333316e+02   1.2279925e+02   1.8264907e+02   1.4170683e+02   2.0701459e+02   1.1033474e+02   1.7031509e+02   1.9753678e+02   1.7920514e+02
   1.3601126e+02   1.1876406e+02   1.0296576e+02   1.9582006e+02   9.3671549e+01   1.1884886e+02   1.2547334e+02   1.3326018e+02   1.3463824e+02   1.1003809e+02   9.5497283e+01   9.6171970e+01   1.5034482e+02   9.7671366e+01   1.4584141e+02   1.1031152e+02   1.6816876e+02   7.4474404e+01   1.0211938e+02   1.3578173e+02   8.9149168e+01   1.4386396e+02   1.1469731e+02   1.6946612e+02   1.1063719e+02   8.7451524e+01   1.1033474e+02   1.0524431e+02   1.5524409e+02   1.4037853e+02
   7.5595595e+01   8.8879612e+01   4.5544644e+01   5.7154769e+01   5.8859804e+01   4.3245837e+01   6.8264905e+01   6.5755385e+01   7.3266949e+01   5.0011372e+01   6.3227737e+01   6.5584066e+01   7.8646073e+01   6.9401493e+01   5.6184779e+01   7.1792555e+01   7.6224504e+01   5.9580004e+01   5.7043134e+01   7.1076402e+01   7.1381555e+01   7.0203680e+01   8.2163560e+01   6.0716267e+01   6.7433497e+01   6.2391819e+01   7.9025552e+01   6.7100384e+01   7.1437519e+01   6.9200058e+01
   1.3367041e+01   1.8437364e+01   2.5210397e+01   1.9516167e+01   1.7716566e+01   2.4749749e+01   2.2171288e+01   1.8808590e+01   2.7182704e+01   1.5923811e+01   2.2198186e+01   1.7759899e+01   2.0451297e+01   1.7738964e+01   1.8302130e+01   2.4727304e+01   2.5780946e+01   1.6771699e+01   2.1586203e+01   1.6199702e+01   1.3397948e+01   2.3151589e+01   2.2570277e+01   2.8226823e+01   2.4434516e+01   1.4957124e+01   2.2630362e+01   2.3073219e+01   2.0800462e+01   1.9171608e+01
   3.0743882e+00   5.6938970e+00   3.3884773e+00   2.7508116e+00   1.3287967e+00   4.2352125e+00   3.3588200e+00   4.6466909e+00   3.6854612e+00   5.1345082e+00   3.5759713e+00   3.1257381e+00   3.2303464e+00   2.8387997e+00   5.6457140e+00   2.4716906e+00   5.6275535e+00   3.5428154e+00   3.7640757e+00   3.3347831e+00   4.2892267e+00   4.7825101e+00   3.6969192e+00   3.5797365e+00   3.3186968e+00   3.3966221e+00   2.5455151e+00   5.1747481e+00   1.7800415e+00   4.7364593e+00
   2.2099910e-02   1.3917013e-02   2.2167626e-02   1.9972266e-02   7.1727742e-03   2.1374918e-02   1.6920133e-02   2.0754395e-02   1.8375091e-02   1.3981358e-02   1.6563638e-02   2.2871081e-02   1.6546076e-02   2.0273347e-02   1.4087988e-02   1.8421782e-02   2.7932986e-02   1.3100194e-02   1.9025037e-02   2.2427229e-02   2.2929939e-02   3.0284686e-02   1.6862194e-02   2.3887925e-02   2.0614792e-02   1.7549318e-02   1.5225929e-02   2.5587788e-02   1.1918523e-02   1.5130891e-02
   2.9095960e-05   2.6472907e-05   2.4122668e-05   1.7037047e-05   1.4758644e-05   2.3611725e-05   2.4649561e-05   2.4426568e-05   1.7133008e-05   3.0703007e-05   2.1615048e-05   3.0484029e-05   1.9848263e-05   2.0584439e-05   2.2437476e-05   3.1329796e-05   3.0411471e-05   1.9883584e-05   2.5013170e-05   2.4866556e-05   2.9503825e-05   2.4088250e-05   1.8509688e-05   1.4350704e-05   2.4767728e-05   1.5988818e-05   2.1936609e-05   2.6685942e-05   1.8855987e-05   2.0714578e-05
   0.0000000e+00   0.0000000e+00   0.0000000e+00   0.0000000e+00   0.0000000e+00   0.0000000e+00   0.0000000e+00   0.0000000e+00   0.0000000e+00   0.0000000e+00   0.0000000e+00   0.0000000e+00   0.0000000e+00   0.0000000e+00   0.0000000e+00   0.0000000e+00   0.0000000e+00   0.0000000e+00   0.0000000e+00   0.0000000e+00   0.0000000e+00   0.0000000e+00   0.0000000e+00   0.0000000e+00   0.0000000e+00   0.0000000e+00   0.0000000e+00   0.0000000e+00   0.0000000e+00   0.0000000e+00
   0.0000000e+00   0.0000000e+00   0.0000000e+00   0.0000000e+00   0.0000000e+00   0.0000000e+00   0.0000000e+00   0.0000000e+00   0.0000000e+00   0.0000000e+00   0.0000000e+00   0.0000000e+00   0.0000000e+00   0.0000000e+00   0.0000000e+00   0.0000000e+00   0.0000000e+00   0.0000000e+00   0.0000000e+00   0.0000000e+00   0.0000000e+00   0.0000000e+00   0.0000000e+00   0.0000000e+00   0.0000000e+00   0.0000000e+00   0.0000000e+00   0.0000000e+00   0.0000000e+00   0.0000000e+00
   0.0000000e+00   0.0000000e+00   0.0000000e+00   0.0000000e+00   0.0000000e+00   0.0000000e+00   0.0000000e+00   0.0000000e+00   0.0000000e+00   0.0000000e+00   0.0000000e+00   0.0000000e+00   0.0000000e+00   0.0000000e+00   0.0000000e+00   0.0000000e+00   0.0000000e+00   0.0000000e+00   0.0000000e+00   0.0000000e+00   0.0000000e+00   0.0000000e+00   0.0000000e+00   0.0000000e+00   0.0000000e+00   0.0000000e+00   0.0000000e+00   0.0000000e+00   0.0000000e+00   0.0000000e+00
   0.0000000e+00   0.0000000e+00   0.0000000e+00   0.0000000e+00   0.0000000e+00   0.0000000e+00   0.0000000e+00   0.0000000e+00   0.0000000e+00   0.0000000e+00   0.0000000e+00   0.0000000e+00   0.0000000e+00   0.0000000e+00   0.0000000e+00   0.0000000e+00   0.0000000e+00   0.0000000e+00   0.0000000e+00   0.0000000e+00   0.0000000e+00   0.0000000e+00   0.0000000e+00   0.0000000e+00   0.0000000e+00   0.0000000e+00   0.0000000e+00   0.0000000e+00   0.0000000e+00   0.0000000e+00
