   2.8312758e+05   1.5396184e+05   2.0921650e+05   2.8054845e+05   1.9972909e+05   9.6329309e+04   4.4749508e+05   1.8439557e+05   1.7422007e+05   1.1994956e+05   3.1808097e+04   4.3295713e+05   2.1745868e+05   4.3496212e+05   2.2210096e+05   2.9685928e+05   4.0595808e+05   3.5358546e+05   1.2990268e+05   9.3355349e+04   1.3398306e+05   3.6293721e+05   1.6935054e+05   3.8623674e+05   3.9402674e+05   2.7866704e+05   5.9431765e+05   2.6059288e+05   7.5960279e+04   2.8824072e+05
   2.8312758e+05   1.5396184e+05   5.5822553e+04   1.7076709e+05   7.0876215e+04   1.1213819e+04   1.8855184e+05   1.8048101e+05   1.5717040e+05   1.4544463e+04   3.1808097e+04   3.0946037e+04   4.8531980e+04   1.0555099e+05   4.6134175e+04   1.3383067e+05   7.7010096e+04   2.0296004e+05   1.2990268e+05   7.1868743e+04   6.9485449e+04   1.0785870e+05   1.3505459e+04   1.8050437e+05   1.0060899e+05   2.7866704e+05   2.8654896e+05   1.8825523e+04   7.5960279e+04   1.9088275e+05
   2.1461520e+04   1.1669641e+05   3.6502154e+04   2.7073639e+04   1.7946560e+03   1.1213819e+04   3.7427853e+03   7.6486252e+03   1.0473747e+04   2.5859721e+03   1.6666282e+04   2.4259260e+04   4.8531980e+04   3.7784591e+04   3.0312638e+04   8.3295905e+03   4.6512610e+04   7.9429122e+03   5.2507917e+02   1.7191684e+04   1.2094625e+04   6.8302315e+04   1.1468730e+04   8.6415316e+04   3.1983672e+04   5.2094353e+04   1.8960930e+04   1.5009614e+03   2.4226992e+03   1.0558688e+04
   2.1461520e+04   2.5859947e+04   1.9444358e+03   1.8332320e+04   1.9375171e+01   8.9324252e+03   3.7427853e+03   7.6486252e+03   4.1746211e+03   2.3825185e+03   5.3778639e+03   1.4679225e+04   5.0201955e+03   1.8041998e+03   8.7729568e+03   2.0232558e+03   1.8873560e+04   1.6982267e+03   5.2507917e+02   1.0268677e+03   8.7545055e+03   5.4216479e+03   1.1468730e+04   1.6744784e+04   1.2533282e+04   1.6094683e+04   1.8960930e+04   1.5009614e+03   7.2617541e+01   1.0558688e+04
   2.3019147e+02   2.7102155e+02   1.9444358e+03   3.2664493e+03   1.9375171e+01   1.5835826e+03   4.7814898e+02   2.7418953e+02   1.7230960e+03   1.4640378e+03   1.9092006e+03   1.3115803e+03   3.1049395e+03   1.8041998e+03   2.0267812e+03   1.7153361e+03   6.3322222e+02   8.7250701e+02   5.2507917e+02   1.0268677e+03   1.3115918e+03   1.2752390e+03   1.0341227e+04   3.2119894e+03   1.1615738e+03   1.7152790e+03   1.0578686e+04   1.6435832e+02   7.2617541e+01   6.9206950e+01
   2.3019147e+02   2.7102155e+02   1.6384662e+03   1.1594936e+03   1.9375171e+01   4.5579765e+02   4.7814898e+02   2.7418953e+02   7.9922135e+02   1.7844157e+02   1.0648286e+03   9.4947998e+02   1.2502255e+03   3.4766661e+02   1.0725456e+03   3.4945720e+02   1.4364882e+02   2.6758990e+02   4.1299373e+02   7.9694289e+02   1.3115918e+03   1.4520195e+02   1.6761888e+03   1.5690128e+03   1.1615738e+03   1.7152790e+03   7.7850840e+02   1.6435832e+02   7.2617541e+01   6.9206950e+01
   1.6754056e+02   2.6266370e+02   1.4937528e+03   5.6640082e+02   1.9375171e+01   1.0470095e+02   4.7814898e+02   2.7418953e+02   9.2775966e+01   1.6817521e+02   1.0648286e+03   1.5478020e+02   1.2502255e+03   3.4766661e+02   2.9759320e+02   3.4945720e+02   1.3348739e+02   4.4859008e+01   4.1299373e+02   5.4424436e+02   1.3115918e+03   9.4829130e+01   4.1675562e+02   1.8111723e+02   2.3999034e+01   1.7262358e+02   7.7850840e+02   1.6435832e+02   7.2617541e+01   6.9206950e+01
   3.6595852e+01   5.8009978e+01   1.1238547e+02   4.4611069e+01   1.9375171e+01   5.6711134e+01   5.7060201e+01   4.6762295e+01   3.9640199e+01   2.7446283e+01   1.1364100e+02   3.1241007e+01   2.7000873e+01   8.5135355e+01   4.9209314e+01   3.1557314e+01   9.4950692e+01   2.9961877e+01   4.1401644e+01   4.5811360e+01   2.9991339e+01   1.9346026e+01   1.8602848e+01   3.3490351e+01   2.3999034e+01   2.3943944e+01   5.7850748e+01   3.3405530e+01   4.0836405e+01   3.1989603e+01
   1.2559701e+01   1.4386598e+01   1.7897335e+01   1.6547942e+01   1.6528061e+01   1.7273249e+01   2.0833260e+01   1.1607523e+01   1.3748748e+01   1.3398851e+01   1.7049840e+01   1.7176663e+01   1.5045583e+01   1.6882705e+01   1.8237668e+01   1.0220325e+01   1.6987248e+01   1.2804917e+01   9.3924552e+00   1.4708800e+01   1.3135376e+01   1.1039843e+01   1.7788898e+01   1.4353951e+01   1.7447297e+01   1.6461388e+01   1.2078432e+01   1.6491423e+01   7.6805499e+00   1.0289151e+01
   1.2141908e+00   4.0757737e+00   4.1882154e+00   3.9136731e+00   4.9944906e+00   4.2711395e+00   3.4568992e+00   5.7172444e-01   1.3254458e+00   3.7157783e+00   5.0166514e+00   3.1381477e+00   4.1559507e+00   3.1443921e+00   2.9146825e+00   4.2033460e+00   5.2442440e+00   3.9064116e+00   3.1019151e+00   5.4121542e+00   1.7033233e+00   2.2870793e+00   2.6949258e+00   3.8886282e+00   2.4729982e+00   5.0789986e+00   3.6084881e+00   2.5022908e+00   1.8448552e+00   2.2338969e+00
   3.0184886e-04   1.0916964e-03   1.1203376e-03   1.7940817e-03   1.5749181e-04   1.3247282e-03   1.6731588e-03   6.7432097e-04   2.5721137e-03   7.8008259e-04   1.8418443e-04   3.2536750e-05   5.3667026e-04   1.9017438e-04   2.7789547e-04   1.5307759e-04   2.1202287e-03   1.1163054e-03   4.9114257e-04   2.8654193e-04   7.9376207e-04   2.1803117e-04   1.6843705e-04   3.4263828e-04   1.2851680e-03   2.1740645e-04   9.3013112e-04   4.9552572e-04   2.6737939e-04   5.8112727e-04
   0.0000000e+00   0.0000000e+00   0.0000000e+00   0.0000000e+00   0.0000000e+00   0.0000000e+00   0.0000000e+00   0.0000000e+00   0.0000000e+00   0.0000000e+00   0.0000000e+00   0.0000000e+00   0.0000000e+00   0.0000000e+00   0.0000000e+00   0.0000000e+00   0.0000000e+00   0.0000000e+00   0.0000000e+00   0.0000000e+00   0.0000000e+00   0.0000000e+00   0.0000000e+00   0.0000000e+00   0.0000000e+00   0.0000000e+00   0.0000000e+00   0.0000000e+00   0.0000000e+00   0.0000000e+00
   0.0000000e+00   0.0000000e+00   0.0000000e+00   0.0000000e+00   0.0000000e+00   0.0000000e+00   0.0000000e+00   0.0000000e+00   0.0000000e+00   0.0000000e+00   0.0000000e+00   0.0000000e+00   0.0000000e+00   0.0000000e+00   0.0000000e+00   0.0000000e+00   0.0000000e+00   0.0000000e+00   0.0000000e+00   0.0000000e+00   0.0000000e+00   0.0000000e+00   0.0000000e+00   0.0000000e+00   0.0000000e+00   0.0000000e+00   0.0000000e+00   0.0000000e+00   0.0000000e+00   0.0000000e+00
   0.0000000e+00   0.0000000e+00   0.0000000e+00   0.0000000e+00   0.0000000e+00   0.0000000e+00   0.0000000e+00   0.0000000e+00   0.0000000e+00   0.0000000e+00   0.0000000e+00   0.0000000e+00   0.0000000e+00   0.0000000e+00   0.0000000e+00   0.0000000e+00   0.0000000e+00   0.0000000e+00   0.0000000e+00   0.0000000e+00   0.0000000e+00   0.0000000e+00   0.0000000e+00   0.0000000e+00   0.0000000e+00   0.0000000e+00   0.0000000e+00   0.0000000e+00   0.0000000e+00   0.0000000e+00
   0.0000000e+00   0.0000000e+00   0.0000000e+00   0.0000000e+00   0.0000000e+00   0.0000000e+00   0.0000000e+00   0.0000000e+00   0.0000000e+00   0.0000000e+00   0.0000000e+00   0.0000000e+00   0.0000000e+00   0.0000000e+00   0.0000000e+00   0.0000000e+00   0.0000000e+00   0.0000000e+00   0.0000000e+00   0.0000000e+00   0.0000000e+00   0.0000000e+00   0.0000000e+00   0.0000000e+00   0.0000000e+00   0.0000000e+00   0.0000000e+00   0.0000000e+00   0.0000000e+00   0.0000000e+00
   0.0000000e+00   0.0000000e+00   0.0000000e+00   0.0000000e+00   0.0000000e+00   0.0000000e+00   0.0000000e+00   0.0000000e+00   0.0000000e+00   0.0000000e+00   0.0000000e+00   0.0000000e+00   0.0000000e+00   0.0000000e+00   0.0000000e+00   0.0000000e+00   0.0000000e+00   0.0000000e+00   0.0000000e+00   0.0000000e+00   0.0000000e+00   0.0000000e+00   0.0000000e+00   0.0000000e+00   0.0000000e+00   0.0000000e+00   0.0000000e+00   0.0000000e+00   0.0000000e+00   0.0000000e+00
