   4.5377960e+03   4.7387709e+03   4.6320812e+03   4.7927323e+03   5.1396822e+03   4.6848647e+03   5.0141200e+03   5.0699429e+03   4.8545491e+03   5.0673616e+03   4.7906491e+03   4.9193996e+03   4.1079826e+03   4.7081498e+03   5.2052332e+03   5.0859933e+03   5.1595296e+03   4.4467437e+03   4.7514574e+03   4.5234381e+03   5.2157681e+03   4.2010543e+03   4.4794201e+03   5.4001322e+03   5.2660422e+03   5.0579692e+03   5.1749890e+03   4.6312770e+03   4.5285058e+03   4.7461571e+03
   4.5377960e+03   4.7387709e+03   4.6320812e+03   4.7927323e+03   5.1396822e+03   4.6848647e+03   5.0141200e+03   5.0699429e+03   4.8545491e+03   5.0673616e+03   4.7906491e+03   4.9193996e+03   4.1079826e+03   4.7081498e+03   5.2052332e+03   5.0859933e+03   5.1595296e+03   4.4467437e+03   4.7514574e+03   4.5234381e+03   5.2157681e+03   4.2010543e+03   4.4794201e+03   5.4001322e+03   5.2660422e+03   5.0579692e+03   5.1749890e+03   4.6312770e+03   4.5285058e+03   4.7461571e+03
   4.5377960e+03   4.7387709e+03   4.6320812e+03   4.7927323e+03   5.1396822e+03   4.6848647e+03   5.0141200e+03   5.0699429e+03   4.8545491e+03   5.0673616e+03   4.7906491e+03   4.9193996e+03   4.1079826e+03   4.7081498e+03   5.2052332e+03   5.0859933e+03   5.1595296e+03   4.4467437e+03   4.7514574e+03   4.5234381e+03   5.2157681e+03   4.2010543e+03   4.4794201e+03   5.4001322e+03   5.2660422e+03   5.0579692e+03   5.1749890e+03   4.6312770e+03   4.5285058e+03   4.7461571e+03
   4.5377960e+03   4.7387709e+03   4.6320812e+03   4.7927323e+03   5.1396822e+03   4.6848647e+03   5.0141200e+03   5.0699429e+03   4.8545491e+03   5.0673616e+03   4.7906491e+03   4.9193996e+03   4.1079826e+03   4.7081498e+03   5.2052332e+03   5.0859933e+03   5.1595296e+03   4.4467437e+03   4.7514574e+03   4.5234381e+03   5.2157681e+03   4.2010543e+03   4.4794201e+03   5.4001322e+03   5.2660422e+03   5.0579692e+03   5.1749890e+03   4.6312770e+03   4.5285058e+03   4.7461571e+03
   4.5377960e+03   4.7387709e+03   4.6320812e+03   4.7927323e+03   5.1396822e+03   4.6848647e+03   5.0141200e+03   5.0699429e+03   4.8545491e+03   5.0673616e+03   4.7906491e+03   4.9193996e+03   4.1079826e+03   4.7081498e+03   5.2052332e+03   5.0859933e+03   5.1595296e+03   4.4467437e+03   4.7514574e+03   4.5234381e+03   5.2157681e+03   4.2010543e+03   4.4794201e+03   5.4001322e+03   5.2660422e+03   5.0579692e+03   5.1749890e+03   4.6312770e+03   4.5285058e+03   4.7461571e+03
   4.5377960e+03   4.6838005e+03   4.2475742e+03   4.5539845e+03   5.1396822e+03   4.6501415e+03   4.8658965e+03   4.6925598e+03   4.8545491e+03   4.8872531e+03   4.7906491e+03   4.9193996e+03   4.1079826e+03   4.7081498e+03   5.0534965e+03   5.0859933e+03   4.7852505e+03   4.4195368e+03   4.7514574e+03   4.5234381e+03   4.8569827e+03   4.2010543e+03   4.4794201e+03   5.1553726e+03   5.0264968e+03   5.0579692e+03   4.9661990e+03   4.6312770e+03   4.3034989e+03   4.3210349e+03
   4.5377960e+03   4.6838005e+03   4.2475742e+03   4.5539845e+03   5.1396822e+03   4.6501415e+03   4.8658965e+03   4.6925598e+03   4.8545491e+03   4.8872531e+03   4.7906491e+03   4.9193996e+03   4.1079826e+03   4.7081498e+03   5.0534965e+03   5.0859933e+03   4.7852505e+03   4.4195368e+03   4.7514574e+03   4.5234381e+03   4.8569827e+03   4.2010543e+03   4.4794201e+03   5.1553726e+03   5.0264968e+03   5.0579692e+03   4.9661990e+03   4.6312770e+03   4.3034989e+03   4.3210349e+03
   4.1281339e+03   4.3979777e+03   4.1527129e+03   4.5539845e+03   4.8851954e+03   4.6501415e+03   4.8525398e+03   4.6925598e+03   4.6699974e+03   4.4957538e+03   4.7503731e+03   4.5376381e+03   4.1079826e+03   4.5468809e+03   5.0534965e+03   4.4894855e+03   4.6811498e+03   4.2062199e+03   4.1403950e+03   4.5234381e+03   4.7395567e+03   4.2010543e+03   4.3561303e+03   5.0000117e+03   4.9771347e+03   4.6074751e+03   4.6309704e+03   4.6312770e+03   4.3034989e+03   4.3210349e+03
   4.0005086e+03   4.0974859e+03   3.5174001e+03   4.2478057e+03   4.6570108e+03   4.4719100e+03   4.3668189e+03   4.6925598e+03   4.6338217e+03   4.3748696e+03   4.5186536e+03   4.2427462e+03   4.0876400e+03   4.3958146e+03   4.1695301e+03   4.1038724e+03   4.1698211e+03   4.2062199e+03   4.0082300e+03   3.9203727e+03   3.9660516e+03   4.1739276e+03   4.3519612e+03   4.6682904e+03   4.4633522e+03   3.9673512e+03   4.1845285e+03   4.5813575e+03   4.2195579e+03   4.2507000e+03
   4.0005086e+03   4.0382492e+03   3.5174001e+03   4.0890146e+03   4.0787147e+03   4.2247525e+03   4.0792403e+03   4.1131875e+03   4.1700995e+03   4.1681179e+03   4.0033045e+03   3.4691983e+03   3.7139315e+03   4.2013874e+03   4.1695301e+03   3.5499326e+03   3.8437548e+03   4.1350629e+03   3.8796163e+03   3.7645561e+03   3.4700260e+03   3.8380648e+03   3.9771301e+03   4.1877748e+03   4.0480160e+03   3.5290267e+03   4.1845285e+03   4.2042767e+03   4.0271661e+03   4.0045572e+03
   3.3949263e+03   3.6231120e+03   3.2318176e+03   3.2464614e+03   3.6955720e+03   3.4285663e+03   3.4339332e+03   3.4765391e+03   3.1444168e+03   3.1472428e+03   3.5080915e+03   3.4015294e+03   3.4034493e+03   3.2005682e+03   3.3030213e+03   3.1605649e+03   3.1847805e+03   3.6336509e+03   3.7116831e+03   3.6419371e+03   2.8919068e+03   3.4774840e+03   3.6959192e+03   3.6283209e+03   3.5202711e+03   3.3906896e+03   3.5660578e+03   3.1366107e+03   3.1453460e+03   3.4975289e+03
   2.7166898e+03   3.0961959e+03   2.5979485e+03   2.8079177e+03   3.0442391e+03   3.1570595e+03   2.9776166e+03   2.6547373e+03   2.3881857e+03   2.7103370e+03   3.1128024e+03   3.0006671e+03   2.8992081e+03   1.7941367e+03   2.7001124e+03   2.6256105e+03   2.6809838e+03   2.6254365e+03   3.1121222e+03   2.5560624e+03   2.7323019e+03   2.7625536e+03   2.9426746e+03   2.9931408e+03   2.6229024e+03   2.8542002e+03   2.6875567e+03   2.4614584e+03   2.5572703e+03   2.7985306e+03
   2.2279072e+03   2.0332184e+03   1.9594855e+03   2.1801481e+03   2.1084716e+03   2.2630265e+03   2.0338970e+03   2.1965539e+03   1.8029304e+03   1.9774069e+03   2.3371441e+03   1.9224310e+03   1.5419907e+03   1.7941367e+03   2.0418573e+03   1.9462839e+03   1.6924637e+03   2.0746237e+03   2.0129770e+03   1.9920455e+03   2.0624676e+03   1.8170967e+03   1.8092159e+03   1.9692317e+03   1.7799247e+03   1.9315285e+03   2.0451302e+03   2.0411411e+03   2.0261054e+03   2.1145684e+03
   1.3562560e+03   1.2402445e+03   1.1508075e+03   1.3612319e+03   1.4478192e+03   1.3789436e+03   1.1407705e+03   1.4389099e+03   1.3172902e+03   1.2580444e+03   1.3167032e+03   1.3979702e+03   1.2330452e+03   1.2636184e+03   1.2974621e+03   1.2233134e+03   1.1614966e+03   1.2203220e+03   1.1740153e+03   1.2485564e+03   1.2283591e+03   1.3538442e+03   9.6870563e+02   1.1978492e+03   1.0904521e+03   1.2655855e+03   1.1120423e+03   1.1817082e+03   1.4156318e+03   1.4462206e+03
   3.6907473e+02   6.2957366e+02   4.7542787e+02   4.6153778e+02   6.3872156e+02   5.1931019e+02   4.3455065e+02   3.7415613e+02   5.5072509e+02   5.2061643e+02   3.3778862e+02   5.9972753e+02   4.4466906e+02   5.1473272e+02   3.9520893e+02   3.8099281e+02   5.0147166e+02   6.5394590e+02   3.1556456e+02   5.2233356e+02   4.2244559e+02   5.7989493e+02   5.5450990e+02   5.4482335e+02   5.6725441e+02   5.3511561e+02   6.1250471e+02   3.9987915e+02   6.6069402e+02   5.1243352e+02
   4.3558135e+00   5.6082588e+00   7.9073539e+00   1.1183634e+01   1.3188255e+01   1.5069845e+01   1.5260138e+01   1.5677633e+01   1.6574172e+01   1.7691365e+01   1.7904997e+01   1.8097755e+01   1.8983207e+01   1.9309794e+01   1.9782726e+01   2.0163726e+01   2.0904412e+01   2.1175914e+01   2.1325555e+01   2.1958290e+01   2.2016676e+01   2.2506451e+01   2.2572545e+01   2.2749993e+01   2.5184277e+01   2.5684244e+01   2.6103743e+01   3.2754511e+01   3.4561540e+01   3.4572141e+01
