   3.4157071e+02   2.3629011e+02   2.3999822e+02   3.2598356e+02   3.0572328e+02   3.2938240e+02   3.2705974e+02   1.9940741e+02   4.1269254e+02   3.3815939e+02   3.3218817e+02   3.5009735e+02   3.0451910e+02   3.3481660e+02   3.2007932e+02   3.6208307e+02   3.4189238e+02   3.5477094e+02   2.2880341e+02   2.9387961e+02   2.8731448e+02   2.9509771e+02   2.9471005e+02   3.8179884e+02   2.2772404e+02   3.3248495e+02   3.7658922e+02   2.7445259e+02   2.8195789e+02   2.7162083e+02
   3.4157071e+02   2.3629011e+02   2.3999822e+02   3.2598356e+02   3.0572328e+02   3.2938240e+02   3.2705974e+02   1.9940741e+02   4.1269254e+02   3.3815939e+02   3.3218817e+02   3.5009735e+02   3.0451910e+02   3.3481660e+02   3.2007932e+02   3.6208307e+02   3.4189238e+02   3.5477094e+02   2.2880341e+02   2.9387961e+02   2.8731448e+02   2.9509771e+02   2.9471005e+02   3.8179884e+02   2.2772404e+02   3.3248495e+02   3.7658922e+02   2.7445259e+02   2.8195789e+02   2.7162083e+02
   3.4157071e+02   2.3629011e+02   2.3999822e+02   3.2598356e+02   3.0572328e+02   3.2938240e+02   3.2705974e+02   1.9940741e+02   4.1269254e+02   3.3815939e+02   3.3218817e+02   3.5009735e+02   3.0451910e+02   3.3481660e+02   3.2007932e+02   3.6208307e+02   3.4189238e+02   3.5477094e+02   2.2880341e+02   2.9387961e+02   2.8731448e+02   2.9509771e+02   2.9471005e+02   3.8179884e+02   2.2772404e+02   3.3248495e+02   3.7658922e+02   2.7445259e+02   2.8195789e+02   2.7162083e+02
   3.4157071e+02   2.3356406e+02   2.3999822e+02   3.0310528e+02   3.0572328e+02   3.2155795e+02   3.2532090e+02   1.9940741e+02   3.9693891e+02   2.8178240e+02   2.8830006e+02   3.5009735e+02   3.0451910e+02   2.9806000e+02   2.9816212e+02   3.6208307e+02   3.3408612e+02   3.1928341e+02   2.2880341e+02   2.9387961e+02   2.8731448e+02   2.9509771e+02   2.8564458e+02   3.7641521e+02   2.2027072e+02   3.3248495e+02   3.5214337e+02   2.7175080e+02   2.6194439e+02   2.6564747e+02
   3.3638525e+02   2.2959341e+02   2.3999822e+02   2.9914082e+02   3.0572328e+02   2.7195915e+02   3.2532090e+02   1.9940741e+02   3.3184304e+02   2.8178240e+02   2.8830006e+02   2.7520329e+02   2.4360602e+02   2.6220371e+02   2.7823736e+02   3.0439320e+02   2.8112432e+02   3.1928341e+02   2.2880341e+02   2.6486065e+02   2.8731448e+02   2.9509771e+02   2.7707591e+02   3.1984892e+02   2.2027072e+02   3.1509857e+02   2.0665266e+02   2.5472009e+02   1.8981936e+02   2.6564747e+02
   3.2700170e+02   2.2959341e+02   2.3999822e+02   2.6778178e+02   2.8749762e+02   2.4864085e+02   3.0179191e+02   1.9940741e+02   2.6302665e+02   2.7798848e+02   2.7255865e+02   2.4911076e+02   2.2342006e+02   2.5480322e+02   2.3401386e+02   2.8175461e+02   2.8112432e+02   3.1530518e+02   2.1813230e+02   2.6486065e+02   2.5932942e+02   2.9509771e+02   2.4304991e+02   3.1984892e+02   2.2027072e+02   2.7926130e+02   1.9921566e+02   2.4352362e+02   1.8981936e+02   2.5710362e+02
   2.4466646e+02   2.2748833e+02   2.1486794e+02   2.3458529e+02   2.7668584e+02   2.0730441e+02   1.9481519e+02   1.9427685e+02   2.2898688e+02   1.7356628e+02   2.3061644e+02   2.1666855e+02   2.1578729e+02   1.9045594e+02   2.2246388e+02   2.5017692e+02   2.4820590e+02   2.1314215e+02   2.1813230e+02   2.4855367e+02   1.9971257e+02   2.6661193e+02   2.4304991e+02   1.8028626e+02   2.1061542e+02   1.5004944e+02   1.8896578e+02   2.3892536e+02   1.8981936e+02   2.2121718e+02
   2.0194706e+02   1.7438654e+02   1.7988257e+02   2.0449069e+02   1.6036593e+02   1.5645304e+02   1.5675336e+02   1.9288713e+02   2.0744292e+02   1.6225663e+02   1.7256810e+02   1.6415091e+02   1.5735516e+02   1.5862204e+02   1.8162912e+02   1.9100126e+02   1.8549281e+02   1.6242900e+02   1.1123837e+02   1.6226260e+02   1.8108728e+02   1.7452044e+02   1.2292072e+02   1.5923866e+02   1.8954935e+02   1.3486731e+02   1.7208351e+02   1.7587850e+02   1.5740331e+02   1.7270874e+02
   7.4380483e+01   9.5786218e+01   1.2476322e+02   1.1718761e+02   8.3807765e+01   1.0756375e+02   1.0908886e+02   1.4233240e+02   1.2224811e+02   1.0759848e+02   1.2234910e+02   9.6498734e+01   1.1585795e+02   8.5619245e+01   1.4453583e+02   7.7047776e+01   1.0809903e+02   1.0323030e+02   8.5195890e+01   1.3199072e+02   1.2987050e+02   1.1879217e+02   1.1909332e+02   1.2565439e+02   1.3124582e+02   9.0936512e+01   8.2691595e+01   1.2986679e+02   1.1291952e+02   1.1132569e+02
   7.4380483e+01   8.9541072e+01   4.5204377e+01   5.6960937e+01   5.9497521e+01   8.1519941e+01   9.4220858e+01   7.6935496e+01   5.9948010e+01   6.1774519e+01   6.7672414e+01   6.6305380e+01   6.0312756e+01   5.0728685e+01   6.8114601e+01   7.6436802e+01   8.3324993e+01   7.8669744e+01   5.5598523e+01   7.5604664e+01   8.1117282e+01   8.7603329e+01   7.4874778e+01   9.0386630e+01   8.7459997e+01   6.9427840e+01   6.2467037e+01   7.6376794e+01   7.6450021e+01   6.7650728e+01
   3.6512909e+01   3.3783719e+01   3.7817280e+01   3.1297308e+01   3.1361380e+01   2.7383580e+01   3.8162108e+01   3.2430765e+01   3.4553784e+01   4.0186579e+01   3.7424848e+01   3.9280921e+01   3.3164828e+01   3.5004571e+01   3.3953078e+01   3.7372565e+01   3.5939554e+01   4.4728327e+01   3.4032235e+01   4.1944538e+01   3.9270948e+01   2.9811645e+01   4.4647756e+01   3.0482255e+01   3.5493327e+01   1.1909903e+01   2.9028005e+01   3.2014411e+01   2.6349449e+01   2.7282062e+01
   1.7388680e+01   1.0388123e+01   1.5631459e+01   1.3213605e+01   9.7736676e+00   1.4136848e+01   1.4836626e+01   1.5822269e+01   1.4633455e+01   1.4629894e+01   1.7253357e+01   1.6358038e+01   1.4250262e+01   2.1896136e+01   1.6934652e+01   1.8807477e+01   1.7658145e+01   1.7511973e+01   1.5170822e+01   1.6300029e+01   8.2835649e+00   1.7497211e+01   1.8089845e+01   1.6125204e+01   2.1277314e+01   7.6645752e+00   7.8012702e+00   1.2604367e+01   8.5494732e+00   1.0218117e+01
   4.8472595e+00   4.1754731e+00   3.3316970e+00   3.6974773e+00   2.7571669e+00   4.1671621e+00   5.2642754e+00   4.6191268e+00   3.9630958e+00   3.6982478e+00   5.7495311e+00   5.8243372e+00   3.3193094e+00   6.5106510e+00   4.4759546e+00   3.4153186e+00   4.2536446e+00   2.6038148e+00   5.3660487e+00   2.0787960e+00   3.9854258e+00   6.0587314e+00   6.6471946e+00   5.3857568e+00   4.2779812e+00   4.7023797e+00   4.5995604e+00   4.1020401e+00   3.1715766e+00   5.0527000e+00
   5.3111181e-02   1.6364442e-02   2.0771477e-01   4.0054093e-02   5.0758162e-03   3.9881609e-03   4.9248401e-02   3.2302438e-02   1.8852189e-01   2.7237543e-02   3.3456884e-02   1.6102833e-01   1.2878475e-01   1.9798220e-01   4.1207953e-02   4.3629526e-03   2.2736313e-02   2.3284508e-01   1.9810146e-02   6.9067167e-01   9.9203036e-02   1.4002089e-01   1.8842613e-01   3.0047459e-02   1.2731852e-01   2.0678113e-02   4.9341913e-03   1.3504275e-01   6.9724943e-03   2.6031930e-03
   0.0000000e+00   0.0000000e+00   2.8549039e-08   0.0000000e+00   0.0000000e+00   0.0000000e+00   0.0000000e+00   0.0000000e+00   0.0000000e+00   0.0000000e+00   0.0000000e+00   2.7453439e-08   1.3912086e-08   1.4369220e-08   0.0000000e+00   0.0000000e+00   0.0000000e+00   0.0000000e+00   0.0000000e+00   1.1659120e-07   0.0000000e+00   1.1808311e-08   1.0680651e-08   0.0000000e+00   0.0000000e+00   0.0000000e+00   0.0000000e+00   1.5842943e-08   0.0000000e+00   0.0000000e+00
   0.0000000e+00   0.0000000e+00   0.0000000e+00   0.0000000e+00   0.0000000e+00   0.0000000e+00   0.0000000e+00   0.0000000e+00   0.0000000e+00   0.0000000e+00   0.0000000e+00   0.0000000e+00   0.0000000e+00   0.0000000e+00   0.0000000e+00   0.0000000e+00   0.0000000e+00   0.0000000e+00   0.0000000e+00   0.0000000e+00   0.0000000e+00   0.0000000e+00   0.0000000e+00   0.0000000e+00   0.0000000e+00   0.0000000e+00   0.0000000e+00   0.0000000e+00   0.0000000e+00   0.0000000e+00
