   3.4715395e+06   8.7580634e+05   1.0864974e+07   5.9228732e+06   1.8614475e+06   4.2268082e+06   9.3541459e+06   5.8997471e+06   2.4439956e+06   6.5034894e+06   6.3996905e+06   1.5888590e+06   1.1109562e+07   3.3487271e+06   8.5847256e+05   9.3619490e+06   2.1780793e+06   4.4161076e+06   1.4446678e+07   1.2723080e+07   3.2246489e+06   1.2732306e+07   6.4448799e+06   3.4531798e+06   8.3653453e+06   8.7850883e+06   1.3174304e+07   8.0114735e+06   7.3173439e+06   3.0845606e+06
   3.4715395e+06   8.7580634e+05   1.0864974e+07   5.9228732e+06   1.8614475e+06   4.2268082e+06   9.3541459e+06   5.8997471e+06   2.4439956e+06   6.5034894e+06   6.3996905e+06   1.5888590e+06   1.1109562e+07   3.3487271e+06   8.5847256e+05   9.3619490e+06   2.1780793e+06   4.4161076e+06   1.4446678e+07   1.2723080e+07   3.2246489e+06   1.2732306e+07   6.4448799e+06   3.4531798e+06   8.3653453e+06   8.7850883e+06   1.3174304e+07   8.0114735e+06   7.3173439e+06   3.0845606e+06
   3.4715395e+06   8.7580634e+05   1.0864974e+07   5.9228732e+06   1.8614475e+06   4.2268082e+06   9.3541459e+06   5.8997471e+06   2.4439956e+06   6.5034894e+06   6.3996905e+06   1.5888590e+06   1.1109562e+07   3.3487271e+06   8.5847256e+05   9.3619490e+06   2.1780793e+06   4.4161076e+06   1.4446678e+07   1.2723080e+07   3.2246489e+06   1.2732306e+07   6.4448799e+06   3.4531798e+06   8.3653453e+06   8.7850883e+06   1.3174304e+07   8.0114735e+06   7.3173439e+06   3.0845606e+06
   3.4715395e+06   8.7580634e+05   1.0864974e+07   5.9228732e+06   1.8614475e+06   4.2268082e+06   9.3541459e+06   5.8997471e+06   2.4439956e+06   6.5034894e+06   6.3996905e+06   1.5888590e+06   1.1109562e+07   3.3487271e+06   8.5847256e+05   9.3619490e+06   2.1780793e+06   4.4161076e+06   1.4446678e+07   1.2723080e+07   3.2246489e+06   1.2732306e+07   6.4448799e+06   3.4531798e+06   8.3653453e+06   8.7850883e+06   1.3174304e+07   8.0114735e+06   7.3173439e+06   3.0845606e+06
   3.4715395e+06   8.7580634e+05   1.0864974e+07   5.9228732e+06   1.8614475e+06   4.2268082e+06   9.3541459e+06   5.8997471e+06   2.4439956e+06   6.5034894e+06   6.3996905e+06   1.5888590e+06   1.1109562e+07   3.3487271e+06   8.5847256e+05   9.3619490e+06   2.1780793e+06   4.4161076e+06   1.4446678e+07   1.2723080e+07   3.2246489e+06   1.2732306e+07   6.4448799e+06   3.4531798e+06   8.3653453e+06   8.7850883e+06   1.3174304e+07   8.0114735e+06   7.3173439e+06   3.0845606e+06
   3.4715395e+06   8.7580634e+05   1.0864974e+07   5.9186002e+06   1.8614475e+06   4.2267269e+06   9.3541459e+06   4.1992842e+06   2.4437763e+06   6.5034894e+06   6.3996905e+06   1.5888590e+06   1.1109562e+07   3.3487271e+06   5.2720389e+05   9.3619490e+06   2.1780786e+06   4.4161076e+06   1.0767714e+07   1.2720805e+07   3.2246489e+06   9.9105802e+06   6.4443459e+06   3.4531798e+06   8.3653453e+06   8.7850883e+06   1.1891375e+07   8.0114735e+06   7.3173439e+06   3.0845606e+06
   3.4715395e+06   8.7580634e+05   1.0864974e+07   5.9186002e+06   1.8614475e+06   4.2267269e+06   9.3541459e+06   4.1992842e+06   2.4437763e+06   6.5034894e+06   6.3996905e+06   1.5888590e+06   1.1109562e+07   3.3487271e+06   5.2720389e+05   9.3619490e+06   2.1780786e+06   4.4161076e+06   1.0767714e+07   1.2720805e+07   3.2246489e+06   9.9105802e+06   6.4443459e+06   3.4531798e+06   8.3653453e+06   8.7850883e+06   1.1891375e+07   8.0114735e+06   7.3173439e+06   3.0845606e+06
   3.4493620e+06   8.7574927e+05   3.0158935e+06   5.6667471e+06   1.8614317e+06   2.2136199e+06   9.3541459e+06   4.1991046e+06   2.4437651e+06   6.5017771e+06   4.7615921e+06   1.5888590e+06   3.5180522e+06   3.3485520e+06   5.2720389e+05   9.3618269e+06   2.1747232e+06   4.4160953e+06   1.0767714e+07   1.2718389e+07   3.2246489e+06   9.9100985e+06   3.6957804e+06   3.4530404e+06   4.8339057e+06   8.7850881e+06   1.1889616e+07   3.8759886e+06   6.0084544e+06   3.0825540e+06
   3.4493620e+06   8.7505874e+05   2.8518945e+06   5.6667471e+06   1.8606790e+06   2.1548836e+06   7.1288379e+06   4.1986306e+06   2.4437651e+06   6.5005519e+06   4.7613458e+06   1.5888225e+06   3.5180522e+06   3.3485462e+06   5.2656007e+05   9.3597282e+06   2.1723444e+06   4.4149450e+06   6.5948663e+06   1.1150582e+07   3.2233917e+06   6.5403382e+06   3.6957804e+06   3.4530313e+06   4.8337631e+06   8.7844722e+06   6.6202415e+06   3.8759765e+06   5.8170141e+06   3.0774481e+06
   2.2451280e+06   8.7489690e+05   2.7299688e+06   3.3762736e+06   1.8606790e+06   2.1548430e+06   3.7287642e+06   2.2763155e+06   2.4436748e+06   7.0149078e+05   4.7612448e+06   1.2934319e+06   3.5080334e+06   3.3419635e+06   5.2656007e+05   9.3597153e+06   2.1715769e+06   3.0266845e+06   2.2873539e+06   1.1071263e+07   3.1900169e+06   4.0079370e+06   2.6368097e+06   3.4526800e+06   4.3015863e+06   3.4638963e+06   4.9876392e+06   1.3702380e+06   3.1347335e+06   2.7895742e+06
   4.1836193e+05   7.7188777e+05   3.1931338e+05   8.4384549e+05   1.0052133e+06   2.1548430e+06   1.3986868e+06   1.3940164e+06   1.3385318e+06   5.1435654e+05   2.2357510e+06   1.0515889e+06   1.5707821e+06   8.1925193e+05   5.2625003e+05   8.3262053e+05   1.0577537e+06   3.0110614e+06   6.0598392e+05   1.5949866e+06   1.0364902e+06   2.1657721e+06   8.0396973e+05   2.6903692e+06   9.1750744e+05   1.2636502e+06   2.2621367e+06   1.9101916e+05   3.1346678e+06   2.2733206e+06
   3.8008113e+05   6.8951196e+05   3.1842927e+05   7.7592230e+05   3.4367957e+05   5.9362368e+05   6.8251920e+05   9.5830588e+05   5.4939057e+05   5.0716556e+05   1.1101682e+05   7.7936057e+05   3.3392087e+05   5.7778212e+05   1.2365663e+05   2.4480869e+05   7.1396220e+05   4.3908611e+05   6.0363107e+05   5.4969627e+05   5.2557311e+05   3.6019650e+05   4.8755467e+05   2.5558840e+05   5.8893223e+05   9.2683226e+05   5.6331337e+05   1.8817440e+05   4.3810073e+05   1.3455164e+06
   1.2887719e+05   6.6782968e+04   2.6289229e+05   3.3378134e+04   2.2783083e+05   1.2195769e+05   1.4898464e+05   5.2002660e+04   1.5894663e+05   1.9778756e+04   1.1097180e+05   6.3177979e+04   1.6496139e+05   1.0725533e+05   9.2252763e+04   8.8283434e+04   8.1774568e+04   1.6379688e+05   3.0969894e+05   9.9741618e+04   1.2423398e+05   6.8460857e+04   1.2861851e+05   1.2650114e+05   6.9297250e+04   1.0514651e+05   1.0880862e+05   4.3981928e+04   1.8341399e+05   1.0214542e+05
   1.0591942e+04   2.5668883e+03   1.2883271e+04   8.1396048e+03   6.9965382e+03   6.6698864e+03   6.8639633e+03   5.6904407e+03   8.3479911e+03   1.8154387e+03   7.1889424e+03   1.2850160e+03   6.7102777e+03   5.2871172e+03   7.3496759e+03   7.8385965e+03   7.7777174e+03   3.8483745e+03   3.2306129e+03   5.5272962e+03   3.8363687e+03   1.0657428e+04   9.4329262e+03   2.3065366e+03   7.7851073e+03   1.3181274e+04   4.9266334e+03   4.6919235e+03   1.1162671e+04   4.1253437e+03
   5.6604397e+01   3.9773575e+01   2.6035649e+01   4.4008656e+01   5.4539022e+01   2.6997399e+01   3.1966650e+01   4.0498563e+01   3.1757043e+01   2.0805632e+01   4.8825138e+01   3.3639653e+01   3.7477096e+01   4.4481277e+01   2.6721691e+01   3.5434151e+01   4.2832509e+01   3.6232646e+01   5.0815948e+01   3.4255533e+01   4.6020910e+01   4.5589405e+01   4.6096754e+01   5.0074367e+01   2.6078179e+01   5.6908224e+01   1.6504297e+01   3.5499543e+01   4.2380396e+01   5.5637643e+01
   1.1581741e-01   1.1980922e-01   1.2909254e-01   1.3257614e-01   1.4285707e-01   1.4460762e-01   1.4571717e-01   1.5491120e-01   1.5568996e-01   1.6836307e-01   1.6864557e-01   1.6868174e-01   1.7171495e-01   1.7687015e-01   1.8104590e-01   1.8183388e-01   1.9427136e-01   1.9446210e-01   2.0237831e-01   2.0789966e-01   2.1453533e-01   2.2033891e-01   2.2197343e-01   2.2301660e-01   2.2526979e-01   2.2949131e-01   2.4555460e-01   2.4705055e-01   2.6743573e-01   2.9934833e-01
