   7.5470728e+05   3.0772213e+06   1.4437763e+06   9.2238986e+06   2.3826462e+06   3.3974450e+06   2.3524057e+06   5.1046901e+06   1.2458382e+06   3.2079070e+06   1.6103359e+06   1.9919203e+06   1.3641551e+06   4.0353167e+06   8.7964784e+06   4.1603699e+06   3.2748436e+06   4.3067830e+05   4.8548934e+06   1.9059554e+06   6.5009869e+05   1.8902402e+06   3.0690005e+06   8.1631686e+05   6.9726876e+05   2.4284560e+06   2.2840642e+06   4.7342355e+06   7.6131668e+05   6.1480077e+06
   7.5470728e+05   3.0772213e+06   1.4437763e+06   9.2238986e+06   2.3826462e+06   3.3974450e+06   2.3524057e+06   5.1046901e+06   1.2458382e+06   3.2079070e+06   1.6103359e+06   1.9919203e+06   1.3641551e+06   4.0353167e+06   8.7964784e+06   4.1603699e+06   3.2748436e+06   4.3067830e+05   4.8548934e+06   1.9059554e+06   6.5009869e+05   1.8902402e+06   3.0690005e+06   8.1631686e+05   6.9726876e+05   2.4284560e+06   2.2840642e+06   4.7342355e+06   7.6131668e+05   6.1480077e+06
   7.5470728e+05   3.0772213e+06   1.4437763e+06   9.2238986e+06   2.3826462e+06   3.3974450e+06   2.3524057e+06   5.1046901e+06   1.2458382e+06   3.2079070e+06   1.6103359e+06   1.9919203e+06   1.3641551e+06   4.0353167e+06   8.7964784e+06   4.1603699e+06   3.2748436e+06   4.3067830e+05   4.8548934e+06   1.9059554e+06   6.5009869e+05   1.8902402e+06   3.0690005e+06   8.1631686e+05   6.9726876e+05   2.4284560e+06   2.2840642e+06   4.7342355e+06   7.6131668e+05   6.1480077e+06
   7.5470728e+05   2.2276911e+06   1.4437763e+06   4.9038724e+06   7.3846224e+05   3.3974450e+06   5.5853277e+05   3.0344639e+06   1.2458382e+06   3.2079070e+06   1.6103041e+06   1.9919203e+06   1.3641551e+06   3.3788438e+06   4.1805067e+06   4.1603699e+06   3.2748436e+06   4.3058022e+05   1.0485139e+06   1.7661115e+06   6.5009869e+05   1.8902236e+06   1.3643755e+06   8.1631686e+05   6.9726876e+05   2.4284544e+06   2.2840642e+06   1.6683073e+06   7.6130030e+05   5.3747508e+06
   7.5470728e+05   2.2276911e+06   1.4437763e+06   2.0504390e+06   7.3845740e+05   3.1799267e+05   5.5853277e+05   3.0344405e+06   8.8143730e+05   3.2074863e+06   1.6103041e+06   1.4346899e+06   1.3641279e+06   2.6736532e+06   2.1030013e+06   3.6651849e+06   2.2249554e+06   4.3058022e+05   1.0482248e+06   1.7661115e+06   6.5009581e+05   1.8894766e+06   1.5043581e+05   8.1631686e+05   2.3450281e+05   1.5160093e+05   2.2839981e+06   1.3941245e+06   7.6130030e+05   5.2972572e+06
   7.5470728e+05   2.0797405e+06   1.4437763e+06   2.0503925e+06   7.3845740e+05   3.1799267e+05   5.5853277e+05   1.2794139e+06   8.8143730e+05   3.2074863e+06   1.6103041e+06   1.4345363e+06   1.3641279e+06   2.6736532e+06   2.1030013e+06   1.0446737e+06   2.2249554e+06   4.3058022e+05   1.0482248e+06   7.4385900e+05   6.5009581e+05   1.8894655e+06   1.5043581e+05   8.1565346e+05   2.3450281e+05   1.5160093e+05   2.2839981e+06   4.5642494e+05   7.6130030e+05   5.2972207e+06
   7.5470728e+05   2.0796731e+06   1.4437763e+06   8.5155562e+05   7.3845740e+05   2.5834649e+05   5.5853277e+05   1.2794139e+06   1.8503032e+05   2.6796743e+06   1.3373741e+06   1.4345363e+06   1.3215975e+06   5.7297976e+05   2.1030013e+06   1.0446737e+06   9.3549066e+05   4.3058022e+05   6.3444355e+05   7.4384075e+05   5.7551232e+05   1.8789732e+06   1.5042903e+05   3.0970682e+05   2.3449355e+05   1.5157448e+05   1.0881962e+06   4.5640214e+05   7.6115658e+05   1.5035310e+06
   6.7100928e+04   1.3608300e+06   2.1313308e+05   8.5155562e+05   7.3786505e+05   1.6055548e+05   5.5853277e+05   1.2793801e+06   1.8486045e+05   7.9255718e+05   2.2296639e+05   7.4588962e+05   7.3698690e+05   5.7297646e+05   1.0406681e+06   6.1212505e+05   9.3547171e+05   4.3057485e+05   6.3165476e+05   4.9251226e+05   3.4398351e+05   7.4688866e+05   1.4996669e+05   3.0969639e+05   2.3449355e+05   1.5155811e+05   5.9100066e+05   4.5536329e+05   7.6115658e+05   1.5035310e+06
   6.6922836e+04   5.7520881e+05   2.1313308e+05   3.6672017e+05   7.3777946e+05   1.6024140e+05   4.9471164e+05   1.0837103e+06   1.8486045e+05   7.9255718e+05   2.2237344e+05   7.4588962e+05   3.1281823e+05   3.3886266e+04   3.7068494e+05   6.1210572e+05   7.4410937e+05   4.3044521e+05   6.3163115e+05   3.0857411e+05   2.4204760e+05   4.8495610e+05   1.4994836e+05   3.0967606e+05   2.3448269e+05   1.5155811e+05   5.9098878e+05   7.5189366e+04   7.6107336e+05   7.1921908e+05
   6.6387141e+04   4.5436550e+05   2.1262447e+05   3.6583466e+05   7.3777946e+05   1.6024140e+05   4.9471164e+05   1.1800256e+05   1.8486045e+05   3.0116154e+05   2.2237344e+05   1.2029349e+05   2.6442573e+05   3.3886266e+04   1.2385397e+05   3.3663858e+05   5.7439378e+05   2.9819407e+05   2.4856479e+05   3.0824155e+05   2.4203605e+05   3.1826876e+05   4.8009076e+04   3.0954278e+05   2.2584923e+05   1.5153756e+05   5.9093762e+05   4.2427897e+04   1.8878672e+05   2.3513996e+05
   6.6387141e+04   2.7134648e+05   5.3520458e+04   3.1192224e+05   1.9408480e+05   1.6024074e+05   1.3403456e+05   1.0925692e+05   2.8513254e+04   1.8451576e+05   1.7357191e+05   1.2014083e+05   1.3876125e+05   3.3886266e+04   7.4422336e+04   7.7333029e+04   1.3932903e+05   2.9750231e+05   1.9453186e+05   1.5396321e+05   2.9285163e+04   3.1826876e+05   4.7953379e+04   8.5256799e+04   5.7985515e+04   1.5099076e+05   2.2397527e+05   4.2427897e+04   1.8876947e+05   1.5652809e+05
   6.6386763e+04   2.7102863e+05   5.3309501e+04   5.8534113e+04   1.9399491e+05   1.6012521e+05   3.2990033e+04   1.2417874e+04   2.8409371e+04   1.8450032e+05   1.4516232e+05   1.0568729e+05   1.3875563e+05   3.2774370e+04   7.4414023e+04   7.8615153e+03   1.3919002e+05   1.0761084e+05   1.9447605e+05   1.5396321e+05   2.9254102e+04   9.0513859e+04   3.9413313e+04   8.5255455e+04   5.7979305e+04   1.2819495e+05   2.2397332e+05   4.2424549e+04   2.3454860e+04   9.3118879e+04
   1.5377870e+04   3.2556207e+04   5.3297767e+04   5.0424907e+04   1.7553078e+05   1.6012521e+05   3.2989222e+04   1.1989317e+04   2.7254288e+04   1.2321262e+05   1.4474762e+05   1.0541744e+05   1.3868747e+05   3.2773914e+04   7.4150845e+04   7.8363069e+03   1.2650132e+05   5.7576995e+04   1.3588378e+05   7.6269982e+04   2.9227085e+04   9.0395247e+04   3.8979737e+04   4.7457472e+04   5.7768365e+04   1.2819291e+05   1.7578303e+05   4.2234719e+04   2.3454860e+04   7.5536118e+04
   1.5374544e+04   2.6145236e+04   9.7752959e+03   1.7436287e+04   7.5608512e+04   1.3822676e+04   1.4825627e+04   1.1910495e+04   2.7028503e+04   3.1492824e+04   1.1132602e+04   1.0541744e+05   6.6145628e+04   3.2761686e+04   5.7196001e+04   7.7797697e+03   3.1158421e+04   5.7521795e+04   1.1792832e+05   3.9430618e+04   2.4626717e+04   9.0210353e+04   6.2341808e+03   4.7392891e+04   5.7530983e+04   3.8283488e+04   1.7571490e+05   2.6338341e+04   2.2325655e+04   2.1092709e+04
   6.1036814e+03   1.4682627e+03   9.5339989e+03   7.5401276e+03   1.2241265e+04   6.6397119e+03   9.5333992e+03   9.5361976e+03   2.6944594e+04   5.2133785e+03   1.1099111e+04   3.8410336e+04   2.6185911e+04   1.3553450e+04   7.5084647e+03   5.0529310e+03   1.0303425e+03   1.5671888e+04   1.8253311e+03   4.0170512e+03   2.4603469e+04   1.7902659e+04   4.0581859e+03   2.0307805e+04   1.2002412e+04   3.8104727e+04   1.3307107e+04   1.4671218e+04   2.0345489e+03   2.0762506e+04
   2.6014548e+00   3.5424105e+00   4.3838647e+00   4.5233161e+00   6.9893042e+00   8.4028387e+00   9.2171176e+00   1.2588276e+01   1.2683316e+01   1.4330963e+01   1.5663143e+01   1.6016865e+01   1.6365079e+01   1.6757423e+01   1.6836939e+01   1.7518541e+01   1.8169573e+01   2.0299959e+01   2.1213192e+01   2.2886508e+01   2.4978891e+01   2.5348816e+01   2.9210992e+01   2.9777664e+01   3.2907042e+01   3.6049322e+01   4.0983607e+01   5.6405522e+01   6.0667737e+01   6.3292155e+01
