   3.7970128e+02   5.4045276e+02   5.9832951e+02   4.9586244e+02   3.9686814e+02   2.6094201e+02   6.1522099e+02   6.7803464e+02   5.4591155e+02   6.4037823e+02   6.6331365e+02   5.2014341e+02   7.9110578e+02   3.3936941e+02   2.5048200e+02   1.6264815e+02   3.9360400e+02   3.8980182e+02   3.4404350e+02   3.7799108e+02   5.7067202e+02   4.5341843e+02   5.8330367e+02   6.2846459e+02   5.9724002e+02   4.1407120e+02   4.8691436e+02   3.2759698e+02   1.6864105e+02   6.8805917e+02
   3.7970128e+02   5.4045276e+02   5.9832951e+02   4.9586244e+02   3.9686814e+02   2.6094201e+02   6.1522099e+02   6.7803464e+02   5.4591155e+02   6.4037823e+02   6.6331365e+02   5.2014341e+02   7.9110578e+02   3.3936941e+02   2.5048200e+02   1.6264815e+02   3.9360400e+02   3.8980182e+02   3.4404350e+02   3.7799108e+02   5.7067202e+02   4.5341843e+02   5.8330367e+02   6.2846459e+02   5.9724002e+02   4.1407120e+02   4.8691436e+02   3.2759698e+02   1.6864105e+02   6.8805917e+02
   3.7970128e+02   5.4045276e+02   5.9832951e+02   4.9586244e+02   3.9686814e+02   2.6094201e+02   6.1522099e+02   6.7803464e+02   5.4591155e+02   6.4037823e+02   6.6331365e+02   5.2014341e+02   7.9110578e+02   3.3936941e+02   2.5048200e+02   1.6264815e+02   3.9360400e+02   3.8980182e+02   3.4404350e+02   3.7799108e+02   5.7067202e+02   4.5341843e+02   5.8330367e+02   6.2846459e+02   5.9724002e+02   4.1407120e+02   4.8691436e+02   3.2759698e+02   1.6864105e+02   6.8805917e+02
   3.7970128e+02   5.4045276e+02   4.8900449e+02   3.1189069e+02   3.4125955e+02   2.6094201e+02   4.4381525e+02   6.2937994e+02   4.6244054e+02   5.4879302e+02   5.9842365e+02   5.2014341e+02   7.6082613e+02   3.2256097e+02   2.2206992e+02   1.6264815e+02   3.9360400e+02   1.9541721e+02   3.2390597e+02   3.7799108e+02   4.4154473e+02   2.7718368e+02   5.8330367e+02   4.3364373e+02   5.9724002e+02   2.7074055e+02   4.8691436e+02   3.2759698e+02   1.6864105e+02   5.8096594e+02
   2.6341644e+02   4.9003050e+02   4.4542362e+02   2.9584147e+02   1.8269101e+02   2.6087317e+02   4.4381525e+02   2.7763991e+02   4.5955404e+02   3.6941933e+02   5.8968620e+02   2.3419489e+02   5.2816599e+02   3.1169573e+02   2.2205071e+02   1.3952369e+02   3.9360400e+02   1.9541721e+02   3.2390597e+02   3.7529031e+02   3.7689055e+02   2.7718368e+02   5.8330367e+02   3.5505208e+02   4.1145597e+02   2.7074055e+02   4.8691436e+02   3.2759698e+02   1.6844078e+02   5.4167618e+02
   2.6341644e+02   4.6603185e+02   3.6803807e+02   2.9584147e+02   1.8269101e+02   2.6087317e+02   3.3152336e+02   2.7763991e+02   3.6208980e+02   2.2639069e+02   5.4571013e+02   2.3417587e+02   4.8917371e+02   3.1106287e+02   2.2205071e+02   1.3952369e+02   3.9000155e+02   1.9452214e+02   2.5508825e+02   3.7470413e+02   3.6493829e+02   2.7718368e+02   4.8518041e+02   3.3813373e+02   4.1145597e+02   2.7074055e+02   3.8696098e+02   3.2759698e+02   1.6528569e+02   3.5546246e+02
   2.6341644e+02   3.1259720e+02   2.2660636e+02   2.3779107e+02   1.7223077e+02   2.6087317e+02   3.2705131e+02   2.7763991e+02   3.2493171e+02   2.1346913e+02   2.9818489e+02   2.0456365e+02   2.6826537e+02   1.8686323e+02   2.1562968e+02   1.3952011e+02   2.7573233e+02   1.9438734e+02   2.5508825e+02   3.7470413e+02   3.6138083e+02   1.8020553e+02   2.7647968e+02   3.3813373e+02   4.1145597e+02   2.7074055e+02   7.6729693e+01   3.2349662e+02   1.5747374e+02   3.4112084e+02
   2.1863922e+02   2.4594828e+02   1.2121882e+02   1.6803004e+02   7.5475427e+01   2.2116166e+02   1.8218942e+02   1.9054383e+02   2.4544196e+02   1.5870621e+02   2.0873722e+02   1.6664849e+02   1.1218291e+02   1.4882608e+02   2.1562968e+02   1.2324035e+02   1.8459998e+02   1.1757760e+02   2.2722891e+02   2.5272409e+02   1.7311098e+02   1.5365126e+02   2.6295651e+02   1.5735720e+02   2.5512043e+02   2.6170938e+02   7.5155489e+01   2.1763171e+02   1.3655780e+02   1.0586791e+02
   1.1500179e+02   1.3427474e+02   1.2121882e+02   1.0383080e+02   6.4348111e+01   1.1538763e+02   7.7688235e+01   1.3716930e+02   1.1665578e+02   1.1803150e+01   1.1711333e+02   3.6686033e+01   1.1120700e+02   1.2314830e+02   7.4657027e+01   1.0452708e+02   9.8313810e+01   1.1495224e+02   1.2798062e+02   2.1263112e+02   1.3770428e+02   9.9450927e+01   2.2723348e+02   4.2409356e+01   6.8918765e+01   1.3408357e+02   7.5138332e+01   1.0055964e+02   9.6892735e+01   5.0683935e+01
   4.3440305e+01   2.6294060e+01   6.0835456e+01   8.5459975e+01   1.5491234e+01   2.0985757e+01   3.4894606e+01   4.8193781e+01   2.3969035e+01   1.1803150e+01   1.1190021e+01   3.6097603e+01   3.4050396e+01   6.7138024e+01   2.4835643e+01   2.4212395e+01   7.2663875e+01   3.0864228e+01   2.7504822e+01   7.9391949e+01   2.5353954e+01   4.5217651e+01   3.9062826e+01   2.2724728e+01   1.6545854e+01   7.4139860e+01   5.0173002e+01   8.9185947e+00   2.3683031e+01   3.1998621e+01
   1.0965103e+01   1.2616536e+01   2.3981225e+01   1.8718792e+01   9.5775047e+00   1.4131465e+01   1.7742187e+01   2.1838741e+01   1.2720380e+01   8.5098704e+00   7.5995153e+00   1.7699692e+01   8.5793561e+00   1.3177483e+01   9.9886593e+00   1.0662692e+01   2.8623591e+01   1.3861078e+01   1.3481450e+01   1.8530850e+01   7.5384456e+00   1.9820919e+01   1.5414985e+01   1.3428562e+01   1.2367151e+01   3.0262567e+01   1.9326652e+01   7.7300842e+00   1.1469069e+01   2.8345358e+01
   1.4269578e+00   3.1555291e+00   2.9246457e+00   2.2307106e+00   2.7546842e+00   2.8834130e+00   1.9449216e+00   2.5362597e+00   2.1951708e+00   2.4785982e+00   1.4324574e+00   3.5942721e+00   2.5424590e+00   2.3710501e+00   3.5589142e+00   2.5732114e+00   3.0527201e+00   2.7366520e+00   2.1145907e+00   3.7552480e+00   3.6789501e+00   1.6079523e+00   2.9908981e+00   3.5901454e+00   1.3324961e+00   3.2646424e+00   2.9902270e+00   2.8966239e+00   2.8381267e+00   2.4431248e+00
   4.9743293e-01   2.1186126e-01   2.6937780e-01   4.7927431e-01   5.5529909e-01   5.5107486e-01   4.2251839e-01   6.5584846e-01   2.3161138e-01   5.9515251e-01   4.1100793e-01   4.1612332e-01   6.1499607e-01   4.6093345e-01   2.1802327e-01   5.4555786e-01   3.6595453e-01   5.0786016e-01   3.3503016e-01   5.3936625e-01   3.5050525e-01   5.5940514e-01   3.9129710e-01   5.7674088e-01   7.5320659e-01   7.1789276e-01   7.2535491e-01   6.7461264e-01   4.5928317e-01   4.1921716e-01
   1.4012244e-01   8.2483318e-02   7.3568766e-02   7.6342568e-02   9.1709197e-02   1.2679023e-01   9.0172296e-02   1.8386377e-01   1.3266600e-01   1.1160911e-01   1.1396617e-01   7.0615012e-02   1.2394061e-01   1.1694075e-01   1.0324679e-01   9.2072189e-02   9.1479600e-02   8.6782362e-02   8.9927134e-02   1.1209460e-01   1.3717408e-01   1.0169347e-01   9.0744818e-02   1.5509081e-01   1.7412560e-01   1.1690455e-01   1.0243231e-01   1.0094566e-01   1.3679262e-01   1.5772463e-01
   5.0820255e-02   6.4278183e-02   5.7623233e-02   3.5178921e-02   4.1352359e-02   4.5131156e-02   5.4255247e-02   4.2387480e-02   4.2381576e-02   4.7913458e-02   5.4765654e-02   3.3293830e-02   5.0038813e-02   4.3469810e-02   2.6006163e-02   3.3091018e-02   3.1060347e-02   4.2538291e-02   5.3872376e-02   4.1754474e-02   3.8025556e-02   6.4773252e-02   2.6754655e-02   4.6966722e-02   4.2126670e-02   4.0114754e-02   4.5818008e-02   5.5306545e-02   6.0094169e-02   3.3283809e-02
   0.0000000e+00   0.0000000e+00   0.0000000e+00   0.0000000e+00   0.0000000e+00   0.0000000e+00   0.0000000e+00   0.0000000e+00   0.0000000e+00   0.0000000e+00   0.0000000e+00   0.0000000e+00   0.0000000e+00   0.0000000e+00   0.0000000e+00   0.0000000e+00   0.0000000e+00   0.0000000e+00   0.0000000e+00   0.0000000e+00   0.0000000e+00   0.0000000e+00   0.0000000e+00   0.0000000e+00   0.0000000e+00   0.0000000e+00   0.0000000e+00   0.0000000e+00   0.0000000e+00   0.0000000e+00
