   2.7015847e+02   3.3115088e+02   3.3485397e+02   2.7922950e+02   3.6574280e+02   2.3408519e+02   2.8057593e+02   3.8423256e+02   3.1920169e+02   3.2858745e+02   3.1258199e+02   2.8548553e+02   3.3977824e+02   3.0622845e+02   2.7774907e+02   3.3552993e+02   4.0841523e+02   3.1977982e+02   3.6116195e+02   2.4549103e+02   3.4202134e+02   3.3881305e+02   2.9903016e+02   3.3527045e+02   2.7112375e+02   3.6233552e+02   1.9609970e+02   2.2514314e+02   2.9521273e+02   2.9056709e+02
   2.7015847e+02   3.3115088e+02   3.3485397e+02   2.7922950e+02   3.6574280e+02   2.3408519e+02   2.8057593e+02   3.8423256e+02   3.1920169e+02   3.2858745e+02   3.1258199e+02   2.8548553e+02   3.3977824e+02   3.0622845e+02   2.7774907e+02   3.3552993e+02   4.0841523e+02   3.1977982e+02   3.6116195e+02   2.4549103e+02   3.4202134e+02   3.3881305e+02   2.9903016e+02   3.3527045e+02   2.7112375e+02   3.6233552e+02   1.9609970e+02   2.2514314e+02   2.9521273e+02   2.9056709e+02
   2.7015847e+02   3.3115088e+02   3.3485397e+02   2.7922950e+02   3.6574280e+02   2.3408519e+02   2.8057593e+02   3.8423256e+02   3.1920169e+02   3.2858745e+02   3.1258199e+02   2.8548553e+02   3.3977824e+02   3.0622845e+02   2.7774907e+02   3.3552993e+02   4.0841523e+02   3.1977982e+02   3.6116195e+02   2.4549103e+02   3.4202134e+02   3.3881305e+02   2.9903016e+02   3.3527045e+02   2.7112375e+02   3.6233552e+02   1.9609970e+02   2.2514314e+02   2.9521273e+02   2.9056709e+02
   2.6578805e+02   2.9597669e+02   3.0467936e+02   2.7922950e+02   3.4165814e+02   2.3408519e+02   2.0618018e+02   3.2470129e+02   2.8825780e+02   3.2858745e+02   3.1258199e+02   2.8548553e+02   2.9751030e+02   3.0622845e+02   2.7774907e+02   3.3552993e+02   3.4621324e+02   2.0482955e+02   3.6116195e+02   2.4549103e+02   3.3811837e+02   3.3881305e+02   2.7407909e+02   3.0539884e+02   2.7112375e+02   2.9361401e+02   1.9609970e+02   2.2514314e+02   2.9521273e+02   2.8610815e+02
   2.6578805e+02   2.8847133e+02   2.8594135e+02   2.5026327e+02   2.9571588e+02   2.3408519e+02   2.0618018e+02   3.2470129e+02   2.7421697e+02   2.3353815e+02   3.1258199e+02   2.8022983e+02   2.1527988e+02   3.0622845e+02   2.7774907e+02   3.2144811e+02   3.0240989e+02   2.0482955e+02   2.6098360e+02   2.3344707e+02   2.9156012e+02   2.5412288e+02   2.2256517e+02   3.0539884e+02   2.6335579e+02   2.7576490e+02   1.9609970e+02   2.1191320e+02   2.9494448e+02   2.7629719e+02
   2.6578805e+02   2.7130049e+02   2.8594135e+02   2.5026327e+02   2.7471219e+02   2.3408519e+02   1.9879360e+02   2.8967626e+02   2.7421697e+02   2.3353815e+02   2.9094368e+02   2.2784744e+02   1.8264602e+02   2.7986979e+02   2.1874375e+02   2.5334311e+02   2.2249689e+02   2.0482955e+02   2.5361247e+02   2.3344707e+02   2.6705183e+02   2.4758268e+02   2.2256517e+02   3.0539884e+02   2.5372462e+02   2.7576490e+02   1.9284564e+02   2.1191320e+02   2.2519915e+02   2.6500858e+02
   2.6578805e+02   2.6892054e+02   2.1037366e+02   2.0912339e+02   1.7590811e+02   2.1400737e+02   1.9740364e+02   2.8967626e+02   2.0994930e+02   1.9291243e+02   2.3114918e+02   2.2439305e+02   1.6880570e+02   2.2819478e+02   2.0814512e+02   2.1632570e+02   2.1724598e+02   1.7896174e+02   2.0823852e+02   2.1219138e+02   2.3399465e+02   2.1021052e+02   1.9772410e+02   1.9636008e+02   2.4508638e+02   2.0775135e+02   1.5465619e+02   1.9588151e+02   1.8333099e+02   2.2636572e+02
   2.0914675e+02   2.1060384e+02   1.8243151e+02   2.0134970e+02   1.6032463e+02   2.1400737e+02   1.4894819e+02   1.6129036e+02   1.6582652e+02   1.7868634e+02   1.8113700e+02   1.4105239e+02   1.6880570e+02   1.4416311e+02   1.8406795e+02   1.9177578e+02   1.6612794e+02   1.7297691e+02   1.8164682e+02   1.7615900e+02   2.1670350e+02   1.5783770e+02   1.7096680e+02   1.5155316e+02   1.9762686e+02   1.8834166e+02   1.4032509e+02   1.9588151e+02   1.8240477e+02   1.7407350e+02
   1.3258439e+02   9.9987908e+01   1.2541736e+02   1.2185486e+02   1.2277563e+02   1.3388534e+02   1.3119849e+02   1.2808225e+02   1.3951511e+02   1.4260725e+02   1.2023483e+02   1.2279666e+02   1.2750946e+02   1.1882733e+02   1.2165877e+02   1.5815160e+02   1.2909932e+02   1.2263568e+02   1.2913474e+02   1.1438426e+02   1.1461588e+02   1.3574409e+02   1.3996541e+02   1.2834626e+02   1.0754281e+02   1.0265733e+02   9.2887738e+01   7.6897335e+01   1.2596757e+02   1.4159559e+02
   9.7769001e+01   8.0424728e+01   7.7915408e+01   7.8735787e+01   7.6033799e+01   8.0403642e+01   9.4947693e+01   7.6677415e+01   8.7359421e+01   1.0211435e+02   8.4684839e+01   6.1629465e+01   1.0406534e+02   9.5319150e+01   9.9593621e+01   7.8754930e+01   7.9197500e+01   1.0273561e+02   8.1648622e+01   6.4705280e+01   8.8116720e+01   8.8578169e+01   9.0638035e+01   7.5039994e+01   7.5991183e+01   5.1492461e+01   8.8596603e+01   5.2035358e+01   8.0580907e+01   6.4898412e+01
   5.2917294e+01   6.4048242e+01   3.9964873e+01   5.6161304e+01   4.7239477e+01   5.3910159e+01   5.4058704e+01   5.4275178e+01   6.0416139e+01   5.7732392e+01   5.7838974e+01   3.6746869e+01   6.3465073e+01   3.4744087e+01   5.1951243e+01   4.8914217e+01   5.8673315e+01   4.1887454e+01   4.6420588e+01   4.5944582e+01   5.6358539e+01   5.4304246e+01   5.1059823e+01   4.4038914e+01   2.3256117e+01   4.1119914e+01   5.7167740e+01   3.9482672e+01   5.2456659e+01   5.4967040e+01
   2.8068899e+01   2.9428388e+01   3.1443628e+01   2.1910361e+01   2.6345016e+01   2.2874166e+01   3.3647838e+01   1.8071027e+01   3.6638981e+01   3.9711138e+01   3.0097363e+01   3.6336352e+01   3.0437691e+01   2.9653294e+01   3.2223436e+01   3.8835872e+01   2.7931111e+01   3.1670084e+01   3.0531525e+01   3.4141617e+01   2.4225261e+01   3.8322575e+01   2.7724611e+01   3.2748519e+01   2.3256117e+01   3.1380864e+01   2.8474020e+01   2.4519526e+01   3.6188048e+01   2.9508702e+01
   1.4009392e+01   1.5238015e+01   1.7115797e+01   1.3922857e+01   1.7117745e+01   1.3732922e+01   1.1574349e+01   1.6971852e+01   2.1251893e+01   1.9850193e+01   1.3057580e+01   2.4220773e+01   1.5334193e+01   2.3144514e+01   2.1087445e+01   2.4391591e+01   1.7546504e+01   8.3501912e+00   1.8558580e+01   2.2233179e+01   1.3304281e+01   2.5527887e+01   1.6349887e+01   2.1274615e+01   1.6181239e+01   2.2733502e+01   2.1362640e+01   1.2458058e+01   1.9405655e+01   2.1193223e+01
   1.0521223e+01   1.4590086e+01   1.0092960e+01   1.1467512e+01   1.1333459e+01   1.2920607e+01   1.1556492e+01   5.7555102e+00   1.1388031e+01   9.3911324e+00   9.2700387e+00   1.0651735e+01   1.2164964e+01   1.3400063e+01   1.2426897e+01   1.1496990e+01   1.3652787e+01   9.3941965e-01   7.6765240e+00   1.2940725e+01   9.7395960e+00   1.2500015e+01   1.0957883e+01   9.9401438e+00   9.1308315e+00   1.1903465e+01   9.0550830e+00   6.7149583e+00   1.4375195e+01   9.3699903e+00
   6.0019299e+00   8.0820474e+00   4.1241612e-01   4.4631798e+00   5.9316376e+00   1.9486524e+00   7.6697889e+00   4.2179364e+00   7.6054073e+00   4.6623115e+00   7.1765858e+00   7.4666044e+00   6.7024544e+00   3.5147717e+00   3.4846740e+00   7.5868170e+00   3.7897968e+00   1.8650659e-01   6.3476348e+00   6.3567947e+00   4.0027862e+00   7.5114895e+00   6.4899852e+00   7.1016860e+00   6.5484784e+00   8.2069055e+00   7.0601736e+00   5.2678535e+00   4.5447166e+00   6.0529418e+00
   0.0000000e+00   0.0000000e+00   0.0000000e+00   0.0000000e+00   0.0000000e+00   0.0000000e+00   0.0000000e+00   7.0619740e-07   2.7486317e-06   8.6484677e-06   2.5887061e-05   5.6115755e-05   6.2909565e-05   7.4563430e-05   8.6406172e-05   1.4940054e-04   3.5609483e-04   5.3468993e-04   7.6402594e-04   1.0310546e-03   1.2014085e-03   1.8068432e-03   7.1901515e-03   8.9065226e-03   9.0216297e-03   4.9072693e-02   5.0092791e-02   6.2103638e-01   7.4436862e-01   2.6304283e+00
