   4.2698549e+05   7.4886880e+04   1.1880788e+06   8.3305756e+05   1.3479845e+05   5.4018057e+05   7.6623171e+05   1.7282647e+05   8.0603479e+05   5.9550117e+05   4.8915376e+05   1.4240383e+06   1.1121107e+06   7.2442715e+05   4.6337997e+05   9.4042679e+05   3.1370235e+05   4.2364176e+05   2.5649351e+05   1.5583793e+05   1.6091764e+04   8.5886164e+05   1.0956552e+06   4.9652610e+05   4.2216352e+05   1.5100992e+05   2.7412119e+05   3.6764925e+05   9.9064902e+05   6.5900645e+05
   4.2698549e+05   7.4886880e+04   1.1880788e+06   8.3305756e+05   1.3479845e+05   5.4018057e+05   7.6623171e+05   1.7282647e+05   8.0603479e+05   5.9550117e+05   4.8915376e+05   1.4240383e+06   1.1121107e+06   7.2442715e+05   4.6337997e+05   9.4042679e+05   3.1370235e+05   4.2364176e+05   2.5649351e+05   1.5583793e+05   1.6091764e+04   8.5886164e+05   1.0956552e+06   4.9652610e+05   4.2216352e+05   1.5100992e+05   2.7412119e+05   3.6764925e+05   9.9064902e+05   6.5900645e+05
   4.2698549e+05   7.4886880e+04   1.1880788e+06   8.3305756e+05   1.3479845e+05   5.4018057e+05   7.6623171e+05   1.7282647e+05   8.0603479e+05   5.9550117e+05   4.8915376e+05   1.4240383e+06   1.1121107e+06   7.2442715e+05   4.6337997e+05   9.4042679e+05   3.1370235e+05   4.2364176e+05   2.5649351e+05   1.5583793e+05   1.6091764e+04   8.5886164e+05   1.0956552e+06   4.9652610e+05   4.2216352e+05   1.5100992e+05   2.7412119e+05   3.6764925e+05   9.9064902e+05   6.5900645e+05
   4.2698549e+05   7.3880288e+04   4.0501292e+05   6.9267913e+04   1.3479845e+05   5.4018057e+05   7.6623171e+05   1.7282647e+05   8.0603479e+05   5.9550117e+05   4.8822013e+05   1.4240383e+06   1.0910318e+06   7.2442715e+05   1.8141109e+05   9.4042679e+05   3.1370235e+05   4.2361437e+05   2.5649351e+05   3.2653481e+04   1.6091764e+04   7.3943990e+05   1.0956552e+06   4.9652610e+05   4.2208210e+05   1.5100514e+05   1.3132423e+05   3.6764925e+05   7.1510376e+05   2.6835525e+05
   4.2691463e+05   7.3880288e+04   2.6606542e+05   6.9267913e+04   1.2927464e+04   5.4008647e+05   7.6623171e+05   1.7282647e+05   8.0603479e+05   5.9550117e+05   2.6189136e+05   4.9922221e+05   1.0910318e+06   4.4297436e+05   1.8106369e+05   9.4042487e+05   3.1366429e+05   4.2361437e+05   2.5649320e+05   3.2653481e+04   1.6062365e+04   1.4051841e+05   1.0955647e+06   1.9725547e+05   1.4296325e+05   1.5009456e+05   1.3115759e+05   3.6764925e+05   5.0537078e+05   2.6835525e+05
   4.2689415e+05   7.3880288e+04   2.6606542e+05   6.9267913e+04   1.2927464e+04   5.4008647e+05   7.6623171e+05   8.4757063e+04   8.0603317e+05   5.9550117e+05   2.6189136e+05   4.9922221e+05   1.0910318e+06   4.4297436e+05   1.8086413e+05   9.4042487e+05   8.4777905e+04   4.2361437e+05   2.5649320e+05   3.2653370e+04   1.6062253e+04   1.4051841e+05   3.0873531e+05   1.9725062e+05   1.4296325e+05   1.5009456e+05   1.3112931e+05   3.6763085e+05   5.0536819e+05   9.2580203e+04
   4.0847518e+05   7.3880288e+04   1.8511690e+05   8.0586843e+03   1.2926671e+04   1.6371070e+05   3.9865101e+05   8.4346328e+04   8.0577856e+05   2.9386199e+04   2.4280264e+05   7.4399967e+04   7.4376580e+04   7.3409165e+04   1.8058941e+05   5.6840235e+05   8.4777905e+04   4.2352095e+05   8.7730829e+04   3.2653370e+04   1.6062143e+04   6.7960211e+04   3.2309051e+04   8.1498918e+03   1.4296318e+05   1.4949830e+05   1.0793923e+04   9.9013882e+03   5.6147651e+04   9.2573503e+04
   4.0846992e+05   7.3790489e+04   1.8458786e+05   8.0435482e+03   1.2857996e+04   1.6330059e+05   3.9246421e+05   8.4345413e+04   4.4364567e+05   2.9386199e+04   2.4271890e+05   4.0787811e+04   7.4353249e+04   7.3409165e+04   1.7991513e+04   8.4092086e+04   5.7913434e+04   2.0245926e+05   8.7724142e+04   3.0894399e+04   1.5693323e+04   6.7931861e+04   3.2291480e+04   8.1498906e+03   1.6214604e+04   2.2499648e+04   1.0793923e+04   9.9011724e+03   1.8054736e+04   7.8940548e+04
   5.5072117e+04   3.3176884e+04   6.3456849e+04   7.9488610e+03   1.1188122e+04   4.8306036e+04   3.5860749e+03   9.1638041e+03   1.6414337e+04   2.8626722e+04   8.5886391e+04   4.0630769e+04   6.9389215e+03   1.3645760e+04   1.7963975e+04   9.8025871e+03   3.7126561e+04   3.8957785e+03   8.7714907e+04   3.0894399e+04   1.5111427e+04   5.1513456e+04   2.8089625e+04   7.9515030e+03   1.0859889e+04   2.2494961e+04   7.6090416e+03   9.9011356e+03   1.8054386e+04   6.2732619e+04
   1.6803387e+03   1.5572158e+04   2.7415326e+04   7.9037958e+03   1.1182457e+04   2.7927907e+04   3.0500353e+03   5.0439150e+03   4.9095689e+03   5.4326446e+03   1.0395936e+04   4.0321954e+04   6.9261803e+03   7.9448545e+03   1.7961724e+04   9.8025871e+03   1.4751874e+04   2.7717451e+03   6.3662662e+03   3.0025377e+04   3.8068015e+03   8.5110756e+03   6.5166440e+03   7.9234952e+03   6.1271059e+03   1.1979930e+04   7.3381536e+03   8.1542072e+03   1.8006556e+04   1.9040592e+04
   1.4263011e+03   6.2221832e+03   1.2427832e+04   7.8333422e+03   8.7314505e+03   1.7513367e+04   2.9865291e+03   4.6651198e+03   4.4384359e+03   2.5517216e+03   1.3209277e+03   3.0363723e+03   6.9261664e+03   1.7065009e+03   1.6246724e+04   2.8434091e+03   8.3713959e+03   2.7602414e+03   4.7205248e+03   2.1080610e+03   3.8058553e+03   8.2352357e+03   6.5166440e+03   4.2733238e+03   3.3293627e+03   1.8032478e+03   4.7400601e+03   5.8652232e+03   7.8503131e+03   7.7974406e+03
   3.4409596e+02   4.2587461e+03   9.6390633e+02   4.5338475e+03   7.3186492e+03   2.6703147e+03   2.3747417e+03   3.6311632e+03   1.4117062e+03   2.1107438e+03   8.9309923e+02   3.0077893e+03   3.6222421e+03   1.5196546e+03   6.8788670e+03   2.8087264e+03   6.5419142e+03   2.3509003e+03   4.6207062e+03   2.1012498e+03   3.8058553e+03   7.8452624e+03   5.5176145e+03   4.1664431e+03   3.3177917e+03   1.8026166e+03   4.1614220e+03   1.6161565e+03   2.5287685e+03   7.7079161e+03
   9.6550224e+01   3.0241265e+03   4.3492760e+02   1.6808688e+03   6.6600644e+02   2.2959340e+03   2.1967928e+03   2.6297792e+03   1.3396638e+03   2.1069647e+03   8.0021009e+02   2.6787468e+03   1.8045771e+03   5.2711017e+02   3.1150632e+03   2.8010715e+03   1.4157108e+03   3.6111354e+02   3.0785987e+03   1.7903329e+03   1.4108928e+03   5.4029789e+02   1.7952891e+03   4.1660007e+03   1.3921716e+03   1.8024795e+03   4.7654774e-01   1.3184528e+03   1.1146603e+03   5.8546007e+02
   7.4825819e+01   1.0526979e+03   7.1437916e+01   6.2159149e+01   1.7382408e-01   3.0137097e+02   8.1136981e+02   6.4635390e+00   2.8375370e+02   3.1140659e+02   2.6829618e+02   5.4747805e+02   2.8899681e+02   4.1378213e+01   1.0854217e+02   9.0331383e+00   5.0726119e+02   3.5944695e+02   6.1317293e+02   2.3229192e+02   1.3650742e+02   5.0265638e+02   2.9186715e+01   3.6857054e+02   1.1041041e+02   1.3665015e+02   4.7654774e-01   4.5882431e+02   3.1628412e+02   3.6409193e+02
   8.7675549e-02   2.3554525e-01   7.4389981e-01   3.4130822e+00   1.4183099e-01   6.3626415e-02   4.4607293e-01   1.1198256e+00   2.7613460e+00   1.4259443e-01   8.2181449e-01   3.0338947e-01   2.1128165e+00   6.0319957e-01   8.2396949e-01   2.0684567e-01   1.0159325e-02   4.6509056e+00   1.6560816e-01   9.2690684e-02   7.0254044e+00   1.9864223e+00   2.9642430e+00   1.5052291e+00   1.0168528e+01   1.3079680e-03   4.7654762e-01   4.5340109e+00   1.9180942e+00   6.6641494e-02
   0.0000000e+00   0.0000000e+00   0.0000000e+00   0.0000000e+00   0.0000000e+00   0.0000000e+00   0.0000000e+00   0.0000000e+00   0.0000000e+00   0.0000000e+00   0.0000000e+00   0.0000000e+00   0.0000000e+00   0.0000000e+00   0.0000000e+00   0.0000000e+00   0.0000000e+00   0.0000000e+00   0.0000000e+00   0.0000000e+00   0.0000000e+00   0.0000000e+00   0.0000000e+00   0.0000000e+00   0.0000000e+00   0.0000000e+00   0.0000000e+00   0.0000000e+00   0.0000000e+00   0.0000000e+00
