   3.0054391e+10   3.1593140e+10   2.7018840e+10   1.5345671e+10   3.5839296e+10   2.7832082e+10   2.2361498e+10   3.0363111e+10   1.7483153e+10   2.7895829e+10   2.4955066e+10   3.3084215e+10   3.2313872e+10   2.7832082e+10   3.0718186e+10   2.6018789e+10   2.9007745e+10   2.6574248e+10   1.8213874e+10   2.6532786e+10   3.2117914e+10   3.3485018e+10   2.5248549e+10   3.6458120e+10   3.0772604e+10   2.7569546e+10   2.6458949e+10   2.8237972e+10   2.1953724e+10   3.3082670e+10
   3.0054391e+10   3.1593140e+10   2.7018840e+10   1.5345671e+10   3.5839296e+10   2.7832082e+10   2.2361498e+10   3.0363111e+10   1.7483153e+10   2.7895829e+10   2.4955066e+10   3.3084215e+10   3.2313872e+10   2.7832082e+10   3.0718186e+10   2.6018789e+10   2.9007745e+10   2.6574248e+10   1.8213874e+10   2.6532786e+10   3.2117914e+10   3.3485018e+10   2.5248549e+10   3.6458120e+10   3.0772604e+10   2.7569546e+10   2.6458949e+10   2.8237972e+10   2.1953724e+10   3.3082670e+10
   3.0054391e+10   3.1593140e+10   2.7018840e+10   1.5345671e+10   3.5839296e+10   2.7832082e+10   2.2361498e+10   3.0363111e+10   1.7483153e+10   2.7895829e+10   2.4955066e+10   3.3084215e+10   3.2313872e+10   2.7832082e+10   3.0718186e+10   2.6018789e+10   2.9007745e+10   2.6574248e+10   1.8213874e+10   2.6532786e+10   3.2117914e+10   3.3485018e+10   2.5248549e+10   3.6458120e+10   3.0772604e+10   2.7569546e+10   2.6458949e+10   2.8237972e+10   2.1953724e+10   3.3082670e+10
   3.0054391e+10   3.1593140e+10   2.7018840e+10   1.5345671e+10   3.5839296e+10   2.7832082e+10   2.2361498e+10   3.0363111e+10   1.7483153e+10   2.7895829e+10   2.4955066e+10   3.3084215e+10   3.2313872e+10   2.7832082e+10   3.0718186e+10   2.6018789e+10   2.9007745e+10   2.6574248e+10   1.8213874e+10   2.6532786e+10   3.2117914e+10   3.3485018e+10   2.5248549e+10   3.6458120e+10   3.0772604e+10   2.7569546e+10   2.6458949e+10   2.8237972e+10   2.1953724e+10   3.3082670e+10
   3.0054391e+10   3.1593140e+10   2.7018840e+10   1.5345671e+10   3.5839296e+10   2.7832082e+10   2.2361498e+10   3.0363111e+10   1.7483153e+10   2.7895829e+10   2.4955066e+10   3.3084215e+10   3.2313872e+10   2.7832082e+10   3.0718186e+10   2.6018789e+10   2.9007745e+10   2.6574248e+10   1.8213874e+10   2.6532786e+10   3.2117914e+10   3.3485018e+10   2.5248549e+10   3.6458120e+10   3.0772604e+10   2.7569546e+10   2.6458949e+10   2.8237972e+10   2.1953724e+10   3.3082670e+10
   2.9243541e+10   2.9308552e+10   2.7018840e+10   1.5345671e+10   3.1514192e+10   2.7832082e+10   2.2361498e+10   2.9770581e+10   1.7483153e+10   2.7895829e+10   2.4955060e+10   2.9249335e+10   3.2313872e+10   2.7832082e+10   3.0718186e+10   2.6018789e+10   2.9007745e+10   2.6414500e+10   1.8213874e+10   2.6059113e+10   3.0257973e+10   3.2415507e+10   2.5248549e+10   3.5171221e+10   3.0772604e+10   2.7569546e+10   2.6458949e+10   2.8237972e+10   2.1953720e+10   3.1549676e+10
   2.9243541e+10   2.9308552e+10   2.7018840e+10   1.5345671e+10   3.1514192e+10   2.7832082e+10   2.2361498e+10   2.9770581e+10   1.7483153e+10   2.7895829e+10   2.4955060e+10   2.9249335e+10   3.2313872e+10   2.7832082e+10   3.0718186e+10   2.6018789e+10   2.9007745e+10   2.6414500e+10   1.8213874e+10   2.6059113e+10   3.0257973e+10   3.2415507e+10   2.5248549e+10   3.5171221e+10   3.0772604e+10   2.7569546e+10   2.6458949e+10   2.8237972e+10   2.1953720e+10   3.1549676e+10
   2.9243541e+10   2.4607391e+10   2.4677929e+10   1.5058992e+10   3.1514180e+10   2.4439137e+10   2.0094322e+10   2.3768327e+10   1.7120414e+10   2.7895829e+10   2.3286313e+10   2.6977325e+10   2.8909230e+10   2.4439137e+10   2.9956662e+10   2.6018789e+10   2.2953936e+10   2.6414494e+10   1.8195022e+10   2.3491855e+10   2.3244650e+10   3.1872591e+10   2.1171638e+10   3.3867388e+10   2.2273579e+10   2.5057039e+10   2.6458938e+10   2.8237972e+10   1.9375562e+10   2.7980753e+10
   2.5948242e+10   2.3628124e+10   2.1380551e+10   1.4802254e+10   2.2576424e+10   1.7858057e+10   2.0094322e+10   2.2663770e+10   1.4822443e+10   2.5006360e+10   2.1946738e+10   2.6296334e+10   2.5396684e+10   1.7858057e+10   2.8517270e+10   2.3314289e+10   1.9933780e+10   2.3216238e+10   1.6571239e+10   1.7407321e+10   2.0689934e+10   2.1081377e+10   2.0065824e+10   2.8924269e+10   2.2273579e+10   1.8595082e+10   2.6258291e+10   2.7003475e+10   1.9375562e+10   2.6693346e+10
   1.8159441e+10   1.7456573e+10   1.9183220e+10   1.4774158e+10   1.9444565e+10   1.6937255e+10   2.0094320e+10   2.0723986e+10   1.3419817e+10   2.1143624e+10   1.9611800e+10   2.3386029e+10   1.5702017e+10   1.6937255e+10   1.9376703e+10   2.3314289e+10   1.5936077e+10   2.1947335e+10   1.2486312e+10   1.7170792e+10   1.9665458e+10   1.3074891e+10   1.9386224e+10   2.2803655e+10   2.1680005e+10   1.8595082e+10   1.9644712e+10   2.0698332e+10   1.2487310e+10   1.8979065e+10
   8.4648058e+09   9.5927126e+09   1.1657162e+10   1.2778375e+10   1.0178554e+10   1.3512006e+10   1.3669350e+10   1.4962466e+10   1.2521083e+10   1.2837449e+10   1.1726817e+10   1.3898638e+10   1.3059442e+10   1.3512006e+10   1.3249137e+10   1.5483807e+10   1.2149408e+10   1.6976169e+10   9.2490729e+09   9.1589112e+09   1.2850765e+10   1.2072148e+10   1.3782023e+10   1.4285272e+10   1.0499611e+10   1.2693756e+10   1.0321503e+10   1.3243843e+10   1.1333636e+10   1.4213514e+10
   6.9412487e+09   5.9138466e+09   8.9947989e+09   4.9361884e+09   4.3893736e+09   6.1913398e+09   7.5692978e+09   6.2537946e+09   7.1944203e+09   6.9239034e+09   7.1425631e+09   5.4215444e+09   6.1568675e+09   6.1913398e+09   5.7336350e+09   6.1434413e+09   6.4508013e+09   7.6312351e+09   7.2475592e+09   6.8896597e+09   7.4170723e+09   5.6448588e+09   7.0761797e+09   6.0726395e+09   6.1697840e+09   6.0378965e+09   6.4811268e+09   7.7445732e+09   8.1978682e+09   4.9744756e+09
   1.8090330e+09   2.6409381e+09   1.9900387e+09   1.3232386e+09   1.3932988e+09   3.0781387e+09   1.8101508e+09   1.9910763e+09   2.3819571e+09   1.8356727e+09   2.1063954e+09   2.3781274e+09   2.3831666e+09   3.0781387e+09   2.5029314e+09   2.0200883e+09   1.6920161e+09   1.9217659e+09   2.7681016e+09   1.6522476e+09   1.9650842e+09   2.2460398e+09   1.5196738e+09   2.0125900e+09   2.2535349e+09   2.5229277e+09   2.7195429e+09   2.0251924e+09   2.9431136e+09   2.6966749e+09
   2.0194258e+08   1.9691344e+08   2.4119602e+08   2.3600397e+08   1.2815487e+08   1.6482367e+08   2.2633200e+08   1.5525545e+08   2.6449961e+08   1.7230743e+08   1.3671559e+08   2.9590763e+08   2.2535837e+08   1.6482367e+08   2.7679877e+08   2.7709420e+08   2.3407605e+08   2.3973401e+08   2.5772792e+08   1.9869604e+08   1.2445209e+08   9.7771887e+07   2.6884954e+08   1.8598374e+08   2.2154571e+08   2.6178823e+08   1.6641165e+08   2.2256329e+08   1.5601111e+08   2.3554110e+08
   3.0206470e+05   3.6117171e+05   3.1924091e+05   4.2644539e+05   1.9235410e+05   3.4263115e+05   3.2267321e+05   2.9723741e+05   2.0147978e+05   4.1913623e+05   3.3406663e+05   2.3274888e+05   3.4898218e+05   3.4263115e+05   3.4150043e+05   3.2005795e+05   2.6012872e+05   3.4748280e+05   2.5099588e+05   2.6863003e+05   3.3717446e+05   3.3079046e+05   2.9807165e+05   3.1206872e+05   3.0032463e+05   3.4094003e+05   5.5144625e+05   4.2952699e+05   1.8072222e+05   3.0884978e+05
   0.0000000e+00   0.0000000e+00   0.0000000e+00   0.0000000e+00   0.0000000e+00   0.0000000e+00   0.0000000e+00   0.0000000e+00   0.0000000e+00   0.0000000e+00   0.0000000e+00   0.0000000e+00   0.0000000e+00   0.0000000e+00   0.0000000e+00   0.0000000e+00   0.0000000e+00   0.0000000e+00   0.0000000e+00   0.0000000e+00   0.0000000e+00   0.0000000e+00   0.0000000e+00   0.0000000e+00   0.0000000e+00   0.0000000e+00   0.0000000e+00   0.0000000e+00   0.0000000e+00   0.0000000e+00
