   3.7245479e+05   1.1000591e+05   1.1447547e+05   7.1573231e+05   1.4794042e+05   5.0588788e+06   6.1614740e+05   9.8350326e+03   6.9825946e+04   2.5048701e+05   9.7087795e+05   8.0330344e+05   1.3189456e+06   2.0226011e+06   3.2368786e+05   2.4959524e+05   8.9896866e+05   1.8563180e+06   6.2917540e+05   3.8389170e+04   9.4210904e+05   2.2328911e+06   3.1735334e+05   4.6911541e+05   4.8216953e+05   9.5838401e+05   5.2677812e+05   6.9936325e+05   9.7749613e+05   2.1402168e+06
   3.7245479e+05   1.1000591e+05   1.1447547e+05   7.1573231e+05   1.4794042e+05   5.0588788e+06   6.1614740e+05   9.8350326e+03   6.9825946e+04   2.5048701e+05   9.7087795e+05   8.0330344e+05   1.3189456e+06   2.0226011e+06   3.2368786e+05   2.4959524e+05   8.9896866e+05   1.8563180e+06   6.2917540e+05   3.8389170e+04   9.4210904e+05   2.2328911e+06   3.1735334e+05   4.6911541e+05   4.8216953e+05   9.5838401e+05   5.2677812e+05   6.9936325e+05   9.7749613e+05   2.1402168e+06
   3.7245479e+05   1.1000591e+05   1.1447547e+05   7.1573231e+05   1.4794042e+05   5.0588788e+06   6.1614740e+05   9.8350326e+03   6.9825946e+04   2.5048701e+05   9.7087795e+05   8.0330344e+05   1.3189456e+06   2.0226011e+06   3.2368786e+05   2.4959524e+05   8.9896866e+05   1.8563180e+06   6.2917540e+05   3.8389170e+04   9.4210904e+05   2.2328911e+06   3.1735334e+05   4.6911541e+05   4.8216953e+05   9.5838401e+05   5.2677812e+05   6.9936325e+05   9.7749613e+05   2.1402168e+06
   3.7245479e+05   1.1000591e+05   1.1447547e+05   7.1573231e+05   1.4794042e+05   7.7207683e+05   6.1604480e+05   9.8350326e+03   6.9825946e+04   2.5048701e+05   9.7084127e+05   8.0330344e+05   1.2554527e+06   1.9969417e+06   3.2368786e+05   2.4959524e+05   8.9896866e+05   1.8563180e+06   6.2917540e+05   3.8370037e+04   4.1014309e+05   2.2327225e+06   3.1633268e+05   4.6911541e+05   4.8216953e+05   2.2399795e+05   5.2677812e+05   6.9921453e+05   9.7749612e+05   2.1402168e+06
   2.0381049e+05   2.0904738e+04   1.1447109e+05   4.7610882e+05   1.2601556e+05   7.7177720e+05   6.1604480e+05   9.8350326e+03   6.9825946e+04   2.5048701e+05   3.8231935e+05   8.0019915e+05   1.1394398e+06   1.0785216e+06   3.2365770e+05   2.4956784e+05   8.9896866e+05   1.8563164e+06   2.6996097e+04   3.8370037e+04   4.1007510e+05   2.2327212e+06   3.1623114e+05   4.6911541e+05   4.8214462e+05   2.2386381e+05   5.2677812e+05   3.0305903e+05   9.7748199e+05   2.1402138e+06
   2.0381049e+05   2.0904738e+04   1.1447109e+05   4.7610626e+05   1.2601556e+05   7.7177720e+05   3.5822017e+05   9.5580192e+03   6.9807917e+04   2.5048701e+05   3.8231935e+05   8.0019915e+05   1.1394398e+06   1.0785060e+06   3.2337078e+05   2.4956650e+05   8.9896866e+05   1.8563128e+06   2.6991458e+04   3.8370037e+04   4.1007510e+05   1.3254909e+06   3.1623114e+05   4.6911541e+05   4.1721235e+05   2.1298051e+05   5.2677812e+05   3.0305388e+05   2.1365899e+05   1.8375853e+06
   2.0379770e+05   2.0904738e+04   7.3076961e+04   4.7610625e+05   1.2344329e+05   7.7152660e+05   3.5792115e+05   9.5580192e+03   6.9807917e+04   7.8743134e+04   3.8231935e+05   1.6121314e+05   6.0059038e+05   8.7934979e+05   3.2337078e+05   2.0913261e+05   8.9896866e+05   2.3241167e+05   2.6991458e+04   3.8323901e+04   1.3514190e+05   6.2067813e+05   3.1622843e+05   4.6911541e+05   4.1721231e+05   2.1293147e+05   5.2661599e+05   2.9631950e+05   2.1365899e+05   9.8770792e+05
   2.0379770e+05   2.0904715e+04   5.5388114e+04   1.5541320e+04   1.2283466e+05   7.7136198e+05   1.8795513e+05   9.3746169e+03   1.8244583e+04   7.8714008e+04   3.8231935e+05   1.0918742e+04   6.0059038e+05   3.1895441e+04   3.2322918e+05   2.7803381e+04   8.9896866e+05   2.3241162e+05   2.6986780e+04   3.8066635e+04   1.3513453e+05   6.2059069e+05   3.1622111e+05   4.6896722e+05   1.6301471e+05   2.1293146e+05   2.4338377e+05   1.3632831e+05   2.1365899e+05   6.4216665e+05
   1.9948846e+05   2.0903606e+04   4.5351047e+04   1.5383514e+04   2.0244240e+04   7.7112248e+05   1.8765272e+05   9.3555725e+03   1.8244583e+04   6.9252606e+04   2.0690526e+04   1.0917659e+04   1.4980244e+05   3.1895438e+04   3.2265639e+05   2.7730560e+04   5.7677897e+05   2.3226590e+05   2.5945931e+04   3.8064828e+04   1.3513453e+05   1.1475079e+05   9.6221715e+04   2.0922093e+05   1.6298575e+05   4.2807811e+04   2.2396257e+05   1.3621124e+05   1.5870654e+05   1.7985561e+05
   8.6022476e+04   8.4932246e+03   7.3557991e+03   1.5383507e+04   2.0238788e+04   6.9699995e+04   1.1239886e+05   9.1812740e+03   1.3064218e+04   1.7541864e+04   9.6087091e+03   1.0268737e+04   6.3588986e+04   3.0016142e+04   8.0803557e+03   1.0495023e+04   3.7179654e+05   3.9959291e+04   1.0497602e+04   3.7917101e+04   2.6389887e+04   1.2217818e+04   4.8211040e+04   6.1133408e+04   1.0531557e+04   4.1778781e+04   7.9343891e+04   6.5355830e+04   1.5870609e+05   9.7590355e+04
   1.3670891e+03   8.4829173e+03   7.0072212e+03   7.0300798e+03   3.1462446e+02   4.6995495e+03   3.9354467e+04   5.6968558e+03   1.0392276e+04   7.4070011e+03   5.0615847e+03   1.0267204e+04   5.3279592e+03   2.2622519e+04   7.3602655e+03   5.1027062e+03   1.8889644e+04   1.2027310e+04   1.6713112e+03   2.5307270e+04   2.6335571e+04   1.0881312e+04   2.9098073e+04   2.8473240e+04   1.0046062e+04   1.2440560e+04   1.2337173e+04   1.0939218e+03   6.7949185e+03   4.4278273e+03
   1.1963604e+03   3.1558348e+03   4.9868399e+03   8.6939767e+02   3.1093047e+02   3.5927702e+03   4.3508566e+03   3.8338646e+03   2.6003416e+03   1.6228782e+03   1.4158634e+03   2.7134073e+03   9.7359531e+02   3.1725092e+03   8.3243556e+02   3.5182342e+03   2.4946260e+03   1.8147439e+03   4.4104813e+02   8.3077738e+02   6.7410759e+03   2.8750581e+03   1.5295512e+03   1.1821052e+04   4.4096568e+03   9.4273982e+02   5.7477944e+02   1.0775386e+03   4.4772849e+03   4.3996061e+03
   1.1653057e+02   2.8971856e+02   3.7628163e+02   2.3041703e+02   1.6039775e+02   2.6226392e+02   3.6060635e+02   3.6454095e+02   1.7570929e+02   2.0914504e+02   5.0057865e+02   2.7582282e+02   2.7045128e+02   3.2304149e+02   1.7695109e+02   1.5399278e+02   7.3507012e+02   2.7041302e+02   2.7770409e+02   1.1989175e+02   4.6990421e+02   6.4202888e+02   1.7269881e+02   3.3822543e+02   6.3230007e+02   4.3082025e+02   1.3100267e+02   3.6243446e+02   4.5446391e+02   3.7027293e+02
   1.1514454e+01   1.8711581e+01   1.2250055e+01   4.7003245e+01   1.6313580e+01   2.4616418e+01   2.5155589e+01   2.4455058e+00   2.4308975e+01   6.5735284e+00   8.1908214e+00   5.6242079e+00   1.3658160e+01   3.3662021e+00   1.4575234e+01   6.1639860e+00   2.2809048e+01   2.1963373e+01   6.8425672e+00   2.8064441e+01   5.5660452e+00   1.0924705e+01   1.0566886e+01   1.9728564e+01   2.3380670e+01   1.1142888e+01   7.4632254e+00   1.1749435e+01   6.0924106e+00   3.1890183e+01
   9.2364078e-01   8.9930181e-01   7.7763146e-01   9.3908296e-01   8.4820771e-01   1.4125627e+00   1.0075825e+00   1.0418612e+00   1.1240007e+00   1.0504718e+00   4.8144439e-01   8.7673838e-01   9.5465523e-01   1.0601464e+00   9.8991226e-01   1.0335535e+00   1.2583688e+00   1.0092667e+00   1.0260850e+00   1.1690024e+00   7.8285161e-01   4.0633957e-01   1.3160286e+00   1.2767000e+00   1.1842017e+00   1.0531755e+00   1.4803674e+00   1.2168868e+00   1.0735127e+00   1.1691770e+00
   6.8001007e-05   1.4258886e-04   1.6377933e-04   1.6799940e-04   1.8878980e-04   3.6121251e-04   4.4408267e-04   5.9382729e-04   1.1364407e-03   1.2130461e-03   1.2725371e-03   1.3337857e-03   1.3552127e-03   1.3630856e-03   1.9373701e-03   2.0014978e-03   2.3047063e-03   2.9402729e-03   2.9665960e-03   4.2529953e-03   5.1959301e-03   6.3900459e-03   7.6796117e-03   8.0080452e-03   9.4229262e-03   1.2278464e-02   1.4533369e-02   1.7596587e-02   2.1627410e-02   1.1629372e-01
