   4.1445390e+03   4.0309232e+03   4.2819947e+03   3.9237633e+03   4.1777006e+03   4.4091556e+03   3.7611503e+03   3.8571178e+03   2.6277748e+03   5.1284464e+03   3.8950324e+03   3.5499616e+03   4.6995048e+03   4.6304758e+03   3.1976530e+03   4.3886447e+03   1.7878117e+03   3.4673523e+03   4.6001635e+03   3.9441026e+03   4.1821827e+03   3.8883751e+03   5.0020829e+03   4.6839992e+03   4.9001931e+03   3.7528351e+03   5.2250047e+03   4.0033058e+03   3.9621460e+03   4.2281350e+03
   4.1445390e+03   4.0309232e+03   4.2819947e+03   3.9237633e+03   4.1777006e+03   4.4091556e+03   3.7611503e+03   3.8571178e+03   2.6277748e+03   5.1284464e+03   3.8950324e+03   3.5499616e+03   4.6995048e+03   4.6304758e+03   3.1976530e+03   4.3886447e+03   1.7878117e+03   3.4673523e+03   4.6001635e+03   3.9441026e+03   4.1821827e+03   3.8883751e+03   5.0020829e+03   4.6839992e+03   4.9001931e+03   3.7528351e+03   5.2250047e+03   4.0033058e+03   3.9621460e+03   4.2281350e+03
   4.1445390e+03   4.0309232e+03   4.2819947e+03   3.9237633e+03   4.1777006e+03   4.4091556e+03   3.7611503e+03   3.8571178e+03   2.6277748e+03   5.1284464e+03   3.8950324e+03   3.5499616e+03   4.6995048e+03   4.6304758e+03   3.1976530e+03   4.3886447e+03   1.7878117e+03   3.4673523e+03   4.6001635e+03   3.9441026e+03   4.1821827e+03   3.8883751e+03   5.0020829e+03   4.6839992e+03   4.9001931e+03   3.7528351e+03   5.2250047e+03   4.0033058e+03   3.9621460e+03   4.2281350e+03
   4.1445390e+03   4.0309232e+03   4.2819947e+03   3.9237633e+03   4.1777006e+03   4.4091556e+03   3.7611503e+03   3.8571178e+03   2.6277748e+03   5.1284464e+03   3.8950324e+03   3.5499616e+03   4.6995048e+03   4.6304758e+03   3.1976530e+03   4.3886447e+03   1.7878117e+03   3.4673523e+03   4.6001635e+03   3.9441026e+03   4.1821827e+03   3.8883751e+03   5.0020829e+03   4.6839992e+03   4.9001931e+03   3.7528351e+03   5.2250047e+03   4.0033058e+03   3.9621460e+03   4.2281350e+03
   4.1445390e+03   4.0309232e+03   4.2819947e+03   3.9237633e+03   4.1777006e+03   4.4091556e+03   3.7611503e+03   3.8571178e+03   2.6277748e+03   5.1284464e+03   3.8950324e+03   3.5499616e+03   4.6995048e+03   4.6304758e+03   3.1976530e+03   4.3886447e+03   1.7878117e+03   3.4673523e+03   4.6001635e+03   3.9441026e+03   4.1821827e+03   3.8883751e+03   5.0020829e+03   4.6839992e+03   4.9001931e+03   3.7528351e+03   5.2250047e+03   4.0033058e+03   3.9621460e+03   4.2281350e+03
   4.1324871e+03   4.0309232e+03   4.2577809e+03   3.9237633e+03   3.7322345e+03   4.4091556e+03   3.7611503e+03   3.8571178e+03   2.6277748e+03   5.1284464e+03   3.6507535e+03   3.5499616e+03   4.6995048e+03   4.4007528e+03   3.1976530e+03   4.3641884e+03   1.5837290e+03   3.4673523e+03   4.6001635e+03   3.9441026e+03   4.1821827e+03   3.8883751e+03   4.7114325e+03   4.4930888e+03   4.9001931e+03   3.7528351e+03   5.1894742e+03   4.0033058e+03   3.9621460e+03   4.2281350e+03
   4.1324871e+03   4.0309232e+03   4.2577809e+03   3.9237633e+03   3.7322345e+03   4.4091556e+03   3.7611503e+03   3.8571178e+03   2.6277748e+03   5.1284464e+03   3.6507535e+03   3.5499616e+03   4.6995048e+03   4.4007528e+03   3.1976530e+03   4.3641884e+03   1.5837290e+03   3.4673523e+03   4.6001635e+03   3.9441026e+03   4.1821827e+03   3.8883751e+03   4.7114325e+03   4.4930888e+03   4.9001931e+03   3.7528351e+03   5.1894742e+03   4.0033058e+03   3.9621460e+03   4.2281350e+03
   4.0823738e+03   4.0309232e+03   3.3110792e+03   3.8787442e+03   3.4957120e+03   3.8277613e+03   3.3828485e+03   3.8571178e+03   1.8211677e+03   4.7409588e+03   3.6215894e+03   3.5442081e+03   4.5880892e+03   3.9141117e+03   3.1463365e+03   3.7991701e+03   1.5837290e+03   3.4673523e+03   4.2621976e+03   3.9441026e+03   3.5660480e+03   3.3551998e+03   4.5072927e+03   4.3853736e+03   4.7088524e+03   3.7130439e+03   4.6819333e+03   3.2341610e+03   3.8989182e+03   3.8257860e+03
   3.9950452e+03   3.5036244e+03   3.3110792e+03   3.3530853e+03   3.3181719e+03   3.5765186e+03   3.3828485e+03   2.7005531e+03   1.8211677e+03   4.0306852e+03   3.4789086e+03   3.4834062e+03   4.2331639e+03   3.8021061e+03   3.0385012e+03   2.2046456e+03   1.5837290e+03   2.8025263e+03   3.6739437e+03   3.5327338e+03   2.9200941e+03   3.2407073e+03   2.7767276e+03   3.8647622e+03   4.5052130e+03   3.5077441e+03   4.5007420e+03   3.2318331e+03   3.6909270e+03   3.1390306e+03
   3.2300879e+03   2.0183779e+03   2.9266865e+03   2.4883673e+03   2.7070121e+03   3.5115893e+03   2.6547981e+03   2.3906519e+03   1.5107931e+03   3.1873581e+03   3.0233535e+03   2.3663097e+03   3.7876640e+03   3.2074579e+03   2.4034608e+03   2.1984764e+03   1.5741149e+03   1.7985134e+03   3.2969214e+03   3.1469563e+03   2.7704496e+03   1.9990561e+03   2.5562007e+03   3.2326459e+03   2.8791459e+03   3.0246909e+03   2.9973864e+03   2.6961609e+03   3.5586711e+03   3.0464664e+03
   2.1573624e+03   1.9775945e+03   1.9629671e+03   2.0441676e+03   1.7661674e+03   1.7805625e+03   1.8502659e+03   2.0127069e+03   1.4591763e+03   2.6298813e+03   2.2350000e+03   2.1574495e+03   2.5878232e+03   2.2189080e+03   1.7549523e+03   2.0757673e+03   1.5481773e+03   1.5075766e+03   1.9750277e+03   2.2416662e+03   1.8934183e+03   1.3912864e+03   2.1313225e+03   2.3473085e+03   1.9715418e+03   2.5365349e+03   1.3828821e+03   1.5435132e+03   2.9373763e+03   1.4945648e+03
   1.1171507e+03   1.4258556e+03   1.2855885e+03   1.5441947e+03   9.1018673e+02   8.6220588e+02   1.1429662e+03   1.3825326e+03   7.6915811e+02   4.2443580e+02   1.3971353e+03   6.7158859e+02   1.4205040e+03   1.4505348e+03   1.4278222e+03   9.8668691e+02   1.4138913e+03   1.1118188e+03   1.5359464e+03   1.3788903e+03   1.2558552e+03   1.2593752e+03   1.4753123e+03   1.2281065e+03   8.8865266e+02   1.1525910e+03   6.4313428e+02   9.5537889e+02   1.5875527e+03   1.2499117e+03
   5.5394202e+02   5.1965678e+02   6.2935303e+02   4.4258803e+02   5.7858206e+02   4.0257815e+02   5.4403989e+02   6.2628215e+02   3.2852152e+02   2.9170595e+02   5.5672956e+02   5.1692980e+02   8.4962856e+02   7.4208161e+02   6.9437093e+02   6.6617802e+02   6.8207434e+02   5.4307291e+02   7.0765281e+02   6.8641122e+02   7.5680534e+02   4.8715832e+02   6.8300558e+02   4.8705569e+02   5.1250876e+02   6.0038816e+02   2.4917128e+02   4.6634260e+02   5.4741598e+02   5.5078953e+02
   2.8250359e+02   2.7411545e+02   2.1565421e+02   2.1365915e+02   2.3406610e+02   2.3589547e+02   2.0924796e+02   2.2311865e+02   1.6829703e+02   2.3648924e+02   2.0496362e+02   2.5866603e+02   2.8852427e+02   3.0514014e+02   2.5050663e+02   2.5215603e+02   2.3496021e+02   2.5813362e+02   2.4727411e+02   2.4148509e+02   2.2649097e+02   2.1671065e+02   2.8346171e+02   2.7147292e+02   2.3381594e+02   2.9768345e+02   1.9730185e+02   2.5658401e+02   2.5375247e+02   2.6498889e+02
   1.3431929e+02   1.2423763e+02   1.2897764e+02   1.2973411e+02   1.2431204e+02   1.3543141e+02   1.2939796e+02   1.2739522e+02   1.3126048e+02   1.3161700e+02   1.3105585e+02   1.2579090e+02   1.2355342e+02   1.2924784e+02   1.2690054e+02   1.2692500e+02   1.2958543e+02   1.3180757e+02   1.2597428e+02   1.3479118e+02   1.2697335e+02   1.3197979e+02   1.3000435e+02   1.2646910e+02   1.2775991e+02   1.2939738e+02   1.1763918e+02   1.2433895e+02   1.2596335e+02   1.3074330e+02
   1.0000000e+02   1.0000000e+02   1.0000000e+02   1.0000000e+02   1.0000000e+02   1.0000000e+02   1.0000000e+02   1.0000000e+02   1.0000000e+02   1.0000000e+02   1.0000000e+02   1.0000000e+02   1.0000000e+02   1.0000000e+02   1.0000000e+02   1.0000000e+02   1.0000000e+02   1.0000000e+02   1.0000000e+02   1.0000000e+02   1.0000000e+02   1.0000000e+02   1.0000000e+02   1.0000000e+02   1.0000000e+02   1.0000000e+02   1.0000000e+02   1.0000000e+02   1.0000000e+02   1.0000000e+02
