   5.4281954e+02   5.6581941e+02   4.8915491e+02   5.1089739e+02   4.5497061e+02   4.1316235e+02   4.7047859e+02   5.0583768e+02   5.2028980e+02   5.0629344e+02   4.5658781e+02   5.3673112e+02   5.0831723e+02   4.8082250e+02   4.9407813e+02   5.4218595e+02   4.6758662e+02   5.2179373e+02   4.9459935e+02   5.0974270e+02   4.8208783e+02   5.3390856e+02   4.6270947e+02   4.7528015e+02   4.5804763e+02   5.2112389e+02   4.6748526e+02   4.7137830e+02   4.9489564e+02   4.9730416e+02
   5.4281954e+02   5.6581941e+02   4.8915491e+02   5.1089739e+02   4.5497061e+02   4.1316235e+02   4.7047859e+02   5.0583768e+02   5.2028980e+02   5.0629344e+02   4.5658781e+02   5.3673112e+02   5.0831723e+02   4.8082250e+02   4.9407813e+02   5.4218595e+02   4.6758662e+02   5.2179373e+02   4.9459935e+02   5.0974270e+02   4.8208783e+02   5.3390856e+02   4.6270947e+02   4.7528015e+02   4.5804763e+02   5.2112389e+02   4.6748526e+02   4.7137830e+02   4.9489564e+02   4.9730416e+02
   5.4281954e+02   5.6581941e+02   4.8915491e+02   5.1089739e+02   4.5497061e+02   4.1316235e+02   4.7047859e+02   5.0583768e+02   5.2028980e+02   5.0629344e+02   4.5658781e+02   5.3673112e+02   5.0831723e+02   4.8082250e+02   4.9407813e+02   5.4218595e+02   4.6758662e+02   5.2179373e+02   4.9459935e+02   5.0974270e+02   4.8208783e+02   5.3390856e+02   4.6270947e+02   4.7528015e+02   4.5804763e+02   5.2112389e+02   4.6748526e+02   4.7137830e+02   4.9489564e+02   4.9730416e+02
   5.4281954e+02   5.5516998e+02   4.8915491e+02   4.3737296e+02   4.2993871e+02   4.1316235e+02   4.7047859e+02   4.8550666e+02   5.2028980e+02   4.8048007e+02   4.5658781e+02   5.1683466e+02   4.9408786e+02   4.5198780e+02   4.9407813e+02   5.2227104e+02   4.6758662e+02   5.2073153e+02   4.9092326e+02   4.9741738e+02   4.8208783e+02   5.0182822e+02   4.5295137e+02   4.7528015e+02   4.5804763e+02   5.2112389e+02   4.5262689e+02   4.7137830e+02   4.9489564e+02   4.7522074e+02
   5.3245752e+02   4.5811342e+02   4.8915491e+02   4.3737296e+02   4.2993871e+02   4.1273309e+02   4.7047859e+02   4.8550666e+02   4.9767092e+02   4.8048007e+02   4.5566541e+02   5.0950513e+02   4.9086099e+02   4.5198780e+02   4.9407813e+02   5.2227104e+02   4.6351542e+02   5.2073153e+02   4.7764697e+02   4.9741738e+02   4.7793531e+02   5.0182822e+02   4.2917929e+02   4.7528015e+02   4.4338705e+02   5.2112389e+02   4.5262689e+02   4.6361787e+02   4.9489564e+02   4.7522074e+02
   5.3245752e+02   4.5811342e+02   4.8915491e+02   4.3737296e+02   4.2993871e+02   4.1273309e+02   4.6743554e+02   4.8550666e+02   4.7691180e+02   4.6216450e+02   4.5566541e+02   3.9943443e+02   4.6298859e+02   4.5198780e+02   4.9407813e+02   5.2227104e+02   4.5747959e+02   4.9048443e+02   4.7764697e+02   4.9741738e+02   4.3590973e+02   5.0182822e+02   4.2917929e+02   4.7528015e+02   4.4338705e+02   5.0986901e+02   4.5262689e+02   4.6361787e+02   4.9489564e+02   4.6652806e+02
   5.0232023e+02   4.4397113e+02   4.8915491e+02   4.2529905e+02   4.2993871e+02   3.8843033e+02   4.6209009e+02   4.7355433e+02   4.3037670e+02   4.5273802e+02   4.5566541e+02   3.2589372e+02   4.6010659e+02   3.6071919e+02   4.6229410e+02   4.0144863e+02   4.4798172e+02   4.5594958e+02   4.7764697e+02   4.9253095e+02   3.4360795e+02   4.2514685e+02   4.2917929e+02   4.7528015e+02   4.4338705e+02   5.0283772e+02   4.4536519e+02   4.5032314e+02   4.7992265e+02   4.6652806e+02
   4.5625447e+02   4.3256162e+02   4.4027181e+02   3.7613758e+02   4.2817960e+02   3.8843033e+02   4.4151379e+02   4.5024398e+02   4.1145860e+02   4.0682459e+02   4.4437988e+02   3.2589372e+02   4.4411260e+02   3.0632034e+02   4.1128566e+02   3.7541805e+02   4.4223221e+02   4.2963484e+02   3.4454030e+02   4.4371636e+02   3.4264479e+02   2.5873472e+02   4.1706699e+02   4.7513219e+02   4.2349898e+02   4.7607831e+02   4.2520208e+02   3.9509508e+02   4.6071279e+02   4.4267703e+02
   4.2358335e+02   4.3256162e+02   3.7568681e+02   2.9703048e+02   3.5712791e+02   3.3032446e+02   3.4751793e+02   4.2364571e+02   3.4990335e+02   4.0682459e+02   3.9587637e+02   2.8701969e+02   4.0516540e+02   3.0632034e+02   3.9164661e+02   3.7541805e+02   4.2776696e+02   3.2895103e+02   3.0826258e+02   3.3395070e+02   3.2530289e+02   2.1563061e+02   4.0930235e+02   3.8712888e+02   4.1549488e+02   3.6225714e+02   3.1111299e+02   2.9424983e+02   4.2266646e+02   3.7658547e+02
   3.4431117e+02   2.6475802e+02   2.7167072e+02   2.4001475e+02   3.0231238e+02   2.1049464e+02   1.7824938e+02   1.8287149e+02   3.2482814e+02   2.8801310e+02   3.3754962e+02   2.1387897e+02   3.0618096e+02   2.1901011e+02   2.7835944e+02   3.3764640e+02   3.6211396e+02   2.9847554e+02   2.7984913e+02   2.2953098e+02   2.7029772e+02   2.1561227e+02   2.8930115e+02   2.8691927e+02   3.4951996e+02   3.2548940e+02   2.6938784e+02   2.2702446e+02   2.6573025e+02   2.8175254e+02
   1.9497634e+02   2.2861178e+02   1.8941614e+02   2.2976180e+02   2.1121882e+02   1.8872678e+02   1.4993299e+02   1.6733730e+02   2.0283254e+02   2.2136464e+02   2.5137036e+02   1.9883825e+02   2.6249846e+02   2.1128545e+02   2.4423833e+02   2.0389861e+02   2.7073572e+02   2.0575900e+02   2.4088338e+02   1.9759218e+02   2.2174211e+02   1.6295199e+02   2.2266620e+02   2.4991383e+02   2.2398539e+02   2.4076080e+02   2.0619757e+02   2.2363446e+02   1.7310439e+02   1.6332904e+02
   1.7371750e+02   2.1262194e+02   1.8080835e+02   1.6712502e+02   1.8371849e+02   1.7062143e+02   1.4993299e+02   1.6300361e+02   1.3736872e+02   1.8520881e+02   1.8316785e+02   1.4031203e+02   1.4780594e+02   1.7229047e+02   2.1338733e+02   1.7090354e+02   2.1245949e+02   1.4474540e+02   1.6730538e+02   1.6380442e+02   1.9230782e+02   1.5882097e+02   1.7436697e+02   1.6852788e+02   1.7279735e+02   2.0552747e+02   1.7864039e+02   1.6047258e+02   1.4973701e+02   1.3117327e+02
   1.3423027e+02   1.6863679e+02   1.3832795e+02   1.3440196e+02   1.4558667e+02   1.3820962e+02   1.3221983e+02   1.4138236e+02   1.2222994e+02   1.4619354e+02   1.5142561e+02   1.2923626e+02   1.2846533e+02   1.3640813e+02   1.4268576e+02   1.4288938e+02   1.5166244e+02   1.4256792e+02   1.4580556e+02   1.3422855e+02   1.5244145e+02   1.4726108e+02   1.4120594e+02   1.4631057e+02   1.4182181e+02   1.5255569e+02   1.4431475e+02   1.3200266e+02   1.4113428e+02   1.2444670e+02
   1.2283800e+02   1.3073255e+02   1.2367175e+02   1.1186245e+02   1.2298922e+02   1.2281409e+02   1.2655974e+02   1.1663206e+02   1.1870957e+02   1.2209463e+02   1.2550462e+02   1.2093914e+02   1.1902231e+02   1.2360558e+02   1.3021536e+02   1.2511312e+02   1.1848972e+02   1.1539288e+02   1.2077164e+02   1.2386980e+02   1.2447868e+02   1.2313733e+02   1.2236833e+02   1.1971561e+02   1.2131957e+02   1.5184028e+02   1.2852428e+02   1.1776039e+02   1.1577111e+02   1.1172742e+02
   1.1023978e+02   1.0751583e+02   9.7064283e+01   1.0917594e+02   1.0676691e+02   1.0656833e+02   1.0947658e+02   1.0414179e+02   1.0457566e+02   1.0805958e+02   1.0865832e+02   1.0611852e+02   1.0582782e+02   1.0558574e+02   1.0730668e+02   1.0628619e+02   1.0852279e+02   1.0491607e+02   1.0637768e+02   1.0938648e+02   1.0677838e+02   1.0865372e+02   1.0593293e+02   1.0649020e+02   1.0843575e+02   1.1973045e+02   1.0508051e+02   1.0709203e+02   1.0477214e+02   1.0288256e+02
   2.0942489e-08   1.3109968e+01   2.3008714e+01   3.2298370e+01   3.4878006e+01   7.0506443e+01   1.0000000e+02   1.0000000e+02   1.0000000e+02   1.0000000e+02   1.0000000e+02   1.0000000e+02   1.0000000e+02   1.0000000e+02   1.0000000e+02   1.0000000e+02   1.0000000e+02   1.0000000e+02   1.0000000e+02   1.0000000e+02   1.0000000e+02   1.0000000e+02   1.0000000e+02   1.0000000e+02   1.0000000e+02   1.0000000e+02   1.0000000e+02   1.0000000e+02   1.0000000e+02   1.0000000e+02
