   1.7049075e+03   1.6577126e+03   1.3968935e+03   1.8647122e+03   1.3907480e+03   1.4701315e+03   1.2221424e+03   1.5711643e+03   1.4808961e+03   1.6650962e+03   1.6225142e+03   1.5570159e+03   1.5380764e+03   1.6555122e+03   1.6555122e+03   1.5095606e+03   1.2262001e+03   1.2698906e+03   1.2837802e+03   1.4249276e+03   1.6408426e+03   1.6781366e+03   1.1307860e+03   1.3853936e+03   1.2951775e+03   1.8269835e+03   1.6900847e+03   1.5424790e+03   1.5502839e+03   1.6408822e+03
   1.7049075e+03   1.6577126e+03   1.3968935e+03   1.8647122e+03   1.3907480e+03   1.4701315e+03   1.2221424e+03   1.5711643e+03   1.4808961e+03   1.6650962e+03   1.6225142e+03   1.5570159e+03   1.5380764e+03   1.6555122e+03   1.6555122e+03   1.5095606e+03   1.2262001e+03   1.2698906e+03   1.2837802e+03   1.4249276e+03   1.6408426e+03   1.6781366e+03   1.1307860e+03   1.3853936e+03   1.2951775e+03   1.8269835e+03   1.6900847e+03   1.5424790e+03   1.5502839e+03   1.6408822e+03
   1.7049075e+03   1.6577126e+03   1.3968935e+03   1.8647122e+03   1.3907480e+03   1.4701315e+03   1.2221424e+03   1.5711643e+03   1.4808961e+03   1.6650962e+03   1.6225142e+03   1.5570159e+03   1.5380764e+03   1.6555122e+03   1.6555122e+03   1.5095606e+03   1.2262001e+03   1.2698906e+03   1.2837802e+03   1.4249276e+03   1.6408426e+03   1.6781366e+03   1.1307860e+03   1.3853936e+03   1.2951775e+03   1.8269835e+03   1.6900847e+03   1.5424790e+03   1.5502839e+03   1.6408822e+03
   1.7049075e+03   1.6577126e+03   1.3968935e+03   1.8647122e+03   1.3907480e+03   1.4701315e+03   1.2221424e+03   1.5711643e+03   1.4808961e+03   1.6650962e+03   1.6225142e+03   1.5570159e+03   1.5380764e+03   1.6555122e+03   1.6555122e+03   1.5095606e+03   1.2262001e+03   1.2698906e+03   1.2837802e+03   1.4249276e+03   1.6408426e+03   1.6781366e+03   1.1307860e+03   1.3853936e+03   1.2951775e+03   1.8269835e+03   1.6900847e+03   1.5424790e+03   1.5502839e+03   1.6408822e+03
   1.7049075e+03   1.6577126e+03   1.3968935e+03   1.8647122e+03   1.3907480e+03   1.4701315e+03   1.2221424e+03   1.5711643e+03   1.4808961e+03   1.6650962e+03   1.6225142e+03   1.5570159e+03   1.5380764e+03   1.6555122e+03   1.6555122e+03   1.5095606e+03   1.2262001e+03   1.2698906e+03   1.2837802e+03   1.4249276e+03   1.6408426e+03   1.6781366e+03   1.1307860e+03   1.3853936e+03   1.2951775e+03   1.8269835e+03   1.6900847e+03   1.5424790e+03   1.5502839e+03   1.6408822e+03
   1.6347933e+03   1.3950241e+03   1.3968935e+03   1.8298884e+03   1.3907389e+03   1.4701315e+03   1.2211355e+03   1.5711643e+03   1.4451989e+03   1.6650357e+03   1.4398633e+03   1.5570159e+03   1.5380764e+03   1.6297069e+03   1.6297069e+03   1.5095606e+03   1.2262001e+03   1.1487783e+03   1.2515005e+03   1.4226918e+03   1.6408426e+03   1.6781366e+03   1.1307860e+03   1.3853936e+03   1.2951775e+03   1.7777870e+03   1.6900847e+03   1.3676608e+03   1.5477379e+03   1.6002106e+03
   1.6347933e+03   1.3950241e+03   1.3968935e+03   1.8298884e+03   1.3907389e+03   1.4701315e+03   1.2211355e+03   1.5711643e+03   1.4451989e+03   1.6650357e+03   1.4398633e+03   1.5570159e+03   1.5380764e+03   1.6297069e+03   1.6297069e+03   1.5095606e+03   1.2262001e+03   1.1487783e+03   1.2515005e+03   1.4226918e+03   1.6408426e+03   1.6781366e+03   1.1307860e+03   1.3853936e+03   1.2951775e+03   1.7777870e+03   1.6900847e+03   1.3676608e+03   1.5477379e+03   1.6002106e+03
   1.4875227e+03   1.3950241e+03   1.3676137e+03   1.5684172e+03   1.0037618e+03   1.4372181e+03   7.9461855e+02   1.3129238e+03   1.4331363e+03   1.5775839e+03   1.3332265e+03   1.5451323e+03   1.3629860e+03   1.5885794e+03   1.5885794e+03   1.0304709e+03   1.0943717e+03   1.0605756e+03   1.2514826e+03   1.2630017e+03   1.5101103e+03   1.4331078e+03   1.1307860e+03   1.3852548e+03   1.2951775e+03   1.2883898e+03   1.5626492e+03   1.3676608e+03   1.4166816e+03   1.5349188e+03
   1.1947468e+03   1.0205527e+03   1.1879147e+03   1.3999150e+03   1.0037618e+03   1.2738276e+03   7.6789044e+02   1.3021879e+03   1.3702358e+03   1.2993855e+03   1.3329526e+03   1.1197555e+03   1.3596914e+03   1.1919795e+03   1.1919795e+03   1.0267984e+03   1.0851994e+03   1.0513974e+03   1.2445852e+03   1.2629969e+03   1.3571544e+03   1.3367158e+03   1.1243134e+03   1.2557710e+03   1.2929485e+03   1.2563788e+03   1.4338520e+03   1.1377912e+03   1.2961361e+03   1.3750308e+03
   7.1874723e+02   9.9481954e+02   1.0731648e+03   1.0229610e+03   8.3986647e+02   1.1188081e+03   7.4970698e+02   1.0775776e+03   1.0670940e+03   1.1237099e+03   9.5626314e+02   6.7045953e+02   9.7062016e+02   1.0389811e+03   1.0389811e+03   1.0267968e+03   7.4513000e+02   9.9915849e+02   1.0890141e+03   9.1786358e+02   1.1495731e+03   1.0584922e+03   1.1136392e+03   8.8106074e+02   1.2165811e+03   1.1113802e+03   1.1592755e+03   1.0897038e+03   1.0323309e+03   9.3090860e+02
   4.8516724e+02   7.8760015e+02   6.7547539e+02   7.7501456e+02   5.7162333e+02   6.4037708e+02   7.0108375e+02   7.1313702e+02   5.5516516e+02   7.5844347e+02   6.6243350e+02   4.7839914e+02   7.5576349e+02   7.8737862e+02   7.8737862e+02   7.1080603e+02   5.5089462e+02   5.1605423e+02   6.1542349e+02   6.1694979e+02   6.3593915e+02   5.5001289e+02   6.6598075e+02   5.6262872e+02   8.1778764e+02   6.1705098e+02   6.6108449e+02   4.2955565e+02   5.3902418e+02   4.5760754e+02
   2.8720044e+02   2.0194806e+02   4.3899243e+02   2.8900565e+02   3.9731496e+02   3.9538501e+02   2.6257615e+02   3.0209050e+02   3.3135932e+02   3.5071453e+02   3.3451736e+02   2.9189026e+02   3.3862510e+02   2.9085777e+02   2.9085777e+02   1.7459716e+02   3.4687082e+02   1.5117160e+02   2.3108232e+02   2.2544558e+02   3.0046435e+02   2.8082117e+02   3.3384678e+02   2.0401853e+02   3.8242272e+02   3.8241724e+02   4.1300240e+02   2.4151363e+02   2.0407130e+02   2.6306518e+02
   8.4440585e+01   3.5610416e+01   5.2495623e+01   8.7274402e+01   8.3715509e+01   4.7565420e+01   4.4374016e+01   4.3137764e+01   8.9202552e+01   5.4488800e+01   1.0485320e+02   9.3092858e+01   1.0508569e+02   7.8996545e+01   7.8996545e+01   2.6892758e+01   8.0709445e+01   7.7004951e+01   4.9192695e+01   7.2536982e+01   8.6723120e+01   4.6062968e+01   6.4107180e+01   1.0422830e+02   3.4909715e+01   4.7387564e+01   6.2552619e+01   8.9186049e+01   8.6606642e+01   4.3401316e+01
   4.0755960e+00   4.6575714e+00   5.9040914e+00   4.0939118e+00   5.7511648e+00   4.9155704e+00   2.9210579e+00   4.9428898e+00   4.6167832e+00   5.0487120e+00   2.8013845e+00   3.0293703e+00   4.4286784e+00   4.9658678e+00   4.9658678e+00   3.3228238e+00   6.0021037e+00   6.6069447e+00   7.0486818e+00   7.8170747e+00   5.4701025e+00   7.7880707e+00   3.9560154e+00   4.1561835e+00   6.4116654e+00   3.9952110e+00   5.0658815e+00   5.4941733e+00   5.4413023e+00   3.7160205e+00
   2.8290315e-01   2.6771794e-01   3.0225474e-01   3.5823543e-01   3.5057017e-01   3.0044489e-01   2.8696575e-01   3.3141168e-01   3.3923684e-01   3.5759442e-01   3.1419559e-01   2.9303864e-01   1.9916472e-01   2.3308063e-01   2.3308063e-01   3.1073166e-01   3.7048636e-01   3.1851896e-01   4.0990128e-01   3.4723763e-01   3.8256863e-01   2.8743945e-01   2.8933344e-01   2.2819373e-01   2.8579397e-01   2.7978432e-01   2.6553842e-01   2.8204562e-01   2.7334263e-01   2.2318979e-01
   2.2189080e-04   2.7870759e-04   4.7647424e-03   6.1193484e-03   9.4737731e-03   9.8856000e-03   9.9166816e-03   9.9737970e-03   1.1721423e-02   1.3098021e-02   1.3338533e-02   1.5749282e-02   1.8197491e-02   1.8303716e-02   1.8303716e-02   1.8881409e-02   1.8883523e-02   2.0296440e-02   2.0381020e-02   2.1893612e-02   2.2552150e-02   2.3051970e-02   2.4486480e-02   2.6013047e-02   2.9375042e-02   2.9859475e-02   3.2305123e-02   4.4265313e-02   5.1931463e-02   5.3809012e-02
