   2.6075170e+05   1.9672031e+05   2.9985493e+05   1.3479959e+05   2.4404471e+05   1.0301523e+05   1.4332419e+05   1.3085357e+05   1.7658140e+05   1.3635879e+05   2.1118033e+05   2.1100880e+05   9.8221534e+04   2.6393230e+05   1.0347083e+05   1.1667974e+05   4.7031297e+05   1.0875787e+05   2.2595878e+05   2.5631337e+05   1.3917196e+05   3.7627822e+04   2.5285509e+05   1.9523889e+04   1.1030422e+05   1.4178166e+05   4.8848745e+04   1.3946855e+05   2.7770407e+04   1.5703933e+05
   2.6075170e+05   1.9672031e+05   2.9985493e+05   1.3479959e+05   2.4404471e+05   1.0301523e+05   1.4332419e+05   1.3085357e+05   1.7658140e+05   1.3635879e+05   2.1118033e+05   2.1100880e+05   9.8221534e+04   2.6393230e+05   1.0347083e+05   1.1667974e+05   4.7031297e+05   1.0875787e+05   2.2595878e+05   2.5631337e+05   1.3917196e+05   3.7627822e+04   2.5285509e+05   1.9523889e+04   1.1030422e+05   1.4178166e+05   4.8848745e+04   1.3946855e+05   2.7770407e+04   1.5703933e+05
   2.6075170e+05   1.9672031e+05   2.9985493e+05   1.3479959e+05   2.4404471e+05   1.0301523e+05   1.4332419e+05   1.3085357e+05   1.7658140e+05   1.3635879e+05   2.1118033e+05   2.1100880e+05   9.8221534e+04   2.6393230e+05   1.0347083e+05   1.1667974e+05   4.7031297e+05   1.0875787e+05   2.2595878e+05   2.5631337e+05   1.3917196e+05   3.7627822e+04   2.5285509e+05   1.9523889e+04   1.1030422e+05   1.4178166e+05   4.8848745e+04   1.3946855e+05   2.7770407e+04   1.5703933e+05
   2.6075170e+05   1.9672031e+05   2.9985493e+05   1.3479959e+05   2.4404471e+05   1.0301523e+05   1.4332419e+05   1.3085357e+05   1.7658140e+05   1.3635879e+05   2.1118033e+05   2.1100880e+05   9.8221534e+04   2.6393230e+05   1.0347083e+05   1.1667974e+05   4.7031297e+05   1.0875787e+05   2.2595878e+05   2.5631337e+05   1.3917196e+05   3.7627822e+04   2.5285509e+05   1.9523889e+04   1.1030422e+05   1.4178166e+05   4.8848745e+04   1.3946855e+05   2.7770407e+04   1.5703933e+05
   2.6075170e+05   1.9672031e+05   2.9985493e+05   1.3479959e+05   2.4404471e+05   1.0301523e+05   1.4332419e+05   1.3085357e+05   1.7658140e+05   1.3635879e+05   2.1118033e+05   2.1100880e+05   9.8221534e+04   2.6393230e+05   1.0347083e+05   1.1667974e+05   4.7031297e+05   1.0875787e+05   2.2595878e+05   2.5631337e+05   1.3917196e+05   3.7627822e+04   2.5285509e+05   1.9523889e+04   1.1030422e+05   1.4178166e+05   4.8848745e+04   1.3946855e+05   2.7770407e+04   1.5703933e+05
   2.5457809e+05   1.8110544e+05   2.9985493e+05   1.3479959e+05   1.5775303e+05   9.7371570e+04   1.0850203e+05   6.8146302e+04   1.7658140e+05   1.3635879e+05   2.0920474e+05   1.8030078e+05   9.8192818e+04   2.6393230e+05   8.6456557e+04   1.1284951e+05   3.8698007e+05   1.0471813e+05   7.8386995e+04   2.5631337e+05   1.3917196e+05   3.7627822e+04   1.9726093e+05   1.9523889e+04   1.1030422e+05   1.4178166e+05   4.8848745e+04   1.3946855e+05   2.7770407e+04   1.5703933e+05
   2.5457809e+05   1.8110544e+05   2.9985493e+05   1.3479959e+05   1.5775303e+05   9.7371570e+04   1.0850203e+05   6.8146302e+04   1.7658140e+05   1.3635879e+05   2.0920474e+05   1.8030078e+05   9.8192818e+04   2.6393230e+05   8.6456557e+04   1.1284951e+05   3.8698007e+05   1.0471813e+05   7.8386995e+04   2.5631337e+05   1.3917196e+05   3.7627822e+04   1.9726093e+05   1.9523889e+04   1.1030422e+05   1.4178166e+05   4.8848745e+04   1.3946855e+05   2.7770407e+04   1.5703933e+05
   1.9289035e+05   1.3802695e+05   1.3916501e+05   1.2887025e+05   1.5551268e+05   9.1905041e+04   1.0850203e+05   6.5515524e+04   1.7658140e+05   1.2779797e+05   1.8532598e+05   6.0099561e+04   6.9250803e+04   2.3864932e+05   8.5408708e+04   1.1124497e+05   2.6387723e+05   1.0471813e+05   7.3825634e+04   1.2643266e+05   6.9497948e+04   3.7620045e+04   1.1417998e+05   1.9523889e+04   1.0692456e+05   8.1881474e+04   3.1555947e+04   1.0713957e+05   2.6775312e+04   5.4464958e+04
   1.3937291e+05   1.1044090e+05   8.5424817e+04   4.9295076e+04   1.4634424e+05   6.5321188e+04   1.8451014e+04   4.5852418e+04   8.1310613e+04   1.1694597e+05   1.1575998e+05   1.3083334e+04   4.3734265e+04   8.0095746e+04   5.6161385e+04   3.3861187e+04   6.2909292e+04   2.7448635e+04   7.0601483e+04   6.9970764e+04   6.7316946e+04   1.8899205e+04   1.1416851e+05   5.1643776e+03   1.8946510e+04   7.2049636e+04   2.7896979e+04   8.5498341e+04   2.0203770e+04   3.0528723e+04
   6.7855908e+03   3.7165880e+04   3.7468553e+04   1.4111106e+04   4.1515215e+04   3.8957772e+04   1.1535477e+04   3.6186100e+04   4.3781170e+04   4.4667284e+04   1.9894344e+04   7.5070253e+03   3.2661719e+04   9.0973594e+03   3.0121637e+04   3.3859622e+04   4.8707890e+04   1.4846252e+04   5.9101987e+04   1.8047522e+04   3.3125862e+04   8.4980346e+03   3.9164901e+03   4.7779583e+03   1.7354073e+04   3.4152848e+04   3.8055749e+03   3.9004104e+04   1.7736876e+04   2.9141859e+04
   5.6718882e+03   5.0440750e+03   6.6597059e+03   3.4620733e+03   2.7072985e+03   1.5444950e+03   2.9446610e+03   5.2659126e+03   8.4018250e+03   9.5046536e+02   7.7728091e+03   3.9122769e+03   4.9954382e+03   5.7651970e+02   4.8621570e+03   2.8315102e+03   5.0312197e+03   8.2630499e+02   1.0474984e+03   3.3429904e+03   3.3524162e+03   2.6010663e+03   2.6286797e+03   1.1045202e+03   4.8007306e+03   5.1909624e+03   2.6672911e+03   1.4820332e+03   7.8524363e+02   9.4815467e+03
   1.6420672e+02   1.2143289e+02   1.3701165e+02   2.0636985e+02   2.1920409e+02   2.6817843e+02   6.2369920e+02   3.1827055e+02   5.4870788e+02   1.1197441e+02   2.0257568e+02   3.3562907e+02   3.6890465e+02   1.1105743e+02   7.4215877e+01   1.1658932e+02   2.6389301e+02   2.1659452e+02   2.3893856e+02   8.7747593e+01   2.6208097e+02   3.5273509e+02   4.1671512e+02   4.2963917e+01   1.9338344e+02   8.4158733e+01   3.2903741e+02   1.4787407e+02   1.2597579e+02   2.8552782e+02
   1.9574673e+01   1.8345439e+01   2.1396616e+01   1.4863954e+01   1.7438108e+01   1.6352781e+01   2.2745532e+01   3.1433336e+01   1.5850469e+01   2.7844658e+01   2.1917509e+01   2.4607295e+01   2.1566131e+01   2.4394089e+01   2.0423008e+01   2.0008034e+01   1.9200669e+01   1.6716090e+01   2.4477434e+01   2.2090471e+01   2.5212026e+01   2.0485706e+01   2.0485309e+01   1.5423766e+01   2.4815831e+01   2.2866077e+01   2.0999026e+01   1.5360862e+01   2.1932015e+01   1.5277323e+01
   5.3043203e+00   6.9815623e+00   5.1702275e+00   6.0974152e+00   6.6195634e+00   6.1344272e+00   5.4741457e+00   6.7687058e+00   6.0198506e+00   6.0837240e+00   5.8055720e+00   6.3277835e+00   5.9098052e+00   6.7320295e+00   3.4717156e+00   4.6135963e-02   4.8405262e+00   5.7399604e+00   6.6330111e+00   6.0286098e+00   5.4680948e+00   6.8966517e+00   7.3602858e+00   6.3767474e+00   6.2143959e+00   5.6557046e+00   7.4266317e+00   4.8185617e+00   6.1446660e+00   7.0338466e+00
   1.1480458e+00   1.3402421e+00   4.8358974e-01   8.6585432e-01   1.3462883e+00   4.5031021e-01   1.1824501e+00   1.0521099e+00   1.0137309e-01   7.2422597e-01   5.4515337e-01   4.8990374e-01   9.5539431e-01   4.0076034e-04   1.0455195e+00   1.5736452e-02   6.7984034e-01   1.0427283e+00   6.3543313e-01   6.7637185e-01   1.0054100e+00   1.2730323e+00   8.5501246e-01   9.6976193e-01   1.0632675e+00   4.7526278e-01   8.3210985e-01   7.0646911e-01   1.5657005e+00   6.6437029e-01
   0.0000000e+00   0.0000000e+00   0.0000000e+00   0.0000000e+00   0.0000000e+00   0.0000000e+00   0.0000000e+00   0.0000000e+00   0.0000000e+00   0.0000000e+00   0.0000000e+00   0.0000000e+00   0.0000000e+00   0.0000000e+00   0.0000000e+00   0.0000000e+00   0.0000000e+00   0.0000000e+00   0.0000000e+00   0.0000000e+00   0.0000000e+00   0.0000000e+00   0.0000000e+00   0.0000000e+00   0.0000000e+00   0.0000000e+00   0.0000000e+00   0.0000000e+00   0.0000000e+00   0.0000000e+00
