   3.4157071e+02   2.3629011e+02   2.3999822e+02   3.2598356e+02   3.0572328e+02   3.2938240e+02   3.2705974e+02   1.9940741e+02   4.1269254e+02   3.3815939e+02   3.3218817e+02   3.5009735e+02   3.0451910e+02   3.3481660e+02   3.2007932e+02   3.6208307e+02   3.4189238e+02   3.5477094e+02   2.2880341e+02   2.9387961e+02   2.8731448e+02   2.9509771e+02   2.9471005e+02   3.8179884e+02   2.2772404e+02   3.3248495e+02   3.7658922e+02   2.7445259e+02   2.8195789e+02   2.7162083e+02
   3.4157071e+02   2.3629011e+02   2.3999822e+02   3.2598356e+02   3.0572328e+02   3.2938240e+02   3.2705974e+02   1.9940741e+02   4.1269254e+02   3.3815939e+02   3.3218817e+02   3.5009735e+02   3.0451910e+02   3.3481660e+02   3.2007932e+02   3.6208307e+02   3.4189238e+02   3.5477094e+02   2.2880341e+02   2.9387961e+02   2.8731448e+02   2.9509771e+02   2.9471005e+02   3.8179884e+02   2.2772404e+02   3.3248495e+02   3.7658922e+02   2.7445259e+02   2.8195789e+02   2.7162083e+02
   3.4157071e+02   2.3629011e+02   2.3999822e+02   3.2598356e+02   3.0572328e+02   3.2938240e+02   3.2705974e+02   1.9940741e+02   4.1269254e+02   3.3815939e+02   3.3218817e+02   3.5009735e+02   3.0451910e+02   3.3481660e+02   3.2007932e+02   3.6208307e+02   3.4189238e+02   3.5477094e+02   2.2880341e+02   2.9387961e+02   2.8731448e+02   2.9509771e+02   2.9471005e+02   3.8179884e+02   2.2772404e+02   3.3248495e+02   3.7658922e+02   2.7445259e+02   2.8195789e+02   2.7162083e+02
   3.4157071e+02   2.3356406e+02   2.3999822e+02   3.0310528e+02   3.0572328e+02   3.2155795e+02   3.2532090e+02   1.9940741e+02   3.9693891e+02   2.8178240e+02   2.8830006e+02   3.5009735e+02   3.0451910e+02   2.9806000e+02   2.9816212e+02   3.6208307e+02   3.3408612e+02   3.1928341e+02   2.2880341e+02   2.9387961e+02   2.8731448e+02   2.9509771e+02   2.8564458e+02   3.7641521e+02   2.2027072e+02   3.3248495e+02   3.5214337e+02   2.7175080e+02   2.6194439e+02   2.6564747e+02
   3.3638525e+02   2.2959341e+02   2.3999822e+02   2.9914082e+02   3.0572328e+02   2.7195915e+02   3.2532090e+02   1.9940741e+02   3.3184304e+02   2.8178240e+02   2.8830006e+02   2.7520329e+02   2.4360602e+02   2.6220371e+02   2.7823736e+02   3.0439320e+02   2.8112432e+02   3.1928341e+02   2.2880341e+02   2.6486065e+02   2.8731448e+02   2.9509771e+02   2.7707591e+02   3.1984892e+02   2.2027072e+02   3.1509857e+02   2.0665266e+02   2.5472009e+02   1.8981936e+02   2.6564747e+02
   3.2741285e+02   2.2959341e+02   2.3999822e+02   2.6778178e+02   2.8267169e+02   2.4864085e+02   3.0179191e+02   1.9940741e+02   2.9943141e+02   2.7510042e+02   2.6581937e+02   2.4911076e+02   2.2342006e+02   2.5480322e+02   2.6245615e+02   2.8692504e+02   2.8112432e+02   3.1530518e+02   2.1813230e+02   2.6486065e+02   2.4621217e+02   2.9509771e+02   2.4304991e+02   3.1984892e+02   2.2027072e+02   2.7926130e+02   2.0665266e+02   2.4352362e+02   1.8981936e+02   2.6564747e+02
   2.3431076e+02   2.1718604e+02   2.1390593e+02   2.6131732e+02   2.3951664e+02   1.8033359e+02   2.1305618e+02   1.8107711e+02   2.7445121e+02   2.2868640e+02   1.8312925e+02   2.4030571e+02   1.8437703e+02   2.2890099e+02   1.4699942e+02   2.7417352e+02   2.2131690e+02   2.0867802e+02   1.9473533e+02   2.0499401e+02   1.8857163e+02   2.1112446e+02   2.4304991e+02   2.4296921e+02   2.1503295e+02   2.1984307e+02   2.0665266e+02   2.0866198e+02   1.6680203e+02   2.5986298e+02
   1.6680316e+02   1.6653444e+02   1.8741352e+02   1.9890387e+02   1.5750811e+02   1.6045007e+02   1.6181488e+02   1.1689203e+02   1.6733991e+02   1.9550989e+02   1.8202045e+02   1.7408897e+02   1.5047912e+02   1.8041753e+02   1.1493392e+02   1.4150498e+02   1.6463368e+02   1.5135346e+02   1.6708059e+02   1.8333872e+02   1.7262049e+02   1.5750484e+02   1.4899664e+02   2.0934057e+02   1.9202751e+02   2.0678612e+02   1.8713475e+02   1.6551861e+02   1.5911565e+02   2.0602990e+02
   1.1736010e+02   1.2296129e+02   8.8102630e+01   1.3261362e+02   1.1619141e+02   1.2717882e+02   1.0339331e+02   1.1205803e+02   1.1441634e+02   1.1078108e+02   1.2131295e+02   1.2453262e+02   1.2493133e+02   1.5651804e+02   9.1993057e+01   1.0855203e+02   1.1689590e+02   1.2337729e+02   1.4490706e+02   1.1714559e+02   8.6608818e+01   1.0378289e+02   1.2472657e+02   1.1949575e+02   1.1414390e+02   6.5970665e+01   1.1709377e+02   1.1098648e+02   1.3283194e+02   1.3654462e+02
   6.2418215e+01   7.4090009e+01   6.5083941e+01   5.8550409e+01   7.8878230e+01   5.3995071e+01   6.3889562e+01   7.6219090e+01   8.2666789e+01   6.9782618e+01   8.4941955e+01   8.5039566e+01   7.6737223e+01   8.4491120e+01   5.3259107e+01   7.6045878e+01   8.2538856e+01   7.4778636e+01   7.6527616e+01   7.2420818e+01   8.0670040e+01   6.3078371e+01   7.4756829e+01   7.6785898e+01   6.6201627e+01   4.7326304e+01   8.1593029e+01   7.4818433e+01   6.3250676e+01   7.4370941e+01
   3.3401434e+01   3.7611370e+01   1.9679148e+01   3.1791331e+01   4.1152976e+01   3.1606714e+01   3.4378860e+01   2.7789210e+01   3.6632370e+01   3.5862100e+01   3.8273403e+01   3.8534795e+01   3.9849128e+01   1.2588991e+01   2.5458563e+01   4.6642673e+01   4.3779365e+01   3.3547815e+01   4.2869083e+01   3.4998961e+01   2.6130751e+01   4.0608361e+01   1.2428869e+01   3.5637421e+01   3.1642543e+01   3.4739819e+01   3.0407397e+01   2.6498266e+01   3.3469318e+01   2.5288677e+01
   1.7248262e+01   2.0486154e+01   1.4055205e+01   1.3107587e+01   1.4889122e+01   1.8501364e+01   1.8020084e+01   1.2682346e+01   1.8967661e+01   1.5679200e+01   1.3850280e+01   1.2952924e+01   1.1268107e+01   1.1599337e+01   1.6074804e+01   1.8365699e+01   1.6106146e+01   1.9999669e+01   1.5987376e+01   8.8725652e+00   1.2504065e+01   1.3023089e+01   8.5187600e+00   1.4386703e+01   1.4261685e+01   1.9340502e+01   1.7378504e+01   1.3972649e+01   1.7697754e+01   1.3646319e+01
   3.7737668e+00   6.9345559e+00   6.7308722e+00   5.5704740e+00   6.0725881e+00   5.1989516e+00   2.0488421e+00   2.9415230e+00   3.8221728e+00   3.7827704e+00   5.3978658e+00   3.2774158e+00   3.6470674e+00   3.8654140e+00   3.4277481e+00   5.2799542e+00   6.6453892e+00   4.1803536e+00   3.8115420e+00   5.2180211e+00   4.7458837e+00   1.7310927e+00   4.2560051e+00   3.8754965e+00   5.7759245e+00   6.3750678e+00   4.9302159e+00   4.4173686e+00   5.0025610e+00   4.4831681e+00
   1.1317130e-01   9.6917031e-03   7.7665168e-02   1.7659356e-01   7.5572294e-03   1.8804316e-02   2.8036732e-02   8.8943115e-03   2.4222404e-02   2.1066884e-01   1.2086799e-01   1.3951707e-02   1.5514358e-02   7.2750648e-02   4.9337025e-02   6.0401852e-02   5.0054940e-02   7.8493276e-02   3.1068828e-02   8.2885263e-02   8.6411593e-03   3.3539673e-02   4.8145118e-03   3.1956704e-02   8.7656590e-02   6.2890430e-02   4.5132713e-02   1.7827325e-01   1.3187739e-01   7.6218943e-03
   0.0000000e+00   0.0000000e+00   1.2957792e-08   0.0000000e+00   0.0000000e+00   0.0000000e+00   0.0000000e+00   0.0000000e+00   0.0000000e+00   5.0733157e-08   1.2323205e-08   0.0000000e+00   0.0000000e+00   0.0000000e+00   0.0000000e+00   0.0000000e+00   0.0000000e+00   0.0000000e+00   0.0000000e+00   0.0000000e+00   0.0000000e+00   0.0000000e+00   0.0000000e+00   0.0000000e+00   0.0000000e+00   0.0000000e+00   0.0000000e+00   1.1519045e-08   0.0000000e+00   0.0000000e+00
   0.0000000e+00   0.0000000e+00   0.0000000e+00   0.0000000e+00   0.0000000e+00   0.0000000e+00   0.0000000e+00   0.0000000e+00   0.0000000e+00   0.0000000e+00   0.0000000e+00   0.0000000e+00   0.0000000e+00   0.0000000e+00   0.0000000e+00   0.0000000e+00   0.0000000e+00   0.0000000e+00   0.0000000e+00   0.0000000e+00   0.0000000e+00   0.0000000e+00   0.0000000e+00   0.0000000e+00   0.0000000e+00   0.0000000e+00   0.0000000e+00   0.0000000e+00   0.0000000e+00   0.0000000e+00
