   2.0691817e+03   1.9295227e+03   1.9741654e+03   2.1078086e+03   2.2877621e+03   1.8984256e+03   2.1288958e+03   2.0985759e+03   2.1498797e+03   2.0921105e+03   1.9871181e+03   1.7337167e+03   2.2262449e+03   2.2083440e+03   2.0537312e+03   2.0368535e+03   2.1163826e+03   1.8448876e+03   2.0228294e+03   2.0573283e+03   1.8410506e+03   2.1341462e+03   2.0001792e+03   2.1561494e+03   2.0172003e+03   1.7036874e+03   2.0517566e+03   2.1896855e+03   2.1259543e+03   2.2692768e+03
   2.0691817e+03   1.9295227e+03   1.9741654e+03   2.1078086e+03   2.2877621e+03   1.8984256e+03   2.1288958e+03   2.0985759e+03   2.1498797e+03   2.0921105e+03   1.9871181e+03   1.7337167e+03   2.2262449e+03   2.2083440e+03   2.0537312e+03   2.0368535e+03   2.1163826e+03   1.8448876e+03   2.0228294e+03   2.0573283e+03   1.8410506e+03   2.1341462e+03   2.0001792e+03   2.1561494e+03   2.0172003e+03   1.7036874e+03   2.0517566e+03   2.1896855e+03   2.1259543e+03   2.2692768e+03
   2.0691817e+03   1.9295227e+03   1.9741654e+03   2.1078086e+03   2.2877621e+03   1.8984256e+03   2.1288958e+03   2.0985759e+03   2.1498797e+03   2.0921105e+03   1.9871181e+03   1.7337167e+03   2.2262449e+03   2.2083440e+03   2.0537312e+03   2.0368535e+03   2.1163826e+03   1.8448876e+03   2.0228294e+03   2.0573283e+03   1.8410506e+03   2.1341462e+03   2.0001792e+03   2.1561494e+03   2.0172003e+03   1.7036874e+03   2.0517566e+03   2.1896855e+03   2.1259543e+03   2.2692768e+03
   2.0691817e+03   1.9295227e+03   1.9124707e+03   1.8320693e+03   2.1253902e+03   1.8984256e+03   1.9812241e+03   1.9677654e+03   1.6220213e+03   1.8800008e+03   1.9871181e+03   1.7337167e+03   1.8873168e+03   2.0272011e+03   2.0537312e+03   2.0368535e+03   2.0603105e+03   1.5158268e+03   1.9136412e+03   1.9168901e+03   1.8308337e+03   1.8336916e+03   1.8487546e+03   1.8627536e+03   1.9113618e+03   1.7036874e+03   2.0517566e+03   1.7805985e+03   1.9846262e+03   2.1132443e+03
   1.8630070e+03   1.9295227e+03   1.8639447e+03   1.8320693e+03   2.1253902e+03   1.8984256e+03   1.9812241e+03   1.7151886e+03   1.6220213e+03   1.8800008e+03   1.9813453e+03   1.6957438e+03   1.3681834e+03   2.0272011e+03   1.9678489e+03   1.9877480e+03   2.0603105e+03   1.5158268e+03   1.7683928e+03   1.6413812e+03   1.7718564e+03   1.7335818e+03   1.8487546e+03   1.6772276e+03   1.9113618e+03   1.7036874e+03   1.8681497e+03   1.7805985e+03   1.9782279e+03   1.6216578e+03
   1.8630070e+03   1.8878255e+03   9.4370290e+02   1.8320693e+03   1.9988241e+03   1.6732423e+03   1.9812241e+03   1.7151886e+03   1.0755274e+03   1.7240642e+03   1.7350487e+03   1.3325827e+03   1.3681834e+03   1.9926700e+03   1.9587450e+03   1.9871262e+03   1.8296518e+03   1.5158268e+03   1.7683928e+03   1.6413812e+03   1.7718564e+03   1.7335818e+03   1.7934265e+03   1.6470974e+03   1.8957999e+03   1.5812518e+03   1.8681497e+03   1.5280661e+03   1.8144532e+03   1.6216578e+03
   1.7946584e+03   1.6370328e+03   9.4370290e+02   1.7814311e+03   1.7025240e+03   1.5740469e+03   1.7810162e+03   1.6549529e+03   1.0755274e+03   1.4780392e+03   1.5354090e+03   1.3325827e+03   1.3407895e+03   1.3620192e+03   1.6316633e+03   1.6795737e+03   1.3245677e+03   1.1694582e+03   1.6562162e+03   1.6020709e+03   1.3018392e+03   1.3715833e+03   1.6232343e+03   1.6470974e+03   1.5936675e+03   1.5812518e+03   1.4564646e+03   1.4805455e+03   1.8144532e+03   1.5168891e+03
   1.4990567e+03   1.5585979e+03   7.2444736e+02   1.5344138e+03   1.2962585e+03   1.1392584e+03   1.3845571e+03   1.3575193e+03   1.0755274e+03   1.4132705e+03   1.4506519e+03   1.3325827e+03   1.3407895e+03   1.2937503e+03   1.1322150e+03   1.1627668e+03   1.3245677e+03   7.8183562e+02   1.3083559e+03   1.0846982e+03   1.2056314e+03   1.3715833e+03   1.4973237e+03   1.4693600e+03   9.4919650e+02   1.4985528e+03   1.2838923e+03   1.3309574e+03   1.5442887e+03   1.2445203e+03
   1.1946862e+03   1.1385929e+03   7.2444736e+02   1.5344138e+03   1.1722142e+03   1.0845927e+03   1.3454548e+03   1.2928711e+03   9.3427675e+02   1.1043747e+03   1.3636217e+03   7.8475030e+02   9.2542787e+02   9.2049607e+02   9.0063628e+02   1.1627668e+03   1.3233543e+03   7.8183562e+02   7.7918616e+02   8.9994345e+02   9.9939722e+02   1.2839032e+03   1.2717333e+03   1.2425846e+03   8.1442258e+02   1.1083078e+03   1.0542608e+03   1.1746524e+03   1.4036606e+03   1.1085149e+03
   9.5915290e+02   9.7370726e+02   6.8848265e+02   1.0660849e+03   9.4065846e+02   7.0307016e+02   1.0858983e+03   8.8342170e+02   8.6547405e+02   8.5784337e+02   9.2450215e+02   3.9065585e+02   5.9140563e+02   9.2049607e+02   7.8075898e+02   1.0591756e+03   1.0243083e+03   7.5954082e+02   3.0778982e+02   5.2788489e+02   6.2358756e+02   1.0205509e+03   8.1233481e+02   9.5048030e+02   7.6048668e+02   7.5866826e+02   8.7209025e+02   8.2219632e+02   9.9739773e+02   5.7193473e+02
   4.5572043e+02   5.8302290e+02   5.0807195e+02   7.1052448e+02   4.0920624e+02   6.1166017e+02   7.5774903e+02   2.9380697e+02   6.1902081e+02   5.1532055e+02   8.3072858e+02   3.9065585e+02   5.2658148e+02   5.0670047e+02   6.6548958e+02   6.2875316e+02   6.0367735e+02   5.5860574e+02   1.5852270e+02   5.2397960e+02   6.1920269e+02   5.6025970e+02   6.4658357e+02   7.2364593e+02   5.1817294e+02   6.1917423e+02   3.9894395e+02   5.7683536e+02   5.3469665e+02   5.0740977e+02
   3.3833947e+02   2.5272218e+02   3.6105315e+02   5.0489388e+02   2.5998644e+02   3.7886142e+02   4.2109414e+02   2.3359401e+02   3.6325542e+02   2.2901230e+02   3.1252964e+02   2.1343229e+02   2.9867294e+02   3.5101738e+02   3.2372535e+02   5.0809333e+02   2.8261453e+02   2.4990866e+02   1.1257387e+02   3.7093956e+02   2.8668065e+02   2.3568390e+02   4.8892641e+02   3.9404657e+02   3.5008481e+02   3.1612930e+02   2.5500564e+02   3.4179060e+02   4.8720396e+02   3.0470247e+02
   2.2662436e+02   1.4407844e+02   2.2085538e+02   2.6568752e+02   1.5103143e+02   2.0002217e+02   1.4459471e+02   2.1489745e+02   1.1630265e+02   1.5317658e+02   2.1286900e+02   2.0055640e+02   1.8828556e+02   1.7271720e+02   1.4639363e+02   2.1727262e+02   1.0591894e+02   2.1559581e+02   1.1257387e+02   2.0108599e+02   5.7511143e+01   2.3540664e+02   1.9707020e+02   2.3527843e+02   1.7282806e+02   2.2743044e+02   1.8648795e+02   9.8845497e+01   2.4319211e+02   2.2105586e+02
   9.9810268e+01   1.0599924e+02   7.7697970e+01   1.4543297e+02   9.7995305e+01   9.5845395e+01   5.3876888e+01   1.2200344e+02   7.6956473e+01   6.7653028e+01   1.2361694e+02   7.9972121e+01   1.0247633e+02   6.7986673e+01   1.0539210e+02   1.5700283e+02   4.3350475e+01   1.3588140e+02   7.4007185e+01   4.7626860e+01   2.9064468e+01   1.0146646e+02   5.0774909e+01   2.0381672e+02   6.0351805e+01   8.3867228e+01   9.3038020e+01   8.5790398e+01   1.3846175e+02   1.3157253e+02
   4.7099997e+01   5.0223223e+01   5.1977189e+01   7.2005678e+01   7.1936997e+01   3.0512995e+01   1.1656960e+01   6.1240089e+01   2.7625469e+01   1.9810673e+01   5.2606821e+01   2.8059112e+01   1.4601797e+01   1.8787282e+01   6.2605444e+01   4.8893762e+01   2.5147040e+01   5.1242625e+01   2.5249912e+01   2.5153285e+01   1.4085372e+01   2.2354355e+01   2.6459421e+01   8.0655645e+01   1.3781312e+01   4.1205241e+01   2.1034948e+01   4.0370591e+01   6.1128055e+01   5.5914538e+01
   0.0000000e+00   0.0000000e+00   0.0000000e+00   0.0000000e+00   0.0000000e+00   0.0000000e+00   0.0000000e+00   0.0000000e+00   0.0000000e+00   0.0000000e+00   0.0000000e+00   0.0000000e+00   0.0000000e+00   0.0000000e+00   0.0000000e+00   0.0000000e+00   0.0000000e+00   0.0000000e+00   0.0000000e+00   0.0000000e+00   0.0000000e+00   0.0000000e+00   0.0000000e+00   0.0000000e+00   0.0000000e+00   0.0000000e+00   0.0000000e+00   0.0000000e+00   2.0875656e-03   4.7473586e-03
