   1.3494018e+03   1.6328421e+03   1.5886769e+03   1.7488615e+03   1.2686316e+03   1.6496827e+03   1.6359121e+03   1.6359121e+03   1.6949170e+03   1.2348397e+03   1.4671070e+03   1.3788064e+03   1.6668075e+03   1.4878510e+03   8.3562415e+02   1.4631659e+03   1.4837788e+03   1.7507808e+03   1.7434860e+03   1.5039353e+03   1.4377290e+03   1.7477744e+03   1.5182645e+03   1.2902325e+03   1.5772661e+03   1.5180797e+03   1.4898508e+03   1.5429126e+03   1.6204260e+03   1.7869158e+03
   1.3494018e+03   1.6328421e+03   1.5886769e+03   1.7488615e+03   1.2686316e+03   1.6496827e+03   1.6359121e+03   1.6359121e+03   1.6949170e+03   1.2348397e+03   1.4671070e+03   1.3788064e+03   1.6668075e+03   1.4878510e+03   8.3562415e+02   1.4631659e+03   1.4837788e+03   1.7507808e+03   1.7434860e+03   1.5039353e+03   1.4377290e+03   1.7477744e+03   1.5182645e+03   1.2902325e+03   1.5772661e+03   1.5180797e+03   1.4898508e+03   1.5429126e+03   1.6204260e+03   1.7869158e+03
   1.3494018e+03   1.6328421e+03   1.5886769e+03   1.7488615e+03   1.2686316e+03   1.6496827e+03   1.6359121e+03   1.6359121e+03   1.6949170e+03   1.2348397e+03   1.4671070e+03   1.3788064e+03   1.6668075e+03   1.4878510e+03   8.3562415e+02   1.4631659e+03   1.4837788e+03   1.7507808e+03   1.7434860e+03   1.5039353e+03   1.4377290e+03   1.7477744e+03   1.5182645e+03   1.2902325e+03   1.5772661e+03   1.5180797e+03   1.4898508e+03   1.5429126e+03   1.6204260e+03   1.7869158e+03
   1.3494018e+03   1.6328421e+03   1.5886769e+03   1.7488615e+03   1.2686316e+03   1.6496827e+03   1.6359121e+03   1.6359121e+03   1.6949170e+03   1.2348397e+03   1.4671070e+03   1.3788064e+03   1.6668075e+03   1.4878510e+03   8.3562415e+02   1.4631659e+03   1.4837788e+03   1.7507808e+03   1.7434860e+03   1.5039353e+03   1.4377290e+03   1.7477744e+03   1.5182645e+03   1.2902325e+03   1.5772661e+03   1.5180797e+03   1.4898508e+03   1.5429126e+03   1.6204260e+03   1.7869158e+03
   1.3494018e+03   1.6328421e+03   1.5886769e+03   1.7488615e+03   1.2686316e+03   1.6496827e+03   1.6359121e+03   1.6359121e+03   1.6949170e+03   1.2348397e+03   1.4671070e+03   1.3788064e+03   1.6668075e+03   1.4878510e+03   8.3562415e+02   1.4631659e+03   1.4837788e+03   1.7507808e+03   1.7434860e+03   1.5039353e+03   1.4377290e+03   1.7477744e+03   1.5182645e+03   1.2902325e+03   1.5772661e+03   1.5180797e+03   1.4898508e+03   1.5429126e+03   1.6204260e+03   1.7869158e+03
   1.3494018e+03   1.6328421e+03   1.3568776e+03   1.7488615e+03   1.2686316e+03   1.6493663e+03   1.4365508e+03   1.4365508e+03   1.5795973e+03   1.2265255e+03   1.4671070e+03   1.1552469e+03   1.4216488e+03   1.4878510e+03   8.3562415e+02   1.4631659e+03   1.4837788e+03   1.7462503e+03   1.7393197e+03   1.4202247e+03   1.4377290e+03   1.5965465e+03   1.4673949e+03   1.2896384e+03   1.5772661e+03   1.5179052e+03   1.4898508e+03   1.5429126e+03   1.4161941e+03   1.7858981e+03
   1.3494018e+03   1.6328421e+03   1.3568776e+03   1.7488615e+03   1.2686316e+03   1.6493663e+03   1.4365508e+03   1.4365508e+03   1.5795973e+03   1.2265255e+03   1.4671070e+03   1.1552469e+03   1.4216488e+03   1.4878510e+03   8.3562415e+02   1.4631659e+03   1.4837788e+03   1.7462503e+03   1.7393197e+03   1.4202247e+03   1.4377290e+03   1.5965465e+03   1.4673949e+03   1.2896384e+03   1.5772661e+03   1.5179052e+03   1.4898508e+03   1.5429126e+03   1.4161941e+03   1.7858981e+03
   1.0544356e+03   9.6120071e+02   1.3566733e+03   1.5739680e+03   1.2686316e+03   1.6493663e+03   1.4365508e+03   1.4365508e+03   1.5795973e+03   1.1622098e+03   1.4667785e+03   8.0352941e+02   1.4132171e+03   1.3214552e+03   8.3209742e+02   1.3959184e+03   1.4576492e+03   1.4996631e+03   1.6435034e+03   1.3798703e+03   1.2852645e+03   1.5550327e+03   1.2663388e+03   1.1499368e+03   1.4153016e+03   1.5068901e+03   1.3145118e+03   1.4284576e+03   1.2724674e+03   1.7772234e+03
   1.0536426e+03   8.9847729e+02   1.1510833e+03   1.2732590e+03   1.2494810e+03   1.4719914e+03   1.1412509e+03   1.1412509e+03   1.2617308e+03   8.3388077e+02   1.2929732e+03   7.9238380e+02   1.2828721e+03   1.1908672e+03   8.3209742e+02   1.0496197e+03   1.2107577e+03   1.4864369e+03   9.4680800e+02   1.3398078e+03   1.1900369e+03   1.4563315e+03   1.2663388e+03   8.9792889e+02   1.4035312e+03   1.5002811e+03   1.0120792e+03   1.1007790e+03   1.2724674e+03   1.3299843e+03
   1.0355613e+03   8.2655717e+02   1.1386266e+03   9.5702951e+02   8.8039445e+02   9.8527923e+02   8.3292557e+02   8.3292557e+02   9.4880959e+02   8.1456789e+02   6.3352734e+02   7.7881557e+02   1.0458359e+03   9.4940026e+02   6.4518487e+02   1.0445243e+03   8.8055565e+02   1.0588404e+03   9.1999168e+02   1.1531541e+03   9.6730177e+02   1.0122771e+03   1.0005665e+03   8.8437824e+02   1.2202367e+03   1.1366351e+03   1.0062260e+03   8.9304282e+02   1.0973217e+03   1.2165642e+03
   7.1199599e+02   6.7109488e+02   7.5179286e+02   6.7454856e+02   5.7710932e+02   4.7484742e+02   6.2306929e+02   6.2306929e+02   6.4059424e+02   6.1278016e+02   5.6977671e+02   5.9486484e+02   4.5879624e+02   6.3158338e+02   5.7854971e+02   6.4266691e+02   7.0281839e+02   7.2162868e+02   4.0056382e+02   5.8901353e+02   6.6849991e+02   8.2999494e+02   6.2714159e+02   7.4541363e+02   8.5447220e+02   4.9065288e+02   4.9572071e+02   5.9269210e+02   6.2263380e+02   6.9081702e+02
   2.6268588e+02   2.8711888e+02   3.6733198e+02   1.7164659e+02   2.0948422e+02   3.0302339e+02   3.2383789e+02   3.2383789e+02   1.8929862e+02   3.4137285e+02   3.0776208e+02   3.3349550e+02   3.7452842e+02   3.6365993e+02   1.8485733e+02   3.3584777e+02   3.5396511e+02   3.5713698e+02   1.6552229e+02   2.6807920e+02   1.1246312e+02   3.1151739e+02   2.9365288e+02   2.2356280e+02   3.8179317e+02   3.8676550e+02   2.0322552e+02   2.4575898e+02   2.7076850e+02   3.8802908e+02
   7.4799668e+01   1.1246200e+02   1.1104375e+02   6.5461949e+01   7.7026481e+01   9.5696465e+01   9.9576462e+01   9.9576462e+01   6.7609393e+01   7.7350873e+01   8.5177031e+01   1.1836959e+02   1.1216220e+02   8.1169577e+01   4.0482383e+01   1.0546913e+02   8.5410957e+01   6.9123158e+01   1.0384006e+02   8.2641546e+01   6.7024711e+01   7.9281722e+01   8.7877372e+01   4.2309587e+01   1.2391581e+02   8.8747862e+01   7.1030090e+01   1.0835989e+02   5.9110267e+01   1.0927032e+02
   1.2906502e+01   7.2617923e+00   5.1641759e+00   7.2917704e+00   1.0760924e+01   8.6147228e+00   7.3028680e+00   7.3028680e+00   9.1502532e+00   1.1768593e+01   7.3406898e+00   8.5553362e+00   8.1151589e+00   7.5208990e+00   9.1268627e+00   8.3346224e+00   6.8676928e+00   1.0783187e+01   1.0234093e+01   8.6657254e+00   7.1958532e+00   1.0250930e+01   9.0475952e+00   1.0660283e+01   6.5393130e+00   9.2578217e+00   6.7548361e+00   6.6790688e+00   9.3222667e+00   7.5331909e+00
   1.3401282e+00   1.3528985e+00   1.0258204e+00   8.7842762e-01   7.2222337e-01   1.1424455e+00   1.0882141e+00   1.0882141e+00   1.2981334e+00   1.0830892e+00   1.1386807e+00   9.1689292e-01   1.2700657e+00   6.8091097e-01   9.2782690e-01   7.3760572e-01   7.5026424e-01   7.0795725e-01   9.7565671e-01   1.0764678e+00   1.1348611e+00   9.3794523e-01   9.9258420e-01   9.2217966e-01   1.1821867e+00   1.0594471e+00   1.1809292e+00   9.8648515e-01   8.8804964e-01   9.8743916e-01
   3.6705050e-03   3.7839779e-03   9.9282499e-03   1.0244062e-02   1.7892437e-02   2.0724012e-02   2.5166976e-02   2.5166976e-02   2.8727429e-02   3.1236235e-02   3.5010842e-02   4.7226709e-02   5.2430329e-02   8.0438226e-02   9.7944973e-02   1.0225432e-01   1.0626122e-01   1.0775442e-01   1.1245830e-01   1.2526398e-01   1.3420458e-01   1.3434691e-01   1.4204002e-01   1.4493147e-01   1.5109168e-01   1.6303193e-01   1.6771590e-01   1.8108624e-01   1.8579715e-01   2.0538111e-01
