   1.9731250e+06   2.3095782e+06   5.6837271e+06   5.4771061e+05   1.1464316e+06   5.3176448e+05   7.2176250e+05   1.2211776e+06   9.0159742e+05   1.6372056e+06   7.2303580e+05   1.0120150e+06   8.7315551e+05   6.0573252e+05   4.3240964e+06   1.0298762e+06   4.9171470e+05   5.4517637e+06   1.9268243e+06   6.0444773e+05   5.0841939e+05   4.6718403e+06   7.6667865e+05   1.3442417e+06   2.4881899e+06   3.9273218e+06   3.2856602e+05   1.5055729e+06   3.2164091e+06   4.5994333e+05
   1.9731250e+06   2.3095782e+06   5.6837271e+06   5.4771061e+05   1.1464316e+06   5.3176448e+05   7.2176250e+05   1.2211776e+06   9.0159742e+05   1.6372056e+06   7.2303580e+05   1.0120150e+06   8.7315551e+05   6.0573252e+05   4.3240964e+06   1.0298762e+06   4.9171470e+05   5.4517637e+06   1.9268243e+06   6.0444773e+05   5.0841939e+05   4.6718403e+06   7.6667865e+05   1.3442417e+06   2.4881899e+06   3.9273218e+06   3.2856602e+05   1.5055729e+06   3.2164091e+06   4.5994333e+05
   1.9731250e+06   2.3095782e+06   5.6837271e+06   5.4771061e+05   1.1464316e+06   5.3176448e+05   7.2176250e+05   1.2211776e+06   9.0159742e+05   1.6372056e+06   7.2303580e+05   1.0120150e+06   8.7315551e+05   6.0573252e+05   4.3240964e+06   1.0298762e+06   4.9171470e+05   5.4517637e+06   1.9268243e+06   6.0444773e+05   5.0841939e+05   4.6718403e+06   7.6667865e+05   1.3442417e+06   2.4881899e+06   3.9273218e+06   3.2856602e+05   1.5055729e+06   3.2164091e+06   4.5994333e+05
   3.8885959e+05   1.4746994e+06   3.8608192e+05   5.4771061e+05   1.1464316e+06   5.3073477e+05   7.2176250e+05   3.4309936e+05   9.0159742e+05   1.6372056e+06   7.2303580e+05   1.0120150e+06   8.7315551e+05   6.0573252e+05   1.1464326e+06   1.0298762e+06   4.9171470e+05   3.1527582e+05   1.9268243e+06   5.7794863e+05   5.0841939e+05   7.7050122e+05   7.6667865e+05   1.2322055e+06   4.6255593e+05   2.4167090e+06   3.2856602e+05   3.3855905e+05   3.2163828e+06   4.5994333e+05
   3.8885959e+05   1.4746994e+06   2.5969132e+05   5.4771061e+05   1.1464269e+06   5.3073477e+05   7.2176250e+05   3.4283565e+05   9.0159742e+05   1.6372016e+06   7.2257558e+05   1.0120150e+06   8.7286191e+05   6.0505281e+05   1.1464326e+06   1.0296992e+06   4.9171470e+05   3.1527582e+05   1.9264841e+06   5.7794863e+05   5.0841939e+05   7.7050122e+05   7.6667316e+05   1.2322055e+06   4.6233813e+05   2.4166950e+06   3.2856602e+05   3.3837555e+05   2.7892229e+06   4.5994333e+05
   3.8885959e+05   5.1459862e+04   2.5969132e+05   5.4771061e+05   1.1464269e+06   5.3073299e+05   1.4407095e+05   3.4283565e+05   9.0159002e+05   1.6372016e+06   7.2257558e+05   1.0120150e+06   8.7216126e+05   6.0497100e+05   1.1462350e+06   1.0296714e+06   4.9171470e+05   3.1527582e+05   1.3525001e+06   5.7794863e+05   5.0841939e+05   7.7047609e+05   3.3159674e+05   1.2322055e+06   4.6233813e+05   2.4166950e+06   3.2856602e+05   3.3837555e+05   2.3602234e+06   4.5994333e+05
   3.8885959e+05   5.1433808e+04   2.5969132e+05   5.4770505e+05   5.2125088e+05   5.3073299e+05   1.4407095e+05   3.4283496e+05   1.3809534e+05   1.6372016e+06   4.4835886e+05   1.0120150e+06   5.1624668e+05   1.2716986e+05   1.1462350e+06   6.4542203e+05   3.1614901e+05   2.7769843e+05   2.6492446e+05   5.7794863e+05   5.0841939e+05   4.6085819e+05   3.3147667e+05   9.6407168e+05   4.6233813e+05   4.9324492e+05   3.2856602e+05   3.3769381e+05   7.6948484e+04   4.5991509e+05
   3.8825903e+05   5.1222450e+04   2.5926526e+05   2.5913143e+05   8.2139647e+04   1.7916480e+05   1.4407095e+05   3.4283496e+05   1.3805364e+05   2.6773941e+05   4.4835886e+05   3.7806477e+05   2.6682347e+05   1.2716196e+05   6.5171769e+05   6.4540729e+05   3.1614901e+05   2.7769843e+05   2.6489587e+05   5.7794863e+05   1.3044397e+05   4.5982744e+05   3.3147667e+05   5.1223179e+05   4.6202671e+05   4.9322225e+05   3.2856602e+05   3.3769381e+05   7.6948484e+04   4.5991035e+05
   3.8818178e+05   5.1222450e+04   2.5926052e+05   1.8725451e+05   8.2060498e+04   1.7673663e+05   1.4406231e+05   3.4283496e+05   1.3805364e+05   2.6773941e+05   4.4835630e+05   2.5064596e+05   2.6637232e+05   1.2714932e+05   1.1242353e+05   6.4499378e+05   2.3243755e+05   2.7769589e+05   1.8633176e+05   3.1461380e+05   1.2964337e+05   2.0409262e+05   3.3147667e+05   1.3351356e+05   1.3466164e+05   3.3350805e+05   3.2805736e+05   3.3767089e+05   7.6710456e+04   4.5888072e+05
   7.3558306e+04   5.1222450e+04   2.0246290e+05   1.8723269e+05   8.2060498e+04   1.7072023e+05   1.4403901e+05   3.1561399e+05   5.6557052e+04   1.1677794e+05   4.4127903e+05   1.2781462e+05   2.6637232e+05   1.2693106e+05   1.1242349e+05   3.0737610e+05   1.8403689e+05   2.1368532e+05   1.8059107e+05   5.5594766e+04   6.2074216e+04   2.0408295e+05   2.4863682e+05   6.8599539e+04   1.3433319e+05   2.6652044e+05   1.0518547e+05   1.3184979e+05   7.6652094e+04   9.0044978e+04
   7.3544463e+04   4.7777788e+04   4.5613754e+04   1.2472358e+05   8.1845127e+04   1.7072023e+05   3.1210020e+04   2.5885593e+04   5.6557052e+04   4.9008142e+04   1.9204715e+05   2.7144670e+04   1.6835264e+05   3.8201848e+04   1.1242349e+05   9.6539427e+04   1.1227135e+04   5.1082880e+04   2.5512474e+04   3.2626260e+04   4.4372589e+04   9.9493348e+03   6.0219425e+04   5.5675010e+04   1.3424645e+05   1.5670302e+05   9.8706352e+04   3.5388686e+04   7.6652094e+04   9.0013048e+04
   7.3071547e+04   3.1521320e+04   4.5571355e+04   5.1468154e+04   7.8892424e+04   4.8527862e+04   3.1122370e+04   2.5321426e+04   5.6557052e+04   4.9008142e+04   6.5957541e+04   2.7066086e+04   3.9188057e+04   3.3618289e+04   2.2934467e+04   6.8261767e+04   1.1015086e+04   4.0150647e+04   2.5256946e+04   3.2626260e+04   4.3990442e+04   9.9493348e+03   2.5449772e+04   1.4935130e+04   1.0295580e+04   9.0201849e+04   9.8604996e+04   3.5310288e+04   7.4559292e+04   7.4352151e+04
   7.2860059e+04   2.9452977e+04   3.3047388e+04   9.7612542e+03   2.6948176e+04   4.8335169e+04   2.0573255e+04   2.5316215e+04   4.3255908e+04   2.5570605e+04   2.4400273e+04   2.6809782e+04   3.1833123e+04   1.3018703e+04   2.9434726e+03   5.4104606e+04   1.1007358e+04   9.3244312e+00   2.4630657e+04   3.2617668e+04   1.5163639e+04   9.9325096e+03   2.0261985e+04   1.4919510e+04   1.0250622e+04   5.2084194e+03   6.1428573e+04   1.2855189e+04   2.0070316e+04   3.5136056e+04
   3.1717426e+03   2.6936917e+04   3.2130053e+03   9.6333835e+03   1.7712967e+04   9.6699583e+03   2.0564056e+04   5.1652228e+03   6.6863985e+03   1.6922229e+04   3.5743882e+03   1.0558617e+04   1.5059034e+04   1.6407215e+02   2.8035299e+03   2.8092341e+04   1.0988590e+04   9.3240836e+00   6.7225475e+03   3.1615362e+04   4.3129077e+03   9.8314379e+03   2.2411126e+03   3.2350734e+02   1.0203780e+04   2.3343806e+03   2.4802596e+04   1.2854396e+04   2.6609291e+02   3.5127117e+04
   3.3620354e+02   1.7427941e+02   1.2871888e+01   2.9951078e+01   3.1043453e+02   2.7670558e+02   1.0939273e+01   7.9340700e+02   7.4255038e+01   4.9082377e+00   3.5692628e+01   5.5275144e+02   5.4575627e+02   1.6407215e+02   1.3031223e+02   1.5116960e+02   3.6164977e+03   8.8040881e+00   1.3944975e+02   2.1821556e+02   1.2880562e+02   5.1178432e+02   1.3938789e+03   3.1914984e+02   1.1081366e+03   1.8534707e+02   7.2480870e+00   3.4965439e+00   1.6745332e+02   1.2691458e+00
   0.0000000e+00   0.0000000e+00   0.0000000e+00   0.0000000e+00   0.0000000e+00   0.0000000e+00   0.0000000e+00   0.0000000e+00   0.0000000e+00   0.0000000e+00   0.0000000e+00   0.0000000e+00   0.0000000e+00   0.0000000e+00   0.0000000e+00   0.0000000e+00   0.0000000e+00   0.0000000e+00   0.0000000e+00   0.0000000e+00   0.0000000e+00   0.0000000e+00   0.0000000e+00   0.0000000e+00   0.0000000e+00   0.0000000e+00   0.0000000e+00   0.0000000e+00   0.0000000e+00   0.0000000e+00
