   2.1608521e+03   4.4980311e+03   5.9938911e+03   4.0189910e+03   3.7372839e+03   2.8917465e+03   3.3888642e+03   4.1097866e+03   2.8675342e+03   2.9232963e+03   3.3406147e+03   3.3747430e+03   4.0262773e+03   3.3888172e+03   3.2409011e+03   5.2987228e+03   3.5210599e+03   4.3618991e+03   4.4372192e+03   4.3972011e+03   4.4925534e+03   4.6759903e+03   4.3900470e+03   2.2315188e+03   4.2857630e+03   5.1101305e+03   3.1722191e+03   4.2718223e+03   4.1314575e+03   4.0254770e+03
   2.1608521e+03   4.4980311e+03   5.9938911e+03   4.0189910e+03   3.7372839e+03   2.8917465e+03   3.3888642e+03   4.1097866e+03   2.8675342e+03   2.9232963e+03   3.3406147e+03   3.3747430e+03   4.0262773e+03   3.3888172e+03   3.2409011e+03   5.2987228e+03   3.5210599e+03   4.3618991e+03   4.4372192e+03   4.3972011e+03   4.4925534e+03   4.6759903e+03   4.3900470e+03   2.2315188e+03   4.2857630e+03   5.1101305e+03   3.1722191e+03   4.2718223e+03   4.1314575e+03   4.0254770e+03
   2.1608521e+03   4.4980311e+03   5.9938911e+03   4.0189910e+03   3.7372839e+03   2.8917465e+03   3.3888642e+03   4.1097866e+03   2.8675342e+03   2.9232963e+03   3.3406147e+03   3.3747430e+03   4.0262773e+03   3.3888172e+03   3.2409011e+03   5.2987228e+03   3.5210599e+03   4.3618991e+03   4.4372192e+03   4.3972011e+03   4.4925534e+03   4.6759903e+03   4.3900470e+03   2.2315188e+03   4.2857630e+03   5.1101305e+03   3.1722191e+03   4.2718223e+03   4.1314575e+03   4.0254770e+03
   2.1608521e+03   4.4980311e+03   5.9938911e+03   4.0189910e+03   3.7372839e+03   2.8917465e+03   3.3888642e+03   4.1097866e+03   2.8675342e+03   2.9232963e+03   3.3406147e+03   3.3747430e+03   4.0262773e+03   3.3888172e+03   3.2409011e+03   5.2987228e+03   3.5210599e+03   4.3618991e+03   4.4372192e+03   4.3972011e+03   4.4925534e+03   4.6759903e+03   4.3900470e+03   2.2315188e+03   4.2857630e+03   5.1101305e+03   3.1722191e+03   4.2718223e+03   4.1314575e+03   4.0254770e+03
   2.1608521e+03   4.4980311e+03   5.9938911e+03   4.0189910e+03   3.7372839e+03   2.8917465e+03   3.3888642e+03   4.1097866e+03   2.8675342e+03   2.9232963e+03   3.3406147e+03   3.3747430e+03   4.0262773e+03   3.3888172e+03   3.2409011e+03   5.2987228e+03   3.5210599e+03   4.3618991e+03   4.4372192e+03   4.3972011e+03   4.4925534e+03   4.6759903e+03   4.3900470e+03   2.2315188e+03   4.2857630e+03   5.1101305e+03   3.1722191e+03   4.2718223e+03   4.1314575e+03   4.0254770e+03
   2.1586099e+03   3.4561768e+03   5.3314271e+03   4.0189910e+03   3.6833517e+03   2.8917465e+03   3.2787057e+03   4.1097866e+03   2.8675342e+03   2.9232963e+03   3.2145333e+03   3.0021840e+03   4.0246735e+03   3.3888172e+03   2.9800821e+03   5.2261897e+03   3.5210599e+03   4.3618991e+03   4.2018368e+03   4.3972011e+03   3.7098206e+03   4.5879713e+03   3.8151681e+03   2.2250313e+03   4.1997366e+03   4.6335624e+03   3.1722191e+03   3.9519761e+03   4.1314575e+03   3.6284207e+03
   2.1586099e+03   3.4561768e+03   5.3314271e+03   4.0189910e+03   3.6833517e+03   2.8917465e+03   3.2787057e+03   4.1097866e+03   2.8675342e+03   2.9232963e+03   3.2145333e+03   3.0021840e+03   4.0246735e+03   3.3888172e+03   2.9800821e+03   5.2261897e+03   3.5210599e+03   4.3618991e+03   4.2018368e+03   4.3972011e+03   3.7098206e+03   4.5879713e+03   3.8151681e+03   2.2250313e+03   4.1997366e+03   4.6335624e+03   3.1722191e+03   3.9519761e+03   4.1314575e+03   3.6284207e+03
   2.1586099e+03   3.3917547e+03   3.3904286e+03   3.2293014e+03   3.3192831e+03   1.9134812e+03   3.1797863e+03   3.9746435e+03   2.4892736e+03   2.9232963e+03   3.2145333e+03   3.0021840e+03   3.2524563e+03   3.2545259e+03   2.8531081e+03   4.0030461e+03   3.3955416e+03   3.2746744e+03   3.0979751e+03   4.3648728e+03   3.7098206e+03   4.1317234e+03   3.7093442e+03   2.1830368e+03   3.7524460e+03   4.6335624e+03   3.1722191e+03   3.4542118e+03   3.7433291e+03   2.8915673e+03
   2.1419319e+03   2.2851460e+03   3.3904286e+03   3.1005662e+03   2.8298867e+03   1.7162951e+03   2.0568096e+03   2.9909980e+03   1.9153152e+03   2.5087880e+03   2.6176911e+03   2.1442841e+03   3.0478663e+03   3.1781128e+03   2.5201559e+03   3.7299989e+03   2.9382286e+03   2.6449658e+03   1.5520267e+03   4.1552826e+03   3.1002073e+03   3.5150531e+03   2.6722035e+03   2.1307652e+03   2.9037149e+03   3.6195089e+03   2.7428293e+03   2.4329874e+03   3.4262650e+03   2.8512283e+03
   1.8050863e+03   2.1843520e+03   2.5670764e+03   2.0293373e+03   2.0574521e+03   1.7014224e+03   1.7147928e+03   2.7819290e+03   1.3732547e+03   1.5030555e+03   2.5574582e+03   1.5457996e+03   2.3318234e+03   2.8840244e+03   2.1052863e+03   2.9597689e+03   2.3356296e+03   2.3883415e+03   1.4936137e+03   2.9535985e+03   2.2233165e+03   1.4158209e+03   2.0683568e+03   1.9671760e+03   2.5246713e+03   2.9092646e+03   1.8362845e+03   2.3646737e+03   2.3740564e+03   2.6694081e+03
   1.3420637e+03   1.7766607e+03   1.7331341e+03   1.1625035e+03   1.0598030e+03   1.4353598e+03   1.2399743e+03   1.9390272e+03   9.9406624e+02   9.4784135e+02   1.5709616e+03   1.1127461e+03   1.6878101e+03   1.9604222e+03   1.6150146e+03   1.8696781e+03   1.2961340e+03   1.4712671e+03   1.2476307e+03   1.5732423e+03   1.8192220e+03   9.9064782e+02   1.7909883e+03   1.4643917e+03   1.9914580e+03   1.9058955e+03   1.5085927e+03   1.6205324e+03   1.5425711e+03   1.2494600e+03
   8.9092547e+02   1.1101158e+03   1.0346316e+03   1.0221194e+03   9.0015442e+02   8.4159077e+02   9.2280831e+02   9.0535012e+02   6.6499723e+02   8.3180228e+02   1.0340232e+03   7.3977200e+02   1.1599019e+03   9.5802440e+02   7.4863031e+02   1.1115376e+03   9.7636537e+02   8.9821212e+02   9.6050649e+02   1.0727293e+03   9.3905433e+02   8.5873027e+02   1.2370571e+03   8.6219958e+02   1.0538091e+03   1.2146266e+03   7.8231898e+02   1.0035116e+03   8.0957737e+02   9.3874366e+02
   6.4630358e+02   6.7043135e+02   7.2734041e+02   7.0088696e+02   6.2816060e+02   7.0053118e+02   6.4468363e+02   7.1651928e+02   6.2511702e+02   5.5796442e+02   6.9395707e+02   6.1060102e+02   7.0340170e+02   6.9147709e+02   6.6682280e+02   6.8000754e+02   6.0352101e+02   6.5403704e+02   6.3049853e+02   6.5957951e+02   6.5324982e+02   7.1838082e+02   6.8580556e+02   6.0796486e+02   7.0755740e+02   6.8961235e+02   6.5648259e+02   7.0085288e+02   6.3657433e+02   6.7567420e+02
   5.1213499e+02   5.1386829e+02   5.2562503e+02   5.3190245e+02   5.2371720e+02   5.0472650e+02   4.9055352e+02   5.3726179e+02   5.2878085e+02   4.9652630e+02   5.1585127e+02   5.1702625e+02   5.2010456e+02   5.0514570e+02   5.1363332e+02   5.0390567e+02   5.3545900e+02   5.2970289e+02   5.4444705e+02   5.2498798e+02   5.1971741e+02   5.2973385e+02   5.3927588e+02   5.1329919e+02   5.4238719e+02   5.3072609e+02   5.4007137e+02   5.3277612e+02   5.2540780e+02   5.3730370e+02
   4.5101479e+02   4.5618869e+02   4.7062134e+02   4.5814487e+02   4.4486603e+02   4.4121837e+02   4.2752288e+02   4.6980770e+02   4.3911021e+02   4.5083867e+02   4.7728752e+02   4.6881128e+02   4.5314788e+02   4.7102766e+02   4.6045343e+02   4.6482521e+02   4.6309800e+02   4.7768109e+02   4.6756722e+02   4.6983273e+02   4.7338982e+02   4.5845148e+02   4.7775706e+02   4.7475799e+02   4.5860946e+02   4.7777022e+02   4.7752894e+02   4.7590580e+02   4.6956639e+02   4.8024286e+02
   4.0048908e+02   4.0065644e+02   4.0269910e+02   4.0314064e+02   4.0357806e+02   4.0384191e+02   4.0394377e+02   4.0436840e+02   4.0594011e+02   4.0744736e+02   4.0786818e+02   4.0791107e+02   4.0798937e+02   4.0895278e+02   4.1052352e+02   4.1077710e+02   4.1110371e+02   4.1115581e+02   4.1371142e+02   4.1374789e+02   4.1377312e+02   4.1378295e+02   4.1380868e+02   4.1381168e+02   4.1382358e+02   4.1383052e+02   4.1384864e+02   4.1386374e+02   4.1390469e+02   4.1391080e+02
