   1.0491432e+03   8.3740613e+02   1.1923220e+03   1.0414592e+03   7.0984586e+02   8.1515926e+02   1.0798130e+03   9.8578179e+02   1.0027806e+03   8.9163229e+02   1.0616700e+03   9.2903990e+02   9.1679258e+02   1.1670472e+03   1.0837897e+03   1.1753197e+03   1.1253287e+03   1.0008007e+03   9.1700019e+02   1.0461948e+03   1.0066958e+03   9.9971364e+02   6.9479225e+02   7.8931772e+02   1.0366725e+03   1.1022353e+03   1.1244956e+03   1.1026777e+03   1.0780553e+03   1.1234095e+03
   1.0491432e+03   8.3740613e+02   1.1923220e+03   1.0414592e+03   7.0984586e+02   8.1515926e+02   1.0798130e+03   9.8578179e+02   1.0027806e+03   8.9163229e+02   1.0616700e+03   9.2903990e+02   9.1679258e+02   1.1670472e+03   1.0837897e+03   1.1753197e+03   1.1253287e+03   1.0008007e+03   9.1700019e+02   1.0461948e+03   1.0066958e+03   9.9971364e+02   6.9479225e+02   7.8931772e+02   1.0366725e+03   1.1022353e+03   1.1244956e+03   1.1026777e+03   1.0780553e+03   1.1234095e+03
   1.0491432e+03   8.3740613e+02   1.1923220e+03   1.0414592e+03   7.0984586e+02   8.1515926e+02   1.0798130e+03   9.8578179e+02   1.0027806e+03   8.9163229e+02   1.0616700e+03   9.2903990e+02   9.1679258e+02   1.1670472e+03   1.0837897e+03   1.1753197e+03   1.1253287e+03   1.0008007e+03   9.1700019e+02   1.0461948e+03   1.0066958e+03   9.9971364e+02   6.9479225e+02   7.8931772e+02   1.0366725e+03   1.1022353e+03   1.1244956e+03   1.1026777e+03   1.0780553e+03   1.1234095e+03
   1.0491432e+03   8.3740613e+02   1.1923220e+03   1.0414592e+03   7.0984586e+02   8.1515926e+02   1.0798130e+03   9.8578179e+02   1.0027806e+03   8.9163229e+02   1.0616700e+03   9.2903990e+02   9.1679258e+02   1.1670472e+03   1.0837897e+03   1.1753197e+03   1.1253287e+03   1.0008007e+03   9.1700019e+02   1.0461948e+03   1.0066958e+03   9.9971364e+02   6.9479225e+02   7.8931772e+02   1.0366725e+03   1.1022353e+03   1.1244956e+03   1.1026777e+03   1.0780553e+03   1.1234095e+03
   1.0491432e+03   8.3740613e+02   1.1923220e+03   1.0414592e+03   7.0984586e+02   8.1515926e+02   1.0798130e+03   9.8578179e+02   1.0027806e+03   8.9163229e+02   1.0616700e+03   9.2903990e+02   9.1679258e+02   1.1670472e+03   1.0837897e+03   1.1753197e+03   1.1253287e+03   1.0008007e+03   9.1700019e+02   1.0461948e+03   1.0066958e+03   9.9971364e+02   6.9479225e+02   7.8931772e+02   1.0366725e+03   1.1022353e+03   1.1244956e+03   1.1026777e+03   1.0780553e+03   1.1234095e+03
   1.0363042e+03   8.3740613e+02   1.1015415e+03   1.0394684e+03   7.0984586e+02   7.9987310e+02   1.0319479e+03   9.7985911e+02   8.9625317e+02   8.9163229e+02   1.0616700e+03   8.1198211e+02   9.1679258e+02   1.0430492e+03   9.6172484e+02   9.9716790e+02   1.0497985e+03   1.0008007e+03   9.0986802e+02   1.0461948e+03   8.8273940e+02   9.9971364e+02   6.9479225e+02   7.4834129e+02   1.0210363e+03   9.7445002e+02   1.0265971e+03   1.0349537e+03   1.0780553e+03   1.1234095e+03
   1.0363042e+03   8.3740613e+02   1.1015415e+03   1.0394684e+03   7.0984586e+02   7.9987310e+02   1.0319479e+03   9.7985911e+02   8.9625317e+02   8.9163229e+02   1.0616700e+03   8.1198211e+02   9.1679258e+02   1.0430492e+03   9.6172484e+02   9.9716790e+02   1.0497985e+03   1.0008007e+03   9.0986802e+02   1.0461948e+03   8.8273940e+02   9.9971364e+02   6.9479225e+02   7.4834129e+02   1.0210363e+03   9.7445002e+02   1.0265971e+03   1.0349537e+03   1.0780553e+03   1.1234095e+03
   9.3735501e+02   7.4985969e+02   9.7206413e+02   9.4287918e+02   7.0984586e+02   7.3357576e+02   7.3064769e+02   9.6500880e+02   8.8386685e+02   8.9163229e+02   9.6219303e+02   7.2494672e+02   9.0450318e+02   1.0430492e+03   8.4865491e+02   9.4065547e+02   9.9802324e+02   8.7933015e+02   8.8084663e+02   9.3157327e+02   8.8273940e+02   9.3872817e+02   6.4953957e+02   6.7853988e+02   1.0168445e+03   9.1204861e+02   8.7428797e+02   9.6440179e+02   1.0045642e+03   9.7501714e+02
   9.3669017e+02   6.7644536e+02   9.6498036e+02   9.3006238e+02   6.4733752e+02   7.3158119e+02   6.1698412e+02   8.5810738e+02   7.9568380e+02   8.7812458e+02   7.1309968e+02   6.3223403e+02   7.8043587e+02   8.3577112e+02   7.7915149e+02   8.2899859e+02   9.3785480e+02   7.8852512e+02   8.2992518e+02   9.0171389e+02   7.9575858e+02   8.4728119e+02   6.4953957e+02   6.3262482e+02   9.0399596e+02   8.3800078e+02   8.2361903e+02   9.4256782e+02   8.4226643e+02   8.7414016e+02
   6.9762854e+02   6.6051156e+02   6.6725821e+02   7.4134132e+02   5.6646586e+02   6.8772947e+02   4.9858551e+02   5.9531814e+02   7.0727276e+02   7.6670671e+02   6.1671435e+02   5.5116169e+02   6.7570122e+02   6.7834374e+02   7.4448878e+02   6.2923319e+02   6.0861240e+02   5.6167153e+02   6.0677827e+02   7.1514846e+02   6.2332158e+02   5.1874214e+02   6.2059929e+02   6.0644887e+02   6.8233096e+02   7.0384903e+02   7.1859470e+02   8.0904941e+02   5.7081391e+02   6.9038014e+02
   3.9098106e+02   4.3616957e+02   4.1449350e+02   5.5832916e+02   4.3649218e+02   4.5375243e+02   4.4503882e+02   4.1181575e+02   3.6699552e+02   3.9916617e+02   4.6079963e+02   3.7854026e+02   3.8063102e+02   4.4886550e+02   2.9417144e+02   4.7533758e+02   3.9607396e+02   3.7887104e+02   4.3049541e+02   4.2206142e+02   4.3323449e+02   4.6021903e+02   4.1090212e+02   4.6279729e+02   4.7495056e+02   4.6662192e+02   3.7461196e+02   4.5164192e+02   3.7681949e+02   3.4148088e+02
   2.1921381e+02   2.4426884e+02   2.1086874e+02   2.4018305e+02   2.0554914e+02   2.7295944e+02   2.1030654e+02   1.8009618e+02   2.1065789e+02   2.0407602e+02   1.4191784e+02   2.4610391e+02   2.1293533e+02   2.2068673e+02   2.1270750e+02   2.4281145e+02   2.1763618e+02   2.4330577e+02   2.3115778e+02   2.4843312e+02   2.2378712e+02   2.4671472e+02   2.4806530e+02   1.9133266e+02   1.9463559e+02   2.5846101e+02   1.9645386e+02   2.3118242e+02   2.2837510e+02   2.4164732e+02
   9.3760196e+01   9.7255076e+01   1.0549151e+02   1.0595363e+02   9.9775107e+01   8.5217199e+01   1.0809581e+02   7.2389892e+01   7.9512211e+01   9.6514042e+01   8.3325649e+01   9.7938260e+01   1.0091497e+02   9.2236651e+01   9.6009724e+01   9.7738245e+01   1.0685110e+02   9.6756811e+01   8.5302422e+01   9.3897051e+01   7.9568168e+01   7.7969232e+01   7.9414807e+01   1.0150803e+02   8.5719811e+01   9.4530290e+01   7.9990567e+01   1.0240565e+02   9.6903453e+01   1.0435817e+02
   2.5571968e+01   2.3546099e+01   3.2245603e+01   3.9198704e+01   3.5759934e+01   4.1348481e+01   4.0933274e+01   4.0705163e+01   2.7018544e+01   3.7992565e+01   3.7953095e+01   3.8106818e+01   3.4991562e+01   3.8793002e+01   3.2951014e+01   3.7623852e+01   3.0004804e+01   3.1295092e+01   3.5914739e+01   4.2454840e+01   3.5885465e+01   3.8826003e+01   4.5265139e+01   3.6621498e+01   3.4123221e+01   4.0714634e+01   2.9979676e+01   3.5507282e+01   3.7089281e+01   3.6334491e+01
   5.3240439e+00   2.8670527e+00   4.6297485e+00   5.5897994e+00   7.6559105e+00   5.7637914e+00   9.0131010e+00   6.1024060e+00   6.2230907e+00   6.3076611e+00   4.7217128e+00   5.6574127e+00   6.3728998e+00   7.8684387e+00   6.8310638e+00   7.4560136e+00   7.3126241e+00   5.0084690e+00   8.0098073e+00   5.5322778e+00   6.0421003e+00   6.4034436e+00   5.6908947e+00   5.9225632e+00   6.5398069e+00   6.1260694e+00   6.8967405e+00   6.0840016e+00   6.2675809e+00   7.4899990e+00
   0.0000000e+00   0.0000000e+00   0.0000000e+00   0.0000000e+00   0.0000000e+00   0.0000000e+00   0.0000000e+00   0.0000000e+00   0.0000000e+00   0.0000000e+00   0.0000000e+00   0.0000000e+00   0.0000000e+00   0.0000000e+00   0.0000000e+00   0.0000000e+00   0.0000000e+00   0.0000000e+00   0.0000000e+00   1.4343641e-08   2.6104999e-08   2.8796956e-07   1.5367181e-06   8.5672763e-06   1.4191235e-05   1.0858875e-04   5.2112721e-04   1.6683715e-02   2.3870300e-02   5.6282585e-01
