   7.8091900e+02   1.3676978e+03   9.6652972e+02   7.3669111e+02   6.6719621e+02   9.1400313e+02   1.2019900e+03   1.2016634e+03   7.0927384e+02   1.0595419e+03   1.0733294e+03   1.0435380e+03   1.2004388e+03   7.5933469e+02   9.3054877e+02   1.0024608e+03   9.7169653e+02   1.0025327e+03   8.3110040e+02   1.0620763e+03   8.6335091e+02   1.3818479e+03   1.2296249e+03   9.4426235e+02   8.6332880e+02   1.2796055e+03   1.0855671e+03   1.0607466e+03   1.3085779e+03   1.1859233e+03
   7.8091900e+02   1.3676978e+03   9.6652972e+02   7.3669111e+02   6.6719621e+02   9.1400313e+02   1.2019900e+03   1.2016634e+03   7.0927384e+02   1.0595419e+03   1.0733294e+03   1.0435380e+03   1.2004388e+03   7.5933469e+02   9.3054877e+02   1.0024608e+03   9.7169653e+02   1.0025327e+03   8.3110040e+02   1.0620763e+03   8.6335091e+02   1.3818479e+03   1.2296249e+03   9.4426235e+02   8.6332880e+02   1.2796055e+03   1.0855671e+03   1.0607466e+03   1.3085779e+03   1.1859233e+03
   7.8091900e+02   1.3676978e+03   9.6652972e+02   7.3669111e+02   6.6719621e+02   9.1400313e+02   1.2019900e+03   1.2016634e+03   7.0927384e+02   1.0595419e+03   1.0733294e+03   1.0435380e+03   1.2004388e+03   7.5933469e+02   9.3054877e+02   1.0024608e+03   9.7169653e+02   1.0025327e+03   8.3110040e+02   1.0620763e+03   8.6335091e+02   1.3818479e+03   1.2296249e+03   9.4426235e+02   8.6332880e+02   1.2796055e+03   1.0855671e+03   1.0607466e+03   1.3085779e+03   1.1859233e+03
   7.8091900e+02   1.3676978e+03   7.0897462e+02   7.3669111e+02   6.6719621e+02   9.1017029e+02   9.4596480e+02   1.2016634e+03   7.0927384e+02   1.0211715e+03   9.7377826e+02   1.0435380e+03   1.2004388e+03   7.5933469e+02   9.3054877e+02   1.0024608e+03   9.2148922e+02   1.0025327e+03   8.3096923e+02   1.0613900e+03   8.2933076e+02   1.0719499e+03   1.1945594e+03   9.4247231e+02   7.1373122e+02   1.0068613e+03   1.0855671e+03   9.1095794e+02   1.2398761e+03   7.7831113e+02
   7.8091900e+02   1.3324124e+03   6.9424473e+02   7.3669111e+02   6.6719621e+02   6.7260839e+02   9.4596480e+02   8.7989972e+02   7.0927384e+02   1.0211715e+03   9.4813821e+02   8.8453631e+02   1.2004388e+03   7.5933469e+02   9.0587274e+02   1.0024608e+03   9.2148922e+02   1.0013794e+03   8.3096923e+02   8.7025546e+02   7.8559192e+02   1.0719499e+03   8.5090916e+02   9.4247231e+02   7.1217571e+02   1.0068613e+03   7.3554662e+02   9.1095794e+02   1.1971683e+03   7.7831113e+02
   7.7513613e+02   8.6123983e+02   6.9424473e+02   7.3669111e+02   6.6719621e+02   6.7260839e+02   6.5363985e+02   8.7989972e+02   7.0927384e+02   8.6325747e+02   9.4813821e+02   8.8453631e+02   1.1112625e+03   6.9774897e+02   7.7764519e+02   9.9668137e+02   9.2148922e+02   9.6920256e+02   7.4880567e+02   7.0795533e+02   7.8559192e+02   9.0054166e+02   8.5090916e+02   8.6036954e+02   7.1217571e+02   1.0068613e+03   7.3554662e+02   9.1095794e+02   1.1300480e+03   6.9491610e+02
   6.6444437e+02   7.5930944e+02   6.5887778e+02   6.8728918e+02   6.6719621e+02   6.7260839e+02   6.5363985e+02   8.4419336e+02   7.0927384e+02   7.4679182e+02   9.4813821e+02   6.1650050e+02   1.0441309e+03   6.9226585e+02   7.6844673e+02   7.2392109e+02   8.6769628e+02   9.2855203e+02   7.3293438e+02   7.0795533e+02   7.8559192e+02   7.1755527e+02   7.2835310e+02   7.8856590e+02   6.2664627e+02   8.9100696e+02   6.6364707e+02   6.8950493e+02   5.8563548e+02   6.6520132e+02
   6.5842335e+02   7.5843857e+02   6.4401834e+02   6.5334705e+02   6.6719621e+02   6.6762612e+02   6.5363985e+02   7.2569463e+02   6.1322053e+02   7.3200280e+02   8.6436237e+02   6.0848768e+02   8.4421011e+02   6.9226585e+02   7.6844673e+02   7.2392109e+02   7.3462711e+02   8.5080626e+02   7.0914538e+02   7.0795533e+02   7.2702627e+02   6.2569194e+02   6.0192339e+02   6.5885159e+02   6.2664627e+02   6.6698898e+02   6.6364707e+02   5.3285439e+02   5.6886972e+02   6.0538764e+02
   6.2385659e+02   6.0283204e+02   5.9234052e+02   6.1823385e+02   6.0588242e+02   5.4951789e+02   5.6331050e+02   6.5746740e+02   5.8184012e+02   5.6467953e+02   6.8334092e+02   5.6720405e+02   6.8246127e+02   6.2814315e+02   6.2123293e+02   5.5685211e+02   6.6481891e+02   7.6843725e+02   7.0914538e+02   6.4837515e+02   5.7932489e+02   6.2063164e+02   6.0192339e+02   5.9820415e+02   6.1384368e+02   5.0971515e+02   6.5591558e+02   5.2926178e+02   5.5698219e+02   5.5742942e+02
   5.2251854e+02   5.5379175e+02   4.7373048e+02   5.8290825e+02   5.3387643e+02   4.9149381e+02   5.6201139e+02   5.1548775e+02   4.8921084e+02   5.4777285e+02   5.9240850e+02   5.3265229e+02   5.3355841e+02   5.3218271e+02   5.5950308e+02   4.5378172e+02   5.7139370e+02   6.4315591e+02   5.5425224e+02   5.4937402e+02   5.1656219e+02   5.6116981e+02   4.9961778e+02   4.6953429e+02   5.2262705e+02   5.0668889e+02   5.9207316e+02   5.0454654e+02   5.4158779e+02   5.0523182e+02
   4.9829249e+02   4.8056908e+02   4.5809091e+02   4.7960508e+02   4.9755543e+02   4.5925020e+02   4.8997120e+02   4.7277636e+02   4.6541357e+02   4.9036776e+02   4.6226204e+02   5.0422523e+02   4.8566104e+02   4.7528298e+02   5.1242399e+02   4.4016360e+02   4.9681169e+02   5.1167668e+02   4.9856480e+02   4.5945048e+02   4.6162653e+02   4.7158994e+02   4.8841495e+02   4.6565257e+02   4.9939671e+02   4.8877740e+02   5.1890821e+02   4.5635261e+02   4.9236968e+02   4.9551706e+02
   4.3292188e+02   4.3497404e+02   4.3864197e+02   4.4378183e+02   4.3233846e+02   4.4890640e+02   4.5776854e+02   4.5057354e+02   4.2595036e+02   4.4991851e+02   4.5619664e+02   4.1832950e+02   4.4973285e+02   4.3677989e+02   4.3574886e+02   4.4016360e+02   4.5631346e+02   4.3383660e+02   4.4655414e+02   4.1370202e+02   4.5582203e+02   4.3004558e+02   4.4614759e+02   4.2363299e+02   4.6401462e+02   4.4041013e+02   4.3612422e+02   4.3556216e+02   4.3544393e+02   4.4375485e+02
   3.8245891e+02   4.1196739e+02   4.1973001e+02   4.1341278e+02   4.1300045e+02   4.2010147e+02   4.1616417e+02   4.2011749e+02   4.0852628e+02   4.1192753e+02   4.0795840e+02   4.1422736e+02   4.1700377e+02   4.1137599e+02   4.1233118e+02   4.1824533e+02   4.1707032e+02   4.0744157e+02   4.0842622e+02   4.0743908e+02   4.2127765e+02   4.1111534e+02   4.2581685e+02   4.1581516e+02   4.1222302e+02   4.1958635e+02   4.2740679e+02   4.1025991e+02   4.1836634e+02   4.1993812e+02
   3.8139792e+02   3.2499394e+02   4.0314825e+02   4.0273409e+02   4.0154349e+02   4.0840767e+02   4.0874352e+02   4.0166447e+02   4.0278444e+02   4.0301603e+02   4.0257405e+02   4.0299905e+02   4.0130748e+02   4.0211625e+02   4.0225671e+02   4.0298451e+02   4.1193157e+02   4.0469181e+02   4.0475324e+02   4.0203528e+02   4.0846841e+02   4.0317973e+02   4.1028563e+02   4.0302723e+02   4.0170232e+02   4.0099477e+02   4.0431285e+02   4.0613514e+02   4.0440743e+02   4.0682825e+02
   3.0720043e+02   3.1979889e+02   4.0020543e+02   3.9944583e+02   3.9953123e+02   4.0138199e+02   4.0063752e+02   3.9886258e+02   4.0035357e+02   4.0108018e+02   4.0103369e+02   3.9937736e+02   3.9851053e+02   4.0011619e+02   3.9841789e+02   4.0081284e+02   4.0235784e+02   4.0045248e+02   4.0058857e+02   4.0095291e+02   4.0211325e+02   4.0036571e+02   4.0122865e+02   3.9964071e+02   3.9990772e+02   3.9908206e+02   4.0064163e+02   4.0181111e+02   4.0111753e+02   4.0160212e+02
   1.2569704e+02   2.6092962e+02   3.9774287e+02   3.9774287e+02   3.9774287e+02   3.9774287e+02   3.9774287e+02   3.9774287e+02   3.9774287e+02   3.9774287e+02   3.9774287e+02   3.9774296e+02   3.9774302e+02   3.9774313e+02   3.9774323e+02   3.9774338e+02   3.9774347e+02   3.9774471e+02   3.9774529e+02   3.9774728e+02   3.9775153e+02   3.9775828e+02   3.9776811e+02   3.9778175e+02   3.9781080e+02   3.9788620e+02   3.9790180e+02   3.9793483e+02   3.9794045e+02   3.9799146e+02
