   1.1778321e+03   9.2252563e+02   9.6785351e+02   9.6298953e+02   1.0184367e+03   9.5215636e+02   1.0545709e+03   8.6859455e+02   1.0675269e+03   1.0881436e+03   1.0119065e+03   1.2246165e+03   1.0934861e+03   1.1072329e+03   9.2570832e+02   1.1273449e+03   1.1590020e+03   1.1291425e+03   1.0677296e+03   1.0277166e+03   1.1806329e+03   1.0856307e+03   9.5197297e+02   8.7034022e+02   9.3073880e+02   1.0589556e+03   1.1055214e+03   8.5717392e+02   1.1776030e+03   8.9606082e+02
   1.1778321e+03   9.2252563e+02   9.6785351e+02   9.6298953e+02   1.0184367e+03   9.5215636e+02   1.0545709e+03   8.6859455e+02   1.0675269e+03   1.0881436e+03   1.0119065e+03   1.2246165e+03   1.0934861e+03   1.1072329e+03   9.2570832e+02   1.1273449e+03   1.1590020e+03   1.1291425e+03   1.0677296e+03   1.0277166e+03   1.1806329e+03   1.0856307e+03   9.5197297e+02   8.7034022e+02   9.3073880e+02   1.0589556e+03   1.1055214e+03   8.5717392e+02   1.1776030e+03   8.9606082e+02
   1.1778321e+03   9.2252563e+02   9.6785351e+02   9.6298953e+02   1.0184367e+03   9.5215636e+02   1.0545709e+03   8.6859455e+02   1.0675269e+03   1.0881436e+03   1.0119065e+03   1.2246165e+03   1.0934861e+03   1.1072329e+03   9.2570832e+02   1.1273449e+03   1.1590020e+03   1.1291425e+03   1.0677296e+03   1.0277166e+03   1.1806329e+03   1.0856307e+03   9.5197297e+02   8.7034022e+02   9.3073880e+02   1.0589556e+03   1.1055214e+03   8.5717392e+02   1.1776030e+03   8.9606082e+02
   1.1778321e+03   9.2252563e+02   9.6785351e+02   9.6298953e+02   1.0184367e+03   9.5215636e+02   1.0545709e+03   8.6859455e+02   1.0675269e+03   1.0881436e+03   1.0119065e+03   1.2246165e+03   1.0934861e+03   1.1072329e+03   9.2570832e+02   1.1273449e+03   1.1590020e+03   1.1291425e+03   1.0677296e+03   1.0277166e+03   1.1806329e+03   1.0856307e+03   9.5197297e+02   8.7034022e+02   9.3073880e+02   1.0589556e+03   1.1055214e+03   8.5717392e+02   1.1776030e+03   8.9606082e+02
   1.1778321e+03   9.2252563e+02   9.6785351e+02   9.6298953e+02   1.0184367e+03   9.5215636e+02   1.0545709e+03   8.6859455e+02   1.0675269e+03   1.0881436e+03   1.0119065e+03   1.2246165e+03   1.0934861e+03   1.1072329e+03   9.2570832e+02   1.1273449e+03   1.1590020e+03   1.1291425e+03   1.0677296e+03   1.0277166e+03   1.1806329e+03   1.0856307e+03   9.5197297e+02   8.7034022e+02   9.3073880e+02   1.0589556e+03   1.1055214e+03   8.5717392e+02   1.1776030e+03   8.9606082e+02
   1.1482648e+03   9.1270127e+02   8.8081466e+02   9.6298953e+02   1.0184367e+03   9.0498290e+02   1.0545709e+03   8.6859455e+02   1.0637644e+03   9.6923725e+02   1.0098522e+03   1.1051404e+03   1.0934861e+03   1.0608512e+03   9.1922766e+02   1.0888393e+03   1.1590020e+03   1.1148295e+03   1.0677296e+03   1.0277166e+03   1.1458817e+03   1.0699112e+03   9.5197297e+02   8.7034022e+02   9.3073880e+02   1.0566714e+03   1.1055214e+03   8.4490440e+02   1.1734280e+03   8.8970005e+02
   1.1482648e+03   9.1270127e+02   8.8081466e+02   9.6298953e+02   1.0184367e+03   9.0498290e+02   1.0545709e+03   8.6859455e+02   1.0637644e+03   9.6923725e+02   1.0098522e+03   1.1051404e+03   1.0934861e+03   1.0608512e+03   9.1922766e+02   1.0888393e+03   1.1590020e+03   1.1148295e+03   1.0677296e+03   1.0277166e+03   1.1458817e+03   1.0699112e+03   9.5197297e+02   8.7034022e+02   9.3073880e+02   1.0566714e+03   1.1055214e+03   8.4490440e+02   1.1734280e+03   8.8970005e+02
   1.0764213e+03   9.0674974e+02   8.4883693e+02   8.2240202e+02   8.5912634e+02   8.3164424e+02   1.0071936e+03   8.1096336e+02   9.1950683e+02   8.2949316e+02   1.0098522e+03   1.0792231e+03   1.0070336e+03   9.8610518e+02   7.3704819e+02   1.0474108e+03   9.7206496e+02   9.6492138e+02   7.9433119e+02   1.0271179e+03   9.3451241e+02   8.2701064e+02   8.9429378e+02   8.1077813e+02   9.0155745e+02   1.0139761e+03   1.0351705e+03   8.3680586e+02   9.7813574e+02   8.5663918e+02
   8.1128978e+02   7.9728313e+02   8.4645323e+02   8.0971183e+02   7.3581584e+02   6.6773610e+02   8.5085429e+02   6.2117736e+02   9.1508468e+02   8.1493835e+02   9.1675156e+02   8.9238498e+02   7.7805370e+02   8.7250828e+02   7.0377565e+02   9.0653478e+02   8.4983422e+02   8.7547658e+02   7.6652600e+02   7.5672255e+02   7.8155703e+02   8.0041602e+02   8.6666057e+02   7.6530372e+02   8.4995364e+02   8.5415378e+02   8.8976168e+02   8.0583622e+02   8.5875027e+02   7.7254667e+02
   5.8322866e+02   5.9571498e+02   7.1603185e+02   7.0856706e+02   4.3800581e+02   6.2109153e+02   6.8607446e+02   5.2036781e+02   6.7075708e+02   6.5245342e+02   7.7888187e+02   7.2034355e+02   6.1154951e+02   7.3170722e+02   4.9393978e+02   5.9896916e+02   6.7928311e+02   7.0443552e+02   6.2442265e+02   6.8600157e+02   7.4213371e+02   7.6645308e+02   6.5777397e+02   7.0851108e+02   6.9582318e+02   5.8740583e+02   6.9485847e+02   6.9003166e+02   6.8329027e+02   5.7785156e+02
   5.1515117e+02   4.2043384e+02   4.0721114e+02   4.7034769e+02   3.6264418e+02   4.7180360e+02   4.1890289e+02   3.3844016e+02   4.5437282e+02   5.0404194e+02   4.7045679e+02   4.5594346e+02   4.7585318e+02   4.6366683e+02   3.8485438e+02   5.1361270e+02   4.4789558e+02   4.4284360e+02   3.5449019e+02   4.3790125e+02   5.2873394e+02   4.1385363e+02   4.4423751e+02   5.1173814e+02   4.6282843e+02   4.4845570e+02   4.8320186e+02   4.2719631e+02   4.2395454e+02   4.3552550e+02
   2.4961684e+02   2.7813831e+02   2.3940345e+02   2.5496232e+02   2.7639330e+02   2.6913407e+02   2.7182595e+02   2.1415845e+02   2.8409564e+02   2.6394322e+02   2.9941984e+02   2.7085612e+02   2.6545816e+02   2.6705318e+02   2.0817956e+02   2.5132311e+02   2.7993428e+02   2.8353690e+02   2.6442345e+02   2.7434519e+02   2.8099139e+02   2.5659689e+02   2.6108853e+02   2.4348789e+02   2.5437140e+02   2.5616467e+02   2.5710441e+02   2.5384409e+02   2.4523066e+02   2.6275879e+02
   1.3907872e+02   1.4127211e+02   1.5416195e+02   1.5684460e+02   1.3727250e+02   1.3799024e+02   1.3545341e+02   1.3432470e+02   1.5658843e+02   1.3828122e+02   1.4910824e+02   1.5191589e+02   1.3934902e+02   1.2081591e+02   1.4263854e+02   1.3262407e+02   1.3288058e+02   1.3178671e+02   1.4606062e+02   1.2744980e+02   1.4226018e+02   1.5101691e+02   1.3729755e+02   1.2801627e+02   1.2116216e+02   1.5403088e+02   1.4463743e+02   1.4966803e+02   1.5672654e+02   1.3564373e+02
   6.3683768e+01   6.9746033e+01   7.7410323e+01   6.8568939e+01   7.2862539e+01   7.0612287e+01   7.3421403e+01   6.5772952e+01   7.1164493e+01   6.3770223e+01   6.6589368e+01   6.5694945e+01   6.9413461e+01   7.4498340e+01   6.7190101e+01   7.9056655e+01   6.0990052e+01   6.2442345e+01   6.5283438e+01   6.6508495e+01   6.7231862e+01   7.3369472e+01   7.1575208e+01   7.0363262e+01   7.0086145e+01   4.6776949e+01   6.0124372e+01   6.2365041e+01   7.4307366e+01   6.8992341e+01
   3.2608778e+01   3.3063942e+01   3.0973825e+01   3.1029894e+01   3.1070297e+01   3.0881239e+01   3.0622846e+01   2.6501904e+01   3.0373155e+01   3.1219119e+01   3.1136409e+01   3.1504608e+01   3.0185084e+01   3.0186539e+01   2.9561123e+01   2.7744458e+01   3.0698887e+01   3.2007423e+01   3.1639070e+01   2.9832551e+01   3.0194365e+01   3.1384033e+01   3.1465837e+01   2.9789059e+01   2.8880747e+01   3.3019409e+01   3.1431987e+01   3.3542651e+01   3.1390804e+01   3.1676016e+01
   2.0161728e+01   2.0161728e+01   2.0161728e+01   2.0161728e+01   2.0161728e+01   2.0161728e+01   2.0161728e+01   2.0161728e+01   2.0161728e+01   2.0161728e+01   2.0161728e+01   2.0161728e+01   2.0161728e+01   2.0161728e+01   2.0161728e+01   2.0161728e+01   2.0161728e+01   2.0161728e+01   2.0161728e+01   2.0161728e+01   2.0161728e+01   2.0161728e+01   2.0161728e+01   2.0161728e+01   2.0161728e+01   2.0161728e+01   2.0161728e+01   2.0161728e+01   2.0161728e+01   2.0161728e+01
