   9.6718689e+02   1.5997561e+03   1.1849919e+03   1.3228465e+03   1.2135596e+03   1.5755112e+03   1.3537774e+03   1.2228075e+03   1.1459353e+03   1.2779286e+03   1.3336520e+03   1.0216543e+03   8.7672877e+02   1.2023019e+03   1.3425251e+03   1.0909015e+03   1.1290738e+03   1.0479842e+03   1.6799989e+03   9.8735356e+02   1.2002348e+03   9.4258593e+02   1.0674911e+03   1.3962542e+03   9.1381223e+02   1.7186911e+03   1.5801103e+03   1.2796094e+03   1.0146165e+03   1.3068716e+03
   9.6718689e+02   1.5997561e+03   1.1849919e+03   1.3228465e+03   1.2135596e+03   1.5755112e+03   1.3537774e+03   1.2228075e+03   1.1459353e+03   1.2779286e+03   1.3336520e+03   1.0216543e+03   8.7672877e+02   1.2023019e+03   1.3425251e+03   1.0909015e+03   1.1290738e+03   1.0479842e+03   1.6799989e+03   9.8735356e+02   1.2002348e+03   9.4258593e+02   1.0674911e+03   1.3962542e+03   9.1381223e+02   1.7186911e+03   1.5801103e+03   1.2796094e+03   1.0146165e+03   1.3068716e+03
   9.6718689e+02   1.5997561e+03   1.1849919e+03   1.3228465e+03   1.2135596e+03   1.5755112e+03   1.3537774e+03   1.2228075e+03   1.1459353e+03   1.2779286e+03   1.3336520e+03   1.0216543e+03   8.7672877e+02   1.2023019e+03   1.3425251e+03   1.0909015e+03   1.1290738e+03   1.0479842e+03   1.6799989e+03   9.8735356e+02   1.2002348e+03   9.4258593e+02   1.0674911e+03   1.3962542e+03   9.1381223e+02   1.7186911e+03   1.5801103e+03   1.2796094e+03   1.0146165e+03   1.3068716e+03
   8.1926479e+02   8.4407231e+02   9.6800615e+02   1.3119394e+03   1.0655148e+03   1.5755112e+03   1.2607594e+03   1.1686320e+03   7.6105534e+02   1.2779286e+03   1.2424502e+03   9.0604612e+02   8.7672877e+02   1.1907900e+03   7.2865873e+02   1.0909015e+03   1.1290738e+03   9.5448608e+02   1.6799989e+03   8.0545022e+02   1.2002348e+03   9.4258593e+02   1.0674911e+03   1.3558996e+03   9.1381223e+02   1.7186911e+03   1.3258050e+03   1.1750854e+03   1.0014077e+03   1.2096470e+03
   7.8475046e+02   8.4407231e+02   9.6002354e+02   9.3598884e+02   1.0629127e+03   9.1604509e+02   1.2104302e+03   1.1686320e+03   7.6105534e+02   1.0948499e+03   1.1545166e+03   8.1958634e+02   8.7672877e+02   1.1785105e+03   7.2865873e+02   1.0909015e+03   1.1290738e+03   9.2138986e+02   1.4473832e+03   8.0253580e+02   1.1806007e+03   9.4258593e+02   1.0674911e+03   1.2569337e+03   9.1332311e+02   1.4319733e+03   1.3258050e+03   9.9168125e+02   1.0014077e+03   1.2096470e+03
   7.8475046e+02   8.4407231e+02   9.6002354e+02   9.3598884e+02   1.0629127e+03   9.1604509e+02   1.1218878e+03   9.2287999e+02   7.6105534e+02   8.6997536e+02   8.9182288e+02   8.1958634e+02   8.7672877e+02   1.1785105e+03   6.9650501e+02   1.0182655e+03   8.2659749e+02   9.2138986e+02   1.3805466e+03   8.0253580e+02   1.1261072e+03   9.4258593e+02   1.0674911e+03   1.2569337e+03   9.1332311e+02   1.4319733e+03   1.2589857e+03   9.9168125e+02   1.0014077e+03   1.2096470e+03
   7.8154706e+02   8.4407231e+02   8.0165413e+02   9.3598884e+02   9.4537863e+02   6.2069292e+02   8.5527715e+02   9.2287999e+02   7.4333233e+02   8.6997536e+02   8.3252993e+02   6.6882012e+02   8.7672877e+02   1.1631787e+03   6.6207675e+02   7.8063050e+02   8.2659749e+02   7.6822666e+02   1.2106688e+03   8.0253580e+02   1.0327338e+03   9.4258593e+02   9.7474523e+02   1.2362739e+03   8.9647153e+02   1.0688072e+03   1.0527872e+03   8.7418459e+02   9.6996904e+02   9.1580854e+02
   7.5976825e+02   8.4407231e+02   7.5740418e+02   7.5829757e+02   9.2922646e+02   6.1323897e+02   8.5527715e+02   8.6980816e+02   7.1716469e+02   7.0409225e+02   8.3252993e+02   5.7785156e+02   8.7672877e+02   9.1804562e+02   6.6207675e+02   7.8063050e+02   7.2717199e+02   7.6822666e+02   1.0909872e+03   8.0253580e+02   7.0546680e+02   9.4258593e+02   9.0569374e+02   9.4367724e+02   8.1133237e+02   9.2654389e+02   1.0258383e+03   8.2933773e+02   8.0039605e+02   8.0925038e+02
   7.3720716e+02   8.3803814e+02   5.5042937e+02   6.9015964e+02   6.9379365e+02   5.9889056e+02   7.1536740e+02   7.8658634e+02   7.1372333e+02   6.7226953e+02   7.8072747e+02   5.6884721e+02   8.2478637e+02   7.5301094e+02   6.2482510e+02   6.4463026e+02   6.6465575e+02   6.3873224e+02   8.1753953e+02   7.8576801e+02   6.9384823e+02   7.3026015e+02   7.6836059e+02   8.2771232e+02   6.5395825e+02   7.4497500e+02   7.7251330e+02   6.6543369e+02   7.8370332e+02   8.0246685e+02
   6.7013287e+02   6.9597289e+02   5.5042937e+02   6.4720069e+02   6.7355370e+02   5.8468236e+02   6.1308343e+02   6.7203001e+02   6.3568587e+02   6.5345139e+02   6.7326387e+02   5.6884721e+02   6.9666806e+02   6.6366510e+02   6.2480499e+02   6.2524494e+02   6.4843075e+02   6.2674643e+02   7.1980236e+02   5.9258307e+02   6.3721964e+02   6.2187812e+02   6.5984076e+02   6.4781124e+02   6.2690243e+02   6.7861571e+02   6.7720610e+02   6.1728245e+02   7.1041391e+02   6.5267431e+02
   5.1048620e+02   6.2400820e+02   5.4518320e+02   5.6093017e+02   5.5435203e+02   5.5006126e+02   5.5373943e+02   5.8541855e+02   5.8952195e+02   5.4950979e+02   5.9415068e+02   4.7630652e+02   5.3336306e+02   4.8973731e+02   4.7976583e+02   5.6740573e+02   5.9514399e+02   5.4996755e+02   5.4780686e+02   5.3904893e+02   5.2970057e+02   5.6262324e+02   5.9210942e+02   5.7571283e+02   5.6949586e+02   5.4959899e+02   5.5672375e+02   5.8020751e+02   5.4055085e+02   5.5009572e+02
   4.5934941e+02   5.0627772e+02   4.7121718e+02   4.8500108e+02   4.9939169e+02   4.9053125e+02   4.9664995e+02   5.0933837e+02   4.7773325e+02   5.0204342e+02   4.7967123e+02   4.7590626e+02   4.8106478e+02   4.6374651e+02   4.5860484e+02   4.7454091e+02   4.7262621e+02   5.0151011e+02   4.4704119e+02   5.0717997e+02   5.1854304e+02   4.8527792e+02   4.4935459e+02   4.9139755e+02   5.0129824e+02   4.9201097e+02   4.9108131e+02   4.6059843e+02   4.8700071e+02   4.5058960e+02
   4.2717853e+02   4.5199798e+02   4.3627121e+02   4.3174225e+02   4.4440987e+02   4.3800801e+02   4.3702613e+02   4.4401828e+02   4.2387298e+02   4.2877181e+02   4.3725336e+02   4.5764698e+02   4.4675296e+02   4.4875887e+02   4.3540718e+02   4.4817236e+02   4.3944786e+02   4.4666023e+02   4.4094118e+02   4.3716355e+02   4.4081998e+02   4.3451301e+02   4.3774944e+02   4.4292779e+02   4.3636228e+02   4.4960859e+02   4.3615501e+02   4.4166777e+02   4.5835536e+02   4.2335428e+02
   4.0628852e+02   4.0447650e+02   4.0443995e+02   4.0935370e+02   4.1023686e+02   4.0783719e+02   4.1069438e+02   4.0955647e+02   4.0996776e+02   4.1164768e+02   4.0683596e+02   4.0960433e+02   4.0798484e+02   4.0888711e+02   4.0889246e+02   4.0850987e+02   4.0967704e+02   4.0881232e+02   4.1033158e+02   4.0657330e+02   4.0900606e+02   4.0703240e+02   4.0725279e+02   4.0980213e+02   4.0459210e+02   4.1024934e+02   4.0676581e+02   4.1051691e+02   4.1033624e+02   4.0986869e+02
   4.0003393e+02   4.0003517e+02   4.0002302e+02   4.0002865e+02   4.0001927e+02   4.0003958e+02   4.0002781e+02   4.0003656e+02   4.0002733e+02   4.0002496e+02   4.0002818e+02   4.0002673e+02   4.0003191e+02   4.0002803e+02   4.0003540e+02   4.0002736e+02   4.0003369e+02   4.0002480e+02   4.0002945e+02   4.0003584e+02   4.0002223e+02   4.0002936e+02   4.0002381e+02   4.0002545e+02   4.0002805e+02   4.0002600e+02   4.0002683e+02   4.0003929e+02   4.0003617e+02   4.0002749e+02
   4.0000000e+02   4.0000000e+02   4.0000000e+02   4.0000000e+02   4.0000000e+02   4.0000000e+02   4.0000000e+02   4.0000000e+02   4.0000000e+02   4.0000000e+02   4.0000000e+02   4.0000000e+02   4.0000000e+02   4.0000000e+02   4.0000000e+02   4.0000000e+02   4.0000000e+02   4.0000000e+02   4.0000000e+02   4.0000000e+02   4.0000000e+02   4.0000000e+02   4.0000000e+02   4.0000000e+02   4.0000000e+02   4.0000000e+02   4.0000000e+02   4.0000000e+02   4.0000000e+02   4.0000000e+02
