   3.4034840e+02   5.0720085e+02   3.8622300e+02   5.2442648e+02   4.1660052e+02   5.0330861e+02   5.4489549e+02   4.2694652e+02   2.9998234e+02   3.9925153e+02   5.2218619e+02   4.6590725e+02   3.5362842e+02   4.6541883e+02   3.7797549e+02   5.0566807e+02   5.1401946e+02   3.6303564e+02   5.4695846e+02   3.1028465e+02   4.3592448e+02   4.8681749e+02   4.8014317e+02   3.6267041e+02   3.9503448e+02   2.0996649e+02   3.7123983e+02   3.7777910e+02   3.9671038e+02   4.3792294e+02
   3.4034840e+02   5.0720085e+02   3.8622300e+02   5.2442648e+02   4.1660052e+02   5.0330861e+02   5.4489549e+02   4.2694652e+02   2.9998234e+02   3.9925153e+02   5.2218619e+02   4.6590725e+02   3.5362842e+02   4.6541883e+02   3.7797549e+02   5.0566807e+02   5.1401946e+02   3.6303564e+02   5.4695846e+02   3.1028465e+02   4.3592448e+02   4.8681749e+02   4.8014317e+02   3.6267041e+02   3.9503448e+02   2.0996649e+02   3.7123983e+02   3.7777910e+02   3.9671038e+02   4.3792294e+02
   3.4034840e+02   5.0720085e+02   3.8622300e+02   5.2442648e+02   4.1660052e+02   5.0330861e+02   5.4489549e+02   4.2694652e+02   2.9998234e+02   3.9925153e+02   5.2218619e+02   4.6590725e+02   3.5362842e+02   4.6541883e+02   3.7797549e+02   5.0566807e+02   5.1401946e+02   3.6303564e+02   5.4695846e+02   3.1028465e+02   4.3592448e+02   4.8681749e+02   4.8014317e+02   3.6267041e+02   3.9503448e+02   2.0996649e+02   3.7123983e+02   3.7777910e+02   3.9671038e+02   4.3792294e+02
   3.4034840e+02   5.0720085e+02   3.8622300e+02   4.7786393e+02   4.0705954e+02   4.9665146e+02   4.7708328e+02   4.2694652e+02   2.9998234e+02   3.9925153e+02   5.2093685e+02   3.8146843e+02   3.5362842e+02   4.6498693e+02   2.7666125e+02   3.7576075e+02   5.1401946e+02   3.6206201e+02   4.3998999e+02   3.1028465e+02   3.2426036e+02   4.3141085e+02   4.8014317e+02   2.5594850e+02   3.9503448e+02   2.0996649e+02   3.0677197e+02   3.7777910e+02   3.9671038e+02   3.7771755e+02
   3.4034840e+02   4.2647014e+02   3.6789931e+02   4.7160730e+02   4.0705954e+02   4.4821246e+02   2.8373508e+02   3.8634053e+02   2.6783664e+02   3.9925153e+02   3.2162514e+02   3.8146843e+02   3.5266538e+02   2.4439751e+02   2.7666125e+02   3.7576075e+02   4.6934211e+02   3.3275130e+02   3.4590907e+02   3.1028465e+02   3.2012844e+02   3.8754300e+02   4.2628138e+02   2.5594850e+02   3.9415529e+02   2.0996649e+02   3.0677197e+02   3.7777910e+02   3.5959859e+02   3.2124149e+02
   3.4034840e+02   3.4813887e+02   3.1477521e+02   3.6466007e+02   3.6694094e+02   4.1388815e+02   2.8373508e+02   3.5801641e+02   2.6783664e+02   3.2071349e+02   3.2162514e+02   2.8046405e+02   3.5266538e+02   2.2791151e+02   2.7527591e+02   3.7576075e+02   3.0371337e+02   3.3275130e+02   3.4590907e+02   2.6214226e+02   2.9996168e+02   3.8754300e+02   3.8261684e+02   2.5594850e+02   3.1812152e+02   2.0840588e+02   2.5842348e+02   2.4425644e+02   3.5959859e+02   3.2124149e+02
   1.5788428e+02   1.8394300e+02   2.7665941e+02   2.6721119e+02   2.0960927e+02   2.8329472e+02   2.8373508e+02   2.7607132e+02   1.5133994e+02   2.2529859e+02   2.7846805e+02   2.8046405e+02   2.9188177e+02   2.1729158e+02   2.6797791e+02   2.9144008e+02   3.0371337e+02   1.8754786e+02   3.1065621e+02   2.4533242e+02   2.9996168e+02   2.5626577e+02   2.1276072e+02   2.5399144e+02   2.0220407e+02   1.8453407e+02   2.0239216e+02   2.4425644e+02   2.1780545e+02   3.1948100e+02
   1.3965960e+02   1.1572076e+02   1.8408469e+02   2.0140259e+02   1.8442064e+02   1.6516705e+02   1.8555092e+02   2.3373017e+02   1.4806474e+02   1.1093252e+02   2.3612129e+02   2.3453986e+02   1.8138916e+02   2.0562648e+02   1.7686150e+02   1.9768837e+02   1.7859982e+02   1.7526799e+02   1.4026235e+02   2.0206435e+02   1.7205767e+02   1.8944508e+02   1.9131703e+02   1.6974377e+02   1.7416290e+02   1.7844800e+02   1.2833388e+02   2.2774200e+02   1.7583290e+02   1.4155675e+02
   1.0549265e+02   1.0732409e+02   1.0566076e+02   1.2101425e+02   9.4658733e+01   8.2214811e+01   1.4345871e+02   1.1758467e+02   1.2873258e+02   1.0171737e+02   1.7328978e+02   1.3662990e+02   9.2321247e+01   1.0723019e+02   1.3054875e+02   1.9768837e+02   1.0287788e+02   8.4416745e+01   9.1075385e+01   9.2546029e+01   1.1311903e+02   1.2708888e+02   1.4765537e+02   1.2219423e+02   9.4257329e+01   1.2077334e+02   1.0262475e+02   1.3914762e+02   1.0371577e+02   1.2006028e+02
   8.6573867e+01   8.2848361e+01   7.9945575e+01   6.1862067e+01   6.5036797e+01   6.7387177e+01   7.3356203e+01   5.9271964e+01   8.9741319e+01   6.8881609e+01   9.8882111e+01   1.0155287e+02   7.8670110e+01   7.4207495e+01   8.1737552e+01   8.4809152e+01   8.0499630e+01   7.0357397e+01   6.0759903e+01   6.3695001e+01   8.5893682e+01   1.0093784e+02   6.8457617e+01   8.6353909e+01   7.1023926e+01   7.2782563e+01   7.5864588e+01   9.0369151e+01   7.5539118e+01   9.0625328e+01
   3.1256904e+01   6.0668520e+01   3.1745605e+01   5.2054872e+01   4.5158934e+01   3.0560898e+01   5.4358157e+01   3.9828140e+01   5.1437616e+01   4.9217508e+01   5.2093222e+01   4.8683140e+01   3.1747985e+01   4.9905411e+01   5.4041856e+01   5.2608930e+01   4.1476210e+01   3.9216553e+01   3.3069758e+01   4.9230171e+01   6.4673349e+01   5.2371179e+01   4.9417480e+01   4.4131867e+01   3.3355856e+01   4.6648628e+01   5.1985726e+01   4.4323296e+01   4.1702143e+01   3.5050497e+01
   2.1041716e+01   2.3537560e+01   2.2640318e+01   1.2489462e+01   1.7492921e+01   2.4098254e+01   2.1940126e+01   1.4713580e+01   2.3898309e+01   2.0213775e+01   1.5978873e+01   2.4751566e+01   2.3340229e+01   2.2368882e+01   1.8369797e+01   2.2337706e+01   1.5754294e+01   2.1650673e+01   2.3127582e+01   2.2326105e+01   2.0010987e+01   2.4705263e+01   1.6271850e+01   2.6424139e+01   1.7179700e+01   1.7843908e+01   1.9690062e+01   2.6304951e+01   1.8505282e+01   2.2460269e+01
   9.6098982e+00   1.0127603e+01   1.1149456e+01   1.1151058e+01   9.6378200e+00   7.7161236e+00   9.2999354e+00   9.3211487e+00   8.6640805e+00   8.5729357e+00   9.1986480e+00   1.0824422e+01   1.0761871e+01   8.4429243e+00   9.7239934e+00   9.4898314e+00   9.8909179e+00   1.0240006e+01   1.1397267e+01   1.0887430e+01   1.2080169e+01   1.0278317e+01   9.6318119e+00   1.2697796e+01   1.0644605e+01   8.3730523e+00   7.9001630e+00   1.1020615e+01   1.0478044e+01   9.8816574e+00
   3.7891843e-01   3.8195599e-01   7.0570349e-01   1.2533042e+00   5.6862847e-01   6.1349321e-01   7.8706226e-01   5.7203726e-01   9.8016119e-01   4.3807635e-01   5.7390048e-01   2.8406472e-01   6.7559349e-01   6.4441417e-01   6.5017201e-01   5.1683304e-01   6.4823352e-01   7.8107381e-01   3.2910006e-01   7.2771842e-01   6.9311137e-01   1.1632987e+00   3.9319249e-01   7.7618560e-01   3.9749810e-01   6.2777426e-01   8.3428225e-01   8.3223675e-01   7.0532771e-01   7.1481474e-01
   6.4591937e-05   9.0320169e-05   1.3810509e-04   2.0045884e-04   1.1681697e-04   1.1006137e-04   1.0050582e-04   1.3650379e-04   8.7870671e-05   7.8890756e-05   1.0522397e-04   2.2309654e-04   2.3519813e-04   1.2606283e-04   1.0577961e-04   9.8492938e-05   1.7206782e-04   1.6764904e-04   7.6547366e-05   2.2033430e-04   1.6195181e-04   3.3161409e-04   1.5954605e-04   1.4518680e-04   2.0856452e-04   1.4548376e-04   1.8492915e-04   1.8278159e-04   1.0873458e-04   1.3419777e-04
   0.0000000e+00   0.0000000e+00   0.0000000e+00   0.0000000e+00   0.0000000e+00   0.0000000e+00   0.0000000e+00   0.0000000e+00   0.0000000e+00   0.0000000e+00   0.0000000e+00   0.0000000e+00   0.0000000e+00   0.0000000e+00   0.0000000e+00   0.0000000e+00   0.0000000e+00   0.0000000e+00   0.0000000e+00   0.0000000e+00   0.0000000e+00   0.0000000e+00   0.0000000e+00   0.0000000e+00   0.0000000e+00   0.0000000e+00   0.0000000e+00   0.0000000e+00   0.0000000e+00   0.0000000e+00
