   4.7677327e+03   4.8003827e+03   4.5980267e+03   4.9953667e+03   4.8628911e+03   5.3382660e+03   5.3381374e+03   4.7726215e+03   4.7940467e+03   5.1763185e+03   4.4230584e+03   4.4373656e+03   4.9248840e+03   4.2735054e+03   5.1327996e+03   4.8591072e+03   5.1592532e+03   4.7977607e+03   5.0454206e+03   4.7028632e+03   4.7273720e+03   4.7650100e+03   4.8946732e+03   5.2477894e+03   4.8718121e+03   4.0463568e+03   4.4103199e+03   4.9095459e+03   4.4575072e+03   5.0411238e+03
   4.7677327e+03   4.8003827e+03   4.5980267e+03   4.9953667e+03   4.8628911e+03   5.3382660e+03   5.3381374e+03   4.7726215e+03   4.7940467e+03   5.1763185e+03   4.4230584e+03   4.4373656e+03   4.9248840e+03   4.2735054e+03   5.1327996e+03   4.8591072e+03   5.1592532e+03   4.7977607e+03   5.0454206e+03   4.7028632e+03   4.7273720e+03   4.7650100e+03   4.8946732e+03   5.2477894e+03   4.8718121e+03   4.0463568e+03   4.4103199e+03   4.9095459e+03   4.4575072e+03   5.0411238e+03
   4.7677327e+03   4.8003827e+03   4.5980267e+03   4.9953667e+03   4.8628911e+03   5.3382660e+03   5.3381374e+03   4.7726215e+03   4.7940467e+03   5.1763185e+03   4.4230584e+03   4.4373656e+03   4.9248840e+03   4.2735054e+03   5.1327996e+03   4.8591072e+03   5.1592532e+03   4.7977607e+03   5.0454206e+03   4.7028632e+03   4.7273720e+03   4.7650100e+03   4.8946732e+03   5.2477894e+03   4.8718121e+03   4.0463568e+03   4.4103199e+03   4.9095459e+03   4.4575072e+03   5.0411238e+03
   4.7677327e+03   4.8003827e+03   4.5980267e+03   4.9953667e+03   4.8628911e+03   5.3382660e+03   5.3381374e+03   4.7726215e+03   4.7940467e+03   5.1763185e+03   4.4230584e+03   4.4373656e+03   4.9248840e+03   4.2735054e+03   5.1327996e+03   4.8591072e+03   5.1592532e+03   4.7977607e+03   5.0454206e+03   4.7028632e+03   4.7273720e+03   4.7650100e+03   4.8946732e+03   5.2477894e+03   4.8718121e+03   4.0463568e+03   4.4103199e+03   4.9095459e+03   4.4575072e+03   5.0411238e+03
   4.7677327e+03   4.8003827e+03   4.5980267e+03   4.9953667e+03   4.8628911e+03   5.3382660e+03   5.3381374e+03   4.7726215e+03   4.7940467e+03   5.1763185e+03   4.4230584e+03   4.4373656e+03   4.9248840e+03   4.2735054e+03   5.1327996e+03   4.8591072e+03   5.1592532e+03   4.7977607e+03   5.0454206e+03   4.7028632e+03   4.7273720e+03   4.7650100e+03   4.8946732e+03   5.2477894e+03   4.8718121e+03   4.0463568e+03   4.4103199e+03   4.9095459e+03   4.4575072e+03   5.0411238e+03
   4.7677327e+03   4.5007138e+03   4.5980267e+03   4.9131349e+03   4.8628911e+03   4.9516457e+03   4.9853860e+03   4.7726215e+03   4.7940467e+03   4.7878278e+03   4.4230584e+03   4.4373656e+03   4.6320090e+03   4.2735054e+03   5.0226938e+03   4.6741081e+03   4.9456049e+03   4.6386545e+03   5.0454206e+03   4.7028632e+03   4.7273720e+03   4.7650100e+03   4.8946732e+03   5.0459134e+03   4.8718121e+03   4.0463568e+03   4.3018107e+03   4.9095459e+03   4.4421326e+03   5.0411238e+03
   4.7677327e+03   4.5007138e+03   4.5980267e+03   4.9131349e+03   4.8628911e+03   4.9516457e+03   4.9853860e+03   4.7726215e+03   4.7940467e+03   4.7878278e+03   4.4230584e+03   4.4373656e+03   4.6320090e+03   4.2735054e+03   5.0226938e+03   4.6741081e+03   4.9456049e+03   4.6386545e+03   5.0454206e+03   4.7028632e+03   4.7273720e+03   4.7650100e+03   4.8946732e+03   5.0459134e+03   4.8718121e+03   4.0463568e+03   4.3018107e+03   4.9095459e+03   4.4421326e+03   5.0411238e+03
   4.2143522e+03   4.3808870e+03   4.3872837e+03   4.4296580e+03   4.8628911e+03   4.9128228e+03   4.7331232e+03   4.6837858e+03   4.4489932e+03   4.7878278e+03   4.4230584e+03   4.4373656e+03   4.6320090e+03   4.2730304e+03   4.8646618e+03   4.6251325e+03   4.8132415e+03   4.6386545e+03   4.7820845e+03   4.6828037e+03   4.0344459e+03   4.6250432e+03   4.7401335e+03   4.8805832e+03   4.8691868e+03   3.9785564e+03   4.3018107e+03   4.3506906e+03   4.2076776e+03   4.9407042e+03
   3.8769129e+03   4.3756354e+03   4.1740560e+03   4.1250194e+03   4.6391194e+03   4.5708876e+03   4.1654635e+03   4.4361818e+03   4.3008378e+03   4.4841630e+03   4.2281560e+03   4.1372320e+03   4.6127014e+03   3.8087680e+03   4.7137870e+03   4.3718506e+03   4.2624358e+03   4.3941880e+03   4.5758851e+03   4.4392145e+03   3.5601968e+03   4.3305263e+03   4.6631210e+03   4.6509731e+03   4.2062873e+03   3.9785564e+03   4.1246285e+03   4.1680908e+03   4.1344805e+03   4.6799905e+03
   3.6273073e+03   4.3161873e+03   4.0570701e+03   3.5384508e+03   3.3130835e+03   4.5107911e+03   3.9305482e+03   4.3910338e+03   3.8918626e+03   4.3642972e+03   3.7898981e+03   4.0008388e+03   4.3718723e+03   3.6497571e+03   4.2012722e+03   3.8462146e+03   4.0239024e+03   4.1596426e+03   3.6602713e+03   4.3707935e+03   3.5488585e+03   4.1645982e+03   4.5062231e+03   4.3513725e+03   3.8895114e+03   3.9249233e+03   4.1246285e+03   4.0496428e+03   4.0906592e+03   4.3551521e+03
   3.3838358e+03   3.4821669e+03   2.6021322e+03   3.3125516e+03   3.2380203e+03   3.5714584e+03   3.6434790e+03   3.8212144e+03   3.3708345e+03   3.2418139e+03   3.6318903e+03   3.5925607e+03   3.8837013e+03   3.5405526e+03   3.6949965e+03   3.7563323e+03   3.3802419e+03   3.7044801e+03   3.4496236e+03   3.6333037e+03   3.1984892e+03   3.7990898e+03   3.8854964e+03   3.2747736e+03   3.2713145e+03   3.4083547e+03   3.4671404e+03   3.7518654e+03   3.5711189e+03   3.4650973e+03
   2.9136430e+03   2.5204182e+03   1.6910162e+03   2.6393386e+03   2.6598787e+03   2.9049520e+03   2.9504640e+03   3.0634035e+03   2.7626500e+03   2.7633140e+03   2.7540513e+03   2.6314675e+03   2.2127632e+03   2.9954069e+03   2.9197359e+03   2.7874618e+03   2.6768958e+03   2.4162953e+03   2.3470081e+03   2.6913152e+03   2.3630440e+03   2.6979916e+03   3.1760736e+03   2.7948112e+03   2.8280420e+03   2.7941532e+03   2.8314053e+03   2.9405689e+03   2.7347321e+03   2.6199136e+03
   1.4048628e+03   1.6037347e+03   1.5495809e+03   1.9095779e+03   1.7947866e+03   1.5320428e+03   1.8871545e+03   1.9915145e+03   1.9059379e+03   1.7928925e+03   1.9242930e+03   1.8389019e+03   1.6971049e+03   1.8630788e+03   2.0360030e+03   1.7867756e+03   1.7010226e+03   1.8107638e+03   1.8245702e+03   1.6974733e+03   1.6846523e+03   1.9685536e+03   1.7956380e+03   1.8345616e+03   2.0871248e+03   1.8716823e+03   1.8816670e+03   1.8009376e+03   1.7119188e+03   1.7477110e+03
   6.6451623e+02   9.6370693e+02   9.5015387e+02   5.8848126e+02   8.6803521e+02   9.1912593e+02   9.7402412e+02   9.3541697e+02   8.8239354e+02   6.1252143e+02   8.8748996e+02   8.5189456e+02   9.6610979e+02   9.1567401e+02   8.6648874e+02   9.8360045e+02   9.3199793e+02   6.5824327e+02   8.3980959e+02   5.7730227e+02   9.0224908e+02   9.7402808e+02   7.4445218e+02   8.9639908e+02   9.6163352e+02   8.4417077e+02   8.9085715e+02   9.9449768e+02   8.7708741e+02   8.1648500e+02
   2.0887237e+02   1.9523815e+02   1.3145290e+02   1.5338267e+02   1.1751976e+02   2.1779740e+02   2.0606187e+02   2.1171184e+02   1.0443573e+02   1.4997340e+02   1.9420110e+02   1.4125100e+02   1.4543793e+02   1.2723600e+02   1.3874597e+02   1.2265949e+02   1.8859926e+02   1.1235184e+02   1.7866892e+02   1.4570709e+02   1.2777106e+02   2.2178061e+02   1.9830848e+02   1.6819729e+02   1.5023365e+02   1.9763515e+02   1.5270241e+02   1.9978100e+02   1.8486469e+02   7.2865447e+01
   0.0000000e+00   0.0000000e+00   0.0000000e+00   0.0000000e+00   0.0000000e+00   0.0000000e+00   0.0000000e+00   0.0000000e+00   0.0000000e+00   0.0000000e+00   0.0000000e+00   0.0000000e+00   0.0000000e+00   0.0000000e+00   0.0000000e+00   0.0000000e+00   0.0000000e+00   0.0000000e+00   0.0000000e+00   0.0000000e+00   0.0000000e+00   0.0000000e+00   0.0000000e+00   0.0000000e+00   0.0000000e+00   0.0000000e+00   0.0000000e+00   0.0000000e+00   0.0000000e+00   0.0000000e+00
