   1.0868412e+05   1.9340092e+05   2.2593357e+04   1.4336360e+05   1.0347286e+05   2.0603148e+04   1.0975115e+05   9.9625937e+03   1.4314009e+05   8.1142971e+04   1.3324407e+05   1.7771478e+05   2.1995867e+05   4.3070105e+04   3.8607366e+05   5.2575888e+04   6.3549078e+04   4.4195089e+04   8.9941098e+04   4.1576784e+04   7.2491437e+03   1.0278158e+04   2.4471401e+05   1.9522458e+05   1.1447028e+05   3.7762636e+04   6.2416206e+05   5.8083797e+04   6.6995314e+04   8.5657423e+04
   1.0868412e+05   1.9340092e+05   2.2593357e+04   1.4336360e+05   1.0347286e+05   2.0603148e+04   1.0975115e+05   9.9625937e+03   1.4314009e+05   8.1142971e+04   1.3324407e+05   1.7771478e+05   2.1995867e+05   4.3070105e+04   3.8607366e+05   5.2575888e+04   6.3549078e+04   4.4195089e+04   8.9941098e+04   4.1576784e+04   7.2491437e+03   1.0278158e+04   2.4471401e+05   1.9522458e+05   1.1447028e+05   3.7762636e+04   6.2416206e+05   5.8083797e+04   6.6995314e+04   8.5657423e+04
   1.0868412e+05   1.9340092e+05   2.2593357e+04   1.4336360e+05   1.0347286e+05   2.0603148e+04   1.0975115e+05   9.9625937e+03   1.4314009e+05   8.1142971e+04   1.3324407e+05   1.7771478e+05   2.1995867e+05   4.3070105e+04   3.8607366e+05   5.2575888e+04   6.3549078e+04   4.4195089e+04   8.9941098e+04   4.1576784e+04   7.2491437e+03   1.0278158e+04   2.4471401e+05   1.9522458e+05   1.1447028e+05   3.7762636e+04   6.2416206e+05   5.8083797e+04   6.6995314e+04   8.5657423e+04
   3.7176412e+03   1.9340092e+05   2.2593357e+04   1.4336360e+05   1.0347286e+05   2.0603148e+04   1.0975115e+05   9.9625937e+03   6.3998116e+04   8.1142971e+04   1.3324407e+05   1.0704699e+05   2.1995867e+05   4.3070105e+04   3.7345908e+05   5.2575888e+04   6.3549078e+04   4.0019823e+04   8.3763255e+04   4.1576784e+04   7.2491437e+03   1.0278158e+04   1.6487998e+05   1.9522458e+05   1.1447028e+05   3.4404303e+04   5.3904730e+05   5.8083797e+04   6.6995314e+04   8.3949213e+04
   3.7176412e+03   1.7233069e+05   2.2593357e+04   1.3346529e+05   1.0226222e+05   2.0603148e+04   1.0520481e+05   9.9625937e+03   6.3998116e+04   8.1142971e+04   1.3248172e+05   4.5361285e+04   2.1673696e+05   1.7987310e+04   1.9722549e+05   5.2575888e+04   6.3549078e+04   3.5384682e+04   8.3763255e+04   4.1576784e+04   7.2491437e+03   7.7735249e+03   1.6469282e+05   1.7799364e+05   1.1447028e+05   3.0946908e+04   3.3523994e+05   5.8083797e+04   6.6995314e+04   8.1065261e+04
   3.7176412e+03   1.6453796e+05   2.2452401e+04   1.3346529e+05   5.5941252e+04   2.0603148e+04   1.0520481e+05   9.1682788e+03   6.3998116e+04   6.1592533e+04   1.3248172e+05   4.5081113e+04   1.2133327e+05   1.7987310e+04   1.2688596e+05   5.2575888e+04   4.0595493e+04   2.6203421e+04   7.9091245e+04   2.8777414e+04   7.2491437e+03   7.7735249e+03   1.3117549e+05   6.6688572e+04   1.1445460e+05   3.0946908e+04   2.9788513e+05   5.1314541e+04   6.6995314e+04   7.8082942e+04
   3.1883706e+03   5.8550442e+04   6.1431731e+03   1.3346529e+05   5.5941252e+04   7.2045204e+03   1.0396398e+05   9.1682788e+03   2.9503117e+04   6.0624796e+04   1.0579352e+05   3.3435347e+04   7.6051637e+04   1.7987310e+04   3.7006653e+04   4.9835759e+04   3.4782882e+04   2.5301703e+04   2.2570704e+04   2.8777414e+04   7.2491437e+03   7.7735249e+03   1.0789906e+04   3.7572122e+04   1.1445460e+05   3.0946908e+04   1.2582176e+05   2.3313411e+04   4.5446259e+04   3.4937083e+04
   3.1883706e+03   4.7079244e+04   6.1431731e+03   6.4772924e+04   3.0353146e+04   3.9868660e+03   6.3408340e+04   9.1682788e+03   2.4856811e+04   1.9682598e+04   4.1432360e+04   3.1447845e+04   4.6685137e+04   4.7488279e+03   1.7596004e+04   4.8833456e+04   1.8026190e+04   2.4946004e+04   2.2570704e+04   2.1299345e+04   7.2491437e+03   6.2676798e+03   3.4850548e+03   3.0064198e+04   1.7988702e+04   1.3535349e+04   3.7455444e+04   9.3518205e+03   4.1091926e+04   3.0506264e+04
   3.1883706e+03   2.5112922e+04   2.5014786e+03   4.8466014e+03   6.0418258e+03   6.2635898e+02   7.2091626e+03   8.0181219e+03   2.1902818e+04   1.8935655e+04   4.1432360e+04   2.9427723e+04   1.2472893e+04   8.1559420e+02   4.7018083e+02   4.7507731e+04   3.2970685e+03   1.5909727e+04   6.1147895e+03   1.4095652e+04   6.6911102e+02   4.5321688e+03   2.8803737e+03   2.4020099e+04   1.6088026e+04   2.4252081e+03   1.4400675e+04   9.2550447e+03   3.2490482e+04   1.9183439e+04
   2.5452463e+03   1.0846561e+04   2.5014786e+03   2.1148292e+03   2.2308381e+03   8.3245012e+01   9.8912222e+02   7.9844762e+03   8.1085130e+03   8.8727702e+03   1.3568404e+03   7.3577203e+03   7.5083602e+03   7.3234738e+02   2.0150321e+02   1.9174953e+04   2.0160233e+03   1.1899377e+04   5.5015419e+03   9.1478133e+03   6.5626349e+02   3.8146963e+03   2.6292994e+03   1.6381794e+04   1.4454810e+04   1.4316947e+02   4.1908590e+03   3.6145826e+03   6.1822138e+03   8.2667582e+03
   2.0538257e+03   1.0327178e+03   9.8256073e+02   1.3387699e+03   7.4163774e+02   2.0378044e+01   6.0629758e+02   1.1498653e+03   5.8729232e+02   2.0213614e+03   3.1656971e+02   1.3877809e+03   6.2928253e+02   2.0509040e+02   1.0539394e+02   1.5387577e+03   3.2146392e+02   4.3148898e+03   2.8064837e+03   9.7861517e+02   2.8952680e+02   1.1949264e+03   7.9886939e+02   4.6628325e+03   2.3222756e+03   7.4116819e+01   4.0453608e+03   6.0234271e+02   3.1116388e+03   3.4631288e+02
   3.8239260e+02   2.2800689e+02   8.7281369e+01   2.1942581e+02   2.7858625e+02   1.3624026e+01   6.9351443e+01   3.7406329e+02   7.8992998e+01   3.8938609e+01   7.7030001e+01   2.1382388e+02   1.0038454e+02   1.6204295e+02   1.5457776e+01   1.0257101e+02   5.4155679e+01   8.7990694e+02   1.9990778e+02   2.6466932e+02   2.2474402e+01   7.6284424e+01   8.1271303e+01   4.8570707e+02   1.1694688e+02   2.5006207e+01   1.7537409e+02   7.9813891e+01   7.0738157e+02   4.1389444e+01
   3.0930583e+01   2.7251491e+01   2.2648307e+01   2.1656072e+01   2.2269339e+01   1.0133392e+01   1.4258817e+01   2.1690433e+01   2.7104976e+01   8.5750319e+00   9.2764020e+00   3.3075076e+01   8.8075758e+00   2.2930470e+01   6.4416253e+00   1.9953034e+01   1.2199770e+01   2.3349274e+01   3.2883264e+01   2.4528369e+01   1.4801157e+01   1.3237448e+01   2.4328941e+01   3.7671537e+01   1.8174074e+01   1.2687395e+01   1.2571635e+01   2.7949383e+01   1.8759866e+01   9.8251796e+00
   6.1466278e+00   4.3896392e+00   5.2742912e+00   5.1038342e+00   4.6140038e+00   5.2526766e+00   4.3267776e+00   2.6746052e+00   6.2436750e+00   2.0302524e+00   3.6194895e+00   5.2341821e+00   4.2952047e+00   4.4327838e+00   2.4021081e+00   5.9072205e+00   3.6528431e+00   3.4872704e+00   5.9764432e+00   3.7758439e+00   5.5014713e+00   3.3148198e+00   3.9780965e+00   5.0435192e+00   4.2345015e+00   4.3582608e+00   4.1793314e+00   4.0273432e+00   4.3455391e+00   4.4662619e+00
   2.9922674e-01   9.4277386e-01   1.5394055e+00   1.2113376e+00   1.4074356e+00   6.7095995e-01   1.0514796e+00   7.4986538e-01   7.4630208e-01   1.6449381e+00   8.4527683e-01   1.3264390e+00   6.3848567e-01   1.3788886e+00   1.1106665e+00   1.3512174e+00   1.4907338e+00   1.4202926e+00   9.9689479e-01   1.2162505e+00   1.1737629e+00   1.3130648e+00   1.7328243e+00   6.9338881e-01   1.0321298e+00   1.9496011e+00   1.1496241e+00   9.7578912e-01   1.4647834e+00   1.1933784e+00
   3.7311714e-05   2.9498418e-04   1.3727329e-03   1.1647379e-02   1.2899571e-02   1.3503188e-02   1.6008520e-02   1.8920031e-02   1.8955541e-02   2.4237472e-02   3.5000420e-02   3.6934754e-02   4.0261834e-02   4.2894613e-02   4.4002410e-02   4.5002457e-02   5.0790866e-02   5.2378211e-02   5.2635063e-02   5.8321952e-02   6.5569224e-02   6.6686687e-02   6.9474506e-02   7.0478342e-02   7.5825218e-02   8.5761373e-02   1.0901447e-01   1.0926376e-01   1.2030584e-01   1.2236903e-01
