   1.0383879e+03   8.8005429e+02   1.0179419e+03   1.0966076e+03   1.1713969e+03   1.0891623e+03   1.0743661e+03   7.0597711e+02   1.0617405e+03   8.3052662e+02   1.0832785e+03   6.8539084e+02   1.0265106e+03   1.0057606e+03   1.0154610e+03   8.6485851e+02   1.0750181e+03   9.3172486e+02   9.0135453e+02   1.0416510e+03   1.1884079e+03   1.1119015e+03   8.0192604e+02   1.1300401e+03   1.0263099e+03   1.1902584e+03   1.1020491e+03   9.9783105e+02   1.0448932e+03   9.6890570e+02
   1.0383879e+03   8.8005429e+02   1.0179419e+03   1.0966076e+03   1.1713969e+03   1.0891623e+03   1.0743661e+03   7.0597711e+02   1.0617405e+03   8.3052662e+02   1.0832785e+03   6.8539084e+02   1.0265106e+03   1.0057606e+03   1.0154610e+03   8.6485851e+02   1.0750181e+03   9.3172486e+02   9.0135453e+02   1.0416510e+03   1.1884079e+03   1.1119015e+03   8.0192604e+02   1.1300401e+03   1.0263099e+03   1.1902584e+03   1.1020491e+03   9.9783105e+02   1.0448932e+03   9.6890570e+02
   1.0383879e+03   8.8005429e+02   1.0179419e+03   1.0966076e+03   1.1713969e+03   1.0891623e+03   1.0743661e+03   7.0597711e+02   1.0617405e+03   8.3052662e+02   1.0832785e+03   6.8539084e+02   1.0265106e+03   1.0057606e+03   1.0154610e+03   8.6485851e+02   1.0750181e+03   9.3172486e+02   9.0135453e+02   1.0416510e+03   1.1884079e+03   1.1119015e+03   8.0192604e+02   1.1300401e+03   1.0263099e+03   1.1902584e+03   1.1020491e+03   9.9783105e+02   1.0448932e+03   9.6890570e+02
   1.0383879e+03   8.8005429e+02   1.0179419e+03   1.0966076e+03   1.1713969e+03   1.0891623e+03   1.0743661e+03   7.0597711e+02   1.0617405e+03   8.3052662e+02   1.0832785e+03   6.8539084e+02   1.0265106e+03   1.0057606e+03   1.0154610e+03   8.6485851e+02   1.0750181e+03   9.3172486e+02   9.0135453e+02   1.0416510e+03   1.1884079e+03   1.1119015e+03   8.0192604e+02   1.1300401e+03   1.0263099e+03   1.1902584e+03   1.1020491e+03   9.9783105e+02   1.0448932e+03   9.6890570e+02
   1.0383879e+03   8.8005429e+02   1.0179419e+03   1.0966076e+03   1.1713969e+03   1.0891623e+03   1.0743661e+03   7.0597711e+02   1.0617405e+03   8.3052662e+02   1.0832785e+03   6.8539084e+02   1.0265106e+03   1.0057606e+03   1.0154610e+03   8.6485851e+02   1.0750181e+03   9.3172486e+02   9.0135453e+02   1.0416510e+03   1.1884079e+03   1.1119015e+03   8.0192604e+02   1.1300401e+03   1.0263099e+03   1.1902584e+03   1.1020491e+03   9.9783105e+02   1.0448932e+03   9.6890570e+02
   1.0383879e+03   8.8005429e+02   1.0137396e+03   1.0532283e+03   1.1282931e+03   1.0276639e+03   1.0311865e+03   7.0597711e+02   1.0121187e+03   8.2982756e+02   1.0832785e+03   6.8539084e+02   9.9268300e+02   1.0057606e+03   9.9194799e+02   8.6485851e+02   1.0111935e+03   9.0865766e+02   9.0135453e+02   1.0123634e+03   1.1049475e+03   1.0622863e+03   7.3871542e+02   1.0639532e+03   1.0028628e+03   9.3008840e+02   1.0829137e+03   9.5344608e+02   1.0390450e+03   9.6890570e+02
   1.0383879e+03   8.8005429e+02   1.0137396e+03   1.0532283e+03   1.1282931e+03   1.0276639e+03   1.0311865e+03   7.0597711e+02   1.0121187e+03   8.2982756e+02   1.0832785e+03   6.8539084e+02   9.9268300e+02   1.0057606e+03   9.9194799e+02   8.6485851e+02   1.0111935e+03   9.0865766e+02   9.0135453e+02   1.0123634e+03   1.1049475e+03   1.0622863e+03   7.3871542e+02   1.0639532e+03   1.0028628e+03   9.3008840e+02   1.0829137e+03   9.5344608e+02   1.0390450e+03   9.6890570e+02
   9.7796643e+02   8.8005429e+02   9.2245529e+02   9.9147721e+02   1.0622050e+03   8.3122317e+02   1.0084153e+03   7.0334715e+02   1.0023946e+03   8.2794896e+02   1.0664186e+03   6.8539084e+02   9.9268300e+02   9.5066687e+02   8.8076935e+02   8.6485851e+02   9.5766324e+02   7.2600573e+02   8.6498463e+02   8.9224976e+02   7.9559107e+02   9.8689040e+02   7.0066278e+02   9.1152632e+02   9.6030426e+02   7.9938173e+02   1.0439414e+03   9.5302542e+02   8.9374473e+02   9.5708868e+02
   9.6879397e+02   7.4049598e+02   8.7122938e+02   8.2944141e+02   9.6687717e+02   8.0307785e+02   8.4213465e+02   6.9882746e+02   9.4584992e+02   8.2794896e+02   9.7639358e+02   6.0646435e+02   8.5231986e+02   7.0547438e+02   8.1419718e+02   8.5084097e+02   9.0589388e+02   7.1033661e+02   8.4841648e+02   8.0087806e+02   7.7189889e+02   8.6507728e+02   7.0066278e+02   8.7379679e+02   8.1497797e+02   7.7223227e+02   8.3192255e+02   7.9859629e+02   8.3554926e+02   8.0985291e+02
   7.3384293e+02   6.5099396e+02   6.7785185e+02   7.1726730e+02   6.2231989e+02   6.6472673e+02   6.7367155e+02   6.0304899e+02   6.2820209e+02   6.4594628e+02   7.4391508e+02   5.4294622e+02   7.6547206e+02   6.6996364e+02   7.3059108e+02   6.5167401e+02   5.4630415e+02   7.1033661e+02   5.2898496e+02   6.2184945e+02   7.7027272e+02   7.0611659e+02   6.5471002e+02   6.2729477e+02   5.8666558e+02   6.5201670e+02   7.4877790e+02   6.1152927e+02   6.6254907e+02   7.3541074e+02
   5.1828524e+02   3.8824163e+02   4.4877931e+02   5.2580050e+02   4.3614713e+02   3.6792896e+02   4.4120702e+02   4.5342774e+02   4.7052643e+02   4.5589794e+02   5.1715914e+02   3.7440220e+02   5.1155025e+02   5.2715468e+02   4.1338283e+02   3.4007369e+02   4.5228649e+02   4.6202635e+02   3.7668698e+02   4.2406244e+02   4.8402313e+02   3.9827583e+02   4.3388485e+02   4.9608156e+02   4.6680811e+02   4.3621079e+02   3.6163088e+02   4.2363322e+02   5.1471995e+02   4.0298027e+02
   2.3036696e+02   2.3137393e+02   2.2731357e+02   2.3173315e+02   2.2487178e+02   1.8534857e+02   2.2244013e+02   2.2265626e+02   1.8460097e+02   2.5154083e+02   1.8375675e+02   2.1099182e+02   1.8038836e+02   1.6586909e+02   1.9030142e+02   1.9454809e+02   2.4106758e+02   1.8112095e+02   1.8303960e+02   1.7488484e+02   2.1799772e+02   1.7131592e+02   2.2838972e+02   2.1577531e+02   2.2744948e+02   2.2979882e+02   2.2535583e+02   2.2111865e+02   1.8356987e+02   2.0536496e+02
   9.0563950e+01   8.0152596e+01   7.0584161e+01   9.4005649e+01   8.3382849e+01   7.7101003e+01   9.6081738e+01   9.3703748e+01   7.8334848e+01   6.5197432e+01   7.6680567e+01   8.7825306e+01   8.3287330e+01   9.2732437e+01   7.8293051e+01   6.1720424e+01   8.6534842e+01   8.7113528e+01   9.9388361e+01   7.0438767e+01   8.7974155e+01   8.4800643e+01   7.4032270e+01   7.3019704e+01   7.9238655e+01   9.1138480e+01   8.4103511e+01   7.7866949e+01   9.3550459e+01   9.8402750e+01
   2.0498846e+01   2.3189325e+01   1.8430160e+01   1.6186991e+01   2.2400342e+01   1.9736978e+01   2.1942846e+01   2.3190483e+01   1.7443536e+01   2.4155716e+01   2.1021037e+01   2.1572300e+01   1.5722502e+01   1.9643051e+01   2.4718734e+01   1.4903341e+01   1.8433110e+01   2.2101714e+01   2.7781889e+01   1.6364861e+01   2.3321878e+01   2.2020058e+01   2.4196338e+01   2.3686925e+01   1.7045650e+01   1.6232541e+01   2.2627402e+01   2.1314518e+01   2.4372699e+01   2.0431675e+01
   7.7927148e-03   5.8496516e-03   4.5149812e-03   3.8442876e-03   6.9221965e-03   4.6267617e-03   5.5801621e-03   4.7857040e-03   1.6319742e-03   5.1358903e-03   5.3339520e-03   6.3538918e-03   6.0914505e-03   8.4187511e-03   2.8061656e-03   6.0188991e-03   4.8232753e-03   6.2549698e-03   1.0673620e-02   4.4587449e-03   6.3521394e-03   3.7785552e-03   7.5402576e-03   7.1916159e-03   2.5683100e-03   7.3978764e-03   4.7696106e-03   4.0378100e-03   5.7646604e-03   4.1995831e-03
   0.0000000e+00   0.0000000e+00   0.0000000e+00   0.0000000e+00   0.0000000e+00   0.0000000e+00   0.0000000e+00   0.0000000e+00   0.0000000e+00   0.0000000e+00   0.0000000e+00   0.0000000e+00   0.0000000e+00   0.0000000e+00   0.0000000e+00   0.0000000e+00   0.0000000e+00   0.0000000e+00   0.0000000e+00   0.0000000e+00   0.0000000e+00   0.0000000e+00   0.0000000e+00   0.0000000e+00   0.0000000e+00   0.0000000e+00   0.0000000e+00   0.0000000e+00   0.0000000e+00   0.0000000e+00
