   5.1320180e+09   8.1876344e+09   8.9490361e+09   3.0103492e+09   5.6808638e+09   8.1152196e+09   7.2874409e+09   8.1185281e+09   8.0174899e+09   1.0153530e+10   8.1965240e+09   9.9515071e+09   1.0077466e+10   8.7634531e+09   7.0250492e+09   2.2213074e+09   4.0508369e+09   7.4970053e+09   6.8068003e+09   4.5181801e+09   3.8463959e+09   5.0654659e+09   8.8257170e+09   8.1583656e+09   4.6800935e+09   6.7914073e+09   6.3171790e+09   9.4184376e+09   1.1142060e+10   4.6180875e+09
   5.1320180e+09   8.1876344e+09   8.9490361e+09   3.0103492e+09   5.6808638e+09   8.1152196e+09   7.2874409e+09   8.1185281e+09   8.0174899e+09   1.0153530e+10   8.1965240e+09   9.9515071e+09   1.0077466e+10   8.7634531e+09   7.0250492e+09   2.2213074e+09   4.0508369e+09   7.4970053e+09   6.8068003e+09   4.5181801e+09   3.8463959e+09   5.0654659e+09   8.8257170e+09   8.1583656e+09   4.6800935e+09   6.7914073e+09   6.3171790e+09   9.4184376e+09   1.1142060e+10   4.6180875e+09
   5.1320180e+09   8.1876344e+09   8.9490361e+09   3.0103492e+09   5.6808638e+09   8.1152196e+09   7.2874409e+09   8.1185281e+09   8.0174899e+09   1.0153530e+10   8.1965240e+09   9.9515071e+09   1.0077466e+10   8.7634531e+09   7.0250492e+09   2.2213074e+09   4.0508369e+09   7.4970053e+09   6.8068003e+09   4.5181801e+09   3.8463959e+09   5.0654659e+09   8.8257170e+09   8.1583656e+09   4.6800935e+09   6.7914073e+09   6.3171790e+09   9.4184376e+09   1.1142060e+10   4.6180875e+09
   5.1320171e+09   7.5071431e+09   8.7240660e+09   3.0103492e+09   5.6808638e+09   5.8157612e+09   7.2874409e+09   8.1185281e+09   8.0174899e+09   7.8663519e+09   8.1965240e+09   8.3613013e+09   9.2457296e+09   8.7454177e+09   7.0250492e+09   2.2213074e+09   4.0508369e+09   7.4969972e+09   6.7873230e+09   4.5181801e+09   3.8463959e+09   5.0002296e+09   8.7147756e+09   7.3576413e+09   4.6800935e+09   6.7914073e+09   6.3171790e+09   8.8994663e+09   8.5827364e+09   4.6180875e+09
   5.1320171e+09   7.4255683e+09   8.7240660e+09   3.0103492e+09   5.6808638e+09   5.8157612e+09   7.2874409e+09   8.1185281e+09   8.0174899e+09   7.8663519e+09   6.5585756e+09   7.9575664e+09   7.4708497e+09   8.7454177e+09   5.6961053e+09   2.2213074e+09   4.0508369e+09   6.8821381e+09   6.2353753e+09   4.5181801e+09   3.8463959e+09   5.0002296e+09   6.1932648e+09   2.2760024e+09   4.6800935e+09   6.7914073e+09   5.9202721e+09   6.3671093e+09   8.4722909e+09   4.6180875e+09
   5.1320171e+09   5.7115759e+09   8.2875223e+09   3.0103492e+09   5.6808638e+09   5.8157612e+09   6.5178934e+09   8.1185281e+09   8.0174894e+09   7.8663519e+09   6.0801325e+09   3.5545304e+09   7.4708497e+09   4.1202143e+09   5.1179287e+09   2.1023573e+09   4.0508369e+09   5.9138780e+09   4.3870592e+09   4.5181801e+09   3.8463956e+09   4.2639212e+09   6.1932648e+09   2.2760024e+09   4.6800935e+09   6.7914073e+09   5.0910113e+09   6.3671093e+09   8.4722909e+09   4.6180875e+09
   5.1320171e+09   5.3676115e+09   5.2313014e+09   3.0103486e+09   3.7603566e+09   5.7294477e+09   5.5274214e+09   4.2649576e+09   7.7799450e+09   4.2126261e+09   5.8716273e+09   3.5545304e+09   4.7910466e+09   2.8437375e+09   4.4294259e+09   2.1023573e+09   4.0508369e+09   5.9138780e+09   3.2050856e+09   3.9823985e+09   3.8463956e+09   4.2639212e+09   5.9500231e+09   2.2760024e+09   3.3976665e+09   6.7914063e+09   3.7459625e+09   5.8096197e+09   6.3361808e+09   4.6180875e+09
   4.8681371e+09   2.8732487e+09   3.0232757e+09   2.9348132e+09   2.0429727e+09   4.7764827e+09   4.1459015e+09   3.2629547e+09   4.7411433e+09   3.9003947e+09   5.8716273e+09   2.6123904e+09   2.1918922e+09   2.4247873e+09   3.7571807e+09   1.4360107e+09   3.8150222e+09   3.5476557e+09   2.7464230e+09   3.8384460e+09   3.1922999e+09   3.9422491e+09   5.4334446e+09   2.2760024e+09   1.6566441e+09   2.7067765e+09   3.4505507e+09   1.8344142e+09   5.9493015e+09   2.1328929e+09
   3.5858148e+09   2.6723122e+09   2.1786881e+09   2.1152779e+09   1.7487689e+09   3.2091431e+09   2.9123608e+09   3.1554614e+09   2.5296187e+09   2.5302044e+09   4.3090493e+09   2.2211538e+09   1.8778856e+09   2.3736512e+09   2.5494533e+09   1.4360107e+09   3.8150094e+09   2.1222617e+09   1.3508120e+09   3.0497975e+09   2.0423853e+09   2.1108301e+09   2.6920832e+09   1.8722506e+09   1.1575636e+09   2.4702626e+09   2.2710103e+09   1.8140557e+09   2.6977340e+09   6.7090351e+08
   1.9226226e+09   5.8209514e+08   1.9103557e+09   5.3382581e+08   1.6943406e+09   1.8946798e+09   1.9068914e+09   1.0418946e+09   2.5192382e+09   1.8742624e+09   1.3956826e+09   7.0988927e+08   1.1258824e+09   1.6164051e+09   8.9405609e+08   1.1207036e+09   2.3453945e+09   1.0121697e+09   8.6106574e+08   1.5016545e+09   1.7048094e+09   1.5673254e+09   1.5956154e+09   1.3075194e+09   9.1039342e+08   9.2129832e+08   1.6218581e+09   1.8036715e+09   1.6456077e+09   6.2368923e+08
   4.5540790e+08   5.8086828e+08   4.7740319e+08   4.0585147e+08   5.5512683e+08   7.1568155e+08   6.3383849e+08   4.2792587e+08   9.2713326e+08   8.4676000e+08   1.2091080e+08   3.2963400e+08   5.6276786e+08   2.9867862e+08   4.2096014e+08   4.1443395e+08   1.0126397e+09   5.3293384e+08   3.2836136e+08   6.2708458e+08   3.8666233e+08   4.4045038e+08   4.4914057e+08   6.2871930e+08   3.0543181e+08   3.0316805e+08   6.2367395e+08   5.4117809e+08   5.0693773e+08   5.3773432e+08
   1.1320041e+08   1.3571442e+08   1.6258285e+08   1.0028375e+08   2.0567215e+08   9.2257240e+07   1.9368987e+08   1.3318135e+08   7.5801029e+07   6.2009748e+07   5.0048299e+07   1.3358533e+08   1.3838304e+08   1.0760643e+08   4.9084006e+07   1.6326559e+08   1.7714619e+08   9.6557506e+07   9.7680073e+07   7.6304232e+07   1.0955583e+08   2.0712115e+08   5.0065021e+07   7.1742758e+07   1.0854506e+08   1.1279228e+08   2.2654715e+08   2.2868029e+08   1.3386819e+08   1.0240657e+08
   2.8602535e+06   7.7474701e+06   3.6396625e+06   1.0321769e+07   4.3246522e+06   1.0439078e+06   4.4445000e+06   4.0763576e+06   4.7195650e+06   6.3686878e+06   1.0391202e+07   8.0931598e+06   5.1441890e+06   4.7213788e+06   2.6003853e+06   8.2673191e+06   3.8907907e+06   6.1924942e+06   4.8605298e+06   7.2641392e+06   7.5653487e+06   5.6676393e+06   1.1535775e+07   5.2636120e+06   5.8732875e+06   7.4676809e+06   1.1127632e+07   1.1483224e+07   1.0537611e+07   9.1998197e+06
   4.5391986e+04   4.6972191e+04   5.0501623e+04   4.9684432e+04   9.7674131e+04   1.1514013e+04   6.5861878e+04   7.6999900e+04   4.7250305e+04   5.4153104e+04   5.2885107e+04   4.9797846e+04   3.2455161e+04   4.3341478e+04   4.6507896e+04   6.5551413e+04   3.2453680e+04   4.1388911e+04   4.6755857e+04   5.2241799e+04   4.7280638e+04   5.2650600e+04   5.8809566e+04   5.8702802e+04   5.4882185e+04   2.5647909e+04   3.1737974e+04   2.9122594e+04   3.6695651e+04   4.7772643e+04
   2.3612393e-01   1.9155029e-01   1.8312443e-01   2.7513985e-01   2.0231084e-01   2.2908910e-01   1.0471732e-01   2.7342271e-01   1.5786468e-01   1.7896727e-01   2.6997308e-01   1.1931201e-01   1.6236371e-01   1.5023450e-01   2.3194461e-01   2.8610708e-01   1.6131957e-01   2.1976112e-01   2.1438603e-01   2.1305708e-01   2.1632865e-01   2.2115438e-01   2.2267931e-01   1.1676487e-01   1.6954930e-01   1.9367554e-01   3.2200206e-01   1.0436674e-01   1.8259962e-01   2.4933574e-01
   0.0000000e+00   0.0000000e+00   0.0000000e+00   0.0000000e+00   0.0000000e+00   0.0000000e+00   0.0000000e+00   0.0000000e+00   0.0000000e+00   0.0000000e+00   0.0000000e+00   0.0000000e+00   0.0000000e+00   0.0000000e+00   0.0000000e+00   0.0000000e+00   0.0000000e+00   0.0000000e+00   0.0000000e+00   0.0000000e+00   0.0000000e+00   0.0000000e+00   0.0000000e+00   0.0000000e+00   0.0000000e+00   0.0000000e+00   0.0000000e+00   0.0000000e+00   0.0000000e+00   0.0000000e+00
