   9.5627649e+05   3.2297127e+07   1.4611476e+07   4.9584617e+06   1.5378376e+07   5.5116875e+06   1.4861200e+07   3.0452432e+06   2.6562495e+07   2.2251758e+07   1.8126219e+07   1.2898402e+07   1.1019028e+07   7.9733033e+06   7.6685587e+06   1.7173828e+07   1.1262074e+07   4.3109958e+06   1.2543395e+07   1.8239403e+07   1.1752183e+07   2.2818702e+07   1.7088215e+07   1.3345624e+07   4.7223543e+06   8.1351058e+06   1.7393238e+07   1.1940684e+07   1.2950162e+07   7.8640497e+06
   9.5627649e+05   3.2297127e+07   1.4611476e+07   4.9584617e+06   1.5378376e+07   5.5116875e+06   1.4861200e+07   3.0452432e+06   2.6562495e+07   2.2251758e+07   1.8126219e+07   1.2898402e+07   1.1019028e+07   7.9733033e+06   7.6685587e+06   1.7173828e+07   1.1262074e+07   4.3109958e+06   1.2543395e+07   1.8239403e+07   1.1752183e+07   2.2818702e+07   1.7088215e+07   1.3345624e+07   4.7223543e+06   8.1351058e+06   1.7393238e+07   1.1940684e+07   1.2950162e+07   7.8640497e+06
   9.5627649e+05   3.2297127e+07   1.4611476e+07   4.9584617e+06   1.5378376e+07   5.5116875e+06   1.4861200e+07   3.0452432e+06   2.6562495e+07   2.2251758e+07   1.8126219e+07   1.2898402e+07   1.1019028e+07   7.9733033e+06   7.6685587e+06   1.7173828e+07   1.1262074e+07   4.3109958e+06   1.2543395e+07   1.8239403e+07   1.1752183e+07   2.2818702e+07   1.7088215e+07   1.3345624e+07   4.7223543e+06   8.1351058e+06   1.7393238e+07   1.1940684e+07   1.2950162e+07   7.8640497e+06
   9.5627649e+05   3.2297127e+07   1.4611476e+07   4.9584617e+06   1.5378376e+07   5.5116875e+06   1.4861200e+07   3.0452432e+06   2.6562495e+07   2.2251758e+07   1.8126219e+07   1.2898402e+07   1.1019028e+07   7.9733033e+06   7.6685587e+06   1.7173828e+07   1.1262074e+07   4.3109958e+06   1.2543395e+07   1.8239403e+07   1.1752183e+07   2.2818702e+07   1.7088215e+07   1.3345624e+07   4.7223543e+06   8.1351058e+06   1.7393238e+07   1.1940684e+07   1.2950162e+07   7.8640497e+06
   9.5627649e+05   3.2297127e+07   1.4611476e+07   4.9584617e+06   1.5378376e+07   5.5116875e+06   1.4861200e+07   3.0452432e+06   2.6562495e+07   2.2251758e+07   1.8126219e+07   1.2898402e+07   1.1019028e+07   7.9733033e+06   7.6685587e+06   1.7173828e+07   1.1262074e+07   4.3109958e+06   1.2543395e+07   1.8239403e+07   1.1752183e+07   2.2818702e+07   1.7088215e+07   1.3345624e+07   4.7223543e+06   8.1351058e+06   1.7393238e+07   1.1940684e+07   1.2950162e+07   7.8640497e+06
   9.5625531e+05   2.4541492e+07   1.4611472e+07   4.9584617e+06   1.5378376e+07   2.6409589e+06   1.4861200e+07   3.0452432e+06   2.6562495e+07   2.2251758e+07   1.8125435e+07   1.2023171e+07   8.9407398e+06   7.9733033e+06   7.6682350e+06   1.7173801e+07   7.1024789e+06   4.3109041e+06   1.2543395e+07   1.8239403e+07   1.1752173e+07   2.2818702e+07   1.7088215e+07   1.3345624e+07   4.7223543e+06   8.1351058e+06   1.7393238e+07   1.1940516e+07   1.0508805e+07   7.2284093e+06
   9.5625531e+05   2.4541492e+07   1.4611472e+07   4.9584617e+06   1.5378376e+07   2.6409589e+06   1.4861200e+07   3.0452432e+06   2.6562495e+07   2.2251758e+07   1.8125435e+07   1.2023171e+07   8.9407398e+06   7.9733033e+06   7.6682350e+06   1.7173801e+07   7.1024789e+06   4.3109041e+06   1.2543395e+07   1.8239403e+07   1.1752173e+07   2.2818702e+07   1.7088215e+07   1.3345624e+07   4.7223543e+06   8.1351058e+06   1.7393238e+07   1.1940516e+07   1.0508805e+07   7.2284093e+06
   9.5625531e+05   1.4409285e+07   1.4611470e+07   4.9584617e+06   1.5378376e+07   2.6409589e+06   1.4860542e+07   3.0452432e+06   1.5169787e+07   5.0108102e+06   1.1319499e+07   5.9282178e+06   8.9407229e+06   7.9732924e+06   7.6682172e+06   1.7173801e+07   7.1024789e+06   4.3109041e+06   1.2543395e+07   5.9907659e+06   1.1752154e+07   1.3601724e+07   1.7088215e+07   1.2225782e+07   4.7223543e+06   6.0873880e+06   8.2763617e+06   1.1940455e+07   9.2521768e+06   7.2283879e+06
   9.5625531e+05   6.4595349e+06   9.0789346e+06   1.0107019e+06   1.5378376e+07   2.6409589e+06   6.9615898e+06   2.4735507e+06   1.5169787e+07   5.0108014e+06   7.1177316e+06   5.9281559e+06   3.6402854e+06   7.9731311e+06   7.6389688e+06   1.1658514e+07   5.2558612e+06   4.3108802e+06   4.7516660e+06   1.3725418e+06   1.1752154e+07   7.0542570e+06   8.4242552e+06   1.2084850e+07   4.7221957e+06   4.4824854e+06   8.1608008e+06   4.8059065e+06   5.2437788e+06   7.2283649e+06
   9.5625531e+05   4.1237585e+06   7.9979321e+06   1.0106969e+06   4.6269544e+06   2.6399801e+06   2.8656746e+06   2.4641147e+06   4.3757166e+06   5.0107753e+06   2.8891550e+06   3.6567322e+06   3.6402370e+06   7.9731311e+06   5.0254842e+06   5.3884871e+06   1.6689182e+06   3.9820972e+06   4.7510919e+06   1.3723520e+06   1.1667199e+07   4.8999248e+06   8.4242552e+06   7.1634875e+06   4.7218339e+06   2.4404925e+06   3.1163534e+06   4.4822127e+06   3.9834626e+06   3.6036877e+06
   5.8575844e+05   3.4490094e+06   2.2215094e+06   1.0106969e+06   3.1634855e+06   1.9463563e+06   1.2208708e+06   2.0358884e+06   3.5726217e+06   3.9242902e+06   1.2069275e+06   1.3368712e+06   1.3161142e+06   6.5961762e+06   3.0038906e+06   3.5910278e+06   1.6683992e+06   1.8262213e+06   1.7383072e+06   1.3714899e+06   2.6790142e+06   3.6980313e+06   5.0112374e+06   3.2277854e+06   2.8216387e+06   2.3759532e+06   3.1163278e+06   2.8546118e+06   2.4655377e+06   3.3260428e+06
   5.8552137e+05   1.5979484e+06   1.1048901e+06   1.0102937e+06   1.1264591e+06   1.7100205e+06   1.0499621e+06   2.0356380e+06   8.4233555e+05   3.2732794e+06   8.2142621e+05   1.3365834e+06   7.7169887e+05   1.5706043e+06   2.5861135e+06   1.5227095e+06   1.3805645e+06   1.3474888e+06   6.8979462e+05   1.1198815e+06   2.0665799e+06   8.5011142e+05   1.0512736e+06   1.1358762e+06   1.6094826e+06   1.1318085e+06   1.5829115e+06   1.0637124e+06   1.6179669e+06   8.7067240e+05
   5.0997692e+05   5.7199610e+05   4.8759597e+05   2.9932893e+05   6.0753134e+05   2.8200923e+05   5.3591993e+05   5.6333475e+05   5.8584106e+05   8.3459212e+05   3.8364258e+05   7.4795551e+05   4.5817850e+05   6.9190658e+05   3.0738056e+05   8.6932198e+05   1.0040575e+06   8.1996416e+05   1.7767614e+05   7.0102883e+05   3.9790567e+05   6.6985336e+05   6.0813655e+04   8.7962439e+05   4.4569376e+05   5.3795228e+05   8.1385850e+05   8.0205379e+05   5.4604115e+05   3.9376820e+05
   1.1049143e+05   1.0665731e+05   3.5358590e+05   1.7129579e+05   2.2140846e+05   1.6929025e+05   1.5671126e+05   1.9801331e+05   1.9824903e+05   2.3285535e+05   8.9488764e+04   3.7372979e+05   1.4554682e+05   2.4961867e+05   3.0200204e+05   3.9184792e+05   3.7015565e+05   1.9720498e+05   1.1410267e+05   3.5482326e+05   2.8875065e+05   1.0045646e+05   5.8192846e+04   3.4846374e+05   2.9951546e+05   2.7866374e+05   5.3527077e+05   1.2406153e+05   1.0314955e+05   1.6715922e+05
   2.9021488e+04   9.5058923e+04   2.0448736e+05   1.4236291e+05   1.8954136e+05   1.1197487e+05   3.8214885e+04   5.2542921e+04   1.1882283e+05   8.4257687e+04   3.3222808e+04   1.1824356e+05   7.7917155e+04   1.1609341e+05   1.1435099e+05   1.4426566e+05   8.8078749e+04   4.2213908e+04   3.4517303e+04   2.2425911e+05   2.1129860e+05   9.1717757e+04   3.8982364e+04   3.7387505e+04   1.5196813e+04   8.5486954e+04   1.0500413e+05   9.3877746e+04   1.0301876e+05   1.6678905e+05
   0.0000000e+00   0.0000000e+00   0.0000000e+00   0.0000000e+00   0.0000000e+00   0.0000000e+00   0.0000000e+00   0.0000000e+00   0.0000000e+00   0.0000000e+00   0.0000000e+00   0.0000000e+00   0.0000000e+00   0.0000000e+00   0.0000000e+00   0.0000000e+00   0.0000000e+00   0.0000000e+00   0.0000000e+00   0.0000000e+00   0.0000000e+00   0.0000000e+00   0.0000000e+00   0.0000000e+00   0.0000000e+00   0.0000000e+00   0.0000000e+00   0.0000000e+00   0.0000000e+00   0.0000000e+00
