   3.5723156e+05   4.7489242e+05   3.3539898e+05   1.0917021e+06   7.2887941e+04   2.7548909e+05   4.6425416e+05   2.6597577e+05   2.5896977e+05   3.3097950e+05   9.9367077e+05   3.9772239e+05   8.7861528e+05   1.6848824e+06   1.1483334e+06   3.0772931e+05   1.7535388e+04   1.9959595e+06   1.8731101e+05   1.2383160e+06   9.4629271e+05   8.5889274e+05   1.6803109e+06   4.5236366e+04   5.0598705e+05   9.4314386e+05   3.5118083e+05   2.3447979e+05   6.0672340e+05   7.0602871e+05
   3.5723156e+05   4.7489242e+05   3.3539898e+05   1.0917021e+06   7.2887941e+04   2.7548909e+05   4.6425416e+05   2.6597577e+05   2.5896977e+05   3.3097950e+05   9.9367077e+05   3.9772239e+05   8.7861528e+05   1.6848824e+06   1.1483334e+06   3.0772931e+05   1.7535388e+04   1.9959595e+06   1.8731101e+05   1.2383160e+06   9.4629271e+05   8.5889274e+05   1.6803109e+06   4.5236366e+04   5.0598705e+05   9.4314386e+05   3.5118083e+05   2.3447979e+05   6.0672340e+05   7.0602871e+05
   3.5723156e+05   4.7489242e+05   3.3539898e+05   1.0917021e+06   7.2887941e+04   2.7548909e+05   4.6425416e+05   2.6597577e+05   2.5896977e+05   3.3097950e+05   9.9367077e+05   3.9772239e+05   8.7861528e+05   1.6848824e+06   1.1483334e+06   3.0772931e+05   1.7535388e+04   1.9959595e+06   1.8731101e+05   1.2383160e+06   9.4629271e+05   8.5889274e+05   1.6803109e+06   4.5236366e+04   5.0598705e+05   9.4314386e+05   3.5118083e+05   2.3447979e+05   6.0672340e+05   7.0602871e+05
   3.5722867e+05   4.7489242e+05   3.3539898e+05   6.3998097e+05   7.2883458e+04   2.7548909e+05   4.6425416e+05   2.6597577e+05   2.5896977e+05   3.3097950e+05   9.9367077e+05   1.7667823e+04   8.7826050e+05   1.6848824e+06   1.1483334e+06   3.0772931e+05   1.7535388e+04   5.4821438e+04   1.8731101e+05   1.2382897e+06   9.4629271e+05   5.6597396e+05   1.6803109e+06   4.5236366e+04   7.6754730e+04   1.3350184e+05   3.5118083e+05   2.3442504e+05   6.0663162e+05   7.0602871e+05
   3.5722867e+05   3.6237469e+05   3.3539898e+05   4.2679336e+05   4.6642163e+04   2.7548909e+05   4.6026148e+05   2.6596923e+05   2.5896977e+05   3.3097950e+05   9.9367077e+05   1.7667823e+04   8.7801071e+05   3.7890465e+05   7.9901223e+05   3.0768417e+05   1.7535388e+04   5.4821438e+04   1.8731101e+05   1.2382772e+06   1.9911568e+05   5.6594118e+05   1.6802584e+06   4.5236366e+04   7.6748095e+04   1.3350184e+05   3.5118083e+05   2.3442504e+05   1.4087298e+05   7.0602845e+05
   3.5722867e+05   3.6237449e+05   3.3539898e+05   2.5948455e+05   4.6642163e+04   2.7548909e+05   4.6026135e+05   2.6596923e+05   2.5896833e+05   1.7662163e+05   9.9367077e+05   1.7295707e+04   8.7799989e+05   3.7889161e+05   7.7012144e+04   3.0768417e+05   1.7535388e+04   5.4821438e+04   1.1993864e+05   1.2382772e+06   1.9911568e+05   5.6594118e+05   1.6801954e+06   4.5236349e+04   7.6533727e+04   1.3350184e+05   2.9335793e+05   2.3442504e+05   1.4075990e+05   1.2754484e+05
   3.5722867e+05   3.6237449e+05   3.3528216e+05   2.3477844e+04   4.6131113e+04   2.7548909e+05   1.7924808e+05   2.6596923e+05   1.8247749e+05   1.7633826e+05   9.9338150e+05   1.5927341e+04   9.6005927e+04   3.7889161e+05   7.7010042e+04   3.0768417e+05   1.7143798e+04   5.4818590e+04   1.1993864e+05   6.8431543e+05   1.9911568e+05   5.6593746e+05   1.0054539e+06   4.5236349e+04   7.6533727e+04   1.3350184e+05   1.3993443e+05   8.5654296e+04   1.4075990e+05   1.2754484e+05
   1.7185911e+05   3.6232980e+05   2.0456186e+04   2.3477844e+04   4.6038630e+04   9.1427121e+04   1.7924300e+05   2.6594257e+05   1.8247749e+05   1.7633739e+05   7.5080398e+04   1.5927341e+04   9.5932333e+04   2.0459132e+05   7.3517739e+04   3.0768417e+05   1.7143798e+04   5.4818493e+04   1.1991615e+05   3.9370568e+05   1.9911568e+05   1.5498852e+05   2.1640172e+05   4.5236349e+04   7.6209811e+04   1.3349274e+05   5.6944364e+04   2.8437357e+04   1.4073853e+05   3.1044575e+04
   1.1199101e+05   7.4068513e+04   2.0426898e+04   1.7074049e+04   4.6038630e+04   3.3090645e+04   1.7920890e+05   2.3982868e+05   1.8247749e+05   1.7613695e+05   7.5080398e+04   1.5927341e+04   9.5117124e+04   6.1492571e+04   7.3517736e+04   1.0345878e+05   1.7134064e+04   5.4676406e+04   5.4753156e+04   2.7462439e+05   1.9910447e+05   1.4908966e+05   1.8153546e+05   4.4987024e+04   3.0019113e+04   4.9496888e+04   5.6943989e+04   2.0639397e+04   1.4072782e+05   3.0966493e+04
   1.7692641e+04   5.0591536e+03   2.0359386e+04   1.7026408e+04   4.6038630e+04   3.3090204e+04   4.1755502e+04   2.3095353e+04   2.3722358e+04   8.4732258e+04   7.4418379e+04   1.5927341e+04   9.5117124e+04   6.1478446e+04   5.0310524e+04   3.0761859e+04   1.1791395e+04   5.4431424e+04   5.4241204e+04   1.3068301e+05   5.0105540e+04   4.4148424e+04   7.5461183e+04   4.4976270e+04   2.5096807e+04   4.9322520e+04   1.3361730e+04   2.0199868e+04   1.4072472e+05   1.2207792e+04
   1.7237197e+04   5.0478034e+03   2.0194769e+04   1.7000230e+04   3.2741878e+04   3.2932180e+04   4.1563080e+04   2.3076513e+04   1.7162084e+04   1.3243936e+04   1.6814395e+04   1.5871363e+04   3.0729187e+04   3.7526448e+03   5.0202779e+04   3.0429086e+04   1.1395754e+04   5.3978106e+04   1.2216998e+04   3.6095194e+03   5.0102993e+04   9.6994808e+03   5.2338797e+04   4.3830480e+04   1.3246057e+04   8.3145313e+03   1.3205175e+04   1.9507124e+03   4.7798493e+04   1.2182168e+04
   6.7572978e+03   5.0322213e+03   3.8543286e+03   1.4821517e+04   7.0000099e+03   3.0172257e+04   1.7467450e+03   2.3025209e+04   1.7084703e+04   1.3128393e+04   1.3342324e+04   1.1474994e+04   2.5607201e+04   3.6225391e+03   8.9014594e+03   2.9538642e+04   1.1229612e+04   5.5349045e+03   1.2092789e+04   3.4595212e+03   2.8496652e+04   6.7536555e+03   1.2030855e+04   1.7112307e+04   1.3190167e+04   4.2008758e+03   1.3180469e+04   1.4956936e+03   3.3552002e+04   1.1341132e+04
   6.4147202e+03   2.1901244e+03   3.8542626e+03   1.4673822e+04   6.7332067e+03   6.7174174e+03   1.3708066e+03   1.6868470e+04   1.5917514e+04   1.2264348e+04   1.4281809e+03   1.1463934e+04   1.7567655e+03   3.6119747e+03   8.8992469e+03   7.0455313e+03   9.0311331e+03   5.3094185e+03   8.5690981e+03   3.0280156e+03   2.5057935e+04   6.5468823e+03   1.1076578e+04   1.6740334e+04   1.2602862e+04   4.1979949e+03   1.0221400e+04   1.4700043e+03   5.2343725e+03   5.6580103e+03
   6.2166402e+03   2.1522436e+03   1.6619250e+03   9.3694421e+03   6.7290388e+03   1.3737585e+03   7.0413807e+02   8.4542670e+03   3.7816407e+03   2.4256579e+03   1.4175088e+03   1.5301271e+03   1.4325988e+03   5.0338383e+02   4.3060698e+03   1.0851444e+03   7.5544787e+03   3.1173898e+03   8.5452434e+03   2.7312096e+03   8.1100308e+03   4.7723915e+03   9.4769082e+03   6.1764375e+03   8.2064337e+03   9.8708255e+02   4.9767804e+02   6.5674249e+02   2.9697770e+03   3.6416039e+03
   3.1724092e+02   1.0605057e+02   3.7271524e+02   5.5291547e+02   2.0280282e+02   3.8389477e+02   3.8065690e+02   2.5734364e+02   3.3630960e+02   3.9909389e+02   4.7908389e+02   3.5151573e+02   2.4025221e+02   3.7619916e+02   3.3708502e+02   5.5886390e+02   6.5103011e+02   2.8172645e+02   4.3664752e+02   4.8559633e+02   5.6451458e+02   4.5150396e+02   5.9091995e+02   5.6895463e+02   5.9444355e+02   3.2910363e+02   3.7910812e+02   3.1802540e+02   4.7394748e+02   2.7851987e+02
   1.3146199e-01   1.4800403e-01   1.7721184e-01   1.8444330e-01   1.9075921e-01   2.0465837e-01   2.0690240e-01   2.1504248e-01   2.6568912e-01   2.7090946e-01   2.9081718e-01   2.9849949e-01   3.1236111e-01   3.2371890e-01   3.6245359e-01   4.2909726e-01   4.3063491e-01   5.1288303e-01   5.2285492e-01   5.3446248e-01   5.7326057e-01   5.7327554e-01   6.1037701e-01   6.2858002e-01   6.5675086e-01   6.5755583e-01   6.9976176e-01   8.0873410e-01   8.3405034e-01   9.5730444e-01
