   1.8085287e+04   4.7552324e+04   2.0295769e+04   2.6728704e+04   6.1107711e+03   1.3099742e+03   2.3360123e+04   2.8832236e+04   8.3719521e+03   4.2290741e+04   1.2503632e+04   1.2240482e+04   1.7987001e+04   5.6104891e+03   7.1537398e+03   4.2401508e+04   2.1286074e+03   4.4177097e+04   1.5978961e+04   5.5221407e+03   9.0132641e+04   2.8868892e+04   2.1801906e+04   3.2301365e+04   2.6539952e+04   1.8846201e+04   3.0111892e+04   1.7294609e+04   1.2148756e+04   1.6241570e+04
   1.8085287e+04   4.7552324e+04   2.0295769e+04   2.6728704e+04   6.1107711e+03   1.3099742e+03   2.3360123e+04   2.8832236e+04   8.3719521e+03   4.2290741e+04   1.2503632e+04   1.2240482e+04   1.7987001e+04   5.6104891e+03   7.1537398e+03   4.2401508e+04   2.1286074e+03   4.4177097e+04   1.5978961e+04   5.5221407e+03   9.0132641e+04   2.8868892e+04   2.1801906e+04   3.2301365e+04   2.6539952e+04   1.8846201e+04   3.0111892e+04   1.7294609e+04   1.2148756e+04   1.6241570e+04
   1.8085287e+04   4.7552324e+04   2.0295769e+04   2.6728704e+04   6.1107711e+03   1.3099742e+03   2.3360123e+04   2.8832236e+04   8.3719521e+03   4.2290741e+04   1.2503632e+04   1.2240482e+04   1.7987001e+04   5.6104891e+03   7.1537398e+03   4.2401508e+04   2.1286074e+03   4.4177097e+04   1.5978961e+04   5.5221407e+03   9.0132641e+04   2.8868892e+04   2.1801906e+04   3.2301365e+04   2.6539952e+04   1.8846201e+04   3.0111892e+04   1.7294609e+04   1.2148756e+04   1.6241570e+04
   1.4825083e+03   4.0805884e+04   2.0295769e+04   2.6728704e+04   5.9666193e+03   1.3099742e+03   1.7319040e+04   2.8832236e+04   8.1443395e+03   2.1126307e+04   1.2503632e+04   1.1248744e+04   1.7987001e+04   5.5334311e+03   6.1018421e+03   2.9466251e+04   1.3766170e+03   4.2510045e+03   1.0052734e+04   5.3858931e+03   3.5804268e+04   2.3340434e+04   1.1600688e+04   3.2301365e+04   1.9568048e+04   1.7374271e+04   2.3117119e+04   8.1492680e+03   8.3131536e+02   1.4601740e+04
   1.4825083e+03   2.0998523e+04   1.9637528e+04   2.6728704e+04   6.2177186e+02   1.3099742e+03   1.2434908e+04   2.8305406e+04   6.3549272e+03   2.1126307e+04   1.1040541e+04   1.1248744e+04   4.0130927e+03   5.5334311e+03   5.6515312e+03   2.2492584e+03   1.3766170e+03   4.2510045e+03   1.0052734e+04   1.8752461e+03   1.1402628e+04   2.3340434e+04   6.3407177e+03   2.1441199e+04   1.9568048e+04   1.0850838e+04   1.2528302e+04   1.6087081e+03   8.3131536e+02   6.3256801e+03
   1.4825083e+03   1.1142819e+04   6.3448206e+03   1.1159659e+03   6.2177186e+02   1.1175039e+03   1.1976950e+04   1.9685653e+04   5.5785770e+03   2.1126307e+04   8.4792290e+03   1.1248744e+04   4.0130927e+03   5.5334311e+03   2.7507421e+03   2.2492584e+03   1.3766170e+03   3.2273599e+03   8.8071317e+03   1.8752461e+03   6.4140604e+03   8.4124066e+03   5.6132964e+03   9.5925964e+03   5.2268117e+03   8.2486561e+03   1.2333153e+04   1.6087081e+03   8.3131536e+02   3.6359487e+02
   1.4190735e+03   3.0525704e+03   4.3306518e+03   3.3122668e+02   6.2177186e+02   1.8165527e+02   2.7392044e+03   1.2671460e+04   8.9104513e+02   4.3869344e+03   8.4792290e+03   2.0146418e+03   3.4138906e+03   2.7487159e+02   2.7507421e+03   2.9982185e+02   9.1134456e+02   1.2191080e+03   3.9800546e+03   9.8546212e+02   6.4140604e+03   8.4124066e+03   6.7481606e+02   6.3554164e+03   1.0761958e+03   2.5033832e+03   4.4936906e+03   1.6087081e+03   7.3929642e+02   3.6359487e+02
   3.5546450e+02   1.2758493e+03   1.0190797e+02   1.1869720e+02   5.4964819e+02   1.4504250e+02   8.8676265e+02   6.2895257e+02   9.3994891e+01   5.6557553e+02   7.5235886e+01   1.7116415e+02   4.6812005e+02   2.0940496e+02   2.1448657e+02   1.8507722e+02   1.2193465e+02   1.1229902e+03   7.5534286e+02   4.6410850e+02   1.0063887e+03   1.0126333e+03   5.0233554e+02   4.1741400e+03   8.6480065e+02   8.5130643e+02   1.2190729e+03   1.1803499e+03   1.1250031e+02   3.6359487e+02
   1.7820468e+02   3.5818688e+01   7.0253891e+01   4.9299418e+01   1.5408684e+02   1.1837467e+02   2.6097688e+01   6.9064579e+01   9.3796180e+01   1.4698828e+02   7.1541859e+01   1.7116415e+02   4.2979003e+01   3.6956824e+01   1.8555192e+02   1.1331412e+02   7.8214592e+01   2.2083618e+02   3.3224890e+02   1.0196290e+02   7.8981963e+01   2.7411194e+02   2.3646687e+01   4.2597537e+02   6.1249197e+01   3.2798996e+02   1.4757188e+02   1.1438927e+02   5.6504795e+01   5.4733905e+01
   3.6901902e+01   8.2686214e+00   1.9928524e+01   2.2811200e+01   4.3494067e+01   3.2804626e+01   1.6315760e+01   1.7789004e+01   2.3803253e+01   1.1875100e+01   3.5739584e+01   3.8570022e+01   1.4234685e+01   2.6658523e+01   1.5985951e+01   1.5556614e+01   1.7970391e+01   5.5472229e+01   2.6274555e+01   2.1939220e+01   1.8978739e+01   1.4504571e+01   8.5143001e+00   1.0210444e+01   2.2080925e+01   1.3463962e+01   3.2461912e+01   2.3245906e+01   9.8702666e+00   1.3732711e+01
   9.0853500e+00   7.2738486e+00   7.8458692e+00   8.9144783e+00   9.6816264e+00   6.4848251e+00   5.8594000e+00   7.9120484e+00   7.4554983e+00   5.1775037e+00   8.8810503e+00   7.9013267e+00   1.0141022e+01   1.0553438e+01   6.7361936e+00   7.4056859e+00   6.6647686e+00   6.2709990e+00   9.3288679e+00   9.8480859e+00   9.9860800e+00   8.3793061e+00   8.1023021e+00   6.6445622e+00   6.4284958e+00   6.4787232e+00   9.7381678e+00   8.3050378e+00   6.3717518e+00   9.5640443e+00
   4.6867076e+00   6.6388870e+00   1.1765570e+00   3.5642235e+00   4.3582452e+00   1.0370376e+00   1.9798757e+00   3.8834525e+00   1.7509634e+00   2.7268255e+00   4.1023915e+00   4.5689990e+00   3.3704523e+00   3.6022549e+00   3.3614379e+00   5.3239879e+00   4.2587843e+00   5.2106660e+00   3.5646133e+00   2.5818524e+00   4.8513815e+00   4.6642449e+00   4.1659128e+00   3.4531951e+00   3.9277095e+00   3.6956763e+00   4.6052890e+00   5.2079209e+00   4.5854462e+00   3.8512167e+00
   7.6474371e-02   2.2325449e+00   1.0268022e+00   1.3652389e+00   1.1101256e+00   4.7996814e-01   8.8114055e-01   4.1615016e-01   7.5660632e-01   2.1382628e+00   1.1971816e+00   2.3360876e+00   1.4950681e+00   2.2239553e+00   1.3887584e+00   2.6128986e+00   2.0857571e+00   1.4348569e+00   1.4485307e+00   2.2121407e+00   2.2417918e+00   1.8981356e+00   2.7277397e+00   1.2257259e+00   2.2346858e+00   2.1254383e+00   1.7158184e+00   1.3497666e+00   1.5329792e+00   2.2589287e+00
   2.0727660e-02   6.4450259e-01   1.4024376e-01   1.2840427e-01   7.4446279e-01   1.3437144e-01   4.0629843e-04   3.9123886e-01   1.1814226e-03   6.0536480e-01   1.3324638e-01   5.4162389e-01   3.3830684e-01   6.7560472e-01   1.9601142e-01   5.2361910e-01   5.0925442e-01   4.3908098e-02   5.9631311e-05   2.4969172e-01   4.1637706e-01   3.3245832e-01   3.7784677e-02   1.0809944e-04   5.4089633e-01   2.9754203e-01   4.6656862e-02   3.0014722e-01   2.6460144e-01   5.7696865e-01
   1.5712401e-02   2.5729323e-03   5.1916375e-02   6.8361906e-04   3.4880896e-03   2.6636434e-04   3.1090002e-04   2.1362949e-03   7.4689876e-04   5.1541533e-02   1.5678603e-05   1.3016964e-02   1.5753867e-02   9.4928047e-02   1.5472432e-02   9.3982781e-02   8.0420831e-02   4.3282814e-02   4.4521485e-05   5.5325986e-05   9.1328573e-03   5.7469003e-03   2.3322685e-03   1.0809944e-04   1.9904193e-01   1.3192544e-02   1.5227255e-02   8.9608215e-02   2.4622771e-03   2.3380926e-02
   0.0000000e+00   0.0000000e+00   0.0000000e+00   0.0000000e+00   0.0000000e+00   0.0000000e+00   0.0000000e+00   0.0000000e+00   0.0000000e+00   0.0000000e+00   0.0000000e+00   0.0000000e+00   0.0000000e+00   0.0000000e+00   0.0000000e+00   0.0000000e+00   0.0000000e+00   0.0000000e+00   0.0000000e+00   0.0000000e+00   0.0000000e+00   0.0000000e+00   0.0000000e+00   0.0000000e+00   0.0000000e+00   0.0000000e+00   0.0000000e+00   0.0000000e+00   0.0000000e+00   0.0000000e+00
