   1.9655687e+03   1.7651996e+03   1.5338857e+03   2.3162067e+03   2.3162067e+03   1.3188291e+03   2.0985802e+03   1.8109198e+03   1.9266901e+03   1.6634786e+03   1.1649733e+03   1.7560155e+03   2.0178467e+03   2.2364924e+03   1.7521189e+03   2.2250904e+03   1.9183613e+03   1.9316042e+03   1.6977180e+03   1.7869980e+03   2.2278857e+03   2.1394142e+03   1.7546864e+03   1.5284380e+03   1.9318221e+03   1.6851962e+03   1.4815601e+03   2.2014146e+03   1.9295554e+03   2.1102506e+03
   1.9655687e+03   1.7651996e+03   1.5338857e+03   2.3162067e+03   2.3162067e+03   1.3188291e+03   2.0985802e+03   1.8109198e+03   1.9266901e+03   1.6634786e+03   1.1649733e+03   1.7560155e+03   2.0178467e+03   2.2364924e+03   1.7521189e+03   2.2250904e+03   1.9183613e+03   1.9316042e+03   1.6977180e+03   1.7869980e+03   2.2278857e+03   2.1394142e+03   1.7546864e+03   1.5284380e+03   1.9318221e+03   1.6851962e+03   1.4815601e+03   2.2014146e+03   1.9295554e+03   2.1102506e+03
   1.9655687e+03   1.7651996e+03   1.5338857e+03   2.3162067e+03   2.3162067e+03   1.3188291e+03   2.0985802e+03   1.8109198e+03   1.9266901e+03   1.6634786e+03   1.1649733e+03   1.7560155e+03   2.0178467e+03   2.2364924e+03   1.7521189e+03   2.2250904e+03   1.9183613e+03   1.9316042e+03   1.6977180e+03   1.7869980e+03   2.2278857e+03   2.1394142e+03   1.7546864e+03   1.5284380e+03   1.9318221e+03   1.6851962e+03   1.4815601e+03   2.2014146e+03   1.9295554e+03   2.1102506e+03
   1.9655687e+03   1.7651996e+03   1.5338857e+03   2.3162067e+03   2.3162067e+03   1.3188291e+03   2.0985802e+03   1.8109198e+03   1.9266901e+03   1.6634786e+03   1.1649733e+03   1.7560155e+03   2.0178467e+03   2.2364924e+03   1.7521189e+03   2.2250904e+03   1.9183613e+03   1.9316042e+03   1.6977180e+03   1.7869980e+03   2.2278857e+03   2.1394142e+03   1.7546864e+03   1.5284380e+03   1.9318221e+03   1.6851962e+03   1.4815601e+03   2.2014146e+03   1.9295554e+03   2.1102506e+03
   1.9655687e+03   1.7651996e+03   1.5338857e+03   2.3162067e+03   2.3162067e+03   1.3188291e+03   2.0985802e+03   1.8109198e+03   1.9266901e+03   1.6634786e+03   1.1649733e+03   1.7560155e+03   2.0178467e+03   2.2364924e+03   1.7521189e+03   2.2250904e+03   1.9183613e+03   1.9316042e+03   1.6977180e+03   1.7869980e+03   2.2278857e+03   2.1394142e+03   1.7546864e+03   1.5284380e+03   1.9318221e+03   1.6851962e+03   1.4815601e+03   2.2014146e+03   1.9295554e+03   2.1102506e+03
   1.9655687e+03   1.7651996e+03   1.5338857e+03   2.2705485e+03   2.2705485e+03   1.3188291e+03   2.0985765e+03   1.6912250e+03   1.9266901e+03   1.5549103e+03   1.1649733e+03   1.7491392e+03   1.9949201e+03   2.1770788e+03   1.7521189e+03   2.1898759e+03   1.9183613e+03   1.9117333e+03   1.6977180e+03   1.6366324e+03   2.2278802e+03   2.1394142e+03   1.7546864e+03   1.5284380e+03   1.8998623e+03   1.6851962e+03   1.4815601e+03   2.2014146e+03   1.9294861e+03   2.1102506e+03
   1.9655687e+03   1.7651996e+03   1.5338857e+03   2.2705485e+03   2.2705485e+03   1.3188291e+03   2.0985765e+03   1.6912250e+03   1.9266901e+03   1.5549103e+03   1.1649733e+03   1.7491392e+03   1.9949201e+03   2.1770788e+03   1.7521189e+03   2.1898759e+03   1.9183613e+03   1.9117333e+03   1.6977180e+03   1.6366324e+03   2.2278802e+03   2.1394142e+03   1.7546864e+03   1.5284380e+03   1.8998623e+03   1.6851962e+03   1.4815601e+03   2.2014146e+03   1.9294861e+03   2.1102506e+03
   1.4653448e+03   1.7551815e+03   1.5338857e+03   2.1569788e+03   2.1569788e+03   1.3188291e+03   2.0108280e+03   1.6642542e+03   1.9266901e+03   1.5149829e+03   1.1254938e+03   1.7104769e+03   1.8219926e+03   2.0910134e+03   1.7521189e+03   2.0888991e+03   1.9183370e+03   1.8989594e+03   1.5908268e+03   1.6365960e+03   2.1210129e+03   2.0839579e+03   1.7532776e+03   1.5283645e+03   1.8993710e+03   1.6572503e+03   1.4815601e+03   2.0989811e+03   1.7026826e+03   1.8865187e+03
   1.3964986e+03   1.5617680e+03   1.5040459e+03   2.1569703e+03   2.1569703e+03   1.3188291e+03   1.7681599e+03   1.6641423e+03   1.6883339e+03   1.5149829e+03   1.1254723e+03   1.6252782e+03   1.4273446e+03   1.7244375e+03   1.2342558e+03   1.9433216e+03   1.6992326e+03   1.8989594e+03   1.3198138e+03   1.6365960e+03   1.8968357e+03   1.7977191e+03   1.5943788e+03   1.4291669e+03   1.4706720e+03   1.2500386e+03   1.4359661e+03   1.8442050e+03   1.6121863e+03   1.8204033e+03
   1.2249556e+03   1.3365817e+03   1.4215738e+03   1.6944145e+03   1.6944145e+03   1.3031663e+03   1.2534201e+03   1.2628209e+03   1.4711545e+03   1.4637664e+03   1.1169806e+03   1.3629114e+03   1.4212582e+03   1.5498614e+03   1.2342558e+03   1.6223818e+03   1.5505450e+03   1.5576394e+03   1.3118189e+03   1.4010559e+03   1.5073492e+03   1.6582223e+03   1.5222899e+03   1.4291315e+03   1.3772362e+03   1.2451099e+03   1.4342991e+03   1.4706798e+03   1.3221348e+03   1.6012654e+03
   8.5575559e+02   1.1980258e+03   1.0705916e+03   1.3296763e+03   1.3296763e+03   1.0192618e+03   8.4935850e+02   1.0516111e+03   1.0706557e+03   1.0787668e+03   9.3833665e+02   1.2238212e+03   1.2016657e+03   1.0762824e+03   1.1354567e+03   1.3827196e+03   1.4279787e+03   1.3388837e+03   1.1080899e+03   1.1967657e+03   1.1794733e+03   1.3968643e+03   9.7196134e+02   1.1806468e+03   1.2988428e+03   1.1385571e+03   1.3965422e+03   1.3370716e+03   9.0045349e+02   1.2586474e+03
   6.0307373e+02   9.2401028e+02   7.9298372e+02   9.2401696e+02   9.2401696e+02   8.6072359e+02   7.0830450e+02   8.3307330e+02   7.4320906e+02   8.7481437e+02   6.9261282e+02   8.5543300e+02   8.1589807e+02   8.0920470e+02   6.5048267e+02   9.0535931e+02   9.5148142e+02   6.8089843e+02   8.0437807e+02   7.2248561e+02   7.8853817e+02   8.2907630e+02   7.3902374e+02   7.3094619e+02   7.2757537e+02   8.2445470e+02   9.5486898e+02   8.4129860e+02   8.4679108e+02   8.3092544e+02
   5.9114217e+02   4.1997754e+02   3.5142782e+02   4.0337258e+02   4.0337258e+02   3.3747699e+02   4.6582121e+02   4.0199332e+02   4.4984448e+02   3.8609374e+02   2.9653382e+02   4.4949454e+02   4.2266540e+02   5.2937917e+02   4.1173995e+02   4.4228326e+02   4.1746944e+02   4.3486846e+02   4.4644056e+02   3.3315948e+02   5.0953989e+02   5.8096853e+02   5.0302627e+02   4.4582732e+02   4.8959213e+02   2.4008946e+02   4.0408671e+02   4.1789548e+02   4.8211713e+02   4.6936796e+02
   1.2387362e+02   1.0186467e+02   7.0805344e+01   1.4576037e+02   1.4576037e+02   1.6232929e+02   2.0773557e+02   1.5568409e+02   1.6653587e+02   1.5958105e+02   1.3821544e+02   2.1400035e+02   1.9034543e+02   1.2088441e+02   9.5988726e+01   1.6356751e+02   1.8119369e+02   9.1968631e+01   1.4611993e+02   1.7147886e+02   2.3576180e+02   2.3303429e+02   1.0894136e+02   1.5279798e+02   2.0332403e+02   1.6163439e+02   9.3579450e+01   1.3960055e+02   1.5597255e+02   1.4947246e+02
   1.7890310e+01   1.7135207e+01   2.0512700e+01   2.3008769e+01   2.3008769e+01   1.4335097e+01   2.0553425e+01   1.1593470e+01   2.0010665e+01   1.2191108e+01   1.5293024e+01   1.7550740e+01   1.7544821e+01   1.8200073e+01   1.4932720e+01   1.8537626e+01   2.0458337e+01   1.3029596e+01   1.8069172e+01   1.1152593e+01   1.1595063e+01   2.1216128e+01   1.5981055e+01   1.7495734e+01   1.4618753e+01   2.5125106e+01   1.9448159e+01   1.4463945e+01   9.3927583e+00   2.0344064e+01
   5.0687136e-01   5.1697655e-01   5.4366405e-01   6.4856699e-01   6.4856699e-01   6.4951466e-01   6.5904573e-01   6.7885040e-01   7.2248693e-01   7.3561071e-01   7.4996874e-01   7.6012694e-01   7.7102596e-01   7.7895091e-01   7.8297427e-01   7.9940247e-01   8.5939864e-01   8.6665257e-01   8.9199593e-01   9.0631348e-01   9.3706883e-01   9.8360529e-01   9.8380595e-01   9.8616705e-01   1.0766535e+00   1.0947026e+00   1.0997426e+00   1.1654295e+00   1.1881775e+00   1.2361319e+00
