   7.6596178e+02   1.3687840e+03   9.7667498e+02   1.6852320e+03   1.9679161e+03   1.7113166e+03   1.1766030e+03   1.3599145e+03   1.6499769e+03   8.7562116e+02   1.2971333e+03   1.1809639e+03   1.5154447e+03   1.7151121e+03   1.4270987e+03   1.6143963e+03   1.2044768e+03   1.0407411e+03   1.1329481e+03   1.2790485e+03   1.3911171e+03   1.3073198e+03   1.5120941e+03   1.0955407e+03   1.6814253e+03   1.1210036e+03   1.3279307e+03   1.1836577e+03   9.6995902e+02   1.0015759e+03
   7.6596178e+02   1.3687840e+03   9.7667498e+02   1.6852320e+03   1.9679161e+03   1.7113166e+03   1.1766030e+03   1.3599145e+03   1.6499769e+03   8.7562116e+02   1.2971333e+03   1.1809639e+03   1.5154447e+03   1.7151121e+03   1.4270987e+03   1.6143963e+03   1.2044768e+03   1.0407411e+03   1.1329481e+03   1.2790485e+03   1.3911171e+03   1.3073198e+03   1.5120941e+03   1.0955407e+03   1.6814253e+03   1.1210036e+03   1.3279307e+03   1.1836577e+03   9.6995902e+02   1.0015759e+03
   7.6596178e+02   1.3687840e+03   9.7667498e+02   1.6852320e+03   1.9679161e+03   1.7113166e+03   1.1766030e+03   1.3599145e+03   1.6499769e+03   8.7562116e+02   1.2971333e+03   1.1809639e+03   1.5154447e+03   1.7151121e+03   1.4270987e+03   1.6143963e+03   1.2044768e+03   1.0407411e+03   1.1329481e+03   1.2790485e+03   1.3911171e+03   1.3073198e+03   1.5120941e+03   1.0955407e+03   1.6814253e+03   1.1210036e+03   1.3279307e+03   1.1836577e+03   9.6995902e+02   1.0015759e+03
   7.6596178e+02   1.3687840e+03   9.7667498e+02   1.6852320e+03   1.9679161e+03   1.7113166e+03   1.1766030e+03   1.3599145e+03   1.6499769e+03   8.7562116e+02   1.2971333e+03   1.1809639e+03   1.5154447e+03   1.7151121e+03   1.4270987e+03   1.6143963e+03   1.2044768e+03   1.0407411e+03   1.1329481e+03   1.2790485e+03   1.3911171e+03   1.3073198e+03   1.5120941e+03   1.0955407e+03   1.6814253e+03   1.1210036e+03   1.3279307e+03   1.1836577e+03   9.6995902e+02   1.0015759e+03
   7.6596178e+02   1.3687840e+03   9.7667498e+02   1.6852320e+03   1.9679161e+03   1.7113166e+03   1.1766030e+03   1.3599145e+03   1.6499769e+03   8.7562116e+02   1.2971333e+03   1.1809639e+03   1.5154447e+03   1.7151121e+03   1.4270987e+03   1.6143963e+03   1.2044768e+03   1.0407411e+03   1.1329481e+03   1.2790485e+03   1.3911171e+03   1.3073198e+03   1.5120941e+03   1.0955407e+03   1.6814253e+03   1.1210036e+03   1.3279307e+03   1.1836577e+03   9.6995902e+02   1.0015759e+03
   7.6596178e+02   1.3687840e+03   9.7667498e+02   1.5441169e+03   1.4332351e+03   1.4043726e+03   1.1435961e+03   1.2380596e+03   1.6499769e+03   8.7562116e+02   1.2971333e+03   1.1809639e+03   1.4744286e+03   1.6270991e+03   1.4125357e+03   9.4028000e+02   1.1924565e+03   9.4095903e+02   1.1329481e+03   1.1208446e+03   1.3911171e+03   1.3073198e+03   9.8917917e+02   1.0826300e+03   1.6171079e+03   1.0892141e+03   1.2436906e+03   1.1734405e+03   9.6995902e+02   9.7350213e+02
   7.6596178e+02   1.3687840e+03   9.7667498e+02   1.5441169e+03   1.4332351e+03   1.4043726e+03   1.1435961e+03   1.2380596e+03   1.6499769e+03   8.7562116e+02   1.2971333e+03   1.1809639e+03   1.4744286e+03   1.6270991e+03   1.4125357e+03   9.4028000e+02   1.1924565e+03   9.4095903e+02   1.1329481e+03   1.1208446e+03   1.3911171e+03   1.3073198e+03   9.8917917e+02   1.0826300e+03   1.6171079e+03   1.0892141e+03   1.2436906e+03   1.1734405e+03   9.6995902e+02   9.7350213e+02
   7.6596178e+02   1.0828083e+03   9.1542902e+02   9.3309182e+02   1.0964272e+03   1.3907742e+03   9.9883606e+02   1.1882380e+03   1.2155154e+03   8.1348826e+02   1.2879458e+03   9.1187418e+02   1.3909607e+03   1.4665899e+03   1.2523630e+03   9.4028000e+02   1.1419178e+03   8.3182422e+02   9.9038613e+02   1.0850018e+03   1.1438703e+03   1.2660663e+03   4.9382166e+02   9.2748642e+02   1.6171079e+03   9.7857461e+02   1.2436906e+03   8.9753144e+02   9.0566977e+02   9.7350213e+02
   7.5611213e+02   5.7241798e+02   6.8135859e+02   9.3309182e+02   8.4699980e+02   8.2220531e+02   9.8088499e+02   7.9961311e+02   1.0370519e+03   6.3766137e+02   8.2885872e+02   7.8424188e+02   9.0784927e+02   1.1489908e+03   1.0372434e+03   6.4886828e+02   1.0002234e+03   7.5769070e+02   7.1017647e+02   1.0697940e+03   1.0105092e+03   1.0025287e+03   4.5767515e+02   8.0897497e+02   6.4951078e+02   7.7448656e+02   1.2136557e+03   7.5686307e+02   6.6116428e+02   7.9205674e+02
   3.7696330e+02   2.1839868e+02   3.5809640e+02   5.7385304e+02   5.7493048e+02   6.2420929e+02   4.8822477e+02   4.0433362e+02   6.3141449e+02   3.5563651e+02   5.4440681e+02   7.2433732e+02   7.0465738e+02   8.0347731e+02   3.6380653e+02   6.2649903e+02   6.1071403e+02   5.9561061e+02   5.7073322e+02   4.8235392e+02   7.3674037e+02   4.2612811e+02   4.1318917e+02   4.7572494e+02   5.6670557e+02   3.7258508e+02   5.6560532e+02   3.7419760e+02   6.1803220e+02   5.7232894e+02
   2.7729242e+02   1.7967317e+02   3.4527550e+02   3.3699270e+02   3.5921449e+02   3.4915866e+02   3.3552672e+02   3.3049000e+02   3.0197616e+02   2.9232789e+02   3.2127128e+02   2.7501283e+02   2.7355663e+02   3.0840293e+02   2.0997636e+02   3.1452156e+02   3.7878843e+02   3.7040413e+02   3.4964523e+02   3.5386119e+02   3.3783095e+02   3.6288008e+02   2.7924595e+02   3.3661046e+02   3.3954525e+02   3.3569739e+02   3.1121280e+02   2.8102206e+02   3.1265579e+02   2.3538220e+02
   1.8315651e+02   1.4319580e+02   1.9076492e+02   1.6783775e+02   1.8943912e+02   1.7536466e+02   1.7382676e+02   1.3229124e+02   1.7764845e+02   1.4376170e+02   1.9521346e+02   1.4910878e+02   1.8268049e+02   1.4363066e+02   1.8698663e+02   1.9138333e+02   1.9067658e+02   1.8187743e+02   1.8745247e+02   1.5461305e+02   1.4585515e+02   1.7796073e+02   1.9958490e+02   2.0408119e+02   2.0261011e+02   1.8419739e+02   2.0427854e+02   1.7181195e+02   1.7069327e+02   1.9828997e+02
   1.1501920e+02   1.1205681e+02   1.2445855e+02   1.1311767e+02   1.1183863e+02   1.1139775e+02   1.2034045e+02   1.0176443e+02   1.1296377e+02   1.1770987e+02   1.2150086e+02   1.1387988e+02   1.2440171e+02   1.0959270e+02   1.1227455e+02   1.2000344e+02   1.1035116e+02   9.9966486e+01   1.1480637e+02   1.2034528e+02   1.1639944e+02   1.1754549e+02   1.2592051e+02   1.1453504e+02   1.2294174e+02   1.0949969e+02   1.2236282e+02   1.3295249e+02   1.0520499e+02   1.2815739e+02
   1.9244972e+01   2.4470997e+01   2.1659081e+01   2.3029029e+01   2.4406646e+01   2.3156747e+01   2.4377120e+01   1.9010585e+01   2.1521213e+01   2.9799399e+01   2.1000136e+01   2.2003233e+01   2.0014364e+01   2.0665699e+01   1.7690435e+01   1.9659097e+01   1.5127299e+01   1.9652009e+01   2.8424878e+01   1.4776865e+01   2.2776026e+01   3.1220382e+01   1.8921322e+01   2.6563308e+01   1.9754806e+01   2.0308351e+01   2.0624371e+01   2.6030269e+01   2.3570010e+01   1.7468509e+01
   1.2634893e-01   1.0942943e-01   8.4342220e-02   1.1085127e-01   1.0643817e-01   1.2834078e-01   1.1631932e-01   7.3613805e-02   9.7918705e-02   1.1737167e-01   8.9663760e-02   8.7562756e-02   9.4724543e-02   6.0109533e-02   6.2882656e-02   5.7931950e-02   8.7809413e-02   1.0513777e-01   1.0525946e-01   8.6460376e-02   9.7771466e-02   1.1038762e-01   9.9132451e-02   1.0058858e-01   1.2222699e-01   9.5280829e-02   1.0519643e-01   1.1380970e-01   8.2719909e-02   1.1476832e-01
   4.8885976e-05   5.8809737e-05   6.9137716e-05   1.1113155e-04   1.3077991e-04   1.6258819e-04   1.9541673e-04   2.1441662e-04   2.4168677e-04   2.5272542e-04   2.9378734e-04   3.0931430e-04   3.4314284e-04   3.9664487e-04   4.2658967e-04   5.2880888e-04   5.4521450e-04   6.4151766e-04   6.6117737e-04   7.4794431e-04   7.6080653e-04   7.7647017e-04   7.8431492e-04   7.9168389e-04   8.4569288e-04   9.8708001e-04   1.0619841e-03   1.2620474e-03   1.5740028e-03   1.9366481e-03
