   9.0219301e+02   9.6023748e+02   4.7026246e+02   7.5694932e+02   1.1029380e+03   2.3264968e+02   1.5924068e+03   1.0243049e+03   8.8090523e+02   9.9294693e+02   1.2439643e+03   9.6344130e+02   1.3905154e+03   4.7360044e+02   9.9647238e+02   8.6940106e+02   1.5915039e+03   1.0833487e+03   1.1664786e+03   8.0549442e+02   8.9066928e+02   8.9240897e+02   1.2194633e+03   7.6059337e+02   7.8410293e+02   9.2579473e+02   1.5872493e+03   8.6156698e+02   7.4779864e+02   1.0928463e+03
   9.0219301e+02   9.6023748e+02   4.7026246e+02   7.5694932e+02   1.1029380e+03   2.3264968e+02   1.5924068e+03   1.0243049e+03   8.8090523e+02   9.9294693e+02   1.2439643e+03   9.6344130e+02   1.3905154e+03   4.7360044e+02   9.9647238e+02   8.6940106e+02   1.5915039e+03   1.0833487e+03   1.1664786e+03   8.0549442e+02   8.9066928e+02   8.9240897e+02   1.2194633e+03   7.6059337e+02   7.8410293e+02   9.2579473e+02   1.5872493e+03   8.6156698e+02   7.4779864e+02   1.0928463e+03
   9.0219301e+02   9.6023748e+02   4.7026246e+02   7.5694932e+02   1.1029380e+03   2.3264968e+02   1.5924068e+03   1.0243049e+03   8.8090523e+02   9.9294693e+02   1.2439643e+03   9.6344130e+02   1.3905154e+03   4.7360044e+02   9.9647238e+02   8.6940106e+02   1.5915039e+03   1.0833487e+03   1.1664786e+03   8.0549442e+02   8.9066928e+02   8.9240897e+02   1.2194633e+03   7.6059337e+02   7.8410293e+02   9.2579473e+02   1.5872493e+03   8.6156698e+02   7.4779864e+02   1.0928463e+03
   8.3081059e+02   7.9827237e+02   4.7026246e+02   6.6286046e+02   1.0049430e+03   2.3264968e+02   9.3013851e+02   1.0243049e+03   8.8090523e+02   9.9294693e+02   1.2439643e+03   9.6344130e+02   1.3905154e+03   4.7360044e+02   9.9647238e+02   8.6940106e+02   1.5168743e+03   1.0833487e+03   1.1664786e+03   8.0549442e+02   8.9066928e+02   8.9240897e+02   1.2184823e+03   7.6059337e+02   7.8410293e+02   9.2579473e+02   1.4347758e+03   8.4815063e+02   7.4779864e+02   1.0928463e+03
   7.4268832e+02   6.8683334e+02   4.7026246e+02   6.6286046e+02   1.0049430e+03   2.3264968e+02   3.8000520e+02   5.0927990e+02   8.4652424e+02   9.9294693e+02   8.0075839e+02   9.6344130e+02   5.8460162e+02   3.7630406e+02   8.6808014e+02   6.1362723e+02   1.3618171e+03   1.0833487e+03   1.0961601e+03   8.0549442e+02   8.9066928e+02   8.9240897e+02   1.2184823e+03   7.6059337e+02   7.4258941e+02   9.2579473e+02   1.1389139e+03   8.4421377e+02   7.2242177e+02   1.0928463e+03
   6.2246340e+02   6.1401643e+02   4.7026246e+02   6.6286046e+02   9.2494661e+02   2.3264968e+02   3.8000520e+02   3.4364420e+02   8.3952625e+02   7.5699425e+02   7.9678116e+02   7.5613324e+02   5.8460162e+02   3.7630406e+02   8.6808014e+02   6.1263765e+02   1.3408946e+03   1.0804312e+03   1.0810861e+03   7.2337160e+02   8.9066928e+02   7.1235849e+02   1.1800885e+03   7.6059337e+02   7.3561067e+02   9.1095032e+02   1.1389139e+03   6.9886554e+02   7.2242177e+02   8.8400214e+02
   6.1378537e+02   6.0027641e+02   2.5237684e+02   4.8887333e+02   9.2494661e+02   2.1022544e+02   3.8000520e+02   3.4364420e+02   6.7834864e+02   4.2935739e+02   7.3542426e+02   7.4846910e+02   4.0560041e+02   3.6506273e+02   8.0495327e+02   5.6956162e+02   6.7247705e+02   5.6467333e+02   7.9407230e+02   5.4669677e+02   8.2859455e+02   6.4585794e+02   5.5803610e+02   7.5704100e+02   6.5520523e+02   6.2794109e+02   9.5802607e+02   5.9995595e+02   6.0041025e+02   7.7335730e+02
   5.3583777e+02   5.0030456e+02   2.0323214e+02   4.8887333e+02   6.2507476e+02   1.8103449e+02   2.9140269e+02   2.6283311e+02   6.1575632e+02   4.2511600e+02   6.0339182e+02   7.1522280e+02   2.1619968e+02   3.6506273e+02   5.8508429e+02   4.6277920e+02   6.4254235e+02   3.3718230e+02   3.0184009e+02   5.4654921e+02   6.8208123e+02   4.4993683e+02   5.5803610e+02   4.9082117e+02   6.5520523e+02   6.1513681e+02   9.0688937e+02   3.5603086e+02   5.4016275e+02   4.9463793e+02
   4.5024075e+02   3.0550723e+02   2.0323214e+02   3.9442668e+02   4.1799360e+02   1.8103449e+02   2.7991795e+02   2.3724813e+02   5.7649389e+02   3.0472867e+02   4.7480232e+02   4.1449334e+02   1.5027414e+02   3.4605686e+02   3.6656632e+02   3.9055900e+02   5.8106449e+02   3.3333667e+02   2.9735749e+02   4.2120872e+02   3.1310899e+02   3.6458102e+02   3.5364640e+02   4.1399754e+02   4.4262087e+02   3.7912629e+02   5.7044170e+02   3.4833623e+02   3.5785103e+02   3.8163529e+02
   2.8667478e+02   2.4357011e+02   2.0158033e+02   2.6035496e+02   2.7899031e+02   1.4459028e+02   2.7114417e+02   2.2763449e+02   2.6166238e+02   2.3313123e+02   1.5988770e+02   3.2042562e+02   1.2940925e+02   2.2216616e+02   2.3115610e+02   1.7456027e+02   3.3081047e+02   2.0797468e+02   2.3876565e+02   2.9341940e+02   2.4878375e+02   2.1621792e+02   2.9836130e+02   2.6941023e+02   3.2059561e+02   2.6621773e+02   3.1421725e+02   2.5580398e+02   2.3833661e+02   1.8418611e+02
   1.6479086e+02   1.7793748e+02   2.0158033e+02   1.9222316e+02   1.7064946e+02   1.1119664e+02   1.1026588e+02   1.8538464e+02   1.5762084e+02   1.9265230e+02   1.5704363e+02   2.0796245e+02   1.2940925e+02   1.9576168e+02   1.7699301e+02   1.6511874e+02   1.0325637e+02   1.6728066e+02   1.7302471e+02   2.1749276e+02   1.3366278e+02   1.7344096e+02   1.7856479e+02   1.9219737e+02   1.4064390e+02   1.6619807e+02   1.5880024e+02   1.7606124e+02   1.5962736e+02   1.8304213e+02
   1.2461012e+02   1.3149871e+02   1.3426595e+02   1.0477227e+02   1.2079471e+02   8.0453894e+01   9.5215761e+01   1.3932194e+02   1.3795692e+02   1.3201481e+02   1.4053730e+02   1.4832568e+02   7.3470730e+01   1.2752644e+02   1.5826279e+02   1.4392785e+02   9.4903754e+01   1.4477207e+02   9.2280467e+01   1.3346766e+02   1.2926463e+02   8.3269645e+01   1.3370827e+02   1.3388563e+02   1.1395796e+02   1.3623894e+02   1.0071912e+02   1.4724811e+02   1.1614258e+02   1.4211313e+02
   5.5839255e+01   1.0640731e+02   1.0957859e+02   8.1177381e+01   8.8719988e+01   7.0359795e+01   8.7420636e+01   8.4578475e+01   9.0502339e+01   7.7646513e+01   8.7838710e+01   1.1906202e+02   6.8077668e+01   8.6617263e+01   1.1901854e+02   1.0845084e+02   8.4422462e+01   9.8885145e+01   7.2712275e+01   8.5119800e+01   1.0866927e+02   5.0986040e+01   1.1991829e+02   1.0889544e+02   8.0780112e+01   1.1638215e+02   8.9507518e+01   1.1528142e+02   1.1538062e+02   1.1664409e+02
   4.7245848e+01   6.2173253e+01   7.6509532e+01   6.9818379e+01   6.6808765e+01   5.6856661e+01   8.5318118e+01   7.6267408e+01   8.1614081e+01   6.9994945e+01   5.0248700e+01   8.9311199e+01   6.4888720e+01   6.5783018e+01   8.2316262e+01   5.6071670e+01   6.6292057e+01   9.0003753e+01   6.2201370e+01   5.7907744e+01   9.0789025e+01   5.0358009e+01   8.3956945e+01   8.5719825e+01   4.9861446e+01   1.0860679e+02   5.1858978e+01   8.8132362e+01   1.0469580e+02   1.1101760e+02
   4.3082746e+01   5.9603272e+01   5.7616695e+01   6.3627900e+01   6.0185984e+01   5.4917665e+01   6.5726280e+01   4.2461695e+01   3.8519447e+01   6.4569754e+01   4.4683796e+01   5.9693856e+01   5.3773849e+01   4.3641416e+01   7.9204651e+01   5.1669587e+01   6.4160435e+01   6.0875088e+01   5.3222195e+01   5.7666117e+01   5.1584464e+01   4.7324519e+01   7.2915330e+01   7.3285569e+01   4.4532025e+01   1.0180043e+02   5.0553794e+01   8.1140940e+01   1.0371856e+02   1.0311678e+02
   4.5607287e-02   4.9094518e-02   7.3994276e-02   3.6026219e-01   1.1637310e+01   1.3010546e+01   1.5419832e+01   1.6300842e+01   1.6481505e+01   1.7203655e+01   1.8961736e+01   1.9725254e+01   2.0391759e+01   2.0787948e+01   2.1350847e+01   2.2461196e+01   2.3084190e+01   2.6162707e+01   2.6709087e+01   2.7819678e+01   2.7904708e+01   2.9107766e+01   2.9469123e+01   3.0523955e+01   3.2351046e+01   3.7728121e+01   4.2795061e+01   4.3859491e+01   6.4295240e+01   7.6210119e+01
