   1.1809639e+03   1.3279307e+03   1.0955407e+03   1.6814253e+03   9.7667498e+02   9.6995902e+02   1.1836577e+03   1.2044768e+03   1.5120941e+03   1.2971333e+03   1.2790485e+03   1.1210036e+03   8.7562116e+02   1.6499769e+03   1.3599145e+03   1.3911171e+03   1.6852320e+03   1.1329481e+03   1.7151121e+03   1.4270987e+03   1.0407411e+03   1.5154447e+03   1.1766030e+03   1.0015759e+03   7.6596178e+02   1.7113166e+03   1.6143963e+03   1.9679161e+03   1.3073198e+03   1.3687840e+03
   1.1809639e+03   1.3279307e+03   1.0955407e+03   1.6814253e+03   9.7667498e+02   9.6995902e+02   1.1836577e+03   1.2044768e+03   1.5120941e+03   1.2971333e+03   1.2790485e+03   1.1210036e+03   8.7562116e+02   1.6499769e+03   1.3599145e+03   1.3911171e+03   1.6852320e+03   1.1329481e+03   1.7151121e+03   1.4270987e+03   1.0407411e+03   1.5154447e+03   1.1766030e+03   1.0015759e+03   7.6596178e+02   1.7113166e+03   1.6143963e+03   1.9679161e+03   1.3073198e+03   1.3687840e+03
   1.1809639e+03   1.3279307e+03   1.0955407e+03   1.6814253e+03   9.7667498e+02   9.6995902e+02   1.1836577e+03   1.2044768e+03   1.5120941e+03   1.2971333e+03   1.2790485e+03   1.1210036e+03   8.7562116e+02   1.6499769e+03   1.3599145e+03   1.3911171e+03   1.6852320e+03   1.1329481e+03   1.7151121e+03   1.4270987e+03   1.0407411e+03   1.5154447e+03   1.1766030e+03   1.0015759e+03   7.6596178e+02   1.7113166e+03   1.6143963e+03   1.9679161e+03   1.3073198e+03   1.3687840e+03
   1.1809639e+03   1.3279307e+03   1.0955407e+03   1.6814253e+03   9.7667498e+02   9.6995902e+02   1.1836577e+03   1.2044768e+03   1.5120941e+03   1.2971333e+03   1.2790485e+03   1.1210036e+03   8.7562116e+02   1.6499769e+03   1.3599145e+03   1.3911171e+03   1.6852320e+03   1.1329481e+03   1.7151121e+03   1.4270987e+03   1.0407411e+03   1.5154447e+03   1.1766030e+03   1.0015759e+03   7.6596178e+02   1.7113166e+03   1.6143963e+03   1.9679161e+03   1.3073198e+03   1.3687840e+03
   1.1809639e+03   1.3279307e+03   1.0955407e+03   1.6814253e+03   9.7667498e+02   9.6995902e+02   1.1836577e+03   1.2044768e+03   1.5120941e+03   1.2971333e+03   1.2790485e+03   1.1210036e+03   8.7562116e+02   1.6499769e+03   1.3599145e+03   1.3911171e+03   1.6852320e+03   1.1329481e+03   1.7151121e+03   1.4270987e+03   1.0407411e+03   1.5154447e+03   1.1766030e+03   1.0015759e+03   7.6596178e+02   1.7113166e+03   1.6143963e+03   1.9679161e+03   1.3073198e+03   1.3687840e+03
   1.1809639e+03   1.2436906e+03   1.0826300e+03   1.6171079e+03   9.7667498e+02   9.6995902e+02   1.1734405e+03   1.1924565e+03   9.8917917e+02   1.2971333e+03   1.1208446e+03   1.0892141e+03   8.7562116e+02   1.6499769e+03   1.2380596e+03   1.3911171e+03   1.5441169e+03   1.1329481e+03   1.6270991e+03   1.4125357e+03   9.4095903e+02   1.4744286e+03   1.1435961e+03   9.7350213e+02   7.6596178e+02   1.4043726e+03   9.4028000e+02   1.4332351e+03   1.3073198e+03   1.3687840e+03
   1.1809639e+03   1.2436906e+03   1.0826300e+03   1.6171079e+03   9.7667498e+02   9.6995902e+02   1.1734405e+03   1.1924565e+03   9.8917917e+02   1.2971333e+03   1.1208446e+03   1.0892141e+03   8.7562116e+02   1.6499769e+03   1.2380596e+03   1.3911171e+03   1.5441169e+03   1.1329481e+03   1.6270991e+03   1.4125357e+03   9.4095903e+02   1.4744286e+03   1.1435961e+03   9.7350213e+02   7.6596178e+02   1.4043726e+03   9.4028000e+02   1.4332351e+03   1.3073198e+03   1.3687840e+03
   9.1187418e+02   1.1702860e+03   9.2891427e+02   1.6171079e+03   9.1542902e+02   8.7362883e+02   8.9753144e+02   1.1355775e+03   4.9382166e+02   1.2879458e+03   1.0892344e+03   9.8590474e+02   8.1348826e+02   1.2155154e+03   1.2317070e+03   1.1236891e+03   9.3309182e+02   1.0406562e+03   1.4665899e+03   1.2814987e+03   8.3182422e+02   1.3909607e+03   9.9883606e+02   9.7350213e+02   7.6596178e+02   9.6677234e+02   9.4028000e+02   1.0964272e+03   1.2311165e+03   1.0828083e+03
   9.0154212e+02   1.1022682e+03   8.6891940e+02   7.2963999e+02   9.0817705e+02   8.0374647e+02   8.6643534e+02   7.3611392e+02   4.5196415e+02   6.8618946e+02   8.5597489e+02   9.3525901e+02   7.2805410e+02   1.1278879e+03   9.0358557e+02   8.7714759e+02   5.7766753e+02   7.4416236e+02   8.2972858e+02   9.6603482e+02   6.4647164e+02   8.5658913e+02   9.4043263e+02   8.3078564e+02   7.3944602e+02   7.4206671e+02   8.9202475e+02   7.9368311e+02   7.5050774e+02   9.1144242e+02
   5.6260128e+02   4.2338420e+02   7.1624441e+02   6.6331338e+02   3.8988196e+02   3.5007837e+02   5.2735749e+02   5.8560752e+02   3.5734803e+02   4.4230547e+02   6.0043739e+02   3.6198566e+02   4.7855213e+02   8.5350921e+02   6.2480580e+02   4.0751051e+02   5.1943814e+02   6.7526959e+02   6.2002244e+02   6.1172591e+02   3.6224647e+02   5.9482158e+02   4.6449763e+02   5.0078412e+02   6.3344143e+02   3.9244281e+02   5.3880878e+02   6.5466703e+02   3.8777210e+02   5.7349799e+02
   2.8467539e+02   2.6248756e+02   3.0810891e+02   3.8546406e+02   2.9613998e+02   2.3062140e+02   3.7622900e+02   3.2654679e+02   2.0524468e+02   2.6197265e+02   2.9006105e+02   2.3941967e+02   3.2190683e+02   2.5092185e+02   3.7192424e+02   2.5227826e+02   1.8981836e+02   3.6531851e+02   3.1672765e+02   2.7645266e+02   1.9238451e+02   2.7926240e+02   2.7418905e+02   3.8047557e+02   3.6075429e+02   2.6486704e+02   3.9936317e+02   3.1666587e+02   2.7728202e+02   3.1588767e+02
   1.8248189e+02   1.3877102e+02   1.6851131e+02   1.4459020e+02   1.5893331e+02   1.6604381e+02   1.8837696e+02   1.5428186e+02   1.5836863e+02   1.7005879e+02   2.0953052e+02   1.5927668e+02   1.5553506e+02   1.6649647e+02   1.9284794e+02   1.8551800e+02   1.4545747e+02   1.6106309e+02   2.0074570e+02   1.4852985e+02   1.6142662e+02   1.7482385e+02   1.8297798e+02   1.5931683e+02   1.4022775e+02   1.8382117e+02   1.6775022e+02   1.7208533e+02   1.8139259e+02   1.8676897e+02
   1.3043713e+02   1.3011677e+02   1.1248683e+02   1.1652879e+02   9.9534123e+01   1.0847310e+02   1.1178650e+02   1.2097742e+02   1.2014008e+02   1.2274630e+02   1.2006479e+02   1.1636983e+02   1.0923440e+02   1.2910477e+02   1.1543364e+02   1.2141801e+02   1.0811381e+02   1.1440655e+02   1.1735463e+02   1.1541228e+02   1.0945046e+02   9.8287018e+01   1.1809832e+02   1.1460691e+02   1.1779021e+02   1.0068353e+02   1.0233747e+02   1.1222465e+02   1.1656983e+02   1.1950733e+02
   2.0495021e+01   2.6637123e+01   1.6591498e+01   2.7609737e+01   1.2310755e+01   1.5595305e+01   3.3868626e+01   2.3637047e+01   2.3084305e+01   2.1309889e+01   1.6557299e+01   2.8231629e+01   2.3919804e+01   2.3567325e+01   1.4477041e+01   2.4980064e+01   2.3111443e+01   2.0128151e+01   1.6723655e+01   1.2591506e+01   1.9827677e+01   1.3870931e+01   2.3256994e+01   1.7129278e+01   2.2823903e+01   3.0741715e+01   1.9319440e+01   2.2530786e+01   1.8980041e+01   2.1271308e+01
   6.1066716e-02   8.4282212e-02   7.5387083e-02   8.2266242e-02   9.5661548e-02   8.0091006e-02   1.0074195e-01   1.2148148e-01   1.0246209e-01   8.3157183e-02   6.9989304e-02   1.0143690e-01   1.0779940e-01   8.6550516e-02   9.0330924e-02   9.0443482e-02   8.6629171e-02   1.0579050e-01   6.8313513e-02   8.8937077e-02   7.9813358e-02   8.6620726e-02   8.3011131e-02   6.4445432e-02   9.8101437e-02   1.2034112e-01   8.2562254e-02   8.7404645e-02   7.2935634e-02   7.5936715e-02
   0.0000000e+00   6.5759475e-05   9.4454970e-05   9.6660842e-05   1.0838289e-04   1.1409844e-04   1.6649732e-04   1.8084083e-04   2.3865147e-04   2.5298613e-04   2.5935528e-04   2.8763297e-04   3.6509854e-04   3.8503625e-04   3.9497214e-04   4.2104222e-04   4.6300364e-04   5.2034553e-04   5.5941075e-04   5.8850308e-04   6.2370087e-04   6.6885783e-04   6.6974579e-04   7.8128447e-04   8.2179297e-04   8.8471075e-04   9.2285678e-04   1.1340110e-03   1.5268975e-03   1.5707348e-03
