   5.1284464e+03   3.7528351e+03   5.2250047e+03   4.6304758e+03   4.0309232e+03   3.8571178e+03   4.2281350e+03   3.4673523e+03   3.9237633e+03   4.6001635e+03   3.8883751e+03   3.7611503e+03   3.9621460e+03   5.0020829e+03   4.2819947e+03   3.9441026e+03   2.6277748e+03   4.1821827e+03   4.4091556e+03   3.1976530e+03   4.0033058e+03   4.3886447e+03   3.8950324e+03   4.6839992e+03   4.6995048e+03   1.7878117e+03   4.9001931e+03   4.1777006e+03   4.1445390e+03   3.5499616e+03
   5.1284464e+03   3.7528351e+03   5.2250047e+03   4.6304758e+03   4.0309232e+03   3.8571178e+03   4.2281350e+03   3.4673523e+03   3.9237633e+03   4.6001635e+03   3.8883751e+03   3.7611503e+03   3.9621460e+03   5.0020829e+03   4.2819947e+03   3.9441026e+03   2.6277748e+03   4.1821827e+03   4.4091556e+03   3.1976530e+03   4.0033058e+03   4.3886447e+03   3.8950324e+03   4.6839992e+03   4.6995048e+03   1.7878117e+03   4.9001931e+03   4.1777006e+03   4.1445390e+03   3.5499616e+03
   5.1284464e+03   3.7528351e+03   5.2250047e+03   4.6304758e+03   4.0309232e+03   3.8571178e+03   4.2281350e+03   3.4673523e+03   3.9237633e+03   4.6001635e+03   3.8883751e+03   3.7611503e+03   3.9621460e+03   5.0020829e+03   4.2819947e+03   3.9441026e+03   2.6277748e+03   4.1821827e+03   4.4091556e+03   3.1976530e+03   4.0033058e+03   4.3886447e+03   3.8950324e+03   4.6839992e+03   4.6995048e+03   1.7878117e+03   4.9001931e+03   4.1777006e+03   4.1445390e+03   3.5499616e+03
   5.1284464e+03   3.7528351e+03   5.2250047e+03   4.6304758e+03   4.0309232e+03   3.8571178e+03   4.2281350e+03   3.4673523e+03   3.9237633e+03   4.6001635e+03   3.8883751e+03   3.7611503e+03   3.9621460e+03   5.0020829e+03   4.2819947e+03   3.9441026e+03   2.6277748e+03   4.1821827e+03   4.4091556e+03   3.1976530e+03   4.0033058e+03   4.3886447e+03   3.8950324e+03   4.6839992e+03   4.6995048e+03   1.7878117e+03   4.9001931e+03   4.1777006e+03   4.1445390e+03   3.5499616e+03
   5.1284464e+03   3.7528351e+03   5.2250047e+03   4.6304758e+03   4.0309232e+03   3.8571178e+03   4.2281350e+03   3.4673523e+03   3.9237633e+03   4.6001635e+03   3.8883751e+03   3.7611503e+03   3.9621460e+03   5.0020829e+03   4.2819947e+03   3.9441026e+03   2.6277748e+03   4.1821827e+03   4.4091556e+03   3.1976530e+03   4.0033058e+03   4.3886447e+03   3.8950324e+03   4.6839992e+03   4.6995048e+03   1.7878117e+03   4.9001931e+03   4.1777006e+03   4.1445390e+03   3.5499616e+03
   5.1284464e+03   3.7528351e+03   5.1894742e+03   4.4007528e+03   4.0309232e+03   3.8571178e+03   4.2281350e+03   3.4673523e+03   3.9237633e+03   4.6001635e+03   3.8883751e+03   3.7611503e+03   3.9621460e+03   4.7114325e+03   4.2577809e+03   3.9441026e+03   2.6277748e+03   4.1821827e+03   4.4091556e+03   3.1976530e+03   4.0033058e+03   4.3641884e+03   3.6507535e+03   4.4930888e+03   4.6995048e+03   1.5837290e+03   4.9001931e+03   3.7322345e+03   4.1324871e+03   3.5499616e+03
   5.1284464e+03   3.7528351e+03   5.1894742e+03   4.4007528e+03   4.0309232e+03   3.8571178e+03   4.2281350e+03   3.4673523e+03   3.9237633e+03   4.6001635e+03   3.8883751e+03   3.7611503e+03   3.9621460e+03   4.7114325e+03   4.2577809e+03   3.9441026e+03   2.6277748e+03   4.1821827e+03   4.4091556e+03   3.1976530e+03   4.0033058e+03   4.3641884e+03   3.6507535e+03   4.4930888e+03   4.6995048e+03   1.5837290e+03   4.9001931e+03   3.7322345e+03   4.1324871e+03   3.5499616e+03
   4.1434075e+03   3.7130439e+03   4.6819333e+03   3.9141117e+03   3.1344422e+03   3.8571178e+03   4.0365152e+03   3.4673523e+03   3.6924983e+03   4.2621976e+03   3.4081025e+03   3.3828485e+03   3.8989182e+03   4.5072927e+03   4.1822919e+03   3.9441026e+03   1.8211677e+03   3.6949043e+03   4.1706422e+03   3.1859184e+03   3.2341610e+03   3.7867903e+03   3.6215894e+03   4.3646006e+03   3.6417656e+03   1.5435226e+03   4.7088524e+03   3.4957120e+03   4.0823738e+03   3.5442081e+03
   3.3338728e+03   3.2460539e+03   4.2083206e+03   3.8021061e+03   3.1339033e+03   3.1642906e+03   3.3104660e+03   3.0118934e+03   3.6649162e+03   3.6106748e+03   3.4081025e+03   3.2858744e+03   3.8989182e+03   3.7279394e+03   3.4901334e+03   3.6762829e+03   1.8211677e+03   2.7651327e+03   4.1259885e+03   3.1684009e+03   3.2341610e+03   3.5346319e+03   3.4230544e+03   3.3265425e+03   3.2255403e+03   1.5231100e+03   4.4389784e+03   3.2508079e+03   3.1963519e+03   3.5442081e+03
   2.4423473e+03   2.3958030e+03   3.1297412e+03   2.7945282e+03   3.0676170e+03   2.8993424e+03   2.6768550e+03   2.8217670e+03   2.6936578e+03   3.1354484e+03   3.3423394e+03   2.0215198e+03   3.2022129e+03   3.4807037e+03   3.1633324e+03   3.3693115e+03   1.6845475e+03   1.9090945e+03   2.6282613e+03   2.9353103e+03   3.1782186e+03   2.7456707e+03   2.5576822e+03   2.7372865e+03   2.5602190e+03   1.3997081e+03   3.0158013e+03   3.0855552e+03   2.3351505e+03   2.1056131e+03
   1.8507719e+03   1.9932300e+03   2.4820455e+03   1.7991355e+03   2.4330043e+03   2.4865161e+03   2.5766934e+03   2.0247407e+03   2.3762802e+03   2.3088694e+03   2.3638288e+03   1.8100020e+03   2.4984388e+03   2.4701506e+03   1.9624746e+03   2.4572281e+03   1.6490911e+03   1.7990850e+03   2.1628808e+03   2.2690327e+03   2.4381484e+03   2.3013557e+03   1.8326551e+03   1.7343631e+03   2.1921015e+03   1.1554853e+03   1.2842490e+03   2.1247475e+03   1.9548476e+03   1.8004383e+03
   4.8707060e+02   1.5407794e+03   1.6814762e+03   1.0091501e+03   1.5465975e+03   1.4812222e+03   1.5123561e+03   1.1515985e+03   8.9621403e+02   1.3995059e+03   1.1565775e+03   1.1338404e+03   1.4031141e+03   1.6713620e+03   1.3152350e+03   1.4927893e+03   1.4529614e+03   1.2895133e+03   1.4657111e+03   1.6232967e+03   9.3926337e+02   1.2860924e+03   1.0260493e+03   1.3929211e+03   1.2904386e+03   1.0729714e+03   1.1323999e+03   1.1056600e+03   1.1952410e+03   1.3050438e+03
   3.2745352e+02   7.5956322e+02   7.2538527e+02   4.5476135e+02   5.7765531e+02   5.6227101e+02   7.2259692e+02   5.0437567e+02   6.2031045e+02   6.4728929e+02   5.3672104e+02   5.5780965e+02   5.2468217e+02   6.6668983e+02   5.9034332e+02   8.1629865e+02   7.1301992e+02   6.3686315e+02   5.0517147e+02   5.4884525e+02   3.8924154e+02   7.2967399e+02   4.2202144e+02   4.6522210e+02   4.8674293e+02   5.1357134e+02   5.4183636e+02   6.2884652e+02   7.2644162e+02   5.2547331e+02
   2.0013916e+02   2.2942304e+02   2.5418811e+02   2.9280057e+02   2.5422610e+02   2.1705449e+02   3.2103916e+02   1.9053047e+02   2.1918282e+02   2.4628081e+02   2.7231510e+02   2.0455245e+02   2.3477904e+02   2.5072463e+02   2.4282034e+02   2.1396167e+02   1.7090463e+02   1.7951678e+02   2.1360709e+02   2.1931716e+02   2.3574363e+02   2.5435644e+02   2.1192092e+02   2.4841210e+02   2.6389193e+02   1.8462129e+02   2.4297022e+02   2.2727699e+02   2.7426717e+02   2.0965753e+02
   1.3321791e+02   1.2873544e+02   1.2284523e+02   1.2858918e+02   1.3246212e+02   1.2641014e+02   1.2657831e+02   1.2840807e+02   1.2584923e+02   1.3468826e+02   1.2220746e+02   1.2564481e+02   1.3069829e+02   1.2507718e+02   1.3235665e+02   1.3104254e+02   1.2873230e+02   1.3158874e+02   1.1650135e+02   1.3026613e+02   1.3064737e+02   1.3315415e+02   1.2632051e+02   1.3465431e+02   1.1731332e+02   1.2946201e+02   1.2692430e+02   1.2878473e+02   1.2337247e+02   1.3312236e+02
   5.6289160e+01   6.8840965e+01   9.8596678e+01   1.0000000e+02   1.0000000e+02   1.0000000e+02   1.0000000e+02   1.0000000e+02   1.0000000e+02   1.0000000e+02   1.0000000e+02   1.0000000e+02   1.0000000e+02   1.0000000e+02   1.0000000e+02   1.0000000e+02   1.0000000e+02   1.0000000e+02   1.0000000e+02   1.0000000e+02   1.0000000e+02   1.0000000e+02   1.0000000e+02   1.0000000e+02   1.0000000e+02   1.0000000e+02   1.0000000e+02   1.0000000e+02   1.0000000e+02   1.0000000e+02
