   3.5123206e+10   2.9640656e+10   3.9018084e+10   1.5935024e+10   4.0476413e+10   3.3856989e+10   1.5884941e+10   3.6587972e+10   3.9649466e+10   3.3856989e+10   3.6292450e+10   2.8514258e+10   3.1018053e+10   4.1121634e+10   3.1870276e+10   3.1989748e+10   2.9525511e+10   3.4048406e+10   3.3070871e+10   3.9563610e+10   3.5887869e+10   3.5193304e+10   2.8955478e+10   2.6004757e+10   4.1627455e+10   3.4190159e+10   3.8486740e+10   4.4228314e+10   3.5809692e+10   3.7445619e+10
   3.5123206e+10   2.9640656e+10   3.9018084e+10   1.5935024e+10   4.0476413e+10   3.3856989e+10   1.5884941e+10   3.6587972e+10   3.9649466e+10   3.3856989e+10   3.6292450e+10   2.8514258e+10   3.1018053e+10   4.1121634e+10   3.1870276e+10   3.1989748e+10   2.9525511e+10   3.4048406e+10   3.3070871e+10   3.9563610e+10   3.5887869e+10   3.5193304e+10   2.8955478e+10   2.6004757e+10   4.1627455e+10   3.4190159e+10   3.8486740e+10   4.4228314e+10   3.5809692e+10   3.7445619e+10
   3.5123206e+10   2.9640656e+10   3.9018084e+10   1.5935024e+10   4.0476413e+10   3.3856989e+10   1.5884941e+10   3.6587972e+10   3.9649466e+10   3.3856989e+10   3.6292450e+10   2.8514258e+10   3.1018053e+10   4.1121634e+10   3.1870276e+10   3.1989748e+10   2.9525511e+10   3.4048406e+10   3.3070871e+10   3.9563610e+10   3.5887869e+10   3.5193304e+10   2.8955478e+10   2.6004757e+10   4.1627455e+10   3.4190159e+10   3.8486740e+10   4.4228314e+10   3.5809692e+10   3.7445619e+10
   3.5123206e+10   2.9640656e+10   3.9018084e+10   1.5935024e+10   4.0476413e+10   3.3856989e+10   1.5884941e+10   3.6587972e+10   3.9649466e+10   3.3856989e+10   3.6292450e+10   2.8514258e+10   3.1018053e+10   4.1121634e+10   3.1870276e+10   3.1989748e+10   2.9525511e+10   3.4048406e+10   3.3070871e+10   3.9563610e+10   3.5887869e+10   3.5193304e+10   2.8955478e+10   2.6004757e+10   4.1627455e+10   3.4190159e+10   3.8486740e+10   4.4228314e+10   3.5809692e+10   3.7445619e+10
   3.5123206e+10   2.9640656e+10   3.9018084e+10   1.5935024e+10   4.0476413e+10   3.3856989e+10   1.5884941e+10   3.6587972e+10   3.9649466e+10   3.3856989e+10   3.6292450e+10   2.8514258e+10   3.1018053e+10   4.1121634e+10   3.1870276e+10   3.1989748e+10   2.9525511e+10   3.4048406e+10   3.3070871e+10   3.9563610e+10   3.5887869e+10   3.5193304e+10   2.8955478e+10   2.6004757e+10   4.1627455e+10   3.4190159e+10   3.8486740e+10   4.4228314e+10   3.5809692e+10   3.7445619e+10
   3.5009259e+10   2.9632477e+10   3.4755845e+10   1.5935024e+10   4.0469827e+10   3.3848103e+10   1.5498681e+10   3.6587972e+10   3.9036515e+10   3.3848103e+10   3.5910652e+10   2.8123785e+10   3.1018053e+10   3.8817078e+10   3.1079837e+10   3.1448177e+10   2.9269920e+10   3.4048406e+10   3.1782022e+10   3.6865742e+10   3.5887869e+10   3.5193304e+10   2.8052631e+10   2.6004757e+10   4.1195646e+10   3.4190159e+10   3.7870215e+10   4.2343841e+10   3.5790936e+10   3.7441005e+10
   3.5009259e+10   2.9632477e+10   3.4755845e+10   1.5935024e+10   4.0469827e+10   3.3848103e+10   1.5498681e+10   3.6587972e+10   3.9036515e+10   3.3848103e+10   3.5910652e+10   2.8123785e+10   3.1018053e+10   3.8817078e+10   3.1079837e+10   3.1448177e+10   2.9269920e+10   3.4048406e+10   3.1782022e+10   3.6865742e+10   3.5887869e+10   3.5193304e+10   2.8052631e+10   2.6004757e+10   4.1195646e+10   3.4190159e+10   3.7870215e+10   4.2343841e+10   3.5790936e+10   3.7441005e+10
   3.0741617e+10   2.9632477e+10   3.4695696e+10   1.5935024e+10   3.8675282e+10   2.9563223e+10   1.5498681e+10   3.4329693e+10   3.4750247e+10   2.9563223e+10   2.9548113e+10   2.8123785e+10   3.0822754e+10   2.9614452e+10   2.9963046e+10   3.1448177e+10   2.9151378e+10   3.0683908e+10   3.1540792e+10   3.3278310e+10   3.5004553e+10   3.3535095e+10   2.8003626e+10   2.5461892e+10   2.7129058e+10   2.8313633e+10   3.7830347e+10   3.4519030e+10   3.2748017e+10   2.8317640e+10
   2.5271667e+10   2.5830034e+10   3.2774395e+10   1.5814346e+10   3.6834819e+10   2.3694662e+10   1.4440430e+10   3.3435363e+10   2.7330764e+10   2.3694662e+10   2.7913143e+10   2.7016263e+10   2.6219461e+10   2.7905593e+10   2.3655552e+10   3.1374891e+10   2.9151378e+10   2.3631777e+10   2.7049196e+10   2.9181751e+10   3.1210881e+10   2.8751767e+10   2.4661558e+10   2.5461892e+10   2.6110257e+10   2.5448194e+10   3.1013488e+10   2.4407200e+10   2.5399516e+10   2.4411853e+10
   2.2661541e+10   2.0740874e+10   1.5924448e+10   1.5814346e+10   2.3012802e+10   1.9488802e+10   1.4440430e+10   3.0385377e+10   2.4297532e+10   1.9488802e+10   2.1812561e+10   2.6113507e+10   2.2688447e+10   1.8618612e+10   2.3249560e+10   1.4317519e+10   2.2737248e+10   2.1621683e+10   2.5269834e+10   2.4150604e+10   2.1539454e+10   1.9539578e+10   2.0508193e+10   1.6542005e+10   2.4009395e+10   1.8893239e+10   1.9012785e+10   2.3573920e+10   1.9782969e+10   2.1154092e+10
   1.9263400e+10   1.1372426e+10   1.5826104e+10   1.2158588e+10   1.4553338e+10   1.4547780e+10   1.1213795e+10   1.6458844e+10   1.6215500e+10   1.4547780e+10   1.2174674e+10   1.5653429e+10   1.8196177e+10   1.4328209e+10   1.3912841e+10   1.4260430e+10   1.5975738e+10   1.4023921e+10   1.4728505e+10   1.6282351e+10   1.3974409e+10   1.1934199e+10   1.7347228e+10   1.2820595e+10   1.5073290e+10   1.3904697e+10   1.5584166e+10   1.4785378e+10   1.5736313e+10   1.5599214e+10
   8.9721157e+09   6.1601519e+09   6.6493300e+09   7.5050399e+09   8.8524851e+09   7.4732308e+09   7.6777879e+09   1.0290874e+10   9.3250756e+09   7.4732308e+09   6.7760804e+09   9.6746064e+09   5.9087912e+09   7.0645807e+09   8.5345284e+09   8.4037972e+09   8.2320201e+09   6.0237845e+09   4.1115421e+09   7.6491790e+09   8.0788760e+09   7.2672337e+09   7.8483404e+09   5.1083407e+09   1.1980443e+10   7.0157898e+09   6.6326862e+09   7.2548811e+09   9.0110049e+09   8.7294591e+09
   2.3305657e+09   4.0922816e+09   2.8413607e+09   2.3175815e+09   3.1344516e+09   3.6631624e+09   2.3141416e+09   3.2501996e+09   2.7216098e+09   3.6631624e+09   2.5530298e+09   3.1101812e+09   3.7261692e+09   3.1287630e+09   2.9179103e+09   2.3172780e+09   1.9377866e+09   2.7910626e+09   1.5419002e+09   2.4736945e+09   3.4918320e+09   3.6106628e+09   2.6438085e+09   2.8673433e+09   3.3816111e+09   2.3044557e+09   2.4460538e+09   3.3905751e+09   3.3319798e+09   2.7610704e+09
   3.0633204e+08   4.2582917e+08   5.3421284e+08   3.4355314e+08   2.8066802e+08   2.7047556e+08   2.8113271e+08   3.7343384e+08   3.1381030e+08   2.7047556e+08   3.9069448e+08   4.4748009e+08   2.5144164e+08   4.2917502e+08   3.6238102e+08   4.0361929e+08   4.4872691e+08   3.8721026e+08   3.5594224e+08   3.1238856e+08   1.9676070e+08   3.7061742e+08   2.5299136e+08   2.0069048e+08   3.5397295e+08   3.1768335e+08   5.4233645e+08   3.4754181e+08   3.1043932e+08   2.3399096e+08
   1.5355216e+06   1.6021013e+06   1.4558047e+06   1.3808648e+06   1.6935499e+06   1.2498412e+06   1.4767295e+06   8.6281393e+05   1.3104830e+06   1.2498412e+06   7.0781950e+05   1.1638693e+06   8.9182398e+05   1.3676488e+06   1.1719801e+06   1.3009624e+06   1.3710807e+06   8.7315501e+05   1.8960670e+06   1.1329424e+06   2.0574480e+06   1.2037995e+06   1.6498023e+06   1.0787349e+06   1.5050209e+06   1.2211943e+06   1.5440302e+06   1.3017899e+06   1.1863031e+06   1.0136724e+06
   0.0000000e+00   0.0000000e+00   0.0000000e+00   0.0000000e+00   0.0000000e+00   0.0000000e+00   0.0000000e+00   0.0000000e+00   0.0000000e+00   0.0000000e+00   0.0000000e+00   0.0000000e+00   0.0000000e+00   0.0000000e+00   0.0000000e+00   0.0000000e+00   0.0000000e+00   0.0000000e+00   0.0000000e+00   0.0000000e+00   0.0000000e+00   0.0000000e+00   1.0479198e-08   1.2068262e-08   1.2342016e-08   2.2282497e-08   2.7156472e-08   3.2365824e-08   4.7606592e-08   2.4321003e-07
