   1.2004388e+03   1.0607466e+03   1.0435380e+03   1.0595419e+03   1.0024608e+03   1.2796055e+03   7.0927384e+02   1.3676978e+03   9.1400313e+02   1.0025327e+03   1.2019900e+03   1.3085779e+03   9.6652972e+02   6.6719621e+02   9.4426235e+02   1.2016634e+03   9.3054877e+02   7.5933469e+02   1.0733294e+03   1.2296249e+03   7.3669111e+02   1.3818479e+03   1.0855671e+03   8.6332880e+02   8.3110040e+02   7.8091900e+02   1.1859233e+03   8.6335091e+02   9.7169653e+02   1.0620763e+03
   1.2004388e+03   1.0607466e+03   1.0435380e+03   1.0595419e+03   1.0024608e+03   1.2796055e+03   7.0927384e+02   1.3676978e+03   9.1400313e+02   1.0025327e+03   1.2019900e+03   1.3085779e+03   9.6652972e+02   6.6719621e+02   9.4426235e+02   1.2016634e+03   9.3054877e+02   7.5933469e+02   1.0733294e+03   1.2296249e+03   7.3669111e+02   1.3818479e+03   1.0855671e+03   8.6332880e+02   8.3110040e+02   7.8091900e+02   1.1859233e+03   8.6335091e+02   9.7169653e+02   1.0620763e+03
   1.2004388e+03   1.0607466e+03   1.0435380e+03   1.0595419e+03   1.0024608e+03   1.2796055e+03   7.0927384e+02   1.3676978e+03   9.1400313e+02   1.0025327e+03   1.2019900e+03   1.3085779e+03   9.6652972e+02   6.6719621e+02   9.4426235e+02   1.2016634e+03   9.3054877e+02   7.5933469e+02   1.0733294e+03   1.2296249e+03   7.3669111e+02   1.3818479e+03   1.0855671e+03   8.6332880e+02   8.3110040e+02   7.8091900e+02   1.1859233e+03   8.6335091e+02   9.7169653e+02   1.0620763e+03
   1.2004388e+03   9.1095794e+02   1.0435380e+03   1.0211715e+03   1.0024608e+03   1.0068613e+03   7.0927384e+02   1.3676978e+03   9.1017029e+02   1.0025327e+03   9.4596480e+02   1.2398761e+03   7.0897462e+02   6.6719621e+02   9.4247231e+02   1.2016634e+03   9.3054877e+02   7.5933469e+02   9.7377826e+02   1.1945594e+03   7.3669111e+02   1.0719499e+03   1.0855671e+03   7.1373122e+02   8.3096923e+02   7.8091900e+02   7.7831113e+02   8.2933076e+02   9.2148922e+02   1.0613900e+03
   1.2004388e+03   9.1095794e+02   8.8453631e+02   1.0211715e+03   1.0024608e+03   1.0068613e+03   7.0927384e+02   1.3324124e+03   6.7260839e+02   1.0013794e+03   9.4596480e+02   1.1971683e+03   6.9424473e+02   6.6719621e+02   9.4247231e+02   8.7989972e+02   9.0587274e+02   7.5933469e+02   9.4813821e+02   8.5090916e+02   7.3669111e+02   1.0719499e+03   7.3554662e+02   7.1217571e+02   8.3096923e+02   7.8091900e+02   7.7831113e+02   7.8559192e+02   9.2148922e+02   8.7025546e+02
   9.9203788e+02   9.1095794e+02   8.8453631e+02   8.6325747e+02   1.0024608e+03   1.0068613e+03   7.0927384e+02   9.0979429e+02   6.7260839e+02   1.0003608e+03   6.5363985e+02   1.0525405e+03   6.9424473e+02   6.6719621e+02   8.7226349e+02   8.7989972e+02   7.7764519e+02   7.5933469e+02   8.1919618e+02   8.5090916e+02   7.3669111e+02   1.0719499e+03   7.3554662e+02   7.1217571e+02   8.3096923e+02   7.7489222e+02   6.9491610e+02   7.8559192e+02   9.2148922e+02   7.0795533e+02
   8.8087148e+02   6.8950493e+02   6.3061306e+02   7.7606927e+02   8.6585099e+02   7.8018473e+02   7.0927384e+02   8.7932710e+02   6.7260839e+02   8.7611482e+02   6.5363985e+02   8.6796887e+02   6.9424473e+02   6.3760371e+02   8.0289913e+02   8.7465426e+02   7.7764519e+02   7.5933469e+02   8.1919618e+02   8.4785130e+02   7.3540002e+02   8.4758242e+02   6.7098076e+02   7.1217571e+02   5.6287096e+02   6.7330277e+02   6.9491610e+02   6.7208995e+02   8.7214609e+02   6.9582948e+02
   7.2639433e+02   6.4416488e+02   6.1947071e+02   7.7606927e+02   7.3820308e+02   7.4535359e+02   6.4398281e+02   6.4094011e+02   6.6029725e+02   7.1382110e+02   6.0083368e+02   7.6043856e+02   6.9115197e+02   6.3760371e+02   7.2948296e+02   7.3311975e+02   7.3984954e+02   6.7027926e+02   7.1605777e+02   7.8224446e+02   5.7812040e+02   7.2422514e+02   6.7098076e+02   7.0006906e+02   5.5731461e+02   6.4706955e+02   5.9494738e+02   6.5063764e+02   7.5926920e+02   6.5948693e+02
   5.5102105e+02   6.4416488e+02   5.6003004e+02   6.0126667e+02   6.4214339e+02   6.7904100e+02   6.0492732e+02   5.8493048e+02   5.7913413e+02   6.5672072e+02   5.5412884e+02   6.8612310e+02   6.5409636e+02   6.3760371e+02   6.1274131e+02   6.0895790e+02   6.3012913e+02   6.0699600e+02   6.3676266e+02   5.4072672e+02   5.4932632e+02   7.0658438e+02   5.3637938e+02   6.1491730e+02   5.5315877e+02   6.0285328e+02   5.7422867e+02   5.8591300e+02   6.6464032e+02   5.8145114e+02
   4.9294908e+02   5.1866612e+02   4.7593327e+02   5.2709264e+02   5.4046803e+02   4.9759523e+02   4.8692380e+02   5.7584395e+02   5.5801614e+02   5.8749146e+02   5.4675573e+02   6.0108648e+02   6.0462386e+02   5.0305265e+02   5.5045449e+02   5.5254944e+02   5.5633773e+02   5.5490470e+02   5.3703643e+02   5.3603734e+02   5.4787126e+02   5.7457969e+02   4.9497154e+02   5.1936484e+02   5.5028319e+02   5.2291026e+02   4.2028354e+02   5.1908992e+02   5.3668226e+02   5.7536131e+02
   4.5450485e+02   4.8509547e+02   4.4904062e+02   4.5856527e+02   4.9645538e+02   4.7472491e+02   4.6474260e+02   4.9755572e+02   4.7825257e+02   4.9199121e+02   4.6905539e+02   4.7716597e+02   4.9866301e+02   4.6434490e+02   5.0190838e+02   5.0050799e+02   4.6518449e+02   4.7357090e+02   4.9151239e+02   5.0260208e+02   5.0857923e+02   4.5980171e+02   4.3485946e+02   4.9654157e+02   4.8977307e+02   4.6994048e+02   4.1356985e+02   4.6713398e+02   4.7398594e+02   5.0958635e+02
   4.4544218e+02   4.3586187e+02   4.4502989e+02   4.3175391e+02   4.4447889e+02   4.3083864e+02   4.3567471e+02   4.2528335e+02   4.2637791e+02   4.4588209e+02   4.4219022e+02   4.2431406e+02   4.5464370e+02   4.5205191e+02   4.5701866e+02   4.4618297e+02   4.3226916e+02   4.4531099e+02   4.2194942e+02   4.6318272e+02   4.1720543e+02   4.4091328e+02   4.3265660e+02   4.2948213e+02   4.2710047e+02   4.3811442e+02   4.1121479e+02   4.4047160e+02   4.7126001e+02   4.5947308e+02
   4.1259491e+02   4.0742073e+02   4.1326274e+02   4.0816364e+02   4.2166357e+02   4.0583593e+02   4.1197418e+02   4.1674691e+02   4.0561446e+02   4.0991943e+02   4.1551231e+02   4.1238034e+02   4.0621624e+02   4.1295996e+02   4.1798526e+02   4.0671489e+02   4.1561164e+02   4.3262212e+02   4.0872194e+02   4.1751669e+02   4.0425679e+02   4.1847098e+02   4.1616693e+02   4.0791402e+02   4.1907979e+02   4.1044781e+02   4.0905675e+02   4.2479525e+02   4.1737844e+02   4.2242151e+02
   3.4967019e+02   4.0363984e+02   4.0196456e+02   4.0006886e+02   4.0397305e+02   4.0286176e+02   4.0148992e+02   4.0495243e+02   4.0165344e+02   3.9988190e+02   4.0693747e+02   4.0377115e+02   4.0190216e+02   4.0359971e+02   3.9963058e+02   4.0253698e+02   4.0373755e+02   4.0572509e+02   4.0162230e+02   4.0589485e+02   4.0112274e+02   4.0706237e+02   4.0184615e+02   4.0440644e+02   4.0484098e+02   4.0198279e+02   4.0463607e+02   4.0381686e+02   4.0403448e+02   4.0520761e+02
   3.4964754e+02   4.0027751e+02   4.0010768e+02   3.9831789e+02   3.9928958e+02   3.9964851e+02   3.9954413e+02   4.0022548e+02   3.9922718e+02   3.9918990e+02   4.0058347e+02   3.9999667e+02   4.0071188e+02   4.0068614e+02   3.9917212e+02   4.0030971e+02   3.9978520e+02   4.0189185e+02   4.0060422e+02   4.0132796e+02   4.0014113e+02   4.0038475e+02   3.9919979e+02   4.0072587e+02   4.0220105e+02   4.0069598e+02   4.0148038e+02   4.0087472e+02   4.0098307e+02   4.0059553e+02
   1.1717853e+02   3.9774287e+02   3.9774287e+02   3.9774287e+02   3.9774287e+02   3.9774287e+02   3.9774287e+02   3.9774287e+02   3.9774287e+02   3.9774287e+02   3.9774287e+02   3.9774287e+02   3.9774287e+02   3.9774288e+02   3.9774289e+02   3.9774302e+02   3.9774316e+02   3.9774333e+02   3.9774334e+02   3.9774380e+02   3.9774604e+02   3.9774794e+02   3.9775650e+02   3.9775730e+02   3.9778160e+02   3.9778807e+02   3.9784196e+02   3.9788618e+02   3.9788676e+02   3.9789530e+02
