   1.2516744e+03   1.1395319e+03   1.1523050e+03   1.1647447e+03   1.3161689e+03   1.1462197e+03   1.2202331e+03   1.2101355e+03   1.1518391e+03   1.3246724e+03   1.1257078e+03   1.2338133e+03   1.2584418e+03   9.3867634e+02   1.3509634e+03   1.2474573e+03   1.1912581e+03   1.0799859e+03   1.2197843e+03   1.2503709e+03   8.4760209e+02   1.2019476e+03   1.1943203e+03   9.5322963e+02   1.1979753e+03   9.8892055e+02   1.0744022e+03   1.2318910e+03   1.0391483e+03   1.0681340e+03
   1.2516744e+03   1.1395319e+03   1.1523050e+03   1.1647447e+03   1.3161689e+03   1.1462197e+03   1.2202331e+03   1.2101355e+03   1.1518391e+03   1.3246724e+03   1.1257078e+03   1.2338133e+03   1.2584418e+03   9.3867634e+02   1.3509634e+03   1.2474573e+03   1.1912581e+03   1.0799859e+03   1.2197843e+03   1.2503709e+03   8.4760209e+02   1.2019476e+03   1.1943203e+03   9.5322963e+02   1.1979753e+03   9.8892055e+02   1.0744022e+03   1.2318910e+03   1.0391483e+03   1.0681340e+03
   1.2516744e+03   1.1395319e+03   1.1523050e+03   1.1647447e+03   1.3161689e+03   1.1462197e+03   1.2202331e+03   1.2101355e+03   1.1518391e+03   1.3246724e+03   1.1257078e+03   1.2338133e+03   1.2584418e+03   9.3867634e+02   1.3509634e+03   1.2474573e+03   1.1912581e+03   1.0799859e+03   1.2197843e+03   1.2503709e+03   8.4760209e+02   1.2019476e+03   1.1943203e+03   9.5322963e+02   1.1979753e+03   9.8892055e+02   1.0744022e+03   1.2318910e+03   1.0391483e+03   1.0681340e+03
   1.2516744e+03   1.1395319e+03   1.1523050e+03   1.1647447e+03   1.3161689e+03   1.1462197e+03   1.2202331e+03   1.2101355e+03   1.1518391e+03   1.3246724e+03   1.1257078e+03   1.2338133e+03   1.2584418e+03   9.3867634e+02   1.3509634e+03   1.2474573e+03   1.1912581e+03   1.0799859e+03   1.2197843e+03   1.2503709e+03   8.4760209e+02   1.2019476e+03   1.1943203e+03   9.5322963e+02   1.1979753e+03   9.8892055e+02   1.0744022e+03   1.2318910e+03   1.0391483e+03   1.0681340e+03
   1.2516744e+03   1.1395319e+03   1.1523050e+03   1.1647447e+03   1.3161689e+03   1.1462197e+03   1.2202331e+03   1.2101355e+03   1.1518391e+03   1.3246724e+03   1.1257078e+03   1.2338133e+03   1.2584418e+03   9.3867634e+02   1.3509634e+03   1.2474573e+03   1.1912581e+03   1.0799859e+03   1.2197843e+03   1.2503709e+03   8.4760209e+02   1.2019476e+03   1.1943203e+03   9.5322963e+02   1.1979753e+03   9.8892055e+02   1.0744022e+03   1.2318910e+03   1.0391483e+03   1.0681340e+03
   1.2245744e+03   1.0861293e+03   1.1523050e+03   1.1601097e+03   1.1636932e+03   1.0472333e+03   1.2166783e+03   1.2101355e+03   1.0772547e+03   1.3234564e+03   1.1160131e+03   1.1982814e+03   1.2584418e+03   9.3336597e+02   1.1129099e+03   1.1779919e+03   1.1201196e+03   1.0764507e+03   1.2197843e+03   1.2501613e+03   8.4561864e+02   1.0175800e+03   1.1839334e+03   9.4765475e+02   1.1979753e+03   9.8303769e+02   1.0744022e+03   1.1393312e+03   1.0391483e+03   1.0681340e+03
   1.2245744e+03   1.0861293e+03   1.1523050e+03   1.1601097e+03   1.1636932e+03   1.0472333e+03   1.2166783e+03   1.2101355e+03   1.0772547e+03   1.3234564e+03   1.1160131e+03   1.1982814e+03   1.2584418e+03   9.3336597e+02   1.1129099e+03   1.1779919e+03   1.1201196e+03   1.0764507e+03   1.2197843e+03   1.2501613e+03   8.4561864e+02   1.0175800e+03   1.1839334e+03   9.4765475e+02   1.1979753e+03   9.8303769e+02   1.0744022e+03   1.1393312e+03   1.0391483e+03   1.0681340e+03
   1.2245744e+03   9.4727326e+02   1.0286803e+03   9.6730858e+02   8.0205713e+02   1.0152215e+03   9.8433933e+02   1.0748075e+03   1.0521030e+03   9.7728866e+02   1.1009220e+03   1.1982814e+03   1.1622325e+03   8.4314975e+02   1.0665130e+03   1.0941750e+03   1.0549517e+03   8.6423655e+02   1.1222070e+03   1.0298849e+03   8.4253585e+02   8.0884059e+02   1.1416499e+03   9.4589415e+02   1.1046562e+03   9.4747379e+02   7.9799681e+02   1.1202431e+03   9.3625733e+02   1.0527489e+03
   1.0211951e+03   7.8924426e+02   8.4683288e+02   9.1303703e+02   7.0001104e+02   7.4600073e+02   7.6989839e+02   9.4419159e+02   9.6937966e+02   9.2345077e+02   8.8177513e+02   8.5584899e+02   9.6635728e+02   8.0239531e+02   1.0094481e+03   1.0084944e+03   8.2068788e+02   8.4359872e+02   9.7843982e+02   9.1231359e+02   7.4960549e+02   7.0901720e+02   9.8254111e+02   7.4797222e+02   9.5599423e+02   9.3104224e+02   7.5874733e+02   8.6608249e+02   9.2737784e+02   8.4932967e+02
   7.4084983e+02   7.4300092e+02   7.0876361e+02   7.5437805e+02   6.0780758e+02   7.2285372e+02   7.1122067e+02   7.3539680e+02   7.5869380e+02   5.9407735e+02   6.9552564e+02   7.0540432e+02   6.4223836e+02   6.0419516e+02   6.6350265e+02   7.0935814e+02   7.6443470e+02   7.0295486e+02   8.9411826e+02   6.7236386e+02   6.9006742e+02   6.7703634e+02   8.0454720e+02   6.6038044e+02   7.0728122e+02   8.7085114e+02   6.6068630e+02   8.0713958e+02   6.7747205e+02   7.9617602e+02
   3.4540842e+02   4.4152065e+02   5.2706987e+02   3.7537985e+02   2.9132151e+02   3.8111968e+02   5.7079403e+02   4.1326295e+02   4.7927387e+02   4.1378047e+02   4.9615195e+02   5.1268782e+02   4.0672789e+02   4.6663381e+02   4.8182736e+02   3.8338141e+02   4.7152567e+02   4.6211697e+02   3.1844863e+02   5.1344996e+02   3.6383612e+02   4.6460149e+02   4.9544827e+02   4.3246538e+02   3.4015488e+02   4.6347287e+02   4.4336783e+02   4.4679854e+02   2.7574952e+02   4.8155449e+02
   2.1248283e+02   1.7751973e+02   2.2018175e+02   1.7513094e+02   1.8102468e+02   1.9890645e+02   1.5919541e+02   2.1776242e+02   2.2657047e+02   2.2352215e+02   1.7701808e+02   2.0393870e+02   2.0742226e+02   1.7601939e+02   1.7446775e+02   1.8007121e+02   2.0007253e+02   1.9372338e+02   1.8494917e+02   2.1802317e+02   1.9289065e+02   1.6891091e+02   2.3396020e+02   2.1869677e+02   1.6329307e+02   1.7709473e+02   1.4886181e+02   1.8562859e+02   2.1669860e+02   2.0337331e+02
   9.8180315e+01   8.7511122e+01   9.5895220e+01   7.9532964e+01   8.6641711e+01   9.6664586e+01   9.7350890e+01   9.5995437e+01   1.0103712e+02   9.0756017e+01   9.8798157e+01   9.0250007e+01   7.5938940e+01   1.1157219e+02   7.6785565e+01   8.7290740e+01   7.7723530e+01   9.2475456e+01   1.0072039e+02   8.2425705e+01   1.0315648e+02   9.0280092e+01   9.9779106e+01   8.5183810e+01   1.0200588e+02   7.1482479e+01   9.2288908e+01   9.5255771e+01   9.3993785e+01   8.9227694e+01
   2.4326067e+01   2.1766560e+01   1.9009980e+01   2.2637953e+01   2.3108396e+01   2.2204104e+01   2.4473158e+01   2.7337754e+01   2.4410222e+01   2.5397403e+01   2.6042676e+01   1.9669821e+01   1.9008512e+01   2.1452061e+01   1.8943519e+01   2.4753875e+01   1.9310925e+01   2.5888823e+01   2.4947473e+01   1.9622721e+01   2.0902663e+01   2.3693582e+01   2.2327456e+01   2.1791596e+01   2.2769026e+01   2.0075307e+01   2.6067400e+01   2.0502006e+01   2.2527816e+01   2.7111534e+01
   1.8605607e+00   1.4114261e+00   1.8235190e+00   2.0666217e+00   1.8150994e+00   2.5012117e+00   2.2920706e+00   2.6667722e+00   2.3085221e+00   1.8200334e+00   1.7791339e+00   1.2162349e+00   1.2394671e+00   2.1327714e+00   1.9201674e+00   2.0217085e+00   1.8282823e+00   2.0803680e+00   2.2352997e+00   2.2012143e+00   1.7092122e+00   1.3943366e+00   1.8061046e+00   1.9263937e+00   2.1184644e+00   1.4906441e+00   1.4256491e+00   1.7656649e+00   1.9543321e+00   1.7248785e+00
   0.0000000e+00   0.0000000e+00   0.0000000e+00   0.0000000e+00   0.0000000e+00   0.0000000e+00   0.0000000e+00   0.0000000e+00   0.0000000e+00   0.0000000e+00   0.0000000e+00   0.0000000e+00   0.0000000e+00   0.0000000e+00   0.0000000e+00   0.0000000e+00   0.0000000e+00   0.0000000e+00   0.0000000e+00   0.0000000e+00   0.0000000e+00   0.0000000e+00   0.0000000e+00   0.0000000e+00   0.0000000e+00   0.0000000e+00   0.0000000e+00   0.0000000e+00   0.0000000e+00   0.0000000e+00
