   5.4960601e+04   1.1136206e+05   1.6355138e+05   2.6349430e+04   1.1963827e+05   1.6632995e+05   7.7356535e+04   1.6069956e+05   1.1744930e+05   9.2788447e+04   8.9266890e+04   1.0794663e+05   1.2260371e+05   5.3773924e+04   7.3492498e+04   1.1397131e+05   1.1222628e+05   3.2612465e+04   1.0582410e+05   3.6640461e+04   3.2414545e+04   1.6032834e+04   1.5028842e+05   1.0591408e+05   1.1176303e+05   8.3017578e+04   1.2528247e+05   8.9540401e+04   6.0502521e+04   3.6701425e+04
   5.4960601e+04   1.1136206e+05   1.6355138e+05   2.6349430e+04   1.1963827e+05   1.6632995e+05   7.7356535e+04   1.6069956e+05   1.1744930e+05   9.2788447e+04   8.9266890e+04   1.0794663e+05   1.2260371e+05   5.3773924e+04   7.3492498e+04   1.1397131e+05   1.1222628e+05   3.2612465e+04   1.0582410e+05   3.6640461e+04   3.2414545e+04   1.6032834e+04   1.5028842e+05   1.0591408e+05   1.1176303e+05   8.3017578e+04   1.2528247e+05   8.9540401e+04   6.0502521e+04   3.6701425e+04
   5.4960601e+04   1.1136206e+05   1.6355138e+05   2.6349430e+04   1.1963827e+05   1.6632995e+05   7.7356535e+04   1.6069956e+05   1.1744930e+05   9.2788447e+04   8.9266890e+04   1.0794663e+05   1.2260371e+05   5.3773924e+04   7.3492498e+04   1.1397131e+05   1.1222628e+05   3.2612465e+04   1.0582410e+05   3.6640461e+04   3.2414545e+04   1.6032834e+04   1.5028842e+05   1.0591408e+05   1.1176303e+05   8.3017578e+04   1.2528247e+05   8.9540401e+04   6.0502521e+04   3.6701425e+04
   5.4960601e+04   1.1136206e+05   1.6355138e+05   2.6349430e+04   1.1963827e+05   1.6632995e+05   7.7356535e+04   1.6069956e+05   1.1744930e+05   9.2788447e+04   8.9266890e+04   1.0794663e+05   1.2260371e+05   5.3773924e+04   7.3492498e+04   1.1397131e+05   1.1222628e+05   3.2612465e+04   1.0582410e+05   3.6640461e+04   3.2414545e+04   1.6032834e+04   1.5028842e+05   1.0591408e+05   1.1176303e+05   8.3017578e+04   1.2528247e+05   8.9540401e+04   6.0502521e+04   3.6701425e+04
   5.4960601e+04   1.1136206e+05   1.6355138e+05   2.6349430e+04   1.1963827e+05   1.6632995e+05   7.7356535e+04   1.6069956e+05   1.1744930e+05   9.2788447e+04   8.9266890e+04   1.0794663e+05   1.2260371e+05   5.3773924e+04   7.3492498e+04   1.1397131e+05   1.1222628e+05   3.2612465e+04   1.0582410e+05   3.6640461e+04   3.2414545e+04   1.6032834e+04   1.5028842e+05   1.0591408e+05   1.1176303e+05   8.3017578e+04   1.2528247e+05   8.9540401e+04   6.0502521e+04   3.6701425e+04
   5.2030327e+04   1.1136206e+05   1.6355138e+05   2.6349430e+04   1.0783712e+05   1.6632995e+05   7.3506618e+04   1.6069956e+05   1.1480439e+05   9.2096394e+04   8.9266890e+04   1.0376845e+05   8.1582627e+04   5.3773924e+04   6.7888641e+04   1.1360575e+05   1.0110646e+05   3.2258978e+04   1.0582410e+05   3.6640461e+04   3.2405037e+04   1.5788816e+04   1.5028842e+05   1.0575748e+05   1.1175339e+05   8.3017578e+04   1.0100244e+05   8.9540401e+04   6.0502521e+04   2.6006947e+04
   5.2030327e+04   1.1136206e+05   1.6355138e+05   2.6349430e+04   1.0783712e+05   1.6632995e+05   7.3506618e+04   1.6069956e+05   1.1480439e+05   9.2096394e+04   8.9266890e+04   1.0376845e+05   8.1582627e+04   5.3773924e+04   6.7888641e+04   1.1360575e+05   1.0110646e+05   3.2258978e+04   1.0582410e+05   3.6640461e+04   3.2405037e+04   1.5788816e+04   1.5028842e+05   1.0575748e+05   1.1175339e+05   8.3017578e+04   1.0100244e+05   8.9540401e+04   6.0502521e+04   2.6006947e+04
   3.4839290e+04   8.7909569e+04   2.6491203e+04   2.4647313e+04   9.9766934e+04   9.0037922e+04   5.4185778e+04   6.5064128e+04   5.1346841e+04   7.3692203e+04   6.1333213e+04   7.5783381e+04   8.1581778e+04   5.0264902e+04   3.2703061e+04   5.4411363e+04   9.6980861e+04   3.2196924e+04   7.2640122e+04   3.1365182e+04   1.0557710e+04   7.9927024e+03   9.3093569e+04   8.0701276e+04   1.0926666e+05   4.6465735e+04   1.0021227e+05   6.2204677e+04   3.6573158e+04   9.6930310e+03
   3.4194672e+04   5.6263434e+04   2.4711766e+04   1.4110405e+04   2.3495431e+04   3.2037846e+04   5.3255264e+04   5.1383831e+04   5.0462283e+04   4.1280669e+04   2.7421621e+04   7.1753337e+04   5.7286664e+04   6.9954216e+03   3.1983055e+04   3.7870451e+04   7.8720545e+04   1.5448261e+04   4.9362881e+04   3.1365182e+04   1.0540904e+04   7.8082812e+03   8.5544559e+04   7.0596371e+04   7.2362273e+04   4.5551762e+04   6.7462139e+04   3.6862805e+04   3.5936710e+04   9.6533098e+03
   2.1639067e+04   2.3297541e+04   6.9106670e+03   7.1590197e+02   1.8215972e+04   1.0989522e+04   3.8280289e+04   1.1281555e+04   1.8193837e+04   8.7149017e+03   8.1671557e+03   7.1722957e+03   1.1831113e+04   2.7240678e+03   5.5589520e+03   3.4653386e+04   1.5902325e+04   6.2360751e+03   7.2750513e+03   2.5428287e+04   9.5128494e+03   3.7042379e+03   6.0767291e+03   8.5496159e+03   4.2890405e+04   1.7353843e+04   2.1547474e+04   2.2653431e+04   7.8339849e+03   9.2843467e+03
   1.7016618e+03   1.3476940e+03   1.9374835e+03   5.0627041e+02   3.8724816e+03   1.1129420e+03   1.5311836e+03   4.6175782e+03   1.6662498e+03   1.0962911e+03   1.1718254e+03   4.5831504e+02   1.3188013e+03   1.7378282e+02   4.5632754e+03   4.7589556e+03   2.7513459e+03   3.3740673e+03   2.4274591e+03   2.3697007e+03   3.0795276e+03   1.3122088e+03   7.7771605e+02   2.7368652e+03   2.6383221e+02   4.3106119e+03   4.3149247e+03   2.2718160e+03   1.4674925e+03   3.1908055e+03
   2.2263434e+02   3.1452219e+01   1.7512616e+02   6.1778936e+01   4.5638249e+01   4.1008823e+01   1.2859628e+02   1.0254221e+02   7.0665570e+01   6.1504773e+01   1.4464213e+02   7.4369083e+01   1.4174696e+02   5.7444353e+01   1.0232806e+02   1.3288337e+02   3.1537390e+01   1.7251153e+02   1.9915254e+02   1.5000351e+02   1.1788510e+02   7.7895753e+01   6.1357408e+01   6.8667389e+01   1.0112217e+02   2.2483310e+02   1.2560330e+02   1.4783942e+02   3.9259241e+01   1.2980024e+02
   1.7285108e+01   1.3989872e+01   1.0846884e+01   1.3386204e+01   1.5325791e+01   1.9347760e+01   1.4407688e+01   1.3583329e+01   1.7385789e+01   1.4605482e+01   1.3365273e+01   1.6915546e+01   1.6140515e+01   1.5416745e+01   1.4417516e+01   1.1971593e+01   1.0392335e+01   1.7782851e+01   1.2177305e+01   1.0839877e+01   1.2496433e+01   1.6985848e+01   1.6083680e+01   1.5192504e+01   1.4440993e+01   1.6350084e+01   1.6100171e+01   1.7884791e+01   1.1622712e+01   1.4346176e+01
   2.9492519e+00   3.4237289e+00   3.9491051e+00   2.8587724e+00   2.0327150e+00   1.5895131e+00   2.0652978e+00   3.6650030e+00   3.6940873e+00   2.4974958e+00   3.0296662e+00   3.0388086e+00   3.2990264e+00   3.5396948e+00   2.4109166e+00   1.7423232e+00   3.6573571e+00   4.1033800e+00   2.5913829e+00   3.1486150e+00   2.3818305e+00   3.3876807e+00   7.8063234e-01   2.3809014e+00   3.5669003e+00   2.6070466e+00   3.6361397e+00   3.3240440e+00   2.7824243e+00   2.6130084e+00
   2.1537545e-05   4.9351805e-02   1.8258319e-03   1.9394176e-01   8.6507153e-02   2.2839550e-01   2.8894786e-01   1.9965593e-01   2.7600780e-01   3.8858304e-02   1.0789776e-01   8.8686552e-02   7.7780850e-02   1.8684267e-01   1.9322779e-01   3.2103127e-01   1.3998807e-01   1.1329547e-01   1.8525868e-01   1.8314464e-01   3.0509063e-02   2.1681949e-01   1.7678425e-01   1.3977598e-01   2.1429575e-01   2.8284380e-01   6.7518239e-02   3.2519585e-01   2.0111166e-01   2.1336143e-01
   0.0000000e+00   0.0000000e+00   0.0000000e+00   0.0000000e+00   0.0000000e+00   0.0000000e+00   0.0000000e+00   0.0000000e+00   0.0000000e+00   0.0000000e+00   0.0000000e+00   0.0000000e+00   0.0000000e+00   0.0000000e+00   0.0000000e+00   0.0000000e+00   0.0000000e+00   0.0000000e+00   0.0000000e+00   0.0000000e+00   0.0000000e+00   0.0000000e+00   0.0000000e+00   0.0000000e+00   0.0000000e+00   0.0000000e+00   0.0000000e+00   0.0000000e+00   0.0000000e+00   0.0000000e+00
