   5.4353035e+03   5.1784052e+03   4.9446208e+03   3.8745910e+03   4.8957741e+03   5.0639875e+03   5.1713815e+03   5.0114984e+03   4.8513498e+03   4.9887943e+03   5.0265395e+03   5.2311355e+03   5.2491914e+03   5.0699788e+03   5.3879857e+03   5.3383643e+03   5.4215641e+03   4.8461385e+03   4.8992359e+03   5.1239596e+03   4.8342247e+03   5.0998171e+03   5.0570648e+03   5.2128474e+03   5.2079177e+03   5.0997262e+03   4.8790471e+03   4.9777579e+03   5.1027711e+03   5.3081766e+03
   5.4353035e+03   5.1784052e+03   4.9446208e+03   3.8745910e+03   4.8957741e+03   5.0639875e+03   5.1713815e+03   5.0114984e+03   4.8513498e+03   4.9887943e+03   5.0265395e+03   5.2311355e+03   5.2491914e+03   5.0699788e+03   5.3879857e+03   5.3383643e+03   5.4215641e+03   4.8461385e+03   4.8992359e+03   5.1239596e+03   4.8342247e+03   5.0998171e+03   5.0570648e+03   5.2128474e+03   5.2079177e+03   5.0997262e+03   4.8790471e+03   4.9777579e+03   5.1027711e+03   5.3081766e+03
   5.4353035e+03   5.1784052e+03   4.9446208e+03   3.8745910e+03   4.8957741e+03   5.0639875e+03   5.1713815e+03   5.0114984e+03   4.8513498e+03   4.9887943e+03   5.0265395e+03   5.2311355e+03   5.2491914e+03   5.0699788e+03   5.3879857e+03   5.3383643e+03   5.4215641e+03   4.8461385e+03   4.8992359e+03   5.1239596e+03   4.8342247e+03   5.0998171e+03   5.0570648e+03   5.2128474e+03   5.2079177e+03   5.0997262e+03   4.8790471e+03   4.9777579e+03   5.1027711e+03   5.3081766e+03
   5.4353035e+03   5.1784052e+03   4.9446208e+03   3.8745910e+03   4.8957741e+03   5.0639875e+03   5.1713815e+03   5.0114984e+03   4.8513498e+03   4.9887943e+03   5.0265395e+03   5.2311355e+03   5.2491914e+03   5.0699788e+03   5.3879857e+03   5.3383643e+03   5.4215641e+03   4.8461385e+03   4.8992359e+03   5.1239596e+03   4.8342247e+03   5.0998171e+03   5.0570648e+03   5.2128474e+03   5.2079177e+03   5.0997262e+03   4.8790471e+03   4.9777579e+03   5.1027711e+03   5.3081766e+03
   5.4353035e+03   5.1784052e+03   4.9446208e+03   3.8745910e+03   4.8957741e+03   5.0639875e+03   5.1713815e+03   5.0114984e+03   4.8513498e+03   4.9887943e+03   5.0265395e+03   5.2311355e+03   5.2491914e+03   5.0699788e+03   5.3879857e+03   5.3383643e+03   5.4215641e+03   4.8461385e+03   4.8992359e+03   5.1239596e+03   4.8342247e+03   5.0998171e+03   5.0570648e+03   5.2128474e+03   5.2079177e+03   5.0997262e+03   4.8790471e+03   4.9777579e+03   5.1027711e+03   5.3081766e+03
   5.2537781e+03   4.7615568e+03   4.7546275e+03   3.8745910e+03   4.8957741e+03   4.8667744e+03   5.1713815e+03   4.9265406e+03   4.8513498e+03   4.9887943e+03   4.9400009e+03   4.9939522e+03   5.0242096e+03   5.0418205e+03   5.3879857e+03   5.1160026e+03   5.2539453e+03   4.8461385e+03   4.8992359e+03   4.8460351e+03   4.8342247e+03   4.5470041e+03   5.0570648e+03   5.1033072e+03   5.2079177e+03   5.0958360e+03   4.8790471e+03   4.7554040e+03   5.1027711e+03   5.1152867e+03
   5.2537781e+03   4.7615568e+03   4.7546275e+03   3.8745910e+03   4.8957741e+03   4.8667744e+03   5.1713815e+03   4.9265406e+03   4.8513498e+03   4.9887943e+03   4.9400009e+03   4.9939522e+03   5.0242096e+03   5.0418205e+03   5.3879857e+03   5.1160026e+03   5.2539453e+03   4.8461385e+03   4.8992359e+03   4.8460351e+03   4.8342247e+03   4.5470041e+03   5.0570648e+03   5.1033072e+03   5.2079177e+03   5.0958360e+03   4.8790471e+03   4.7554040e+03   5.1027711e+03   5.1152867e+03
   5.0689586e+03   4.7501067e+03   4.5194162e+03   3.8745910e+03   4.7210680e+03   4.4356002e+03   4.9050424e+03   4.4803600e+03   4.4886809e+03   4.5389029e+03   4.6835321e+03   4.9182492e+03   4.7346701e+03   4.7587227e+03   5.0413765e+03   4.5035572e+03   4.2708115e+03   4.7232816e+03   4.8410728e+03   4.5852564e+03   4.8342247e+03   4.5470041e+03   4.7385004e+03   4.7454143e+03   4.9528052e+03   3.8181503e+03   4.6823855e+03   4.6876955e+03   4.9816799e+03   4.6177017e+03
   4.8507136e+03   3.7463672e+03   4.5194162e+03   3.8745910e+03   4.5954135e+03   4.4356002e+03   4.3952809e+03   4.4803600e+03   4.4817379e+03   4.5389029e+03   4.5350417e+03   4.6678758e+03   4.5291041e+03   4.0048448e+03   4.5652805e+03   4.5035572e+03   4.2708115e+03   4.5623482e+03   4.8325123e+03   4.0948169e+03   4.3692010e+03   4.4528306e+03   4.1164252e+03   4.7454143e+03   4.5928334e+03   3.8138816e+03   4.4714597e+03   4.3781824e+03   3.8480545e+03   4.5527411e+03
   4.2354416e+03   3.7463672e+03   4.3749264e+03   3.8745910e+03   4.4531799e+03   4.1496604e+03   4.1434863e+03   4.4447756e+03   4.2870282e+03   4.2763416e+03   3.9717584e+03   4.0834748e+03   4.4113730e+03   4.0048448e+03   4.4206633e+03   4.4484174e+03   4.2708115e+03   4.0520231e+03   4.5143965e+03   4.0948169e+03   4.0671382e+03   4.2661337e+03   4.0946542e+03   4.1842354e+03   4.1060664e+03   3.8138816e+03   4.1023430e+03   4.2699881e+03   3.7273535e+03   4.0500444e+03
   3.3268022e+03   3.6747290e+03   3.1213568e+03   3.5177499e+03   3.7603120e+03   3.5580640e+03   3.7122664e+03   3.8136327e+03   3.7662218e+03   3.8037415e+03   3.6929592e+03   3.8487132e+03   2.9232632e+03   3.7978704e+03   3.8542166e+03   3.7873872e+03   3.2826861e+03   3.9222778e+03   3.5965618e+03   3.7226629e+03   3.4789117e+03   3.7249057e+03   3.4759375e+03   3.4728076e+03   3.6512932e+03   3.5849628e+03   3.4827944e+03   3.6462473e+03   3.1554179e+03   3.5381726e+03
   3.0093814e+03   3.2678547e+03   2.9809705e+03   2.5489239e+03   3.0859096e+03   2.8764519e+03   3.3431357e+03   2.6236669e+03   2.8137105e+03   2.7520110e+03   3.0833955e+03   3.4265802e+03   1.9348694e+03   2.3407508e+03   3.2024629e+03   2.9846985e+03   3.1016534e+03   3.2504915e+03   3.0349324e+03   3.1322046e+03   2.8870111e+03   3.1634186e+03   3.0092511e+03   3.1133974e+03   2.5049828e+03   3.0408444e+03   2.9237065e+03   2.9190546e+03   2.5019617e+03   2.2815111e+03
   1.8911766e+03   2.4745737e+03   2.4609938e+03   2.2817536e+03   1.9338175e+03   1.9218156e+03   2.1257900e+03   2.1351276e+03   2.0446484e+03   1.8654547e+03   2.1789590e+03   2.2565521e+03   1.5662142e+03   1.7722011e+03   2.3092169e+03   2.0837683e+03   2.3818697e+03   2.3634958e+03   2.0227509e+03   2.2925893e+03   2.0706391e+03   1.8711965e+03   1.8570168e+03   2.2680165e+03   2.0713372e+03   2.3363172e+03   2.3280252e+03   1.9838040e+03   1.6315655e+03   1.7487392e+03
   1.5037555e+03   1.5704129e+03   1.3701151e+03   1.4580091e+03   1.5223449e+03   1.2084562e+03   1.1451070e+03   1.2427312e+03   1.2785987e+03   1.0047699e+03   1.4508318e+03   1.6331833e+03   1.3565828e+03   8.7587379e+02   1.0670136e+03   1.3769927e+03   1.5038030e+03   1.4977456e+03   1.4766482e+03   1.4638979e+03   1.4537861e+03   1.2556099e+03   1.3222646e+03   1.6645378e+03   1.4702825e+03   1.4185602e+03   1.4306838e+03   1.4000234e+03   1.2012069e+03   1.4882616e+03
   7.6588140e+02   1.0144475e+03   7.2343984e+02   6.4045224e+02   9.8880684e+02   9.0375451e+02   7.5853527e+02   9.0509142e+02   7.7722999e+02   8.0697369e+02   7.1343535e+02   7.8001961e+02   7.5447276e+02   6.5124726e+02   6.3898147e+02   7.6258582e+02   1.1126347e+03   8.6310653e+02   8.8521275e+02   8.9819558e+02   7.8304025e+02   9.7843801e+02   9.1884263e+02   9.7822004e+02   1.2052294e+03   8.8096083e+02   8.4949547e+02   8.0115465e+02   8.9989105e+02   9.7752040e+02
   1.5908179e+00   2.4046885e+00   3.1811940e+00   3.6805490e+00   4.1594703e+00   8.8906717e+00   1.4689265e+01   1.6452839e+01   1.5392494e+02   1.5743394e+02   1.8600681e+02   1.9673497e+02   1.9826433e+02   2.0137886e+02   2.1311415e+02   2.4080352e+02   2.4274943e+02   2.4528666e+02   2.6172012e+02   2.8442856e+02   2.8664513e+02   2.8924961e+02   3.1592230e+02   3.1680990e+02   3.2059225e+02   3.2434492e+02   3.3844636e+02   3.9387766e+02   4.4982120e+02   4.6031051e+02
