   4.6429345e+03   3.5394510e+03   3.4869653e+03   3.6604971e+03   3.8860215e+03   4.0196286e+03   3.3674007e+03   2.9067279e+03   3.0281379e+03   3.4049695e+03   3.0503468e+03   4.2734379e+03   3.0790366e+03   2.6617956e+03   2.3942917e+03   3.1699335e+03   2.4121544e+03   2.9748973e+03   2.4641651e+03   3.1245559e+03   3.4939379e+03   3.5583850e+03   3.3872938e+03   4.1260740e+03   2.4351321e+03   2.1103537e+03   1.8691191e+03   2.5511566e+03   3.7947849e+03   3.0784941e+03
   4.6429345e+03   3.5394510e+03   3.4869653e+03   3.6604971e+03   3.8860215e+03   4.0196286e+03   3.3674007e+03   2.9067279e+03   3.0281379e+03   3.4049695e+03   3.0503468e+03   4.2734379e+03   3.0790366e+03   2.6617956e+03   2.3942917e+03   3.1699335e+03   2.4121544e+03   2.9748973e+03   2.4641651e+03   3.1245559e+03   3.4939379e+03   3.5583850e+03   3.3872938e+03   4.1260740e+03   2.4351321e+03   2.1103537e+03   1.8691191e+03   2.5511566e+03   3.7947849e+03   3.0784941e+03
   4.6429345e+03   3.5394510e+03   3.4869653e+03   3.6604971e+03   3.8860215e+03   4.0196286e+03   3.3674007e+03   2.9067279e+03   3.0281379e+03   3.4049695e+03   3.0503468e+03   4.2734379e+03   3.0790366e+03   2.6617956e+03   2.3942917e+03   3.1699335e+03   2.4121544e+03   2.9748973e+03   2.4641651e+03   3.1245559e+03   3.4939379e+03   3.5583850e+03   3.3872938e+03   4.1260740e+03   2.4351321e+03   2.1103537e+03   1.8691191e+03   2.5511566e+03   3.7947849e+03   3.0784941e+03
   4.6429345e+03   3.5394510e+03   3.4869653e+03   3.6604971e+03   3.8860215e+03   4.0196286e+03   3.3674007e+03   2.9067279e+03   3.0281379e+03   3.4049695e+03   3.0503468e+03   4.2734379e+03   3.0790366e+03   2.6617956e+03   2.3942917e+03   3.1699335e+03   2.4121544e+03   2.9748973e+03   2.4641651e+03   3.1245559e+03   3.4939379e+03   3.5583850e+03   3.3872938e+03   4.1260740e+03   2.4351321e+03   2.1103537e+03   1.8691191e+03   2.5511566e+03   3.7947849e+03   3.0784941e+03
   4.6429345e+03   3.5394510e+03   3.4869653e+03   3.6604971e+03   3.8860215e+03   4.0196286e+03   3.3674007e+03   2.9067279e+03   3.0281379e+03   3.4049695e+03   3.0503468e+03   4.2734379e+03   3.0790366e+03   2.6617956e+03   2.3942917e+03   3.1699335e+03   2.4121544e+03   2.9748973e+03   2.4641651e+03   3.1245559e+03   3.4939379e+03   3.5583850e+03   3.3872938e+03   4.1260740e+03   2.4351321e+03   2.1103537e+03   1.8691191e+03   2.5511566e+03   3.7947849e+03   3.0784941e+03
   4.5970103e+03   3.4467053e+03   3.4869653e+03   3.6604971e+03   3.8860215e+03   2.2947449e+03   2.4863164e+03   2.9067279e+03   3.0281379e+03   3.2781078e+03   3.0503468e+03   3.3313868e+03   3.0790366e+03   2.6518058e+03   2.1183488e+03   3.1699335e+03   2.1801898e+03   2.8441633e+03   2.4641651e+03   3.1245559e+03   3.4939379e+03   3.5386408e+03   3.3815014e+03   3.2771962e+03   2.4351321e+03   2.0960651e+03   1.8685011e+03   2.5511566e+03   3.7947849e+03   3.0784941e+03
   4.5970103e+03   3.4467053e+03   3.4869653e+03   3.6604971e+03   3.8860215e+03   2.2947449e+03   2.4863164e+03   2.9067279e+03   3.0281379e+03   3.2781078e+03   3.0503468e+03   3.3313868e+03   3.0790366e+03   2.6518058e+03   2.1183488e+03   3.1699335e+03   2.1801898e+03   2.8441633e+03   2.4641651e+03   3.1245559e+03   3.4939379e+03   3.5386408e+03   3.3815014e+03   3.2771962e+03   2.4351321e+03   2.0960651e+03   1.8685011e+03   2.5511566e+03   3.7947849e+03   3.0784941e+03
   3.8092705e+03   3.3890636e+03   3.4869653e+03   3.6583493e+03   3.8860215e+03   1.8957291e+03   2.2234008e+03   2.3991684e+03   2.7546756e+03   2.2986417e+03   2.9521924e+03   3.3313868e+03   2.8572853e+03   2.6223000e+03   1.7058618e+03   2.1979497e+03   2.1801898e+03   1.9133341e+03   2.1009046e+03   2.4375525e+03   3.0280728e+03   2.5278813e+03   2.9423375e+03   3.1561409e+03   1.8101431e+03   2.0959798e+03   1.8597893e+03   2.4606625e+03   3.6828528e+03   2.9982228e+03
   2.7539236e+03   2.9073514e+03   2.6386643e+03   2.8862994e+03   3.2492699e+03   1.8823002e+03   2.2005272e+03   2.3991684e+03   1.9135471e+03   2.1926764e+03   2.3439853e+03   2.7371203e+03   2.6381147e+03   2.6223000e+03   1.6195814e+03   1.8766512e+03   1.8570929e+03   1.9113633e+03   2.0011595e+03   2.4375525e+03   2.4737910e+03   2.5278813e+03   2.8946267e+03   3.1470575e+03   1.7961238e+03   1.7564421e+03   1.6245319e+03   1.8354648e+03   2.8311296e+03   2.8608511e+03
   2.2081967e+03   2.7819181e+03   2.6386643e+03   2.6572643e+03   1.8793081e+03   1.7768596e+03   1.9358525e+03   1.7245776e+03   1.6701185e+03   2.1664704e+03   2.2495843e+03   2.4247430e+03   2.3502094e+03   2.5712575e+03   1.3885367e+03   1.7988729e+03   1.4369421e+03   1.7415337e+03   1.8579606e+03   2.2901563e+03   2.1731737e+03   2.0802492e+03   2.2936860e+03   2.0281375e+03   1.7493119e+03   1.4980651e+03   1.5262620e+03   1.6810901e+03   1.9620998e+03   1.8440313e+03
   1.6956750e+03   1.5474957e+03   1.6035740e+03   1.4902878e+03   1.2228723e+03   1.5147109e+03   1.1429261e+03   1.6906799e+03   1.4016795e+03   1.9199944e+03   1.1440520e+03   1.6401764e+03   1.8398354e+03   1.5897833e+03   1.1532992e+03   1.3541612e+03   1.2308098e+03   1.5973146e+03   1.4879084e+03   2.0736760e+03   1.3536621e+03   1.6164964e+03   1.7295980e+03   1.5114960e+03   1.4869798e+03   1.1915416e+03   1.5193459e+03   1.5808354e+03   1.5170803e+03   1.0657800e+03
   1.3008237e+03   1.0429393e+03   1.1515611e+03   1.0858680e+03   1.0180746e+03   1.0145638e+03   1.0047795e+03   1.1829869e+03   1.2089201e+03   8.7630122e+02   1.0628691e+03   9.2970675e+02   9.5136827e+02   1.0680637e+03   8.4865245e+02   9.9389010e+02   1.0748184e+03   1.2687661e+03   1.1065871e+03   1.1394286e+03   1.1139187e+03   1.2569811e+03   1.2188855e+03   8.8218421e+02   1.1032522e+03   9.8725668e+02   1.1561302e+03   9.4481444e+02   9.9799263e+02   1.0342790e+03
   7.4114517e+02   7.0252921e+02   7.1970315e+02   7.2829055e+02   7.4571350e+02   7.1544236e+02   7.3230348e+02   8.2345019e+02   7.7407253e+02   7.4101932e+02   7.8354494e+02   7.2087881e+02   6.9475431e+02   7.6896475e+02   7.0294910e+02   7.9619441e+02   7.5799538e+02   7.8718451e+02   7.6490674e+02   7.6376656e+02   7.4073791e+02   7.9286472e+02   7.8515448e+02   7.8441595e+02   6.6660734e+02   7.7836759e+02   6.0984603e+02   7.7578889e+02   6.9144907e+02   6.7852427e+02
   5.5078242e+02   5.5266269e+02   5.4696959e+02   5.2679845e+02   5.8962573e+02   5.3514152e+02   5.0881570e+02   4.9781842e+02   5.4116710e+02   4.8135848e+02   5.6359350e+02   5.5044635e+02   5.4288585e+02   5.6988794e+02   5.6353899e+02   5.5554344e+02   5.6849747e+02   5.2021220e+02   5.6066642e+02   5.4453515e+02   5.4060597e+02   5.7294592e+02   5.7310242e+02   5.6817126e+02   5.8571311e+02   5.4880630e+02   5.7527098e+02   5.5137534e+02   5.8482657e+02   5.2799476e+02
   4.2922413e+02   4.2918127e+02   4.2684868e+02   4.2089751e+02   4.3041849e+02   4.2323238e+02   4.2139130e+02   4.3219758e+02   4.3128241e+02   4.2125826e+02   4.2004185e+02   4.1415005e+02   4.2774588e+02   4.2434103e+02   4.2215002e+02   4.3552515e+02   4.2726199e+02   4.2762601e+02   4.3222244e+02   4.2838431e+02   4.1372270e+02   4.2444426e+02   4.1747813e+02   4.2483941e+02   4.2720426e+02   4.2028379e+02   4.2623535e+02   4.2550348e+02   4.2876405e+02   4.2423110e+02
   4.0000000e+02   4.0000000e+02   4.0000000e+02   4.0000000e+02   4.0000000e+02   4.0000000e+02   4.0000000e+02   4.0000000e+02   4.0000000e+02   4.0000000e+02   4.0000000e+02   4.0000000e+02   4.0000000e+02   4.0000000e+02   4.0000000e+02   4.0000000e+02   4.0000000e+02   4.0000000e+02   4.0000000e+02   4.0000000e+02   4.0000000e+02   4.0000000e+02   4.0000000e+02   4.0000000e+02   4.0000000e+02   4.0000000e+02   4.0000000e+02   4.0000000e+02   4.0000000e+02   4.0000000e+02
