   2.3447979e+05   1.8731101e+05   1.6848824e+06   7.0602871e+05   3.3539898e+05   4.6425416e+05   1.6803109e+06   8.7861528e+05   3.3097950e+05   8.5889274e+05   2.7548909e+05   3.0772931e+05   1.2383160e+06   9.4314386e+05   9.9367077e+05   1.0917021e+06   1.9959595e+06   1.7535388e+04   3.5723156e+05   7.2887941e+04   2.5896977e+05   6.0672340e+05   4.7489242e+05   9.4629271e+05   3.5118083e+05   2.6597577e+05   1.1483334e+06   3.9772239e+05   4.5236366e+04   5.0598705e+05
   2.3447979e+05   1.8731101e+05   1.6848824e+06   7.0602871e+05   3.3539898e+05   4.6425416e+05   1.6803109e+06   8.7861528e+05   3.3097950e+05   8.5889274e+05   2.7548909e+05   3.0772931e+05   1.2383160e+06   9.4314386e+05   9.9367077e+05   1.0917021e+06   1.9959595e+06   1.7535388e+04   3.5723156e+05   7.2887941e+04   2.5896977e+05   6.0672340e+05   4.7489242e+05   9.4629271e+05   3.5118083e+05   2.6597577e+05   1.1483334e+06   3.9772239e+05   4.5236366e+04   5.0598705e+05
   2.3447979e+05   1.8731101e+05   1.6848824e+06   7.0602871e+05   3.3539898e+05   4.6425416e+05   1.6803109e+06   8.7861528e+05   3.3097950e+05   8.5889274e+05   2.7548909e+05   3.0772931e+05   1.2383160e+06   9.4314386e+05   9.9367077e+05   1.0917021e+06   1.9959595e+06   1.7535388e+04   3.5723156e+05   7.2887941e+04   2.5896977e+05   6.0672340e+05   4.7489242e+05   9.4629271e+05   3.5118083e+05   2.6597577e+05   1.1483334e+06   3.9772239e+05   4.5236366e+04   5.0598705e+05
   2.3442504e+05   1.8731101e+05   1.6848824e+06   7.0602871e+05   3.3539898e+05   4.6425416e+05   1.6803109e+06   8.7826050e+05   3.3097950e+05   5.6597396e+05   2.7548909e+05   3.0772931e+05   1.2382897e+06   1.3350184e+05   9.9367077e+05   6.3998097e+05   5.4821438e+04   1.7535388e+04   3.5722867e+05   7.2883458e+04   2.5896977e+05   6.0663162e+05   4.7489242e+05   9.4629271e+05   3.5118083e+05   2.6597577e+05   1.1483334e+06   1.7667823e+04   4.5236366e+04   7.6754730e+04
   2.3442504e+05   1.8731101e+05   3.7890465e+05   7.0602845e+05   3.3539898e+05   4.6026148e+05   1.6802584e+06   8.7801071e+05   3.3097950e+05   5.6594118e+05   2.7548909e+05   3.0768417e+05   1.2382772e+06   1.3350184e+05   9.9367077e+05   4.2679336e+05   5.4821438e+04   1.7535388e+04   3.5722867e+05   4.6642163e+04   2.5896977e+05   1.4087298e+05   3.6237469e+05   1.9911568e+05   3.5118083e+05   2.6596923e+05   7.9901223e+05   1.7667823e+04   4.5236366e+04   7.6748095e+04
   2.3442504e+05   1.1993864e+05   3.7889161e+05   1.2754484e+05   3.3539898e+05   4.6026135e+05   1.6801954e+06   8.7799989e+05   1.7662163e+05   5.6594118e+05   2.7548909e+05   3.0768417e+05   1.2382772e+06   1.3350184e+05   9.9367077e+05   2.5948455e+05   5.4821438e+04   1.7535388e+04   3.5722867e+05   4.6642163e+04   2.5896833e+05   1.4075990e+05   3.6237449e+05   1.9911568e+05   2.9335793e+05   2.6596923e+05   7.7012144e+04   1.7295707e+04   4.5236349e+04   7.6533727e+04
   8.5654296e+04   1.1993864e+05   3.7889161e+05   1.2754484e+05   3.3528216e+05   1.7924808e+05   1.0054539e+06   9.6005927e+04   1.7646699e+05   5.6593746e+05   2.7548909e+05   3.0768417e+05   6.8431543e+05   1.3350184e+05   9.9338150e+05   2.3477844e+04   5.4818590e+04   1.7143798e+04   3.5722867e+05   4.6131113e+04   1.8247749e+05   1.4075990e+05   3.6237449e+05   1.9911568e+05   1.3993443e+05   2.6596923e+05   7.7010042e+04   1.5927341e+04   4.5236349e+04   7.6533727e+04
   2.8437357e+04   1.1991615e+05   2.0459132e+05   3.1044575e+04   2.0456186e+04   4.6580557e+04   2.1640172e+05   9.5932333e+04   1.7645739e+05   1.5498852e+05   9.1427121e+04   3.0768417e+05   3.9370568e+05   1.3349274e+05   7.5080398e+04   2.3477844e+04   5.4818493e+04   1.7143798e+04   1.7185911e+05   4.6038630e+04   1.8247749e+05   1.4073853e+05   3.6232980e+05   1.9911568e+05   5.6944364e+04   2.6594257e+05   7.3517739e+04   1.5927341e+04   4.5236349e+04   7.6209811e+04
   2.0639397e+04   5.4753156e+04   6.1492571e+04   3.0966493e+04   2.0426898e+04   4.6128886e+04   1.8153546e+05   9.5117124e+04   8.8267113e+04   1.4908966e+05   3.3090645e+04   1.0345878e+05   2.7462439e+05   4.9496888e+04   7.5080398e+04   1.7074049e+04   5.4676406e+04   1.7134064e+04   1.1199101e+05   4.6038630e+04   1.8247749e+05   1.4072782e+05   7.4068513e+04   1.9910447e+05   5.6943989e+04   2.3982868e+05   7.3517736e+04   1.5927341e+04   4.4987024e+04   3.0019113e+04
   2.0199868e+04   5.4241204e+04   6.1478446e+04   1.2207792e+04   2.0359386e+04   4.5084525e+04   7.5461183e+04   9.5117124e+04   8.8126433e+04   6.1619098e+04   3.3090204e+04   3.0761859e+04   1.3068301e+05   4.9322520e+04   7.4418379e+04   1.7026408e+04   5.4431424e+04   1.1791395e+04   1.7692641e+04   4.6038630e+04   2.3722358e+04   1.4072472e+05   5.0591536e+03   5.0105540e+04   1.3361730e+04   2.3095353e+04   5.0310524e+04   1.5927341e+04   4.4976270e+04   2.5096807e+04
   1.9507124e+03   1.2216998e+04   3.7526448e+03   1.2182168e+04   2.0194769e+04   1.7948197e+04   5.2338797e+04   3.0729187e+04   3.5984218e+04   2.5710734e+04   3.2932180e+04   3.0429086e+04   3.6095194e+03   4.2502624e+04   1.6814395e+04   1.7000230e+04   5.3978106e+04   1.1397570e+04   1.7237197e+04   2.4861012e+04   1.7162084e+04   4.7798493e+04   5.0478034e+03   5.0102993e+04   1.3131882e+04   2.3076513e+04   5.0202779e+04   1.5871363e+04   4.3830480e+04   1.3246057e+04
   1.5919349e+03   1.2092789e+04   3.6225391e+03   1.1341132e+04   3.8543286e+03   1.7535036e+04   1.2030855e+04   6.3803021e+03   5.1369092e+03   3.7641282e+03   3.0172257e+04   2.9538642e+04   3.4595212e+03   1.5443655e+04   1.3568742e+04   1.4821517e+04   5.5349045e+03   1.1190403e+04   6.7572978e+03   4.4525175e+03   1.1258366e+04   3.3552002e+04   4.6197069e+03   2.8496652e+04   1.3131804e+04   2.3025209e+04   7.0765511e+03   1.1474994e+04   1.7112307e+04   1.3185401e+04
   1.3940737e+03   1.2017019e+04   3.6119747e+03   1.0634251e+04   3.8542626e+03   1.3987311e+04   1.1076578e+04   6.2648405e+03   1.5281379e+03   3.7274611e+03   1.1580300e+04   7.0455313e+03   2.5117489e+03   7.1727388e+03   7.9718782e+03   6.4705497e+03   3.6475299e+03   9.2559825e+03   6.6651377e+03   1.7428802e+03   1.1206292e+04   4.7787297e+03   4.6182819e+03   2.5057935e+04   5.1939123e+03   1.6868470e+04   6.6828216e+03   1.1467497e+04   3.0091965e+03   1.3167153e+04
   5.9360854e+02   9.7975265e+03   2.4496411e+03   1.0179059e+04   3.8448814e+03   6.8061183e+03   9.0272959e+03   5.8251112e+03   8.9339694e+02   3.7046093e+03   3.2762228e+03   3.9608825e+03   2.3229334e+03   5.2107537e+03   2.5774535e+03   1.8561139e+03   8.6317196e+02   6.5187698e+03   6.5331908e+03   1.6548118e+03   2.2198365e+03   4.7667730e+03   1.3783068e+03   4.3011645e+03   3.1774586e+03   4.6677565e+03   6.3781403e+02   3.0491578e+03   2.7515116e+03   3.2946429e+03
   4.2364278e+02   3.6042014e+02   3.3336567e+02   2.4487031e+02   5.9760473e+02   3.8020878e+02   6.9501568e+02   6.9573445e+02   1.6742666e+02   2.0069216e+02   5.1810796e+02   3.0388740e+02   4.2290489e+02   1.4360976e+02   2.7898491e+02   3.4336480e+02   2.4331245e+02   3.9167425e+02   1.5136754e+02   7.4332602e+02   2.4999460e+02   2.6608273e+02   7.9511473e+02   7.5174957e+02   4.3070682e+02   3.1817334e+02   2.9857612e+02   1.4691260e+02   2.2237905e+02   1.6602162e+02
   1.1414253e-01   1.4815434e-01   1.4817395e-01   1.6602445e-01   1.7712415e-01   2.1600965e-01   2.1989379e-01   2.9584011e-01   3.0292528e-01   3.0584462e-01   3.1313722e-01   3.5167193e-01   4.1995218e-01   4.3934422e-01   4.6409077e-01   4.8091236e-01   4.8437615e-01   4.9331294e-01   4.9839924e-01   5.7727999e-01   6.1758913e-01   6.2659250e-01   6.2717360e-01   6.3799277e-01   6.8215108e-01   8.4231854e-01   8.4572162e-01   8.9552975e-01   9.1253159e-01   9.5603366e-01
