   4.3972011e+03   4.0262773e+03   4.4372192e+03   4.1314575e+03   4.6759903e+03   4.2857630e+03   2.8917465e+03   3.2409011e+03   4.3618991e+03   4.2718223e+03   5.1101305e+03   4.4980311e+03   2.9232963e+03   3.3888642e+03   4.3900470e+03   2.2315188e+03   3.3888172e+03   2.1608521e+03   4.0254770e+03   3.1722191e+03   4.4925534e+03   4.0189910e+03   5.2987228e+03   3.7372839e+03   3.3406147e+03   4.1097866e+03   3.5210599e+03   2.8675342e+03   3.3747430e+03   5.9938911e+03
   4.3972011e+03   4.0262773e+03   4.4372192e+03   4.1314575e+03   4.6759903e+03   4.2857630e+03   2.8917465e+03   3.2409011e+03   4.3618991e+03   4.2718223e+03   5.1101305e+03   4.4980311e+03   2.9232963e+03   3.3888642e+03   4.3900470e+03   2.2315188e+03   3.3888172e+03   2.1608521e+03   4.0254770e+03   3.1722191e+03   4.4925534e+03   4.0189910e+03   5.2987228e+03   3.7372839e+03   3.3406147e+03   4.1097866e+03   3.5210599e+03   2.8675342e+03   3.3747430e+03   5.9938911e+03
   4.3972011e+03   4.0262773e+03   4.4372192e+03   4.1314575e+03   4.6759903e+03   4.2857630e+03   2.8917465e+03   3.2409011e+03   4.3618991e+03   4.2718223e+03   5.1101305e+03   4.4980311e+03   2.9232963e+03   3.3888642e+03   4.3900470e+03   2.2315188e+03   3.3888172e+03   2.1608521e+03   4.0254770e+03   3.1722191e+03   4.4925534e+03   4.0189910e+03   5.2987228e+03   3.7372839e+03   3.3406147e+03   4.1097866e+03   3.5210599e+03   2.8675342e+03   3.3747430e+03   5.9938911e+03
   4.3972011e+03   4.0262773e+03   4.4372192e+03   4.1314575e+03   4.6759903e+03   4.2857630e+03   2.8917465e+03   3.2409011e+03   4.3618991e+03   4.2718223e+03   5.1101305e+03   4.4980311e+03   2.9232963e+03   3.3888642e+03   4.3900470e+03   2.2315188e+03   3.3888172e+03   2.1608521e+03   4.0254770e+03   3.1722191e+03   4.4925534e+03   4.0189910e+03   5.2987228e+03   3.7372839e+03   3.3406147e+03   4.1097866e+03   3.5210599e+03   2.8675342e+03   3.3747430e+03   5.9938911e+03
   4.3972011e+03   4.0262773e+03   4.4372192e+03   4.1314575e+03   4.6759903e+03   4.2857630e+03   2.8917465e+03   3.2409011e+03   4.3618991e+03   4.2718223e+03   5.1101305e+03   4.4980311e+03   2.9232963e+03   3.3888642e+03   4.3900470e+03   2.2315188e+03   3.3888172e+03   2.1608521e+03   4.0254770e+03   3.1722191e+03   4.4925534e+03   4.0189910e+03   5.2987228e+03   3.7372839e+03   3.3406147e+03   4.1097866e+03   3.5210599e+03   2.8675342e+03   3.3747430e+03   5.9938911e+03
   4.3972011e+03   4.0246735e+03   4.2018368e+03   4.1314575e+03   4.5879713e+03   4.1997366e+03   2.8917465e+03   2.9800821e+03   4.3618991e+03   3.9519761e+03   4.6335624e+03   3.4561768e+03   2.9232963e+03   3.2787057e+03   3.8151681e+03   2.2250313e+03   3.3888172e+03   2.1586099e+03   3.6284207e+03   3.1722191e+03   3.7098206e+03   4.0189910e+03   5.2261897e+03   3.6833517e+03   3.2145333e+03   4.1097866e+03   3.5210599e+03   2.8675342e+03   3.0021840e+03   5.3314271e+03
   4.3972011e+03   4.0246735e+03   4.2018368e+03   4.1314575e+03   4.5879713e+03   4.1997366e+03   2.8917465e+03   2.9800821e+03   4.3618991e+03   3.9519761e+03   4.6335624e+03   3.4561768e+03   2.9232963e+03   3.2787057e+03   3.8151681e+03   2.2250313e+03   3.3888172e+03   2.1586099e+03   3.6284207e+03   3.1722191e+03   3.7098206e+03   4.0189910e+03   5.2261897e+03   3.6833517e+03   3.2145333e+03   4.1097866e+03   3.5210599e+03   2.8675342e+03   3.0021840e+03   5.3314271e+03
   4.3648728e+03   3.2524563e+03   3.0979751e+03   3.4209306e+03   4.1317234e+03   4.0352175e+03   1.9134812e+03   2.8531081e+03   3.6127766e+03   3.4542118e+03   4.6335624e+03   3.3917547e+03   2.9232963e+03   3.1797863e+03   3.7093442e+03   2.1830368e+03   3.2545259e+03   2.1586099e+03   2.8915673e+03   2.9369495e+03   3.7098206e+03   3.2293014e+03   4.8025188e+03   3.3192831e+03   3.2145333e+03   3.9746435e+03   3.2734137e+03   2.4892736e+03   3.0021840e+03   3.3904286e+03
   3.6670669e+03   3.1273740e+03   1.5268552e+03   2.6347987e+03   3.5254778e+03   3.7507597e+03   1.7162951e+03   2.6277127e+03   2.6750816e+03   2.8903190e+03   3.7471510e+03   2.0200921e+03   2.9064263e+03   2.3614777e+03   2.4019921e+03   2.0731718e+03   2.8487215e+03   2.1498862e+03   2.7075258e+03   2.9009877e+03   3.4065871e+03   3.1320527e+03   3.1714140e+03   2.6631648e+03   3.2145333e+03   3.2282486e+03   3.2572483e+03   2.3885975e+03   2.3017264e+03   3.3736671e+03
   3.1384595e+03   2.1507970e+03   1.4550367e+03   2.1251377e+03   2.3715280e+03   2.7484251e+03   1.5362319e+03   1.9701407e+03   2.6232641e+03   2.3883567e+03   2.4125949e+03   1.9361104e+03   1.5102449e+03   2.0008229e+03   2.0175064e+03   1.7986507e+03   2.2362081e+03   2.0906547e+03   2.5518698e+03   2.2874697e+03   2.5841085e+03   1.6625450e+03   1.8395441e+03   2.1180615e+03   2.5096757e+03   2.3669857e+03   1.5391786e+03   2.3276113e+03   1.9584891e+03   2.2882604e+03
   2.0750491e+03   1.4114874e+03   1.2259447e+03   1.2847597e+03   1.6933198e+03   1.5328007e+03   1.0791800e+03   1.1736583e+03   1.3839168e+03   1.5850960e+03   1.6408588e+03   1.0733497e+03   1.2601416e+03   9.6657930e+02   1.4145809e+03   1.2593137e+03   1.4759201e+03   1.1737953e+03   1.4673293e+03   1.5602316e+03   1.5214646e+03   1.3327504e+03   1.5114723e+03   1.3495903e+03   1.5996076e+03   2.0052858e+03   1.2922662e+03   1.4587084e+03   1.6635360e+03   1.7539577e+03
   1.0239471e+03   1.0573892e+03   7.3520462e+02   9.5930313e+02   1.0916594e+03   1.0492789e+03   1.0506417e+03   9.0284325e+02   1.1496583e+03   9.5503270e+02   1.0190988e+03   8.3648340e+02   8.7726046e+02   7.3424893e+02   1.1200682e+03   8.0795102e+02   8.7370733e+02   9.1897530e+02   1.0491057e+03   1.0257974e+03   1.0280192e+03   1.1658543e+03   1.0200192e+03   1.0229032e+03   1.1052828e+03   1.0257959e+03   8.3514028e+02   1.1188595e+03   1.0661266e+03   8.0041031e+02
   6.6189079e+02   7.3744650e+02   6.1164803e+02   7.6158262e+02   6.1099846e+02   7.0715319e+02   6.8867482e+02   6.5232001e+02   6.1138011e+02   6.1675738e+02   6.9626691e+02   6.7352269e+02   5.8891242e+02   5.8536372e+02   6.8328738e+02   6.1437299e+02   7.0627747e+02   6.0994644e+02   6.0122417e+02   7.5025734e+02   7.3176185e+02   7.6825149e+02   6.9108930e+02   6.7809098e+02   7.1470130e+02   7.2784527e+02   6.8921018e+02   7.3653862e+02   6.7229068e+02   7.0227386e+02
   5.4129124e+02   5.3545862e+02   5.3353771e+02   5.1802808e+02   5.3153661e+02   5.3102318e+02   5.1072831e+02   5.1941948e+02   5.1458964e+02   5.1192931e+02   5.3129527e+02   5.3444211e+02   5.0233344e+02   5.3386190e+02   5.3366697e+02   5.0241395e+02   5.3196810e+02   5.1307858e+02   5.3692997e+02   5.3023680e+02   5.4338915e+02   5.4225187e+02   5.2508053e+02   5.2109355e+02   5.4493984e+02   5.2770118e+02   5.4142152e+02   5.3656737e+02   5.3962152e+02   5.4196733e+02
   4.3713091e+02   4.6441783e+02   4.7466660e+02   4.7071554e+02   4.7700530e+02   4.5334385e+02   4.7233090e+02   4.7282548e+02   4.2819776e+02   4.4592277e+02   4.6160503e+02   4.6349655e+02   4.6532369e+02   4.6407651e+02   4.7055908e+02   4.6942836e+02   4.6803389e+02   4.7426803e+02   4.7898722e+02   4.7355487e+02   4.7004159e+02   4.7741896e+02   4.7707811e+02   4.5430831e+02   4.7746672e+02   4.5451741e+02   4.7086999e+02   4.7841594e+02   4.7086044e+02   4.7034762e+02
   4.0086933e+02   4.0244137e+02   4.0263430e+02   4.0279204e+02   4.0292620e+02   4.0379001e+02   4.0397354e+02   4.0460816e+02   4.0520564e+02   4.0756663e+02   4.0978599e+02   4.1038310e+02   4.1093098e+02   4.1118030e+02   4.1372715e+02   4.1372768e+02   4.1374881e+02   4.1380388e+02   4.1381362e+02   4.1383272e+02   4.1383439e+02   4.1383688e+02   4.1384419e+02   4.1387328e+02   4.1388221e+02   4.1388302e+02   4.1388726e+02   4.1388896e+02   4.1392059e+02   4.1401249e+02
