   7.9830614e+02   1.0889554e+03   9.6690345e+02   7.1749940e+02   7.4638245e+02   1.0354490e+03   1.2574236e+03   8.6545144e+02   1.1766935e+03   5.8350007e+02   9.6234060e+02   9.7413872e+02   1.2658610e+03   1.9728433e+02   1.1632833e+03   9.2476881e+02   7.4802896e+02   4.6042944e+02   9.1885867e+02   1.5761047e+03   1.0913881e+03   1.3444169e+03   1.5376143e+03   8.8186468e+02   7.9248200e+02   1.3312335e+03   9.6683827e+02   1.0192195e+03   1.2248647e+03   7.2589938e+02
   7.9830614e+02   1.0889554e+03   9.6690345e+02   7.1749940e+02   7.4638245e+02   1.0354490e+03   1.2574236e+03   8.6545144e+02   1.1766935e+03   5.8350007e+02   9.6234060e+02   9.7413872e+02   1.2658610e+03   1.9728433e+02   1.1632833e+03   9.2476881e+02   7.4802896e+02   4.6042944e+02   9.1885867e+02   1.5761047e+03   1.0913881e+03   1.3444169e+03   1.5376143e+03   8.8186468e+02   7.9248200e+02   1.3312335e+03   9.6683827e+02   1.0192195e+03   1.2248647e+03   7.2589938e+02
   7.9830614e+02   1.0889554e+03   9.6690345e+02   7.1749940e+02   7.4638245e+02   1.0354490e+03   1.2574236e+03   8.6545144e+02   1.1766935e+03   5.8350007e+02   9.6234060e+02   9.7413872e+02   1.2658610e+03   1.9728433e+02   1.1632833e+03   9.2476881e+02   7.4802896e+02   4.6042944e+02   9.1885867e+02   1.5761047e+03   1.0913881e+03   1.3444169e+03   1.5376143e+03   8.8186468e+02   7.9248200e+02   1.3312335e+03   9.6683827e+02   1.0192195e+03   1.2248647e+03   7.2589938e+02
   7.9830614e+02   1.0889554e+03   9.3754031e+02   6.1282770e+02   7.4638245e+02   9.8632139e+02   1.0737300e+03   8.6545144e+02   1.1766935e+03   5.8350007e+02   9.6234060e+02   6.0042147e+02   1.2563608e+03   1.9728433e+02   1.1632833e+03   7.7834762e+02   7.4802896e+02   4.6042944e+02   8.9950154e+02   1.2717885e+03   9.3757088e+02   1.3331683e+03   1.5376143e+03   8.8186468e+02   7.9248200e+02   1.2152727e+03   8.1447252e+02   1.0192195e+03   1.2006632e+03   7.2589938e+02
   7.9830614e+02   1.0889554e+03   8.3799193e+02   6.1282770e+02   7.4638245e+02   9.8632139e+02   1.0720157e+03   8.6545144e+02   9.2767778e+02   5.8350007e+02   8.5794593e+02   5.7388374e+02   1.1142157e+03   1.9728433e+02   1.0237490e+03   7.7834762e+02   5.9885428e+02   4.5346399e+02   8.9950154e+02   1.2507441e+03   8.6258809e+02   1.1527789e+03   1.1722974e+03   8.8186468e+02   4.4560108e+02   1.1253594e+03   8.0385934e+02   9.2633939e+02   1.1137633e+03   6.4942799e+02
   5.4225093e+02   8.4413769e+02   8.3799193e+02   6.1282770e+02   6.7008033e+02   5.9508262e+02   3.5596379e+02   8.6545144e+02   9.2767778e+02   5.8350007e+02   7.5685053e+02   5.7388374e+02   1.1097723e+03   1.8182063e+02   1.0237490e+03   7.7834762e+02   5.7680797e+02   3.3868421e+02   8.9950154e+02   8.4757310e+02   6.7865455e+02   1.0114985e+03   8.4876615e+02   5.1290583e+02   4.4560108e+02   1.0230047e+03   5.4272394e+02   9.2633939e+02   8.0304698e+02   6.4942799e+02
   5.4225093e+02   5.1701848e+02   8.3799193e+02   6.1282770e+02   6.6522698e+02   5.9508262e+02   3.5596379e+02   4.4850117e+02   7.8116054e+02   5.4035249e+02   6.5886402e+02   3.0009674e+02   1.0058991e+03   1.8182063e+02   7.6715010e+02   7.2731236e+02   5.7680797e+02   3.1893009e+02   8.8789241e+02   7.1332425e+02   6.7865455e+02   9.5039815e+02   8.3326430e+02   5.0766644e+02   4.4560108e+02   9.0502599e+02   4.5716616e+02   7.6088663e+02   8.0304698e+02   5.8936668e+02
   4.9865359e+02   5.1179815e+02   3.2879618e+02   6.1282770e+02   4.4562968e+02   5.9508262e+02   3.2033226e+02   4.3743457e+02   6.4563213e+02   2.9179751e+02   6.5736276e+02   2.7235718e+02   5.8545340e+02   1.8182063e+02   7.0131103e+02   7.2728167e+02   4.0498075e+02   2.2759628e+02   5.0873576e+02   6.8846182e+02   5.4081417e+02   7.1830791e+02   8.2018036e+02   4.6470064e+02   2.1678075e+02   6.6260042e+02   2.4521979e+02   6.4732440e+02   5.9366253e+02   5.5331699e+02
   3.2270094e+02   3.4724066e+02   3.2879618e+02   4.6997203e+02   4.1600950e+02   3.7200690e+02   3.2033226e+02   2.2401771e+02   4.7043830e+02   2.1749547e+02   3.5250172e+02   2.2614961e+02   4.8925522e+02   1.8114610e+02   4.5756393e+02   5.3541119e+02   3.2399428e+02   2.2418581e+02   1.8462091e+02   3.8104188e+02   4.6510715e+02   5.4493414e+02   4.7232495e+02   2.6523753e+02   2.1678075e+02   3.7218718e+02   2.0704623e+02   5.5210425e+02   3.4357674e+02   5.3935376e+02
   1.8744633e+02   3.0390098e+02   2.8516280e+02   2.2694899e+02   3.2788367e+02   2.7953402e+02   2.7341076e+02   2.2401771e+02   2.4769385e+02   1.3027075e+02   3.2570320e+02   1.6183414e+02   2.5545130e+02   1.8114610e+02   3.2388484e+02   2.6450899e+02   2.7849498e+02   1.8919912e+02   1.6667584e+02   2.5568653e+02   2.2438380e+02   1.8875257e+02   2.9292100e+02   1.4112137e+02   1.6383064e+02   2.0450477e+02   1.6913310e+02   3.4941274e+02   2.6715099e+02   3.6633710e+02
   1.7453481e+02   1.8890931e+02   1.7257167e+02   1.5136669e+02   1.8109299e+02   1.9819953e+02   1.4239030e+02   2.0298460e+02   1.7448034e+02   1.2480884e+02   1.3753397e+02   1.4798211e+02   1.9126654e+02   1.7496533e+02   1.7434027e+02   1.6179540e+02   1.7158268e+02   1.3534211e+02   1.2207658e+02   1.5920480e+02   1.6689530e+02   1.2257199e+02   2.0706533e+02   7.5803319e+01   1.3431964e+02   1.9417208e+02   1.2302947e+02   1.7725754e+02   1.4879313e+02   1.8793995e+02
   1.3540283e+02   1.2618329e+02   1.2086169e+02   6.8480913e+01   1.2681000e+02   1.1495806e+02   1.0277340e+02   5.5851153e+01   1.3455549e+02   1.1615053e+02   1.1663394e+02   8.1237658e+01   1.2515357e+02   1.1405619e+02   1.4372869e+02   1.1759062e+02   1.3383415e+02   1.0728852e+02   6.2835761e+01   1.2803147e+02   9.8438939e+01   7.4717554e+01   1.3811404e+02   6.8451213e+01   9.4772450e+01   1.3752783e+02   8.3418698e+01   1.2519483e+02   1.1992466e+02   1.2508027e+02
   1.0101136e+02   7.9713688e+01   8.0407112e+01   4.2610768e+01   5.6123160e+01   1.0293765e+02   7.9331323e+01   5.0927206e+01   1.0047889e+02   7.0030701e+01   1.0069642e+02   5.8498211e+01   9.6613605e+01   4.8614507e+01   1.1428639e+02   7.1481733e+01   1.0245767e+02   5.6079169e+01   4.5832393e+01   1.1239140e+02   7.2689679e+01   5.5710567e+01   8.1325434e+01   4.9187309e+01   6.0018695e+01   1.1383929e+02   7.0996597e+01   1.1248505e+02   9.8522469e+01   1.0609214e+02
   6.3752159e+01   6.7678852e+01   7.8889601e+01   3.4046108e+01   5.3850028e+01   9.2409960e+01   6.3143568e+01   4.7200231e+01   6.6710951e+01   4.7957723e+01   8.9721951e+01   3.6252103e+01   7.9163934e+01   4.8614507e+01   6.9574572e+01   4.4134978e+01   7.1409866e+01   5.4015628e+01   4.5493965e+01   6.5472025e+01   5.8531934e+01   2.1367618e+01   4.4990822e+01   4.8052412e+01   4.4457506e+01   1.0317730e+02   4.3658868e+01   6.5782343e+01   7.3103752e+01   7.9934203e+01
   4.6686279e+01   5.4454707e+01   7.8337609e+01   1.5034103e+01   4.8889152e+01   5.9397402e+01   2.1968364e+01   7.5988465e+00   4.8020947e+01   4.6787851e+01   8.7752997e+01   3.0999902e+01   5.8980817e+01   4.1490322e+01   2.9515686e+01   4.2109346e+01   4.5566450e+01   4.3186641e+01   3.9984563e+01   5.0999864e+01   3.0851531e+01   6.0484812e+00   3.2037120e+01   4.8052412e+01   1.3387758e+01   8.6601891e+01   1.5325508e+01   3.9215861e+01   7.2175874e+01   7.9571204e+01
   0.0000000e+00   0.0000000e+00   0.0000000e+00   0.0000000e+00   0.0000000e+00   0.0000000e+00   0.0000000e+00   0.0000000e+00   0.0000000e+00   0.0000000e+00   0.0000000e+00   0.0000000e+00   0.0000000e+00   0.0000000e+00   0.0000000e+00   0.0000000e+00   0.0000000e+00   0.0000000e+00   0.0000000e+00   0.0000000e+00   0.0000000e+00   0.0000000e+00   0.0000000e+00   0.0000000e+00   0.0000000e+00   0.0000000e+00   0.0000000e+00   0.0000000e+00   1.5889999e+01   1.5889999e+01
