   2.2742899e+03   1.9663223e+03   1.8979841e+03   2.2645689e+03   2.0213441e+03   1.9498456e+03   1.7742316e+03   1.9361982e+03   2.0525259e+03   2.1293793e+03   2.0721130e+03   2.0341761e+03   1.8506582e+03   1.9498456e+03   2.0934412e+03   2.1253597e+03   2.0522980e+03   1.9445599e+03   1.7704989e+03   1.7511126e+03   2.1421344e+03   2.0111642e+03   1.4545478e+03   1.8754274e+03   1.9551666e+03   2.2149308e+03   1.7950559e+03   1.5397556e+03   1.9526744e+03   2.0238287e+03
   2.2742899e+03   1.9663223e+03   1.8979841e+03   2.2645689e+03   2.0213441e+03   1.9498456e+03   1.7742316e+03   1.9361982e+03   2.0525259e+03   2.1293793e+03   2.0721130e+03   2.0341761e+03   1.8506582e+03   1.9498456e+03   2.0934412e+03   2.1253597e+03   2.0522980e+03   1.9445599e+03   1.7704989e+03   1.7511126e+03   2.1421344e+03   2.0111642e+03   1.4545478e+03   1.8754274e+03   1.9551666e+03   2.2149308e+03   1.7950559e+03   1.5397556e+03   1.9526744e+03   2.0238287e+03
   2.2742899e+03   1.9663223e+03   1.8979841e+03   2.2645689e+03   2.0213441e+03   1.9498456e+03   1.7742316e+03   1.9361982e+03   2.0525259e+03   2.1293793e+03   2.0721130e+03   2.0341761e+03   1.8506582e+03   1.9498456e+03   2.0934412e+03   2.1253597e+03   2.0522980e+03   1.9445599e+03   1.7704989e+03   1.7511126e+03   2.1421344e+03   2.0111642e+03   1.4545478e+03   1.8754274e+03   1.9551666e+03   2.2149308e+03   1.7950559e+03   1.5397556e+03   1.9526744e+03   2.0238287e+03
   2.1579462e+03   1.9663223e+03   1.8979841e+03   1.7810629e+03   1.7946231e+03   1.9268474e+03   1.7742316e+03   1.9361982e+03   1.6118440e+03   1.9442697e+03   2.0289239e+03   2.0341761e+03   1.8506582e+03   1.9268474e+03   1.8833963e+03   2.1253597e+03   2.0522980e+03   1.9445599e+03   1.7704989e+03   1.7511126e+03   2.0104636e+03   1.8096844e+03   1.3818580e+03   1.8754274e+03   1.9551666e+03   1.9328701e+03   1.7950559e+03   1.5397556e+03   1.8379257e+03   1.8712791e+03
   1.6078766e+03   1.9033219e+03   1.8979841e+03   1.7810629e+03   1.7946231e+03   1.8953201e+03   1.7742316e+03   1.7201599e+03   1.6118440e+03   1.7722520e+03   1.7841176e+03   1.9101849e+03   1.8506582e+03   1.8953201e+03   1.8833963e+03   1.7557734e+03   2.0522980e+03   1.9445599e+03   1.7704989e+03   1.7511126e+03   1.6224672e+03   1.5313097e+03   1.3684465e+03   1.5660192e+03   1.9551666e+03   1.9328701e+03   1.7950559e+03   1.5397556e+03   1.8379257e+03   1.8712791e+03
   1.6078766e+03   1.9033219e+03   1.7694848e+03   1.7797481e+03   1.7946231e+03   1.5712841e+03   1.6682281e+03   1.7201599e+03   1.3788527e+03   1.6687650e+03   1.7841176e+03   1.9101849e+03   1.7831768e+03   1.5712841e+03   1.8833963e+03   1.6443009e+03   1.8208799e+03   1.6414210e+03   1.7704989e+03   1.7232663e+03   1.6224672e+03   1.5313097e+03   1.3684465e+03   1.5660192e+03   1.7561855e+03   1.8962619e+03   1.7950559e+03   1.5397556e+03   1.8379257e+03   1.8712791e+03
   1.6078766e+03   1.7883378e+03   1.6283261e+03   1.6750189e+03   1.7873601e+03   1.5712841e+03   1.6682281e+03   1.7201599e+03   1.3788527e+03   1.6687650e+03   1.6095119e+03   1.6781927e+03   1.7669674e+03   1.5712841e+03   1.8452303e+03   1.6443009e+03   1.7448201e+03   1.6414210e+03   1.7704989e+03   1.7232663e+03   1.5125581e+03   1.2413713e+03   1.3684465e+03   1.2772954e+03   1.7375184e+03   1.6806408e+03   1.5153689e+03   1.4653955e+03   1.6842600e+03   1.8712791e+03
   1.5637628e+03   1.6188936e+03   1.6283261e+03   1.5901936e+03   1.3715469e+03   1.4521099e+03   1.3415437e+03   1.5704929e+03   1.3092894e+03   1.4884652e+03   1.6095119e+03   1.1614034e+03   1.6184539e+03   1.4521099e+03   1.7336428e+03   1.5528445e+03   1.7448201e+03   1.5758134e+03   1.4216526e+03   1.5901094e+03   1.2471695e+03   1.2413713e+03   1.3374080e+03   1.2421188e+03   1.5945560e+03   1.3547742e+03   1.3727218e+03   1.4395838e+03   1.4607688e+03   1.1969940e+03
   1.0212201e+03   1.0395962e+03   1.3039284e+03   1.3937201e+03   1.1420357e+03   1.1686263e+03   8.9307163e+02   1.0496823e+03   1.0076901e+03   1.2483941e+03   1.3615443e+03   1.1614034e+03   1.2284729e+03   1.1686263e+03   1.3040516e+03   1.3768875e+03   1.4893604e+03   1.4648370e+03   1.1169287e+03   1.3752574e+03   1.2471695e+03   1.2413713e+03   1.1070206e+03   8.3340755e+02   1.1633339e+03   1.0206961e+03   1.2297286e+03   1.3212099e+03   1.2873065e+03   1.1969940e+03
   1.0101833e+03   9.8067434e+02   1.0033751e+03   1.0962930e+03   8.9646851e+02   1.0201857e+03   7.9334261e+02   1.0445514e+03   8.3203481e+02   9.6256896e+02   1.0533967e+03   1.1588183e+03   9.6295105e+02   1.0201857e+03   8.6878405e+02   1.0218778e+03   7.7114171e+02   9.8655196e+02   8.8129573e+02   1.2390146e+03   1.0980835e+03   8.2557768e+02   6.8799713e+02   7.3710065e+02   9.3683345e+02   9.2362936e+02   8.2469098e+02   8.0877580e+02   1.0254684e+03   7.9737846e+02
   8.4700696e+02   7.2209022e+02   6.0442078e+02   5.2386016e+02   8.2821879e+02   6.7080211e+02   5.3958184e+02   4.7733181e+02   3.3657799e+02   5.6325462e+02   6.5297467e+02   7.1741826e+02   7.6143073e+02   6.7080211e+02   5.6034287e+02   6.7471834e+02   6.0721911e+02   5.1537955e+02   5.1990968e+02   6.5101462e+02   6.1538289e+02   5.6697615e+02   5.7100637e+02   6.5115530e+02   6.3168975e+02   6.5395599e+02   5.1633021e+02   6.5956780e+02   6.2316154e+02   3.8857395e+02
   2.7705163e+02   1.9603965e+02   2.8043889e+02   1.0850833e+02   4.8406985e+02   3.3268127e+02   3.9566323e+02   2.5787294e+02   1.8721960e+02   4.0132663e+02   3.5795309e+02   2.9292325e+02   3.9202923e+02   3.3268127e+02   3.1291894e+02   3.8856732e+02   3.0471916e+02   3.2110854e+02   3.9684400e+02   4.7283877e+02   4.4361877e+02   2.3865514e+02   3.9607378e+02   3.4100727e+02   2.4917566e+02   1.4053359e+02   3.0201610e+02   2.3786132e+02   3.2573610e+02   2.9301176e+02
   5.8802068e+01   1.3034762e+02   8.6578776e+01   7.3562219e+01   9.2315399e+01   1.1456851e+02   1.0753670e+02   1.3245026e+02   1.1937156e+02   1.8013068e+02   1.2143758e+02   1.1868028e+02   1.4058880e+02   1.1456851e+02   1.7472324e+02   9.6194348e+01   1.1651228e+02   9.5338911e+01   1.3364930e+02   6.5678212e+01   3.6255694e+01   7.8841527e+01   5.0983804e+01   8.9121768e+01   6.3042221e+01   1.2231906e+02   1.0247766e+02   9.8394790e+01   1.9307073e+02   1.5951759e+02
   2.9188349e+01   2.5505933e+01   2.4931197e+01   1.6763006e+01   3.7413293e+01   3.8207956e+01   3.3283321e+01   3.8300259e+01   2.3481734e+01   2.7205654e+01   2.8462495e+01   3.6972133e+01   3.4777222e+01   3.8207956e+01   3.1639978e+01   2.5055435e+01   2.1563562e+01   3.7877208e+01   2.4803753e+01   3.0277518e+01   2.3007408e+01   2.5283564e+01   2.3771499e+01   1.5618142e+01   2.9025425e+01   2.5794496e+01   4.0986683e+01   3.3402335e+01   3.4894963e+01   2.8875011e+01
   1.7794297e+00   1.5732776e+00   1.1131173e+00   1.4454523e+00   1.3258040e+00   8.7116239e-01   2.5774669e+00   8.1449886e-01   2.0872804e+00   2.3312186e+00   1.6721769e+00   2.0179687e+00   1.7594401e+00   8.7116239e-01   2.3038005e+00   1.9460159e+00   1.5343853e+00   2.5564470e+00   1.8882354e+00   1.7724440e+00   2.0479004e+00   2.5638508e+00   2.0876459e+00   1.7575328e+00   2.1677154e+00   2.1513870e+00   1.5926820e+00   2.7669686e+00   1.2641474e+00   2.0574746e+00
   0.0000000e+00   0.0000000e+00   0.0000000e+00   0.0000000e+00   0.0000000e+00   0.0000000e+00   0.0000000e+00   0.0000000e+00   0.0000000e+00   0.0000000e+00   0.0000000e+00   0.0000000e+00   0.0000000e+00   0.0000000e+00   0.0000000e+00   0.0000000e+00   0.0000000e+00   0.0000000e+00   0.0000000e+00   0.0000000e+00   0.0000000e+00   0.0000000e+00   0.0000000e+00   0.0000000e+00   0.0000000e+00   0.0000000e+00   0.0000000e+00   0.0000000e+00   0.0000000e+00   0.0000000e+00
