   1.8045268e+03   2.2502825e+03   2.1297738e+03   1.2624994e+03   1.0652431e+03   1.1440374e+03   2.4881205e+03   1.8747578e+03   1.8722386e+03   1.7320270e+03   1.7598078e+03   2.0889806e+03   8.5386610e+02   1.8213808e+03   1.6720006e+03   2.5015211e+03   1.2367938e+03   1.7451058e+03   1.8820404e+03   2.3800297e+03   2.0425627e+03   1.6881292e+03   2.0846823e+03   1.4551032e+03   2.2749623e+03   1.1481572e+03   1.4046206e+03   1.0781259e+03   1.6066492e+03   1.5776696e+03
   1.8045268e+03   2.2502825e+03   2.1297738e+03   1.2624994e+03   1.0652431e+03   1.1440374e+03   2.4881205e+03   1.8747578e+03   1.8722386e+03   1.7320270e+03   1.7598078e+03   2.0889806e+03   8.5386610e+02   1.8213808e+03   1.6720006e+03   2.5015211e+03   1.2367938e+03   1.7451058e+03   1.8820404e+03   2.3800297e+03   2.0425627e+03   1.6881292e+03   2.0846823e+03   1.4551032e+03   2.2749623e+03   1.1481572e+03   1.4046206e+03   1.0781259e+03   1.6066492e+03   1.5776696e+03
   1.8045268e+03   2.2502825e+03   2.1297738e+03   1.2624994e+03   1.0652431e+03   1.1440374e+03   2.4881205e+03   1.8747578e+03   1.8722386e+03   1.7320270e+03   1.7598078e+03   2.0889806e+03   8.5386610e+02   1.8213808e+03   1.6720006e+03   2.5015211e+03   1.2367938e+03   1.7451058e+03   1.8820404e+03   2.3800297e+03   2.0425627e+03   1.6881292e+03   2.0846823e+03   1.4551032e+03   2.2749623e+03   1.1481572e+03   1.4046206e+03   1.0781259e+03   1.6066492e+03   1.5776696e+03
   1.8045268e+03   2.2502825e+03   2.1297738e+03   1.2624994e+03   1.0652431e+03   1.1440374e+03   2.4881205e+03   1.8747578e+03   1.8722386e+03   1.7320270e+03   1.7598078e+03   2.0889806e+03   8.5386610e+02   1.8213808e+03   1.6720006e+03   2.5015211e+03   1.2367938e+03   1.7451058e+03   1.8820404e+03   2.3800297e+03   2.0425627e+03   1.6881292e+03   2.0846823e+03   1.4551032e+03   2.2749623e+03   1.1481572e+03   1.4046206e+03   1.0781259e+03   1.6066492e+03   1.5776696e+03
   1.8045268e+03   2.2502825e+03   2.1297738e+03   1.2624994e+03   1.0652431e+03   1.1440374e+03   2.4881205e+03   1.8747578e+03   1.8722386e+03   1.7320270e+03   1.7598078e+03   2.0889806e+03   8.5386610e+02   1.8213808e+03   1.6720006e+03   2.5015211e+03   1.2367938e+03   1.7451058e+03   1.8820404e+03   2.3800297e+03   2.0425627e+03   1.6881292e+03   2.0846823e+03   1.4551032e+03   2.2749623e+03   1.1481572e+03   1.4046206e+03   1.0781259e+03   1.6066492e+03   1.5776696e+03
   1.7865138e+03   2.0938772e+03   2.0476571e+03   1.2624994e+03   1.0652431e+03   1.1440374e+03   2.4881205e+03   1.8651268e+03   1.6174340e+03   1.6311364e+03   1.7598078e+03   1.2603476e+03   8.5386610e+02   1.7860609e+03   1.4156812e+03   2.3939902e+03   1.2339705e+03   1.7451058e+03   1.8341700e+03   1.9660071e+03   2.0425627e+03   1.6881292e+03   1.6323611e+03   1.3887308e+03   2.2729915e+03   1.1481572e+03   1.3373418e+03   9.0815213e+02   1.6066492e+03   1.4146088e+03
   1.7865138e+03   2.0938772e+03   2.0476571e+03   1.2624994e+03   1.0652431e+03   1.1440374e+03   2.4881205e+03   1.8651268e+03   1.6174340e+03   1.6311364e+03   1.7598078e+03   1.2603476e+03   8.5386610e+02   1.7860609e+03   1.4156812e+03   2.3939902e+03   1.2339705e+03   1.7451058e+03   1.8341700e+03   1.9660071e+03   2.0425627e+03   1.6881292e+03   1.6323611e+03   1.3887308e+03   2.2729915e+03   1.1481572e+03   1.3373418e+03   9.0815213e+02   1.6066492e+03   1.4146088e+03
   1.7865138e+03   1.7947095e+03   1.7348202e+03   1.2624994e+03   1.0090349e+03   9.6210751e+02   1.2667668e+03   1.4111067e+03   1.6174340e+03   1.6248431e+03   1.5447800e+03   1.2148374e+03   8.2391582e+02   1.4404016e+03   1.1657196e+03   1.8535286e+03   1.2181814e+03   1.4914565e+03   1.7636095e+03   1.1381519e+03   1.4935999e+03   1.1192320e+03   1.5815252e+03   9.1570723e+02   2.2620928e+03   1.1223980e+03   9.5177630e+02   8.7231071e+02   1.1896330e+03   8.8955703e+02
   7.6813650e+02   1.1479043e+03   7.3832621e+02   1.0028467e+03   9.8171006e+02   9.6210751e+02   1.2106400e+03   1.0052619e+03   1.3205992e+03   1.1638639e+03   1.1651548e+03   1.1459396e+03   8.0216843e+02   9.7554033e+02   8.4836592e+02   1.2593098e+03   1.1638381e+03   1.3862768e+03   1.0046256e+03   1.0615226e+03   1.4935999e+03   1.0925971e+03   8.8144176e+02   8.6449056e+02   1.4109548e+03   1.0302385e+03   7.7373611e+02   8.2777087e+02   4.8751303e+02   8.7766630e+02
   5.4762404e+02   5.0307356e+02   6.4228239e+02   8.7260787e+02   7.4099281e+02   5.9398348e+02   8.4209807e+02   8.2029659e+02   8.6590792e+02   9.6775782e+02   6.5830182e+02   5.7349046e+02   7.7530402e+02   7.4374728e+02   7.2156265e+02   8.5818376e+02   7.0421707e+02   6.8583656e+02   5.7113675e+02   7.8172805e+02   1.0064191e+03   5.1900251e+02   7.7770745e+02   6.6995970e+02   8.1622757e+02   8.1997279e+02   5.1522273e+02   7.1683761e+02   4.1388950e+02   7.4133100e+02
   3.4730689e+02   4.7446325e+02   4.4447407e+02   3.6475698e+02   4.5657919e+02   3.8667169e+02   4.0471141e+02   5.2717254e+02   5.0920050e+02   5.3912338e+02   4.0212830e+02   4.3554780e+02   4.7713644e+02   4.4768651e+02   4.4696096e+02   5.2233604e+02   4.3804289e+02   3.6213468e+02   3.9955401e+02   4.9927654e+02   5.4646787e+02   3.5449823e+02   5.3660130e+02   4.5567790e+02   4.4151202e+02   4.6169350e+02   2.7659353e+02   4.9646119e+02   3.7607158e+02   5.0110458e+02
   2.4913256e+02   2.3799903e+02   2.0286544e+02   2.6250002e+02   2.5203224e+02   2.3738722e+02   2.1964176e+02   2.6391477e+02   2.7151181e+02   2.3000876e+02   2.2448183e+02   2.9931625e+02   2.2949885e+02   2.6741881e+02   2.6164669e+02   1.9443037e+02   2.1088306e+02   2.4341201e+02   2.2842356e+02   3.0083820e+02   2.7996987e+02   2.1997861e+02   2.6570098e+02   2.4880652e+02   3.1122986e+02   2.5863248e+02   2.1756163e+02   1.9484268e+02   2.3771237e+02   2.0688314e+02
   1.5248118e+02   1.5716075e+02   1.5632791e+02   1.5302483e+02   1.2876493e+02   1.6800211e+02   1.2997462e+02   1.6558781e+02   1.6922345e+02   1.3664667e+02   1.6195150e+02   1.6207693e+02   1.4150251e+02   1.5943892e+02   1.7599082e+02   1.6785496e+02   1.2776872e+02   1.4030682e+02   1.5230329e+02   1.4631800e+02   1.4496293e+02   1.5428278e+02   1.5478504e+02   1.7248028e+02   1.6370546e+02   1.5535709e+02   1.4432202e+02   1.5106091e+02   1.6809830e+02   1.4389670e+02
   1.0617703e+02   1.1128457e+02   1.0528357e+02   1.1053730e+02   1.0569471e+02   1.0755772e+02   1.0941356e+02   1.0164719e+02   1.0577602e+02   1.1386144e+02   9.9957826e+01   1.0641667e+02   1.0753240e+02   1.0088590e+02   1.1201681e+02   1.1455384e+02   1.0485078e+02   1.0535900e+02   1.0821554e+02   1.0866439e+02   1.0996486e+02   1.0491595e+02   1.0421489e+02   1.1319151e+02   1.1866373e+02   1.0110632e+02   1.0225183e+02   9.9110115e+01   1.0667552e+02   9.3523205e+01
   8.1031874e+01   7.2701318e+01   7.5304173e+01   8.1819549e+01   8.2690858e+01   7.4510692e+01   8.3342083e+01   7.8553021e+01   8.0349707e+01   8.3170370e+01   7.8852348e+01   8.1164108e+01   7.7463795e+01   8.2995086e+01   8.1532668e+01   8.0766575e+01   8.2036271e+01   8.1647441e+01   8.0537407e+01   7.7637153e+01   8.2694552e+01   8.1251445e+01   8.2272738e+01   7.9491562e+01   8.0746009e+01   7.7529818e+01   7.6670717e+01   8.3181735e+01   8.2325043e+01   8.1310632e+01
   4.9872597e+00   4.4651133e+01   4.7056011e+01   5.0732767e+01   5.2074717e+01   5.4484709e+01   5.7334475e+01   6.4132588e+01   6.4193864e+01   6.4321637e+01   6.4360218e+01   6.4372837e+01   6.4501131e+01   6.4689295e+01   6.4708718e+01   6.4774802e+01   6.4867032e+01   6.4914151e+01   6.4955314e+01   6.4962801e+01   6.5103024e+01   6.5158013e+01   6.5241092e+01   6.5384548e+01   6.5449677e+01   6.5532151e+01   6.5603484e+01   6.5667851e+01   6.5976624e+01   6.6938757e+01
