   6.5121561e+02   4.5224894e+02   4.6673676e+02   4.0028141e+02   4.6028134e+02   5.3432421e+02   5.9671599e+02   5.0663995e+02   4.4649399e+02   4.9522746e+02   4.3249099e+02   3.2576729e+02   4.8838950e+02   5.2322857e+02   3.9161906e+02   5.4719800e+02   5.3426865e+02   4.7025130e+02   4.3179846e+02   5.1451378e+02   4.3840651e+02   3.5001631e+02   4.4534573e+02   5.6385007e+02   2.7276969e+02   4.0185596e+02   5.2739763e+02   4.4701182e+02   3.9550375e+02   5.8348273e+02
   6.5121561e+02   4.5224894e+02   4.6673676e+02   4.0028141e+02   4.6028134e+02   5.3432421e+02   5.9671599e+02   5.0663995e+02   4.4649399e+02   4.9522746e+02   4.3249099e+02   3.2576729e+02   4.8838950e+02   5.2322857e+02   3.9161906e+02   5.4719800e+02   5.3426865e+02   4.7025130e+02   4.3179846e+02   5.1451378e+02   4.3840651e+02   3.5001631e+02   4.4534573e+02   5.6385007e+02   2.7276969e+02   4.0185596e+02   5.2739763e+02   4.4701182e+02   3.9550375e+02   5.8348273e+02
   6.5121561e+02   4.5224894e+02   4.6673676e+02   4.0028141e+02   4.6028134e+02   5.3432421e+02   5.9671599e+02   5.0663995e+02   4.4649399e+02   4.9522746e+02   4.3249099e+02   3.2576729e+02   4.8838950e+02   5.2322857e+02   3.9161906e+02   5.4719800e+02   5.3426865e+02   4.7025130e+02   4.3179846e+02   5.1451378e+02   4.3840651e+02   3.5001631e+02   4.4534573e+02   5.6385007e+02   2.7276969e+02   4.0185596e+02   5.2739763e+02   4.4701182e+02   3.9550375e+02   5.8348273e+02
   2.2931208e+02   4.5224894e+02   4.6673676e+02   3.9746777e+02   4.5173965e+02   3.5769300e+02   2.2110825e+02   4.6086279e+02   4.4649399e+02   4.9522746e+02   2.6059966e+02   3.2576729e+02   4.8837713e+02   5.2322857e+02   3.9161906e+02   4.1585206e+02   4.4461010e+02   3.1597518e+02   4.3179846e+02   5.1115635e+02   4.3761856e+02   3.5001631e+02   4.4534573e+02   4.8758705e+02   2.7276969e+02   3.9786075e+02   5.2739763e+02   4.4701182e+02   2.2687706e+02   3.2667885e+02
   2.2931208e+02   4.5079966e+02   4.0759550e+02   3.8257047e+02   4.5173965e+02   3.5769300e+02   2.0475888e+02   4.6086279e+02   4.4649399e+02   4.4977020e+02   2.6059966e+02   3.2390269e+02   4.8837713e+02   2.0269843e+02   2.2035371e+02   3.4799959e+02   4.4461010e+02   1.6400492e+02   3.6230176e+02   3.5546224e+02   4.3761856e+02   3.4782113e+02   4.4534573e+02   4.8758705e+02   2.7276969e+02   3.2156114e+02   3.2525152e+02   4.4701182e+02   2.1070057e+02   3.2667885e+02
   2.2931208e+02   4.4989428e+02   4.0759550e+02   3.8257047e+02   4.5173965e+02   3.5175651e+02   2.0475888e+02   4.4290130e+02   3.9100804e+02   4.4977020e+02   2.6059966e+02   2.3021279e+02   4.8837713e+02   2.0196969e+02   1.9754452e+02   3.4799959e+02   3.5408214e+02   1.6400492e+02   3.6230176e+02   3.5546224e+02   4.3761856e+02   3.0739651e+02   4.4534573e+02   3.8385773e+02   2.6470950e+02   2.1752334e+02   3.1838988e+02   3.8323749e+02   2.0379671e+02   3.2667885e+02
   1.8684369e+02   1.6380959e+02   1.2465946e+02   3.8240521e+02   4.4291002e+02   3.2827961e+02   1.9220106e+02   1.2646809e+02   3.7768539e+02   3.9071363e+02   2.6059966e+02   2.3021279e+02   3.4261625e+02   2.0196969e+02   1.9754452e+02   1.0625451e+02   3.5288760e+02   1.0259153e+02   3.5990921e+02   3.5347251e+02   4.2380051e+02   2.6989939e+02   3.6832465e+02   3.7111128e+02   2.1408860e+02   1.8904980e+02   1.7643380e+02   2.9219827e+02   1.9748291e+02   2.2412844e+02
   1.6479548e+02   1.5823603e+02   1.2465946e+02   1.7954994e+02   2.8669875e+02   3.2564368e+02   1.8977061e+02   1.2646809e+02   1.7114243e+02   3.9059460e+02   1.4397317e+02   1.4137322e+02   2.9210430e+02   2.0196969e+02   1.9754452e+02   9.8768322e+01   2.0548637e+02   9.5142710e+01   3.2845599e+02   3.2200287e+02   2.4345442e+02   2.3012317e+02   1.9579793e+02   9.1602270e+01   2.1356274e+02   1.8278181e+02   1.3051678e+02   2.9219827e+02   9.6781751e+01   2.2412844e+02
   1.6441571e+02   1.5551305e+02   7.6243170e+01   1.2187580e+02   1.0990423e+02   2.8648008e+02   1.5022219e+02   5.8943510e+01   1.1272986e+02   2.2530050e+02   1.3486162e+02   9.4251524e+01   5.2703068e+01   9.5465811e+01   1.0481650e+02   9.5607175e+01   1.2368048e+02   7.8342502e+01   1.8861297e+02   3.8855486e+01   1.5084477e+02   1.9551493e+02   6.1641428e+01   6.0338410e+01   1.7105936e+02   1.3550432e+02   1.0924303e+02   2.3657365e+02   9.3861805e+01   1.3802337e+02
   8.4347661e+01   1.4515070e+02   6.1854969e+01   6.4864052e+01   6.8340316e+01   9.3564062e+01   8.4006982e+01   5.5573374e+01   4.0575562e+01   8.7175948e+01   5.0891208e+01   5.6800311e+01   8.6627779e+00   9.5465811e+01   4.2312434e+01   9.0638497e+01   1.0044139e+02   7.3568345e+01   6.2577445e+01   1.0828067e+01   7.8711771e+01   3.9506294e+01   6.1641428e+01   5.9941848e+01   5.5148581e+01   7.4070425e+01   4.9769129e+01   9.0899459e+01   6.9956187e+01   6.4425572e+01
   1.4129237e+01   4.0967782e+01   2.2448435e+01   3.0929645e+01   3.7180457e+01   6.5050956e+01   3.6736694e+01   2.6063539e+01   3.3934729e+01   4.1967348e+01   5.0891208e+01   2.7006099e+01   6.9578343e+00   5.3861128e+01   3.6210048e+01   5.6405603e+01   8.4871631e+00   5.8510499e+01   2.7051645e+01   7.2306243e+00   3.4681731e+01   1.1152375e+01   6.1510470e+01   3.6187154e+01   2.3857191e+01   2.5136332e+01   2.7646315e+01   8.0950093e+01   8.6477432e+00   5.1751998e+01
   9.8015384e+00   1.0913057e+01   1.1180567e+01   1.7119835e+01   3.0178318e+01   2.2901719e+01   2.3775873e+01   1.0726275e+01   6.6359729e+00   1.8581739e+01   3.7178876e+01   1.3824323e+01   5.4630472e+00   1.9903464e+01   2.8470919e+01   3.8883296e+01   5.7484710e+00   1.7512557e+01   2.3509200e+01   7.1408673e+00   1.4010783e+01   4.4119514e+00   2.9875528e+01   1.8903853e+01   8.3861245e+00   2.1509174e+01   2.2497072e+01   1.4523913e+01   8.5113172e+00   3.0790208e+01
   3.8534445e+00   3.4324624e+00   8.5540321e+00   7.3259719e+00   6.3224824e+00   1.3668694e+01   6.9352832e+00   9.2050153e+00   5.5609786e+00   2.6305569e+00   1.5203673e+01   1.8519034e+00   4.6089979e+00   3.0221490e+00   1.2295970e+01   9.5490133e+00   5.0404268e+00   7.1425825e+00   8.5959646e+00   5.5194830e+00   6.3495614e+00   2.6673638e+00   2.1772657e+01   6.5604700e+00   7.4745175e+00   8.1485740e+00   5.2662266e+00   6.8587557e+00   4.6553343e+00   1.9272225e+01
   2.1109097e+00   3.1381925e+00   4.0454345e+00   4.3941578e+00   3.7545687e+00   3.4193190e+00   4.1803802e+00   3.5824364e+00   8.0225484e-01   1.4539452e+00   4.4073170e+00   1.4949650e+00   3.0023799e+00   2.9169079e+00   3.3807237e+00   4.6720805e+00   3.6212668e+00   2.8054308e+00   3.4466308e+00   4.2527763e+00   2.1502523e+00   2.4722543e+00   4.1154979e+00   3.4657598e+00   5.0688184e+00   4.4867166e+00   2.2366369e+00   3.2037485e+00   4.2885558e+00   3.1300567e+00
   1.6190177e+00   1.7971997e+00   1.8295505e+00   1.2687084e+00   1.2432126e+00   2.4076500e+00   1.8901769e+00   2.5460163e+00   6.7480730e-01   1.4284123e+00   2.1903895e+00   1.0866719e+00   2.0839215e+00   2.8497898e+00   9.3410032e-01   2.7806833e+00   1.7403969e+00   2.4463912e+00   1.7171886e+00   2.4840160e+00   1.3365972e+00   1.5123525e+00   1.9922830e+00   2.0094426e+00   1.3042227e+00   2.1340974e+00   1.5735057e+00   2.3194682e+00   2.0919954e+00   2.1640374e+00
   6.8767588e-04   1.1318995e-03   1.3808604e-03   1.6438684e-03   1.8949737e-03   2.2353916e-03   3.9805237e-03   9.9348464e-03   1.0536616e-02   1.4067134e-02   1.4450068e-02   1.4551690e-02   1.4817095e-02   1.9727684e-02   2.1878468e-02   2.2449427e-02   2.6312939e-02   2.8438599e-02   2.9181919e-02   3.4013097e-02   3.6804667e-02   3.9929181e-02   4.1068020e-02   4.2057853e-02   4.4766967e-02   5.1880715e-02   5.9070161e-02   8.2123258e-02   9.0698706e-02   1.4192853e-01
