   1.8559327e+03   1.7175928e+03   1.7725210e+03   1.6258442e+03   1.9735482e+03   1.9947754e+03   2.2793370e+03   1.9963543e+03   2.0982403e+03   1.9947244e+03   2.2355401e+03   2.1000164e+03   1.8329949e+03   2.3637144e+03   1.6200364e+03   1.7073272e+03   1.8995441e+03   2.2355301e+03   2.2355301e+03   1.8438835e+03   2.4164867e+03   2.3451080e+03   2.0801808e+03   1.9415256e+03   1.8702538e+03   1.9523428e+03   2.3436300e+03   2.2506511e+03   2.0392449e+03   1.6914624e+03
   1.8559327e+03   1.7175928e+03   1.7725210e+03   1.6258442e+03   1.9735482e+03   1.9947754e+03   2.2793370e+03   1.9963543e+03   2.0982403e+03   1.9947244e+03   2.2355401e+03   2.1000164e+03   1.8329949e+03   2.3637144e+03   1.6200364e+03   1.7073272e+03   1.8995441e+03   2.2355301e+03   2.2355301e+03   1.8438835e+03   2.4164867e+03   2.3451080e+03   2.0801808e+03   1.9415256e+03   1.8702538e+03   1.9523428e+03   2.3436300e+03   2.2506511e+03   2.0392449e+03   1.6914624e+03
   1.8559327e+03   1.7175928e+03   1.7725210e+03   1.6258442e+03   1.9735482e+03   1.9947754e+03   2.2793370e+03   1.9963543e+03   2.0982403e+03   1.9947244e+03   2.2355401e+03   2.1000164e+03   1.8329949e+03   2.3637144e+03   1.6200364e+03   1.7073272e+03   1.8995441e+03   2.2355301e+03   2.2355301e+03   1.8438835e+03   2.4164867e+03   2.3451080e+03   2.0801808e+03   1.9415256e+03   1.8702538e+03   1.9523428e+03   2.3436300e+03   2.2506511e+03   2.0392449e+03   1.6914624e+03
   1.8549239e+03   1.7175928e+03   1.6436928e+03   1.6258442e+03   1.9735482e+03   1.9947754e+03   1.6502744e+03   1.9936882e+03   2.0982403e+03   1.9947244e+03   2.0985764e+03   2.1000164e+03   1.8329949e+03   2.1195997e+03   1.6200364e+03   1.7073272e+03   1.8138227e+03   1.6394634e+03   1.6394634e+03   1.2849269e+03   1.5896729e+03   2.1940804e+03   1.9290132e+03   1.9191282e+03   1.8702538e+03   1.9523428e+03   2.3436300e+03   2.1441931e+03   1.9809405e+03   1.6914624e+03
   1.8549239e+03   1.7175928e+03   1.5045371e+03   1.6258442e+03   1.5164236e+03   1.9947754e+03   1.6502744e+03   1.7712172e+03   2.0568043e+03   1.8985427e+03   1.7654164e+03   2.0394682e+03   1.8329949e+03   1.8693646e+03   1.6200364e+03   1.7073272e+03   1.8138227e+03   1.6394634e+03   1.6394634e+03   1.2849269e+03   1.2028525e+03   1.4574967e+03   1.9290132e+03   1.9191282e+03   1.8702538e+03   1.5595452e+03   1.9961615e+03   2.0139505e+03   1.9809405e+03   1.6914624e+03
   1.8549239e+03   1.7175928e+03   1.5045371e+03   1.5947832e+03   1.5164236e+03   1.9947754e+03   1.3808708e+03   1.7712172e+03   2.0281839e+03   1.8985427e+03   1.6949258e+03   2.0394682e+03   1.4105341e+03   1.7797860e+03   1.6200364e+03   1.7073272e+03   1.5872126e+03   1.6394634e+03   1.6394634e+03   9.8893774e+02   1.2028525e+03   1.4574967e+03   1.9290132e+03   1.8674815e+03   1.8702538e+03   1.5595452e+03   1.6499880e+03   1.8377987e+03   1.9809405e+03   1.6401166e+03
   1.7226060e+03   1.7175928e+03   1.5045371e+03   1.5358784e+03   1.5164236e+03   1.8362003e+03   1.3808708e+03   1.6307525e+03   2.0204718e+03   1.7923943e+03   1.6949258e+03   1.6377017e+03   1.3245800e+03   1.3610684e+03   1.4639683e+03   1.4461281e+03   1.5872126e+03   1.6390544e+03   1.6390544e+03   9.8893774e+02   1.2028525e+03   1.4574967e+03   1.4604099e+03   1.6967413e+03   1.7912748e+03   1.5595452e+03   1.6298326e+03   1.8110267e+03   1.8587004e+03   1.6276506e+03
   1.6634842e+03   1.3776737e+03   1.5045371e+03   1.3060165e+03   1.1021287e+03   1.5312684e+03   1.3808708e+03   1.4648566e+03   1.4664042e+03   1.5022704e+03   1.2918833e+03   1.6191152e+03   1.3245800e+03   1.3610684e+03   1.4639683e+03   1.4461281e+03   1.5872126e+03   1.6047550e+03   1.6047550e+03   9.8893774e+02   1.1831578e+03   1.4430056e+03   1.4604099e+03   1.2336572e+03   1.3894526e+03   1.5474400e+03   1.3366014e+03   1.4695648e+03   1.2733317e+03   1.2951135e+03
   1.3572340e+03   1.3211520e+03   1.5045371e+03   1.3060165e+03   1.1021287e+03   1.2532835e+03   1.2280597e+03   1.1201409e+03   1.3604567e+03   1.3074982e+03   1.1010320e+03   1.3032897e+03   1.2789479e+03   1.1652639e+03   1.1472759e+03   9.0643398e+02   1.4706530e+03   1.3088436e+03   1.3088436e+03   9.8893774e+02   1.1063955e+03   1.3682015e+03   1.3010005e+03   1.1982728e+03   1.3894526e+03   1.3999130e+03   1.3304860e+03   1.1513304e+03   1.0032433e+03   1.2656410e+03
   1.2208938e+03   9.6041077e+02   1.1508416e+03   1.1926862e+03   1.1021287e+03   1.2532835e+03   1.0651258e+03   1.1201409e+03   1.1260703e+03   8.0798079e+02   1.0202071e+03   1.0566291e+03   1.1344470e+03   1.0131517e+03   9.3261153e+02   9.0643398e+02   1.2235564e+03   1.0121412e+03   1.0121412e+03   9.7761259e+02   1.1063955e+03   1.1741196e+03   1.0500347e+03   1.0410022e+03   1.2156252e+03   1.1912119e+03   1.1092606e+03   1.0393834e+03   9.7012169e+02   1.0562085e+03
   9.7149617e+02   7.3981811e+02   6.0191036e+02   9.9046975e+02   6.4405596e+02   9.9341562e+02   8.2759582e+02   1.0791828e+03   8.3026424e+02   6.8480404e+02   4.8256849e+02   8.3737598e+02   1.0421436e+03   7.5440437e+02   8.3677794e+02   6.7773519e+02   6.8598762e+02   8.7709851e+02   8.7709851e+02   4.7953046e+02   8.8392016e+02   1.0334416e+03   8.2854983e+02   7.5296210e+02   8.2759711e+02   6.7334850e+02   8.2611305e+02   8.3762215e+02   6.3605036e+02   7.9857907e+02
   6.3307020e+02   3.7694849e+02   4.7753903e+02   6.9271625e+02   6.2925113e+02   6.3926172e+02   6.9045927e+02   7.0721546e+02   7.4404887e+02   4.8487643e+02   4.8256849e+02   6.1038606e+02   6.3965671e+02   4.5455157e+02   6.0306530e+02   4.8459347e+02   4.4394932e+02   7.2628822e+02   7.2628822e+02   4.4233957e+02   3.3462925e+02   6.4035185e+02   7.5248321e+02   5.8879730e+02   6.1410728e+02   6.2454085e+02   3.5344475e+02   6.0039894e+02   5.7358542e+02   4.0906058e+02
   2.4258273e+02   3.3559401e+02   3.6840450e+02   3.2936895e+02   3.8007118e+02   3.2316750e+02   4.7653996e+02   3.2633843e+02   4.8432529e+02   3.6431189e+02   4.4038030e+02   5.2580375e+02   4.5906547e+02   3.6261959e+02   3.9852738e+02   4.1356748e+02   2.6335966e+02   4.6522675e+02   4.6522675e+02   3.1428574e+02   3.2567347e+02   3.7914624e+02   3.7698473e+02   3.2513753e+02   4.1827044e+02   4.9679405e+02   3.2970887e+02   4.4394389e+02   3.8908302e+02   3.9381262e+02
   1.1768300e+02   8.4666827e+01   2.1109982e+02   2.6225656e+02   2.2436933e+02   7.5296336e+01   1.5223331e+02   1.9050684e+02   1.9320868e+02   1.4320097e+02   3.2091542e+02   1.5777181e+02   2.0938757e+02   1.1073521e+02   3.0272355e+02   1.7006230e+02   7.2212840e+01   1.8800502e+02   1.8800502e+02   2.5634066e+02   2.5355491e+02   2.9326185e+02   3.3074781e+02   9.4252864e+01   2.9924665e+02   2.7295839e+02   2.4009923e+02   9.2382683e+01   1.5739270e+02   2.8860878e+02
   6.9404325e+01   8.3834387e+01   6.5853359e+01   1.8597638e+02   7.1944490e+01   3.9651342e+01   5.3089162e+01   3.8923363e+01   7.7899061e+01   5.1558494e+01   1.2690228e+02   9.2416385e+01   1.6282037e+02   6.1906104e+01   1.3336787e+02   7.8319534e+01   5.8317715e+01   1.1803407e+02   1.1803407e+02   5.0526678e+01   8.3781888e+01   1.1581190e+02   1.9756986e+01   1.2647104e+01   9.5209855e+01   1.8811125e+02   6.2933323e+01   5.4337230e+01   9.6265346e+01   1.2731233e+02
   0.0000000e+00   5.2552423e-08   2.6076842e-05   2.4127725e-04   2.7991781e-03   4.2839380e-03   1.0003936e-02   1.1099036e-02   1.1631984e-02   1.1758923e-02   2.1594506e-02   3.8142328e-02   5.5888607e-02   6.7685147e-02   7.5191130e-02   1.0531645e-01   1.5434390e-01   1.8359505e-01   1.8359505e-01   1.9514825e-01   1.9594781e-01   2.4590858e-01   2.7092803e-01   2.7232956e-01   4.3742978e-01   4.8923738e-01   5.9797097e-01   6.5436920e-01   7.8171553e-01   8.5143821e-01
