   4.5782596e+03   5.1983816e+03   5.0648776e+03   5.0830536e+03   5.0487964e+03   5.1664497e+03   5.2494903e+03   4.3281321e+03   4.7277439e+03   5.3613195e+03   5.1760206e+03   5.1267683e+03   5.3804506e+03   5.0786447e+03   4.9381813e+03   4.8712165e+03   4.8001838e+03   4.9270791e+03   5.5753721e+03   4.3996447e+03   5.2463025e+03   5.2122047e+03   5.2185376e+03   5.2731394e+03   5.1403368e+03   4.9086443e+03   5.3319778e+03   4.6887201e+03   5.0934643e+03   4.9892361e+03
   4.5782596e+03   5.1983816e+03   5.0648776e+03   5.0830536e+03   5.0487964e+03   5.1664497e+03   5.2494903e+03   4.3281321e+03   4.7277439e+03   5.3613195e+03   5.1760206e+03   5.1267683e+03   5.3804506e+03   5.0786447e+03   4.9381813e+03   4.8712165e+03   4.8001838e+03   4.9270791e+03   5.5753721e+03   4.3996447e+03   5.2463025e+03   5.2122047e+03   5.2185376e+03   5.2731394e+03   5.1403368e+03   4.9086443e+03   5.3319778e+03   4.6887201e+03   5.0934643e+03   4.9892361e+03
   4.5782596e+03   5.1983816e+03   5.0648776e+03   5.0830536e+03   5.0487964e+03   5.1664497e+03   5.2494903e+03   4.3281321e+03   4.7277439e+03   5.3613195e+03   5.1760206e+03   5.1267683e+03   5.3804506e+03   5.0786447e+03   4.9381813e+03   4.8712165e+03   4.8001838e+03   4.9270791e+03   5.5753721e+03   4.3996447e+03   5.2463025e+03   5.2122047e+03   5.2185376e+03   5.2731394e+03   5.1403368e+03   4.9086443e+03   5.3319778e+03   4.6887201e+03   5.0934643e+03   4.9892361e+03
   4.5782596e+03   5.1983816e+03   5.0648776e+03   5.0830536e+03   5.0487964e+03   5.1664497e+03   5.2494903e+03   4.3281321e+03   4.7277439e+03   5.3613195e+03   5.1760206e+03   5.1267683e+03   5.3804506e+03   5.0786447e+03   4.9381813e+03   4.8712165e+03   4.8001838e+03   4.9270791e+03   5.5753721e+03   4.3996447e+03   5.2463025e+03   5.2122047e+03   5.2185376e+03   5.2731394e+03   5.1403368e+03   4.9086443e+03   5.3319778e+03   4.6887201e+03   5.0934643e+03   4.9892361e+03
   4.5782596e+03   5.1983816e+03   5.0648776e+03   5.0830536e+03   5.0487964e+03   5.1664497e+03   5.2494903e+03   4.3281321e+03   4.7277439e+03   5.3613195e+03   5.1760206e+03   5.1267683e+03   5.3804506e+03   5.0786447e+03   4.9381813e+03   4.8712165e+03   4.8001838e+03   4.9270791e+03   5.5753721e+03   4.3996447e+03   5.2463025e+03   5.2122047e+03   5.2185376e+03   5.2731394e+03   5.1403368e+03   4.9086443e+03   5.3319778e+03   4.6887201e+03   5.0934643e+03   4.9892361e+03
   4.2912454e+03   5.1156266e+03   5.0648776e+03   5.0185709e+03   5.0487964e+03   5.1336570e+03   5.2494903e+03   4.3281321e+03   4.7277439e+03   5.3613195e+03   5.1020875e+03   4.9583333e+03   5.2800984e+03   5.0018033e+03   4.9381813e+03   4.8712165e+03   4.8001838e+03   4.8524546e+03   5.4543320e+03   4.3737358e+03   5.2463025e+03   5.2032893e+03   4.7525980e+03   5.2337907e+03   5.1189851e+03   4.9086443e+03   4.9861423e+03   4.5086819e+03   5.0934643e+03   4.8463072e+03
   4.2912454e+03   5.1156266e+03   5.0648776e+03   5.0185709e+03   5.0487964e+03   5.1336570e+03   5.2494903e+03   4.3281321e+03   4.7277439e+03   5.3613195e+03   5.1020875e+03   4.9583333e+03   5.2800984e+03   5.0018033e+03   4.9381813e+03   4.8712165e+03   4.8001838e+03   4.8524546e+03   5.4543320e+03   4.3737358e+03   5.2463025e+03   5.2032893e+03   4.7525980e+03   5.2337907e+03   5.1189851e+03   4.9086443e+03   4.9861423e+03   4.5086819e+03   5.0934643e+03   4.8463072e+03
   4.2912454e+03   4.7246218e+03   4.9855745e+03   4.8970847e+03   4.7108318e+03   4.9638617e+03   4.9781706e+03   4.3281321e+03   4.6697943e+03   4.8920873e+03   4.8620268e+03   4.9583333e+03   5.1557196e+03   4.7829483e+03   4.9381813e+03   4.7207901e+03   4.6896474e+03   4.8524546e+03   5.2139432e+03   4.3493552e+03   5.0668120e+03   4.2311478e+03   4.7525980e+03   5.0474014e+03   4.7877426e+03   4.8430842e+03   4.6318343e+03   4.5086819e+03   5.0483455e+03   4.8463072e+03
   3.9196818e+03   4.7001041e+03   4.6145727e+03   4.6527398e+03   4.0711067e+03   4.2442453e+03   4.6207157e+03   4.3281321e+03   4.4864914e+03   4.1898687e+03   4.6335687e+03   4.7485848e+03   4.8584665e+03   4.3361714e+03   4.4196949e+03   4.5290832e+03   4.2664985e+03   4.6101778e+03   4.5908181e+03   4.3493552e+03   4.9523507e+03   4.0333739e+03   4.1097556e+03   4.8806487e+03   4.7877426e+03   4.3317452e+03   4.6137601e+03   4.0837818e+03   4.6616591e+03   4.6667472e+03
   3.1970967e+03   4.3983434e+03   3.9246464e+03   3.9602596e+03   3.5293826e+03   4.0034338e+03   4.0254040e+03   3.5735078e+03   3.8242059e+03   4.1898687e+03   3.8759828e+03   4.2769280e+03   4.2519738e+03   3.6228047e+03   4.2619978e+03   3.6493056e+03   3.8079993e+03   4.2716365e+03   4.2182379e+03   3.9765674e+03   4.3171968e+03   3.5147292e+03   4.1073117e+03   4.2910865e+03   4.2904257e+03   4.1204818e+03   4.2694911e+03   3.7767714e+03   4.3427327e+03   3.6451434e+03
   2.9058431e+03   3.4864487e+03   3.1153921e+03   3.3911944e+03   3.1720521e+03   3.3723417e+03   3.1456778e+03   3.1494319e+03   3.2460839e+03   3.2439364e+03   3.4456211e+03   3.0746374e+03   3.2824147e+03   3.1129291e+03   3.2701322e+03   3.2690248e+03   3.0916149e+03   3.1789815e+03   3.3795801e+03   2.9568883e+03   3.1747244e+03   3.0648780e+03   3.3472331e+03   3.3488573e+03   3.3189693e+03   3.2756390e+03   3.1034074e+03   3.1632661e+03   3.0970454e+03   3.2539532e+03
   2.0367866e+03   2.3941253e+03   2.0215128e+03   2.1361430e+03   1.8714697e+03   2.1213309e+03   2.1204960e+03   2.0429207e+03   2.2297543e+03   2.0777962e+03   2.0350106e+03   2.0125668e+03   1.9932263e+03   2.0055959e+03   2.1129450e+03   2.2413803e+03   1.9466859e+03   2.0128809e+03   2.3118443e+03   1.8502626e+03   1.9939364e+03   2.0810096e+03   2.0744567e+03   2.2339434e+03   2.2810764e+03   2.2082866e+03   2.0367491e+03   2.1458041e+03   1.8514690e+03   2.0444428e+03
   7.3142308e+02   9.8570803e+02   8.9944962e+02   7.3261942e+02   7.5102640e+02   9.3461435e+02   5.6694317e+02   9.7905779e+02   9.3795444e+02   7.1739542e+02   1.1620400e+03   8.9584915e+02   7.4894516e+02   6.6974420e+02   7.8859076e+02   9.3343366e+02   9.0707921e+02   6.3546850e+02   7.4280699e+02   7.7913923e+02   8.0529156e+02   8.5465404e+02   8.1971318e+02   9.2627874e+02   1.1069089e+03   8.6204854e+02   6.0098954e+02   8.6593979e+02   8.5770977e+02   7.5398666e+02
   8.8521918e+01   7.2484063e+01   7.8322049e+01   5.4676696e+01   4.1882239e+01   5.2203620e+01   4.6213637e+01   6.6155132e+01   2.7648989e+01   6.5442629e+01   4.3785595e+01   9.9040276e+01   7.1817653e+01   8.9315353e+01   2.0970835e+01   4.7866165e+01   7.9560350e+01   6.6598655e+01   8.6025721e+01   5.3701589e+01   7.8173767e+01   5.9288560e+01   7.3944654e+01   6.3233934e+01   6.6610008e+01   7.3195769e+01   7.0548253e+01   5.7659894e+01   8.7343444e+01   5.4075306e+01
   2.4800287e-03   3.2884885e-03   3.3779557e-03   4.1818610e-03   2.5638312e-03   3.0742299e-03   2.6215635e-03   3.5278928e-03   3.1844513e-03   3.5277019e-03   4.4332415e-03   3.8162913e-03   5.2099273e-03   3.4330746e-03   5.0525349e-03   3.2801466e-03   4.5186687e-03   1.7902917e-03   2.7579164e-03   4.3855747e-03   6.7216553e-03   4.3608214e-03   2.8426839e-03   4.7955096e-03   4.2250187e-03   6.0509861e-03   5.0293047e-03   3.7620903e-03   5.4664331e-03   3.1627048e-03
   0.0000000e+00   0.0000000e+00   0.0000000e+00   0.0000000e+00   0.0000000e+00   0.0000000e+00   0.0000000e+00   0.0000000e+00   0.0000000e+00   0.0000000e+00   0.0000000e+00   0.0000000e+00   0.0000000e+00   0.0000000e+00   0.0000000e+00   0.0000000e+00   0.0000000e+00   0.0000000e+00   0.0000000e+00   0.0000000e+00   0.0000000e+00   0.0000000e+00   0.0000000e+00   0.0000000e+00   0.0000000e+00   0.0000000e+00   0.0000000e+00   0.0000000e+00   0.0000000e+00   0.0000000e+00
