   2.2099746e+03   3.9560786e+03   3.8715648e+03   3.5234354e+03   3.2282636e+03   3.1970990e+03   3.8461557e+03   3.0757491e+03   3.6793852e+03   3.6503300e+03   3.2279465e+03   3.4947653e+03   3.8857681e+03   4.0613201e+03   1.5603751e+03   3.8208236e+03   3.3610227e+03   3.4627120e+03   3.6290021e+03   3.7087498e+03   3.8912561e+03   3.4879439e+03   3.0341397e+03   3.2975125e+03   3.8445018e+03   3.6319584e+03   4.3759247e+03   2.9679882e+03   3.4225315e+03   3.1373133e+03
   2.2099746e+03   3.9560786e+03   3.8715648e+03   3.5234354e+03   3.2282636e+03   3.1970990e+03   3.8461557e+03   3.0757491e+03   3.6793852e+03   3.6503300e+03   3.2279465e+03   3.4947653e+03   3.8857681e+03   4.0613201e+03   1.5603751e+03   3.8208236e+03   3.3610227e+03   3.4627120e+03   3.6290021e+03   3.7087498e+03   3.8912561e+03   3.4879439e+03   3.0341397e+03   3.2975125e+03   3.8445018e+03   3.6319584e+03   4.3759247e+03   2.9679882e+03   3.4225315e+03   3.1373133e+03
   2.2099746e+03   3.9560786e+03   3.8715648e+03   3.5234354e+03   3.2282636e+03   3.1970990e+03   3.8461557e+03   3.0757491e+03   3.6793852e+03   3.6503300e+03   3.2279465e+03   3.4947653e+03   3.8857681e+03   4.0613201e+03   1.5603751e+03   3.8208236e+03   3.3610227e+03   3.4627120e+03   3.6290021e+03   3.7087498e+03   3.8912561e+03   3.4879439e+03   3.0341397e+03   3.2975125e+03   3.8445018e+03   3.6319584e+03   4.3759247e+03   2.9679882e+03   3.4225315e+03   3.1373133e+03
   2.2099746e+03   3.9560786e+03   3.8715648e+03   3.5234354e+03   3.2282636e+03   3.1970990e+03   3.8461557e+03   3.0757491e+03   3.6793852e+03   3.6503300e+03   3.2279465e+03   3.4947653e+03   3.8857681e+03   4.0613201e+03   1.5603751e+03   3.8208236e+03   3.3610227e+03   3.4627120e+03   3.6290021e+03   3.7087498e+03   3.8912561e+03   3.4879439e+03   3.0341397e+03   3.2975125e+03   3.8445018e+03   3.6319584e+03   4.3759247e+03   2.9679882e+03   3.4225315e+03   3.1373133e+03
   2.2099746e+03   3.9560786e+03   3.8715648e+03   3.5234354e+03   3.2282636e+03   3.1970990e+03   3.8461557e+03   3.0757491e+03   3.6793852e+03   3.6503300e+03   3.2279465e+03   3.4947653e+03   3.8857681e+03   4.0613201e+03   1.5603751e+03   3.8208236e+03   3.3610227e+03   3.4627120e+03   3.6290021e+03   3.7087498e+03   3.8912561e+03   3.4879439e+03   3.0341397e+03   3.2975125e+03   3.8445018e+03   3.6319584e+03   4.3759247e+03   2.9679882e+03   3.4225315e+03   3.1373133e+03
   2.2099746e+03   3.9560786e+03   3.7011304e+03   3.5234354e+03   3.1962629e+03   3.1661458e+03   3.6976666e+03   3.0757491e+03   3.0643279e+03   3.6503300e+03   3.2279465e+03   2.9908776e+03   3.8857681e+03   3.3550548e+03   1.5603751e+03   3.3903194e+03   3.1622963e+03   3.4627120e+03   3.0271357e+03   3.7087498e+03   3.7010316e+03   3.4879439e+03   3.0341397e+03   3.1388205e+03   3.5250453e+03   3.5325668e+03   4.3759247e+03   2.9679882e+03   3.3373584e+03   2.8854611e+03
   2.2099746e+03   3.9560786e+03   3.7011304e+03   3.5234354e+03   3.1962629e+03   3.1661458e+03   3.6976666e+03   3.0757491e+03   3.0643279e+03   3.6503300e+03   3.2279465e+03   2.9908776e+03   3.8857681e+03   3.3550548e+03   1.5603751e+03   3.3903194e+03   3.1622963e+03   3.4627120e+03   3.0271357e+03   3.7087498e+03   3.7010316e+03   3.4879439e+03   3.0341397e+03   3.1388205e+03   3.5250453e+03   3.5325668e+03   4.3759247e+03   2.9679882e+03   3.3373584e+03   2.8854611e+03
   1.4020555e+03   3.8736232e+03   3.6039376e+03   3.2054781e+03   3.1902176e+03   3.0246603e+03   3.2120823e+03   3.0281047e+03   2.2149780e+03   3.5896279e+03   3.1680092e+03   2.9908776e+03   2.9271928e+03   3.3550548e+03   1.4005317e+03   3.3903194e+03   3.1491786e+03   2.9785562e+03   3.0051656e+03   3.4527031e+03   3.4675086e+03   3.0703192e+03   3.0184683e+03   3.1147733e+03   3.3146922e+03   3.2274356e+03   3.6960501e+03   2.7916370e+03   3.3373584e+03   2.8239795e+03
   1.3713227e+03   2.9117416e+03   2.8725841e+03   2.9447269e+03   3.1902176e+03   2.6431384e+03   2.9087199e+03   2.8173230e+03   1.9236688e+03   3.4010380e+03   2.1967840e+03   2.6294339e+03   2.6630069e+03   3.0536985e+03   1.1979175e+03   3.3773265e+03   2.9541043e+03   2.9687852e+03   2.7396806e+03   2.8060798e+03   3.3801827e+03   2.8796907e+03   2.6134239e+03   2.5875569e+03   3.0521332e+03   3.2061986e+03   2.5908122e+03   2.3833522e+03   2.4650703e+03   2.8239795e+03
   1.3713227e+03   2.3306204e+03   2.7596790e+03   2.0363355e+03   2.4175500e+03   1.9083605e+03   2.6435323e+03   2.1145690e+03   1.9236688e+03   2.0681124e+03   2.0804159e+03   2.3079630e+03   2.3782762e+03   2.2211442e+03   1.1797066e+03   2.5454455e+03   2.2959610e+03   2.2188903e+03   2.4685565e+03   2.0609430e+03   2.2947104e+03   2.3156920e+03   2.1983140e+03   2.2196086e+03   2.6404431e+03   3.0604407e+03   1.7332431e+03   2.3027737e+03   2.2232573e+03   2.3714569e+03
   1.3495819e+03   1.8190552e+03   1.8034411e+03   1.6604448e+03   1.4502224e+03   1.8020186e+03   1.6852480e+03   1.8724968e+03   1.6139004e+03   1.8128189e+03   1.2568840e+03   1.9959203e+03   1.8675241e+03   1.0894610e+03   8.8262435e+02   2.0422443e+03   1.1485241e+03   1.7917371e+03   1.0754082e+03   1.8039459e+03   1.5480943e+03   1.5334255e+03   1.7469689e+03   1.5796660e+03   1.9623465e+03   1.5833644e+03   1.2211411e+03   1.7108493e+03   1.8200509e+03   1.6123223e+03
   8.2182032e+02   9.9390826e+02   9.9802813e+02   1.0779805e+03   9.2486544e+02   9.3987421e+02   7.4032479e+02   9.1206658e+02   5.8562368e+02   9.9659491e+02   8.3031710e+02   1.3184804e+03   5.6523793e+02   7.8277307e+02   5.6604663e+02   8.9395228e+02   4.7236229e+02   9.7271331e+02   4.2377752e+02   8.3783010e+02   1.0690677e+03   3.3448364e+02   7.9209293e+02   9.4026395e+02   8.3565133e+02   1.1211400e+03   1.1339775e+03   1.0808703e+03   1.1640257e+03   1.0300047e+03
   3.0875452e+02   3.7601666e+02   4.2864897e+02   4.1728439e+02   4.3800761e+02   4.9682988e+02   4.8721453e+02   4.7947763e+02   3.8680787e+02   4.2370877e+02   3.6373021e+02   3.3173047e+02   3.5003759e+02   4.0712599e+02   3.0873806e+02   2.6724294e+02   3.0623745e+02   4.5919035e+02   3.2888220e+02   3.6842737e+02   3.6172590e+02   2.8863124e+02   5.0567639e+02   3.7325067e+02   3.7439746e+02   4.3238514e+02   4.7828643e+02   4.6452822e+02   4.8367269e+02   5.0076846e+02
   1.5925675e+02   1.7702373e+02   1.7536713e+02   1.9048654e+02   1.6629535e+02   1.7721605e+02   1.6100109e+02   1.8876606e+02   1.7065927e+02   1.6957388e+02   1.7663797e+02   1.7142804e+02   1.9482336e+02   1.8036976e+02   1.5646269e+02   1.6750383e+02   1.8980871e+02   1.7369042e+02   1.7173825e+02   1.8615697e+02   1.8573860e+02   1.6182111e+02   1.8500521e+02   1.7511186e+02   1.7207131e+02   1.7848248e+02   1.7515764e+02   1.8258442e+02   1.6176810e+02   1.8338810e+02
   9.4832389e+01   1.0501802e+02   1.1277965e+02   1.1272738e+02   1.1344709e+02   1.1231557e+02   1.1302658e+02   1.1281385e+02   1.1242863e+02   1.1315989e+02   1.1359970e+02   1.1366954e+02   1.1279661e+02   1.1300373e+02   1.1279834e+02   1.1280545e+02   1.1386164e+02   1.1363634e+02   1.1239227e+02   1.1364323e+02   1.1316277e+02   1.1202896e+02   1.1225513e+02   1.1282490e+02   1.1292976e+02   1.1251533e+02   1.1320758e+02   1.1332655e+02   1.1293665e+02   1.1302902e+02
   3.3431475e+01   3.5270497e+01   1.0000000e+02   1.0000000e+02   1.0000000e+02   1.0000000e+02   1.0000000e+02   1.0000000e+02   1.0000000e+02   1.0000000e+02   1.0000000e+02   1.0000000e+02   1.0000000e+02   1.0000000e+02   1.0000000e+02   1.0000000e+02   1.0000000e+02   1.0000000e+02   1.0000000e+02   1.0000000e+02   1.0000000e+02   1.0000000e+02   1.0000000e+02   1.0000000e+02   1.0000000e+02   1.0000000e+02   1.0000000e+02   1.0000000e+02   1.0000000e+02   1.0000000e+02
