   3.0644957e+05   6.6789714e+05   2.2363632e+05   1.6321470e+05   4.6256848e+05   6.0376198e+04   3.5850544e+05   2.0494954e+05   5.2491820e+05   3.4110894e+05   4.1243501e+05   4.5366285e+05   7.3301176e+05   1.0884959e+05   5.6572897e+05   5.9471907e+05   1.5198073e+05   3.6924224e+05   1.9518263e+05   5.9844772e+05   1.3767255e+05   3.5103793e+05   3.8676933e+05   2.9630128e+05   4.7900884e+05   7.4439119e+04   4.8634887e+05   6.3670523e+05   4.1963235e+05   7.2425724e+05
   3.0644957e+05   6.6789714e+05   2.2363632e+05   1.6321470e+05   4.6256848e+05   6.0376198e+04   3.5850544e+05   2.0494954e+05   5.2491820e+05   3.4110894e+05   4.1243501e+05   4.5366285e+05   7.3301176e+05   1.0884959e+05   5.6572897e+05   5.9471907e+05   1.5198073e+05   3.6924224e+05   1.9518263e+05   5.9844772e+05   1.3767255e+05   3.5103793e+05   3.8676933e+05   2.9630128e+05   4.7900884e+05   7.4439119e+04   4.8634887e+05   6.3670523e+05   4.1963235e+05   7.2425724e+05
   3.0644957e+05   6.6789714e+05   2.2363632e+05   1.6321470e+05   4.6256848e+05   6.0376198e+04   3.5850544e+05   2.0494954e+05   5.2491820e+05   3.4110894e+05   4.1243501e+05   4.5366285e+05   7.3301176e+05   1.0884959e+05   5.6572897e+05   5.9471907e+05   1.5198073e+05   3.6924224e+05   1.9518263e+05   5.9844772e+05   1.3767255e+05   3.5103793e+05   3.8676933e+05   2.9630128e+05   4.7900884e+05   7.4439119e+04   4.8634887e+05   6.3670523e+05   4.1963235e+05   7.2425724e+05
   3.0644957e+05   6.6789714e+05   2.2363632e+05   1.6321470e+05   4.6256848e+05   6.0376198e+04   3.5850544e+05   2.0494954e+05   5.2491820e+05   3.4110894e+05   4.1243501e+05   4.5366285e+05   7.3301176e+05   1.0884959e+05   5.6572897e+05   5.9471907e+05   1.5198073e+05   3.6924224e+05   1.9518263e+05   5.9844772e+05   1.3767255e+05   3.5103793e+05   3.8676933e+05   2.9630128e+05   4.7900884e+05   7.4439119e+04   4.8634887e+05   6.3670523e+05   4.1963235e+05   7.2425724e+05
   3.0644957e+05   6.6789714e+05   2.2363632e+05   1.6321470e+05   4.6256848e+05   6.0376198e+04   3.5850544e+05   2.0494954e+05   5.2491820e+05   3.4110894e+05   4.1243501e+05   4.5366285e+05   7.3301176e+05   1.0884959e+05   5.6572897e+05   5.9471907e+05   1.5198073e+05   3.6924224e+05   1.9518263e+05   5.9844772e+05   1.3767255e+05   3.5103793e+05   3.8676933e+05   2.9630128e+05   4.7900884e+05   7.4439119e+04   4.8634887e+05   6.3670523e+05   4.1963235e+05   7.2425724e+05
   6.4792250e+04   5.3445350e+05   2.2363632e+05   1.2429462e+05   4.6256848e+05   5.3537293e+04   3.5837629e+05   2.0494954e+05   5.2489022e+05   3.4053069e+05   4.0832896e+05   2.0329576e+05   7.3301176e+05   1.0884959e+05   5.5021751e+05   3.1289981e+05   1.4609741e+05   2.8559396e+05   1.9518263e+05   5.9833987e+05   1.3767255e+05   3.5103793e+05   3.8676933e+05   2.8308936e+05   4.7900884e+05   7.3986381e+04   2.0257050e+05   6.3670523e+05   3.1359689e+05   7.2425724e+05
   6.4792250e+04   5.3445350e+05   2.2363632e+05   1.2429462e+05   4.6256848e+05   5.3537293e+04   3.5837629e+05   2.0494954e+05   5.2489022e+05   3.4053069e+05   4.0832896e+05   2.0329576e+05   7.3301176e+05   1.0884959e+05   5.5021751e+05   3.1289981e+05   1.4609741e+05   2.8559396e+05   1.9518263e+05   5.9833987e+05   1.3767255e+05   3.5103793e+05   3.8676933e+05   2.8308936e+05   4.7900884e+05   7.3986381e+04   2.0257050e+05   6.3670523e+05   3.1359689e+05   7.2425724e+05
   6.3929374e+04   5.3188853e+05   2.1670886e+05   1.2429462e+05   2.1487061e+05   5.3537293e+04   1.3543307e+05   1.5588796e+05   4.0913697e+05   3.4053069e+05   2.2571304e+05   9.0530668e+04   4.9780642e+05   1.0872911e+05   4.3937371e+05   2.3452521e+05   1.4609741e+05   2.8559396e+05   1.9507370e+05   5.9832991e+05   1.3767255e+05   3.4859398e+05   3.8488220e+05   2.8308936e+05   2.2454858e+05   7.3986381e+04   2.0257050e+05   3.2197128e+05   3.1232110e+05   1.3186005e+05
   5.6905917e+04   3.9947219e+05   2.1578220e+05   1.2429462e+05   1.5881055e+05   5.2820034e+04   1.2748925e+05   1.4861265e+05   3.8219971e+05   3.2105137e+05   1.5738783e+04   9.0509454e+04   4.2914353e+05   8.3880223e+04   4.2341028e+05   1.0776344e+05   1.3535666e+05   2.3503963e+05   1.2377926e+05   2.0794838e+05   1.2049465e+05   3.2127262e+05   1.7502202e+05   1.9562611e+05   2.2071568e+05   6.6890082e+04   1.5854275e+05   3.2197128e+05   1.3708192e+05   1.3186005e+05
   5.4211778e+04   1.9411080e+05   7.1297937e+04   9.3589715e+04   1.0215810e+05   4.6846014e+04   1.2553571e+05   1.0821398e+05   1.1136003e+05   5.6426886e+04   1.5314965e+04   8.3430013e+04   4.7922474e+04   5.4905983e+04   1.1445857e+04   9.0666687e+04   4.8714347e+04   1.8087383e+05   4.4101064e+04   5.2634133e+04   2.7079097e+04   2.1214948e+04   1.6930857e+04   1.1851857e+04   8.4691430e+04   3.9962490e+04   1.5818764e+05   1.6858231e+04   1.2284521e+05   1.2951130e+05
   3.6633886e+04   2.8647161e+04   5.5238546e+04   2.2842502e+03   8.2250006e+03   4.0478401e+04   1.5992549e+04   2.0178700e+04   4.0282350e+04   2.3804851e+04   9.8338169e+03   1.0291332e+04   2.9085878e+04   1.7415083e+04   4.5914399e+03   6.7356001e+04   3.0307338e+04   2.3671915e+04   2.4741746e+04   4.1760888e+03   1.1425644e+04   1.0778778e+04   1.1322674e+04   8.8943626e+03   1.6572660e+04   2.0217537e+04   2.1714653e+04   4.9858796e+03   3.7342444e+04   3.3116678e+04
   3.2855591e+03   2.4073670e+03   2.1161250e+03   1.8414920e+03   6.1526068e+03   4.8533847e+03   5.1135071e+03   9.4103005e+02   5.4374569e+03   1.9570526e+03   2.6666688e+03   1.7203269e+03   6.9069459e+03   5.8670714e+03   3.1817767e+03   3.6257227e+03   2.9277489e+03   7.7859847e+03   2.6329730e+03   1.9534916e+03   1.4759400e+03   3.8017777e+03   2.4201868e+03   4.8395487e+03   3.4633144e+03   5.2366158e+03   1.2939424e+03   2.4810440e+03   9.3386883e+03   3.6564323e+03
   1.1477937e+02   3.8542787e+01   6.8511349e+01   2.3729675e+02   3.9893108e+01   1.9496594e+02   8.0821883e+01   2.4002535e+02   1.1288464e+02   1.7762917e+02   1.7537067e+02   7.2325432e+01   2.8504996e+02   1.4938864e+02   7.3161114e+01   8.8652460e+01   3.2340683e+02   2.3300243e+02   3.0577846e+02   8.9220637e+01   8.7871645e+01   2.9397069e+02   5.3103568e+01   5.4287345e+01   1.2652407e+02   3.6465822e+01   4.0832147e+01   3.7991771e+01   4.5646263e+01   1.7614693e+02
   1.1103486e+01   1.2390244e+01   1.0791580e+01   1.4166572e+01   1.0410757e+01   1.3539862e+01   1.3011517e+01   1.6236888e+01   1.1716676e+01   1.1714458e+01   1.2711753e+01   1.2570959e+01   1.3502135e+01   1.5554433e+01   1.4746931e+01   1.2494215e+01   1.4308710e+01   1.2044995e+01   1.1775998e+01   1.4438324e+01   8.4178983e+00   1.3871636e+01   1.2675885e+01   1.2856156e+01   1.4028958e+01   1.2729978e+01   1.2359717e+01   1.0900733e+01   1.2218229e+01   1.2915728e+01
   2.4699437e+00   3.1397385e+00   3.1628141e+00   3.1728639e+00   3.1918420e+00   2.8944480e+00   3.0631141e+00   3.1414194e+00   2.7404066e+00   3.3250935e+00   3.2360335e+00   3.1604766e+00   2.9983086e+00   3.1334734e+00   2.9007271e+00   2.8065007e+00   3.3789618e+00   2.6917806e+00   3.3765493e+00   3.1340326e+00   2.3346113e+00   3.4427295e+00   3.2981941e+00   3.7662622e+00   3.0943568e+00   3.4468866e+00   2.5165727e+00   2.7500708e+00   2.8790802e+00   3.0038574e+00
   6.0936768e-01   6.3351743e-01   6.9686513e-01   7.1512142e-01   7.3175768e-01   7.3974544e-01   7.4291505e-01   7.4555390e-01   7.5143183e-01   7.5246929e-01   7.5602950e-01   7.6080686e-01   7.6937764e-01   7.8468156e-01   7.8955307e-01   7.9639261e-01   8.1092035e-01   8.1695646e-01   8.2177434e-01   8.4174261e-01   8.4568280e-01   8.5618212e-01   8.6090931e-01   8.8827556e-01   8.9050270e-01   8.9994989e-01   9.7422340e-01   9.9640384e-01   1.0037339e+00   1.0589410e+00
