   5.3081766e+03   4.8790471e+03   5.0997262e+03   5.2128474e+03   4.8513498e+03   5.1027711e+03   4.9887943e+03   5.3879857e+03   5.4353035e+03   5.4215641e+03   5.0699788e+03   5.0570648e+03   5.1239596e+03   5.1784052e+03   4.8992359e+03   5.0998171e+03   4.8461385e+03   5.0265395e+03   5.3383643e+03   5.1713815e+03   4.8342247e+03   5.0114984e+03   4.9446208e+03   5.2491914e+03   5.2311355e+03   5.2079177e+03   4.9777579e+03   4.8957741e+03   3.8745910e+03   5.0639875e+03
   5.3081766e+03   4.8790471e+03   5.0997262e+03   5.2128474e+03   4.8513498e+03   5.1027711e+03   4.9887943e+03   5.3879857e+03   5.4353035e+03   5.4215641e+03   5.0699788e+03   5.0570648e+03   5.1239596e+03   5.1784052e+03   4.8992359e+03   5.0998171e+03   4.8461385e+03   5.0265395e+03   5.3383643e+03   5.1713815e+03   4.8342247e+03   5.0114984e+03   4.9446208e+03   5.2491914e+03   5.2311355e+03   5.2079177e+03   4.9777579e+03   4.8957741e+03   3.8745910e+03   5.0639875e+03
   5.3081766e+03   4.8790471e+03   5.0997262e+03   5.2128474e+03   4.8513498e+03   5.1027711e+03   4.9887943e+03   5.3879857e+03   5.4353035e+03   5.4215641e+03   5.0699788e+03   5.0570648e+03   5.1239596e+03   5.1784052e+03   4.8992359e+03   5.0998171e+03   4.8461385e+03   5.0265395e+03   5.3383643e+03   5.1713815e+03   4.8342247e+03   5.0114984e+03   4.9446208e+03   5.2491914e+03   5.2311355e+03   5.2079177e+03   4.9777579e+03   4.8957741e+03   3.8745910e+03   5.0639875e+03
   5.3081766e+03   4.8790471e+03   5.0997262e+03   5.2128474e+03   4.8513498e+03   5.1027711e+03   4.9887943e+03   5.3879857e+03   5.4353035e+03   5.4215641e+03   5.0699788e+03   5.0570648e+03   5.1239596e+03   5.1784052e+03   4.8992359e+03   5.0998171e+03   4.8461385e+03   5.0265395e+03   5.3383643e+03   5.1713815e+03   4.8342247e+03   5.0114984e+03   4.9446208e+03   5.2491914e+03   5.2311355e+03   5.2079177e+03   4.9777579e+03   4.8957741e+03   3.8745910e+03   5.0639875e+03
   5.3081766e+03   4.8790471e+03   5.0997262e+03   5.2128474e+03   4.8513498e+03   5.1027711e+03   4.9887943e+03   5.3879857e+03   5.4353035e+03   5.4215641e+03   5.0699788e+03   5.0570648e+03   5.1239596e+03   5.1784052e+03   4.8992359e+03   5.0998171e+03   4.8461385e+03   5.0265395e+03   5.3383643e+03   5.1713815e+03   4.8342247e+03   5.0114984e+03   4.9446208e+03   5.2491914e+03   5.2311355e+03   5.2079177e+03   4.9777579e+03   4.8957741e+03   3.8745910e+03   5.0639875e+03
   5.1152867e+03   4.8790471e+03   5.0958360e+03   5.1033072e+03   4.8513498e+03   5.1027711e+03   4.9887943e+03   5.3879857e+03   5.2537781e+03   5.2539453e+03   5.0418205e+03   5.0570648e+03   4.8460351e+03   4.7615568e+03   4.8992359e+03   4.5470041e+03   4.8461385e+03   4.9400009e+03   5.1160026e+03   5.1713815e+03   4.8342247e+03   4.9265406e+03   4.7546275e+03   5.0242096e+03   4.9939522e+03   5.2079177e+03   4.7554040e+03   4.8957741e+03   3.8745910e+03   4.8667744e+03
   5.1152867e+03   4.8790471e+03   5.0958360e+03   5.1033072e+03   4.8513498e+03   5.1027711e+03   4.9887943e+03   5.3879857e+03   5.2537781e+03   5.2539453e+03   5.0418205e+03   5.0570648e+03   4.8460351e+03   4.7615568e+03   4.8992359e+03   4.5470041e+03   4.8461385e+03   4.9400009e+03   5.1160026e+03   5.1713815e+03   4.8342247e+03   4.9265406e+03   4.7546275e+03   5.0242096e+03   4.9939522e+03   5.2079177e+03   4.7554040e+03   4.8957741e+03   3.8745910e+03   4.8667744e+03
   4.6177017e+03   4.6823855e+03   3.8181503e+03   4.7658614e+03   4.4886809e+03   4.9816799e+03   4.5389029e+03   5.0413765e+03   5.2028253e+03   4.2708115e+03   4.7587227e+03   4.7385004e+03   4.7770803e+03   4.7501067e+03   4.8992359e+03   4.4721769e+03   4.7232816e+03   4.6835321e+03   4.5035572e+03   4.9050424e+03   4.8342247e+03   4.4803600e+03   4.5987546e+03   4.7346701e+03   4.9182492e+03   4.9528052e+03   4.6876955e+03   4.7210680e+03   3.8745910e+03   4.5237962e+03
   4.4793459e+03   4.3020304e+03   3.8138816e+03   4.5417381e+03   4.4267701e+03   4.2330435e+03   4.5389029e+03   4.9435733e+03   4.3431810e+03   4.2708115e+03   4.4115568e+03   3.9218196e+03   4.6867346e+03   3.7463672e+03   4.5428515e+03   4.1112536e+03   4.6362662e+03   4.6206194e+03   4.4089203e+03   4.4780286e+03   4.5517716e+03   4.4803600e+03   4.1853679e+03   4.5291041e+03   4.8460885e+03   4.3777479e+03   4.5024609e+03   4.3958044e+03   3.8345478e+03   4.2509405e+03
   4.3783147e+03   3.9222398e+03   3.7996769e+03   4.2786540e+03   4.3203533e+03   4.2330435e+03   3.9513066e+03   4.1860879e+03   3.8169084e+03   4.2708115e+03   3.9342040e+03   3.7966665e+03   4.3565342e+03   3.7463672e+03   4.1578366e+03   4.1112536e+03   4.1082386e+03   4.0368466e+03   4.3575849e+03   4.2235794e+03   4.3127043e+03   3.3152905e+03   3.4798005e+03   3.7041267e+03   4.4726296e+03   4.1252180e+03   4.2513027e+03   4.1605341e+03   3.7924100e+03   3.3895908e+03
   3.8823218e+03   3.4828053e+03   3.6630560e+03   3.7096862e+03   3.8872228e+03   3.5694819e+03   3.2405110e+03   3.6749215e+03   3.7101253e+03   4.0757754e+03   3.9226220e+03   3.2837186e+03   3.6841696e+03   3.1825984e+03   3.9560959e+03   3.3988351e+03   3.5345861e+03   3.6995733e+03   3.6487883e+03   3.5629729e+03   3.7786115e+03   3.2312466e+03   3.4798005e+03   3.4616370e+03   3.9071512e+03   3.2687437e+03   3.3137731e+03   3.4189986e+03   3.2385050e+03   2.6046376e+03
   3.1002561e+03   2.8528343e+03   3.1615366e+03   3.1194069e+03   3.0432077e+03   3.0202539e+03   3.1257709e+03   2.9719894e+03   2.9689074e+03   2.8300452e+03   3.1936726e+03   3.0175050e+03   2.9405076e+03   2.7601016e+03   2.7969992e+03   2.8419024e+03   2.9519496e+03   2.7803951e+03   3.2454313e+03   2.9830308e+03   3.1648971e+03   2.3835781e+03   3.1979691e+03   3.2018754e+03   3.2362657e+03   2.9377593e+03   2.8172071e+03   3.3759967e+03   3.0989023e+03   1.9709032e+03
   2.2757128e+03   2.4127271e+03   2.6335826e+03   1.8091034e+03   1.5005900e+03   2.3042575e+03   2.4088415e+03   1.9666314e+03   2.0855510e+03   2.2972866e+03   1.9901929e+03   1.9050681e+03   1.5988689e+03   2.3848973e+03   2.3325111e+03   2.1796862e+03   2.1966741e+03   2.4347323e+03   1.5524604e+03   2.4844856e+03   1.9323346e+03   2.3571902e+03   2.8106578e+03   2.3091429e+03   2.7818408e+03   2.2035341e+03   2.0452806e+03   2.0294446e+03   1.9491636e+03   1.5380137e+03
   1.1577418e+03   1.6666544e+03   1.5982572e+03   1.5070380e+03   1.0518672e+03   1.4557925e+03   1.6287962e+03   1.3694807e+03   1.4694337e+03   1.2852747e+03   1.1915652e+03   1.5339309e+03   1.0752171e+03   1.8027116e+03   1.2825636e+03   1.6139373e+03   1.3802307e+03   1.5856615e+03   1.4594438e+03   1.5810478e+03   1.4608483e+03   1.2700283e+03   1.5086444e+03   1.4825828e+03   1.6249022e+03   1.6705437e+03   1.4181443e+03   1.7158840e+03   1.6113654e+03   1.3426547e+03
   6.6997228e+02   7.5030147e+02   7.4669580e+02   9.9101141e+02   6.4311054e+02   1.0368158e+03   6.6502382e+02   9.1091863e+02   8.1158679e+02   7.7521524e+02   6.1981452e+02   6.9258178e+02   9.3748667e+02   6.2257188e+02   8.1965551e+02   9.7299141e+02   5.9681978e+02   9.0628887e+02   1.0569689e+03   9.7247323e+02   6.6555905e+02   8.9516845e+02   7.7889682e+02   6.8727349e+02   1.1007173e+03   7.9707632e+02   8.4987689e+02   1.2919298e+03   8.6190800e+02   1.0401477e+03
   5.4117292e+00   4.2380385e+01   5.1594784e+01   7.6186301e+01   1.2317050e+02   1.2626344e+02   1.2764114e+02   1.5957062e+02   1.7700858e+02   2.0813678e+02   2.1035426e+02   2.3038865e+02   2.3579327e+02   2.7235041e+02   2.7493820e+02   3.1051515e+02   3.1431833e+02   3.2126037e+02   3.2340427e+02   3.3355435e+02   3.4114372e+02   3.5544595e+02   3.5633701e+02   3.5661021e+02   3.5791145e+02   3.5953288e+02   4.1176318e+02   4.5982725e+02   4.6217729e+02   5.1034046e+02
