   8.8590594e+05   1.4260599e+06   3.0668872e+06   3.5515509e+05   4.4995542e+04   1.2169937e+06   2.4826815e+06   3.5696760e+05   1.0611469e+06   5.4530724e+05   3.1868646e+06   9.8370944e+06   2.0047658e+06   4.7581111e+06   6.6913469e+06   4.2481052e+05   3.8270388e+06   3.3383378e+06   1.2033898e+06   8.8561869e+05   6.3254846e+06   2.4678313e+06   9.4741928e+05   9.5892883e+06   6.4101513e+06   1.9161017e+06   3.2339980e+06   3.2701639e+06   1.9169710e+06   2.3295962e+06
   8.8590594e+05   1.4260599e+06   3.0668872e+06   3.5515509e+05   4.4995542e+04   1.2169937e+06   2.4826815e+06   3.5696760e+05   1.0611469e+06   5.4530724e+05   3.1868646e+06   9.8370944e+06   2.0047658e+06   4.7581111e+06   6.6913469e+06   4.2481052e+05   3.8270388e+06   3.3383378e+06   1.2033898e+06   8.8561869e+05   6.3254846e+06   2.4678313e+06   9.4741928e+05   9.5892883e+06   6.4101513e+06   1.9161017e+06   3.2339980e+06   3.2701639e+06   1.9169710e+06   2.3295962e+06
   8.8590594e+05   1.4260599e+06   3.0668872e+06   3.5515509e+05   4.4995542e+04   1.2169937e+06   2.4826815e+06   3.5696760e+05   1.0611469e+06   5.4530724e+05   3.1868646e+06   9.8370944e+06   2.0047658e+06   4.7581111e+06   6.6913469e+06   4.2481052e+05   3.8270388e+06   3.3383378e+06   1.2033898e+06   8.8561869e+05   6.3254846e+06   2.4678313e+06   9.4741928e+05   9.5892883e+06   6.4101513e+06   1.9161017e+06   3.2339980e+06   3.2701639e+06   1.9169710e+06   2.3295962e+06
   8.8590220e+05   1.4260430e+06   3.0668872e+06   3.5515509e+05   4.4995542e+04   1.2168356e+06   2.4823995e+06   3.5696760e+05   5.6731836e+05   5.4530724e+05   3.1868570e+06   3.6872752e+06   2.0047658e+06   1.9377199e+06   6.4068391e+05   4.2379456e+05   2.7589865e+06   3.3329901e+06   1.1520964e+06   8.8561869e+05   1.7972950e+06   2.4678313e+06   9.4741300e+05   8.2713814e+06   3.4899649e+06   1.9158499e+06   3.2339980e+06   3.2701639e+06   1.9169699e+06   2.3295962e+06
   8.8513258e+05   8.4474335e+05   3.0668872e+06   3.5515509e+05   4.4995542e+04   1.2168356e+06   2.4823995e+06   3.5696760e+05   5.6731836e+05   5.4530724e+05   2.0029878e+06   3.6872752e+06   2.0047658e+06   1.9377199e+06   6.4068391e+05   4.2379456e+05   2.7589865e+06   3.3309131e+06   3.1566601e+05   8.8528639e+05   1.7972950e+06   2.4674807e+06   9.4739106e+05   6.2920520e+06   3.4899649e+06   1.9158394e+06   3.2339742e+06   2.3878974e+06   1.9169699e+06   2.3295962e+06
   8.8513258e+05   8.2191002e+05   3.0668854e+06   3.5515509e+05   4.4995542e+04   1.2166147e+06   2.4823784e+06   3.5694696e+05   5.6731836e+05   5.0298813e+05   2.0029878e+06   3.4476444e+06   2.0047658e+06   1.9339168e+06   6.4066690e+05   4.2379008e+05   9.5460900e+05   3.3309131e+06   3.1566601e+05   8.8528639e+05   1.7971670e+06   1.2031445e+06   9.4739106e+05   6.2920019e+06   3.4899459e+06   1.9157961e+06   3.2339742e+06   2.3878974e+06   1.9168629e+06   2.3295962e+06
   8.8479422e+05   8.2138289e+05   3.0668854e+06   3.5515509e+05   4.4995542e+04   1.1824496e+06   2.4823784e+06   3.5694696e+05   3.7888876e+05   5.0236724e+05   1.7243156e+06   4.7911240e+05   1.5367424e+06   8.2875103e+05   6.4066690e+05   3.5573815e+05   7.8076765e+05   2.3470219e+06   3.1566601e+05   8.8484408e+05   6.4765483e+05   1.2031445e+06   9.4737843e+05   2.7985250e+05   1.7171814e+06   1.8428901e+06   8.4115542e+05   2.1922321e+06   1.9168629e+06   2.3295920e+06
   8.8478981e+05   8.1972654e+05   5.6255962e+05   2.7236226e+05   4.4995542e+04   1.1824496e+06   2.1884642e+06   2.5637400e+05   3.7884287e+05   3.7451783e+05   4.5515348e+05   1.4322316e+05   6.0838346e+05   8.2874675e+05   5.2879416e+05   3.4489627e+05   6.2735429e+05   4.0861473e+05   3.1563513e+05   2.9601648e+05   5.2519282e+05   1.2018996e+06   5.9274543e+05   2.7957036e+05   8.5787661e+05   1.9538725e+04   6.4360957e+05   1.7381951e+06   9.0727322e+05   3.1256795e+05
   4.2945922e+05   4.5200137e+05   5.5747764e+05   2.7232790e+05   4.4995542e+04   6.1637700e+04   1.0367202e+06   8.3846402e+04   3.6576260e+05   2.5396694e+05   3.7749907e+05   1.2892142e+05   5.5379666e+05   8.2858812e+05   5.2163788e+05   3.1173356e+05   3.3755902e+05   1.3250896e+05   3.1455274e+05   4.7582944e+04   5.2513751e+05   3.2762199e+05   3.1804534e+05   1.5660753e+05   2.9578904e+05   1.9517069e+04   5.0536348e+05   2.8379212e+05   9.0703350e+05   3.1237971e+05
   1.4146227e+05   4.5198184e+05   4.1775636e+05   2.7182580e+05   4.4811578e+04   6.1189821e+04   4.8159575e+05   8.3562413e+04   9.7748915e+04   6.7396698e+04   9.6229033e+04   1.2869999e+05   9.3427492e+04   1.4883314e+05   7.5802149e+04   1.5978950e+05   1.6835282e+05   1.1677700e+05   2.0694023e+04   4.7536703e+04   2.7525260e+05   4.0504562e+04   2.1631306e+05   4.6558768e+04   2.8857363e+05   6.4364006e+03   1.8274332e+04   2.8296061e+05   8.1280440e+04   3.1237971e+05
   1.8341174e+04   3.1939258e+04   2.2730624e+04   5.7522013e+03   1.6710182e+04   2.5890964e+04   4.2965665e+03   7.8011562e+04   3.8052251e+04   6.4981872e+04   7.4217399e+04   3.7257572e+03   9.2548179e+04   3.0534075e+04   2.1883660e+04   4.1831453e+04   1.9717344e+04   2.6823871e+03   1.6776625e+04   4.0419945e+04   5.9904783e+04   1.3775104e+03   6.9595411e+04   2.5888795e+04   8.3979614e+04   2.3706245e+03   1.7816805e+04   2.1651041e+04   9.1948145e+02   5.5088198e+04
   2.9843666e+03   3.6667061e+03   6.4892921e+03   4.5910326e+03   3.4263645e+03   5.0636437e+03   1.6601335e+03   3.3566535e+03   7.5666975e+03   7.7588048e+03   1.1094732e+04   3.7116441e+03   9.9990208e+03   1.7683163e+03   1.4699572e+04   1.0517692e+04   5.1223841e+03   2.3968066e+03   2.6172297e+03   5.0899064e+03   1.8070328e+04   1.0276938e+03   5.1664601e+03   9.9014074e+03   2.9908780e+03   1.8074255e+03   4.8755334e+03   1.1700734e+04   9.1948145e+02   2.5840451e+03
   1.0402080e+03   2.4699126e+02   7.7220990e+02   1.1600804e+03   7.5746939e+02   6.2858575e+02   9.0264174e+02   1.0115008e+03   7.8655141e+02   9.5848585e+02   1.0961265e+03   6.4629212e+02   4.6627733e+02   1.0917015e+03   9.4387425e+02   8.1218589e+02   9.8261928e+02   5.1228049e+02   6.4208836e+02   7.2076710e+02   6.2283750e+02   6.7607279e+02   7.3326500e+02   6.9895086e+02   5.3785179e+02   6.8433654e+02   5.2581651e+02   6.2167546e+02   2.7040167e+02   4.3828996e+02
   4.5505532e+01   8.8446478e+01   6.4864935e+01   4.3554806e+01   1.1635407e+02   7.1898034e+01   4.2185925e+01   5.7135037e+01   5.7007304e+01   3.2499628e+01   5.2317783e+01   5.8041602e+01   6.7577635e+01   4.6715544e+01   6.1170465e+01   1.2332170e+02   7.6462682e+01   6.4644139e+01   1.0138513e+02   9.5002924e+01   4.1953068e+01   4.9619908e+01   6.1189089e+01   5.1914575e+01   4.8120910e+01   6.3962700e+01   6.2438844e+01   1.0722142e+02   7.7700806e+01   8.6952968e+01
   1.8055067e+00   1.9385569e+00   2.3444990e+00   3.8876651e+00   3.4556902e+00   3.4543784e+00   2.1436814e+00   2.3967364e+00   2.7419199e+00   3.8376897e+00   2.5973610e+00   2.1538847e+00   4.7412577e+00   1.9691638e+00   2.2980327e+00   3.2832689e+00   2.4886004e+00   2.8036995e+00   1.6787358e+00   2.0547477e+00   1.3632950e+00   2.9754142e+00   1.7560329e+00   1.3022295e+00   2.5332540e+00   2.6006768e+00   2.3182384e+00   2.5296778e+00   2.4281591e+00   2.1446692e+00
   0.0000000e+00   0.0000000e+00   0.0000000e+00   0.0000000e+00   0.0000000e+00   0.0000000e+00   0.0000000e+00   0.0000000e+00   0.0000000e+00   0.0000000e+00   0.0000000e+00   0.0000000e+00   0.0000000e+00   0.0000000e+00   0.0000000e+00   0.0000000e+00   0.0000000e+00   0.0000000e+00   0.0000000e+00   0.0000000e+00   0.0000000e+00   0.0000000e+00   0.0000000e+00   0.0000000e+00   0.0000000e+00   0.0000000e+00   0.0000000e+00   0.0000000e+00   0.0000000e+00   0.0000000e+00
