   3.7813092e+03   6.0712466e+03   1.3036759e+04   6.3799383e+03   1.3472185e+04   5.2583643e+03   5.4075641e+03   2.4033239e+04   1.0724363e+04   1.5411800e+04   5.4925038e+02   1.3829505e+04   1.6989628e+04   1.2640644e+04   1.0953919e+04   8.0994287e+03   1.0747466e+04   6.4246356e+03   1.7392795e+03   1.4750919e+04   1.7516308e+03   1.5825117e+04   2.1428788e+04   6.0186878e+03   7.8561574e+03   4.3289557e+03   1.9249175e+03   1.8988872e+04   1.5623822e+04   3.7902325e+03
   3.7813092e+03   6.0712466e+03   1.3036759e+04   6.3799383e+03   1.3472185e+04   5.2583643e+03   5.4075641e+03   2.4033239e+04   1.0724363e+04   1.5411800e+04   5.4925038e+02   1.3829505e+04   1.6989628e+04   1.2640644e+04   1.0953919e+04   8.0994287e+03   1.0747466e+04   6.4246356e+03   1.7392795e+03   1.4750919e+04   1.7516308e+03   1.5825117e+04   2.1428788e+04   6.0186878e+03   7.8561574e+03   4.3289557e+03   1.9249175e+03   1.8988872e+04   1.5623822e+04   3.7902325e+03
   3.7813092e+03   6.0712466e+03   1.3036759e+04   6.3799383e+03   1.3472185e+04   5.2583643e+03   5.4075641e+03   2.4033239e+04   1.0724363e+04   1.5411800e+04   5.4925038e+02   1.3829505e+04   1.6989628e+04   1.2640644e+04   1.0953919e+04   8.0994287e+03   1.0747466e+04   6.4246356e+03   1.7392795e+03   1.4750919e+04   1.7516308e+03   1.5825117e+04   2.1428788e+04   6.0186878e+03   7.8561574e+03   4.3289557e+03   1.9249175e+03   1.8988872e+04   1.5623822e+04   3.7902325e+03
   3.7773693e+03   6.0712466e+03   1.3036759e+04   6.3799383e+03   7.5340174e+03   5.2583643e+03   5.1910524e+03   2.2384963e+04   3.5846475e+03   1.4856556e+04   4.6364464e+02   1.3829505e+04   8.2607557e+03   6.9407288e+02   1.0953919e+04   6.6192779e+03   8.3914153e+03   3.7941314e+03   1.7392795e+03   7.0506622e+03   9.2432203e+02   1.7100740e+03   2.7173069e+03   1.7720357e+03   7.8561574e+03   4.2581553e+03   1.9249175e+03   6.6809785e+03   1.5623822e+04   3.7490645e+03
   4.5222668e+02   3.8047585e+03   7.7767453e+03   6.0330109e+03   2.8827771e+02   4.6825456e+03   1.9489294e+03   2.2384963e+04   3.5846475e+03   5.5835673e+03   4.6364464e+02   1.4433779e+03   5.6841501e+03   5.8998122e+02   1.0489256e+04   5.1684174e+03   8.3914153e+03   3.7941314e+03   1.7392795e+03   9.2513672e+02   8.4879135e+02   1.7009779e+03   2.6820059e+03   1.7720357e+03   7.8561574e+03   4.5361825e+02   1.9249175e+03   6.4209634e+03   1.0593099e+04   2.9773346e+03
   4.5222668e+02   1.4381484e+03   2.6180959e+03   6.0330109e+03   2.8827771e+02   4.6525098e+03   1.9123364e+03   3.4013254e+03   2.5421462e+03   2.3484292e+03   4.6364464e+02   1.4433779e+03   3.4739007e+03   5.8988308e+02   5.2549263e+03   3.3201016e+03   8.3717973e+03   1.3243115e+03   1.5771153e+03   8.6959881e+02   7.9812851e+02   1.7009779e+03   2.3612507e+03   7.7547732e+02   4.2521519e+03   4.5361825e+02   1.8697171e+03   4.8001379e+03   3.2617291e+03   2.9773346e+03
   4.3712080e+02   1.1514486e+03   8.2856098e+02   6.9207667e+02   2.8823817e+02   1.5768324e+03   1.2136114e+03   2.7399152e+03   2.0966445e+03   1.4380009e+03   4.6364464e+02   1.4433779e+03   5.6029113e+02   3.4199829e+02   1.2635170e+03   2.5638053e+02   1.4041349e+03   4.4546744e+02   1.5771153e+03   8.1341783e+01   1.5888100e+02   1.7009779e+03   1.5829246e+03   6.4564616e+02   2.1192364e+03   3.7128238e+02   4.7977687e+02   4.4268623e+02   3.1298010e+03   2.4149328e+03
   4.3711900e+02   3.6480465e+02   6.0766911e+01   9.9375909e+01   2.2475064e+02   4.8427987e+02   8.9626806e+01   3.3101378e+02   2.5962942e+02   7.4868523e+02   4.6364464e+02   8.1514002e+02   5.4213637e+02   1.8173220e+01   2.2691922e+02   1.2270886e+02   1.5528577e+02   1.9978177e+02   2.3684499e+02   7.9912342e+01   1.5404426e+02   2.9015855e+02   1.2998499e+02   2.0113375e+02   2.0085932e+02   2.4326612e+02   2.8270984e+01   3.4160794e+02   7.0784814e+02   6.5041232e+01
   6.4863994e+01   2.1430992e+01   9.7402558e+00   4.5567362e+01   1.9457241e+01   3.1143002e+01   1.2514078e+01   7.0801061e+01   8.9147388e+01   1.8391220e+01   8.4131837e+01   3.4813630e+01   8.9093559e+01   1.6923748e+01   4.4449390e+01   2.4607101e+01   4.0981894e+01   1.2628042e+02   4.0346709e+01   2.6965245e+01   6.7131382e+01   7.3791929e+01   3.2444628e+01   2.5611551e+01   1.4277255e+02   9.0701172e+01   2.7439646e+01   1.0705451e+02   6.9733263e+01   1.1704286e+01
   1.4029078e+01   1.1472313e+01   8.9342157e+00   9.6363698e+00   1.1723742e+01   1.3847586e+01   1.0722112e+01   1.1900326e+01   1.3693425e+01   7.1138611e+00   2.2227787e+01   1.5590962e+01   1.4014627e+01   1.0113075e+01   2.0216869e+01   7.8299031e+00   1.2073480e+01   9.3023333e+00   1.4478053e+01   8.1687745e+00   1.5504054e+01   1.3757320e+01   1.0726677e+01   1.4793474e+01   1.5784798e+01   1.0550635e+01   1.0598981e+01   1.0161137e+01   1.1479796e+01   9.7760474e+00
   4.8260601e+00   3.5662136e+00   4.1366148e+00   4.0640350e+00   6.0512634e+00   6.5733147e+00   5.2892968e+00   5.0437411e+00   4.5894707e+00   6.6183749e+00   5.0406856e+00   5.4180304e+00   4.8808013e+00   3.3144264e+00   7.1909352e+00   5.5520457e+00   4.6875272e+00   5.0995392e+00   4.8096351e+00   4.6680761e+00   6.4168242e+00   5.4060083e+00   4.2848301e+00   5.1053848e+00   5.9328282e+00   4.8094711e+00   5.2896889e+00   5.8374441e+00   4.8154082e+00   2.9308584e+00
   1.7231431e+00   1.8904927e+00   1.2236990e+00   1.4128683e+00   1.8425459e+00   1.0073008e+00   1.4728632e+00   1.4933430e+00   1.5610959e+00   2.2004283e+00   1.9642755e+00   1.6219956e+00   1.5533022e+00   1.4018421e+00   1.0661927e+00   1.3066175e+00   2.1482602e+00   4.5420527e-01   1.3332626e+00   1.5932095e+00   1.7221307e+00   5.7380111e-01   1.8280817e+00   2.0649746e+00   2.1153691e+00   9.0996903e-01   1.4765990e+00   1.5728178e+00   1.3021633e+00   1.4086216e+00
   4.3305800e-01   5.7445994e-02   2.5970194e-01   2.3902976e-01   2.1060622e-01   2.4910733e-01   1.2993313e-01   2.0385694e-01   4.2016466e-01   2.0386788e-01   3.4105966e-01   2.7621613e-01   5.8220164e-01   1.9484717e-01   2.6935282e-01   1.7848419e-01   1.6708826e-01   2.3040145e-02   1.5783518e-01   7.3104900e-02   1.1181692e-03   8.5940520e-03   2.6933412e-01   1.0689824e-01   1.0060968e-01   1.6351485e-02   3.1029260e-01   3.4086829e-01   5.6864645e-01   4.6099907e-01
   1.5094658e-02   2.3588130e-04   2.5336329e-04   2.5812349e-06   9.5726040e-05   2.5881763e-03   7.8711615e-03   1.4892388e-02   3.7020186e-04   1.0632106e-02   7.9257614e-03   4.2532817e-03   6.4993317e-02   2.8764368e-02   3.2120490e-02   1.7990639e-02   3.5581220e-05   5.6317095e-03   1.9675809e-03   1.9105223e-02   9.6990394e-04   8.3532548e-03   7.1255038e-03   1.3463533e-03   1.5745589e-03   1.0274996e-02   4.1546059e-03   3.6408547e-02   3.7437102e-02   3.0611132e-02
   3.3770253e-04   1.9527472e-06   4.7901414e-05   2.1820156e-06   9.5595169e-08   3.1228010e-04   1.2937673e-04   1.4459945e-06   1.3870065e-04   2.3824462e-05   2.7295220e-05   3.7770670e-04   9.3783733e-05   1.3371881e-04   6.6844757e-04   3.7864243e-07   1.1540226e-06   2.0081771e-05   1.7408663e-06   0.0000000e+00   0.0000000e+00   3.3078277e-07   7.5575244e-06   1.6148070e-05   5.2736605e-06   9.7250756e-05   9.3490754e-05   1.2370050e-04   8.4531171e-05   4.5243723e-04
   0.0000000e+00   0.0000000e+00   0.0000000e+00   0.0000000e+00   0.0000000e+00   0.0000000e+00   0.0000000e+00   0.0000000e+00   0.0000000e+00   0.0000000e+00   0.0000000e+00   0.0000000e+00   0.0000000e+00   0.0000000e+00   0.0000000e+00   0.0000000e+00   0.0000000e+00   0.0000000e+00   0.0000000e+00   0.0000000e+00   0.0000000e+00   0.0000000e+00   0.0000000e+00   0.0000000e+00   0.0000000e+00   0.0000000e+00   0.0000000e+00   0.0000000e+00   0.0000000e+00   0.0000000e+00
