   3.5440691e+02   3.2917136e+02   3.4908629e+02   3.5595721e+02   1.8586295e+02   1.8373112e+02   3.5547479e+02   3.1100354e+02   2.5733089e+02   3.2448880e+02   3.0568536e+02   3.4740090e+02   2.8732728e+02   3.1970236e+02   3.5609960e+02   3.3188135e+02   3.4055272e+02   2.1550754e+02   2.6286620e+02   3.2219981e+02   2.7646683e+02   2.9849190e+02   3.2528958e+02   3.2068123e+02   2.5832674e+02   3.5665861e+02   3.1609261e+02   2.9250116e+02   3.9096191e+02   3.7979217e+02
   3.5440691e+02   3.2917136e+02   3.4908629e+02   3.5595721e+02   1.8586295e+02   1.8373112e+02   3.5547479e+02   3.1100354e+02   2.5733089e+02   3.2448880e+02   3.0568536e+02   3.4740090e+02   2.8732728e+02   3.1970236e+02   3.5609960e+02   3.3188135e+02   3.4055272e+02   2.1550754e+02   2.6286620e+02   3.2219981e+02   2.7646683e+02   2.9849190e+02   3.2528958e+02   3.2068123e+02   2.5832674e+02   3.5665861e+02   3.1609261e+02   2.9250116e+02   3.9096191e+02   3.7979217e+02
   3.5440691e+02   3.2917136e+02   3.4908629e+02   3.5595721e+02   1.8586295e+02   1.8373112e+02   3.5547479e+02   3.1100354e+02   2.5733089e+02   3.2448880e+02   3.0568536e+02   3.4740090e+02   2.8732728e+02   3.1970236e+02   3.5609960e+02   3.3188135e+02   3.4055272e+02   2.1550754e+02   2.6286620e+02   3.2219981e+02   2.7646683e+02   2.9849190e+02   3.2528958e+02   3.2068123e+02   2.5832674e+02   3.5665861e+02   3.1609261e+02   2.9250116e+02   3.9096191e+02   3.7979217e+02
   3.5440691e+02   3.1951047e+02   2.9915482e+02   3.3884753e+02   1.2068939e+02   1.8170846e+02   3.1998349e+02   2.8100721e+02   2.5733089e+02   2.9509713e+02   2.3603270e+02   2.9850050e+02   2.8732728e+02   3.1970236e+02   3.0633332e+02   2.4852073e+02   3.4055272e+02   2.1550754e+02   2.6286620e+02   2.1829395e+02   2.7646683e+02   2.9849190e+02   3.1751460e+02   3.1154186e+02   2.5081616e+02   2.5429630e+02   2.8389592e+02   2.9250116e+02   3.7889155e+02   2.5162889e+02
   3.4685126e+02   2.8790001e+02   1.8851036e+02   2.8422684e+02   1.1315233e+02   1.5464288e+02   2.9984798e+02   2.8100721e+02   2.4151849e+02   2.9509713e+02   1.3716605e+02   2.9850050e+02   2.8732728e+02   2.9036601e+02   3.0176218e+02   2.4428835e+02   2.6649543e+02   1.7804225e+02   2.4453053e+02   2.1699460e+02   2.7646683e+02   2.9849190e+02   2.9084822e+02   2.7358236e+02   2.5081616e+02   2.5429630e+02   2.8389592e+02   2.9250116e+02   3.3272567e+02   2.2601431e+02
   3.1532322e+02   1.8089011e+02   1.8571715e+02   2.6618654e+02   1.0722596e+02   1.4952417e+02   2.6684035e+02   2.0607334e+02   2.4151849e+02   2.4897346e+02   1.3716605e+02   2.5720706e+02   2.8111984e+02   2.7086158e+02   3.0176218e+02   2.4428835e+02   2.6649543e+02   1.7686989e+02   2.3537050e+02   2.1699460e+02   2.4847744e+02   2.6678600e+02   2.8811623e+02   2.7358236e+02   2.4374079e+02   2.5317670e+02   2.8389592e+02   2.9250116e+02   2.8645188e+02   1.5954220e+02
   2.4203476e+02   1.7002548e+02   1.8571715e+02   2.4631174e+02   1.0722596e+02   1.4952417e+02   2.0990139e+02   2.0229045e+02   2.4151849e+02   2.1567706e+02   1.3716605e+02   1.8477312e+02   2.3575525e+02   2.0639898e+02   2.1097701e+02   2.3846352e+02   2.3604957e+02   1.6548629e+02   2.3537050e+02   1.9190172e+02   2.3641710e+02   2.5996865e+02   2.3035326e+02   2.4332317e+02   2.4374079e+02   2.5317670e+02   1.4902645e+02   2.6196491e+02   2.6608775e+02   1.5954220e+02
   1.9678445e+02   1.4845216e+02   1.6470197e+02   1.9606517e+02   9.5838972e+01   1.4952417e+02   1.3704118e+02   1.7360203e+02   1.7140680e+02   1.8688385e+02   1.3716605e+02   1.3530410e+02   1.7340802e+02   1.7967237e+02   2.1089473e+02   1.7961024e+02   1.9119045e+02   1.4115980e+02   1.7488059e+02   1.6537272e+02   2.2982110e+02   1.6690790e+02   1.8721211e+02   1.9686361e+02   1.5209964e+02   1.9609357e+02   1.4902645e+02   1.7532299e+02   1.7802418e+02   1.5869103e+02
   1.4219535e+02   1.4807734e+02   1.2944941e+02   1.4198905e+02   9.5520181e+01   1.3698377e+02   1.3704118e+02   1.3332873e+02   1.3827496e+02   1.2181544e+02   1.3666689e+02   1.0631918e+02   9.1851085e+01   1.6505541e+02   1.5507647e+02   1.3664858e+02   1.1901624e+02   1.2735993e+02   1.2748010e+02   1.2576388e+02   9.5890353e+01   1.3944995e+02   1.5642230e+02   1.4458171e+02   1.2409067e+02   9.0696765e+01   1.1126829e+02   1.2169125e+02   1.5350436e+02   1.0949167e+02
   1.0790834e+02   1.0035223e+02   1.0002669e+02   1.1613189e+02   8.2895883e+01   7.6256232e+01   1.0959974e+02   9.0762017e+01   1.1247307e+02   8.0211183e+01   1.1274950e+02   7.4081244e+01   9.1851085e+01   9.5601248e+01   1.0519484e+02   7.8065846e+01   8.7413165e+01   1.1840643e+02   8.9913862e+01   7.7247212e+01   9.5777367e+01   9.6987486e+01   9.5829310e+01   1.1904780e+02   1.0599264e+02   9.0696765e+01   9.8071403e+01   1.2169125e+02   9.7108981e+01   9.7910156e+01
   6.5932121e+01   7.8031835e+01   7.2599530e+01   8.5784789e+01   6.3193483e+01   6.8354176e+01   7.8989671e+01   7.2365908e+01   6.8201688e+01   7.6572830e+01   6.6014531e+01   6.4915961e+01   7.8249832e+01   8.2222022e+01   5.8973790e+01   6.9020949e+01   8.1268530e+01   5.8340489e+01   7.4466265e+01   7.0844012e+01   7.5059504e+01   7.4295825e+01   7.7120005e+01   7.9926616e+01   7.3938058e+01   7.6509843e+01   7.3987054e+01   7.8662773e+01   6.4573191e+01   7.0210084e+01
   5.4676624e+01   5.6115348e+01   5.0693374e+01   5.8499233e+01   4.8707115e+01   5.6969906e+01   4.9542820e+01   4.9893600e+01   5.2082051e+01   4.8246919e+01   5.5591548e+01   5.5462244e+01   4.4281992e+01   5.8757330e+01   5.8205561e+01   5.9939225e+01   5.5105599e+01   5.5186604e+01   4.4321117e+01   4.1176718e+01   3.6816598e+01   4.4259893e+01   5.2064809e+01   5.6189199e+01   4.8575100e+01   5.3207763e+01   5.5565677e+01   5.9152128e+01   4.9194744e+01   5.4056573e+01
   3.5313464e+01   4.1136699e+01   4.3270556e+01   3.6304214e+01   3.9711733e+01   3.6901488e+01   3.7349279e+01   3.8650536e+01   3.1036833e+01   3.7680507e+01   3.4589117e+01   2.8138732e+01   4.1707347e+01   4.1131140e+01   3.3011275e+01   3.7608032e+01   4.5860169e+01   3.6565117e+01   4.0024735e+01   3.3726814e+01   3.0096761e+01   2.9221839e+01   3.8886841e+01   3.4191783e+01   4.4032786e+01   2.6320229e+01   4.2179076e+01   4.3082072e+01   3.7563278e+01   3.6356076e+01
   2.8320527e+01   2.9193753e+01   2.7755093e+01   3.4058067e+01   1.7833395e+01   2.7588972e+01   2.6388947e+01   2.9035814e+01   2.9061746e+01   2.9461945e+01   3.0969565e+01   2.7935802e+01   3.2058294e+01   3.1884510e+01   2.7891068e+01   2.9556333e+01   3.1823478e+01   3.2383330e+01   3.2063357e+01   3.0030631e+01   2.5852370e+01   2.9088387e+01   3.1048316e+01   3.2074774e+01   3.2279624e+01   2.5581622e+01   2.6670873e+01   3.1562594e+01   2.7365597e+01   2.6299740e+01
   1.9225206e+01   2.3021058e+01   2.0384068e+01   2.2674034e+01   1.7758309e+01   2.3344843e+01   2.4502654e+01   2.0604759e+01   1.9772540e+01   2.5804868e+01   2.0236166e+01   2.1237672e+01   2.3979777e+01   2.3306829e+01   2.4033819e+01   1.7287520e+01   2.2827715e+01   2.1386021e+01   2.1099042e+01   2.1785152e+01   2.1067342e+01   2.4908672e+01   2.4599181e+01   2.3940804e+01   2.5010148e+01   2.4494385e+01   2.3124336e+01   1.9409496e+01   2.3371332e+01   2.2569863e+01
   1.1583354e+01   1.2048011e+01   1.2335187e+01   1.2683691e+01   1.2723473e+01   1.2803845e+01   1.3092462e+01   1.3528097e+01   1.3561379e+01   1.3607830e+01   1.3831556e+01   1.3896892e+01   1.4030879e+01   1.4135176e+01   1.4178684e+01   1.4191249e+01   1.4226944e+01   1.4260654e+01   1.4283038e+01   1.4523993e+01   1.4641228e+01   1.4693446e+01   1.4854277e+01   1.4893553e+01   1.4917720e+01   1.5064199e+01   1.5128996e+01   1.5423470e+01   1.5560043e+01   1.6578462e+01
