   2.0691817e+03   1.9295227e+03   1.9741654e+03   2.1078086e+03   2.2877621e+03   1.8984256e+03   2.1288958e+03   2.1498797e+03   2.0921105e+03   1.9871181e+03   1.7337167e+03   2.2083440e+03   2.0537312e+03   2.0368535e+03   2.1163826e+03   1.8448876e+03   2.0228294e+03   2.0573283e+03   2.2692768e+03   1.8410506e+03   2.1341462e+03   2.0001792e+03   2.1561494e+03   2.0172003e+03   1.7036874e+03   2.0517566e+03   2.1896855e+03   2.1259543e+03   2.0985759e+03   2.2262449e+03
   2.0691817e+03   1.9295227e+03   1.9741654e+03   2.1078086e+03   2.2877621e+03   1.8984256e+03   2.1288958e+03   2.1498797e+03   2.0921105e+03   1.9871181e+03   1.7337167e+03   2.2083440e+03   2.0537312e+03   2.0368535e+03   2.1163826e+03   1.8448876e+03   2.0228294e+03   2.0573283e+03   2.2692768e+03   1.8410506e+03   2.1341462e+03   2.0001792e+03   2.1561494e+03   2.0172003e+03   1.7036874e+03   2.0517566e+03   2.1896855e+03   2.1259543e+03   2.0985759e+03   2.2262449e+03
   2.0691817e+03   1.9295227e+03   1.9741654e+03   2.1078086e+03   2.2877621e+03   1.8984256e+03   2.1288958e+03   2.1498797e+03   2.0921105e+03   1.9871181e+03   1.7337167e+03   2.2083440e+03   2.0537312e+03   2.0368535e+03   2.1163826e+03   1.8448876e+03   2.0228294e+03   2.0573283e+03   2.2692768e+03   1.8410506e+03   2.1341462e+03   2.0001792e+03   2.1561494e+03   2.0172003e+03   1.7036874e+03   2.0517566e+03   2.1896855e+03   2.1259543e+03   2.0985759e+03   2.2262449e+03
   2.0691817e+03   1.9295227e+03   1.9124707e+03   1.8320693e+03   2.1253902e+03   1.8984256e+03   1.9812241e+03   1.6220213e+03   1.8800008e+03   1.9871181e+03   1.7337167e+03   2.0272011e+03   2.0537312e+03   2.0368535e+03   2.0603105e+03   1.5158268e+03   1.9136412e+03   1.9168901e+03   2.1132443e+03   1.8308337e+03   1.8336916e+03   1.8487546e+03   1.8627536e+03   1.9113618e+03   1.7036874e+03   2.0517566e+03   1.7805985e+03   1.9846262e+03   1.9677654e+03   1.8873168e+03
   1.8630070e+03   1.9295227e+03   1.8639447e+03   1.8320693e+03   2.1253902e+03   1.8984256e+03   1.9812241e+03   1.6220213e+03   1.8800008e+03   1.9813453e+03   1.6957438e+03   2.0272011e+03   1.9678489e+03   1.9877480e+03   2.0603105e+03   1.5158268e+03   1.7683928e+03   1.6413812e+03   1.6216578e+03   1.7718564e+03   1.7335818e+03   1.8487546e+03   1.6772276e+03   1.9113618e+03   1.7036874e+03   1.8681497e+03   1.7805985e+03   1.9782279e+03   1.7151886e+03   1.3681834e+03
   1.6020350e+03   1.8878255e+03   9.4370290e+02   1.8320693e+03   1.9988241e+03   1.6732423e+03   1.9812241e+03   1.6220213e+03   1.7240642e+03   1.7350487e+03   1.6957438e+03   1.9926700e+03   1.9587450e+03   1.5251745e+03   1.8296518e+03   1.5158268e+03   1.7683928e+03   1.6413812e+03   1.6216578e+03   1.7634264e+03   1.7335818e+03   1.7934265e+03   1.6772276e+03   1.9113618e+03   1.7036874e+03   1.8681497e+03   1.5280661e+03   1.8144532e+03   1.7151886e+03   1.3681834e+03
   1.4831447e+03   1.6370328e+03   9.4370290e+02   1.7875078e+03   1.8276096e+03   1.5740469e+03   1.7254683e+03   1.5627957e+03   1.2819761e+03   1.5477644e+03   1.4780600e+03   1.5165655e+03   1.7924444e+03   1.1529422e+03   1.5127129e+03   1.5158268e+03   1.3320340e+03   1.6413812e+03   1.5168891e+03   1.7360576e+03   1.3715833e+03   1.6232343e+03   1.6520975e+03   1.7820560e+03   1.7036874e+03   1.4564646e+03   1.4805455e+03   1.6963724e+03   1.4721685e+03   1.3578797e+03
   1.2656401e+03   1.4962686e+03   9.4370290e+02   1.5196897e+03   1.6808522e+03   1.2459443e+03   1.5635957e+03   1.4655951e+03   1.2819761e+03   1.5477644e+03   1.1439208e+03   1.0471654e+03   1.5642393e+03   1.1529422e+03   1.4299051e+03   5.9941171e+02   9.1323979e+02   1.6121149e+03   1.1841722e+03   1.4223674e+03   1.3715833e+03   1.4575980e+03   1.5656848e+03   1.4788729e+03   1.6036938e+03   1.2721138e+03   1.4805455e+03   1.4611923e+03   1.4721142e+03   1.3497001e+03
   1.2436785e+03   1.2782832e+03   8.9853690e+02   1.1241458e+03   8.0814116e+02   9.9280044e+02   1.1949143e+03   1.2520085e+03   1.2437236e+03   1.0804039e+03   9.3036955e+02   1.0471654e+03   1.0151559e+03   9.2009502e+02   1.0763691e+03   5.6166564e+02   7.2798725e+02   1.1711484e+03   1.0353145e+03   1.3356167e+03   1.3715833e+03   1.1655821e+03   1.2149375e+03   1.1546520e+03   1.3512143e+03   1.0515336e+03   1.1480047e+03   1.0023090e+03   1.0803196e+03   1.0277141e+03
   1.0277941e+03   8.2328715e+02   7.6629168e+02   8.4511317e+02   7.7017187e+02   7.6411059e+02   1.1157257e+03   8.2197176e+02   7.7065973e+02   8.9931564e+02   6.7950168e+02   8.0384613e+02   8.1075675e+02   8.5397451e+02   8.5764470e+02   5.1433540e+02   7.1879523e+02   5.6490966e+02   6.3786669e+02   7.1804301e+02   9.6427753e+02   6.2827760e+02   9.8918744e+02   1.0254114e+03   8.9814482e+02   6.7184394e+02   7.4577266e+02   7.7262663e+02   9.4782651e+02   1.0276479e+03
   6.6597251e+02   5.0809322e+02   3.3796212e+02   7.9586280e+02   6.8517040e+02   5.7974660e+02   6.6935084e+02   4.8916377e+02   5.2823094e+02   4.4794846e+02   4.9058123e+02   5.0710760e+02   5.3030845e+02   5.7941031e+02   6.4151360e+02   4.9745705e+02   2.4631781e+02   5.6490966e+02   5.6107764e+02   5.4639275e+02   4.8012976e+02   5.6315897e+02   7.0896447e+02   6.0520217e+02   7.0983166e+02   6.3848102e+02   5.1661029e+02   6.5320522e+02   5.4736752e+02   6.2044210e+02
   4.7295282e+02   3.2480788e+02   2.5089101e+02   4.1579220e+02   4.4133484e+02   3.0006970e+02   3.2162156e+02   4.4798691e+02   3.9691878e+02   4.3601200e+02   2.5842887e+02   3.3226797e+02   3.3468049e+02   4.0456624e+02   3.3152211e+02   1.8754449e+02   2.1801815e+02   5.4150648e+02   2.2675348e+02   2.7923246e+02   2.6672166e+02   3.3961967e+02   4.5048386e+02   2.5417919e+02   4.2442159e+02   3.3049988e+02   3.0714820e+02   4.1591408e+02   4.1750069e+02   4.4467203e+02
   2.2824751e+02   2.0794969e+02   1.1283221e+02   2.5964478e+02   2.5388727e+02   1.8986908e+02   1.3422199e+02   1.9321840e+02   1.7511947e+02   1.7163419e+02   1.9989696e+02   2.0158334e+02   2.4327306e+02   2.4434527e+02   2.0043286e+02   1.2209303e+02   1.1507781e+02   2.5863671e+02   1.6190523e+02   2.4974948e+02   2.1388257e+02   2.3444609e+02   2.0326940e+02   2.1191129e+02   1.8142294e+02   1.2202276e+02   1.6760940e+02   1.9609666e+02   2.8212306e+02   1.7780363e+02
   1.0833624e+02   5.3429013e+01   4.2239718e+01   1.2650105e+02   1.6260267e+02   9.8705124e+01   1.2483695e+02   8.6709345e+01   5.8242573e+01   1.1801249e+02   6.4080443e+01   8.1249062e+01   1.5111382e+02   9.3027147e+01   7.9300471e+01   1.0501075e+02   9.7676850e+01   5.2004931e+01   1.1728891e+02   5.3689220e+01   7.7981161e+01   1.0144755e+02   1.0915370e+02   6.2531806e+01   1.4527597e+02   6.1288554e+01   5.4814289e+01   9.3605403e+01   1.5460592e+02   9.6347372e+01
   1.9890270e+01   3.5598751e+01   1.7412266e+01   6.1558814e+01   4.5580192e+01   6.9506421e+01   6.3455903e+01   3.4098261e+01   4.1206115e+01   5.5867207e+01   3.2987222e+01   3.0922423e+01   5.9249529e+01   5.6028965e+01   1.5276980e+01   4.1580669e+01   4.1132261e+01   2.4052242e+01   7.9793227e+01   1.0353864e+01   3.0434323e+01   1.7419112e+01   6.6212165e+01   4.8894116e+01   6.5012381e+01   2.7921861e+01   2.5829117e+01   6.6956602e+01   7.1406918e+01   4.7746242e+01
   0.0000000e+00   0.0000000e+00   0.0000000e+00   0.0000000e+00   0.0000000e+00   0.0000000e+00   0.0000000e+00   0.0000000e+00   0.0000000e+00   0.0000000e+00   0.0000000e+00   0.0000000e+00   0.0000000e+00   0.0000000e+00   0.0000000e+00   0.0000000e+00   0.0000000e+00   0.0000000e+00   0.0000000e+00   0.0000000e+00   0.0000000e+00   0.0000000e+00   0.0000000e+00   0.0000000e+00   0.0000000e+00   0.0000000e+00   0.0000000e+00   6.2189461e-08   4.6244544e-07   1.3484812e-06
