   5.4960601e+04   1.1136206e+05   1.6355138e+05   2.6349430e+04   1.1963827e+05   1.6632995e+05   7.7356535e+04   1.6069956e+05   1.1744930e+05   9.2788447e+04   8.9266890e+04   1.0794663e+05   1.2260371e+05   5.3773924e+04   7.3492498e+04   1.1397131e+05   1.1222628e+05   3.2612465e+04   1.0582410e+05   3.6640461e+04   3.2414545e+04   1.6032834e+04   1.5028842e+05   1.0591408e+05   1.1176303e+05   8.3017578e+04   1.2528247e+05   8.9540401e+04   6.0502521e+04   3.6701425e+04
   5.4960601e+04   1.1136206e+05   1.6355138e+05   2.6349430e+04   1.1963827e+05   1.6632995e+05   7.7356535e+04   1.6069956e+05   1.1744930e+05   9.2788447e+04   8.9266890e+04   1.0794663e+05   1.2260371e+05   5.3773924e+04   7.3492498e+04   1.1397131e+05   1.1222628e+05   3.2612465e+04   1.0582410e+05   3.6640461e+04   3.2414545e+04   1.6032834e+04   1.5028842e+05   1.0591408e+05   1.1176303e+05   8.3017578e+04   1.2528247e+05   8.9540401e+04   6.0502521e+04   3.6701425e+04
   5.4960601e+04   1.1136206e+05   1.6355138e+05   2.6349430e+04   1.1963827e+05   1.6632995e+05   7.7356535e+04   1.6069956e+05   1.1744930e+05   9.2788447e+04   8.9266890e+04   1.0794663e+05   1.2260371e+05   5.3773924e+04   7.3492498e+04   1.1397131e+05   1.1222628e+05   3.2612465e+04   1.0582410e+05   3.6640461e+04   3.2414545e+04   1.6032834e+04   1.5028842e+05   1.0591408e+05   1.1176303e+05   8.3017578e+04   1.2528247e+05   8.9540401e+04   6.0502521e+04   3.6701425e+04
   5.4960601e+04   1.1136206e+05   1.6355138e+05   2.6349430e+04   1.1963827e+05   1.6632995e+05   7.7356535e+04   1.6069956e+05   1.1744930e+05   9.2788447e+04   8.9266890e+04   1.0794663e+05   1.2260371e+05   5.3773924e+04   7.3492498e+04   1.1397131e+05   1.1222628e+05   3.2612465e+04   1.0582410e+05   3.6640461e+04   3.2414545e+04   1.6032834e+04   1.5028842e+05   1.0591408e+05   1.1176303e+05   8.3017578e+04   1.2528247e+05   8.9540401e+04   6.0502521e+04   3.6701425e+04
   5.4960601e+04   1.1136206e+05   1.6355138e+05   2.6349430e+04   1.1963827e+05   1.6632995e+05   7.7356535e+04   1.6069956e+05   1.1744930e+05   9.2788447e+04   8.9266890e+04   1.0794663e+05   1.2260371e+05   5.3773924e+04   7.3492498e+04   1.1397131e+05   1.1222628e+05   3.2612465e+04   1.0582410e+05   3.6640461e+04   3.2414545e+04   1.6032834e+04   1.5028842e+05   1.0591408e+05   1.1176303e+05   8.3017578e+04   1.2528247e+05   8.9540401e+04   6.0502521e+04   3.6701425e+04
   5.2030327e+04   1.1136206e+05   1.6355138e+05   2.6349430e+04   1.0783712e+05   1.6632995e+05   7.3506618e+04   1.6069956e+05   1.1480439e+05   9.2096394e+04   8.9266890e+04   1.0376845e+05   8.1582627e+04   5.3773924e+04   6.7888641e+04   1.1360575e+05   1.0110646e+05   3.2258978e+04   1.0582410e+05   3.6640461e+04   3.2405037e+04   1.5788816e+04   1.5028842e+05   1.0575748e+05   1.1175339e+05   8.3017578e+04   1.0100244e+05   8.9540401e+04   6.0502521e+04   2.6006947e+04
   5.2030327e+04   1.1136206e+05   1.6355138e+05   2.6349430e+04   1.0783712e+05   1.6632995e+05   7.3506618e+04   1.6069956e+05   1.1480439e+05   9.2096394e+04   8.9266890e+04   1.0376845e+05   8.1582627e+04   5.3773924e+04   6.7888641e+04   1.1360575e+05   1.0110646e+05   3.2258978e+04   1.0582410e+05   3.6640461e+04   3.2405037e+04   1.5788816e+04   1.5028842e+05   1.0575748e+05   1.1175339e+05   8.3017578e+04   1.0100244e+05   8.9540401e+04   6.0502521e+04   2.6006947e+04
   3.4839290e+04   8.7909569e+04   2.6491203e+04   2.4647313e+04   9.9766934e+04   9.0037922e+04   5.4185778e+04   6.5064128e+04   5.1346841e+04   7.3692203e+04   6.1333213e+04   7.5783381e+04   8.1581778e+04   5.0264902e+04   3.2703061e+04   5.4411363e+04   9.6980861e+04   3.2196924e+04   7.2640122e+04   3.1365182e+04   1.0557710e+04   7.9927024e+03   9.3093569e+04   8.0701276e+04   1.0926666e+05   4.6465735e+04   1.0021227e+05   6.2204677e+04   3.6573158e+04   9.6930310e+03
   3.4194672e+04   5.6263434e+04   2.4711766e+04   2.1158555e+04   2.3493940e+04   3.2037846e+04   5.3255264e+04   6.3377808e+04   5.0462283e+04   4.1280669e+04   2.7421621e+04   6.7332682e+04   5.7286664e+04   6.9954216e+03   3.1983055e+04   3.7870451e+04   7.8720545e+04   1.5454467e+04   4.9362881e+04   2.9599311e+04   1.0540904e+04   7.8082812e+03   8.5544559e+04   7.0596371e+04   7.2362273e+04   4.5551762e+04   6.6158494e+04   3.5996233e+04   3.5936710e+04   9.6533098e+03
   1.6984578e+04   1.3635621e+04   1.8667542e+04   1.0112209e+04   1.6697074e+04   8.7831645e+03   3.8280289e+04   6.3072694e+02   1.8193837e+04   8.7149017e+03   8.1635758e+03   2.0646055e+04   1.1831113e+04   2.7240678e+03   5.5589520e+03   3.4653386e+04   1.5902325e+04   1.1178303e+04   7.2750513e+03   8.2435600e+03   9.5128494e+03   3.7042379e+03   4.1047755e+03   8.5493953e+03   4.2890405e+04   1.7353843e+04   3.1449437e+04   1.9374661e+04   7.8334488e+03   9.2843467e+03
   2.2721626e+03   1.7965726e+03   6.9945523e+02   2.0397729e+03   2.7125960e+03   2.4941499e+03   4.5993766e+03   5.8118691e+02   5.8164901e+03   7.0612502e+02   3.4427385e+03   2.2273211e+03   7.5554701e+03   9.9814020e+02   7.6268337e+02   2.8326276e+03   6.6734117e+02   2.5015497e+03   2.4092262e+03   2.9592526e+02   1.9775861e+03   1.0425274e+03   3.1380730e+03   1.9114736e+03   2.6117091e+03   1.8242815e+03   4.5853405e+03   1.9905245e+03   3.5570648e+02   1.5978826e+03
   1.1326238e+02   8.2417477e+01   2.1697719e+02   4.0894767e+01   1.5369620e+02   9.0849589e+01   2.3093700e+02   7.1622314e+01   2.7362078e+02   1.8413293e+02   6.3530425e+01   7.8442830e+01   2.0752203e+02   1.0775369e+02   1.3462839e+02   1.1841613e+02   8.8398330e+01   1.9595851e+02   7.3310037e+01   8.5799139e+01   4.8074351e+01   3.9530702e+01   5.1979857e+01   9.0639820e+01   1.0502835e+02   2.4930205e+02   1.3120454e+02   1.1864437e+02   3.0099577e+01   2.1671723e+02
   1.2145241e+01   1.4720764e+01   1.4073377e+01   1.3149600e+01   1.5029528e+01   1.3229547e+01   1.7140728e+01   1.8718955e+01   1.5506372e+01   9.7137162e+00   1.5502438e+01   1.4110035e+01   1.6945319e+01   1.1673230e+01   1.4627845e+01   1.6492736e+01   1.5572291e+01   1.8569077e+01   1.6093390e+01   1.6281019e+01   1.3763555e+01   1.2456886e+01   1.6649655e+01   1.2822987e+01   1.5164198e+01   1.7562897e+01   1.7637404e+01   9.6057404e+00   1.1628020e+01   1.4053145e+01
   2.6547714e+00   2.8889414e+00   3.5145448e+00   3.3352455e+00   3.8493025e+00   3.5296157e+00   3.1871796e+00   2.8647554e+00   3.2480912e+00   2.7765520e+00   2.1563935e+00   2.3358512e+00   3.1859117e+00   3.9016930e+00   2.9954632e+00   3.0164059e+00   3.3742045e+00   3.1389268e+00   3.0385819e+00   3.5699674e+00   2.6080474e+00   2.9239807e+00   2.9941583e+00   3.1079899e+00   3.2983582e+00   2.9579681e+00   3.7608660e+00   2.5976847e+00   2.6963074e+00   3.0335465e+00
   8.8336530e-02   6.3877723e-02   2.8971582e-01   4.8648723e-02   1.5264937e-01   2.3449813e-01   1.6977974e-01   9.4108950e-05   1.3169688e-01   9.9855137e-02   2.4219726e-01   3.0390654e-01   1.6739994e-01   1.4969613e-01   2.6566475e-01   2.6905597e-01   2.4822954e-01   1.6825976e-01   1.3170292e-01   1.1335557e-01   6.3059362e-02   2.4544649e-01   2.0864738e-01   2.1871311e-01   2.8344152e-01   2.1226384e-02   2.7787172e-01   1.7233829e-01   8.2128791e-02   1.7614674e-01
   0.0000000e+00   0.0000000e+00   0.0000000e+00   0.0000000e+00   0.0000000e+00   0.0000000e+00   0.0000000e+00   0.0000000e+00   0.0000000e+00   0.0000000e+00   0.0000000e+00   0.0000000e+00   0.0000000e+00   0.0000000e+00   0.0000000e+00   0.0000000e+00   0.0000000e+00   0.0000000e+00   0.0000000e+00   0.0000000e+00   0.0000000e+00   0.0000000e+00   0.0000000e+00   0.0000000e+00   0.0000000e+00   0.0000000e+00   0.0000000e+00   0.0000000e+00   0.0000000e+00   0.0000000e+00
