   8.8590594e+05   1.4260599e+06   3.0668872e+06   3.5515509e+05   4.4995542e+04   1.2169937e+06   2.4826815e+06   3.5696760e+05   1.0611469e+06   5.4530724e+05   3.1868646e+06   9.8370944e+06   2.0047658e+06   4.7581111e+06   6.6913469e+06   4.2481052e+05   3.8270388e+06   3.3383378e+06   1.2033898e+06   8.8561869e+05   6.3254846e+06   2.4678313e+06   9.4741928e+05   9.5892883e+06   6.4101513e+06   1.9161017e+06   3.2339980e+06   3.2701639e+06   1.9169710e+06   2.3295962e+06
   8.8590594e+05   1.4260599e+06   3.0668872e+06   3.5515509e+05   4.4995542e+04   1.2169937e+06   2.4826815e+06   3.5696760e+05   1.0611469e+06   5.4530724e+05   3.1868646e+06   9.8370944e+06   2.0047658e+06   4.7581111e+06   6.6913469e+06   4.2481052e+05   3.8270388e+06   3.3383378e+06   1.2033898e+06   8.8561869e+05   6.3254846e+06   2.4678313e+06   9.4741928e+05   9.5892883e+06   6.4101513e+06   1.9161017e+06   3.2339980e+06   3.2701639e+06   1.9169710e+06   2.3295962e+06
   8.8590594e+05   1.4260599e+06   3.0668872e+06   3.5515509e+05   4.4995542e+04   1.2169937e+06   2.4826815e+06   3.5696760e+05   1.0611469e+06   5.4530724e+05   3.1868646e+06   9.8370944e+06   2.0047658e+06   4.7581111e+06   6.6913469e+06   4.2481052e+05   3.8270388e+06   3.3383378e+06   1.2033898e+06   8.8561869e+05   6.3254846e+06   2.4678313e+06   9.4741928e+05   9.5892883e+06   6.4101513e+06   1.9161017e+06   3.2339980e+06   3.2701639e+06   1.9169710e+06   2.3295962e+06
   8.8590220e+05   1.4260430e+06   3.0668872e+06   3.5515509e+05   4.4995542e+04   1.2168356e+06   2.4823995e+06   3.5696760e+05   5.6731836e+05   5.4530724e+05   3.1868570e+06   3.6872752e+06   2.0047658e+06   1.9377199e+06   6.4068391e+05   4.2379456e+05   2.7589865e+06   3.3329901e+06   1.1520964e+06   8.8561869e+05   1.7972950e+06   2.4678313e+06   9.4741300e+05   8.2713814e+06   3.4899649e+06   1.9158499e+06   3.2339980e+06   3.2701639e+06   1.9169699e+06   2.3295962e+06
   8.8513258e+05   8.4474335e+05   3.0668872e+06   3.5515509e+05   4.4995542e+04   1.2168356e+06   2.4823995e+06   3.5696760e+05   5.6731836e+05   5.4530724e+05   2.0029878e+06   3.6872752e+06   2.0047658e+06   1.9377199e+06   6.4068391e+05   4.2379456e+05   2.7589865e+06   3.3309131e+06   3.1566601e+05   8.8528639e+05   1.7972950e+06   2.4674807e+06   9.4739106e+05   6.2920520e+06   3.4899649e+06   1.9158394e+06   3.2339742e+06   2.3878974e+06   1.9169699e+06   2.3295962e+06
   8.8513258e+05   8.2191002e+05   3.0668854e+06   3.5515509e+05   4.4995542e+04   1.2166147e+06   2.4823784e+06   3.5694696e+05   5.6731836e+05   5.0298813e+05   2.0029878e+06   3.4476444e+06   2.0047658e+06   1.9339168e+06   6.4066690e+05   4.2379008e+05   9.5460900e+05   3.3309131e+06   3.1566601e+05   8.8528639e+05   1.7971670e+06   1.2031445e+06   9.4739106e+05   6.2920019e+06   3.4899459e+06   1.9157961e+06   3.2339742e+06   2.3878974e+06   1.9168629e+06   2.3295962e+06
   8.8479422e+05   8.2138289e+05   3.0668854e+06   3.5515509e+05   4.4995542e+04   1.1824496e+06   2.4823784e+06   3.5694696e+05   3.7888876e+05   5.0236724e+05   1.7243156e+06   4.7911240e+05   1.5367424e+06   8.2875103e+05   6.4066690e+05   3.5573815e+05   7.8076765e+05   2.3470219e+06   3.1566601e+05   8.8484408e+05   6.4765483e+05   1.2031445e+06   9.4737843e+05   2.7985250e+05   1.7171814e+06   1.8428901e+06   8.4115542e+05   2.1922321e+06   1.9168629e+06   2.3295920e+06
   8.8478981e+05   8.1972654e+05   5.6255962e+05   2.7236226e+05   4.4995542e+04   1.1824496e+06   2.1884642e+06   2.5637400e+05   3.7884287e+05   3.7451783e+05   4.5515348e+05   1.4322316e+05   6.0838346e+05   8.2874675e+05   5.2879416e+05   3.4489627e+05   6.2735429e+05   4.0861473e+05   3.1563513e+05   2.9601648e+05   5.2519282e+05   1.2018996e+06   5.9274543e+05   2.7957036e+05   8.5787661e+05   1.9538725e+04   6.4360957e+05   1.7381951e+06   9.0727322e+05   3.1256795e+05
   4.2945922e+05   4.5200137e+05   5.5747764e+05   2.7233780e+05   4.4995542e+04   6.1637700e+04   1.0367202e+06   8.3846402e+04   3.6576260e+05   2.5396694e+05   3.7749907e+05   1.2892142e+05   5.5379666e+05   8.2858812e+05   5.2163788e+05   3.1173356e+05   3.3755902e+05   1.3250896e+05   3.1455274e+05   4.7582944e+04   5.2513751e+05   3.2762199e+05   3.1804534e+05   1.5660753e+05   2.9578904e+05   1.9517069e+04   5.0536348e+05   2.8379212e+05   9.0703350e+05   3.1237971e+05
   1.4146227e+05   4.5198184e+05   4.1775636e+05   1.5371594e+05   4.4811578e+04   6.1189821e+04   4.8159575e+05   8.3562413e+04   9.7748915e+04   6.7396698e+04   9.6229033e+04   1.2869999e+05   9.3427492e+04   1.4883314e+05   7.5802149e+04   1.5978950e+05   1.6835282e+05   1.1679206e+05   2.0694023e+04   4.7536703e+04   2.7525260e+05   4.0504562e+04   2.1631306e+05   4.6558768e+04   2.8857363e+05   6.4364006e+03   1.8274332e+04   2.8296061e+05   8.1280440e+04   3.1237971e+05
   1.8341174e+04   3.1939258e+04   2.2730624e+04   5.1446741e+03   1.6710182e+04   2.5890964e+04   4.2965665e+03   7.8011562e+04   3.8052251e+04   6.4981872e+04   7.4217399e+04   3.3492855e+04   9.2548179e+04   6.3969874e+04   2.1883660e+04   4.1831453e+04   1.9715436e+04   3.2992174e+04   1.6776625e+04   4.0419945e+04   5.9904783e+04   1.3775104e+03   6.9595411e+04   2.5888795e+04   2.4664428e+04   4.8232739e+03   1.7816805e+04   2.1651041e+04   9.5695368e+02   1.3589502e+05
   5.3808573e+03   7.3635507e+03   2.9206633e+03   5.0884146e+03   3.4263645e+03   5.1480636e+03   2.7219645e+03   3.1330478e+03   2.2023980e+03   1.6666742e+04   1.4510533e+04   2.5740602e+03   9.9990208e+03   2.4425900e+04   5.1196588e+03   1.0517692e+04   1.9179921e+04   1.4799610e+04   2.4442067e+03   8.2457550e+03   1.9089016e+04   1.0311628e+03   5.1664601e+03   5.9915814e+03   7.7347425e+03   1.5428180e+03   4.8755334e+03   1.1717549e+04   9.5390395e+02   3.6713716e+03
   7.6143410e+02   6.9232807e+02   6.1439436e+02   8.1945315e+02   8.1099948e+02   6.7086825e+02   4.1755102e+02   5.5590206e+02   9.3654523e+02   2.1537944e+03   1.0769596e+03   9.0614377e+02   3.6629344e+02   6.6008212e+02   9.4940160e+02   9.2221565e+02   9.5373162e+02   3.1111497e+02   1.2219895e+03   3.8652732e+02   4.3124139e+02   6.1177580e+02   8.8115096e+02   7.2390353e+02   1.0471709e+03   8.8322942e+02   6.9510216e+02   5.2136446e+02   7.8036484e+02   1.1143365e+03
   5.2572369e+01   4.3699566e+01   3.6213017e+01   1.0296419e+02   3.7313799e+01   3.2669285e+01   4.7770016e+01   2.9850936e+01   3.0458160e+01   8.2306782e+01   1.3548436e+02   7.7918159e+01   6.2609251e+01   4.7781919e+01   3.4471418e+01   8.7834580e+01   8.2228288e+01   7.2194980e+01   8.6783733e+01   2.3612931e+01   7.0647346e+01   7.8239647e+01   3.9736289e+01   2.2191963e+01   2.6167980e+01   7.5377091e+01   4.2646438e+01   6.4524339e+01   3.3143529e+01   8.6719246e+01
   2.3982278e+00   1.5843693e+00   1.8831254e+00   1.8047507e+00   3.4352734e+00   5.6669216e+00   3.3516965e+00   3.3382610e+00   2.9239320e+00   1.8922441e+00   2.0397557e+00   2.2960140e+00   4.8658784e+00   2.2403816e+00   2.7358299e+00   2.5236857e+00   1.6150947e+00   2.0795990e+00   1.9160856e+00   1.7137075e+00   2.4970380e+00   3.1880003e+00   2.0022089e+00   3.1913494e+00   2.6593837e+00   2.6977691e+00   1.1876677e+00   3.3763242e+00   3.2783720e+00   2.0944945e+00
   0.0000000e+00   0.0000000e+00   0.0000000e+00   0.0000000e+00   0.0000000e+00   0.0000000e+00   0.0000000e+00   0.0000000e+00   0.0000000e+00   0.0000000e+00   0.0000000e+00   0.0000000e+00   0.0000000e+00   0.0000000e+00   0.0000000e+00   0.0000000e+00   0.0000000e+00   0.0000000e+00   0.0000000e+00   0.0000000e+00   0.0000000e+00   0.0000000e+00   0.0000000e+00   0.0000000e+00   0.0000000e+00   0.0000000e+00   0.0000000e+00   0.0000000e+00   0.0000000e+00   0.0000000e+00
