   2.2196153e+05   4.2100593e+06   5.9160027e+05   2.5908967e+06   3.5005658e+06   1.5760135e+06   2.2946096e+06   9.0363084e+05   8.3428082e+05   2.6436882e+06   7.3759988e+05   6.7381612e+06   1.3673146e+07   7.9086864e+06   4.3016295e+06   1.0782591e+06   1.3247731e+06   6.1873057e+05   6.5574829e+06   6.0956092e+06   2.5626592e+06   3.1048499e+06   2.0896609e+06   3.6591552e+06   1.8147457e+07   8.3774893e+05   2.8049371e+05   6.2482641e+06   2.3550809e+06   1.3961012e+06
   2.2196153e+05   4.1129301e+05   5.9160027e+05   7.8260766e+05   3.5005658e+06   1.0526578e+06   3.9587367e+05   9.0363084e+05   8.3428082e+05   2.4672146e+06   7.3759988e+05   1.4468516e+06   5.4856149e+06   7.5487093e+05   6.6180645e+05   1.0782591e+06   1.0386240e+06   6.1873057e+05   1.0352545e+06   4.1540438e+06   2.5626592e+06   3.1048499e+06   1.6372770e+06   3.6591552e+06   3.5370265e+05   8.3774893e+05   2.8049371e+05   3.3214526e+06   2.3550809e+06   1.3519285e+06
   2.2196153e+05   4.1129301e+05   3.0569194e+05   7.8260766e+05   5.1018157e+05   9.8534375e+04   3.9587367e+05   7.1672876e+05   7.2320931e+05   2.4672146e+06   7.3759988e+05   7.0572931e+04   5.0168801e+05   7.5487093e+05   6.6180645e+05   4.4792986e+05   7.1646871e+05   6.1873057e+05   1.0352545e+06   4.1540438e+06   2.4123022e+05   7.2780406e+05   1.6372770e+06   1.2059272e+06   3.5370265e+05   8.3774893e+05   2.8049371e+05   3.3214526e+06   2.3550809e+06   1.3519285e+06
   2.2196153e+05   4.1129301e+05   3.0569194e+05   3.6073464e+05   5.1018157e+05   9.8534375e+04   3.9587367e+05   7.1672876e+05   7.2320931e+05   2.4672146e+06   7.3759988e+05   7.0572931e+04   5.0168801e+05   7.5487093e+05   5.9541115e+05   5.8903778e+04   7.1646871e+05   6.1873057e+05   7.7282464e+05   3.5230061e+06   2.4123022e+05   7.2780406e+05   1.0994868e+06   3.4855220e+05   3.5370265e+05   8.3774893e+05   2.8049371e+05   9.5666731e+05   2.3550809e+06   3.3451142e+04
   1.6845374e+05   4.6708411e+04   3.0569194e+05   5.3949440e+04   4.4569006e+05   9.8534375e+04   3.7887320e+05   1.4820162e+05   1.1767349e+05   2.7253627e+05   2.5620052e+05   7.0572931e+04   9.0646549e+04   6.6557142e+05   1.2217968e+05   5.8903778e+04   3.6935156e+05   5.3266706e+05   5.0363002e+05   7.8624626e+05   2.4123022e+05   1.5082856e+05   2.3106641e+05   1.2438112e+05   1.8533637e+05   2.8608652e+05   2.2761127e+05   4.5516801e+05   1.7505961e+05   3.3451142e+04
   1.6845374e+05   2.0546782e+04   1.4469885e+05   3.7215525e+04   3.8017055e+05   7.7559331e+03   1.5405927e+05   6.3290488e+03   1.1375598e+05   6.1291401e+04   2.5620052e+05   7.0572931e+04   3.5274055e+04   5.2904611e+04   1.2217968e+05   5.8903778e+04   2.2588201e+05   5.2907515e+04   1.1511446e+05   1.8313929e+05   8.9110634e+04   1.3684882e+05   1.8673919e+05   1.2438112e+05   1.8533637e+05   1.8190531e+05   5.7755398e+04   4.1852224e+05   9.8539528e+04   3.3451142e+04
   1.9279982e+04   1.3166880e+04   1.6838616e+04   2.6233585e+04   2.6925884e+04   7.7559331e+03   1.9781544e+04   6.3290488e+03   2.8784052e+04   3.0611583e+04   3.7837435e+04   1.4659298e+04   1.7956052e+04   2.0407749e+04   1.3407355e+04   2.0116221e+04   6.8069524e+04   5.2907515e+04   3.1799261e+04   1.0073570e+04   2.7007644e+04   8.4026691e+03   9.8708420e+03   7.4047873e+04   9.0679252e+03   2.3058057e+04   6.4171186e+03   4.9271093e+04   3.0051842e+04   1.6008467e+04
   2.0839644e+03   1.5711715e+03   2.0371661e+03   3.0943777e+03   3.7612303e+03   3.1519998e+03   1.4966945e+03   2.2993928e+03   2.9588008e+03   1.4151976e+03   1.5558399e+03   2.9743183e+03   1.8717152e+03   1.6940572e+03   4.8588295e+03   2.4068783e+03   4.7439270e+03   3.7660935e+03   3.5089444e+03   1.6709559e+03   3.5004385e+03   2.9067879e+03   1.5509000e+03   2.4447075e+03   3.0884889e+03   2.6747858e+03   1.8522893e+03   3.5860042e+03   1.5058595e+03   1.6558928e+03
   2.7449116e+02   3.5758462e+02   2.0422080e+02   1.5350119e+02   1.5414373e+02   2.5704523e+02   2.6583870e+02   2.4287624e+02   1.0747223e+02   2.4454786e+02   1.0936795e+02   2.0171590e+02   3.8297997e+02   1.4891206e+02   3.0088456e+02   1.4518258e+02   1.5480068e+02   2.2352333e+02   3.8693200e+02   1.7105414e+02   2.9104369e+02   6.1355801e+01   1.8457609e+02   2.2269289e+02   3.3801675e+02   2.5354578e+02   3.7616502e+02   2.2538015e+02   1.7266370e+02   1.9962189e+02
   6.1038319e+01   4.7993012e+01   4.1085227e+01   6.2988385e+01   7.5111565e+01   7.6552398e+01   8.4861360e+01   6.2614829e+01   6.3324139e+01   8.8622351e+01   4.9821743e+01   6.7166217e+01   8.0126142e+01   3.4161516e+01   6.1010993e+01   1.4518258e+02   7.1093692e+01   9.0194935e+01   6.9723519e+01   5.2189549e+01   5.4102312e+01   6.1355801e+01   5.5244967e+01   7.5731674e+01   8.6441444e+01   1.3046886e+02   8.4382991e+01   9.1436224e+01   3.2654798e+01   1.0166687e+02
   2.1290980e+01   2.6618800e+01   2.7739011e+01   1.5814820e+01   3.4303561e+01   2.7057253e+01   2.9204600e+01   1.6834128e+01   2.3857497e+01   2.7384592e+01   1.0996703e+01   5.4927374e+01   4.1365993e+01   1.7897472e+01   9.1815799e+00   4.7304626e+01   1.5550117e+01   4.5886740e+01   1.9655706e+01   1.1823160e+01   1.2954848e+01   2.8331576e+01   1.1485492e+01   4.3768573e+01   4.0875250e+01   6.4502114e+01   3.1264738e+01   4.2191552e+01   1.2108098e+01   4.3187374e+01
   9.9178014e+00   6.1339952e+00   6.0429391e+00   4.4419788e+00   2.5891388e+00   3.5479723e+00   3.0764477e+00   4.1414191e+00   1.9188029e+00   1.7346121e+00   8.6305781e-01   6.3440552e+00   3.5943678e+00   1.9852364e+00   1.2034830e+00   3.2799007e+00   3.3677082e+00   7.2936435e+00   3.7098571e+00   1.8091003e+00   2.5101525e+00   3.6309157e+00   1.9918144e+00   1.7125815e+01   7.5857681e+00   1.5731378e+01   6.8160569e+00   1.1707010e+01   5.1923140e+00   1.5736151e+01
   5.0181017e-02   3.3577442e-03   4.1757649e-01   2.0814376e-01   2.0822958e-01   2.0814326e-01   2.0814309e-01   2.0814538e-01   1.1986884e+00   4.1628598e-01   4.1628597e-01   7.7624899e-01   6.2442896e-01   6.2442895e-01   1.2031020e+00   1.2031023e+00   1.2031038e+00   1.2031644e+00   1.2031020e+00   1.4112450e+00   1.4112450e+00   1.4112458e+00   1.9899181e+00   2.7686437e+00   2.1980617e+00   2.4062245e+00   2.4062179e+00   4.1879837e+00   5.1829332e+00   1.1381099e+01
   0.0000000e+00   0.0000000e+00   2.0814298e-01   2.0814298e-01   2.0814298e-01   2.0814298e-01   2.0814298e-01   2.0814298e-01   8.3080354e-01   4.1628597e-01   4.1628597e-01   4.1628597e-01   6.2442895e-01   6.2442895e-01   1.2031020e+00   1.2031020e+00   1.2031020e+00   1.2031020e+00   1.2031020e+00   1.4112450e+00   1.4112450e+00   1.4112450e+00   1.9899181e+00   1.9899181e+00   2.1980611e+00   2.4062041e+00   2.4062041e+00   4.1879742e+00   5.1829332e+00   1.1381098e+01
   0.0000000e+00   0.0000000e+00   2.0814298e-01   2.0814298e-01   2.0814298e-01   2.0814298e-01   2.0814298e-01   2.0814298e-01   4.1628597e-01   4.1628597e-01   4.1628597e-01   4.1628597e-01   6.2442895e-01   6.2442895e-01   1.2031020e+00   1.2031020e+00   1.2031020e+00   1.2031020e+00   1.2031020e+00   1.4112450e+00   1.4112450e+00   1.4112450e+00   1.9899181e+00   1.9899181e+00   2.1980611e+00   2.4062041e+00   2.4062041e+00   4.1879742e+00   5.1829332e+00   1.1381098e+01
   0.0000000e+00   0.0000000e+00   2.0814298e-01   2.0814298e-01   2.0814298e-01   2.0814298e-01   2.0814298e-01   2.0814298e-01   4.1628597e-01   4.1628597e-01   4.1628597e-01   4.1628597e-01   6.2442895e-01   6.2442895e-01   1.2031020e+00   1.2031020e+00   1.2031020e+00   1.2031020e+00   1.2031020e+00   1.4112450e+00   1.4112450e+00   1.4112450e+00   1.9899181e+00   1.9899181e+00   2.1980611e+00   2.4062041e+00   2.4062041e+00   4.1879742e+00   5.1829332e+00   1.1381098e+01
