   1.3562035e+03   1.9713960e+03   2.0944130e+03   2.3142175e+03   1.9909182e+03   1.9451408e+03   2.2426631e+03   1.6758062e+03   2.2089279e+03   2.1666981e+03   1.8024979e+03   2.3652548e+03   2.0341056e+03   1.9686700e+03   1.5479023e+03   1.7590697e+03   1.8627339e+03   1.6803940e+03   1.6993510e+03   2.2336695e+03   2.5024110e+03   2.2482998e+03   1.8671339e+03   1.8817107e+03   2.0517494e+03   2.0116860e+03   2.1591826e+03   2.2754056e+03   1.8099069e+03   1.9501640e+03
   1.3562035e+03   1.9713960e+03   1.8203180e+03   1.9491735e+03   1.9843727e+03   1.9451408e+03   2.2426631e+03   1.6758062e+03   2.0915984e+03   1.7555264e+03   1.8020757e+03   2.0217834e+03   2.0211063e+03   1.9686700e+03   1.5479023e+03   1.4308866e+03   1.7763278e+03   1.6803940e+03   1.3496203e+03   2.1851657e+03   2.0611112e+03   1.8413602e+03   1.8246338e+03   1.8817107e+03   1.9414498e+03   2.0116860e+03   2.0424783e+03   1.9141044e+03   1.8099069e+03   1.9501640e+03
   1.3562035e+03   1.2424227e+03   1.8203180e+03   1.9491735e+03   1.7631707e+03   1.9359810e+03   1.6708609e+03   1.6758062e+03   2.0915984e+03   1.6260323e+03   1.6734707e+03   1.8970278e+03   1.9320235e+03   1.9686700e+03   1.5479023e+03   1.4308866e+03   1.7763278e+03   1.6803940e+03   1.3496203e+03   2.1851657e+03   2.0430744e+03   1.3970772e+03   1.7179614e+03   1.6886674e+03   1.6149349e+03   1.4843739e+03   1.3502033e+03   1.9141044e+03   1.8099069e+03   1.8918033e+03
   1.3562035e+03   1.2424227e+03   1.7905033e+03   1.8306208e+03   1.7631707e+03   1.9199481e+03   1.1748029e+03   1.4792469e+03   1.7534266e+03   9.0948014e+02   1.5600612e+03   1.8123351e+03   1.7500208e+03   1.3756979e+03   1.5479023e+03   1.4308866e+03   1.7763278e+03   1.4049295e+03   1.3496203e+03   1.4920849e+03   1.9695079e+03   1.3970772e+03   1.7179614e+03   1.6886674e+03   1.1523502e+03   1.4843739e+03   1.3502033e+03   1.9141044e+03   1.7700296e+03   1.7006966e+03
   1.2923353e+03   1.2424227e+03   1.3075815e+03   1.1449489e+03   1.3507240e+03   1.4340012e+03   1.1748029e+03   1.2839696e+03   1.4962170e+03   8.0316686e+02   1.4413392e+03   9.9795025e+02   1.0502757e+03   1.3756979e+03   1.3867468e+03   1.0553674e+03   1.5583289e+03   1.3141093e+03   1.3496203e+03   1.4518056e+03   1.2992038e+03   1.0991128e+03   1.2775327e+03   1.2426234e+03   1.0923988e+03   1.1887929e+03   1.3502033e+03   1.4610955e+03   1.3709645e+03   1.1511440e+03
   1.0539214e+03   9.8276836e+02   1.3075815e+03   9.7329399e+02   8.7602788e+02   1.2318490e+03   1.1748029e+03   8.4084451e+02   1.1656536e+03   8.0316686e+02   9.5797885e+02   9.9795025e+02   8.8772950e+02   1.1587205e+03   8.8435937e+02   8.7877076e+02   1.1685359e+03   7.1206788e+02   8.9999897e+02   1.3653686e+03   8.0981432e+02   1.0052775e+03   1.0928114e+03   8.2528111e+02   1.0610320e+03   1.1314442e+03   1.1501674e+03   1.1578621e+03   1.1891763e+03   6.5024965e+02
   6.6423190e+02   8.3060949e+02   7.1111421e+02   6.5202767e+02   8.7602788e+02   8.2507443e+02   6.5659232e+02   6.3239181e+02   9.4483383e+02   8.0316686e+02   6.5093410e+02   4.7916377e+02   8.8126945e+02   6.2099425e+02   6.6884370e+02   4.2065753e+02   1.0082930e+03   6.2087648e+02   7.3439442e+02   4.6090521e+02   8.0981432e+02   7.7113529e+02   7.3519907e+02   4.7232607e+02   8.2966300e+02   8.9150835e+02   4.5818302e+02   9.1411615e+02   7.4410634e+02   6.5024965e+02
   3.8608968e+02   4.9974193e+02   3.1777181e+02   3.3797543e+02   3.5352607e+02   5.6811558e+02   4.2339454e+02   2.8799205e+02   5.5112444e+02   4.0974292e+02   3.7456179e+02   2.2653764e+02   4.2990993e+02   3.9016792e+02   3.1489519e+02   3.7338326e+02   3.4211366e+02   3.7174038e+02   2.8599483e+02   3.8485466e+02   3.3878682e+02   2.8960649e+02   2.7453887e+02   3.5950880e+02   3.9016895e+02   4.2115357e+02   4.3823581e+02   5.8534758e+02   3.7577080e+02   3.3279622e+02
   2.1611344e+02   2.5017118e+02   1.6149389e+02   3.0038029e+02   1.7162302e+02   2.2218132e+02   2.3326613e+02   2.3461489e+02   2.4312302e+02   1.7701786e+02   2.6384921e+02   2.2653764e+02   2.6581607e+02   2.5772470e+02   1.8964277e+02   2.2034018e+02   2.5141361e+02   7.5808202e+01   2.6972435e+02   1.7017098e+02   2.4093216e+02   1.5065725e+02   2.5954204e+02   2.3571129e+02   2.6760945e+02   2.5731997e+02   2.1135320e+02   3.1292152e+02   1.8680916e+02   2.3680138e+02
   8.4400332e+01   1.3815036e+02   1.4363174e+02   1.4796200e+02   1.2070355e+02   1.1784001e+02   7.9535766e+01   1.0911655e+02   1.5857367e+02   4.1348639e+01   1.0842831e+02   1.5215886e+02   1.5934447e+02   1.3590700e+02   7.0156627e+01   1.4306888e+02   1.4092873e+02   7.5808202e+01   1.0075098e+02   1.4013043e+02   7.1644848e+01   1.1378264e+02   1.6685597e+02   1.4882832e+02   1.6525065e+02   1.1712234e+02   1.0591886e+02   1.2914445e+02   1.0578827e+02   1.3371429e+02
   6.7117729e+01   5.2506595e+01   8.7733612e+01   6.3396364e+00   4.4861824e+01   4.7245757e+01   5.4883025e+01   1.7183065e+01   4.7945544e+01   1.3701920e+00   3.6454045e+01   4.3564863e+01   8.8502332e+01   7.7535549e+01   5.1192961e+01   6.5196746e+01   3.4696084e+01   3.8254041e+01   6.4424037e+01   4.1731698e+01   9.8393051e+00   4.3336731e+01   6.8862543e+01   7.2759404e+01   8.5202218e+01   2.5781266e+01   4.1054532e+01   7.1177107e+01   1.6786479e+01   5.9941152e+01
   8.4063874e+00   4.6019998e+00   1.3728286e+01   2.7014294e-05   5.1765161e+00   2.0729466e+01   3.8504653e+00   1.0826613e+00   3.3720199e+00   7.0148727e-07   1.2793568e-02   2.5286166e+00   7.1247770e+00   8.3136022e+00   2.9896395e+00   2.5022104e+00   5.5932579e+00   1.0496207e+00   5.5685171e+00   4.6538465e+00   2.7996529e-04   4.8758447e+00   6.2134091e+00   7.0848619e+00   1.3112248e+01   1.0562074e-02   2.5586334e-01   1.5479690e+00   1.0004467e-02   1.9408358e+00
   1.7622686e-07   5.2997994e-08   6.0600147e-04   0.0000000e+00   0.0000000e+00   4.2227566e-03   4.3460080e-08   0.0000000e+00   0.0000000e+00   0.0000000e+00   0.0000000e+00   2.8852706e-08   5.1094789e-07   5.8677776e-06   2.9188259e-07   0.0000000e+00   5.8746698e-07   0.0000000e+00   1.3210499e-07   1.0288571e-06   0.0000000e+00   2.0059337e-07   1.4091251e-06   4.4918708e-08   3.9673468e-06   0.0000000e+00   0.0000000e+00   0.0000000e+00   0.0000000e+00   0.0000000e+00
   0.0000000e+00   0.0000000e+00   0.0000000e+00   0.0000000e+00   0.0000000e+00   0.0000000e+00   0.0000000e+00   0.0000000e+00   0.0000000e+00   0.0000000e+00   0.0000000e+00   0.0000000e+00   0.0000000e+00   0.0000000e+00   0.0000000e+00   0.0000000e+00   0.0000000e+00   0.0000000e+00   0.0000000e+00   0.0000000e+00   0.0000000e+00   0.0000000e+00   0.0000000e+00   0.0000000e+00   0.0000000e+00   0.0000000e+00   0.0000000e+00   0.0000000e+00   0.0000000e+00   0.0000000e+00
   0.0000000e+00   0.0000000e+00   0.0000000e+00   0.0000000e+00   0.0000000e+00   0.0000000e+00   0.0000000e+00   0.0000000e+00   0.0000000e+00   0.0000000e+00   0.0000000e+00   0.0000000e+00   0.0000000e+00   0.0000000e+00   0.0000000e+00   0.0000000e+00   0.0000000e+00   0.0000000e+00   0.0000000e+00   0.0000000e+00   0.0000000e+00   0.0000000e+00   0.0000000e+00   0.0000000e+00   0.0000000e+00   0.0000000e+00   0.0000000e+00   0.0000000e+00   0.0000000e+00   0.0000000e+00
   0.0000000e+00   0.0000000e+00   0.0000000e+00   0.0000000e+00   0.0000000e+00   0.0000000e+00   0.0000000e+00   0.0000000e+00   0.0000000e+00   0.0000000e+00   0.0000000e+00   0.0000000e+00   0.0000000e+00   0.0000000e+00   0.0000000e+00   0.0000000e+00   0.0000000e+00   0.0000000e+00   0.0000000e+00   0.0000000e+00   0.0000000e+00   0.0000000e+00   0.0000000e+00   0.0000000e+00   0.0000000e+00   0.0000000e+00   0.0000000e+00   0.0000000e+00   0.0000000e+00   0.0000000e+00
