   5.4198895e+03   5.7153782e+03   5.6747097e+03   5.8546740e+03   5.6231821e+03   5.3662399e+03   5.1071747e+03   5.6602621e+03   5.3893965e+03   5.2952676e+03   5.0455061e+03   5.5800571e+03   5.8119728e+03   5.2939968e+03   5.7645606e+03   5.4029369e+03   5.5231004e+03   5.3572214e+03   5.2051975e+03   5.1455134e+03   5.9942853e+03   5.7190472e+03   5.5117031e+03   5.7601283e+03   5.3102325e+03   5.5878977e+03   5.7872371e+03   5.9473035e+03   5.3036729e+03   5.3375927e+03
   5.4198895e+03   5.5313795e+03   5.2453399e+03   5.8546740e+03   4.7768043e+03   5.3662399e+03   5.1071747e+03   5.2871934e+03   4.9504023e+03   5.2952676e+03   5.0455061e+03   5.5468335e+03   5.1070522e+03   4.4595855e+03   5.7337855e+03   5.4029369e+03   5.3478922e+03   5.3572214e+03   5.2051975e+03   5.1455134e+03   5.1500018e+03   4.9756812e+03   5.3515502e+03   5.3715041e+03   5.1726117e+03   5.5878977e+03   5.6476815e+03   4.9562188e+03   5.3036729e+03   5.3038054e+03
   4.7243612e+03   5.0979813e+03   4.8760973e+03   5.6644256e+03   4.7768043e+03   5.3094614e+03   5.1071747e+03   5.0448069e+03   4.9504023e+03   5.2952676e+03   5.0455061e+03   5.5468335e+03   5.1070522e+03   4.4595855e+03   5.0330327e+03   4.7776972e+03   5.3478922e+03   5.3572214e+03   4.9668626e+03   5.1455134e+03   5.1500018e+03   4.7009488e+03   4.2893253e+03   5.3715041e+03   5.1726117e+03   5.5573737e+03   5.1648105e+03   4.9562188e+03   5.3036729e+03   5.1560489e+03
   4.7243612e+03   5.0979813e+03   4.8286464e+03   5.4701946e+03   4.7768043e+03   5.1534742e+03   4.2331254e+03   5.0448069e+03   4.9504023e+03   4.7568915e+03   5.0455061e+03   4.5297767e+03   5.1070522e+03   4.4595855e+03   5.0330327e+03   4.7776972e+03   5.3080900e+03   4.9705454e+03   4.9668626e+03   5.0039883e+03   5.1500018e+03   4.7009488e+03   4.2893253e+03   4.9840822e+03   5.1726117e+03   4.7972383e+03   5.1648105e+03   4.7885695e+03   4.4905463e+03   5.1560489e+03
   4.7243612e+03   5.0979813e+03   4.8286464e+03   5.0659486e+03   4.6688870e+03   4.5495457e+03   4.2331254e+03   4.9848282e+03   4.9504023e+03   4.7568915e+03   5.0455061e+03   4.5297767e+03   5.0792733e+03   4.4595855e+03   4.6995111e+03   4.7776972e+03   5.3038457e+03   4.9668256e+03   4.1646834e+03   4.3719589e+03   5.1500018e+03   4.7009488e+03   4.2893253e+03   4.9840822e+03   4.5185281e+03   4.7972383e+03   5.1648105e+03   4.7885695e+03   4.4905463e+03   5.0802645e+03
   4.6321620e+03   4.9021631e+03   4.8286464e+03   4.8215352e+03   4.6688870e+03   4.5495457e+03   4.2331254e+03   4.8607514e+03   4.5191117e+03   4.7568915e+03   5.0455061e+03   4.5297767e+03   4.6860463e+03   4.4595855e+03   4.6995111e+03   4.4212138e+03   4.9430380e+03   4.3588288e+03   4.1646834e+03   4.3719589e+03   4.7211024e+03   3.8415334e+03   4.2893253e+03   4.9840822e+03   4.5185281e+03   3.9162808e+03   4.4217333e+03   4.7608227e+03   4.4905463e+03   4.5774954e+03
   4.6321620e+03   4.6560682e+03   4.8286464e+03   4.7636854e+03   4.4608668e+03   4.5495457e+03   4.2331254e+03   4.4526510e+03   4.4167906e+03   4.5918304e+03   4.3073777e+03   4.5297767e+03   4.6860463e+03   4.4595855e+03   4.6995111e+03   4.4212138e+03   4.1551796e+03   3.8130504e+03   4.1646834e+03   4.2505869e+03   4.2780556e+03   3.8415334e+03   4.2893253e+03   3.8597443e+03   4.5185281e+03   3.9162808e+03   3.9199589e+03   4.7608227e+03   4.4905463e+03   4.5774954e+03
   4.2845242e+03   4.1308795e+03   4.0011273e+03   3.9714294e+03   3.9195427e+03   4.2919512e+03   3.8306179e+03   3.9376675e+03   4.2952928e+03   4.2566386e+03   4.2522878e+03   3.5885663e+03   4.0939049e+03   4.2821789e+03   4.2678242e+03   4.2787008e+03   4.1551796e+03   3.8130504e+03   4.0720755e+03   4.1813042e+03   3.9657424e+03   3.5081954e+03   4.2893253e+03   3.8597443e+03   4.3101772e+03   3.9162808e+03   3.9199589e+03   4.4567957e+03   4.0998104e+03   4.2356212e+03
   3.6964986e+03   4.1308795e+03   3.9539456e+03   3.8152775e+03   3.8299696e+03   3.8998633e+03   3.4376469e+03   3.5226729e+03   3.8453127e+03   4.0320349e+03   3.9079911e+03   3.5885663e+03   3.5322699e+03   4.0431781e+03   3.7638369e+03   3.8767899e+03   3.9046726e+03   3.6904050e+03   3.8057152e+03   4.1813042e+03   3.9657424e+03   3.4478955e+03   4.2021958e+03   3.8597443e+03   3.0453520e+03   3.4582004e+03   3.4287012e+03   3.9758488e+03   4.0998104e+03   3.6576092e+03
   3.3636817e+03   3.5728381e+03   3.3867814e+03   3.6152584e+03   3.4843958e+03   3.0444989e+03   3.4376469e+03   3.5226729e+03   3.2221225e+03   3.3719038e+03   3.2960935e+03   3.1809281e+03   3.5322699e+03   3.5995320e+03   3.1283100e+03   3.7191406e+03   3.7668993e+03   3.4419650e+03   3.1988183e+03   3.6241154e+03   3.9656312e+03   3.4478955e+03   3.6124760e+03   3.4431425e+03   3.0453520e+03   3.4302640e+03   3.3687034e+03   3.3135320e+03   3.9722611e+03   3.2913228e+03
   2.4477090e+03   3.2616440e+03   2.4984918e+03   2.9509531e+03   2.3938372e+03   3.0444989e+03   2.5559951e+03   2.6323254e+03   2.8775021e+03   2.6070472e+03   2.4892511e+03   2.7564112e+03   3.0825208e+03   3.0166897e+03   2.5502137e+03   3.3697857e+03   2.6522973e+03   2.8188392e+03   3.1988183e+03   1.8797711e+03   2.5275987e+03   3.2045965e+03   2.9720767e+03   2.9674849e+03   3.0453520e+03   2.4695809e+03   2.3121171e+03   3.2290967e+03   3.6591911e+03   2.7949238e+03
   9.6711487e+02   2.1616643e+03   1.0915590e+03   1.5547945e+03   1.4204592e+03   1.8670138e+03   1.4570061e+03   1.6569307e+03   1.5820070e+03   1.6148677e+03   1.7812099e+03   1.4207791e+03   2.1506597e+03   1.4628865e+03   1.6440911e+03   2.1598606e+03   1.5408052e+03   1.2502795e+03   1.8625592e+03   1.5202506e+03   1.0805567e+03   1.8686675e+03   2.1110935e+03   1.9145218e+03   1.9336606e+03   1.0446891e+03   1.3692959e+03   1.4971369e+03   2.2851649e+03   1.3184410e+03
   2.5521505e+02   7.5225499e+02   4.3683190e+02   4.1236886e+02   2.7373877e+02   3.7394128e+02   4.3002882e+02   3.2247848e+02   4.4420397e+02   5.1271183e+02   4.3118216e+02   5.8039457e+02   5.8311216e+02   3.5146592e+02   6.0492597e+02   4.8750353e+02   7.3456515e+02   5.3174002e+02   5.7589245e+02   4.4395672e+02   2.4850382e+02   5.2353578e+02   6.3847253e+02   4.8936391e+02   4.7770658e+02   2.8465439e+02   4.3604907e+02   3.0472018e+02   4.0896627e+02   3.4920374e+02
   5.8792085e+01   4.3022190e+01   7.0237610e+01   4.5282497e+01   3.6318321e+01   5.4779601e+01   4.6385812e+01   5.7818118e+01   6.0517622e+01   7.0972387e+01   8.8536167e+01   5.5851930e+01   8.2696073e+01   7.5003724e+01   7.9849662e+01   9.2071605e+01   7.8587495e+01   9.4152231e+01   6.1396567e+01   7.2287547e+01   4.7862964e+01   7.2010596e+01   1.1050445e+02   7.6027947e+01   4.5207294e+01   6.9572612e+01   2.9650522e+01   4.7827923e+01   6.3849098e+01   5.4089354e+01
   8.5254918e+00   9.2438735e+00   9.1092928e+00   1.3810507e+01   1.0892006e+01   1.2631692e+01   1.1984746e+01   1.4990045e+01   9.9949663e+00   1.3416663e+01   1.1879245e+01   6.8492607e+00   1.1311687e+01   1.1211192e+01   1.5340987e+01   1.1050192e+01   5.7161712e+00   1.0140494e+01   1.1012820e+01   6.9955281e+00   9.0910164e+00   7.3000576e+00   9.9839529e+00   9.1017646e+00   1.3036345e+01   1.5164441e+01   8.6887581e+00   9.2894680e+00   1.1606290e+01   9.4203618e+00
   6.7747243e-02   9.4433306e-02   9.6911918e-02   9.9323670e-02   1.0122388e-01   1.0660085e-01   1.0741603e-01   1.0862972e-01   1.3104473e-01   1.3303470e-01   1.3306727e-01   1.3492259e-01   1.3743328e-01   1.4327840e-01   1.5816329e-01   1.6419675e-01   1.6657584e-01   1.6665317e-01   1.6940559e-01   1.7078704e-01   1.7912336e-01   1.8134320e-01   1.9499027e-01   1.9500383e-01   1.7126609e+00   1.7471756e+00   1.7670941e+00   1.8190045e+00   1.8324223e+00   1.8543993e+00
