   5.6231821e+03   5.9942853e+03   5.7645606e+03   5.7153782e+03   5.2952676e+03   5.7601283e+03   5.7872371e+03   5.0455061e+03   5.4198895e+03   5.2051975e+03   5.3893965e+03   5.8546740e+03   5.3102325e+03   5.8119728e+03   5.5231004e+03   5.4029369e+03   5.3662399e+03   5.3036729e+03   5.7190472e+03   5.5117031e+03   5.9473035e+03   5.5878977e+03   5.5800571e+03   5.6747097e+03   5.2939968e+03   5.1071747e+03   5.3375927e+03   5.6602621e+03   5.3572214e+03   5.1455134e+03
   4.7768043e+03   5.1500018e+03   5.7337855e+03   5.5313795e+03   5.2952676e+03   5.3715041e+03   5.6476815e+03   5.0455061e+03   5.4198895e+03   5.2051975e+03   4.9504023e+03   5.8546740e+03   5.1726117e+03   5.1070522e+03   5.3478922e+03   5.4029369e+03   5.3662399e+03   5.3036729e+03   4.9756812e+03   5.3515502e+03   4.9562188e+03   5.5878977e+03   5.5468335e+03   5.2453399e+03   4.4595855e+03   5.1071747e+03   5.3038054e+03   5.2871934e+03   5.3572214e+03   5.1455134e+03
   4.7768043e+03   5.1500018e+03   5.0330327e+03   5.0979813e+03   5.2952676e+03   5.3715041e+03   5.1648105e+03   5.0455061e+03   4.7243612e+03   4.9668626e+03   4.9504023e+03   5.6644256e+03   5.1726117e+03   5.1070522e+03   5.3478922e+03   4.7776972e+03   5.3094614e+03   5.3036729e+03   4.7009488e+03   4.2893253e+03   4.9562188e+03   5.5573737e+03   5.5468335e+03   4.8760973e+03   4.4595855e+03   5.1071747e+03   5.1560489e+03   5.0448069e+03   5.3572214e+03   5.1455134e+03
   4.7768043e+03   5.1500018e+03   5.0330327e+03   5.0979813e+03   4.7568915e+03   4.9840822e+03   5.1648105e+03   5.0455061e+03   4.7243612e+03   4.9668626e+03   4.9504023e+03   5.4701946e+03   5.1726117e+03   5.1070522e+03   5.3080900e+03   4.7776972e+03   5.1534742e+03   4.4905463e+03   4.7009488e+03   4.2893253e+03   4.7885695e+03   4.7972383e+03   4.5297767e+03   4.8286464e+03   4.4595855e+03   4.2331254e+03   5.1560489e+03   5.0448069e+03   4.9705454e+03   5.0039883e+03
   4.6688870e+03   5.1500018e+03   4.6995111e+03   5.0979813e+03   4.7568915e+03   4.9840822e+03   5.1648105e+03   5.0455061e+03   4.7243612e+03   4.1646834e+03   4.9504023e+03   5.0659486e+03   4.5185281e+03   5.0792733e+03   5.3038457e+03   4.7776972e+03   4.5495457e+03   4.4905463e+03   4.7009488e+03   4.2893253e+03   4.7885695e+03   4.7972383e+03   4.5297767e+03   4.8286464e+03   4.4595855e+03   4.2331254e+03   5.0802645e+03   4.9848282e+03   4.9668256e+03   4.3719589e+03
   4.6688870e+03   4.7211024e+03   4.6995111e+03   4.9021631e+03   4.7568915e+03   4.9840822e+03   4.4217333e+03   5.0455061e+03   4.6321620e+03   4.1646834e+03   4.5191117e+03   4.8215352e+03   4.5185281e+03   4.6860463e+03   4.9430380e+03   4.4212138e+03   4.5495457e+03   4.4905463e+03   3.8415334e+03   4.2893253e+03   4.7608227e+03   3.9162808e+03   4.5297767e+03   4.8286464e+03   4.4595855e+03   4.2331254e+03   4.5774954e+03   4.8607514e+03   4.3588288e+03   4.3719589e+03
   4.4608668e+03   4.2780556e+03   4.6995111e+03   4.6560682e+03   4.5918304e+03   3.8597443e+03   3.9199589e+03   4.3073777e+03   4.6321620e+03   4.1646834e+03   4.4167906e+03   4.7636854e+03   4.5185281e+03   4.6860463e+03   4.1551796e+03   4.4212138e+03   4.5495457e+03   4.4905463e+03   3.8415334e+03   4.2893253e+03   4.7608227e+03   3.9162808e+03   4.5297767e+03   4.8286464e+03   4.4595855e+03   4.2331254e+03   4.5774954e+03   4.4526510e+03   3.8130504e+03   4.2505869e+03
   3.9195427e+03   3.9657424e+03   4.2678242e+03   4.1308795e+03   4.2566386e+03   3.8597443e+03   3.9199589e+03   4.2522878e+03   4.2845242e+03   4.0720755e+03   4.2952928e+03   3.9714294e+03   4.3101772e+03   4.0939049e+03   4.1551796e+03   4.2787008e+03   4.2919512e+03   4.0998104e+03   3.5081954e+03   4.2893253e+03   4.4567957e+03   3.9162808e+03   3.5885663e+03   4.0011273e+03   4.2821789e+03   3.8306179e+03   4.2356212e+03   3.9376675e+03   3.8130504e+03   4.1813042e+03
   3.8299696e+03   3.9657424e+03   3.7638369e+03   4.1308795e+03   4.0320349e+03   3.8597443e+03   3.4287012e+03   3.9079911e+03   3.6964986e+03   3.8057152e+03   3.8453127e+03   3.8152775e+03   3.0453520e+03   3.5322699e+03   3.9046726e+03   3.8767899e+03   3.8998633e+03   4.0998104e+03   3.4478955e+03   4.2021958e+03   3.9758488e+03   3.4582004e+03   3.5885663e+03   3.9539456e+03   4.0431781e+03   3.4376469e+03   3.6576092e+03   3.5226729e+03   3.6904050e+03   4.1813042e+03
   3.4843958e+03   3.9656312e+03   3.1283100e+03   3.5728381e+03   3.3719038e+03   3.4431425e+03   3.3687034e+03   3.2960936e+03   3.3636817e+03   3.1988183e+03   3.2221225e+03   3.6152584e+03   3.0453520e+03   3.5322699e+03   3.7668993e+03   3.7191406e+03   3.0444989e+03   3.9722611e+03   3.4478955e+03   3.6124760e+03   3.3135320e+03   3.4302640e+03   3.1809281e+03   3.3867814e+03   3.5995320e+03   3.4376469e+03   3.2913228e+03   3.5226729e+03   3.4419650e+03   3.6241154e+03
   2.3923375e+03   2.5455148e+03   2.9133068e+03   3.4032654e+03   2.0304556e+03   2.9425533e+03   2.3121171e+03   3.2960936e+03   2.4477090e+03   2.9765031e+03   3.0006524e+03   3.4542336e+03   3.0453520e+03   2.2827416e+03   2.4782917e+03   3.3414868e+03   2.9140825e+03   3.5426013e+03   3.2049847e+03   3.1216256e+03   2.7047572e+03   2.3844695e+03   2.8713071e+03   2.7769804e+03   2.5679866e+03   2.4369909e+03   3.0904598e+03   2.6323254e+03   2.8563772e+03   2.2926413e+03
   1.5916139e+03   1.3967552e+03   1.7560048e+03   1.7911922e+03   1.3008748e+03   1.7770267e+03   1.7937190e+03   1.4793932e+03   1.3491977e+03   1.1370526e+03   1.3821261e+03   2.1626115e+03   1.6802807e+03   1.2727123e+03   1.3719085e+03   1.7234889e+03   1.7900913e+03   1.6567250e+03   1.1769330e+03   1.5279648e+03   1.4641466e+03   1.4746078e+03   1.3786718e+03   1.4147883e+03   1.8364787e+03   1.2987221e+03   1.6666727e+03   1.9624229e+03   1.7889383e+03   1.7392322e+03
   4.3241204e+02   2.7125610e+02   3.6063370e+02   3.7154934e+02   2.3512265e+02   4.7072635e+02   1.3055509e+02   5.0425821e+02   2.0494671e+02   2.6283015e+02   3.4610437e+02   4.5453559e+02   2.8035353e+02   5.2019024e+02   4.1827501e+02   3.4655267e+02   4.5317673e+02   5.7263708e+02   3.5428729e+02   6.8193388e+02   2.9523698e+02   3.6744901e+02   4.4358927e+02   3.2930362e+02   6.9864916e+02   3.4827515e+02   4.5267054e+02   3.3048858e+02   4.5850790e+02   4.6615852e+02
   7.6248041e+01   5.0928681e+01   5.2249955e+01   4.3093387e+01   5.3938983e+01   7.2442822e+01   4.0937208e+01   8.4759159e+01   3.1592490e+01   5.3604542e+01   5.9690363e+01   4.9890349e+01   7.3529182e+01   8.2235025e+01   1.1182691e+02   4.7407789e+01   3.7051718e+01   1.0668231e+02   3.0748766e+01   8.2607177e+01   5.8629571e+01   5.1763066e+01   8.0112252e+01   2.9616706e+01   1.2496201e+02   5.3203920e+01   4.3263936e+01   6.1739132e+01   7.4431543e+01   5.3258042e+01
   8.7350633e+00   1.1429163e+01   9.3766702e+00   8.0818812e+00   1.0595033e+01   1.0536573e+01   5.2149479e+00   4.6810809e+00   6.7740457e+00   1.0249987e+01   1.1456953e+01   9.9145829e+00   1.1290892e+01   1.3623845e+01   9.6567033e+00   1.1776739e+01   6.1202959e+00   8.3371530e+00   1.1857856e+01   8.7649406e+00   7.8327088e+00   8.7321340e+00   6.8263452e+00   1.1783155e+01   9.0365776e+00   1.2147297e+01   1.1864905e+01   1.1195465e+01   6.3465739e+00   1.6098767e+01
   6.4633564e-02   6.7398661e-02   9.4961362e-02   9.9907240e-02   1.2580776e-01   1.2696487e-01   1.2705233e-01   1.3144288e-01   1.3338653e-01   1.3618744e-01   1.3755215e-01   1.4238311e-01   1.4551924e-01   1.4876461e-01   1.5266200e-01   1.5634336e-01   1.5696022e-01   1.7488445e-01   1.9439636e-01   2.0139147e-01   2.0281411e-01   2.0565853e-01   2.1431137e-01   2.3089029e-01   2.3553478e-01   1.7591540e+00   1.8030899e+00   1.8060610e+00   1.8174006e+00   1.8327495e+00
