   2.3565956e+03   2.6859877e+03   2.3814427e+03   1.7607289e+03   2.2403321e+03   2.1641203e+03   2.6054199e+03   2.0773682e+03   1.9666292e+03   2.0720103e+03   2.9122708e+03   1.9512437e+03   2.1388588e+03   2.5581765e+03   2.2680808e+03   2.5014273e+03   2.5014273e+03   2.2049592e+03   1.8523365e+03   1.9855249e+03   2.2416463e+03   2.4153495e+03   2.6502091e+03   1.8817880e+03   1.9840583e+03   1.9846971e+03   2.5757339e+03   2.3231421e+03   2.5512287e+03   1.8630891e+03
   1.6883198e+03   2.0643384e+03   1.9296669e+03   1.7607289e+03   2.2403321e+03   2.0076482e+03   2.2140454e+03   1.9291491e+03   1.9666292e+03   2.0720103e+03   2.2363597e+03   1.5869433e+03   1.9256280e+03   2.2158383e+03   1.6200673e+03   1.5391417e+03   1.5391417e+03   2.2049592e+03   1.8523365e+03   1.9855249e+03   2.2416463e+03   2.1667871e+03   2.1514588e+03   1.8817880e+03   1.6549935e+03   1.9386576e+03   2.2738282e+03   1.9182627e+03   2.2391284e+03   1.8630891e+03
   1.6883198e+03   1.9283053e+03   1.6522990e+03   1.7607289e+03   2.2214072e+03   2.0076482e+03   2.2140454e+03   1.9261165e+03   1.9666292e+03   1.7802210e+03   2.1336825e+03   1.5869433e+03   1.9256280e+03   2.1372323e+03   1.6200673e+03   1.5391417e+03   1.5391417e+03   1.8986726e+03   1.6358057e+03   1.7988743e+03   2.2065721e+03   2.1667871e+03   1.3550157e+03   1.8817880e+03   1.5333070e+03   1.9386576e+03   1.5902966e+03   1.9182627e+03   1.4919107e+03   1.8630891e+03
   1.6883198e+03   1.9283053e+03   1.6522990e+03   1.6826902e+03   1.8503061e+03   1.7134245e+03   1.6198465e+03   1.9261165e+03   1.9610512e+03   1.5458454e+03   1.7345512e+03   1.5869433e+03   1.9256280e+03   1.7668967e+03   1.3403222e+03   1.5391417e+03   1.5391417e+03   1.8986726e+03   1.6358057e+03   1.7871718e+03   1.4879351e+03   2.0358264e+03   1.3550157e+03   1.5412827e+03   1.5333070e+03   1.9386576e+03   1.5902966e+03   1.8477014e+03   1.4919107e+03   1.7476028e+03
   1.6883198e+03   1.5580692e+03   1.6522990e+03   1.5862352e+03   1.7557825e+03   1.4210099e+03   1.6198465e+03   1.2801286e+03   1.3673884e+03   1.4641192e+03   1.6222276e+03   1.3717035e+03   1.6531631e+03   1.5843948e+03   1.3403222e+03   1.5391417e+03   1.5391417e+03   1.4012065e+03   1.6358057e+03   1.7871718e+03   1.4879351e+03   1.4683591e+03   1.3550157e+03   1.5412827e+03   1.1246775e+03   1.6205527e+03   1.4763803e+03   1.7917870e+03   1.4919107e+03   1.4890512e+03
   1.4690799e+03   1.2815650e+03   1.2973877e+03   8.9586570e+02   1.3921749e+03   1.2385493e+03   1.5203561e+03   1.1704813e+03   1.0708393e+03   1.4641192e+03   1.6222276e+03   1.3717035e+03   1.1378900e+03   1.4403379e+03   1.0240420e+03   8.8108475e+02   8.8108475e+02   1.0791763e+03   1.5659183e+03   1.1401334e+03   1.1830914e+03   1.4683591e+03   1.2513343e+03   1.4623359e+03   1.1246775e+03   1.2139187e+03   1.2311039e+03   1.1228888e+03   1.3470352e+03   1.3516998e+03
   9.1377288e+02   1.1127546e+03   1.1639036e+03   8.9586570e+02   1.0150658e+03   6.4130503e+02   1.2390459e+03   5.6280650e+02   9.3389296e+02   1.0030796e+03   1.0564430e+03   9.0707417e+02   8.9093225e+02   9.8906441e+02   9.1917229e+02   8.8108475e+02   8.8108475e+02   1.0791763e+03   1.1805357e+03   7.5528477e+02   1.1830914e+03   1.2365829e+03   8.9267919e+02   1.0808395e+03   6.3494578e+02   9.5878669e+02   1.0764590e+03   1.0522797e+03   1.0653942e+03   1.3403281e+03
   7.2254340e+02   7.5797483e+02   9.4747597e+02   8.1185158e+02   8.1261006e+02   4.8167827e+02   9.9165719e+02   5.6280650e+02   7.4890424e+02   6.4698360e+02   7.3482131e+02   8.0826666e+02   7.7323605e+02   7.1084170e+02   8.6563961e+02   5.9194954e+02   5.9194954e+02   6.3522427e+02   8.7610178e+02   7.5528477e+02   7.1334301e+02   9.1777337e+02   6.6874390e+02   6.3286425e+02   5.8054550e+02   7.7618635e+02   7.8432587e+02   7.4926336e+02   5.5243936e+02   7.6212961e+02
   4.7663393e+02   6.5668750e+02   5.1593939e+02   4.6010146e+02   2.6828401e+02   3.8316380e+02   5.5554587e+02   4.2714547e+02   5.3279825e+02   5.8163520e+02   3.2205511e+02   5.6440485e+02   2.7802325e+02   5.9560104e+02   5.0293157e+02   5.0675628e+02   5.0675628e+02   3.8946859e+02   6.4463411e+02   3.4068862e+02   4.1057118e+02   6.2669509e+02   6.5289565e+02   6.3286425e+02   5.8054550e+02   5.2153462e+02   3.7960921e+02   5.2897846e+02   3.5937851e+02   4.6781376e+02
   4.7663393e+02   4.9100683e+02   3.1851080e+02   2.6364188e+02   2.6828401e+02   2.8713930e+02   2.3437409e+02   1.5259612e+02   2.8254340e+02   1.7840356e+02   3.2205511e+02   5.0270112e+02   2.7802325e+02   3.0715623e+02   2.9212758e+02   4.1251980e+02   4.1251980e+02   3.8946859e+02   1.7798009e+02   3.4068862e+02   2.4621453e+02   3.4587818e+02   2.6936338e+02   3.8071554e+02   4.0144220e+02   3.2456328e+02   3.4500155e+02   1.8774652e+02   2.7993482e+02   3.2373569e+02
   2.4535025e+02   1.7047590e+02   2.0974059e+02   1.0581957e+02   1.3173812e+02   1.3853490e+02   2.3437409e+02   1.1603946e+02   1.4609872e+02   7.8324603e+01   1.8374755e+02   1.7225606e+02   1.5512022e+02   1.3490498e+02   1.0902833e+02   1.4717739e+02   1.4717739e+02   1.5158427e+02   1.1719724e+02   1.6107362e+02   1.4866134e+02   1.7693629e+02   7.8846930e+01   1.6869414e+02   1.9178855e+02   1.3313865e+02   1.1596512e+02   1.3205190e+02   6.7973863e+01   1.6339482e+02
   4.4838739e+01   4.9391915e+01   2.7973198e+01   3.4152760e+01   5.5012749e+01   1.8794539e+01   5.0359359e+01   2.0238313e+01   3.4361886e+01   2.4187616e+01   3.4365567e+01   4.9057835e+01   2.8530351e+01   4.1912535e+01   1.3753409e+01   2.4115727e+01   2.4115727e+01   4.4255995e+01   2.5915291e+01   4.6469758e+01   5.6765204e+01   4.3417022e+01   1.5991484e+01   4.7964081e+01   4.0220031e+01   3.0017292e+01   4.5187384e+01   2.3578337e+01   2.8364328e+01   5.6412479e+01
   4.2715084e+00   3.6489277e+00   4.2415634e+00   3.5059864e+00   3.5127737e+00   2.7034535e+00   5.3386602e+00   3.4579727e+00   2.6527782e+00   3.4511163e+00   3.4007497e+00   3.5462723e+00   3.7395370e+00   3.3423845e+00   3.2783935e+00   3.6202428e+00   3.6202428e+00   2.9002283e+00   3.3187922e+00   3.9032756e+00   4.1479604e+00   3.6099535e+00   3.1428521e+00   4.4582724e+00   4.3805310e+00   3.3837010e+00   3.7999728e+00   3.5054389e+00   3.5883760e+00   4.9418251e+00
   1.2246159e+00   8.9020545e-01   6.7397880e-01   8.6735756e-01   8.1454110e-01   6.2677471e-01   1.2545324e+00   6.7925519e-01   4.8286329e-01   6.0119927e-01   6.6240680e-01   6.2062026e-01   8.3429526e-01   6.4045778e-01   6.5938210e-01   6.0331054e-01   6.0331054e-01   6.8216052e-01   7.5947064e-01   7.0254360e-01   1.0162327e+00   6.0756347e-01   5.0836147e-01   6.5517416e-01   1.1652566e+00   8.4173737e-01   6.1301485e-01   6.6209657e-01   7.5685711e-01   1.0369765e+00
   7.9336041e-02   3.6963812e-01   1.8021194e-01   6.0966634e-02   1.4129282e-01   2.3051611e-01   4.3607949e-01   2.6482447e-01   1.1049998e-01   2.1291564e-01   2.2865129e-01   1.3728948e-01   3.2514688e-01   1.5196162e-01   1.4174517e-01   2.8041017e-01   2.8041017e-01   1.5203156e-01   3.4082273e-01   1.2751316e-01   1.2203098e-01   2.2505037e-01   1.7222118e-01   2.2186067e-01   2.8104370e-01   2.4865570e-01   2.7060006e-01   2.7576825e-01   2.2412257e-01   3.6294158e-01
   1.9763396e-02   2.8706465e-02   4.0152600e-02   4.5869706e-02   4.6316850e-02   5.2581051e-02   5.8354099e-02   5.9013830e-02   5.9732344e-02   5.9866523e-02   6.1177664e-02   6.8482747e-02   7.1292788e-02   7.2363211e-02   7.2825391e-02   7.2914667e-02   7.2914667e-02   7.4836673e-02   7.8252708e-02   8.1705869e-02   8.5838329e-02   8.9491484e-02   9.3281367e-02   9.3398907e-02   1.0654433e-01   1.0894196e-01   1.1800121e-01   1.2203528e-01   1.3150977e-01   1.8573175e-01
