   4.6083267e+06   2.3340744e+06   4.2645849e+06   2.1709015e+05   1.3809691e+06   4.5731239e+06   8.2563265e+05   2.0837709e+06   9.0427465e+06   4.8437094e+05   2.5858203e+06   4.6544082e+06   3.5076509e+06   1.0028054e+06   1.3174882e+07   5.1594667e+06   2.8765166e+06   4.1010691e+05   2.8886062e+06   9.3954564e+05   7.8489782e+05   5.3376204e+06   1.3352696e+06   3.9493672e+06   2.5546340e+06   2.8110833e+06   2.1421250e+06   7.9006508e+06   2.6761397e+06   4.5825830e+05
   2.1053896e+06   1.5285282e+06   1.4617560e+06   2.1709015e+05   1.3809691e+06   1.3077097e+06   8.2563265e+05   3.4208372e+05   8.1199308e+06   4.1491395e+05   1.3054267e+06   3.5320647e+06   1.0183512e+06   1.0028054e+06   1.7586222e+06   1.0210298e+06   2.3300647e+06   2.2357757e+05   1.0162223e+06   9.3954564e+05   1.6089528e+05   5.3376204e+06   1.3352696e+06   1.3034180e+06   2.2710594e+06   2.8110833e+06   2.1421250e+06   8.7650664e+05   5.6262205e+05   4.5825830e+05
   2.0972597e+06   1.3241451e+06   1.4617560e+06   2.1709015e+05   1.3809691e+06   1.7874007e+05   8.2563265e+05   3.4208372e+05   2.0043333e+06   4.1491395e+05   5.4638652e+04   8.9188235e+05   1.0183512e+06   1.8672649e+05   1.7586222e+06   1.0210298e+06   1.3497119e+06   2.2357757e+05   2.8185642e+05   9.3954564e+05   1.6089528e+05   1.6110260e+06   1.3352696e+06   7.2603983e+05   7.9640111e+05   2.8110833e+06   2.1421250e+06   8.7650664e+05   5.6262205e+05   4.5825830e+05
   1.8452381e+06   5.9465701e+05   9.8716406e+05   3.2820358e+04   2.9224023e+05   1.7874007e+05   8.2563265e+05   3.4208372e+05   6.8601156e+05   4.1491395e+05   5.4638652e+04   8.9188235e+05   1.0183512e+06   1.8672649e+05   1.7586222e+06   9.8546514e+05   9.4532574e+05   2.2357757e+05   2.8185642e+05   9.3954564e+05   1.6089528e+05   2.3677894e+05   1.2723468e+06   7.2603983e+05   7.9640111e+05   1.5772347e+05   1.4675638e+06   8.7650664e+05   5.6262205e+05   4.5825830e+05
   1.0290475e+05   2.9280817e+04   2.9595698e+05   3.2820358e+04   3.7121940e+04   1.7874007e+05   1.4898489e+05   7.8546571e+04   4.1598617e+05   2.9177897e+05   5.4638652e+04   2.7468389e+05   1.4110832e+05   1.0865076e+05   2.9013081e+05   1.7890327e+04   1.3496210e+05   2.2357757e+05   2.0356277e+05   9.7769573e+04   1.2448313e+05   2.3677894e+05   2.3351958e+05   7.2603983e+05   1.2240356e+05   2.7263215e+04   4.1037933e+05   2.5504263e+05   5.6262205e+05   3.5303882e+05
   1.0290475e+05   9.1550850e+03   1.3754429e+05   3.2820358e+04   3.7121940e+04   4.9505999e+04   7.2369280e+04   1.7778532e+04   8.1402560e+04   1.3461172e+05   5.4638652e+04   2.5397030e+04   8.3326880e+04   1.0865076e+05   1.0533392e+05   1.7890327e+04   1.3496210e+05   1.5132439e+05   2.5756687e+04   9.7769573e+04   1.0186128e+05   1.0567764e+05   6.8329460e+04   3.7188656e+04   5.8431929e+04   2.7263215e+04   4.7135387e+04   3.6662279e+04   8.2941458e+04   6.0582169e+04
   1.5039507e+04   5.8505865e+03   1.2442571e+04   6.9482410e+03   8.3991276e+03   6.7123442e+03   1.1179225e+04   1.4379747e+04   6.2231875e+03   7.5011903e+03   1.0494304e+04   1.1715168e+04   8.3027010e+03   7.9771936e+03   1.1177577e+04   1.7890327e+04   7.3645118e+03   8.7999155e+03   1.6207280e+04   1.2352497e+04   1.8162351e+04   8.7405889e+03   9.3564902e+03   1.0613674e+04   6.2664529e+03   5.1062762e+03   8.8888263e+03   1.1649225e+04   1.2216878e+04   1.4930235e+04
   9.2394020e+02   8.6419166e+02   1.1250970e+03   7.2070199e+02   1.0675278e+03   1.0758550e+03   8.6437019e+02   9.6425440e+02   8.9120698e+02   1.1351271e+03   9.3901068e+02   1.1816482e+03   7.1908850e+02   1.0795240e+03   1.1174586e+03   1.1946525e+03   1.1011170e+03   7.2933482e+02   1.2014623e+03   9.6806897e+02   1.2644281e+03   7.1175275e+02   1.7404284e+03   8.8270014e+02   7.4045683e+02   5.1928630e+02   1.1787338e+03   1.3420789e+03   7.0133466e+02   1.4823170e+03
   2.9490018e+02   1.6408588e+02   2.6869942e+02   3.3743736e+02   2.2223913e+02   1.5944209e+02   2.6360621e+02   1.1848881e+02   2.0058964e+02   1.2640341e+02   1.0385570e+02   2.5127741e+02   2.8443210e+02   1.4804353e+02   1.2714373e+02   2.3219967e+02   1.6832513e+02   2.7509744e+02   1.9176988e+02   1.6593366e+02   3.4706514e+02   2.0891299e+02   1.1657585e+02   2.2398937e+02   1.4973796e+02   2.6366266e+02   3.0193857e+02   2.7649609e+02   3.5649607e+02   2.6944420e+02
   1.9838320e+02   8.5487776e+01   1.3637677e+02   1.9412286e+02   1.4914785e+02   8.0854670e+01   1.9298154e+02   7.1359504e+01   6.6585825e+01   7.0174292e+01   3.9345721e+01   1.9235796e+02   7.5375514e+01   8.9928453e+01   1.1931379e+02   7.4310805e+01   9.0712673e+01   8.5259642e+01   8.5814300e+01   1.1560738e+02   7.1883088e+01   9.8111979e+01   8.9217947e+01   8.5475430e+01   9.8429526e+01   7.9817346e+01   2.0749984e+02   1.9055760e+02   1.8214554e+02   2.0093336e+02
   1.7830387e+02   3.6120992e+01   4.1466465e+01   6.3621086e+01   4.6900115e+01   2.9473018e+01   1.5560440e+02   4.1527423e+01   4.5879087e+01   1.3950232e+01   7.1961096e+00   1.5858375e+02   2.8749423e+01   4.0871568e+01   5.1415443e+01   4.4773976e+01   4.0988218e+01   2.6977462e+01   4.0022964e+01   3.0888014e+01   4.9137525e+01   4.7676533e+01   2.9805369e+01   4.7499842e+01   5.9918973e+01   2.2834808e+01   1.4214136e+02   1.5618340e+02   1.4428175e+02   1.5700924e+02
   8.1200907e+01   5.8900963e+00   6.9772213e+00   1.7181854e+01   1.3973067e+01   1.4095301e+01   2.4451299e+01   1.3539033e+01   1.3277948e+01   2.5985708e+00   2.9748062e+00   1.0757441e+01   4.3185795e+00   1.4696448e+01   1.2457659e+01   1.0508003e+01   1.2221278e+01   2.7751484e+00   5.1459940e+00   3.3614771e+00   1.7395874e+01   1.6272832e+01   1.2018688e+01   3.5217936e+01   1.5580138e+01   1.4698594e+01   1.2428307e+02   1.4542963e+02   1.2510364e+02   1.3598519e+02
   3.9827887e+00   1.5655110e-02   7.2442529e-01   8.7512301e-01   1.1724874e+00   4.2884178e-01   3.6077415e-01   1.5122369e+00   9.9548625e-01   2.0814331e-01   4.1629545e-01   2.5274125e-01   4.1638085e-01   4.1760125e-01   6.4010111e-01   4.2021164e-01   4.3898742e-01   4.1628662e-01   4.1666210e-01   6.2442900e-01   2.8566431e+00   6.0584304e+00   1.1189504e+01   1.1381098e+01   1.1501180e+01   1.1589242e+01   1.1974256e+02   1.2224473e+02   1.2114912e+02   1.2982175e+02
   1.3173016e-05   0.0000000e+00   0.0000000e+00   1.5161277e-08   2.0814298e-01   2.0814298e-01   2.0814298e-01   2.0814298e-01   2.0814298e-01   2.0814298e-01   2.0814298e-01   2.0814298e-01   2.0814298e-01   4.1628597e-01   4.1628597e-01   4.1628597e-01   4.1628597e-01   4.1628597e-01   4.1628597e-01   6.2442895e-01   1.2031020e+00   4.1879742e+00   1.1172971e+01   1.1381098e+01   1.1381098e+01   1.1589241e+01   1.1973787e+02   1.2005416e+02   1.2114912e+02   1.2981943e+02
   0.0000000e+00   0.0000000e+00   0.0000000e+00   0.0000000e+00   2.0814298e-01   2.0814298e-01   2.0814298e-01   2.0814298e-01   2.0814298e-01   2.0814298e-01   2.0814298e-01   2.0814298e-01   2.0814298e-01   4.1628597e-01   4.1628597e-01   4.1628597e-01   4.1628597e-01   4.1628597e-01   4.1628597e-01   6.2442895e-01   1.2031020e+00   4.1879742e+00   1.1172955e+01   1.1381098e+01   1.1381098e+01   1.1589241e+01   1.1973787e+02   1.1994602e+02   1.2114912e+02   1.2981943e+02
   0.0000000e+00   0.0000000e+00   0.0000000e+00   0.0000000e+00   2.0814298e-01   2.0814298e-01   2.0814298e-01   2.0814298e-01   2.0814298e-01   2.0814298e-01   2.0814298e-01   2.0814298e-01   2.0814298e-01   4.1628597e-01   4.1628597e-01   4.1628597e-01   4.1628597e-01   4.1628597e-01   4.1628597e-01   6.2442895e-01   1.2031020e+00   4.1879742e+00   1.1172955e+01   1.1381098e+01   1.1381098e+01   1.1589241e+01   1.1973787e+02   1.1994602e+02   1.2114912e+02   1.2981943e+02
