   1.2228725e+05   3.3844746e+05   9.3292389e+05   4.2994667e+05   1.8641250e+05   9.0483160e+05   1.6460220e+06   5.7625542e+05   2.2300181e+05   5.3012781e+05   1.2571462e+05   7.8723439e+05   8.1773569e+05   3.1935280e+05   7.0502239e+05   3.8281248e+05   3.2518547e+06   3.2082066e+05   8.0274672e+05   1.2909690e+06   2.5795000e+05   7.8372627e+05   1.3227407e+05   1.2098520e+06   1.2885565e+05   2.5390627e+05   2.1428709e+06   4.3638658e+05   6.9280872e+05   3.5782802e+05
   1.2228725e+05   3.3844746e+05   9.3292389e+05   4.2994667e+05   1.8641250e+05   3.5445443e+05   1.6460220e+06   5.7625542e+05   2.2300181e+05   4.8244867e+05   3.4159297e+03   7.8692021e+05   8.1389396e+05   8.5423546e+03   7.0502239e+05   3.8281248e+05   1.5574964e+05   3.2082066e+05   3.2149574e+05   5.2187270e+05   2.3317267e+05   2.2816516e+05   5.9307141e+04   2.1929067e+05   1.2885565e+05   2.5390627e+05   1.1575325e+06   4.3638658e+05   3.9700856e+05   3.5782802e+05
   1.2228725e+05   3.3844746e+05   2.0110473e+05   4.2994667e+05   1.7946513e+05   3.5445443e+05   6.4254123e+05   5.7625542e+05   2.2300181e+05   4.8244867e+05   3.4159297e+03   3.2151647e+05   7.6883568e+05   8.5423546e+03   8.2688858e+04   3.8281248e+05   1.5574964e+05   3.2082066e+05   1.4442377e+05   5.2187270e+05   2.3317267e+05   2.2816516e+05   5.9307141e+04   2.1929067e+05   1.2885565e+05   1.4972411e+05   7.3747886e+04   4.3638658e+05   3.9700856e+05   4.3400800e+04
   1.2228725e+05   3.3844746e+05   2.0110473e+05   1.9230708e+05   1.7946513e+05   3.5445443e+05   6.4254123e+05   5.7625542e+05   2.2300181e+05   1.2248002e+04   3.1961812e+03   3.2151647e+05   3.0333332e+05   8.5423546e+03   8.2688858e+04   6.0635492e+04   1.1050091e+05   3.1567710e+05   1.4442377e+05   7.0397847e+04   1.1223075e+05   2.2816516e+05   5.9307141e+04   1.2849077e+05   1.2885565e+05   1.4972411e+05   7.3747886e+04   4.3638658e+05   3.9700856e+05   3.7823204e+04
   7.5310238e+03   3.1650398e+04   6.5367985e+04   3.5557141e+04   4.2381982e+04   1.5834188e+05   1.4104583e+05   5.6311849e+04   2.2197236e+05   9.8736166e+03   3.1961812e+03   8.0387425e+04   7.2670462e+04   8.5423546e+03   1.2661324e+04   4.4078598e+04   6.9897843e+04   4.3856081e+04   6.7490285e+04   7.0397847e+04   6.7577997e+04   6.5215624e+04   3.7783453e+04   2.9692940e+03   4.3795503e+04   5.4042474e+04   7.3747886e+04   5.0045159e+04   7.0809727e+03   3.1139938e+04
   4.3584958e+03   2.9969956e+03   1.1970062e+04   2.6976915e+04   3.2489333e+03   1.8984838e+04   3.8437182e+03   8.5197416e+03   1.3577934e+04   5.2986546e+03   3.1961812e+03   8.2707232e+03   8.7311721e+03   8.5423546e+03   1.2661324e+04   2.6307792e+03   9.1807046e+03   3.1656662e+04   1.0480477e+04   3.2866966e+04   2.6200636e+04   7.1111023e+03   7.4963193e+03   2.9692940e+03   5.3807776e+03   1.4951695e+04   1.8910813e+04   5.0174731e+03   7.0809727e+03   2.7932095e+03
   1.3073461e+03   2.7275427e+03   2.5529123e+03   1.0770216e+03   1.7130996e+03   1.2941571e+03   2.8538318e+03   1.7467410e+03   2.2557437e+03   1.2562006e+03   1.6287720e+03   1.7419866e+03   1.1916177e+03   2.1428393e+03   1.2609848e+03   1.0456801e+03   1.1371308e+03   2.6164016e+03   9.7449925e+02   3.9582573e+03   1.2327218e+03   1.7604232e+03   1.6447075e+03   2.1755465e+03   8.8982302e+02   2.1892741e+03   1.4484386e+03   2.0199067e+03   1.3183279e+03   1.4830896e+03
   1.3185671e+02   4.4110073e+02   2.9944325e+02   4.0254993e+02   2.8498781e+02   1.4644117e+02   2.2272447e+02   1.9140374e+02   4.2201686e+02   4.1411549e+02   3.2941983e+02   2.4661555e+02   3.3085033e+02   2.3292292e+02   2.4358056e+02   1.6719915e+02   2.8648588e+02   2.9426744e+02   1.5425584e+02   4.1789585e+02   4.7210861e+02   4.2251747e+02   2.5790231e+02   3.3276248e+02   3.8288249e+02   3.1450049e+02   3.9891035e+02   1.8957819e+02   3.4786142e+02   3.0525176e+02
   2.2034201e+01   2.6169786e+01   2.5968064e+01   3.5555551e+01   2.3988494e+01   3.1181328e+01   4.5340397e+01   2.7614103e+01   2.3062662e+01   2.4316798e+01   3.8906496e+01   3.3626387e+01   5.1439776e+01   2.1719080e+01   2.6190847e+01   2.7302061e+01   2.3494879e+01   2.9986793e+01   3.2830132e+01   3.8475861e+01   4.5699420e+01   3.3070543e+01   4.5824186e+01   2.9500144e+01   3.6055050e+01   5.0160225e+01   3.2229064e+01   5.7626776e+01   4.5161228e+01   2.3315778e+01
   3.6867131e+00   4.4883848e+00   4.6021965e+00   4.6397777e+00   6.5600613e+00   2.0559760e+00   3.5198517e+00   3.2323901e+00   3.3473206e+00   6.5290120e+00   5.0370564e+00   3.8421124e+00   1.1013974e+01   3.6408741e+00   6.7840239e+00   6.7809610e+00   4.7417298e+00   6.2394801e+00   2.0438438e+00   6.9730912e+00   5.7823786e+00   7.2759259e+00   5.6524738e+00   4.9058994e+00   4.8449452e+00   5.4028600e+00   4.9313983e+00   7.1528330e+00   1.2114357e+01   4.3064720e+00
   3.4639732e-01   5.2597588e-01   1.1446936e+00   7.4584654e-01   1.3269066e+00   5.1991802e-01   5.2672528e-01   6.4605888e-01   1.2130302e+00   1.5201930e+00   1.2597706e+00   1.2521955e+00   2.0160852e+00   8.9244811e-01   8.0168850e-01   7.8024606e-01   1.0470413e+00   1.4940953e+00   6.2622260e-01   6.7145844e-01   6.5769953e-01   1.0472969e+00   1.1877299e+00   1.6100864e+00   1.3115442e+00   9.0917602e-01   1.2083002e+00   1.0507725e+00   1.2308563e+00   1.1222337e+00
   2.0523847e-02   6.3226506e-02   1.4007159e-01   5.1060372e-01   1.8929149e-01   9.7140443e-02   1.7687062e-01   3.1803872e-01   5.2083741e-01   6.6591448e-01   4.1174003e-01   4.0970582e-01   4.5624250e-01   5.9341460e-01   3.8984137e-01   3.9060786e-01   4.3565842e-01   5.2436762e-01   4.8760215e-01   4.9871216e-01   4.9962748e-01   5.0049669e-01   8.3036256e-01   1.2200010e+00   6.8834216e-01   8.0181104e-01   8.1218838e-01   8.1215040e-01   8.1314353e-01   8.1290008e-01
   2.2553620e-03   4.5919006e-03   3.8446576e-02   2.0410906e-02   2.7299382e-02   3.7996986e-02   5.9557574e-02   1.4437970e-01   1.5314354e-01   5.1035897e-01   1.8601465e-01   3.2635151e-01   3.3630282e-01   3.5572774e-01   3.5485138e-01   3.6790900e-01   3.9667845e-01   4.8351279e-01   4.8048037e-01   4.9716049e-01   4.9880358e-01   4.9985983e-01   5.7061228e-01   6.2862573e-01   6.2615030e-01   7.8975625e-01   8.1049402e-01   8.1059947e-01   8.1084132e-01   8.1215304e-01
   1.5010074e-03   4.3882074e-03   1.6460467e-02   2.0371311e-02   2.2401206e-02   2.9359413e-02   5.7115203e-02   1.2360145e-01   1.5292892e-01   1.6736531e-01   1.8487137e-01   3.2629443e-01   3.3598317e-01   3.4372525e-01   3.5484164e-01   3.6789417e-01   3.9662961e-01   4.8336692e-01   4.7956087e-01   4.9715962e-01   4.9880322e-01   4.9985979e-01   5.6657633e-01   6.2435516e-01   6.2614896e-01   7.8972881e-01   8.1047666e-01   8.1059684e-01   8.1084130e-01   8.1215295e-01
   1.4706136e-03   4.3877761e-03   1.6460249e-02   2.0371205e-02   2.2391010e-02   2.9357805e-02   5.7115011e-02   1.2356927e-01   1.5290056e-01   1.6720127e-01   1.7084307e-01   3.2629432e-01   3.3598300e-01   3.4372511e-01   3.5482114e-01   3.6789398e-01   3.9662947e-01   4.7749935e-01   4.7956078e-01   4.9715958e-01   4.9880320e-01   4.9985978e-01   5.6183344e-01   6.2435515e-01   6.2614877e-01   7.8972877e-01   8.1047663e-01   8.1059681e-01   8.1084128e-01   8.1215287e-01
   1.4688599e-03   4.3876055e-03   1.6459886e-02   2.0370762e-02   2.2390628e-02   2.9357350e-02   5.7114387e-02   1.2356848e-01   1.5289974e-01   1.6720023e-01   1.7084208e-01   3.2629397e-01   3.3598247e-01   3.4372463e-01   3.5482059e-01   3.6789331e-01   3.9662913e-01   4.7749924e-01   4.7956063e-01   4.9715953e-01   4.9880316e-01   4.9985977e-01   5.6183241e-01   6.2435515e-01   6.2614808e-01   7.8972863e-01   8.1047656e-01   8.1059677e-01   8.1084122e-01   8.1215286e-01
