   5.1566493e+07   2.4378025e+07   1.6722542e+07   1.3375980e+08   6.8386928e+06   6.0240391e+07   4.4906215e+07   7.8399211e+07   2.5871544e+07   4.1610011e+07   3.3359544e+07   5.2073585e+07   2.1202724e+07   2.2886324e+07   3.7820277e+07   1.1953844e+07   8.2381061e+07   3.3772309e+07   3.5115290e+07   6.1444164e+07   1.0561302e+08   4.1379310e+07   4.7652577e+07   6.7088495e+07   4.2936587e+07   3.8549117e+07   6.7976657e+07   5.4674965e+07   4.2991952e+07   4.6979811e+07
   1.5083452e+07   2.4378025e+07   1.6722542e+07   3.3233844e+07   6.8386928e+06   2.3608773e+07   4.3427004e+07   2.4672009e+07   2.5871544e+07   4.1610011e+07   6.4967226e+06   8.3235996e+06   2.1202724e+07   2.2886324e+07   3.7820277e+07   1.1953844e+07   6.0578185e+06   2.9371774e+07   2.5131922e+07   4.1771911e+07   1.7355710e+07   4.1379310e+07   3.3760430e+07   4.8330076e+07   3.3999750e+07   1.9784120e+07   4.4068335e+07   1.8221766e+07   3.9043049e+07   2.5882391e+07
   1.5083452e+07   2.4378025e+07   1.6722542e+07   2.9941277e+07   6.8386928e+06   2.3608773e+07   3.7314975e+07   1.4889899e+07   2.1953600e+07   3.3472854e+07   6.4967226e+06   8.3235996e+06   4.6927650e+06   1.4983926e+07   3.3206639e+07   1.0976004e+07   6.0578185e+06   2.6928004e+07   2.5131922e+07   1.5112602e+07   1.7355710e+07   1.2651208e+07   2.8540979e+07   3.5865203e+07   1.5278342e+07   1.5758095e+07   3.8219914e+07   1.5284034e+07   2.8135930e+07   2.4956544e+07
   1.5083452e+07   2.4378025e+07   1.0892078e+07   2.1818774e+07   6.8386928e+06   2.3608773e+07   4.9410219e+06   9.1679639e+06   1.8573143e+07   1.7812029e+07   6.4967226e+06   8.3235996e+06   4.6927650e+06   8.9012494e+06   9.4348114e+06   1.0976004e+07   6.0578185e+06   1.3434990e+07   1.1466818e+07   1.4164267e+07   1.7355710e+07   1.2651208e+07   2.6300145e+07   2.1554252e+06   5.3380062e+06   1.5758095e+07   2.8265259e+07   1.5284034e+07   2.2394987e+07   1.1982134e+07
   1.5083452e+07   6.2865409e+06   1.0892078e+07   9.9597000e+06   6.8386928e+06   1.0782420e+07   4.9410219e+06   9.1679639e+06   1.2906906e+07   8.5651980e+06   6.4967226e+06   2.6723087e+06   4.5206320e+06   8.9012494e+06   9.4348114e+06   4.1232179e+06   6.0578185e+06   1.3434990e+07   8.9804838e+06   1.2383419e+07   1.5294748e+07   4.5060309e+06   3.3333491e+06   2.1554252e+06   5.3380062e+06   1.5758095e+07   6.7742426e+06   9.9448680e+06   1.1488172e+07   1.1982134e+07
   1.6663401e+06   6.2865409e+06   7.1646255e+06   9.9597000e+06   4.6781396e+06   1.0687593e+07   4.9404499e+06   4.0057904e+06   4.7820894e+06   3.0714580e+06   6.4967226e+06   2.6723087e+06   3.5237995e+06   1.6754635e+06   1.2927610e+06   4.1232179e+06   3.6775583e+06   3.5151921e+06   5.4638081e+06   6.7732286e+06   6.7036477e+06   4.2251748e+06   3.3333491e+06   1.9865158e+06   4.5725569e+06   7.1202627e+06   6.7742426e+06   9.9448680e+06   7.8228689e+06   7.6487770e+06
   1.3108442e+06   8.0749678e+05   1.4534122e+06   1.3292369e+06   1.1217443e+06   1.0591228e+06   8.0117023e+05   6.2258090e+05   1.0996557e+06   1.6089294e+06   1.5528057e+06   1.4830355e+06   8.3827738e+05   1.6754635e+06   1.2927610e+06   1.2063539e+06   1.1102775e+06   2.0598505e+05   1.0694705e+06   6.6590612e+05   7.4765058e+05   2.3318334e+06   2.0693791e+06   1.4685000e+06   9.0528694e+05   9.8004212e+05   9.1721720e+05   1.2367988e+06   2.0094362e+06   9.3439284e+05
   7.3138660e+04   4.0912828e+04   6.1317378e+04   2.8483965e+04   5.1330002e+04   5.1458982e+04   4.1477143e+04   6.0424274e+04   8.2735931e+04   4.6994514e+04   2.4382840e+04   3.2300452e+04   3.6414009e+04   5.7392949e+04   5.8730537e+04   4.4970290e+04   8.5839538e+04   3.5144398e+04   3.1721428e+04   1.1614103e+05   2.3044550e+04   4.3814981e+04   4.2059742e+04   2.2778253e+04   5.7202207e+04   2.8154999e+04   8.1763296e+04   4.7028564e+04   4.4631678e+04   4.1677225e+04
   1.3012187e+03   2.0865015e+03   1.6303801e+03   1.7968575e+03   2.1201745e+03   1.1524156e+03   1.0871378e+03   1.7032072e+03   1.5173895e+03   2.0838828e+03   2.0391059e+03   1.5528442e+03   1.9258999e+03   1.6135349e+03   1.4178891e+03   2.1880104e+03   1.8982931e+03   1.5534147e+03   1.9464892e+03   1.1704089e+03   1.3082636e+03   1.9980611e+03   1.7841549e+03   1.8532664e+03   1.5519718e+03   1.6527712e+03   1.4342128e+03   1.8133014e+03   1.5412421e+03   1.8070039e+03
   4.6884821e+02   5.3151957e+02   2.9293492e+02   4.3802991e+02   3.2059361e+02   3.3877438e+02   3.6465478e+02   5.6115343e+02   3.5293908e+02   2.5432396e+02   4.2268444e+02   3.8292537e+02   4.6681153e+02   3.0859672e+02   4.7523279e+02   4.7143937e+02   3.2022836e+02   4.8662674e+02   3.1896865e+02   4.0400992e+02   2.4627681e+02   3.0581097e+02   4.4289965e+02   2.8117775e+02   3.1663575e+02   3.4249971e+02   3.4262541e+02   5.0452018e+02   4.2991975e+02   2.6466044e+02
   1.7799030e+02   1.7200069e+02   1.4927303e+02   2.1559192e+02   1.9032318e+02   1.2105206e+02   1.4988882e+02   1.8231015e+02   1.5421749e+02   1.1757610e+02   1.8054127e+02   1.9336703e+02   2.2450539e+02   1.3934614e+02   1.5441524e+02   2.1084986e+02   2.0305186e+02   1.3237780e+02   1.7410446e+02   1.7111944e+02   1.7125823e+02   1.2597281e+02   1.5116177e+02   1.8374754e+02   1.4114637e+02   1.3796904e+02   1.3139404e+02   1.1125413e+02   1.5647171e+02   1.8648040e+02
   6.3155334e+01   5.5517229e+01   2.5791990e+01   5.1593541e+01   4.5121465e+01   3.5160687e+01   3.6561828e+01   8.6758236e+01   3.9104398e+01   3.3115722e+01   4.9107335e+01   6.4554854e+01   6.5839515e+01   4.3402731e+01   3.8907113e+01   1.0759928e+02   4.4580170e+01   4.1718530e+01   4.2858073e+01   4.9713401e+01   4.7870301e+01   4.5684059e+01   4.9755398e+01   4.9893701e+01   2.4773491e+01   6.1409231e+01   4.8032110e+01   6.5006003e+01   3.3528313e+01   3.6969648e+01
   5.0901239e+00   4.8054406e+00   3.3425642e+00   9.4673426e+00   3.1245826e+00   3.6888496e+00   4.4616617e+00   6.0144541e+00   2.8171441e+00   3.2554370e+00   4.1567863e+00   5.7019884e+00   6.1317741e+00   3.8776284e+00   5.5523635e+00   7.4416860e+00   5.7949555e+00   4.2153078e+00   4.9754865e+00   3.4126705e+00   4.1247369e+00   3.4284703e+00   4.9778563e+00   4.3447723e+00   3.2099133e+00   4.6384668e+00   3.3937017e+00   6.8945772e+00   4.2749980e+00   6.4468634e+00
   6.1349682e-04   2.4203896e-04   5.0853596e-06   4.8043197e-04   1.8054931e-05   1.7664279e-05   3.4803867e-03   2.9714727e-04   5.9670356e-08   8.0048920e-04   2.8065265e-05   8.0655595e-04   9.9857613e-03   1.5572257e-04   7.4268218e-04   3.2848731e-04   6.4167509e-06   8.1014605e-08   8.7798939e-04   9.3227122e-05   4.1175406e-05   1.9805655e-04   7.2956577e-06   8.4128505e-05   1.3552512e-05   6.9445453e-03   2.7902408e-06   3.1811088e-04   9.7218413e-07   4.1880017e+00
   0.0000000e+00   0.0000000e+00   0.0000000e+00   0.0000000e+00   0.0000000e+00   0.0000000e+00   0.0000000e+00   0.0000000e+00   0.0000000e+00   0.0000000e+00   0.0000000e+00   0.0000000e+00   0.0000000e+00   0.0000000e+00   0.0000000e+00   0.0000000e+00   0.0000000e+00   0.0000000e+00   0.0000000e+00   0.0000000e+00   0.0000000e+00   0.0000000e+00   0.0000000e+00   0.0000000e+00   0.0000000e+00   0.0000000e+00   0.0000000e+00   0.0000000e+00   0.0000000e+00   4.1880017e+00
   0.0000000e+00   0.0000000e+00   0.0000000e+00   0.0000000e+00   0.0000000e+00   0.0000000e+00   0.0000000e+00   0.0000000e+00   0.0000000e+00   0.0000000e+00   0.0000000e+00   0.0000000e+00   0.0000000e+00   0.0000000e+00   0.0000000e+00   0.0000000e+00   0.0000000e+00   0.0000000e+00   0.0000000e+00   0.0000000e+00   0.0000000e+00   0.0000000e+00   0.0000000e+00   0.0000000e+00   0.0000000e+00   0.0000000e+00   0.0000000e+00   0.0000000e+00   0.0000000e+00   4.1880017e+00
