   2.2418102e+02   3.7712791e+02   3.1838675e+02   1.3961206e+02   3.6920958e+02   2.7437307e+02   1.8695149e+02   3.6075077e+02   2.1257228e+02   3.8417391e+02   4.5211083e+02   3.5376245e+02   3.1091104e+02   2.8110583e+02   2.2885229e+02   3.6801736e+02   2.9262380e+02   2.1153043e+02   2.4329768e+02   2.2397808e+02   1.9158504e+02   2.0598696e+02   1.8036596e+02   4.9830694e+02   3.0083716e+02   1.5912366e+02   2.5085508e+02   3.2950568e+02   2.9653096e+02   3.5078802e+02
   1.6235068e+02   2.7401829e+02   1.5546417e+02   1.3961206e+02   1.6780574e+02   2.1151435e+02   1.8695149e+02   1.8952331e+02   2.1257228e+02   2.7883313e+02   4.1720971e+02   2.1201301e+02   2.0322113e+02   1.3983893e+02   1.8314140e+02   2.9329747e+02   2.1605413e+02   2.1153043e+02   2.4329768e+02   2.2397808e+02   1.9158504e+02   2.0598696e+02   1.7675184e+02   2.5050475e+02   1.6683215e+02   1.5912366e+02   2.4443171e+02   2.9630883e+02   2.9653096e+02   2.9121838e+02
   1.3729265e+02   1.5196935e+02   1.5546417e+02   1.1622580e+02   1.6780574e+02   1.5137359e+02   1.8695149e+02   1.8952331e+02   1.5556930e+02   1.4586738e+02   1.4680434e+02   2.1201301e+02   1.6483934e+02   1.3983893e+02   1.6212553e+02   2.1804525e+02   2.1605413e+02   2.0655096e+02   1.8647755e+02   1.8466806e+02   1.8636337e+02   2.0598696e+02   1.7675184e+02   2.2516096e+02   1.6683215e+02   1.5912366e+02   2.2713851e+02   1.8961787e+02   1.9893056e+02   1.8144914e+02
   1.2812908e+02   1.1813536e+02   1.5234976e+02   1.1622580e+02   1.5935334e+02   1.5137359e+02   1.2154383e+02   1.8072917e+02   1.5293372e+02   1.4586738e+02   1.4680434e+02   1.8223466e+02   1.3173440e+02   1.3983893e+02   1.5494753e+02   1.6115419e+02   1.4271083e+02   1.9244411e+02   1.6221861e+02   1.4791067e+02   1.8636337e+02   1.7893475e+02   1.5833815e+02   1.7760541e+02   1.5833189e+02   1.5912366e+02   1.4822678e+02   1.8961787e+02   1.5311482e+02   1.2238636e+02
   1.2162587e+02   1.0651111e+02   1.0388279e+02   1.0679550e+02   1.2799680e+02   1.1916854e+02   1.2154383e+02   1.0298911e+02   1.3663605e+02   1.3158895e+02   1.3724832e+02   1.3203052e+02   1.2823535e+02   1.2169838e+02   9.7562525e+01   1.2510780e+02   1.2196190e+02   1.2819885e+02   1.2357372e+02   1.0399178e+02   1.5779449e+02   1.3290842e+02   1.3224163e+02   1.0922797e+02   1.4089360e+02   1.3946273e+02   9.6064186e+01   1.2443568e+02   1.3660774e+02   1.2238636e+02
   8.9867105e+01   9.7146926e+01   9.8756476e+01   9.8309840e+01   9.5763998e+01   9.3797600e+01   9.8857081e+01   1.0298911e+02   9.4824920e+01   9.3205576e+01   9.4917998e+01   1.0325853e+02   9.1771115e+01   1.0499491e+02   9.7562525e+01   1.0040266e+02   9.9102836e+01   1.0232042e+02   9.1367360e+01   9.8290473e+01   1.1271366e+02   9.8715445e+01   9.7508867e+01   9.1445937e+01   1.0271950e+02   9.6359551e+01   9.2821691e+01   9.9640132e+01   1.0310792e+02   1.0570165e+02
   8.5181192e+01   8.3119662e+01   8.5200063e+01   7.8083655e+01   8.3765979e+01   8.2003001e+01   8.1737277e+01   8.2389107e+01   8.3956572e+01   7.9170369e+01   8.2057769e+01   8.3528273e+01   7.8760300e+01   8.1918014e+01   8.3418585e+01   8.3260428e+01   8.4869634e+01   8.3516436e+01   8.5136087e+01   8.1556185e+01   8.1935779e+01   8.3603761e+01   8.8149874e+01   8.0462837e+01   8.1677827e+01   8.2060140e+01   8.1125456e+01   8.1705308e+01   8.4160050e+01   8.3427066e+01
   7.4634851e+01   7.6653167e+01   6.9926897e+01   7.5348210e+01   6.8645988e+01   7.6025716e+01   7.5603025e+01   7.6417301e+01   7.6403636e+01   7.6110588e+01   7.5534534e+01   7.5565327e+01   7.6637204e+01   7.6867723e+01   7.6226811e+01   7.6786944e+01   7.5916892e+01   7.5789858e+01   7.6882762e+01   7.6995866e+01   7.6542896e+01   7.7076136e+01   7.6495952e+01   7.6881134e+01   7.5987395e+01   7.5862045e+01   7.7376687e+01   7.6912854e+01   7.6615353e+01   7.6284286e+01
   5.6104951e+01   7.3117470e+01   5.4720454e+01   5.4397891e+01   5.4343601e+01   7.3817618e+01   7.3640387e+01   7.3317253e+01   7.4100920e+01   7.3823838e+01   7.4205232e+01   7.3310352e+01   7.3405316e+01   7.4142445e+01   7.2838983e+01   7.3789065e+01   7.3071983e+01   7.4088238e+01   7.4313776e+01   7.3889484e+01   7.2730425e+01   7.4608634e+01   7.3245146e+01   7.4261601e+01   7.3960863e+01   7.4361755e+01   7.4601985e+01   7.3495923e+01   7.3891359e+01   7.4675376e+01
   5.3281089e+01   5.3743757e+01   5.3046024e+01   5.3701627e+01   5.3179341e+01   7.2715199e+01   7.2563686e+01   7.2796521e+01   7.3238689e+01   7.3196778e+01   7.2840734e+01   7.3114667e+01   7.2117206e+01   7.2706336e+01   7.2838983e+01   7.2229270e+01   7.2379414e+01   7.2955963e+01   7.2858049e+01   7.2838842e+01   7.2141920e+01   7.3197549e+01   7.3042148e+01   7.3202618e+01   7.2877569e+01   7.3403412e+01   7.2862875e+01   7.3029488e+01   7.3022377e+01   7.3558754e+01
   5.2815716e+01   5.2534143e+01   5.2951337e+01   5.2438927e+01   5.2664914e+01   5.8423024e+01   7.2524609e+01   7.2388416e+01   7.1811591e+01   7.2625529e+01   7.2467807e+01   7.2387506e+01   7.2117206e+01   7.2415212e+01   7.2738363e+01   7.2229270e+01   7.2379414e+01   7.2381420e+01   7.2547095e+01   7.2230950e+01   7.2141920e+01   7.2458741e+01   7.2397719e+01   7.1874828e+01   7.2547044e+01   7.2459102e+01   7.2848792e+01   7.2694816e+01   7.2348104e+01   7.3558754e+01
   5.2433198e+01   5.2534143e+01   5.2766227e+01   5.2078397e+01   5.2595637e+01   5.2965036e+01   7.2061561e+01   7.2388416e+01   7.1811591e+01   7.2590514e+01   7.1946872e+01   7.2305124e+01   7.2117206e+01   7.2046996e+01   7.2254543e+01   7.2229270e+01   7.2379414e+01   7.2381420e+01   7.2177030e+01   7.2183573e+01   7.1785221e+01   7.2458741e+01   7.2025247e+01   7.1874828e+01   7.2257937e+01   7.2459102e+01   7.2239968e+01   7.2456173e+01   7.2348104e+01   7.3089581e+01
   5.1812199e+01   5.1743833e+01   5.2666825e+01   5.1756741e+01   5.1832702e+01   5.2034521e+01   7.2061561e+01   7.1831120e+01   7.1811591e+01   7.2331841e+01   7.1946872e+01   7.1909666e+01   7.1762738e+01   7.2046996e+01   7.1809996e+01   7.2214610e+01   7.1957429e+01   7.2145760e+01   7.2177030e+01   7.1470437e+01   7.1770565e+01   7.2270254e+01   7.2025247e+01   7.1378762e+01   7.1820223e+01   7.1716254e+01   7.1911039e+01   7.1880419e+01   7.1821267e+01   7.2467468e+01
   5.1333776e+01   5.1367361e+01   5.1450943e+01   5.1440679e+01   5.1446117e+01   5.1404647e+01   7.1885301e+01   7.1101230e+01   7.1776568e+01   7.2161801e+01   7.1321959e+01   7.1685122e+01   7.1343741e+01   7.1933602e+01   7.1203110e+01   7.1838949e+01   7.1215667e+01   7.1966402e+01   7.1727926e+01   7.1174238e+01   7.1544936e+01   7.1879683e+01   7.2022709e+01   7.1074113e+01   7.1244571e+01   7.1222361e+01   7.1911039e+01   7.1333874e+01   7.1414194e+01   7.2230281e+01
   5.1253376e+01   5.1288247e+01   5.1291952e+01   5.1298249e+01   5.1299034e+01   5.1377228e+01   7.0982846e+01   7.0913206e+01   7.1017929e+01   7.0994619e+01   7.0919839e+01   7.0977562e+01   7.0946509e+01   7.0974728e+01   7.0942351e+01   7.0952104e+01   7.0976033e+01   7.0994059e+01   7.0980127e+01   7.0950703e+01   7.1061513e+01   7.1085445e+01   7.1053226e+01   7.0979947e+01   7.1009304e+01   7.1012956e+01   7.1038672e+01   7.1144302e+01   7.1179896e+01   7.2085670e+01
   5.1248063e+01   5.1276799e+01   5.1278179e+01   5.1288819e+01   5.1291257e+01   5.1375085e+01   7.0897204e+01   7.0900871e+01   7.0902901e+01   7.0903351e+01   7.0910913e+01   7.0922181e+01   7.0922812e+01   7.0923387e+01   7.0923422e+01   7.0926210e+01   7.0932939e+01   7.0942243e+01   7.0942348e+01   7.0944223e+01   7.0949738e+01   7.0960231e+01   7.0962524e+01   7.0965929e+01   7.0972465e+01   7.0983323e+01   7.1038672e+01   7.1136454e+01   7.1139411e+01   7.2054734e+01
