   3.4491887e+07   1.8200078e+07   3.6558608e+07   1.9522419e+07   2.4416501e+07   9.2901948e+06   2.3144010e+07   6.0746252e+06   1.7867278e+07   8.4591259e+06   1.0090772e+07   1.5313943e+07   1.5143373e+07   1.6090378e+07   1.3182830e+07   5.4206499e+06   1.5362947e+07   3.2873747e+07   1.2668474e+07   2.4109789e+06   7.6500173e+06   2.5947311e+07   5.0447129e+07   4.2049731e+07   1.3851132e+07   6.9539648e+06   3.8282584e+07   2.6261197e+07   2.8676755e+07   7.2394464e+06
   9.7219453e+06   1.4995316e+07   9.2945712e+06   9.2560891e+06   1.2895684e+07   9.2901948e+06   5.7061587e+06   6.0746252e+06   1.1992867e+07   8.4591259e+06   5.0393536e+06   1.2127929e+07   1.5143373e+07   9.0706118e+06   1.3182830e+07   5.4206499e+06   9.4645284e+06   7.0277501e+06   6.6651262e+06   2.4109789e+06   5.1186844e+06   2.0489875e+07   1.1167765e+07   1.0559389e+07   9.4521174e+06   6.9539648e+06   7.7497333e+06   2.6261197e+07   2.4638560e+07   7.2394464e+06
   7.9348843e+06   1.4995316e+07   9.2945712e+06   4.9553415e+06   5.5572100e+06   9.2901948e+06   5.7061587e+06   6.0746252e+06   4.1044893e+06   7.7776255e+06   5.0393536e+06   1.2127929e+07   1.5143373e+07   6.5330642e+06   5.7755041e+06   4.1578204e+06   9.4645284e+06   4.6539220e+06   6.6651262e+06   2.4109789e+06   5.1186844e+06   1.7005128e+07   1.1167765e+07   6.3083247e+06   9.4521174e+06   6.9539648e+06   6.7661428e+06   1.3479967e+07   5.1006970e+06   7.2394464e+06
   6.0706557e+06   3.7933310e+06   4.0304973e+06   3.8003347e+06   4.8893331e+06   9.2901948e+06   5.7061587e+06   6.0746252e+06   3.5736431e+06   7.7776255e+06   3.4224756e+06   5.7808733e+06   9.0747949e+06   6.1860234e+06   5.7291076e+06   4.1578204e+06   3.6330511e+06   4.6539220e+06   6.6651262e+06   2.4109789e+06   5.1186844e+06   1.0466272e+07   3.6378492e+06   6.3083247e+06   4.7757171e+06   6.9539648e+06   2.6892235e+06   5.2971313e+06   5.1006970e+06   4.2072170e+06
   2.7988424e+06   3.2689669e+06   4.0304973e+06   5.8799987e+05   2.3005286e+06   7.5875049e+06   3.8776905e+06   6.0746252e+06   3.5736431e+06   7.7776255e+06   3.4224756e+06   5.7808733e+06   2.9321506e+06   4.0111020e+06   4.1477762e+06   2.8737781e+06   3.6330511e+06   3.8768362e+06   2.2316275e+06   2.4109789e+06   5.1186844e+06   5.7020868e+06   3.6378492e+06   1.2713131e+06   4.7757171e+06   5.9231907e+06   1.4104150e+06   1.6230924e+06   1.1286449e+06   3.7554032e+06
   2.7988424e+06   6.4174805e+05   9.1893600e+05   5.8799987e+05   1.4456154e+06   1.1165326e+06   2.3170301e+06   3.4186578e+06   3.5736431e+06   2.4363123e+06   4.1473645e+05   4.4789058e+06   1.2613466e+06   2.1365495e+06   1.0922341e+06   1.4470400e+06   1.1868097e+06   1.9468033e+06   2.2316275e+06   1.1862771e+06   4.6352565e+06   9.8813575e+05   3.5961261e+06   1.2713131e+06   1.5787330e+06   1.9681860e+06   3.4156423e+05   1.5463936e+06   1.1286449e+06   2.4610292e+06
   2.3022374e+05   2.0727515e+05   4.8351306e+05   5.3060414e+05   1.1995432e+05   1.8507839e+05   5.5976570e+05   2.1390821e+05   6.2609845e+05   3.4542326e+05   2.0983870e+05   4.5454878e+05   4.5967311e+05   1.2900617e+05   3.9772589e+05   3.0778947e+05   1.7359383e+05   2.0677100e+05   3.9214655e+05   5.8729082e+05   1.8142362e+05   4.7364238e+05   2.8351928e+05   5.7270992e+05   4.1639310e+05   3.8100703e+05   3.4156423e+05   6.2928793e+05   4.4235829e+05   3.6407389e+05
   2.9456518e+04   2.3626543e+04   1.2261792e+04   1.5345256e+04   1.3016101e+04   2.3473023e+04   2.0323782e+04   1.6235211e+04   8.9510511e+03   1.6558238e+04   1.2933613e+04   2.9119823e+04   2.4932223e+04   2.4498791e+04   3.5929293e+04   2.4885472e+04   2.1188922e+04   1.8450074e+04   2.1835963e+04   2.0817275e+04   1.7592905e+04   3.4792863e+04   2.5335866e+04   2.2614644e+04   2.6040992e+04   1.6052465e+04   2.7425196e+04   2.3200658e+04   2.3321228e+04   1.4579818e+04
   6.5369302e+02   5.6071601e+02   8.2264138e+02   8.6831928e+02   7.6865368e+02   4.9330389e+02   9.9654747e+02   9.1319854e+02   8.2806004e+02   3.7169603e+02   7.5519952e+02   9.1523472e+02   6.4973730e+02   7.7404088e+02   9.5697270e+02   8.5245370e+02   5.1499566e+02   8.5315684e+02   8.6475432e+02   6.1528736e+02   7.9379805e+02   9.6405264e+02   4.3818938e+02   9.5580451e+02   8.9112802e+02   6.2698729e+02   8.3865784e+02   8.5127387e+02   1.0402459e+03   9.1748592e+02
   3.1006364e+02   1.9284657e+02   2.9839881e+02   1.5393301e+02   2.1771522e+02   1.6638040e+02   1.7147953e+02   9.6166746e+01   1.8587383e+02   1.3398623e+02   1.7452993e+02   1.7549584e+02   1.5277216e+02   1.2575734e+02   1.3251617e+02   1.8103427e+02   1.7173807e+02   2.2351794e+02   2.4163533e+02   1.6251512e+02   1.6475377e+02   2.5100262e+02   2.7974160e+02   1.6877095e+02   3.1273810e+02   3.1042067e+02   3.2387385e+02   3.0605939e+02   3.2852628e+02   3.1936884e+02
   1.3898562e+02   7.4794736e+01   6.3624994e+01   5.0526608e+01   7.4673793e+01   5.4881822e+01   9.0129703e+01   2.0862203e+01   8.9575321e+01   3.5521277e+01   4.5695104e+01   2.9269541e+01   6.8028317e+01   4.3358838e+01   5.5452194e+01   1.9623389e+01   6.9927303e+01   7.0150599e+01   1.7635553e+02   4.4830667e+01   6.7306150e+01   8.7952143e+01   6.8480060e+01   2.3990415e+01   2.2048862e+02   2.3088178e+02   1.8293159e+02   1.7819410e+02   2.4448702e+02   2.4653090e+02
   4.4294887e+01   1.9036230e+01   6.1667676e+00   1.7031358e+00   1.2182494e+01   1.6633086e+00   9.5395494e+00   1.0436437e+00   2.4835003e+00   2.2729341e+00   2.1737254e+00   9.3016911e-01   1.9910193e+00   2.0014337e+00   4.3963630e+00   1.1000260e+00   2.4642955e+00   1.7607652e+01   5.5044531e+01   2.1402378e+00   2.1580559e+00   1.8998725e+01   9.2311677e+00   1.0209464e+01   1.3458164e+02   1.5078140e+02   1.2185276e+02   1.2238482e+02   1.2127088e+02   1.3203434e+02
   2.0908943e+00   1.1309180e+00   7.1842819e-01   1.5135798e+00   6.8596056e-01   6.6298935e-01   7.0322988e-01   8.3993646e-01   1.7074612e+00   6.8601913e-01   9.3259706e-01   8.0088241e-01   8.2730423e-01   8.9746690e-01   9.7134282e-01   9.7887253e-01   9.9918938e-01   1.0935615e+00   1.6070476e+00   1.1351177e+00   1.1564616e+00   1.8361934e+00   9.0419999e+00   9.9546565e+00   1.1969687e+02   1.2018098e+02   1.1910934e+02   1.2010037e+02   1.2000933e+02   1.2115316e+02
   2.1775853e-01   1.9627945e-01   2.7214472e-01   4.7323016e-01   5.1239638e-01   5.0000011e-01   5.1943182e-01   7.1532173e-01   1.6435475e+00   6.5608528e-01   6.6154080e-01   6.7500817e-01   8.1207315e-01   8.1854004e-01   8.2652388e-01   9.6818792e-01   9.6919394e-01   9.8778446e-01   1.1824051e+00   1.1235621e+00   1.1244688e+00   1.6522164e+00   8.9111905e+00   8.9385447e+00   1.1887465e+02   1.1895748e+02   1.1909433e+02   1.1909476e+02   1.1979189e+02   1.1997598e+02
   6.1790990e-02   9.0319436e-02   1.5463297e-01   4.5252149e-01   4.9010613e-01   5.0000000e-01   5.1943182e-01   6.2894513e-01   6.3845809e-01   6.5608359e-01   6.5611741e-01   6.7498805e-01   8.1202892e-01   8.1853784e-01   8.2641299e-01   9.6818110e-01   9.6823815e-01   9.8778446e-01   1.1089268e+00   1.1213685e+00   1.1244673e+00   1.6522164e+00   8.8670809e+00   8.9379252e+00   1.1860853e+02   1.1893781e+02   1.1909432e+02   1.1909439e+02   1.1962475e+02   1.1995551e+02
   2.6225266e-02   4.6270974e-02   8.7984341e-02   4.5252033e-01   4.5899804e-01   5.0000000e-01   5.1943182e-01   6.2873138e-01   6.3555202e-01   6.5608358e-01   6.5611741e-01   6.7498802e-01   8.1202890e-01   8.1853776e-01   8.2641293e-01   9.6818109e-01   9.6823814e-01   9.8778446e-01   1.1089251e+00   1.1091538e+00   1.1244673e+00   1.6522164e+00   8.8321776e+00   8.9379230e+00   1.1850761e+02   1.1893781e+02   1.1909432e+02   1.1909439e+02   1.1959484e+02   1.1995433e+02
