   2.9468801e+02   4.3185868e+02   3.5665014e+02   4.7302993e+02   2.5679038e+02   3.0396321e+02   2.7984519e+02   4.9371580e+02   5.2223017e+02   2.0740602e+02   3.3538232e+02   3.5598227e+02   3.7741362e+02   4.1368958e+02   3.0503840e+02   1.9264181e+02   4.7955845e+02   2.8970357e+02   3.6477960e+02   2.5786837e+02   4.3446396e+02   3.8478922e+02   3.6872642e+02   2.9361685e+02   2.9487549e+02   2.1583869e+02   2.7379072e+02   4.1254001e+02   2.3727130e+02   3.3285547e+02
   2.8303541e+02   3.6246175e+02   2.9574819e+02   2.5650845e+02   1.5076568e+02   1.1662884e+02   2.6628855e+02   1.5772885e+02   2.1057428e+02   1.9769438e+02   2.8680179e+02   3.5598227e+02   1.9826644e+02   2.4591640e+02   3.0503840e+02   1.9264181e+02   3.6605212e+02   2.8970357e+02   3.1172686e+02   1.9821282e+02   2.9423095e+02   1.3144996e+02   2.4176491e+02   1.8732457e+02   1.9830327e+02   2.1583869e+02   2.4901028e+02   1.6923764e+02   2.3727130e+02   3.0180557e+02
   1.9798275e+02   1.5400838e+02   2.4346023e+02   2.5650845e+02   1.5076568e+02   1.1662884e+02   2.6628855e+02   1.5772885e+02   1.9135326e+02   1.4333660e+02   2.8680179e+02   2.7442479e+02   1.9826644e+02   2.4591640e+02   1.2222359e+02   1.9264181e+02   3.1434980e+02   1.8232788e+02   1.5435902e+02   1.8820828e+02   2.4869463e+02   1.3144996e+02   1.9890752e+02   1.6603949e+02   1.6476183e+02   1.7795010e+02   2.3713176e+02   1.6923764e+02   1.2218165e+02   1.5360398e+02
   1.9798275e+02   1.5400838e+02   1.7446516e+02   1.6465441e+02   1.4813291e+02   1.1662884e+02   2.4652665e+02   1.5772885e+02   1.9135326e+02   1.1040565e+02   1.2527159e+02   2.0180366e+02   1.9826644e+02   1.9907394e+02   1.2222359e+02   1.7141020e+02   2.7968745e+02   1.8232788e+02   1.3737417e+02   1.8820828e+02   2.0098706e+02   1.3144996e+02   1.4616539e+02   1.4245577e+02   1.2259233e+02   1.6256406e+02   2.0105629e+02   1.6923764e+02   1.2218165e+02   1.5360398e+02
   1.0909891e+02   9.8080877e+01   1.2597658e+02   1.3956953e+02   9.6911146e+01   1.1662884e+02   1.2396169e+02   1.1719396e+02   1.1837820e+02   8.2792617e+01   1.1686982e+02   1.0335159e+02   1.1531079e+02   1.1682336e+02   1.0554955e+02   9.6453377e+01   1.2457862e+02   1.2032770e+02   1.0741134e+02   9.2006666e+01   1.3189936e+02   8.5448860e+01   9.8752636e+01   9.9235722e+01   1.0793639e+02   1.1963054e+02   9.5729363e+01   7.4748815e+01   1.1071378e+02   8.9957986e+01
   7.1750972e+01   7.6785450e+01   8.3891939e+01   8.2422282e+01   9.2403388e+01   7.2127898e+01   6.9554633e+01   7.3205578e+01   7.4098474e+01   7.5320040e+01   7.4857399e+01   8.3004090e+01   8.0294203e+01   8.4926618e+01   7.0209475e+01   7.9783606e+01   8.6476620e+01   8.6285238e+01   7.4842728e+01   8.2378493e+01   8.2134565e+01   7.1655928e+01   7.6779969e+01   6.5651335e+01   7.6718414e+01   7.2794057e+01   7.7129855e+01   7.3362325e+01   7.7227086e+01   8.4661708e+01
   6.1112402e+01   5.7183123e+01   6.1199198e+01   6.0967777e+01   5.7413152e+01   5.8567338e+01   6.1537569e+01   6.0194433e+01   5.7815055e+01   5.4634021e+01   5.8761127e+01   6.3092023e+01   5.7865795e+01   6.7018275e+01   5.6058861e+01   5.7436191e+01   5.6902833e+01   5.9719680e+01   5.9879708e+01   5.8416068e+01   5.9892025e+01   6.1461498e+01   5.5783357e+01   5.6516774e+01   6.2406345e+01   5.9916874e+01   6.1323888e+01   5.6943202e+01   5.7817855e+01   6.1280294e+01
   5.2017439e+01   5.1736449e+01   5.1941032e+01   5.1088988e+01   5.1072344e+01   5.1676322e+01   5.2003790e+01   5.1829116e+01   5.1317195e+01   5.1919887e+01   5.1032365e+01   5.2218804e+01   5.1724919e+01   5.1874754e+01   5.1185214e+01   5.1341041e+01   5.2406259e+01   5.1629516e+01   5.1652257e+01   5.1281054e+01   5.2303913e+01   5.1660563e+01   5.1286174e+01   5.1987741e+01   5.2471028e+01   5.1817371e+01   5.1836669e+01   5.1384527e+01   5.2010049e+01   5.1995204e+01
   4.9499245e+01   5.0114627e+01   4.9464316e+01   4.9825430e+01   4.8961485e+01   4.9790768e+01   4.9439653e+01   4.9429849e+01   4.9888135e+01   4.9568477e+01   5.0012919e+01   4.9931166e+01   4.9836193e+01   4.9627618e+01   5.0105814e+01   4.9881939e+01   4.9716900e+01   4.9852237e+01   4.9862326e+01   4.9422738e+01   4.9131357e+01   5.0072028e+01   4.9800970e+01   4.9856033e+01   4.9803320e+01   4.9852272e+01   4.9831438e+01   4.9825350e+01   4.9948213e+01   4.9813904e+01
   4.9186829e+01   4.9401988e+01   4.9226161e+01   4.9359533e+01   4.8961485e+01   4.9473896e+01   4.9370031e+01   4.9240585e+01   4.9450661e+01   4.9417466e+01   4.8956728e+01   4.9381789e+01   4.9430822e+01   4.9470179e+01   4.9430064e+01   4.9565915e+01   4.8943612e+01   4.9442930e+01   4.9231260e+01   4.9422738e+01   4.9131357e+01   4.9341469e+01   4.8830921e+01   4.9272308e+01   4.9378127e+01   4.9466937e+01   4.9407582e+01   4.8811770e+01   4.9569832e+01   4.9443468e+01
   4.9080485e+01   4.9248120e+01   4.9168069e+01   4.8682262e+01   4.8961485e+01   4.9153784e+01   4.8817510e+01   4.9074955e+01   4.8603434e+01   4.8991731e+01   4.8676694e+01   4.8888414e+01   4.9163964e+01   4.8903865e+01   4.9122902e+01   4.9072699e+01   4.8593694e+01   4.8937520e+01   4.9081764e+01   4.8813065e+01   4.8809871e+01   4.8848931e+01   4.8830921e+01   4.9037295e+01   4.9001195e+01   4.8934288e+01   4.9331600e+01   4.8811770e+01   4.9014869e+01   4.8672376e+01
   4.8249723e+01   4.8610226e+01   4.8604636e+01   4.8315484e+01   4.8890950e+01   4.8322536e+01   4.8323531e+01   4.8176877e+01   4.8390263e+01   4.8366831e+01   4.8377532e+01   4.8557611e+01   4.8578965e+01   4.8513481e+01   4.8536595e+01   4.8535022e+01   4.8335776e+01   4.8442152e+01   4.8753128e+01   4.8235962e+01   4.8279939e+01   4.8226075e+01   4.8358946e+01   4.8415896e+01   4.8630231e+01   4.8359099e+01   4.8273374e+01   4.8453646e+01   4.8324046e+01   4.8490920e+01
   4.8078308e+01   4.8071411e+01   4.8050312e+01   4.8038543e+01   4.8085860e+01   4.8038407e+01   4.8012214e+01   4.8044108e+01   4.8041945e+01   4.8061501e+01   4.8014271e+01   4.8072900e+01   4.8011889e+01   4.8006769e+01   4.8213436e+01   4.8024580e+01   4.8044806e+01   4.8058581e+01   4.8091642e+01   4.8026190e+01   4.8019639e+01   4.8058750e+01   4.8029800e+01   4.7999095e+01   4.8087468e+01   4.8034678e+01   4.8057750e+01   4.8048612e+01   4.8066892e+01   4.8115788e+01
   4.7991068e+01   4.7990508e+01   4.7993038e+01   4.7988192e+01   4.7991222e+01   4.7988083e+01   4.7988315e+01   4.7988888e+01   4.7989155e+01   4.7988899e+01   4.7988205e+01   4.7989127e+01   4.7988333e+01   4.7988129e+01   4.7989796e+01   4.7988311e+01   4.7988285e+01   4.7988291e+01   4.7990345e+01   4.7989133e+01   4.7988090e+01   4.7988271e+01   4.7988136e+01   4.7988026e+01   4.7988389e+01   4.7988066e+01   4.7993433e+01   4.7988117e+01   4.7989008e+01   4.7990583e+01
   4.7988019e+01   4.7988019e+01   4.7988019e+01   4.7988019e+01   4.7988019e+01   4.7988019e+01   4.7988019e+01   4.7988019e+01   4.7988019e+01   4.7988019e+01   4.7988019e+01   4.7988019e+01   4.7988019e+01   4.7988019e+01   4.7988019e+01   4.7988019e+01   4.7988019e+01   4.7988019e+01   4.7988019e+01   4.7988019e+01   4.7988019e+01   4.7988019e+01   4.7988019e+01   4.7988019e+01   4.7988019e+01   4.7988019e+01   4.7988019e+01   4.7988019e+01   4.7988019e+01   4.7988019e+01
   4.7988019e+01   4.7988019e+01   4.7988019e+01   4.7988019e+01   4.7988019e+01   4.7988019e+01   4.7988019e+01   4.7988019e+01   4.7988019e+01   4.7988019e+01   4.7988019e+01   4.7988019e+01   4.7988019e+01   4.7988019e+01   4.7988019e+01   4.7988019e+01   4.7988019e+01   4.7988019e+01   4.7988019e+01   4.7988019e+01   4.7988019e+01   4.7988019e+01   4.7988019e+01   4.7988019e+01   4.7988019e+01   4.7988019e+01   4.7988019e+01   4.7988019e+01   4.7988019e+01   4.7988019e+01
