   2.5217798e+03   1.8185210e+03   2.4540661e+03   2.0251393e+03   1.9992047e+03   2.0981100e+03   2.2075820e+03   2.0239123e+03   1.6215963e+03   1.8987535e+03   2.0902372e+03   2.2787306e+03   2.3955165e+03   2.0981100e+03   2.4117401e+03   2.4531613e+03   2.0739095e+03   2.2590951e+03   2.2399264e+03   1.8871756e+03   2.2757657e+03   2.4118864e+03   2.2993052e+03   2.3760866e+03   2.0031937e+03   2.3488517e+03   2.0272984e+03   2.3554910e+03   2.2649449e+03   2.3734951e+03
   2.5217798e+03   1.8185210e+03   2.4540661e+03   2.0251393e+03   1.9992047e+03   2.0554088e+03   2.0549045e+03   2.0239123e+03   1.6215963e+03   1.8987535e+03   2.0902372e+03   2.0757592e+03   2.3955165e+03   2.0554088e+03   2.3143759e+03   2.4531613e+03   1.9257575e+03   2.1708879e+03   2.0856464e+03   1.8871756e+03   2.2425035e+03   2.4118864e+03   2.2993052e+03   1.6716511e+03   2.0031937e+03   2.3121325e+03   2.0272984e+03   2.3554910e+03   2.2649449e+03   2.3734951e+03
   2.2601466e+03   1.6294295e+03   2.3353921e+03   2.0165585e+03   1.9281240e+03   1.8630827e+03   2.0134081e+03   2.0239123e+03   1.6215963e+03   1.8987535e+03   2.0902372e+03   2.0757592e+03   1.7547899e+03   1.8630827e+03   1.7930079e+03   2.2082899e+03   1.5763946e+03   2.1708879e+03   1.8613654e+03   1.8287854e+03   2.0044265e+03   2.3293215e+03   2.2234406e+03   1.6716511e+03   1.5878042e+03   2.2697155e+03   2.0272984e+03   2.3308303e+03   1.7844105e+03   2.2813643e+03
   2.2601466e+03   1.6294295e+03   2.1902436e+03   2.0035795e+03   1.9281240e+03   1.8630827e+03   2.0134081e+03   2.0239123e+03   1.6215963e+03   1.8987535e+03   1.8764184e+03   1.8401031e+03   1.7547899e+03   1.8630827e+03   1.7930079e+03   2.2082899e+03   1.5763946e+03   2.1228756e+03   1.7815016e+03   1.8287854e+03   1.9865001e+03   1.7179559e+03   2.2234406e+03   1.6716511e+03   1.5878042e+03   1.8126596e+03   2.0272984e+03   1.8498277e+03   1.7844105e+03   2.0536292e+03
   1.9063197e+03   1.5893112e+03   1.9490642e+03   1.8900301e+03   1.6985496e+03   1.6262419e+03   1.8007021e+03   1.5862270e+03   1.6215963e+03   1.8987535e+03   1.7751991e+03   1.8401031e+03   1.7430050e+03   1.6262419e+03   1.7930079e+03   2.0012152e+03   1.5763946e+03   1.5060002e+03   1.5586139e+03   1.8287854e+03   1.4894922e+03   1.6353958e+03   1.9535961e+03   1.6716511e+03   1.5065430e+03   1.5664844e+03   1.9401113e+03   1.8498277e+03   1.7844105e+03   2.0046838e+03
   1.7794645e+03   1.5893112e+03   1.8796667e+03   1.6143803e+03   1.0639688e+03   1.6262419e+03   1.8007021e+03   1.5862270e+03   1.1760030e+03   1.7787481e+03   1.6034126e+03   1.7227538e+03   1.7430050e+03   1.6262419e+03   1.6763334e+03   1.7825856e+03   1.5763946e+03   1.5060002e+03   1.3462824e+03   1.6856195e+03   1.2054541e+03   1.6353958e+03   1.7381456e+03   1.6716511e+03   1.5004803e+03   1.5664844e+03   1.6648853e+03   1.7185858e+03   1.7620947e+03   1.9671945e+03
   1.6972286e+03   1.3783507e+03   1.7053218e+03   1.6143803e+03   1.0639688e+03   1.3947521e+03   1.6838519e+03   1.5862270e+03   1.1760030e+03   1.2495623e+03   1.6034126e+03   1.0764980e+03   1.6256391e+03   1.3947521e+03   1.6405477e+03   1.5687319e+03   1.5000480e+03   1.3723140e+03   1.3462824e+03   1.5234329e+03   1.2054541e+03   1.5971869e+03   1.5304543e+03   1.5622303e+03   1.2078691e+03   1.4880181e+03   1.2835721e+03   1.7185858e+03   1.3923597e+03   1.3891338e+03
   1.2121981e+03   1.1239542e+03   1.0506959e+03   1.2889425e+03   1.0639688e+03   1.3859134e+03   1.5741489e+03   1.3885983e+03   1.1760030e+03   1.2495623e+03   1.3490156e+03   1.0764980e+03   1.4506510e+03   1.3859134e+03   1.5913862e+03   1.0531723e+03   1.2787122e+03   1.3501596e+03   1.3462824e+03   1.2556845e+03   1.1982680e+03   7.9267868e+02   1.4331445e+03   1.3077763e+03   1.1990071e+03   1.1351848e+03   1.2705646e+03   1.2724367e+03   1.3878388e+03   1.0761765e+03
   8.7419653e+02   7.5391215e+02   1.0506959e+03   1.1783291e+03   1.0639688e+03   1.1512295e+03   1.3431471e+03   1.1479929e+03   1.1760030e+03   1.2495623e+03   8.3983214e+02   1.0764980e+03   1.2402757e+03   1.1512295e+03   1.1827729e+03   9.9446586e+02   1.1488229e+03   9.5405248e+02   1.1827636e+03   1.0816606e+03   1.1982680e+03   7.9267868e+02   1.3029465e+03   1.0066849e+03   1.1990071e+03   1.1351848e+03   1.0778496e+03   1.2724367e+03   1.1971140e+03   1.0761765e+03
   8.6874308e+02   7.5391215e+02   9.5759801e+02   9.6395322e+02   9.9265832e+02   1.1512295e+03   6.7356877e+02   8.3828617e+02   7.1013709e+02   1.0713620e+03   8.1506740e+02   7.4589364e+02   9.9199439e+02   1.1512295e+03   1.1160679e+03   6.2778547e+02   1.1488229e+03   7.2672013e+02   7.9568601e+02   8.4009859e+02   9.6888892e+02   4.1360676e+02   8.0099346e+02   7.1810112e+02   7.9630205e+02   1.0078902e+03   8.6360158e+02   1.0744534e+03   9.5716993e+02   8.5228798e+02
   3.5831658e+02   5.7392049e+02   5.7082186e+02   8.0630405e+02   5.2656005e+02   6.7499327e+02   4.2963809e+02   4.3100897e+02   3.3825137e+02   4.0336434e+02   6.3561512e+02   6.0354480e+02   6.6014133e+02   6.7499327e+02   5.3446052e+02   3.9144903e+02   4.2938717e+02   5.9291357e+02   4.4727918e+02   3.8826093e+02   4.0797854e+02   4.1360676e+02   4.3900381e+02   3.2234073e+02   4.3312569e+02   5.7998183e+02   3.4201337e+02   5.1708449e+02   4.2625646e+02   5.6560005e+02
   1.7809990e+02   2.0711820e+02   1.3112706e+02   8.0678415e+01   2.0649197e+02   1.8299724e+02   9.0177207e+01   1.3479438e+02   1.0818792e+02   1.7374170e+02   9.4471309e+01   2.0107970e+02   1.1862181e+02   1.8299724e+02   9.9354226e+01   1.2830207e+02   2.8358894e+02   7.7610759e+01   1.8573894e+02   1.2560769e+02   1.9481156e+02   4.7644736e+01   6.5319594e+01   1.1789393e+02   2.5845278e+02   8.3897505e+01   1.7018947e+02   1.5026963e+02   1.2656387e+02   1.3318420e+02
   1.4903584e+01   1.4806479e+01   8.4558345e+00   2.1797695e+01   1.4917901e+01   1.2359254e+01   1.4694083e+01   3.6041291e+00   4.5054114e+00   1.1266763e+01   1.6881506e+01   2.1817659e+01   5.2580420e+00   1.2359254e+01   2.5384983e+00   6.4147957e+00   3.1678395e+01   5.9306660e+00   9.8654381e+00   1.1127378e+01   1.6081557e+01   5.7518206e+00   7.4069330e+00   1.7125647e+01   2.1105543e+01   8.9625019e+00   4.1541242e+00   7.2252278e+00   5.1094193e+00   7.0837625e+00
   1.9721320e-01   4.8633074e-01   3.5531674e-01   3.5733034e-01   5.5841828e-01   3.7952433e-01   2.7436273e-01   7.6770955e-02   4.9465507e-01   9.4956882e-02   3.5913603e-01   2.9164337e-01   2.1743957e-01   3.7952433e-01   1.7357497e-01   1.4865625e-01   3.2430744e-01   1.4155529e-01   3.7783387e-01   1.7749421e-01   4.9121704e-01   1.7887799e-01   3.3165756e-01   5.2029425e-01   2.7237779e-01   3.1149413e-01   2.7306374e-01   2.7418383e-01   1.5277971e-01   3.2786513e-01
   0.0000000e+00   0.0000000e+00   0.0000000e+00   0.0000000e+00   0.0000000e+00   0.0000000e+00   0.0000000e+00   0.0000000e+00   0.0000000e+00   0.0000000e+00   0.0000000e+00   0.0000000e+00   0.0000000e+00   0.0000000e+00   0.0000000e+00   0.0000000e+00   0.0000000e+00   0.0000000e+00   0.0000000e+00   0.0000000e+00   0.0000000e+00   0.0000000e+00   0.0000000e+00   0.0000000e+00   0.0000000e+00   0.0000000e+00   0.0000000e+00   0.0000000e+00   0.0000000e+00   0.0000000e+00
   0.0000000e+00   0.0000000e+00   0.0000000e+00   0.0000000e+00   0.0000000e+00   0.0000000e+00   0.0000000e+00   0.0000000e+00   0.0000000e+00   0.0000000e+00   0.0000000e+00   0.0000000e+00   0.0000000e+00   0.0000000e+00   0.0000000e+00   0.0000000e+00   0.0000000e+00   0.0000000e+00   0.0000000e+00   0.0000000e+00   0.0000000e+00   0.0000000e+00   0.0000000e+00   0.0000000e+00   0.0000000e+00   0.0000000e+00   0.0000000e+00   0.0000000e+00   0.0000000e+00   0.0000000e+00
