   1.0824180e+07   1.0029111e+07   4.5160182e+06   8.6088637e+06   4.0595294e+06   1.0854340e+07   1.0399816e+07   5.8542822e+06   5.4697324e+06   2.8781995e+07   3.6389272e+06   3.0400104e+06   1.7034534e+07   1.1001612e+07   2.0524775e+06   1.6779929e+07   1.7151636e+07   2.1895003e+07   2.4786702e+07   7.7149984e+06   3.4311210e+07   2.7646510e+07   2.7052502e+07   1.1527980e+07   1.0382724e+07   1.0556715e+06   1.1434553e+07   2.0869690e+07   3.6841609e+06   1.2255072e+07
   1.0824180e+07   6.5550070e+06   4.5160182e+06   8.6088637e+06   4.0595294e+06   2.7993448e+06   4.3814025e+06   5.5951705e+06   5.4697324e+06   8.1747215e+06   3.6389272e+06   3.0400104e+06   4.7967867e+06   2.2116332e+06   2.0524775e+06   8.3135937e+06   1.7151636e+07   1.0714179e+07   1.0374978e+07   7.7149984e+06   1.5665019e+07   3.8994007e+06   2.0686654e+06   8.1654956e+06   1.0382724e+07   1.0556715e+06   2.1579534e+06   1.4263895e+07   3.6841609e+06   8.1463326e+06
   2.5867475e+06   6.5550070e+06   4.5160182e+06   8.6088637e+06   3.3280525e+06   2.7993448e+06   4.3814025e+06   1.7425527e+06   2.9110011e+06   7.7750379e+06   3.6389272e+06   1.0444883e+06   4.7967867e+06   2.2116332e+06   2.0524775e+06   3.0720567e+06   2.9578407e+06   5.0216181e+06   1.0374978e+07   3.1907215e+06   7.6817162e+06   3.8994007e+06   2.0686654e+06   7.3527828e+06   5.4726874e+06   1.0556715e+06   2.1579534e+06   6.9160079e+06   3.6841609e+06   8.1463326e+06
   2.5867475e+06   4.4924821e+06   4.5160182e+06   2.6814267e+06   3.3280525e+06   2.7993448e+06   1.5254179e+06   1.7425527e+06   2.9110011e+06   3.4925356e+06   3.6389272e+06   1.0444883e+06   4.7967867e+06   2.2116332e+06   2.0524775e+06   3.0720567e+06   2.9578407e+06   5.0216181e+06   1.4675114e+06   3.1907215e+06   2.4238682e+06   2.6280236e+06   2.0686654e+06   3.0414045e+06   5.4726874e+06   1.0556715e+06   2.1579534e+06   2.0013148e+06   3.6841609e+06   1.7138378e+06
   2.3637505e+06   4.4924821e+06   4.5160182e+06   2.6814267e+06   3.3280525e+06   2.7993448e+06   1.5254179e+06   1.7425527e+06   2.9110011e+06   3.4925356e+06   1.1333485e+06   1.0444883e+06   4.7967867e+06   2.2116332e+06   1.1906610e+06   1.5102754e+06   2.9578407e+06   5.0216181e+06   1.4675114e+06   3.1907215e+06   2.4238682e+06   2.6280236e+06   2.0686654e+06   3.0414045e+06   3.4038614e+06   1.0556715e+06   2.1579534e+06   6.7604138e+05   1.9646506e+06   1.7138378e+06
   2.2595358e+06   1.4955715e+06   1.9272414e+06   2.6814267e+06   3.1239292e+06   2.7993448e+06   1.4842791e+06   1.7425527e+06   1.9169101e+06   2.5661887e+06   1.1333485e+06   9.1975511e+05   1.1218268e+06   2.2116332e+06   1.1906610e+06   1.5102754e+06   2.9578407e+06   1.5897236e+06   1.4675114e+06   2.3202866e+06   2.4238682e+06   2.6280236e+06   2.0686654e+06   1.8370695e+06   2.3719202e+06   9.3740504e+05   1.2980607e+06   6.7604138e+05   1.7872632e+06   1.7138378e+06
   9.5841552e+05   1.0680868e+06   1.2429205e+05   4.6513869e+05   2.5047776e+05   1.9704874e+05   7.9651267e+05   5.7056152e+05   4.6017805e+05   4.3625164e+05   6.6954815e+05   7.9524257e+05   9.2434051e+05   2.7310351e+05   3.0639990e+05   3.5327355e+05   2.9724618e+05   1.2912509e+06   8.6027555e+05   2.4117378e+05   7.7586506e+05   7.2740259e+05   7.5044797e+05   7.8457746e+05   4.8202897e+05   5.0633811e+05   1.4384865e+05   6.7604138e+05   5.8441932e+05   8.4840955e+05
   1.9210409e+05   4.2000304e+04   6.2308515e+04   8.4516505e+04   6.7487302e+04   1.4369043e+05   7.1614087e+04   1.9133001e+05   8.0196697e+04   8.4394323e+04   4.7643910e+04   1.1935643e+05   1.9375305e+05   5.9998249e+04   4.0411483e+04   5.2065356e+04   1.5919403e+05   1.3964026e+05   1.5972306e+05   1.7826421e+05   6.8941454e+04   1.1683567e+05   7.1480955e+04   1.0212417e+05   7.8918660e+04   6.7644028e+04   1.1442810e+05   8.5896059e+04   1.4487545e+05   1.4542756e+05
   3.1234993e+03   1.4983750e+03   1.9564450e+03   1.7418742e+03   1.5911818e+03   3.0995655e+03   1.8593228e+03   2.5464269e+03   1.7801853e+03   2.9554302e+03   2.5252620e+03   2.0652398e+03   2.4420013e+03   2.2464931e+03   1.3090026e+03   1.7630138e+03   1.5159522e+03   4.0559989e+03   3.1354865e+03   1.5304773e+03   2.0934825e+03   2.4761458e+03   1.5779522e+03   1.8618846e+03   1.8334663e+03   1.6215705e+03   2.5286345e+03   1.3281627e+03   1.4132177e+03   2.1953775e+03
   3.8304572e+02   5.7678778e+02   8.4334338e+02   3.1739211e+02   4.3697964e+02   5.9454825e+02   4.1590975e+02   4.6051443e+02   5.0575694e+02   4.6698176e+02   3.6626999e+02   4.5349552e+02   5.6910167e+02   3.5739157e+02   3.0500101e+02   4.8201409e+02   3.5283881e+02   2.7640522e+02   5.9960447e+02   3.0620732e+02   3.7613075e+02   5.0385269e+02   5.1121119e+02   5.5111407e+02   4.9310198e+02   3.9662052e+02   5.1167629e+02   4.0027617e+02   5.0897035e+02   5.0822585e+02
   1.1942759e+02   4.6114902e+02   3.9640037e+02   1.2623265e+02   2.2450039e+02   2.6786790e+02   2.8780651e+02   1.2874592e+02   2.5652661e+02   2.2209673e+02   1.4327870e+02   3.5887870e+02   1.9341314e+02   2.7492607e+02   1.8591572e+02   2.5595325e+02   2.1815160e+02   2.2289856e+02   1.1713373e+02   2.2389275e+02   3.0565283e+02   2.8300059e+02   3.3373638e+02   3.9228188e+02   3.4679955e+02   2.7174622e+02   3.7727413e+02   2.4228883e+02   3.7898536e+02   2.6647300e+02
   5.1108480e+01   1.2310397e+02   1.8644194e+02   3.2394058e+01   5.9093174e+01   9.0361363e+01   1.1376799e+02   4.6006038e+01   1.1914593e+02   6.0010951e+01   3.4234537e+01   2.3464675e+02   9.7035604e+01   1.2118808e+02   3.2381964e+01   8.8874235e+01   1.0109408e+02   1.2656150e+02   9.6165377e+01   7.8205824e+01   7.6487133e+01   1.9683119e+02   2.5797419e+02   3.1693821e+02   1.9251942e+02   1.8920798e+02   2.5214160e+02   1.8286785e+02   3.0110256e+02   2.1560296e+02
   1.3999065e+00   5.9420310e+01   7.7935141e+01   7.7941632e-01   6.1600994e+00   6.6895317e+00   5.4825791e+00   5.7213447e+00   5.0914751e+00   9.6410188e+00   1.0010850e+01   5.2139292e+01   1.0015274e+01   1.0342581e+01   1.0465392e+01   1.2696694e+01   1.7860892e+01   3.0616570e+01   3.1985739e+01   3.3844162e+01   6.4288338e+01   1.2286091e+02   1.2459258e+02   1.3381999e+02   1.3041348e+02   1.3547341e+02   1.3400188e+02   1.3569140e+02   1.7708738e+02   1.3591393e+02
   2.2300124e-01   5.0845332e+00   9.6874209e-01   6.1801202e-01   3.9768670e+00   5.4645830e+00   4.5241530e+00   4.5362253e+00   5.0302988e+00   9.5549110e+00   9.9323031e+00   9.3747221e+00   9.5638808e+00   9.7248056e+00   9.9622001e+00   1.2332952e+01   1.3785889e+01   3.0478813e+01   3.0784367e+01   3.3816911e+01   6.4066431e+01   1.2091476e+02   1.2332993e+02   1.2457812e+02   1.2996942e+02   1.3342272e+02   1.3271773e+02   1.3565035e+02   1.3533086e+02   1.3560056e+02
   2.1911251e-01   4.9766424e-01   4.0286717e-01   4.8772426e-01   3.9715516e+00   4.1877258e+00   4.2093073e+00   4.5355738e+00   5.0217889e+00   8.5819467e+00   8.9503280e+00   9.1500568e+00   9.5522721e+00   9.7248013e+00   9.7301450e+00   1.2323092e+01   1.3773049e+01   3.0454334e+01   3.0481470e+01   3.3802973e+01   6.3556739e+01   1.2063001e+02   1.2332706e+02   1.2455340e+02   1.2930534e+02   1.3095828e+02   1.3271766e+02   1.3563543e+02   1.3516026e+02   1.3559395e+02
   2.1911140e-01   3.8748753e-01   4.0285594e-01   4.8772292e-01   3.9715502e+00   4.1877190e+00   4.2093068e+00   4.5355725e+00   5.0181905e+00   8.5819458e+00   8.9503252e+00   9.1500186e+00   9.5522715e+00   9.7248007e+00   9.7301433e+00   1.2321847e+01   1.3773048e+01   3.0454296e+01   3.0481469e+01   3.3797921e+01   6.3556739e+01   1.2063001e+02   1.2332706e+02   1.2455339e+02   1.2930534e+02   1.3095774e+02   1.3271766e+02   1.3463624e+02   1.3516025e+02   1.3559395e+02
