   1.2876436e+05   2.8899456e+06   8.0098867e+05   2.2282553e+05   1.1172508e+06   2.1604291e+06   4.3711240e+05   1.0485099e+05   1.4346529e+06   5.2047547e+05   8.7752492e+05   2.5594668e+06   3.5748226e+05   1.9293362e+05   3.5373874e+05   3.0261888e+06   1.5541706e+05   7.6642139e+05   5.7835949e+05   4.1543581e+05   4.1883068e+05   4.0147956e+05   8.7737801e+05   1.5245128e+06   1.1687078e+06   2.2173634e+06   2.5039521e+06   1.1004922e+05   1.5409420e+06   1.8981631e+06
   1.2876436e+05   5.3918429e+04   8.0098867e+05   2.2282553e+05   8.7860311e+04   5.6149374e+04   2.0395641e+05   9.2712356e+03   5.2245056e+04   5.2047547e+05   6.9645645e+05   1.4795888e+06   3.5748226e+05   1.9293362e+05   3.5373874e+05   1.7838089e+06   1.5541706e+05   6.7580762e+05   5.6904726e+05   3.3970702e+05   1.9395652e+05   4.0128686e+05   2.2670938e+05   1.5245128e+06   1.1687078e+06   1.3109819e+06   7.8317167e+05   6.0686990e+04   8.2398936e+05   4.2610876e+05
   1.2876436e+05   5.3918429e+04   1.6799891e+05   2.2282553e+05   8.7860311e+04   5.6149374e+04   2.0395641e+05   9.2712356e+03   5.2245056e+04   7.1834468e+04   6.9645645e+05   1.1438587e+06   2.1465586e+05   1.9293362e+05   3.5373874e+05   3.9150277e+04   1.5541706e+05   6.7575490e+05   5.6904726e+05   3.5619222e+04   1.9140135e+05   3.1165528e+04   2.2670938e+05   1.0188739e+06   1.0014453e+06   3.7347409e+05   7.8317167e+05   6.0686990e+04   8.1681823e+05   2.5790342e+04
   1.0155971e+05   5.3918429e+04   1.6799891e+05   4.4176861e+04   8.7860311e+04   5.6149374e+04   2.0395641e+05   9.2712356e+03   5.2245056e+04   7.1834468e+04   5.9664201e+05   9.2454754e+04   1.4934967e+05   1.9293362e+05   3.3118035e+05   3.9150277e+04   1.5541706e+05   1.8685670e+05   1.6388963e+05   3.5392798e+04   2.1781150e+04   3.1165528e+04   2.2595812e+05   3.8518580e+04   3.0170328e+05   3.7347409e+05   5.5728564e+04   6.0686990e+04   1.6644392e+05   2.5790342e+04
   4.1039461e+04   4.2055727e+04   1.2024500e+05   4.4176861e+04   5.8187603e+03   5.5335012e+04   1.3035493e+04   9.2712356e+03   2.4383944e+04   1.3199190e+04   4.5297768e+04   9.2454754e+04   8.8866787e+04   7.0323158e+04   1.8917311e+04   7.3895315e+03   7.7347949e+03   1.8685670e+05   6.5013667e+04   3.5392798e+04   2.1327314e+04   3.1165528e+04   5.5257811e+04   3.8518580e+04   6.5434775e+04   7.1065108e+03   5.5728564e+04   2.4512770e+04   2.7705002e+04   2.5331555e+04
   6.4729763e+03   1.3903033e+04   1.0079539e+04   1.5362764e+04   5.0522648e+03   1.8831481e+04   9.4136863e+03   3.2370583e+03   3.1242427e+03   1.3199190e+04   2.5030839e+04   2.5195141e+04   4.4259710e+03   7.7609289e+03   3.6113753e+03   4.8438756e+03   5.2137493e+03   1.9091266e+04   9.8611540e+03   1.3004064e+04   6.1401489e+03   1.7822090e+04   5.8708330e+03   8.3141260e+03   6.6588016e+03   7.1065108e+03   1.6743173e+03   6.5126606e+03   9.1717449e+03   5.2463567e+03
   2.5246731e+03   2.4031308e+03   3.7337424e+03   1.2656676e+03   2.1551989e+03   2.9610037e+03   2.6304356e+03   1.1911888e+03   2.4118413e+03   2.1254709e+03   2.9732815e+03   2.9681231e+03   1.0115025e+03   4.1508222e+03   1.4885338e+03   2.8328281e+03   2.8977566e+03   2.0582506e+03   1.5815032e+03   2.6748760e+03   1.7337282e+03   3.0825116e+03   3.0394886e+03   2.5188051e+03   3.4549914e+03   2.7244051e+03   1.6743173e+03   1.8555230e+03   1.0497210e+03   2.5179938e+03
   5.4720979e+01   3.5321883e+02   3.7517732e+02   4.4182578e+02   2.9493984e+02   3.3313799e+02   1.4031795e+02   2.8156908e+02   3.1462905e+02   3.1732693e+02   4.4392547e+02   4.7475964e+02   2.4653126e+02   2.2525453e+02   3.4365354e+02   2.9028937e+02   3.1666517e+02   3.7727761e+02   3.7822981e+02   4.7325595e+02   3.5895629e+02   3.6972602e+02   2.1735267e+02   2.7668754e+02   2.8536685e+02   4.2410165e+02   3.3239097e+02   3.5437972e+02   4.3402912e+02   3.9390281e+02
   2.1118493e+01   5.9076529e+01   2.8580530e+01   4.9217525e+01   4.8387677e+01   2.7040220e+01   5.0990422e+01   3.6695181e+01   6.1603444e+01   3.3081778e+01   7.7401392e+01   3.9265653e+01   7.8887520e+01   3.3027996e+01   1.2747754e+01   2.9264077e+01   4.7192379e+01   5.5397123e+01   5.2500022e+01   4.9131326e+01   3.9666976e+01   7.3452326e+01   4.9411168e+01   6.9680129e+01   4.5538564e+01   3.8228182e+01   3.8028849e+01   9.7808810e+01   1.6014534e+02   1.6542332e+02
   5.3520234e+00   1.1080892e+01   3.7658739e+00   7.4110046e+00   8.5371129e+00   6.0236561e+00   8.9032259e+00   2.1295286e+01   1.8432337e+01   3.5706115e+00   1.0886182e+01   1.0362460e+01   7.9528414e+00   9.5087762e+00   9.4045768e+00   5.7707111e+00   1.8634849e+01   1.1204596e+01   1.3761629e+01   1.0158928e+01   1.2975431e+01   9.7293127e+00   5.2858815e+00   9.2081555e+00   7.2473151e+00   6.8265153e+00   5.1671190e+00   2.7302157e+01   1.3567065e+02   1.2798619e+02
   1.0785023e+00   1.7302532e+00   6.2326887e-01   6.2228737e-01   8.4965233e-01   1.3016451e+00   1.5245134e+00   1.8177206e+00   1.3659632e+00   1.0184376e+00   1.4352017e+00   8.5121557e-01   7.8444624e-01   1.1455152e+00   1.4684156e+00   1.1648969e+00   7.1235563e-01   1.0365508e+00   1.2134634e+00   1.2844411e+00   1.7205573e+00   1.4217392e+00   9.9489862e-01   9.4097453e-01   9.4860730e-01   1.4232720e+00   1.2716259e+00   1.7701313e+01   1.1930416e+02   1.2021581e+02
   7.8668960e-01   4.0143296e-01   5.3246356e-01   1.0071616e-01   3.4547693e-01   7.6050373e-01   1.0139648e+00   8.8836866e-01   8.4631116e-01   3.6649801e-01   7.4655320e-01   4.3456655e-01   4.3576527e-01   4.8901721e-01   5.0066495e-01   7.7715899e-01   5.0002665e-01   7.0885940e-01   7.9845762e-01   7.5255282e-01   8.1102929e-01   8.1108504e-01   8.1224526e-01   8.1227933e-01   8.1217398e-01   8.9093947e-01   8.3268314e-01   1.7189265e+01   1.1893838e+02   1.1946263e+02
   3.2576877e-03   2.0133241e-02   2.9298286e-03   3.0094505e-03   1.5882645e-01   2.2887086e-01   8.1278689e-01   3.2566855e-01   5.1884446e-01   3.1952208e-01   4.2070427e-01   3.2902237e-01   3.3913952e-01   4.8206442e-01   4.9424646e-01   4.9920457e-01   4.9989145e-01   4.9999210e-01   5.4428387e-01   7.3780587e-01   8.0288498e-01   8.0824004e-01   8.1211383e-01   8.1213403e-01   8.1217326e-01   8.2865200e-01   8.1878642e-01   1.7167124e+01   1.1893830e+02   1.1943987e+02
   1.4735355e-05   1.8655872e-02   1.6935440e-03   2.6711864e-03   3.4691694e-02   2.2790593e-01   3.1300032e-01   3.1375533e-01   3.1716749e-01   3.1943065e-01   3.2004112e-01   3.2583935e-01   3.3912665e-01   4.8205756e-01   4.9424644e-01   4.9919685e-01   4.9989136e-01   4.9999186e-01   5.4280116e-01   7.3780557e-01   8.0288392e-01   8.0823996e-01   8.1211327e-01   8.1213398e-01   8.1217326e-01   8.2854683e-01   8.1872688e-01   1.7167107e+01   1.1893830e+02   1.1943975e+02
   4.8503296e-06   1.5493911e-04   1.6863521e-03   2.6184041e-03   3.2117424e-02   2.2790568e-01   3.1258744e-01   3.1375515e-01   3.1715048e-01   3.1942952e-01   3.2004105e-01   3.2583783e-01   3.3912657e-01   4.8200547e-01   4.9424635e-01   4.9917280e-01   4.9989135e-01   4.9999185e-01   5.4280090e-01   7.3780542e-01   8.0288384e-01   8.0823991e-01   8.1211326e-01   8.1213398e-01   8.1217326e-01   8.1774267e-01   8.1872669e-01   1.7167107e+01   1.1893830e+02   1.1943775e+02
   4.8454902e-06   1.5463154e-04   1.6854395e-03   2.6182843e-03   3.2116984e-02   2.2790487e-01   3.1258740e-01   3.1375470e-01   3.1715033e-01   3.1942938e-01   3.2004083e-01   3.2583753e-01   3.3912633e-01   4.8200522e-01   4.9424620e-01   4.9917276e-01   4.9989134e-01   4.9999185e-01   5.4280008e-01   7.3780496e-01   8.0288358e-01   8.0823983e-01   8.1211325e-01   8.1213396e-01   8.1217326e-01   8.1774248e-01   8.1872619e-01   1.7167106e+01   1.1893830e+02   1.1943775e+02
