   1.3393152e+03   1.4502809e+03   1.2321852e+03   1.1830922e+03   1.3008896e+03   1.4085274e+03   1.4774652e+03   1.2480847e+03   1.4922284e+03   1.2671744e+03   1.2043348e+03   1.2087714e+03   1.4337324e+03   1.3387111e+03   1.2537229e+03   1.1472575e+03   1.0635241e+03   1.1699358e+03   1.3903841e+03   1.4994093e+03   1.3289874e+03   1.4848904e+03   1.3944196e+03   1.4053632e+03   1.4419556e+03   1.4864533e+03   1.5612842e+03   1.2856484e+03   1.3515791e+03   1.1393994e+03
   1.1536525e+03   1.3172371e+03   1.2321852e+03   1.1674227e+03   1.1723829e+03   1.1940307e+03   7.8631181e+02   1.2480847e+03   1.1620151e+03   1.2645583e+03   1.0432839e+03   1.2087714e+03   1.2744246e+03   1.2094031e+03   1.0112861e+03   1.1472575e+03   1.0635241e+03   1.1699358e+03   1.2317668e+03   1.3054693e+03   1.2580464e+03   1.1668134e+03   1.1044167e+03   1.0242081e+03   1.2378580e+03   1.2140254e+03   1.2665752e+03   1.2640784e+03   1.2168312e+03   1.1393994e+03
   9.8328311e+02   9.7126047e+02   9.4470770e+02   1.1509941e+03   8.3730440e+02   7.6796773e+02   7.8631181e+02   1.0584890e+03   1.1620151e+03   1.0622747e+03   9.4654565e+02   9.4475459e+02   9.2447466e+02   9.3164404e+02   7.8965803e+02   9.3764042e+02   7.9762430e+02   1.0544529e+03   8.7617517e+02   1.1920792e+03   1.2194434e+03   1.0324161e+03   7.2206509e+02   1.0242081e+03   1.0073020e+03   1.1664488e+03   8.6397286e+02   9.9625702e+02   1.0531722e+03   1.0869948e+03
   8.5894186e+02   9.7126047e+02   6.9512982e+02   6.8446136e+02   8.3730440e+02   7.1382361e+02   7.8631181e+02   6.3034984e+02   9.8712845e+02   6.2028160e+02   6.5857889e+02   6.9516050e+02   8.8958520e+02   7.9990560e+02   7.8616160e+02   8.1156493e+02   7.9762430e+02   6.5393114e+02   8.7617517e+02   8.9047442e+02   9.3194274e+02   8.2531713e+02   7.2206509e+02   7.3776008e+02   8.9314361e+02   8.2725642e+02   7.7148044e+02   9.4089677e+02   7.7114560e+02   8.4240841e+02
   5.7445199e+02   7.2199559e+02   6.7675407e+02   6.8446136e+02   7.0408683e+02   6.7589350e+02   7.4669063e+02   5.3059580e+02   8.0943126e+02   6.2028160e+02   6.5857889e+02   6.9516050e+02   5.0127506e+02   7.4543839e+02   7.8616160e+02   7.2298896e+02   7.9762430e+02   6.5393114e+02   6.9233327e+02   6.0293033e+02   6.7854580e+02   7.3820337e+02   6.3263904e+02   6.6450335e+02   5.6178264e+02   5.5015275e+02   7.7148044e+02   7.5599507e+02   5.2025615e+02   8.4240841e+02
   5.7445199e+02   5.8147203e+02   5.4732336e+02   5.7894018e+02   5.6622062e+02   6.1251157e+02   4.6620622e+02   4.5335543e+02   5.0366937e+02   4.6464804e+02   4.7256911e+02   5.8506367e+02   3.4360113e+02   4.9134629e+02   4.5532144e+02   4.7605530e+02   5.9279728e+02   5.5432651e+02   4.7830246e+02   5.2972657e+02   6.2188288e+02   5.3509378e+02   5.1959450e+02   5.3950983e+02   4.9424241e+02   4.7099596e+02   5.0762006e+02   5.7064660e+02   5.0812449e+02   5.9100280e+02
   2.0953240e+02   2.5004295e+02   2.2504662e+02   2.2088120e+02   2.3572271e+02   2.5189795e+02   2.6160994e+02   2.5227459e+02   2.4334019e+02   2.0031631e+02   2.4760427e+02   2.6667205e+02   2.1488064e+02   2.4239060e+02   2.6242324e+02   2.0395801e+02   2.9034696e+02   2.0778846e+02   2.8842093e+02   2.4710361e+02   1.9839183e+02   2.5412088e+02   2.4051073e+02   2.3354671e+02   1.8033025e+02   2.5244864e+02   2.0495198e+02   2.4124346e+02   2.5111090e+02   2.3550229e+02
   1.0695025e+02   1.0795976e+02   9.8884727e+01   1.0025312e+02   9.1335949e+01   1.0536560e+02   1.0037040e+02   9.7181535e+01   9.9575665e+01   8.9236213e+01   1.0525274e+02   1.0343550e+02   1.0534708e+02   1.0378837e+02   9.1063134e+01   1.0055427e+02   1.0738929e+02   9.3145725e+01   1.1435981e+02   8.6605103e+01   9.1494155e+01   9.0987332e+01   9.5976012e+01   8.7347073e+01   1.0161639e+02   1.0483481e+02   9.6866939e+01   1.0493119e+02   9.4952859e+01   1.0302680e+02
   2.3220803e+01   1.9927888e+01   2.1349670e+01   1.8570756e+01   2.0410065e+01   2.2911939e+01   1.9298966e+01   1.9438106e+01   1.9345425e+01   2.1480735e+01   1.9660000e+01   1.9813049e+01   1.9366630e+01   2.2625924e+01   2.1594749e+01   1.9973986e+01   1.9967222e+01   2.1854741e+01   2.2316960e+01   2.0776954e+01   1.7109486e+01   2.3238697e+01   2.0327384e+01   1.9892568e+01   2.1240814e+01   2.0824772e+01   1.7402327e+01   2.0120976e+01   1.8878047e+01   2.2021268e+01
   6.8552726e-01   5.4159856e-01   5.9363091e-01   4.5106031e-01   7.0565852e-01   6.2364399e-01   6.1832938e-01   8.3966312e-01   7.8836339e-01   5.5992135e-01   4.8797885e-01   5.4771678e-01   6.8321876e-01   9.3251291e-01   6.1772517e-01   5.8958059e-01   6.7097078e-01   5.3798366e-01   6.7902486e-01   6.3378182e-01   5.9243265e-01   7.3021985e-01   7.4755318e-01   6.6946607e-01   5.9714620e-01   6.2682633e-01   6.3345827e-01   4.2329800e-01   6.6890117e-01   6.8575239e-01
   4.1882486e-04   2.6311425e-04   2.9406966e-04   2.4683974e-04   3.6129315e-04   3.1874631e-04   3.7200813e-04   3.4266625e-04   3.8834246e-04   3.4194075e-04   2.9095461e-04   3.4571359e-04   3.7002964e-04   4.6321804e-04   3.3822056e-04   3.8275642e-04   3.1463810e-04   3.6489312e-04   3.4076341e-04   4.1043767e-04   3.5915981e-04   3.5384426e-04   4.0473017e-04   3.8505774e-04   3.4233507e-04   3.6224453e-04   2.6056997e-04   3.1460325e-04   3.8886998e-04   3.7755479e-04
   0.0000000e+00   0.0000000e+00   0.0000000e+00   0.0000000e+00   0.0000000e+00   0.0000000e+00   0.0000000e+00   0.0000000e+00   0.0000000e+00   0.0000000e+00   0.0000000e+00   0.0000000e+00   0.0000000e+00   0.0000000e+00   0.0000000e+00   0.0000000e+00   0.0000000e+00   0.0000000e+00   0.0000000e+00   0.0000000e+00   0.0000000e+00   0.0000000e+00   0.0000000e+00   0.0000000e+00   0.0000000e+00   0.0000000e+00   0.0000000e+00   0.0000000e+00   0.0000000e+00   0.0000000e+00
   0.0000000e+00   0.0000000e+00   0.0000000e+00   0.0000000e+00   0.0000000e+00   0.0000000e+00   0.0000000e+00   0.0000000e+00   0.0000000e+00   0.0000000e+00   0.0000000e+00   0.0000000e+00   0.0000000e+00   0.0000000e+00   0.0000000e+00   0.0000000e+00   0.0000000e+00   0.0000000e+00   0.0000000e+00   0.0000000e+00   0.0000000e+00   0.0000000e+00   0.0000000e+00   0.0000000e+00   0.0000000e+00   0.0000000e+00   0.0000000e+00   0.0000000e+00   0.0000000e+00   0.0000000e+00
   0.0000000e+00   0.0000000e+00   0.0000000e+00   0.0000000e+00   0.0000000e+00   0.0000000e+00   0.0000000e+00   0.0000000e+00   0.0000000e+00   0.0000000e+00   0.0000000e+00   0.0000000e+00   0.0000000e+00   0.0000000e+00   0.0000000e+00   0.0000000e+00   0.0000000e+00   0.0000000e+00   0.0000000e+00   0.0000000e+00   0.0000000e+00   0.0000000e+00   0.0000000e+00   0.0000000e+00   0.0000000e+00   0.0000000e+00   0.0000000e+00   0.0000000e+00   0.0000000e+00   0.0000000e+00
   0.0000000e+00   0.0000000e+00   0.0000000e+00   0.0000000e+00   0.0000000e+00   0.0000000e+00   0.0000000e+00   0.0000000e+00   0.0000000e+00   0.0000000e+00   0.0000000e+00   0.0000000e+00   0.0000000e+00   0.0000000e+00   0.0000000e+00   0.0000000e+00   0.0000000e+00   0.0000000e+00   0.0000000e+00   0.0000000e+00   0.0000000e+00   0.0000000e+00   0.0000000e+00   0.0000000e+00   0.0000000e+00   0.0000000e+00   0.0000000e+00   0.0000000e+00   0.0000000e+00   0.0000000e+00
   0.0000000e+00   0.0000000e+00   0.0000000e+00   0.0000000e+00   0.0000000e+00   0.0000000e+00   0.0000000e+00   0.0000000e+00   0.0000000e+00   0.0000000e+00   0.0000000e+00   0.0000000e+00   0.0000000e+00   0.0000000e+00   0.0000000e+00   0.0000000e+00   0.0000000e+00   0.0000000e+00   0.0000000e+00   0.0000000e+00   0.0000000e+00   0.0000000e+00   0.0000000e+00   0.0000000e+00   0.0000000e+00   0.0000000e+00   0.0000000e+00   0.0000000e+00   0.0000000e+00   0.0000000e+00
