   2.4539618e+02   3.6282717e+02   3.5662367e+02   3.3336343e+02   2.9776470e+02   3.1404122e+02   2.5094985e+02   3.2509663e+02   2.0511482e+02   3.3410396e+02   3.0105319e+02   3.3120562e+02   2.6184756e+02   3.1771685e+02   2.6611618e+02   3.9315200e+02   3.1394731e+02   2.7171470e+02   3.0543331e+02   2.6377732e+02   2.9949637e+02   2.8020687e+02   2.3418974e+02   3.2433685e+02   2.5254331e+02   3.0673565e+02   3.3224522e+02   2.6307087e+02   2.7649970e+02   2.6233733e+02
   2.4539618e+02   2.2592130e+02   3.0410588e+02   3.3336343e+02   2.8960186e+02   1.9671177e+02   2.5094985e+02   2.8716756e+02   2.0511482e+02   3.0011357e+02   2.6038965e+02   1.9185109e+02   2.6184756e+02   3.0415088e+02   1.5090481e+02   2.2525430e+02   2.1565048e+02   1.9703511e+02   2.7558889e+02   2.6377732e+02   1.6354999e+02   2.8020687e+02   1.9511393e+02   2.2551599e+02   2.5254331e+02   1.5776869e+02   2.4665842e+02   2.2364004e+02   2.2116635e+02   2.6233733e+02
   1.9485619e+02   2.2592130e+02   2.3403824e+02   1.8409681e+02   1.8909355e+02   1.9671177e+02   2.1178762e+02   2.1099520e+02   2.0511482e+02   2.9037357e+02   1.8486643e+02   1.9185109e+02   1.9855051e+02   1.7265113e+02   1.5090481e+02   1.9293387e+02   2.1565048e+02   1.7286743e+02   2.5314956e+02   2.6150408e+02   1.6354999e+02   2.7162364e+02   1.7362260e+02   1.5311124e+02   2.3287167e+02   1.5776869e+02   2.4665842e+02   1.9424072e+02   2.0904750e+02   2.3369908e+02
   1.8075864e+02   2.2592130e+02   1.9716752e+02   1.8409681e+02   1.8909355e+02   1.9671177e+02   2.1178762e+02   1.8056743e+02   2.0511482e+02   2.5912455e+02   1.3046927e+02   1.8889373e+02   1.8380265e+02   1.7265113e+02   1.5090481e+02   1.4996051e+02   1.8997085e+02   1.4950823e+02   1.4972635e+02   1.8871299e+02   1.6354999e+02   1.7385061e+02   1.6197991e+02   1.5311124e+02   1.5208958e+02   1.5776869e+02   2.2007775e+02   1.7910495e+02   1.8467062e+02   2.3369908e+02
   1.3014497e+02   1.5558837e+02   1.2172380e+02   1.1287198e+02   1.1112642e+02   1.4900890e+02   9.4343915e+01   1.3932108e+02   1.3453302e+02   1.2132251e+02   1.3046927e+02   1.0635173e+02   1.1268845e+02   1.3408173e+02   1.4406689e+02   1.2413282e+02   1.3187324e+02   1.2490543e+02   1.4972635e+02   1.4932976e+02   1.4446010e+02   1.3549656e+02   1.2922804e+02   1.0585225e+02   1.1574125e+02   1.4549100e+02   1.5506387e+02   1.7910495e+02   1.2547364e+02   1.5006694e+02
   7.1514135e+01   1.1289861e+02   9.9823132e+01   1.0076029e+02   9.7329497e+01   9.1950395e+01   9.4343915e+01   8.3003135e+01   9.2660995e+01   1.0382970e+02   9.2463902e+01   9.8300581e+01   8.6296067e+01   9.6184430e+01   1.1947277e+02   9.3582814e+01   9.7677606e+01   9.3001927e+01   1.0506839e+02   1.1389157e+02   1.0546547e+02   8.9323235e+01   9.3252046e+01   1.0585225e+02   8.9929107e+01   6.3225998e+01   1.1023033e+02   1.0474831e+02   9.2386375e+01   9.1041018e+01
   6.2340461e+01   7.4082789e+01   8.1395053e+01   7.8058505e+01   4.7291806e+01   7.4197349e+01   7.1634146e+01   8.0044441e+01   8.5183704e+01   4.6825685e+01   5.8797325e+01   7.3334671e+01   7.9642902e+01   8.2315468e+01   8.0836148e+01   7.5589030e+01   7.8247255e+01   6.2686280e+01   8.0887766e+01   7.1778810e+01   8.2044378e+01   6.3115993e+01   8.1591926e+01   5.0652534e+01   8.3039544e+01   4.9258800e+01   6.1706771e+01   7.9905946e+01   7.5568234e+01   6.5249731e+01
   4.6735292e+01   5.9602434e+01   5.7271643e+01   6.0104317e+01   4.7291806e+01   5.0937681e+01   6.0482351e+01   5.2143742e+01   4.7313603e+01   4.6825685e+01   5.8797325e+01   6.2440585e+01   6.4136500e+01   6.3076401e+01   6.0655488e+01   5.4193878e+01   6.0336365e+01   6.0433538e+01   5.7181107e+01   6.1036512e+01   5.1858585e+01   5.9366592e+01   5.8927742e+01   5.0652534e+01   6.4922620e+01   4.9258800e+01   5.6189183e+01   5.4044932e+01   6.5745365e+01   5.8776898e+01
   4.6735292e+01   4.6683938e+01   4.2768867e+01   5.3741184e+01   3.7540872e+01   5.0937681e+01   5.1899630e+01   4.6978816e+01   4.7313603e+01   4.6825685e+01   4.4187289e+01   5.2186099e+01   4.7795661e+01   5.1838598e+01   4.9600725e+01   5.1129811e+01   5.9310795e+01   4.8884769e+01   5.5568808e+01   4.3558019e+01   4.3983439e+01   5.2519624e+01   4.3727889e+01   4.8908075e+01   4.7884527e+01   4.6634028e+01   4.8339711e+01   4.9993648e+01   5.7788753e+01   4.4569709e+01
   4.1455305e+01   4.3891541e+01   4.2662328e+01   4.7354656e+01   3.6971181e+01   4.4672237e+01   3.9895351e+01   3.8643562e+01   4.2343474e+01   4.3983112e+01   3.8644723e+01   2.4753239e+01   4.5273115e+01   4.4753364e+01   4.8049562e+01   4.1051986e+01   4.5968605e+01   4.6866344e+01   4.7836766e+01   3.2772984e+01   4.3983439e+01   4.2308038e+01   4.3727889e+01   2.9653470e+01   4.3277362e+01   4.2481817e+01   4.3043570e+01   4.7233285e+01   4.5394678e+01   3.8074256e+01
   4.1455305e+01   3.3734041e+01   3.9159558e+01   4.4560450e+01   3.6971181e+01   3.9540076e+01   3.3324148e+01   3.4975299e+01   3.2856507e+01   2.7663947e+01   3.8644723e+01   2.4753239e+01   4.4773819e+01   3.6350020e+01   4.3474321e+01   2.5163494e+01   4.2630168e+01   3.4435497e+01   3.8831072e+01   3.2772984e+01   3.8859364e+01   4.2308038e+01   3.9318070e+01   2.9653470e+01   4.2793887e+01   3.8262782e+01   3.3183379e+01   2.7931283e+01   4.5394678e+01   3.8074256e+01
   4.0465009e+01   3.3100500e+01   3.6994975e+01   3.5947959e+01   3.6971181e+01   2.1130163e+01   3.3324148e+01   3.0879878e+01   3.1733984e+01   2.7663947e+01   2.1732137e+01   2.4753239e+01   3.6366103e+01   3.6350020e+01   3.8524501e+01   2.5163494e+01   2.8233641e+01   2.3691561e+01   2.3552602e+01   2.7117825e+01   3.4505742e+01   3.0096991e+01   3.7717963e+01   2.9332440e+01   3.3323231e+01   2.5870810e+01   2.1141462e+01   1.9229439e+01   3.2186805e+01   3.0480449e+01
   3.7139258e+01   2.3564313e+01   2.1984919e+01   1.7897437e+01   1.9964515e+01   1.6383507e+01   3.3324148e+01   2.2401757e+01   1.6577869e+01   1.7303122e+01   1.6072722e+01   1.7427414e+01   2.1411709e+01   2.5747305e+01   2.4565441e+01   1.7574796e+01   1.7966333e+01   1.6265069e+01   1.9452351e+01   1.6083114e+01   2.1626357e+01   2.4451268e+01   3.2333545e+01   2.9332440e+01   2.1675643e+01   1.5996433e+01   1.9290698e+01   1.5406705e+01   2.1985743e+01   1.8150377e+01
   1.5099364e+01   1.3656967e+01   1.3922023e+01   1.3827144e+01   1.4035407e+01   1.4656889e+01   1.4803493e+01   1.3158462e+01   1.3340297e+01   1.2805549e+01   1.3764297e+01   1.4417441e+01   1.4114947e+01   1.4793423e+01   1.4553548e+01   1.3736748e+01   1.3321223e+01   1.3569119e+01   1.3611309e+01   1.3073808e+01   1.5568301e+01   1.3191280e+01   1.5089402e+01   1.8972683e+01   1.2856378e+01   1.3565815e+01   1.3705447e+01   1.3108392e+01   1.4405651e+01   1.4417257e+01
   1.1331594e+01   1.1191152e+01   1.1218369e+01   1.1141898e+01   1.1222254e+01   1.1241575e+01   1.1503819e+01   1.1857272e+01   1.1579285e+01   1.1872119e+01   1.1621473e+01   1.1678397e+01   1.1860996e+01   1.2005485e+01   1.2126079e+01   1.1822568e+01   1.1878448e+01   1.2091079e+01   1.1884592e+01   1.2175578e+01   1.2138120e+01   1.2129630e+01   1.2244261e+01   1.2126412e+01   1.2080462e+01   1.2296130e+01   1.2258661e+01   1.2244927e+01   1.2486109e+01   1.2979054e+01
   1.0772454e+01   1.1011203e+01   1.1057543e+01   1.1080706e+01   1.1121162e+01   1.1159707e+01   1.1199527e+01   1.1241240e+01   1.1429910e+01   1.1476717e+01   1.1480165e+01   1.1495918e+01   1.1645802e+01   1.1665765e+01   1.1688846e+01   1.1743850e+01   1.1783972e+01   1.1787138e+01   1.1826102e+01   1.1903021e+01   1.1908469e+01   1.1944147e+01   1.2001236e+01   1.2011510e+01   1.2014542e+01   1.2086980e+01   1.2137796e+01   1.2166189e+01   1.2379856e+01   1.2518515e+01
