   1.4005827e+03   1.1992838e+03   1.1300242e+03   1.2376169e+03   1.4004931e+03   1.1308681e+03   1.4410979e+03   1.2624809e+03   1.4112148e+03   1.1141136e+03   1.2915178e+03   1.0704388e+03   1.1877273e+03   1.1509958e+03   1.3843299e+03   1.3925033e+03   1.2647788e+03   1.2965103e+03   1.3596237e+03   1.4427769e+03   1.2129364e+03   1.3051867e+03   1.1166029e+03   1.2964477e+03   1.1469602e+03   1.5042627e+03   1.3542221e+03   1.2961724e+03   8.0405592e+02   1.2120565e+03
   1.0083650e+03   1.1584650e+03   1.0385877e+03   1.1046445e+03   8.9413824e+02   1.0606689e+03   1.0622891e+03   1.1476879e+03   8.7272948e+02   1.0305865e+03   1.1208062e+03   9.1891247e+02   9.8712242e+02   1.1476561e+03   8.7905321e+02   1.0929789e+03   1.0134258e+03   7.9334025e+02   1.0596664e+03   1.0978334e+03   9.4657192e+02   1.0246068e+03   7.9323121e+02   1.1023150e+03   1.0570371e+03   9.1319489e+02   9.8007202e+02   9.1971686e+02   8.0405592e+02   9.7992017e+02
   7.5663326e+02   8.9520579e+02   6.6251017e+02   8.6032448e+02   8.9413824e+02   6.7573900e+02   8.5212291e+02   7.9599338e+02   7.7383757e+02   8.8373503e+02   8.0357755e+02   8.2761809e+02   8.4001581e+02   9.1574289e+02   6.5684121e+02   5.9525281e+02   6.4486284e+02   7.4468827e+02   7.8636617e+02   1.0332919e+03   6.5433138e+02   1.0153032e+03   6.6868062e+02   9.2793630e+02   7.4856254e+02   8.3151589e+02   8.7595255e+02   7.7696496e+02   5.8864860e+02   7.6353482e+02
   7.1283412e+02   7.6058142e+02   6.6251017e+02   6.6046057e+02   6.3048041e+02   6.6495028e+02   6.9324611e+02   6.7079324e+02   7.4104863e+02   6.2760144e+02   6.8954082e+02   6.9062543e+02   6.7675747e+02   6.7927522e+02   6.5684121e+02   5.9525281e+02   6.4486284e+02   6.5905287e+02   5.6572126e+02   7.6525265e+02   6.3496147e+02   6.2719335e+02   6.6868062e+02   7.7453661e+02   7.4856254e+02   6.3182270e+02   7.1631419e+02   7.1908380e+02   5.8864860e+02   7.6353482e+02
   6.1679992e+02   6.6188612e+02   6.6251017e+02   6.6046057e+02   5.0741676e+02   6.6005163e+02   6.1940851e+02   6.3669483e+02   6.4074292e+02   6.1246978e+02   6.2688358e+02   5.6396244e+02   6.7675747e+02   6.7927522e+02   6.5684121e+02   5.9525281e+02   6.0119142e+02   5.4428627e+02   5.6572126e+02   6.5794238e+02   6.3496147e+02   5.9340526e+02   6.3853384e+02   5.6065026e+02   6.9853592e+02   6.2098483e+02   5.4137757e+02   5.7340463e+02   5.8864860e+02   6.9889100e+02
   4.4001888e+02   5.3537430e+02   3.7880405e+02   5.4383449e+02   4.3103672e+02   4.2813488e+02   4.8128692e+02   4.3324792e+02   4.7177852e+02   5.2312414e+02   4.6676652e+02   4.9641127e+02   4.5472768e+02   4.7071895e+02   5.7924909e+02   4.7257020e+02   4.5018751e+02   4.8768360e+02   5.4411482e+02   5.3691982e+02   4.8083334e+02   4.1668951e+02   5.0445975e+02   5.3800928e+02   5.5623058e+02   5.1576619e+02   5.4137757e+02   4.6617405e+02   5.5721418e+02   5.9653354e+02
   2.7735872e+02   3.0824024e+02   2.9708384e+02   3.1231226e+02   3.2575255e+02   3.2280220e+02   2.7916853e+02   3.3085300e+02   2.4498857e+02   3.1286489e+02   2.8586869e+02   2.6486386e+02   3.2424899e+02   3.0215824e+02   3.4354263e+02   3.1050924e+02   3.3450253e+02   3.2560982e+02   3.1716628e+02   3.2317398e+02   3.1442613e+02   3.3893947e+02   2.9836471e+02   2.8179375e+02   3.0037731e+02   3.2182165e+02   3.4143520e+02   2.8975758e+02   2.9973743e+02   3.0206393e+02
   1.9863781e+02   1.9279488e+02   1.8122029e+02   1.8385754e+02   1.6689839e+02   1.8193160e+02   1.8561270e+02   1.9132336e+02   1.7088097e+02   1.8090183e+02   1.9904500e+02   1.7193500e+02   1.8733614e+02   1.5459450e+02   1.9396959e+02   1.8042559e+02   1.6179294e+02   1.8241339e+02   1.9644327e+02   1.8469210e+02   1.6620394e+02   1.7388294e+02   1.9643655e+02   1.9461416e+02   1.7631194e+02   1.8870123e+02   1.8918259e+02   1.9414357e+02   1.9338841e+02   1.8892507e+02
   1.4202131e+02   1.4930731e+02   1.3184772e+02   1.2867167e+02   1.5237555e+02   1.4892747e+02   1.2965962e+02   1.2891656e+02   1.3163771e+02   1.5066021e+02   1.4946535e+02   1.4898704e+02   1.6161368e+02   1.4823924e+02   1.3707931e+02   1.4830490e+02   1.2575753e+02   1.2326017e+02   1.2495263e+02   1.4715582e+02   1.4329450e+02   1.5563661e+02   1.5022927e+02   1.3248676e+02   1.4838269e+02   1.2594019e+02   1.4095227e+02   1.4488548e+02   1.2987528e+02   1.2630167e+02
   1.1964799e+02   1.1770829e+02   1.2159955e+02   1.1991223e+02   1.1396877e+02   1.1644587e+02   1.2955854e+02   1.1913695e+02   1.2259670e+02   1.1598541e+02   1.1333513e+02   1.1612540e+02   1.3010908e+02   1.2700611e+02   1.2059116e+02   1.1947788e+02   1.2575753e+02   1.1598979e+02   1.2495263e+02   1.0917725e+02   1.3361609e+02   1.2172345e+02   1.2758344e+02   1.2588653e+02   1.2654364e+02   1.2594019e+02   1.3101667e+02   1.3426632e+02   1.1884720e+02   1.2630167e+02
   1.1103675e+02   1.0915917e+02   1.0771785e+02   1.0957962e+02   1.0606188e+02   1.1249061e+02   1.1515981e+02   1.0690813e+02   8.9348039e+01   1.1598541e+02   9.3047668e+01   1.1202523e+02   9.7698066e+01   1.1014425e+02   1.0984177e+02   9.0953624e+01   1.1283862e+02   9.9660231e+01   9.9465719e+01   1.0917725e+02   1.1154363e+02   1.0182034e+02   1.2388983e+02   1.1754087e+02   1.1389956e+02   1.1043765e+02   1.1148158e+02   1.1632818e+02   1.1354862e+02   1.1045116e+02
   7.3706037e+01   6.8426508e+01   6.4299029e+01   7.1921286e+01   7.0035301e+01   6.9212832e+01   7.5292282e+01   6.8782632e+01   6.5778477e+01   6.9905510e+01   7.5552599e+01   7.4312025e+01   5.4856213e+01   7.3815604e+01   6.8402149e+01   6.7308995e+01   7.1560141e+01   7.3223969e+01   7.1709934e+01   6.8225891e+01   6.3601990e+01   6.2274477e+01   7.6479708e+01   7.4241002e+01   7.7029361e+01   6.7369940e+01   6.5820598e+01   6.1719520e+01   6.4784884e+01   7.5339088e+01
   3.8396599e+01   3.5416067e+01   3.6740973e+01   3.9600678e+01   3.3292455e+01   3.7017816e+01   4.4566144e+01   4.1251166e+01   3.6574614e+01   4.1944432e+01   4.1083994e+01   3.1780483e+01   3.9556115e+01   3.2276579e+01   4.1887424e+01   3.1056983e+01   3.6899055e+01   3.1033469e+01   3.4672326e+01   3.7032722e+01   3.8924384e+01   4.2689284e+01   4.0876702e+01   3.6766793e+01   3.9335016e+01   3.1758091e+01   3.6089067e+01   4.0942091e+01   4.1442045e+01   3.0670838e+01
   2.3956533e+01   2.4127136e+01   2.5382430e+01   2.4151607e+01   2.3695861e+01   2.5084724e+01   2.3353765e+01   2.5616310e+01   2.3398021e+01   2.4798683e+01   2.4920258e+01   2.3885405e+01   2.5684745e+01   2.5016034e+01   2.4921623e+01   2.2673817e+01   2.4158719e+01   2.3321279e+01   2.2278361e+01   2.3148152e+01   2.4880117e+01   2.4475724e+01   2.4013608e+01   2.4430380e+01   2.4869335e+01   2.3853369e+01   2.3567089e+01   2.4924755e+01   2.4813329e+01   2.4746773e+01
   2.0985291e+01   2.1151320e+01   2.1287064e+01   2.1398451e+01   2.1681274e+01   2.1577795e+01   2.1505391e+01   2.1689396e+01   2.1943412e+01   2.2006308e+01   2.1859297e+01   2.2516392e+01   2.2369263e+01   2.1986570e+01   2.1737604e+01   2.1756518e+01   2.1670741e+01   2.1919051e+01   2.1872505e+01   2.1696580e+01   2.1855788e+01   2.2086049e+01   2.1810661e+01   2.2812037e+01   2.2181870e+01   2.2374849e+01   2.2572138e+01   2.1947518e+01   2.2320775e+01   2.2471144e+01
   2.0606060e+01   2.0710505e+01   2.0848880e+01   2.0900790e+01   2.1172381e+01   2.1192472e+01   2.1231918e+01   2.1271693e+01   2.1313114e+01   2.1400057e+01   2.1476205e+01   2.1482918e+01   2.1485109e+01   2.1494186e+01   2.1494315e+01   2.1510495e+01   2.1554187e+01   2.1561417e+01   2.1561807e+01   2.1566754e+01   2.1625508e+01   2.1650229e+01   2.1666538e+01   2.1666705e+01   2.1695988e+01   2.1764419e+01   2.1844874e+01   2.1851780e+01   2.1930035e+01   2.2156042e+01
