   3.8238596e+06   5.0325695e+06   2.4287938e+06   4.3659503e+06   8.5090769e+06   2.6202232e+06   4.8018395e+06   1.7423124e+06   1.4286786e+06   3.1921257e+06   9.8999699e+06   2.5468635e+06   9.2712494e+05   3.5389713e+06   3.3249405e+05   2.0131835e+06   1.4227750e+06   1.2802182e+07   5.9383661e+06   5.4576004e+05   2.8368558e+06   1.2163481e+06   1.1790381e+07   1.3898085e+06   7.1470229e+04   9.0557092e+06   4.0166110e+06   5.4436684e+05   2.8320695e+06   5.6047606e+06
   1.5197045e+06   4.7416665e+06   2.4287938e+06   3.1019629e+05   8.5090769e+06   2.6202232e+06   2.1175393e+06   1.7423124e+06   1.3906081e+06   3.1921257e+06   3.7338404e+05   2.5468635e+06   9.2712494e+05   3.5389713e+06   2.4053185e+05   6.5532371e+05   1.4227750e+06   3.1209917e+06   5.9383661e+06   5.4576004e+05   1.5212003e+06   1.2163481e+06   3.0403955e+06   8.0252476e+05   7.1470229e+04   1.6530100e+06   3.7715501e+06   5.4436684e+05   9.1141579e+05   1.8201187e+06
   1.5197045e+06   2.0814485e+06   3.2163824e+05   3.1019629e+05   7.0475561e+05   6.1938866e+05   2.1175393e+06   1.7423124e+06   7.9771667e+05   1.7234648e+06   3.7338404e+05   2.5468635e+06   9.2712494e+05   4.3194918e+05   8.8845025e+04   2.7603912e+05   1.4227750e+06   3.1209917e+06   3.7542801e+06   5.4576004e+05   1.5212003e+06   3.9361327e+05   3.0403955e+06   8.0252476e+05   7.1470229e+04   1.6530100e+06   1.1080823e+06   5.4436684e+05   9.1141579e+05   1.8201187e+06
   1.5197045e+06   9.9848564e+05   3.2163824e+05   3.1019629e+05   7.0475561e+05   5.7386563e+05   1.4689389e+06   1.2272025e+06   7.9771667e+05   1.7234648e+06   3.7338404e+05   2.0190751e+05   9.2712494e+05   4.3194918e+05   8.8845025e+04   2.7603912e+05   1.4227750e+06   1.9303516e+06   9.6427712e+05   5.4576004e+05   1.3178925e+06   1.0697396e+05   3.0403955e+06   8.0252476e+05   7.1470229e+04   1.6530100e+06   1.1080823e+06   5.4436684e+05   9.1141579e+05   6.2100318e+05
   1.1485179e+05   3.0517616e+05   1.9472152e+05   9.9656639e+04   3.1546211e+05   3.2360265e+05   3.2727426e+05   1.0909389e+05   9.3539647e+04   2.7576432e+05   7.7909795e+04   2.0190751e+05   1.3425052e+05   3.5642607e+05   8.8845025e+04   1.3634596e+05   3.3570321e+05   1.6776073e+05   5.8584113e+05   2.0703201e+05   1.5371320e+05   1.0697396e+05   1.7177279e+05   2.5681489e+05   6.8768787e+04   1.5707567e+05   2.0772508e+05   5.4436684e+05   3.6037769e+05   4.0903801e+05
   7.3769176e+04   7.3631942e+04   6.0346699e+04   6.0294927e+04   9.7335797e+04   4.8564473e+04   1.7289934e+05   3.7022915e+04   2.2145474e+04   5.7849183e+04   4.5189376e+04   1.9369615e+04   2.9526617e+04   1.2522759e+05   2.7306104e+04   5.8919246e+04   2.4222982e+04   6.9297842e+04   3.8482468e+04   1.5633848e+05   1.5608126e+04   2.8417071e+04   8.9492245e+04   1.5501308e+04   1.7409308e+04   5.7526788e+04   4.2247827e+04   5.1127427e+04   7.8934494e+04   1.0797618e+05
   1.2276816e+04   7.5614113e+03   5.0594250e+03   1.2354575e+04   2.4602570e+03   4.5378243e+03   1.5809220e+03   6.9139546e+03   2.6949949e+03   4.6662036e+03   5.7162312e+03   6.5601366e+03   1.9304142e+04   1.1205700e+04   9.5780876e+03   5.6425668e+03   6.6691891e+03   1.0135809e+04   6.6116952e+03   8.3748799e+03   6.1369912e+03   4.5140418e+03   1.7401534e+04   5.7755740e+03   1.2456075e+04   8.8405884e+03   5.2110508e+03   1.1853383e+04   5.8518404e+03   4.7841945e+03
   6.8376165e+02   1.4079829e+03   9.1362344e+02   8.7830048e+02   7.4625626e+02   4.6089302e+02   1.0478630e+03   5.5796024e+02   1.2043251e+03   8.1397647e+02   1.0218033e+03   8.1091372e+02   8.9670661e+02   9.6597997e+02   8.0343905e+02   9.6270967e+02   1.1897067e+03   1.2108134e+03   8.2652029e+02   1.0539349e+03   1.2038064e+03   8.7403809e+02   1.2091137e+03   1.1466915e+03   1.0185539e+03   1.1488480e+03   1.1821449e+03   8.2270372e+02   1.2049662e+03   7.3852276e+02
   1.6090946e+02   1.2736109e+02   1.0297418e+02   1.5824328e+02   1.3782603e+02   1.0472547e+02   1.3247575e+02   9.9695284e+01   1.8726111e+02   8.5167100e+01   1.1136509e+02   1.4291623e+02   1.2798903e+02   9.5577216e+01   1.3806477e+02   2.1668819e+02   9.4950814e+01   2.3484863e+02   6.9867069e+01   1.0904210e+02   1.3047893e+02   1.4663700e+02   1.3925257e+02   1.8640530e+02   1.6216031e+02   2.5148278e+02   2.0953370e+02   1.3492169e+02   2.0376661e+02   1.2228767e+02
   7.9454922e+01   5.0921416e+01   4.8658640e+01   4.9294731e+01   6.4653637e+01   6.0537325e+01   5.8788097e+01   4.6645215e+01   4.9469785e+01   4.5247905e+01   4.0950995e+01   4.4631154e+01   3.9377859e+01   5.3146653e+01   4.0723037e+01   5.1730600e+01   5.5983876e+01   6.5399039e+01   3.6523182e+01   5.1996295e+01   4.1029846e+01   5.4280662e+01   3.2578733e+01   6.3300708e+01   3.4090264e+01   7.8697310e+01   4.5224940e+01   5.3609159e+01   3.6572933e+01   3.9221281e+01
   2.8499083e+01   2.4641126e+01   1.8850405e+01   1.5915540e+01   2.4545006e+01   1.1024622e+01   2.3281583e+01   9.0946919e+00   3.9285392e+00   2.3104852e+01   2.5287020e+01   1.5179940e+01   8.2961230e+00   1.7238127e+01   1.9986325e+01   2.8472298e+01   1.9652838e+01   2.7692877e+01   8.0926976e+00   1.7401200e+01   1.6810530e+01   1.5304916e+01   1.0302093e+01   1.8543376e+01   2.4633967e+01   2.3505922e+01   1.9602864e+01   2.8713556e+01   7.9725119e+00   1.7748244e+01
   7.6789819e+00   9.6652546e+00   2.7466671e+00   6.8432702e+00   3.9686947e+00   3.3792477e+00   8.5881719e+00   1.1188799e+00   9.5935619e-01   6.8861019e+00   4.0495965e+00   4.0751729e+00   1.6326428e+00   8.3419516e+00   6.0195467e+00   5.6904040e+00   3.1699363e+00   4.7803827e+00   1.2895143e+00   4.1299234e+00   8.6825175e+00   7.6160525e+00   6.9662578e-01   2.5147230e+00   3.4482737e+00   2.1262540e+00   5.1663119e+00   2.3472239e+00   7.3143947e-01   1.1564833e+01
   4.9090249e-01   1.4319387e+00   1.2018521e-04   3.1744997e-01   1.3392372e-02   4.9966285e-04   2.4353567e-01   3.4817049e-08   1.8647465e-06   1.6844969e-01   3.7694004e-05   4.9187748e-01   0.0000000e+00   4.5987951e-01   2.8524523e-01   4.6531642e-01   2.0816427e-01   2.7358594e-01   2.0814299e-01   4.4610231e-01   1.7895240e+00   2.7758051e-01   2.0814298e-01   4.1628669e-01   4.1662765e-01   4.1628599e-01   4.1633484e-01   6.2442896e-01   6.2442895e-01   1.1172955e+01
   0.0000000e+00   0.0000000e+00   0.0000000e+00   4.1504381e-07   0.0000000e+00   0.0000000e+00   0.0000000e+00   0.0000000e+00   0.0000000e+00   0.0000000e+00   0.0000000e+00   0.0000000e+00   0.0000000e+00   0.0000000e+00   0.0000000e+00   0.0000000e+00   2.0814298e-01   2.0814298e-01   2.0814298e-01   2.0814298e-01   2.0814298e-01   2.0814298e-01   2.0814298e-01   4.1628597e-01   4.1628597e-01   4.1628597e-01   4.1628597e-01   6.2442895e-01   6.2442895e-01   1.1172955e+01
   0.0000000e+00   0.0000000e+00   0.0000000e+00   0.0000000e+00   0.0000000e+00   0.0000000e+00   0.0000000e+00   0.0000000e+00   0.0000000e+00   0.0000000e+00   0.0000000e+00   0.0000000e+00   0.0000000e+00   0.0000000e+00   0.0000000e+00   0.0000000e+00   2.0814298e-01   2.0814298e-01   2.0814298e-01   2.0814298e-01   2.0814298e-01   2.0814298e-01   2.0814298e-01   4.1628597e-01   4.1628597e-01   4.1628597e-01   4.1628597e-01   6.2442895e-01   6.2442895e-01   1.1172955e+01
   0.0000000e+00   0.0000000e+00   0.0000000e+00   0.0000000e+00   0.0000000e+00   0.0000000e+00   0.0000000e+00   0.0000000e+00   0.0000000e+00   0.0000000e+00   0.0000000e+00   0.0000000e+00   0.0000000e+00   0.0000000e+00   0.0000000e+00   0.0000000e+00   2.0814298e-01   2.0814298e-01   2.0814298e-01   2.0814298e-01   2.0814298e-01   2.0814298e-01   2.0814298e-01   4.1628597e-01   4.1628597e-01   4.1628597e-01   4.1628597e-01   6.2442895e-01   6.2442895e-01   1.1172955e+01
