   5.5617136e+03   5.4216840e+03   5.9613183e+03   5.2974151e+03   5.2787606e+03   4.7679085e+03   5.8611161e+03   4.6954120e+03   5.6089797e+03   5.0291345e+03   5.1326716e+03   5.0326052e+03   5.4693817e+03   5.1149208e+03   5.8745016e+03   4.4837795e+03   5.4030758e+03   4.6441089e+03   5.0030425e+03   5.9464340e+03   5.2307931e+03   5.6052887e+03   5.1682146e+03   5.5516755e+03   5.7589812e+03   5.5239550e+03   5.7779611e+03   5.4987787e+03   5.7115025e+03   5.7238334e+03
   5.5061412e+03   5.4216840e+03   5.0343314e+03   5.2974151e+03   5.2787606e+03   4.7679085e+03   5.1210102e+03   4.6954120e+03   4.9274217e+03   5.0291345e+03   4.7468674e+03   5.0326052e+03   5.4693817e+03   4.9515563e+03   4.8962258e+03   4.4837795e+03   4.8245042e+03   4.6441089e+03   5.0030425e+03   5.5507413e+03   5.2307931e+03   5.6052887e+03   4.9005576e+03   5.5516755e+03   4.4498099e+03   5.5239550e+03   5.7116677e+03   5.2743275e+03   4.6305178e+03   5.4919119e+03
   5.0234038e+03   4.9896465e+03   5.0343314e+03   4.3819201e+03   5.2713039e+03   4.7679085e+03   5.1210102e+03   4.6954120e+03   4.7059352e+03   4.2610899e+03   4.7468674e+03   5.0326052e+03   5.4693817e+03   4.9515563e+03   4.8962258e+03   4.4837795e+03   4.8245042e+03   4.6441089e+03   4.6810472e+03   5.2395699e+03   5.2109615e+03   5.3783664e+03   4.9005576e+03   5.3540668e+03   4.4498099e+03   4.7065369e+03   5.4264878e+03   4.7831911e+03   4.6305178e+03   4.9804858e+03
   4.9012636e+03   4.9893746e+03   5.0343314e+03   4.3819201e+03   4.8807872e+03   4.7679085e+03   5.1210102e+03   4.6954120e+03   4.7059352e+03   4.2610899e+03   4.7468674e+03   4.8998867e+03   5.3495854e+03   4.9515563e+03   4.8962258e+03   4.4837795e+03   4.8245042e+03   4.4183131e+03   4.6717883e+03   5.0485021e+03   4.4353981e+03   5.0231604e+03   4.9005576e+03   5.1961220e+03   4.4498099e+03   4.7065369e+03   4.7093130e+03   4.6518313e+03   4.6305178e+03   4.8846153e+03
   4.7700835e+03   4.9893746e+03   5.0145430e+03   4.3819201e+03   4.8800679e+03   4.7679085e+03   4.9792796e+03   4.6954120e+03   4.6132750e+03   4.2610899e+03   4.3378948e+03   3.7159575e+03   4.7595440e+03   4.9515563e+03   4.6524534e+03   4.4837795e+03   4.8245042e+03   4.4183131e+03   4.6717883e+03   5.0485021e+03   4.4353981e+03   5.0231604e+03   4.4176524e+03   5.1961220e+03   4.3203442e+03   4.7065369e+03   4.7093130e+03   4.6518313e+03   4.6305178e+03   4.8846153e+03
   4.7474855e+03   4.5651116e+03   4.7449670e+03   4.0707908e+03   4.8800679e+03   4.7679085e+03   4.6569331e+03   4.6954120e+03   4.6132750e+03   4.2610899e+03   4.1143247e+03   3.7159575e+03   4.7595440e+03   4.9515563e+03   4.3765181e+03   4.4837795e+03   4.8245042e+03   4.4183131e+03   4.6717883e+03   4.5372897e+03   4.3994888e+03   4.8776806e+03   4.4176524e+03   5.0277186e+03   4.3203442e+03   4.7065369e+03   4.5919307e+03   4.6518313e+03   4.6305178e+03   4.7333193e+03
   4.5054555e+03   4.3908728e+03   4.2376230e+03   4.0707908e+03   4.4207175e+03   3.6497966e+03   4.1914222e+03   4.5651063e+03   4.3442852e+03   4.1188162e+03   3.5811089e+03   3.7159575e+03   4.4844479e+03   4.5912539e+03   4.3132680e+03   4.4837795e+03   4.1229949e+03   4.4183131e+03   4.4076361e+03   3.6136418e+03   3.6460184e+03   4.5113264e+03   3.8717531e+03   4.2254330e+03   4.3203442e+03   4.1068318e+03   4.3180513e+03   4.4420951e+03   4.4809203e+03   4.5953885e+03
   3.9485540e+03   3.7841960e+03   4.1888959e+03   4.0707908e+03   4.0959481e+03   3.6497966e+03   3.7916420e+03   3.5881138e+03   4.2858790e+03   3.8754533e+03   3.3522971e+03   3.3109294e+03   3.8982248e+03   4.1513092e+03   3.9406106e+03   3.6612224e+03   3.5532183e+03   3.7847004e+03   3.8349217e+03   3.6136418e+03   3.6460184e+03   4.1093882e+03   3.8717531e+03   4.1442355e+03   4.1574294e+03   4.1068318e+03   4.1347589e+03   3.7812170e+03   3.6263801e+03   3.7257367e+03
   3.6937561e+03   3.5213562e+03   3.4863738e+03   3.5824556e+03   3.9817482e+03   3.6497966e+03   3.6186409e+03   3.5250019e+03   3.6590467e+03   2.9183559e+03   3.0867286e+03   3.3109294e+03   3.5095277e+03   3.5634132e+03   3.6568891e+03   3.6612224e+03   3.4111236e+03   3.7847004e+03   3.8097357e+03   3.6136418e+03   3.4276551e+03   3.5480656e+03   3.5989516e+03   3.5164624e+03   3.9512576e+03   3.8888552e+03   3.6177082e+03   3.2302659e+03   3.5877311e+03   3.3348173e+03
   3.0267653e+03   2.8650112e+03   3.1507582e+03   2.8750740e+03   3.0508020e+03   3.2847717e+03   3.2693889e+03   3.4569944e+03   3.5669600e+03   2.9183559e+03   3.0867286e+03   2.8649916e+03   3.0545798e+03   3.3507130e+03   3.2226274e+03   3.0894622e+03   3.3179699e+03   2.8249976e+03   3.1169042e+03   3.3685624e+03   3.1285683e+03   3.3470473e+03   3.5403459e+03   3.4871347e+03   3.4110356e+03   3.2034500e+03   3.2567225e+03   2.6949684e+03   3.5852040e+03   2.8285713e+03
   2.0164427e+03   2.3659099e+03   2.0416380e+03   1.5576824e+03   2.0873551e+03   2.3045642e+03   1.8243294e+03   1.7020608e+03   1.9188961e+03   1.9469794e+03   2.2319182e+03   2.3458170e+03   2.4727465e+03   2.1220828e+03   2.2112830e+03   2.0358174e+03   2.4928734e+03   2.4986931e+03   2.5333165e+03   2.6674503e+03   1.7681218e+03   2.8687628e+03   2.2791062e+03   3.0805238e+03   2.6662793e+03   2.1542107e+03   2.8581480e+03   2.2810757e+03   2.1008146e+03   2.1818076e+03
   5.2401941e+02   9.2097642e+02   1.1321193e+03   7.1582320e+02   5.0643327e+02   1.1552850e+03   6.0495489e+02   7.0721460e+02   6.4498420e+02   6.6368060e+02   7.1471675e+02   1.1763772e+03   1.1946705e+03   8.0945841e+02   8.1738150e+02   6.0889310e+02   1.2962477e+03   7.9584684e+02   1.1440556e+03   6.7895442e+02   6.4927751e+02   9.9430190e+02   1.2811204e+03   1.1282834e+03   1.1314253e+03   1.1734768e+03   1.1574143e+03   1.0832949e+03   1.0139953e+03   7.3483741e+02
   4.8606529e+01   1.1743958e+02   1.0519116e+02   4.3181690e+01   5.8443027e+01   1.7342919e+02   1.0707332e+02   8.0354810e+01   7.3893984e+01   7.3686818e+01   5.6380913e+01   1.1536513e+02   1.3137872e+02   1.0175258e+02   7.4867992e+01   7.2844498e+01   1.6172356e+02   7.8237523e+01   1.4629881e+02   8.2945588e+01   9.5031191e+01   1.9095056e+02   1.1966858e+02   1.9334814e+02   1.3021199e+02   1.0946750e+02   1.7438444e+02   1.1896584e+02   1.1563958e+02   5.6646892e+01
   1.1530659e+00   2.2685067e+00   1.3905512e+00   7.3112819e-01   2.2828002e+00   1.6517724e+00   2.0742712e+00   3.1445863e+00   1.3800285e+00   1.4595140e+00   1.0914290e+00   2.0979434e+00   1.3228402e+00   1.7153567e+00   1.6086345e+00   1.9075169e+00   2.2949644e+00   2.1859591e+00   1.7092832e+00   1.8176201e+00   6.1240483e+00   6.3537190e+00   3.1671282e+00   3.1853166e+00   3.2464004e+00   3.3649258e+00   3.2750985e+00   1.2551503e+00   1.4512743e+00   1.1804127e+00
   6.7719157e-08   4.0958184e-08   2.4204564e-07   0.0000000e+00   3.7996324e-07   3.0175215e-07   1.0188887e-07   1.0408803e-07   8.1498001e-08   2.0864172e-07   7.8485755e-08   1.4589750e-07   0.0000000e+00   4.3855107e-07   7.5855496e-08   2.9114744e-08   9.8150849e-08   3.9888619e-08   8.6192813e-08   1.4692705e-07   9.8475903e-07   1.2185901e-06   1.1600787e-07   3.2317803e-07   1.4911711e-07   4.9936680e-06   4.1846943e-07   7.5599019e-08   9.0481990e-08   4.4010449e-08
   0.0000000e+00   0.0000000e+00   0.0000000e+00   0.0000000e+00   0.0000000e+00   0.0000000e+00   0.0000000e+00   0.0000000e+00   0.0000000e+00   0.0000000e+00   0.0000000e+00   0.0000000e+00   0.0000000e+00   0.0000000e+00   0.0000000e+00   0.0000000e+00   0.0000000e+00   0.0000000e+00   0.0000000e+00   0.0000000e+00   0.0000000e+00   0.0000000e+00   0.0000000e+00   0.0000000e+00   0.0000000e+00   0.0000000e+00   0.0000000e+00   0.0000000e+00   0.0000000e+00   0.0000000e+00
