   4.5366512e+02   4.8667124e+02   2.4849740e+02   3.1718602e+02   4.2403713e+02   3.3091350e+02   4.1702815e+02   4.4220908e+02   3.7991535e+02   4.1528541e+02   2.9593508e+02   5.2914741e+02   3.6637698e+02   4.0769947e+02   3.5319575e+02   4.0113949e+02   3.1578300e+02   2.6649695e+02   5.8178528e+02   2.4813711e+02   4.2437347e+02   3.1325996e+02   3.9233519e+02   4.0516043e+02   3.5607186e+02   3.5064618e+02   3.7920641e+02   2.8299832e+02   5.2140389e+02   5.2888183e+02
   2.8623313e+02   4.2900939e+02   2.2316242e+02   3.1718602e+02   3.6810819e+02   3.3091350e+02   2.6213203e+02   2.7902407e+02   2.4863470e+02   2.9597243e+02   2.9593508e+02   4.1813424e+02   3.3448647e+02   3.0294314e+02   3.5319575e+02   4.0113949e+02   2.6298425e+02   2.6649695e+02   3.8210099e+02   2.0416554e+02   2.6107900e+02   2.1179389e+02   3.5036459e+02   3.5493188e+02   3.5607186e+02   3.3923833e+02   3.5996795e+02   2.8299832e+02   3.1674665e+02   3.4959173e+02
   2.8623313e+02   1.2346620e+02   2.2316242e+02   3.1718602e+02   2.9922235e+02   1.5471247e+02   2.6213203e+02   2.6083658e+02   2.4863470e+02   2.9597243e+02   1.9627825e+02   3.1050127e+02   2.4007245e+02   2.5966977e+02   2.4402982e+02   1.6271351e+02   2.1878660e+02   2.6649695e+02   2.1705745e+02   2.0416554e+02   2.2870713e+02   1.8337218e+02   2.0924328e+02   9.7107646e+01   3.0898381e+02   2.0791753e+02   3.1563956e+02   2.8299832e+02   2.6760955e+02   2.2874904e+02
   2.8623313e+02   1.2346620e+02   1.7955010e+02   2.0849435e+02   2.2169145e+02   1.5471247e+02   2.0525706e+02   1.6997861e+02   1.7044085e+02   2.4662289e+02   1.9004254e+02   2.3195021e+02   1.8146640e+02   1.8918050e+02   2.2901464e+02   1.6271351e+02   2.1878660e+02   2.5241645e+02   2.0086281e+02   2.0416554e+02   2.0033153e+02   1.8337218e+02   2.0924328e+02   9.7107646e+01   2.7300762e+02   2.0791753e+02   2.6487974e+02   2.8299832e+02   2.3931764e+02   2.2874904e+02
   8.4046933e+01   1.1976873e+02   1.3973635e+02   1.1609226e+02   1.4405664e+02   1.3440814e+02   1.4830244e+02   1.4202055e+02   1.1740709e+02   1.3395208e+02   1.3816511e+02   1.3287706e+02   1.0373092e+02   1.4847450e+02   1.0866204e+02   1.4690430e+02   1.3431605e+02   1.4868109e+02   1.3133764e+02   1.0846449e+02   1.2393177e+02   1.2357249e+02   1.2888565e+02   9.7107646e+01   1.7128594e+02   1.1610558e+02   1.5638390e+02   1.4109072e+02   1.4833297e+02   1.3336741e+02
   8.4046933e+01   8.5635520e+01   7.9448927e+01   8.9449036e+01   8.2488963e+01   1.0152593e+02   8.2395869e+01   1.0176394e+02   9.1725350e+01   8.5743951e+01   9.7257852e+01   7.9461426e+01   8.3170560e+01   8.6113025e+01   8.7588673e+01   9.2400536e+01   7.8356892e+01   8.7144713e+01   1.0706230e+02   6.8700027e+01   8.6095600e+01   9.0652330e+01   7.7820219e+01   9.2081709e+01   9.0100159e+01   9.0372309e+01   5.6646349e+01   7.6162913e+01   9.3139939e+01   6.4010055e+01
   5.7946354e+01   4.9842436e+01   5.9172902e+01   5.5063636e+01   5.6498681e+01   4.2478676e+01   6.4601090e+01   5.0426686e+01   6.5254507e+01   7.0646496e+01   4.6361658e+01   5.7300062e+01   5.9610955e+01   5.8453159e+01   6.0995714e+01   6.0473511e+01   5.2686850e+01   5.7501954e+01   4.8221598e+01   6.1307204e+01   6.6643453e+01   5.9900974e+01   5.6720956e+01   6.1734331e+01   4.7511197e+01   5.6997095e+01   4.6970882e+01   4.6763892e+01   5.0043471e+01   5.7987379e+01
   2.2193810e+01   2.1817456e+01   1.9625369e+01   1.7041970e+01   1.6099585e+01   2.3731785e+01   2.2140131e+01   1.7300763e+01   2.0881106e+01   1.8509936e+01   1.6609888e+01   1.8727278e+01   2.0958960e+01   1.8858603e+01   1.5832049e+01   2.1279466e+01   1.8142102e+01   2.1817346e+01   2.2388794e+01   1.9717929e+01   2.1959313e+01   1.9290093e+01   2.4283217e+01   2.1806999e+01   2.3359065e+01   2.2609667e+01   2.0721890e+01   1.8263025e+01   1.7973369e+01   1.7021754e+01
   5.3161294e+00   3.9639420e+00   4.9712266e+00   4.1681375e+00   2.5735321e+00   3.2049798e+00   4.7452848e+00   6.4143259e+00   5.8426480e+00   5.2587499e+00   4.9191070e+00   5.2918528e+00   4.7193571e+00   4.5335820e+00   5.0592660e+00   4.9634811e+00   4.0720710e+00   5.3309052e+00   4.7093672e+00   5.7200204e+00   4.6553620e+00   3.8641924e+00   6.3294351e+00   4.9173318e+00   6.0912321e+00   4.1305740e+00   5.7015058e+00   4.7177549e+00   3.4367434e+00   3.6810977e+00
   3.4548270e-02   1.7472394e-02   2.9889500e-02   2.5034338e-02   2.9643143e-02   3.1401840e-02   2.6920258e-02   3.4609635e-02   3.1992209e-02   3.1522586e-02   3.3923061e-02   3.8542479e-02   2.8458306e-02   2.7912727e-02   3.9420017e-02   5.3187652e-02   2.4393477e-02   3.3383533e-02   4.0290353e-02   3.4322585e-02   3.7933050e-02   1.7004860e-02   3.4563341e-02   3.4546247e-02   2.3668154e-02   3.1215374e-02   2.1519536e-02   3.5734809e-02   2.7420695e-02   1.6886217e-02
   3.7660695e-05   3.8244574e-05   4.5485902e-05   3.4361570e-05   3.8062262e-05   3.8598220e-05   3.8419490e-05   4.1945524e-05   3.8286488e-05   4.8380751e-05   4.4664369e-05   4.4735250e-05   3.3481391e-05   3.7870529e-05   4.2346879e-05   4.6974269e-05   4.1566701e-05   3.6984515e-05   4.6697610e-05   4.0749152e-05   4.5856560e-05   2.1491174e-05   4.6829538e-05   4.1175593e-05   2.9638934e-05   3.6810798e-05   5.3880403e-05   3.6577374e-05   3.1523436e-05   2.5051985e-05
   0.0000000e+00   0.0000000e+00   0.0000000e+00   0.0000000e+00   0.0000000e+00   0.0000000e+00   0.0000000e+00   0.0000000e+00   0.0000000e+00   0.0000000e+00   0.0000000e+00   0.0000000e+00   0.0000000e+00   0.0000000e+00   0.0000000e+00   0.0000000e+00   0.0000000e+00   0.0000000e+00   0.0000000e+00   0.0000000e+00   0.0000000e+00   0.0000000e+00   0.0000000e+00   0.0000000e+00   0.0000000e+00   0.0000000e+00   0.0000000e+00   0.0000000e+00   0.0000000e+00   0.0000000e+00
   0.0000000e+00   0.0000000e+00   0.0000000e+00   0.0000000e+00   0.0000000e+00   0.0000000e+00   0.0000000e+00   0.0000000e+00   0.0000000e+00   0.0000000e+00   0.0000000e+00   0.0000000e+00   0.0000000e+00   0.0000000e+00   0.0000000e+00   0.0000000e+00   0.0000000e+00   0.0000000e+00   0.0000000e+00   0.0000000e+00   0.0000000e+00   0.0000000e+00   0.0000000e+00   0.0000000e+00   0.0000000e+00   0.0000000e+00   0.0000000e+00   0.0000000e+00   0.0000000e+00   0.0000000e+00
   0.0000000e+00   0.0000000e+00   0.0000000e+00   0.0000000e+00   0.0000000e+00   0.0000000e+00   0.0000000e+00   0.0000000e+00   0.0000000e+00   0.0000000e+00   0.0000000e+00   0.0000000e+00   0.0000000e+00   0.0000000e+00   0.0000000e+00   0.0000000e+00   0.0000000e+00   0.0000000e+00   0.0000000e+00   0.0000000e+00   0.0000000e+00   0.0000000e+00   0.0000000e+00   0.0000000e+00   0.0000000e+00   0.0000000e+00   0.0000000e+00   0.0000000e+00   0.0000000e+00   0.0000000e+00
   0.0000000e+00   0.0000000e+00   0.0000000e+00   0.0000000e+00   0.0000000e+00   0.0000000e+00   0.0000000e+00   0.0000000e+00   0.0000000e+00   0.0000000e+00   0.0000000e+00   0.0000000e+00   0.0000000e+00   0.0000000e+00   0.0000000e+00   0.0000000e+00   0.0000000e+00   0.0000000e+00   0.0000000e+00   0.0000000e+00   0.0000000e+00   0.0000000e+00   0.0000000e+00   0.0000000e+00   0.0000000e+00   0.0000000e+00   0.0000000e+00   0.0000000e+00   0.0000000e+00   0.0000000e+00
   0.0000000e+00   0.0000000e+00   0.0000000e+00   0.0000000e+00   0.0000000e+00   0.0000000e+00   0.0000000e+00   0.0000000e+00   0.0000000e+00   0.0000000e+00   0.0000000e+00   0.0000000e+00   0.0000000e+00   0.0000000e+00   0.0000000e+00   0.0000000e+00   0.0000000e+00   0.0000000e+00   0.0000000e+00   0.0000000e+00   0.0000000e+00   0.0000000e+00   0.0000000e+00   0.0000000e+00   0.0000000e+00   0.0000000e+00   0.0000000e+00   0.0000000e+00   0.0000000e+00   0.0000000e+00
