   7.5566713e+02   1.1062864e+03   1.5864021e+03   1.0135968e+03   1.2889538e+03   1.1497460e+03   1.0577848e+03   1.1052276e+03   1.0423089e+03   8.7900319e+02   1.1113529e+03   1.4847368e+03   1.3116478e+03   1.2788044e+03   8.8035455e+02   1.7477465e+03   1.3678901e+03   1.2757897e+03   9.9996880e+02   1.3191157e+03   1.4732774e+03   1.2252142e+03   1.5769207e+03   1.0928966e+03   1.4418261e+03   1.2022265e+03   1.6432684e+03   1.0623061e+03   1.6036610e+03   9.8960519e+02
   7.5566713e+02   1.1062864e+03   1.5864021e+03   1.0135968e+03   1.0797555e+03   1.1497460e+03   1.0577848e+03   1.0437304e+03   1.0423089e+03   8.7900319e+02   7.6362009e+02   9.6600326e+02   9.1651760e+02   8.5848907e+02   8.8035455e+02   1.1491478e+03   1.1214938e+03   1.1701839e+03   9.2604646e+02   1.0289656e+03   1.0547584e+03   1.0428577e+03   1.2764945e+03   1.0928966e+03   1.2825878e+03   8.2751171e+02   1.1449375e+03   9.6289638e+02   1.0493581e+03   9.8960519e+02
   7.5566713e+02   8.9887213e+02   1.1329636e+03   9.0396322e+02   1.0663010e+03   9.5502052e+02   6.8519083e+02   1.0437304e+03   1.0423089e+03   7.7276767e+02   7.6362009e+02   9.4521012e+02   9.1651760e+02   7.1305182e+02   8.8035455e+02   1.1314619e+03   7.6333019e+02   7.9709228e+02   9.2604646e+02   7.8554067e+02   8.2689785e+02   9.4206075e+02   9.1842458e+02   1.0063405e+03   1.0473164e+03   8.2751171e+02   1.1449375e+03   9.6289638e+02   7.5423961e+02   9.8960519e+02
   7.5566713e+02   8.8938331e+02   9.1765799e+02   8.7258185e+02   9.3370559e+02   7.7690304e+02   6.8519083e+02   7.7984372e+02   9.5075189e+02   7.7276767e+02   6.8745349e+02   8.9072255e+02   9.1651760e+02   7.1305182e+02   8.5031685e+02   6.7586648e+02   7.6333019e+02   7.9709228e+02   9.1505734e+02   7.8554067e+02   8.2689785e+02   7.9663872e+02   7.9926742e+02   8.3219238e+02   9.3887399e+02   8.2751171e+02   9.2577455e+02   8.8634284e+02   7.5423961e+02   7.6634708e+02
   6.8728395e+02   6.7734462e+02   6.7816458e+02   6.9720413e+02   6.7206138e+02   6.3568537e+02   6.6754091e+02   6.9404687e+02   8.1129170e+02   5.9397907e+02   6.8722548e+02   6.9356597e+02   6.7690145e+02   6.4576068e+02   7.4839923e+02   5.6899645e+02   7.1998791e+02   7.0622882e+02   6.2379967e+02   6.6717563e+02   7.2881716e+02   5.8167110e+02   6.3865111e+02   6.8256557e+02   6.8310550e+02   6.2925131e+02   6.7612556e+02   6.3168501e+02   6.2020091e+02   6.1081188e+02
   5.7176503e+02   5.9190137e+02   6.1381503e+02   5.4688546e+02   5.7801642e+02   6.3568537e+02   5.4026990e+02   5.6078757e+02   5.6106568e+02   5.9397907e+02   5.7355622e+02   5.8733103e+02   5.7599175e+02   5.1826965e+02   5.5549924e+02   5.5401077e+02   5.6506768e+02   5.6752494e+02   5.6509740e+02   6.1263127e+02   5.4778540e+02   5.5448295e+02   5.8788205e+02   5.6563108e+02   6.1717156e+02   5.7255833e+02   5.7053829e+02   5.7160103e+02   5.8576891e+02   6.1081188e+02
   5.2359543e+02   5.2964469e+02   5.0568585e+02   5.0450042e+02   4.9891881e+02   4.7985545e+02   5.0606274e+02   5.0237239e+02   5.1743586e+02   5.3265401e+02   5.2500704e+02   5.0607206e+02   4.8516425e+02   4.7922190e+02   5.2356726e+02   5.2466058e+02   4.9747387e+02   5.0139820e+02   5.2724565e+02   5.1802401e+02   5.1641280e+02   4.8163388e+02   5.1380206e+02   5.0492930e+02   5.2789307e+02   4.8377907e+02   5.2072115e+02   5.2741855e+02   5.2800945e+02   5.3715047e+02
   4.4042462e+02   4.6328321e+02   4.1994256e+02   4.2712448e+02   4.3779624e+02   4.2817557e+02   4.2619916e+02   4.3158593e+02   4.2489750e+02   4.2018938e+02   4.2548352e+02   4.3468242e+02   4.5819554e+02   4.1278408e+02   4.4957058e+02   4.6046183e+02   4.3635625e+02   4.2613190e+02   4.5862183e+02   4.2980949e+02   4.2580589e+02   4.1911069e+02   4.3152833e+02   4.2330323e+02   4.5163265e+02   4.2059348e+02   4.4028824e+02   4.6473318e+02   4.1827470e+02   4.3518997e+02
   4.0238001e+02   4.1019206e+02   4.0120964e+02   4.0148986e+02   4.0171198e+02   4.0138351e+02   4.0147803e+02   4.0165818e+02   4.0248135e+02   4.0124851e+02   4.0181487e+02   4.0217527e+02   4.0308434e+02   4.0127814e+02   4.0198263e+02   4.0295371e+02   4.0247777e+02   4.0152221e+02   4.0212604e+02   4.0184125e+02   4.0192959e+02   4.0177248e+02   4.0194130e+02   4.0195528e+02   4.0224642e+02   4.0161104e+02   4.0200080e+02   4.1471740e+02   4.0181224e+02   4.0252583e+02
   4.0002895e+02   4.0108941e+02   4.0002687e+02   4.0003229e+02   4.0003790e+02   4.0002916e+02   4.0002519e+02   4.0002291e+02   4.0003857e+02   4.0003250e+02   4.0002103e+02   4.0002317e+02   4.0003862e+02   4.0001787e+02   4.0004135e+02   4.0006671e+02   4.0003778e+02   4.0001592e+02   4.0003421e+02   4.0002250e+02   4.0002688e+02   4.0004432e+02   4.0003786e+02   4.0002934e+02   4.0003656e+02   4.0003127e+02   4.0003453e+02   4.0454494e+02   4.0002638e+02   4.0004099e+02
   4.0000004e+02   4.0050828e+02   4.0000004e+02   4.0000005e+02   4.0000004e+02   4.0000005e+02   4.0000004e+02   4.0000004e+02   4.0000005e+02   4.0000003e+02   4.0000004e+02   4.0000004e+02   4.0000005e+02   4.0000003e+02   4.0000004e+02   4.0000009e+02   4.0000004e+02   4.0000004e+02   4.0000004e+02   4.0000005e+02   4.0000002e+02   4.0000004e+02   4.0000004e+02   4.0000004e+02   4.0000007e+02   4.0000004e+02   4.0000006e+02   4.0271864e+02   4.0000004e+02   4.0000005e+02
   4.0000000e+02   4.0044337e+02   4.0000000e+02   4.0000000e+02   4.0000000e+02   4.0000000e+02   4.0000000e+02   4.0000000e+02   4.0000000e+02   4.0000000e+02   4.0000000e+02   4.0000000e+02   4.0000000e+02   4.0000000e+02   4.0000000e+02   4.0000000e+02   4.0000000e+02   4.0000000e+02   4.0000000e+02   4.0000000e+02   4.0000000e+02   4.0000000e+02   4.0000000e+02   4.0000000e+02   4.0000000e+02   4.0000000e+02   4.0000000e+02   4.0233243e+02   4.0000000e+02   4.0000000e+02
   4.0000000e+02   4.0043475e+02   4.0000000e+02   4.0000000e+02   4.0000000e+02   4.0000000e+02   4.0000000e+02   4.0000000e+02   4.0000000e+02   4.0000000e+02   4.0000000e+02   4.0000000e+02   4.0000000e+02   4.0000000e+02   4.0000000e+02   4.0000000e+02   4.0000000e+02   4.0000000e+02   4.0000000e+02   4.0000000e+02   4.0000000e+02   4.0000000e+02   4.0000000e+02   4.0000000e+02   4.0000000e+02   4.0000000e+02   4.0000000e+02   4.0222771e+02   4.0000000e+02   4.0000000e+02
   4.0000000e+02   4.0043357e+02   4.0000000e+02   4.0000000e+02   4.0000000e+02   4.0000000e+02   4.0000000e+02   4.0000000e+02   4.0000000e+02   4.0000000e+02   4.0000000e+02   4.0000000e+02   4.0000000e+02   4.0000000e+02   4.0000000e+02   4.0000000e+02   4.0000000e+02   4.0000000e+02   4.0000000e+02   4.0000000e+02   4.0000000e+02   4.0000000e+02   4.0000000e+02   4.0000000e+02   4.0000000e+02   4.0000000e+02   4.0000000e+02   4.0219900e+02   4.0000000e+02   4.0000000e+02
   4.0000000e+02   4.0000000e+02   4.0000000e+02   4.0000000e+02   4.0000000e+02   4.0000000e+02   4.0000000e+02   4.0000000e+02   4.0000000e+02   4.0000000e+02   4.0000000e+02   4.0000000e+02   4.0000000e+02   4.0000000e+02   4.0000000e+02   4.0000000e+02   4.0000000e+02   4.0000000e+02   4.0000000e+02   4.0000000e+02   4.0000000e+02   4.0000000e+02   4.0000000e+02   4.0000000e+02   4.0000000e+02   4.0000000e+02   4.0000000e+02   4.0000000e+02   4.0000000e+02   4.0000000e+02
   4.0000000e+02   4.0000000e+02   4.0000000e+02   4.0000000e+02   4.0000000e+02   4.0000000e+02   4.0000000e+02   4.0000000e+02   4.0000000e+02   4.0000000e+02   4.0000000e+02   4.0000000e+02   4.0000000e+02   4.0000000e+02   4.0000000e+02   4.0000000e+02   4.0000000e+02   4.0000000e+02   4.0000000e+02   4.0000000e+02   4.0000000e+02   4.0000000e+02   4.0000000e+02   4.0000000e+02   4.0000000e+02   4.0000000e+02   4.0000000e+02   4.0000000e+02   4.0000000e+02   4.0000000e+02
