   3.9315200e+02   2.6233733e+02   3.0673565e+02   3.0105319e+02   2.9776470e+02   3.3336343e+02   2.8020687e+02   2.5254331e+02   3.5662367e+02   3.0543331e+02   3.2509663e+02   2.5094985e+02   3.6282717e+02   3.3410396e+02   2.0511482e+02   2.3418974e+02   2.6307087e+02   2.7171470e+02   3.1394731e+02   2.6184756e+02   3.3120562e+02   2.6611618e+02   3.2433685e+02   2.7649970e+02   3.1404122e+02   3.1771685e+02   2.9949637e+02   2.4539618e+02   2.6377732e+02   3.3224522e+02
   2.2525430e+02   2.6233733e+02   1.5776869e+02   2.6038965e+02   2.8960186e+02   3.3336343e+02   2.8020687e+02   2.5254331e+02   3.0410588e+02   2.7558889e+02   2.8716756e+02   2.5094985e+02   2.2592130e+02   3.0011357e+02   2.0511482e+02   1.9511393e+02   2.2364004e+02   1.9703511e+02   2.1565048e+02   2.6184756e+02   1.9185109e+02   1.5090481e+02   2.2551599e+02   2.2116635e+02   1.9671177e+02   3.0415088e+02   1.6354999e+02   2.4539618e+02   2.6377732e+02   2.4665842e+02
   1.9293387e+02   2.3369908e+02   1.5776869e+02   1.8486643e+02   1.8909355e+02   1.8409681e+02   2.7162364e+02   2.3287167e+02   2.3403824e+02   2.5314956e+02   2.1099520e+02   2.1178762e+02   2.2592130e+02   2.9037357e+02   2.0511482e+02   1.7362260e+02   1.9424072e+02   1.7286743e+02   2.1565048e+02   1.9855051e+02   1.9185109e+02   1.5090481e+02   1.5311124e+02   2.0904750e+02   1.9671177e+02   1.7265113e+02   1.6354999e+02   1.9485619e+02   2.6150408e+02   2.4665842e+02
   1.4996051e+02   2.3369908e+02   1.5776869e+02   1.3046927e+02   1.8909355e+02   1.8409681e+02   1.7385061e+02   1.5208958e+02   1.9716752e+02   1.4972635e+02   1.8056743e+02   2.1178762e+02   2.2592130e+02   2.5912455e+02   2.0511482e+02   1.6197991e+02   1.7910495e+02   1.4950823e+02   1.8997085e+02   1.8380265e+02   1.8889373e+02   1.5090481e+02   1.5311124e+02   1.8467062e+02   1.9671177e+02   1.7265113e+02   1.6354999e+02   1.8075864e+02   1.8871299e+02   2.2007775e+02
   1.2413282e+02   1.5006694e+02   1.4549100e+02   1.3046927e+02   1.1112642e+02   1.1287198e+02   1.3549656e+02   1.1574125e+02   1.2172380e+02   1.4972635e+02   1.3932108e+02   9.4343915e+01   1.5558837e+02   1.2132251e+02   1.3453302e+02   1.2922804e+02   1.7910495e+02   1.2490543e+02   1.3187324e+02   1.1268845e+02   1.0635173e+02   1.4406689e+02   1.0585225e+02   1.2547364e+02   1.4900890e+02   1.3408173e+02   1.4446010e+02   1.3014497e+02   1.4932976e+02   1.5506387e+02
   9.3582814e+01   9.1041018e+01   6.3225998e+01   9.2463902e+01   9.7329497e+01   1.0076029e+02   8.9323235e+01   8.9929107e+01   9.9823132e+01   1.0506839e+02   8.3003135e+01   9.4343915e+01   1.1289861e+02   1.0382970e+02   9.2660995e+01   9.3252046e+01   1.0474831e+02   9.3001927e+01   9.7677606e+01   8.6296067e+01   9.8300581e+01   1.1947277e+02   1.0585225e+02   9.2386375e+01   9.1950395e+01   9.6184430e+01   1.0546547e+02   7.1514135e+01   1.1389157e+02   1.1023033e+02
   7.5589030e+01   6.5249731e+01   4.9258800e+01   5.8797325e+01   4.7291806e+01   7.8058505e+01   6.3115993e+01   8.3039544e+01   8.1395053e+01   8.0887766e+01   8.0044441e+01   7.1634146e+01   7.4082789e+01   4.6825685e+01   8.5183704e+01   8.1591926e+01   7.9905946e+01   6.2686280e+01   7.8247255e+01   7.9642902e+01   7.3334671e+01   8.0836148e+01   5.0652534e+01   7.5568234e+01   7.4197349e+01   8.2315468e+01   8.2044378e+01   6.2340461e+01   7.1778810e+01   6.1706771e+01
   5.4193878e+01   5.8776898e+01   4.9258800e+01   5.8797325e+01   4.7291806e+01   6.0104317e+01   5.9366592e+01   6.4922620e+01   5.7271643e+01   5.7181107e+01   5.2143742e+01   6.0482351e+01   5.9602434e+01   4.6825685e+01   4.7313603e+01   5.8927742e+01   5.4044932e+01   6.0433538e+01   6.0336365e+01   6.4136500e+01   6.2440585e+01   6.0655488e+01   5.0652534e+01   6.5745365e+01   5.0937681e+01   6.3076401e+01   5.1858585e+01   4.6735292e+01   6.1036512e+01   5.6189183e+01
   5.1129811e+01   4.4569709e+01   4.6634028e+01   4.4187289e+01   3.7540872e+01   5.3741184e+01   5.2519624e+01   4.7884527e+01   4.2768867e+01   5.5568808e+01   4.6978816e+01   5.1899630e+01   4.6683938e+01   4.6825685e+01   4.7313603e+01   4.3727889e+01   4.9993648e+01   4.8884769e+01   5.9310795e+01   4.7795661e+01   5.2186099e+01   4.9600725e+01   4.8908075e+01   5.7788753e+01   5.0937681e+01   5.1838598e+01   4.3983439e+01   4.6735292e+01   4.3558019e+01   4.8339711e+01
   4.1051986e+01   3.8074256e+01   4.2481817e+01   3.8644722e+01   3.6971181e+01   4.7354656e+01   4.2308038e+01   4.3277362e+01   4.2662328e+01   4.7836766e+01   3.8643562e+01   3.9895351e+01   4.3891541e+01   4.3983130e+01   4.2343474e+01   4.3727889e+01   4.7233290e+01   4.6866344e+01   4.5968605e+01   4.5273115e+01   2.4753360e+01   4.8049562e+01   2.9653470e+01   4.5394678e+01   4.4672237e+01   4.4753854e+01   4.3983439e+01   4.1455305e+01   3.2772984e+01   4.3043570e+01
   2.5166771e+01   3.8074256e+01   3.6781517e+01   3.8644722e+01   3.6228599e+01   4.1643218e+01   4.2308038e+01   4.3277362e+01   3.9159556e+01   3.8831072e+01   3.4976224e+01   3.9895351e+01   3.3734041e+01   4.0955049e+01   4.0064085e+01   4.0150828e+01   3.8393222e+01   4.0614714e+01   4.2630018e+01   2.9848161e+01   2.4753360e+01   4.8049562e+01   2.9653470e+01   4.5394678e+01   3.9540076e+01   3.9345805e+01   3.8711726e+01   4.1455305e+01   3.2772984e+01   3.3184050e+01
   2.5166771e+01   3.8074256e+01   3.0021671e+01   3.3241248e+01   3.2747626e+01   3.5334825e+01   3.7011716e+01   3.2040441e+01   2.4836315e+01   3.0065522e+01   2.7829030e+01   3.9237224e+01   2.3312429e+01   2.8523924e+01   3.3004691e+01   3.0071856e+01   2.9526606e+01   3.2816954e+01   3.5215435e+01   2.9848161e+01   2.4294130e+01   3.0431361e+01   2.9653470e+01   3.6101069e+01   3.6634202e+01   2.5659338e+01   3.4103451e+01   3.4916990e+01   2.1980132e+01   2.4221417e+01
   1.8749125e+01   3.5109062e+01   1.8715679e+01   2.3173478e+01   1.6233453e+01   2.0686865e+01   2.7931174e+01   1.8707968e+01   2.4836315e+01   1.7433656e+01   2.1000264e+01   2.5276608e+01   1.7796405e+01   2.3732386e+01   2.1369021e+01   1.7219673e+01   1.7415353e+01   1.7774900e+01   2.0482881e+01   2.7044663e+01   1.7783552e+01   1.5953631e+01   2.0361298e+01   3.6101069e+01   2.9654853e+01   1.9773738e+01   1.7744009e+01   2.0728041e+01   1.7768169e+01   1.6681963e+01
   1.3214163e+01   1.6512135e+01   1.3699207e+01   1.2499579e+01   1.2980389e+01   1.4199830e+01   1.5889935e+01   1.2733478e+01   1.5364927e+01   1.4003785e+01   1.3038166e+01   1.3340161e+01   1.4963293e+01   1.2407225e+01   1.2754738e+01   1.4873031e+01   1.4794119e+01   1.4718425e+01   1.3450422e+01   1.4311778e+01   1.3999549e+01   1.4652036e+01   1.4609464e+01   2.1042319e+01   1.4461657e+01   1.4196800e+01   1.4116515e+01   1.3346316e+01   1.4422812e+01   1.4314901e+01
   1.0585659e+01   1.1365302e+01   1.0698671e+01   1.0897940e+01   1.1455475e+01   1.1543197e+01   1.1239307e+01   1.1392279e+01   1.1683526e+01   1.1650307e+01   1.1476712e+01   1.1707789e+01   1.1669366e+01   1.1618081e+01   1.1851536e+01   1.1952062e+01   1.1893710e+01   1.2222142e+01   1.1872476e+01   1.2060695e+01   1.2011986e+01   1.2106726e+01   1.2384082e+01   1.2424803e+01   1.2538100e+01   1.2359616e+01   1.2761923e+01   1.2500267e+01   1.2490879e+01   1.2784190e+01
   1.0503492e+01   1.0659258e+01   1.0672702e+01   1.0823457e+01   1.1017613e+01   1.1107133e+01   1.1146016e+01   1.1203589e+01   1.1376123e+01   1.1395821e+01   1.1437051e+01   1.1455546e+01   1.1515478e+01   1.1537135e+01   1.1661956e+01   1.1685441e+01   1.1744136e+01   1.1749155e+01   1.1755568e+01   1.1798951e+01   1.1961575e+01   1.2006661e+01   1.2209282e+01   1.2228785e+01   1.2249858e+01   1.2269668e+01   1.2316861e+01   1.2331120e+01   1.2424797e+01   1.2687476e+01
