   2.8781995e+07   4.5160182e+06   8.6088637e+06   5.4697324e+06   1.0824180e+07   1.0854340e+07   5.8542822e+06   1.0399816e+07   4.0595294e+06   3.6389272e+06   1.7034534e+07   2.0524775e+06   2.4786702e+07   1.6779929e+07   3.0400104e+06   1.0029111e+07   2.1895003e+07   1.1001612e+07   7.7149984e+06   1.7151636e+07   3.4311210e+07   2.7646510e+07   1.0556715e+06   2.7052502e+07   2.0869690e+07   1.1434553e+07   1.0382724e+07   3.6841609e+06   1.2255072e+07   1.1527980e+07
   8.1747215e+06   4.5160182e+06   8.6088637e+06   5.4697324e+06   1.0824180e+07   2.7993448e+06   5.5951705e+06   4.3814025e+06   4.0595294e+06   3.6389272e+06   4.7967867e+06   2.0524775e+06   1.0374978e+07   8.3135937e+06   3.0400104e+06   6.5550070e+06   1.0714179e+07   2.2116332e+06   7.7149984e+06   1.7151636e+07   1.5665019e+07   3.8994007e+06   1.0556715e+06   2.0686654e+06   1.4263895e+07   2.1579534e+06   1.0382724e+07   3.6841609e+06   8.1463326e+06   8.1654956e+06
   7.7750379e+06   4.5160182e+06   8.6088637e+06   2.9110011e+06   2.5867475e+06   2.7993448e+06   1.7425527e+06   4.3814025e+06   3.3280525e+06   3.6389272e+06   4.7967867e+06   2.0524775e+06   1.0374978e+07   3.0720567e+06   1.0444883e+06   6.5550070e+06   5.0216181e+06   2.2116332e+06   3.1907215e+06   2.9578407e+06   7.6817162e+06   3.8994007e+06   1.0556715e+06   2.0686654e+06   6.9160079e+06   2.1579534e+06   5.4726874e+06   3.6841609e+06   8.1463326e+06   7.3527828e+06
   3.4925356e+06   4.5160182e+06   2.6814267e+06   2.9110011e+06   2.5867475e+06   2.7993448e+06   1.7425527e+06   1.5254179e+06   3.3280525e+06   3.6389272e+06   4.7967867e+06   2.0524775e+06   1.4675114e+06   3.0720567e+06   1.0444883e+06   4.4924821e+06   5.0216181e+06   2.2116332e+06   3.1907215e+06   2.9578407e+06   2.4238682e+06   2.6280236e+06   1.0556715e+06   2.0686654e+06   2.0013148e+06   2.1579534e+06   5.4726874e+06   3.6841609e+06   1.7138378e+06   3.0414045e+06
   3.4925356e+06   4.5160182e+06   2.6814267e+06   2.9110011e+06   2.3637505e+06   2.7993448e+06   1.7425527e+06   1.5254179e+06   3.3280525e+06   1.1333485e+06   4.7967867e+06   1.1906610e+06   1.4675114e+06   1.5102754e+06   1.0444883e+06   4.4924821e+06   5.0216181e+06   2.2116332e+06   3.1907215e+06   2.9578407e+06   2.4238682e+06   2.6280236e+06   1.0556715e+06   2.0686654e+06   6.7604138e+05   2.1579534e+06   3.4038614e+06   1.9646506e+06   1.7138378e+06   3.0414045e+06
   2.5661887e+06   1.9272414e+06   2.6814267e+06   1.9169101e+06   2.2595358e+06   2.7993448e+06   1.7425527e+06   1.4842791e+06   3.1239292e+06   1.1333485e+06   1.1218268e+06   1.1906610e+06   1.4675114e+06   1.5102754e+06   9.1975511e+05   1.4955715e+06   1.5897236e+06   2.2116332e+06   2.3202866e+06   2.9578407e+06   2.4238682e+06   2.6280236e+06   9.3740504e+05   2.0686654e+06   6.7604138e+05   1.2980607e+06   2.3719202e+06   1.7872632e+06   1.7138378e+06   1.8370695e+06
   4.3625164e+05   1.2429205e+05   4.6513869e+05   4.6017805e+05   9.5841552e+05   1.9704874e+05   5.7056152e+05   7.9651267e+05   2.5047776e+05   6.6954815e+05   9.2434051e+05   3.0639990e+05   8.6027555e+05   3.5327355e+05   7.9524257e+05   1.0680868e+06   1.2912509e+06   2.7310351e+05   2.4117378e+05   2.9724618e+05   7.7586506e+05   7.2740259e+05   5.0633811e+05   7.5044797e+05   6.7604138e+05   1.4384865e+05   4.8202897e+05   5.8441932e+05   8.4840955e+05   7.8457746e+05
   8.4394323e+04   6.2308515e+04   8.4516505e+04   8.0196697e+04   1.9210409e+05   1.4369043e+05   1.9133001e+05   7.1614087e+04   6.7487302e+04   4.7643910e+04   1.9375305e+05   4.0411483e+04   1.5972306e+05   5.2065356e+04   1.1935643e+05   4.2000304e+04   1.3964026e+05   5.9998249e+04   1.7826421e+05   1.5919403e+05   6.8941454e+04   1.1683567e+05   6.7644028e+04   7.1480955e+04   8.5896059e+04   1.1442810e+05   7.8918660e+04   1.4487545e+05   1.4542756e+05   1.0212417e+05
   2.9554302e+03   1.9564450e+03   1.7418742e+03   1.7801853e+03   3.1234993e+03   3.0995655e+03   2.5464269e+03   1.8593228e+03   1.5911818e+03   2.5252620e+03   2.4420013e+03   1.3090026e+03   3.1354865e+03   1.7630138e+03   2.0652398e+03   1.4983750e+03   4.0559989e+03   2.2464931e+03   1.5304773e+03   1.5159522e+03   2.0934825e+03   2.4761458e+03   1.6215705e+03   1.5779522e+03   1.3281627e+03   2.5286345e+03   1.8334663e+03   1.4132177e+03   2.1953775e+03   1.8618846e+03
   4.6698176e+02   8.4334338e+02   3.1739211e+02   5.0575694e+02   3.8304572e+02   5.9454825e+02   4.6051443e+02   4.1590975e+02   4.3697964e+02   3.6626999e+02   5.6910167e+02   3.0500101e+02   5.9960447e+02   4.8201409e+02   4.5349552e+02   5.7678778e+02   2.7640522e+02   3.5739157e+02   3.0620732e+02   3.5283881e+02   3.7613075e+02   5.0385269e+02   3.9662052e+02   5.1121119e+02   4.0027617e+02   5.1167629e+02   4.9310198e+02   5.0897035e+02   5.0822585e+02   5.5111407e+02
   2.3198545e+02   2.7192428e+02   1.4973876e+02   2.9101328e+02   7.3931823e+01   3.0843814e+02   1.4620428e+02   2.6776793e+02   2.3090287e+02   1.9992899e+02   2.7044401e+02   1.8591570e+02   2.1796264e+02   2.5679155e+02   3.5887871e+02   4.9938945e+02   2.2289856e+02   2.6677316e+02   2.2389301e+02   1.6018513e+02   3.0565285e+02   2.8300546e+02   2.7174634e+02   3.4844871e+02   2.6835035e+02   3.1757875e+02   3.6383029e+02   3.6298860e+02   2.8619420e+02   3.9227822e+02
   8.9901908e+01   1.9319850e+02   3.3733861e+01   9.7665682e+01   4.6369039e+01   1.0695025e+02   5.8919716e+01   8.4006164e+01   4.8584887e+01   4.9152435e+01   1.1389958e+02   3.8572660e+01   1.1144518e+02   9.7547961e+01   2.1239251e+02   1.9937927e+02   7.5446329e+01   1.3170040e+02   7.8489975e+01   1.6018513e+02   9.5341808e+01   1.8969128e+02   1.8635980e+02   2.6311253e+02   1.7410904e+02   2.5612083e+02   2.2181761e+02   3.6298860e+02   2.1373937e+02   2.9555123e+02
   1.6135789e+00   8.3056861e+01   8.2275888e-01   2.1086649e+00   1.3269566e+00   6.6651311e+00   5.1957797e+00   3.0812730e+01   6.2436690e+00   8.6327014e+00   9.7037872e+00   1.0677327e+01   1.2274836e+01   1.2728738e+01   1.1111010e+02   9.3810853e+01   2.9791116e+01   3.0876998e+01   3.4168787e+01   4.0732600e+01   6.7413756e+01   1.2384149e+02   1.2167872e+02   1.2562029e+02   1.2396460e+02   1.4624809e+02   1.3315754e+02   2.0270424e+02   1.3561366e+02   1.5364870e+02
   1.5103076e+00   6.7540450e-01   6.6072769e-01   1.4179681e+00   1.2499444e+00   5.4985374e+00   4.9404254e+00   4.9925844e+00   5.5305594e+00   8.5550295e+00   9.5603691e+00   9.5822854e+00   1.0300178e+01   1.2452875e+01   1.2774924e+01   1.3142061e+01   2.9772512e+01   3.0517600e+01   3.4140822e+01   3.4219438e+01   6.6427506e+01   1.2196084e+02   1.2104999e+02   1.2440890e+02   1.2358211e+02   1.3271149e+02   1.3293413e+02   1.3522423e+02   1.3549004e+02   1.5343337e+02
   1.4737238e+00   5.3488452e-01   6.5490737e-01   1.2118145e+00   1.2499424e+00   4.0803585e+00   4.9043833e+00   4.9639639e+00   5.4914265e+00   8.5269323e+00   8.5854134e+00   8.7846773e+00   9.0530248e+00   1.2443359e+01   1.2751864e+01   1.3120126e+01   2.9772512e+01   3.0459875e+01   3.4125311e+01   3.4187058e+01   6.6381700e+01   1.1981584e+02   1.2056724e+02   1.2337635e+02   1.2358183e+02   1.3267731e+02   1.3291305e+02   1.3520801e+02   1.3547252e+02   1.5252295e+02
   4.8767395e-01   5.3488361e-01   6.5490598e-01   1.2118139e+00   1.2499415e+00   4.0460193e+00   4.9043826e+00   4.9639577e+00   5.4914263e+00   8.5269299e+00   8.5854123e+00   8.7846652e+00   9.0493352e+00   1.2441264e+01   1.2751864e+01   1.3119324e+01   2.9772512e+01   3.0459873e+01   3.3140449e+01   3.4185952e+01   6.6375268e+01   1.1960419e+02   1.2056716e+02   1.2335845e+02   1.2358183e+02   1.3267731e+02   1.3291304e+02   1.3520801e+02   1.3547226e+02   1.5252295e+02
