   1.4585338e+06   8.6203985e+05   8.4772102e+05   2.8038961e+05   1.0194165e+06   2.8577102e+05   7.6612509e+04   4.2580773e+05   2.0027935e+04   2.6517441e+05   1.5625887e+06   1.6761107e+06   8.2907682e+05   4.7162936e+06   1.1415664e+06   1.0161597e+06   8.1305775e+05   6.7919363e+05   6.6974983e+05   1.4234580e+06   2.6060224e+06   7.7428125e+05   2.2493516e+05   4.3112994e+05   4.9592993e+04   8.4077491e+05   2.5448593e+05   1.3422689e+06   1.8029097e+05   3.3678200e+05
   3.4335393e+05   3.1243615e+04   8.4772102e+05   1.0626774e+05   1.0194165e+06   2.8577102e+05   7.6612509e+04   4.2580773e+05   2.0027935e+04   2.4932935e+05   1.5625887e+06   2.8481588e+05   8.2907682e+05   7.1390467e+05   1.1414504e+06   1.4806231e+05   1.4313626e+04   6.7864119e+05   5.2975094e+05   1.8423872e+05   4.7297196e+05   7.7413479e+05   1.9281098e+05   9.1724336e+04   2.3881069e+04   8.5896414e+04   2.5448593e+05   1.0640239e+06   1.8029097e+05   3.3678200e+05
   2.4582869e+05   3.1243615e+04   1.7920263e+04   1.0626774e+05   4.0068442e+04   2.8499960e+05   7.6612509e+04   1.8204630e+05   2.0027935e+04   2.4932935e+05   4.3898572e+05   2.8481588e+05   8.2907682e+05   7.1390467e+05   3.3858943e+05   1.4806231e+05   1.4313626e+04   6.6296656e+05   2.8222872e+04   1.8423872e+05   7.9306843e+04   4.7604408e+05   1.2989857e+05   9.1724336e+04   2.3881069e+04   8.5896414e+04   3.8017663e+04   2.7302855e+04   1.8029097e+05   3.3663673e+05
   2.4582869e+05   3.1243615e+04   1.7920263e+04   1.0626774e+05   4.0068442e+04   2.8499960e+05   6.0266778e+04   1.0525319e+05   2.0027935e+04   2.4932935e+05   4.3898572e+05   2.8481588e+05   6.1838354e+05   6.3478233e+05   1.7980770e+05   1.4806231e+05   1.4313626e+04   1.6147650e+05   2.8222872e+04   1.8423872e+05   4.8486950e+04   1.1919542e+05   1.0245409e+05   9.1724336e+04   2.3881069e+04   8.5896414e+04   3.7894926e+04   2.7302855e+04   7.1504096e+04   3.3663673e+05
   4.5803928e+04   3.1243615e+04   1.7920263e+04   1.2887906e+04   4.0068442e+04   1.2494999e+04   6.0266778e+04   2.0471294e+04   2.0027935e+04   1.1677681e+05   1.0330248e+05   3.4662903e+04   6.6902136e+04   1.1482022e+05   6.9888347e+04   1.4806231e+05   1.4313626e+04   3.8058789e+04   2.8222872e+04   1.4919822e+05   1.6874372e+04   1.3110571e+04   6.1486105e+04   1.3095900e+04   2.3881069e+04   3.1271112e+04   3.7894926e+04   1.6662757e+04   7.1504096e+04   5.3888547e+04
   3.8711568e+03   1.5398208e+04   9.0902664e+03   1.2887906e+04   4.0068442e+04   1.2494999e+04   1.7402020e+04   2.0471294e+04   2.0027935e+04   1.3077014e+04   8.1303360e+03   3.4662903e+04   3.5766070e+04   1.6533781e+04   8.3831475e+03   5.5886912e+04   1.4313626e+04   1.1712007e+04   1.6644930e+04   3.4356568e+04   1.6874372e+04   1.3110571e+04   9.6063644e+03   1.2451689e+04   1.3807547e+04   3.1271112e+04   1.7022835e+04   7.5229968e+03   2.3061522e+04   2.2971916e+04
   3.8711568e+03   9.6570121e+03   2.4761684e+03   3.9454989e+03   9.6300640e+03   3.9022578e+03   1.6907022e+03   7.4653832e+03   4.0720534e+03   3.2897625e+03   1.9062241e+03   1.2610795e+04   2.5400434e+03   2.4434651e+03   1.8382764e+03   3.2948337e+03   9.8303906e+03   5.6546352e+03   5.7705413e+03   4.9898069e+03   5.6165885e+03   2.1406949e+03   9.6063644e+03   2.7698445e+03   3.0915468e+03   8.7459522e+03   8.4409033e+03   4.4459456e+03   8.0289309e+03   3.7576354e+03
   6.8194757e+02   8.5799016e+02   8.8671399e+02   8.0071595e+02   6.7280767e+02   6.5658181e+02   6.3761403e+02   9.7955465e+02   8.0910589e+02   9.3068596e+02   4.5645739e+02   6.8929718e+02   6.7245911e+02   9.8286495e+02   6.9873924e+02   1.0713102e+03   5.3616139e+02   6.6531020e+02   1.0412019e+03   4.8039701e+02   9.1964717e+02   1.0248352e+03   1.4273565e+03   4.0740961e+02   7.1680889e+02   1.4921909e+03   6.6243351e+02   1.2935161e+03   7.7731894e+02   6.9706775e+02
   7.6779950e+01   1.3951489e+02   6.2522490e+01   1.2592661e+02   2.0448616e+02   8.5986756e+01   1.4095255e+02   1.2947777e+02   6.7190296e+01   1.0638161e+02   8.6394214e+01   1.8628539e+02   7.4575417e+01   1.5619252e+02   1.4662475e+02   8.6651883e+01   6.9375185e+01   8.0377714e+01   1.4848477e+02   7.4056045e+01   1.4310643e+02   8.5378793e+01   1.7094161e+02   8.6970931e+01   1.0979972e+02   1.9312334e+02   2.3422664e+02   2.2768978e+02   1.3120845e+02   2.2540432e+02
   2.4119733e+01   3.2643517e+01   2.6869131e+01   5.1474786e+01   2.7330952e+01   2.7118930e+01   7.0453854e+01   4.7237095e+01   5.0218918e+01   6.2481333e+01   2.7948082e+01   6.1537630e+01   2.8178469e+01   4.8999016e+01   5.2052219e+01   3.3242396e+01   1.2760438e+01   2.1898781e+01   2.0668086e+01   3.2498628e+01   3.0246526e+01   2.2241422e+01   6.5394398e+01   4.1363399e+01   8.8537467e+01   5.0494105e+01   1.1836660e+02   5.7905917e+01   4.8145636e+01   1.6013227e+02
   1.1070273e+00   4.3987249e+00   2.7933388e+00   1.6105493e+00   1.3604484e+01   3.1141174e+00   3.9311783e+00   2.2445360e+00   1.0652001e+01   6.6590048e+00   4.4830969e+00   2.0837893e+00   5.8990386e+00   2.5117772e+00   3.2572691e+00   5.0462587e+00   2.1678497e+00   7.0402549e+00   8.3652880e+00   4.2323158e+00   1.8999082e+00   1.6803187e+00   1.2421067e+01   5.3474710e+00   6.8649937e+00   7.2761777e+00   2.8777368e+01   1.1672614e+01   1.9701912e+01   1.2007633e+02
   2.8049756e-01   6.5970166e-01   3.5054008e-01   8.4380268e-01   1.1669768e+00   1.1424510e+00   1.1174240e+00   8.4402227e-01   4.8431779e-01   4.4958199e-01   6.7447830e-01   9.9816735e-01   7.4746564e-01   9.0608113e-01   1.3964502e+00   8.1101808e-01   8.2650063e-01   1.1658400e+00   9.7214174e-01   1.3447800e+00   8.9663947e-01   8.1805906e-01   9.5652138e-01   9.8528257e-01   1.0325712e+00   1.8178160e+00   2.3426968e+00   1.7358623e+00   1.7362862e+01   1.1930844e+02
   3.1486910e-02   1.3056233e-01   1.3955385e-01   8.1336139e-01   8.3559256e-01   8.5025079e-01   3.8879132e-01   8.0354438e-01   3.1432151e-01   3.2089664e-01   4.2577371e-01   4.0024122e-01   5.0116149e-01   6.3391767e-01   7.3268510e-01   7.1217732e-01   7.2686176e-01   8.1951514e-01   8.1188967e-01   8.1207044e-01   8.1214540e-01   8.1217325e-01   8.1291146e-01   8.2064671e-01   9.6447942e-01   1.2228159e+00   1.1347128e+00   1.6248740e+00   1.6939381e+01   1.1926027e+02
   3.0172350e-02   8.3833106e-02   1.3754084e-01   3.1242578e-01   3.1435043e-01   8.4906864e-01   3.7829328e-01   3.1404561e-01   3.1420653e-01   3.1828058e-01   3.5503867e-01   3.9623252e-01   5.0092085e-01   6.3270985e-01   7.2464068e-01   7.1152968e-01   7.2467538e-01   8.0665525e-01   8.1181783e-01   8.1199411e-01   8.1214410e-01   8.1217325e-01   8.1285593e-01   8.2038720e-01   9.6442082e-01   1.2164001e+00   1.1325250e+00   1.1240598e+00   1.6782370e+01   1.1876180e+02
   2.6243858e-02   3.1801611e-02   1.3259577e-01   3.1236365e-01   3.1264280e-01   3.1274490e-01   3.1306785e-01   3.1307498e-01   3.1420651e-01   3.1821378e-01   3.4840103e-01   3.9460102e-01   4.9988000e-01   6.2543497e-01   6.5004601e-01   7.1152936e-01   7.2467522e-01   8.0665522e-01   8.1181781e-01   8.1199409e-01   8.1214409e-01   8.1217325e-01   8.1285585e-01   8.1933260e-01   9.6442041e-01   1.0419914e+00   1.1150637e+00   1.1227798e+00   1.6780330e+01   1.1876155e+02
   2.6243618e-02   3.1801275e-02   1.3259550e-01   3.1236362e-01   3.1264275e-01   3.1274439e-01   3.1306478e-01   3.1306596e-01   3.1420641e-01   3.1821359e-01   3.4840067e-01   3.9460043e-01   4.9987997e-01   6.2543483e-01   6.5004568e-01   7.1152900e-01   7.2467466e-01   8.0665520e-01   8.1181778e-01   8.1199406e-01   8.1214408e-01   8.1217325e-01   8.1285577e-01   8.1933242e-01   9.6441989e-01   1.0419910e+00   1.1150635e+00   1.1227797e+00   1.6780330e+01   1.1876155e+02
