   1.4977296e+10   6.8808371e+09   1.3327463e+10   8.7558229e+09   4.0234543e+09   1.0762220e+10   9.8433000e+09   8.7189386e+09   6.8383334e+09   1.1480645e+10   1.2431157e+10   7.6447500e+09   1.2713211e+10   6.8287481e+09   7.8005078e+09   5.0064389e+09   5.9337155e+09   8.3881819e+09   7.8601197e+09   1.2086390e+10   7.6573361e+09   1.3307867e+10   5.5734085e+09   1.1522968e+10   9.6625892e+09   5.3669186e+09   9.2264431e+09   7.4068673e+09   7.1505380e+09   6.1431022e+09
   9.5318204e+09   6.8808371e+09   6.1169613e+09   6.0807670e+09   1.9636820e+09   8.9611219e+09   8.1036765e+09   8.7189386e+09   4.8196562e+09   6.9723457e+09   5.3057688e+09   7.6447500e+09   1.1523729e+10   6.2283952e+09   6.5023008e+09   4.7527492e+09   5.9337155e+09   3.9698119e+09   6.2746682e+09   1.2086390e+10   7.6573361e+09   7.9648898e+09   5.5734085e+09   1.1522968e+10   9.6625892e+09   5.3669186e+09   6.1298340e+09   7.4068673e+09   6.2862974e+09   6.1431022e+09
   4.2959490e+09   6.2103582e+09   5.7211324e+09   4.7093300e+09   1.9636820e+09   6.4874382e+09   4.1064718e+09   8.6403170e+09   4.8196562e+09   3.7902358e+09   5.3057688e+09   4.7513395e+09   5.7740777e+09   3.5280187e+09   6.1057706e+09   4.7527492e+09   3.8968733e+09   3.9698119e+09   6.2746682e+09   6.6807260e+09   5.8353681e+09   6.2287513e+09   5.2422980e+09   9.5366692e+09   2.6754705e+09   5.3669186e+09   6.1298340e+09   3.6986312e+09   3.3434816e+09   1.8748761e+09
   3.5936375e+09   3.2742044e+09   3.2344104e+09   2.4803671e+09   1.9636820e+09   5.5927441e+09   2.8213879e+09   3.6669892e+09   3.4953456e+09   3.2118005e+09   3.1589875e+09   2.7644214e+09   3.5762157e+09   2.9006700e+09   4.7116424e+09   2.8425402e+09   3.2916595e+09   2.9899724e+09   4.6990241e+09   3.3598053e+09   4.1122861e+09   6.2287513e+09   2.4648688e+09   4.8940691e+09   2.6754705e+09   3.6909669e+09   5.9108485e+09   2.9681568e+09   3.3434816e+09   1.8232212e+09
   8.3857137e+08   2.1544976e+09   1.6743632e+09   1.0538743e+09   1.8713233e+09   2.8248376e+09   1.5323873e+09   1.0360724e+09   1.1577417e+09   1.4686965e+09   1.2066196e+09   1.6760211e+09   1.5357519e+09   1.0005601e+09   2.2191701e+09   2.0418685e+09   1.7222514e+09   1.4502584e+09   9.4781530e+08   1.7051619e+09   1.0329629e+09   1.8594749e+09   2.4648688e+09   2.0510297e+09   1.6354116e+09   1.3760310e+09   1.6914485e+09   7.9115409e+08   1.6894134e+09   7.4218666e+08
   2.6073175e+08   7.6588913e+08   3.8124047e+08   6.3701287e+08   4.8063847e+08   7.5996946e+08   7.0278386e+08   8.4251564e+08   4.5200382e+08   4.3665325e+08   7.0564334e+08   6.2678938e+08   7.6636454e+08   5.7185295e+08   6.0065296e+08   3.9153323e+08   2.6245311e+08   4.5133544e+08   5.5219366e+08   7.7744828e+08   7.0410605e+08   8.2643757e+08   7.0913471e+08   4.3512028e+08   6.7002993e+08   5.9286396e+08   4.0743484e+08   4.9975532e+08   7.0512583e+08   4.5969856e+08
   1.6292602e+08   1.8025770e+08   1.0911758e+08   7.4081381e+07   8.0076922e+07   1.3272858e+08   4.2838275e+07   2.0526361e+08   1.2749158e+08   1.7403665e+08   1.3026746e+08   2.3795270e+08   1.7777841e+08   7.9994289e+07   1.8884882e+08   1.8005375e+08   8.0626568e+07   1.4791656e+08   1.3614718e+08   1.9762013e+08   7.9698831e+07   1.6947118e+08   1.6651472e+08   2.4274497e+08   1.3528941e+08   1.3117614e+08   1.3355547e+08   1.5914058e+08   2.0077187e+08   1.3028378e+08
   1.1364008e+07   1.9056147e+07   1.1371192e+07   1.3768795e+07   1.2809784e+07   1.0188090e+07   1.8331224e+07   1.6495301e+07   1.4545056e+07   1.0429578e+07   1.8540078e+07   2.1504439e+07   2.6942503e+07   8.0791520e+06   1.9521702e+07   1.2747726e+07   1.3360740e+07   1.1684786e+07   1.3422227e+07   1.6496249e+07   7.1153421e+06   4.9793492e+06   1.0585662e+07   1.5066753e+07   1.2893990e+07   1.5688932e+07   1.3117091e+07   9.6854158e+06   1.1002635e+07   1.3824685e+07
   9.7514186e+04   2.5631878e+05   2.3702712e+05   1.0420117e+05   1.2371663e+05   1.3640792e+05   2.5168427e+05   1.2130473e+05   1.7792413e+05   1.2374216e+05   1.0849177e+05   1.8459455e+05   3.1594347e+05   1.9041143e+05   1.1899992e+05   2.7501914e+05   1.1680215e+05   2.2030844e+05   5.6489062e+04   1.3067462e+05   1.3930035e+05   3.1685965e+05   3.1355719e+05   3.1853357e+05   3.2927079e+05   1.6544497e+05   1.1220771e+05   3.8479964e+05   2.8786281e+05   1.4042463e+05
   1.6813568e+02   1.8669904e+02   6.7192129e+01   1.4156370e+02   8.1815362e+01   1.2561160e+02   7.9665275e+01   4.3663594e+02   1.1849693e+02   2.4714570e+02   1.2727996e+02   1.2682213e+02   2.3581566e+02   4.0057434e+01   9.8512516e+01   2.4675042e+02   1.2717145e+02   1.5762937e+02   5.4214357e+01   1.0656194e+02   5.2781258e+01   1.7461597e+02   3.2210475e+02   1.6712189e+02   9.3002867e+01   5.8653348e+01   4.9583263e+01   2.6459328e+02   5.0980864e+02   9.7749327e+00
   4.5458552e-04   6.9638746e-04   4.8546898e-04   6.7803982e-04   4.3852275e-04   2.7376463e-04   4.2441377e-04   9.8221051e-04   6.0822747e-04   4.0821037e-04   1.1409979e-03   4.5391586e-04   1.4608087e-03   4.1918918e-04   2.3698813e-04   6.4321337e-04   6.2582731e-04   4.0806239e-04   2.3472892e-04   4.5385969e-04   4.7608380e-04   6.6939154e-04   5.8739093e-04   9.8592231e-04   4.7049185e-04   2.6818181e-04   2.7669789e-04   1.2273727e-03   3.0572081e+01   4.5218827e-04
   0.0000000e+00   0.0000000e+00   0.0000000e+00   0.0000000e+00   0.0000000e+00   0.0000000e+00   0.0000000e+00   0.0000000e+00   0.0000000e+00   0.0000000e+00   0.0000000e+00   0.0000000e+00   0.0000000e+00   0.0000000e+00   0.0000000e+00   0.0000000e+00   0.0000000e+00   0.0000000e+00   0.0000000e+00   0.0000000e+00   0.0000000e+00   0.0000000e+00   0.0000000e+00   0.0000000e+00   0.0000000e+00   0.0000000e+00   0.0000000e+00   0.0000000e+00   2.4438299e+01   0.0000000e+00
   0.0000000e+00   0.0000000e+00   0.0000000e+00   0.0000000e+00   0.0000000e+00   0.0000000e+00   0.0000000e+00   0.0000000e+00   0.0000000e+00   0.0000000e+00   0.0000000e+00   0.0000000e+00   0.0000000e+00   0.0000000e+00   0.0000000e+00   0.0000000e+00   0.0000000e+00   0.0000000e+00   0.0000000e+00   0.0000000e+00   0.0000000e+00   0.0000000e+00   0.0000000e+00   0.0000000e+00   0.0000000e+00   0.0000000e+00   0.0000000e+00   0.0000000e+00   2.3914573e+01   0.0000000e+00
   0.0000000e+00   0.0000000e+00   0.0000000e+00   0.0000000e+00   0.0000000e+00   0.0000000e+00   0.0000000e+00   0.0000000e+00   0.0000000e+00   0.0000000e+00   0.0000000e+00   0.0000000e+00   0.0000000e+00   0.0000000e+00   0.0000000e+00   0.0000000e+00   0.0000000e+00   0.0000000e+00   0.0000000e+00   0.0000000e+00   0.0000000e+00   0.0000000e+00   0.0000000e+00   0.0000000e+00   0.0000000e+00   0.0000000e+00   0.0000000e+00   0.0000000e+00   2.3891172e+01   0.0000000e+00
   0.0000000e+00   0.0000000e+00   0.0000000e+00   0.0000000e+00   0.0000000e+00   0.0000000e+00   0.0000000e+00   0.0000000e+00   0.0000000e+00   0.0000000e+00   0.0000000e+00   0.0000000e+00   0.0000000e+00   0.0000000e+00   0.0000000e+00   0.0000000e+00   0.0000000e+00   0.0000000e+00   0.0000000e+00   0.0000000e+00   0.0000000e+00   0.0000000e+00   0.0000000e+00   0.0000000e+00   0.0000000e+00   0.0000000e+00   0.0000000e+00   0.0000000e+00   0.0000000e+00   0.0000000e+00
   0.0000000e+00   0.0000000e+00   0.0000000e+00   0.0000000e+00   0.0000000e+00   0.0000000e+00   0.0000000e+00   0.0000000e+00   0.0000000e+00   0.0000000e+00   0.0000000e+00   0.0000000e+00   0.0000000e+00   0.0000000e+00   0.0000000e+00   0.0000000e+00   0.0000000e+00   0.0000000e+00   0.0000000e+00   0.0000000e+00   0.0000000e+00   0.0000000e+00   0.0000000e+00   0.0000000e+00   0.0000000e+00   0.0000000e+00   0.0000000e+00   0.0000000e+00   0.0000000e+00   0.0000000e+00
