   1.9361272e+03   1.4004051e+04   1.2906211e+04   1.4288007e+04   1.3672858e+04   1.4794517e+04   2.2555498e+04   9.3782436e+03   7.2794046e+03   9.9224290e+03   8.8943292e+03   8.6108059e+03   5.7845493e+03   9.9417990e+03   1.5231477e+04   1.0481517e+04   9.2271286e+03   9.5937486e+04   4.1891469e+04   1.9442378e+04   2.0881677e+04   1.1800398e+04   1.8397199e+04   3.3305079e+04   1.3721769e+04   2.3766826e+04   2.0680232e+03   3.0955784e+04   6.9735027e+03   6.4243980e+04
   1.9361272e+03   4.4992373e+03   1.2906211e+04   1.5863046e+03   1.1157574e+03   2.3720545e+03   4.5440843e+03   9.3782436e+03   4.2366783e+03   8.5408677e+03   8.8943292e+03   1.3972758e+03   1.0223000e+03   9.9417990e+03   1.5231477e+04   9.3693972e+02   4.4991233e+02   4.3959150e+03   3.2033596e+03   6.3836560e+03   1.0286193e+04   1.1800398e+04   4.9060253e+03   9.5926581e+03   4.7565821e+03   4.0600371e+03   2.0680232e+03   1.7477223e+04   6.3992319e+03   5.7459455e+03
   1.0570086e+03   4.4992373e+03   6.8668669e+03   4.4713196e+02   1.1157574e+03   1.9795605e+03   1.9590779e+03   1.2104419e+03   1.1772776e+03   3.4578344e+03   7.0083895e+02   1.1571573e+03   5.8725958e+02   2.5682997e+03   2.6348947e+03   9.3693972e+02   4.4991233e+02   8.3825658e+02   3.2033596e+03   1.7546765e+03   6.3106774e+02   2.7607640e+03   4.9044031e+03   2.1342574e+03   1.9077272e+03   2.6497477e+03   1.1935090e+03   2.5520146e+03   1.3558110e+03   3.5557575e+03
   3.6415158e+02   1.2751198e+02   1.0313050e+03   4.4713196e+02   1.1157574e+03   1.3526499e+03   1.9590779e+03   1.7938937e+02   1.1772776e+03   2.1866020e+03   7.0083895e+02   1.1571573e+03   1.8224489e+02   4.4385573e+02   2.3368568e+03   9.3693972e+02   4.4991233e+02   3.3260919e+01   7.5124931e+02   1.8334994e+02   6.3106774e+02   8.7491272e+02   8.6454230e+02   1.9035441e+03   1.9077272e+03   1.0536226e+03   1.3643666e+02   1.4088410e+03   1.2841426e+03   9.8593457e+02
   3.6415158e+02   1.0147370e+02   2.5955516e+02   4.4713196e+02   8.2719576e+01   1.7837472e+01   3.5315476e+02   9.4651224e+01   8.9755425e+01   2.1354799e+02   7.5515888e+01   1.2452431e+02   3.2005418e+01   1.2506608e+02   8.3155963e+01   7.8955073e+01   3.5315988e+01   3.3260919e+01   1.9475024e+01   1.0410016e+02   1.0497893e+02   1.3599755e+02   2.0344595e+02   1.1483048e+02   7.3237810e+01   8.5860563e+01   1.3643666e+02   8.2312695e+01   1.3820460e+01   1.2924988e+02
   1.4372809e+01   2.1781378e+01   1.4231431e+01   5.8704073e+01   1.6773794e+01   1.7535762e+01   1.6962627e+01   2.7057225e+01   2.0394446e+01   1.1649693e+01   3.2447234e+01   3.0324371e+01   1.2087168e+01   3.2232762e+01   1.9256578e+01   1.3806110e+01   1.9386562e+01   2.1679319e+01   1.5651173e+01   2.8716538e+01   2.5653831e+01   2.7446899e+01   1.9802293e+01   1.3359127e+01   2.0969729e+01   1.1827307e+01   1.3191772e+01   1.9056868e+01   1.3370607e+01   2.7236356e+01
   7.1320220e+00   7.4164582e+00   7.9226206e+00   7.4119358e+00   6.5749995e+00   8.3203181e+00   8.9523078e+00   7.8413928e+00   6.6332557e+00   1.0586335e+01   9.3816114e+00   1.0749994e+01   9.1033266e+00   1.0640373e+01   6.9442465e+00   9.8386126e+00   9.1341115e+00   9.0516264e+00   9.0699962e+00   7.5977289e+00   6.9198563e+00   1.0040861e+01   8.2923720e+00   6.8978278e+00   8.6697404e+00   9.4735962e+00   5.8963279e+00   9.8997441e+00   7.5687845e+00   7.6511450e+00
   4.7875081e+00   4.4642162e+00   4.3552479e+00   3.8752866e+00   2.6765175e+00   3.8586040e+00   4.2573932e+00   3.4172815e+00   3.7213046e+00   4.5296030e+00   3.0920273e+00   5.1367086e+00   4.9662800e+00   4.9213481e+00   4.2697083e+00   4.4965523e+00   3.7708895e+00   3.7270258e+00   3.8253088e+00   4.0437802e+00   3.8423632e+00   4.3923343e+00   3.9833295e+00   3.1000261e+00   3.6636643e+00   3.8023814e+00   3.5522104e+00   3.8165987e+00   3.5542099e+00   3.9348888e+00
   2.1744320e+00   2.7483369e+00   3.0328245e+00   2.8430682e+00   2.6765175e+00   3.3420246e+00   3.1231557e+00   3.0573602e+00   3.5611139e+00   3.9269037e+00   2.6869490e+00   4.1556353e+00   2.7584865e+00   3.6087893e+00   3.8729785e+00   3.3108604e+00   3.2222135e+00   3.7270258e+00   2.7714520e+00   3.1177182e+00   3.8423632e+00   3.3994009e+00   3.9833295e+00   2.9847206e+00   3.2137504e+00   2.9534676e+00   2.8269766e+00   3.7162171e+00   3.3477358e+00   2.9161950e+00
   2.1744320e+00   2.7210834e+00   2.6808844e+00   2.8430682e+00   2.6765175e+00   2.7500986e+00   3.1231557e+00   3.0573602e+00   2.0778936e+00   2.3691257e+00   2.3276282e+00   3.4279343e+00   2.7584865e+00   1.9950518e+00   1.8862447e+00   3.1379840e+00   3.1285502e+00   2.6352234e+00   2.7714520e+00   2.5908575e+00   2.5423018e+00   3.2390387e+00   3.1277627e+00   2.9847206e+00   2.7954846e+00   2.6094963e+00   2.3759755e+00   2.2296867e+00   3.3477358e+00   2.7020711e+00
   2.1744320e+00   2.5059967e+00   2.6808844e+00   2.6294218e+00   2.6765175e+00   2.3291404e+00   2.7578201e+00   3.0573602e+00   1.9208718e+00   2.3691257e+00   2.3276282e+00   1.6585557e+00   2.7584865e+00   1.9950518e+00   1.8862447e+00   2.3566977e+00   2.8737304e+00   2.6352234e+00   1.9186306e+00   2.3274421e+00   2.5423018e+00   2.2039106e+00   1.2138278e+00   2.9847206e+00   2.4349669e+00   2.6094963e+00   2.2292078e+00   2.2296867e+00   1.7199241e+00   2.7020711e+00
   1.8788854e+00   1.5384433e+00   1.9433066e+00   2.3702524e+00   2.4131500e+00   2.3291404e+00   2.3526849e+00   2.2722477e+00   1.7435842e+00   2.2836351e+00   1.6790650e+00   1.6482832e+00   2.2736757e+00   1.9950518e+00   1.4578466e+00   2.1479431e+00   1.8488325e+00   1.5871865e+00   1.9186306e+00   2.3274421e+00   1.7897506e+00   1.6339019e+00   1.2138278e+00   1.9134494e+00   1.7495680e+00   1.6434675e+00   1.5531154e+00   2.2296867e+00   1.6706051e+00   2.0799313e+00
   1.7085936e+00   1.1580277e+00   1.9433066e+00   2.1074654e+00   2.1077382e+00   9.6860884e-01   9.9308675e-01   1.9672748e+00   1.2193227e+00   1.2886713e+00   9.4757013e-01   1.0978833e+00   1.3107304e+00   1.7340932e+00   1.0059946e+00   2.1479431e+00   7.9818500e-01   7.6774186e-01   1.7451489e+00   1.2069134e+00   7.9367194e-01   1.0526604e+00   1.0948460e+00   9.7113845e-01   8.7347911e-01   1.3123978e+00   9.3356019e-01   1.1902828e+00   1.6706051e+00   1.1467446e+00
   7.9552869e-01   8.5816042e-01   9.5835904e-01   6.6964122e-01   7.9374912e-01   8.0198542e-01   8.5129147e-01   1.6607721e+00   8.8712324e-01   9.0040062e-01   7.6035153e-01   7.2728478e-01   7.0701768e-01   7.4448723e-01   7.0980457e-01   1.4091436e+00   6.7295817e-01   6.3277478e-01   1.7451489e+00   7.0230351e-01   5.6066485e-01   5.8051365e-01   9.0417560e-01   7.8740842e-01   5.8899102e-01   6.8145343e-01   7.6673387e-01   7.0285266e-01   7.8940863e-01   1.0107065e+00
   3.6497622e-01   4.5381945e-01   3.0018011e-01   3.2929081e-01   5.2451971e-01   3.8753115e-01   4.1096137e-01   4.9837317e-01   3.7056878e-01   4.0871576e-01   4.1779781e-01   4.5267744e-01   4.0987867e-01   4.0496360e-01   4.4453814e-01   4.0768760e-01   4.8429636e-01   4.2934052e-01   6.2757076e-01   4.2457844e-01   4.1739689e-01   4.5609095e-01   4.6589124e-01   4.5245101e-01   4.7696113e-01   5.1190527e-01   4.9407999e-01   4.7319561e-01   5.8664592e-01   5.8630615e-01
   1.3128655e-01   2.4533956e-01   2.5940983e-01   2.7069004e-01   2.9043931e-01   2.9138796e-01   2.9388725e-01   2.9792064e-01   3.0159574e-01   3.1256688e-01   3.2355430e-01   3.3096659e-01   3.4028740e-01   3.4138569e-01   3.4355710e-01   3.4508911e-01   3.4509913e-01   3.5488282e-01   3.5936869e-01   3.5966411e-01   3.5967858e-01   3.6701228e-01   3.7500057e-01   3.8500296e-01   3.8543562e-01   3.8556133e-01   3.9648783e-01   4.0613535e-01   4.0702315e-01   4.4702791e-01
