   2.8799176e+02   2.4216709e+02   2.9789998e+02   2.8309069e+02   2.5274017e+02   3.4218231e+02   2.8170974e+02   2.9373662e+02   3.0900630e+02   3.0091090e+02   2.4793443e+02   2.6855520e+02   2.7453031e+02   3.6303445e+02   2.9065606e+02   2.5291406e+02   3.3555889e+02   3.6676894e+02   1.2936175e+02   2.9279422e+02   3.6373077e+02   2.8393569e+02   1.7214026e+02   2.4380487e+02   2.4063559e+02   2.7938761e+02   1.9479687e+02   3.4470999e+02   3.3059691e+02   2.3769242e+02
   2.7491410e+02   2.0635327e+02   2.2200339e+02   2.2100818e+02   2.5274017e+02   2.5759423e+02   2.5557182e+02   2.6777278e+02   2.6613396e+02   2.7848499e+02   2.4793443e+02   2.6346729e+02   2.0675794e+02   2.2603627e+02   1.7569770e+02   2.3331119e+02   2.1696105e+02   3.0466069e+02   1.2936175e+02   2.4322068e+02   3.2939273e+02   2.8393569e+02   1.7214026e+02   2.1873028e+02   2.0124190e+02   1.8882182e+02   1.9479687e+02   2.9410473e+02   3.0019099e+02   2.3769242e+02
   2.4412890e+02   2.0635327e+02   1.9979891e+02   2.2100818e+02   1.8265301e+02   2.5759423e+02   2.4417159e+02   2.6257960e+02   2.5033770e+02   2.0441538e+02   2.4707195e+02   2.1658442e+02   2.0675794e+02   2.1296583e+02   1.7569770e+02   2.3331119e+02   1.9647915e+02   2.1390333e+02   1.2936175e+02   2.4322068e+02   2.1842949e+02   2.6028668e+02   1.7214026e+02   2.1873028e+02   1.1829674e+02   1.8882182e+02   1.9479687e+02   1.5499404e+02   1.9007759e+02   2.3769242e+02
   2.1673283e+02   1.1615123e+02   1.6484643e+02   2.1945511e+02   1.6464909e+02   1.7245819e+02   2.0437794e+02   2.4360008e+02   1.1015995e+02   1.9508497e+02   2.0460042e+02   1.9581891e+02   1.8586746e+02   2.0064999e+02   1.7569770e+02   1.9489383e+02   1.9647915e+02   2.0796626e+02   1.2936175e+02   1.6792263e+02   2.1842949e+02   2.0155380e+02   1.7169287e+02   1.5084508e+02   1.1829674e+02   1.8882182e+02   1.9479687e+02   1.5499404e+02   1.9007759e+02   2.0878879e+02
   1.1337633e+02   1.1615123e+02   1.2885320e+02   1.5762526e+02   1.4848854e+02   1.3947362e+02   1.4166800e+02   1.6075515e+02   1.1015995e+02   1.3546587e+02   1.1900818e+02   1.6982944e+02   1.2273183e+02   1.4335944e+02   1.2772940e+02   1.2952500e+02   1.3448533e+02   1.6677108e+02   1.2936175e+02   1.3593752e+02   9.0829040e+01   1.4707912e+02   1.2031419e+02   1.3748073e+02   1.1829674e+02   1.6007844e+02   1.3214438e+02   1.1336197e+02   9.8979232e+01   1.4150673e+02
   1.1073914e+02   1.0056107e+02   6.3950208e+01   9.9169595e+01   1.0081710e+02   8.5127495e+01   1.0307900e+02   1.0930152e+02   1.0256536e+02   1.0392904e+02   9.6067210e+01   9.4720310e+01   9.6289767e+01   1.1095236e+02   1.0584462e+02   1.1012414e+02   9.0884943e+01   1.0083313e+02   8.8978495e+01   1.0109594e+02   7.8427038e+01   1.0865846e+02   1.0670293e+02   9.7352554e+01   8.5931293e+01   1.1776775e+02   1.0577257e+02   8.9189988e+01   9.8979232e+01   8.9652518e+01
   6.4782293e+01   8.1958192e+01   6.3950208e+01   6.9119838e+01   5.8349110e+01   7.6967359e+01   7.5783414e+01   7.5683130e+01   8.9865413e+01   7.4744870e+01   6.7146853e+01   7.1545776e+01   8.0050007e+01   6.6512065e+01   7.2578342e+01   7.3875003e+01   6.9917385e+01   7.3188307e+01   6.7246032e+01   7.5358476e+01   4.7219057e+01   5.2059849e+01   6.0854022e+01   7.2665625e+01   7.0035228e+01   7.4099546e+01   6.3336445e+01   7.1024283e+01   7.4936535e+01   7.5036996e+01
   5.1328897e+01   5.4903424e+01   5.3080589e+01   4.7192953e+01   5.5512265e+01   5.2470953e+01   5.8720288e+01   6.3249020e+01   6.2024444e+01   5.9616044e+01   5.9090180e+01   5.1462529e+01   4.8856183e+01   4.8238819e+01   5.8457467e+01   5.9903515e+01   4.4596321e+01   6.0165095e+01   5.6864462e+01   4.3820550e+01   4.7219057e+01   5.2059849e+01   4.7723395e+01   3.7417513e+01   5.7038597e+01   5.7574164e+01   5.1322211e+01   5.7123394e+01   5.9613916e+01   5.4727856e+01
   3.5805890e+01   3.4085971e+01   4.0365246e+01   4.1425568e+01   3.5197143e+01   3.7167480e+01   5.1648887e+01   4.7981376e+01   3.6905569e+01   4.0305534e+01   4.2366152e+01   4.6465237e+01   4.2883165e+01   4.5249461e+01   5.3831109e+01   4.9670090e+01   4.4596321e+01   4.3145318e+01   3.2745115e+01   3.8756586e+01   3.3280758e+01   4.4498365e+01   4.7723395e+01   3.7417513e+01   4.4092799e+01   4.2047357e+01   3.9904076e+01   3.2746874e+01   4.7475646e+01   3.9063458e+01
   2.5887824e+01   3.4085971e+01   3.1733902e+01   3.9334443e+01   3.5197143e+01   3.7167480e+01   3.6317087e+01   3.8997517e+01   3.2068806e+01   3.6035458e+01   4.2366152e+01   3.0975160e+01   4.2883165e+01   2.5842674e+01   4.2789979e+01   3.9851447e+01   3.3185031e+01   2.9988922e+01   3.0881712e+01   3.5690863e+01   3.2062425e+01   3.6618049e+01   3.5079746e+01   3.7417513e+01   3.0382342e+01   3.4647700e+01   3.6789599e+01   3.2746874e+01   4.0768801e+01   3.7448818e+01
   2.2117616e+01   3.0638032e+01   2.1359423e+01   3.5406576e+01   2.4702469e+01   2.9892804e+01   3.6317087e+01   2.3508502e+01   2.5978539e+01   2.4381531e+01   2.6993755e+01   2.3184830e+01   3.6126240e+01   2.2301488e+01   3.0785133e+01   3.3038417e+01   2.4255830e+01   2.1757198e+01   2.2892745e+01   2.9439114e+01   2.2734064e+01   2.2587724e+01   2.9091429e+01   2.2671893e+01   2.9248577e+01   2.7540090e+01   2.4776567e+01   2.4581738e+01   3.4349394e+01   1.9020198e+01
   1.3721111e+01   1.7154950e+01   1.3326929e+01   1.9320357e+01   1.5939821e+01   1.5983539e+01   1.6929542e+01   1.8412452e+01   1.4117648e+01   1.2236557e+01   1.7154058e+01   1.4599083e+01   1.7492474e+01   1.6904181e+01   1.9624964e+01   1.6618688e+01   1.6543049e+01   1.6033426e+01   1.7316077e+01   1.7297342e+01   1.5309813e+01   1.3942926e+01   1.5399930e+01   1.8266556e+01   1.8595295e+01   1.6819447e+01   1.6277486e+01   1.5791897e+01   1.8088360e+01   1.5207136e+01
   1.0903613e+01   1.1937207e+01   1.0961993e+01   1.2395238e+01   1.1213090e+01   1.1798314e+01   1.1867966e+01   1.1402911e+01   1.0891752e+01   1.1185217e+01   1.2283148e+01   1.0999480e+01   1.1576909e+01   1.1475473e+01   1.1211653e+01   1.1246267e+01   1.1104410e+01   1.1169768e+01   1.2234982e+01   1.1287888e+01   1.1350637e+01   1.1115006e+01   1.1077305e+01   1.2109305e+01   1.1496270e+01   1.1354879e+01   1.1016507e+01   1.1772680e+01   1.1224645e+01   1.1193090e+01
   1.0873680e+01   1.0873798e+01   1.0873683e+01   1.0873737e+01   1.0873691e+01   1.0873714e+01   1.0874152e+01   1.0873716e+01   1.0873680e+01   1.0873683e+01   1.0873864e+01   1.0873682e+01   1.0873729e+01   1.0873713e+01   1.0873695e+01   1.0873693e+01   1.0873687e+01   1.0873683e+01   1.0873759e+01   1.0873703e+01   1.0873738e+01   1.0873692e+01   1.0873700e+01   1.0874484e+01   1.0873731e+01   1.0873730e+01   1.0873683e+01   1.0873861e+01   1.0873760e+01   1.0873707e+01
   1.0873679e+01   1.0873679e+01   1.0873679e+01   1.0873679e+01   1.0873679e+01   1.0873679e+01   1.0873679e+01   1.0873679e+01   1.0873679e+01   1.0873679e+01   1.0873679e+01   1.0873679e+01   1.0873679e+01   1.0873679e+01   1.0873679e+01   1.0873679e+01   1.0873679e+01   1.0873679e+01   1.0873679e+01   1.0873679e+01   1.0873679e+01   1.0873679e+01   1.0873679e+01   1.0873679e+01   1.0873679e+01   1.0873679e+01   1.0873679e+01   1.0873679e+01   1.0873679e+01   1.0873679e+01
   1.0873679e+01   1.0873679e+01   1.0873679e+01   1.0873679e+01   1.0873679e+01   1.0873679e+01   1.0873679e+01   1.0873679e+01   1.0873679e+01   1.0873679e+01   1.0873679e+01   1.0873679e+01   1.0873679e+01   1.0873679e+01   1.0873679e+01   1.0873679e+01   1.0873679e+01   1.0873679e+01   1.0873679e+01   1.0873679e+01   1.0873679e+01   1.0873679e+01   1.0873679e+01   1.0873679e+01   1.0873679e+01   1.0873679e+01   1.0873679e+01   1.0873679e+01   1.0873679e+01   1.0873679e+01
