   2.4408367e+03   1.9541974e+03   1.8659450e+03   2.3462465e+03   2.7187775e+03   2.0255147e+03   2.1944481e+03   2.2107568e+03   2.3645524e+03   2.6592505e+03   1.6478250e+03   2.2007491e+03   1.9475491e+03   2.8510651e+03   2.5817440e+03   2.3807349e+03   2.4785309e+03   2.5469551e+03   2.2622613e+03   2.5464791e+03   2.3638988e+03   2.1977183e+03   2.1486685e+03   1.6730321e+03   2.4716906e+03   2.4716906e+03   2.4977089e+03   2.2876471e+03   2.5061516e+03   2.7641732e+03
   2.0067713e+03   1.9541974e+03   1.8659450e+03   1.7946749e+03   1.8688441e+03   2.0255147e+03   1.9976971e+03   2.1485462e+03   2.2990071e+03   2.3055829e+03   1.6478250e+03   2.2007491e+03   1.9475491e+03   2.2689958e+03   2.1490823e+03   2.1718727e+03   1.9848297e+03   2.2979976e+03   2.1653974e+03   2.2833679e+03   1.8364044e+03   2.0288211e+03   2.0804595e+03   1.6730321e+03   2.2774935e+03   2.2774935e+03   1.2426231e+03   2.0587048e+03   1.8308436e+03   1.6038083e+03
   2.0067713e+03   1.9541974e+03   1.8374410e+03   1.7624629e+03   1.8688441e+03   1.9995944e+03   1.9976971e+03   2.0235559e+03   1.7989177e+03   1.7224530e+03   1.6478250e+03   1.6888537e+03   1.5579344e+03   1.8905574e+03   1.9182573e+03   1.6622453e+03   1.8131628e+03   1.9893575e+03   1.7475244e+03   2.0235877e+03   1.8364044e+03   2.0288211e+03   1.4242201e+03   1.6730321e+03   2.2076695e+03   2.2076695e+03   1.2426231e+03   1.7471481e+03   1.7371868e+03   1.5759863e+03
   1.2948754e+03   1.1058221e+03   1.8374410e+03   1.7624629e+03   1.5458847e+03   1.8552731e+03   1.8443108e+03   1.6848119e+03   1.5099303e+03   1.5752687e+03   1.6478250e+03   1.6888537e+03   1.4951387e+03   1.8320662e+03   1.7235649e+03   1.6622453e+03   1.8131628e+03   1.6927660e+03   1.6550489e+03   2.0235877e+03   1.8364044e+03   1.4219720e+03   1.2261223e+03   1.3993561e+03   1.7585210e+03   1.7585210e+03   1.2426231e+03   1.6059593e+03   1.7371868e+03   1.5759863e+03
   1.2948754e+03   1.1058221e+03   1.8227816e+03   1.4457842e+03   1.5321836e+03   1.4292877e+03   1.8443108e+03   1.6848119e+03   1.5099303e+03   1.5752687e+03   1.6478250e+03   1.6888537e+03   1.4951387e+03   1.5897005e+03   1.7235649e+03   1.6622453e+03   1.7986525e+03   1.6927660e+03   1.1086034e+03   1.9081935e+03   1.3741442e+03   1.2557449e+03   1.1920648e+03   1.3993561e+03   1.5268966e+03   1.5268966e+03   1.2426231e+03   1.6059593e+03   1.7371868e+03   1.5759863e+03
   1.2948754e+03   1.1058221e+03   1.6367617e+03   1.4049787e+03   1.4413742e+03   1.4292877e+03   1.4023325e+03   1.1815660e+03   1.3614861e+03   1.3962600e+03   1.4634087e+03   1.5597519e+03   1.4240205e+03   1.5364181e+03   1.5260575e+03   1.3490838e+03   1.5994677e+03   1.4390928e+03   1.1086034e+03   1.4365367e+03   1.3090168e+03   1.2557449e+03   1.1920648e+03   1.3993561e+03   1.5268966e+03   1.5268966e+03   1.2193827e+03   1.5789690e+03   1.4924028e+03   1.4169265e+03
   1.0217960e+03   9.5333568e+02   9.4478140e+02   1.0541545e+03   1.1418634e+03   1.2887734e+03   1.0706678e+03   1.1815660e+03   9.4389786e+02   8.1200833e+02   1.0296621e+03   8.1436324e+02   8.6580349e+02   1.1685118e+03   1.0656886e+03   1.1719921e+03   9.2552721e+02   1.2382903e+03   7.0980561e+02   9.8712088e+02   8.8485623e+02   1.2557449e+03   8.3981684e+02   1.1441187e+03   1.1115971e+03   1.1115971e+03   1.1998795e+03   1.1715016e+03   1.2531266e+03   1.3574291e+03
   8.3815146e+02   4.2177333e+02   6.8034772e+02   8.1418820e+02   8.8358783e+02   7.0135094e+02   9.3680668e+02   4.9362692e+02   5.8032868e+02   8.1200833e+02   8.1667430e+02   8.1436324e+02   8.5565377e+02   6.7545365e+02   7.7763244e+02   9.1756145e+02   7.3355036e+02   8.7585615e+02   5.7641998e+02   9.2695348e+02   6.9788498e+02   8.2025566e+02   7.2928730e+02   9.4627067e+02   7.8301349e+02   7.8301349e+02   7.1700768e+02   8.5126779e+02   7.5760987e+02   8.4299353e+02
   5.7034826e+02   4.2177333e+02   4.9661736e+02   5.0618151e+02   6.7039389e+02   4.1386339e+02   6.7121853e+02   4.9362692e+02   5.8032868e+02   3.7894070e+02   5.9270380e+02   5.4348336e+02   6.5031222e+02   5.9300290e+02   5.0199926e+02   4.5932304e+02   3.1484146e+02   3.6752914e+02   5.3336668e+02   8.0859022e+02   5.8235281e+02   3.6404617e+02   7.2928730e+02   6.4580553e+02   3.6214243e+02   3.6214243e+02   6.5050937e+02   6.8518867e+02   5.4519543e+02   5.4840004e+02
   3.7835466e+02   3.4459616e+02   4.2255338e+02   4.5254651e+02   2.5660740e+02   4.1309879e+02   3.0888425e+02   2.7021548e+02   3.5199113e+02   3.3920603e+02   3.5371638e+02   2.2727215e+02   3.6539565e+02   4.4232579e+02   2.5446033e+02   4.3148434e+02   2.6085109e+02   3.4772422e+02   3.9099589e+02   3.3285596e+02   5.4275988e+02   3.6404617e+02   6.3336077e+02   5.2873642e+02   3.2870046e+02   3.2870046e+02   4.0496694e+02   3.8332038e+02   4.9746300e+02   4.0046443e+02
   1.8107479e+02   1.5069559e+02   1.8419596e+02   1.8752951e+02   2.5660740e+02   2.5810517e+02   1.5145558e+02   1.8034140e+02   1.4417682e+02   1.2944683e+02   1.4398165e+02   1.9834505e+02   1.2867128e+02   1.9172205e+02   1.7933970e+02   2.5715899e+02   1.9505335e+02   1.0434471e+02   1.3788104e+02   1.9030033e+02   1.8962983e+02   2.5352338e+02   1.5228949e+02   2.7663331e+02   1.7685960e+02   1.7685960e+02   2.1868966e+02   1.9357019e+02   2.3500043e+02   1.7681382e+02
   4.4564171e+01   2.6109588e+01   5.6469602e+01   4.1277874e+01   9.5240989e+01   4.6032125e+01   4.1908592e+01   5.1908923e+01   4.0240309e+01   3.8364242e+01   3.7491844e+01   3.0269678e+01   5.0561606e+01   1.6248299e+01   4.4239300e+01   4.7241677e+01   4.9243982e+01   2.6720830e+01   2.7244238e+01   6.7041965e+01   6.4855532e+01   5.5685803e+01   6.5619542e+01   2.8954987e+01   6.4653097e+01   6.4653097e+01   3.7248423e+01   4.4930140e+01   1.3741559e+02   3.4788382e+01
   3.3654404e+00   4.4525586e+00   3.3872426e+00   4.1108059e+00   5.4809825e+00   4.8516437e+00   3.6062956e+00   5.3708051e+00   4.8692630e+00   4.2426192e+00   4.7778224e+00   4.3745729e+00   3.5573957e+00   4.6657211e+00   5.0151724e+00   4.2264405e+00   5.2913561e+00   3.3992448e+00   4.1267323e+00   1.0141990e+01   5.8465565e+00   3.9420403e+00   4.2678567e+00   4.4940233e+00   4.9602423e+00   4.9602423e+00   4.8820841e+00   4.9656128e+00   1.2303603e+01   5.2109079e+00
   1.4727135e+00   1.3602304e+00   1.4274962e+00   1.1709054e+00   1.5561508e+00   1.1481874e+00   1.4554100e+00   7.3564754e-01   1.6363594e+00   1.7480886e+00   1.7734535e+00   1.9407226e+00   1.5898310e+00   1.9690109e+00   2.1321084e+00   1.8252989e+00   1.5670718e+00   1.6174730e+00   1.5722856e+00   3.1605133e+00   1.6871736e+00   1.5002289e+00   1.6209566e+00   2.2086866e+00   1.5346538e+00   1.5346538e+00   2.3550867e+00   1.5027613e+00   1.8271803e+00   1.9582865e+00
   8.4964639e-01   4.6319640e-01   7.9379421e-01   5.5830948e-01   8.8645932e-01   7.1328160e-01   1.0521783e+00   5.4025389e-01   6.7534365e-01   9.9821461e-01   1.0032064e+00   5.2520731e-01   8.7527827e-01   1.4372291e+00   7.4249398e-01   1.3755029e+00   1.0551814e+00   9.8178380e-01   9.6330783e-01   1.9964759e+00   1.1960196e+00   1.1988272e+00   1.2555142e+00   1.3020929e+00   1.3708825e+00   1.3708825e+00   1.4948912e+00   1.3392147e+00   1.5561122e+00   1.6762914e+00
   1.9137094e-01   2.0862604e-01   2.3901437e-01   2.4181461e-01   2.9828017e-01   3.0319381e-01   3.3387543e-01   3.8584931e-01   3.9753540e-01   4.1223016e-01   4.1606511e-01   4.3718425e-01   4.4469827e-01   4.7505790e-01   4.7969336e-01   5.1971304e-01   5.2007323e-01   6.3688873e-01   6.6243620e-01   9.3358523e-01   1.0545275e+00   1.0930427e+00   1.1297808e+00   1.1383439e+00   1.2004711e+00   1.2004711e+00   1.3085878e+00   1.3376477e+00   1.5294586e+00   1.6074225e+00
