   3.6603597e+07   4.4621978e+07   7.1790436e+07   6.1616198e+07   2.6349346e+07   1.8196977e+07   9.4442430e+07   2.0658136e+07   1.9853710e+06   3.2166975e+07   3.3011266e+07   6.3375462e+07   8.1984398e+07   2.8753957e+07   2.5931213e+07   3.6709126e+07   1.7947335e+07   4.6281139e+07   1.7749944e+07   1.2543505e+07   1.4804505e+07   2.5781746e+07   2.2066221e+07   2.6982637e+07   1.7368423e+07   5.2575100e+07   4.0076140e+07   2.1288363e+07   1.3098013e+07   2.3401529e+07
   1.7273759e+07   4.4617841e+07   4.4944759e+07   2.6622986e+07   2.6349346e+07   1.8196977e+07   4.4871215e+07   2.0658136e+07   1.9853710e+06   2.0451005e+07   2.8443886e+07   6.6671441e+06   1.2608425e+07   2.8753957e+07   2.5931213e+07   3.5354631e+07   1.7947335e+07   2.4212884e+07   1.7749944e+07   1.2543505e+07   7.3690718e+06   2.5781746e+07   2.2066221e+07   2.6982637e+07   1.7368423e+07   4.2293461e+07   4.0076140e+07   2.1288363e+07   1.3098013e+07   8.2622742e+06
   9.9668298e+06   3.6604673e+07   1.1352838e+07   2.6622986e+07   2.6349346e+07   1.8196977e+07   4.2359739e+07   3.2623493e+06   1.9853710e+06   2.0451005e+07   2.2641459e+07   6.6671441e+06   1.1850421e+07   2.8753957e+07   2.2634602e+07   1.1346497e+07   1.7947335e+07   2.4212884e+07   1.7749944e+07   6.1077737e+06   7.3690718e+06   1.5221028e+07   1.6170806e+07   1.5444579e+07   1.7367934e+07   8.1332730e+06   1.0732278e+07   2.1288363e+07   1.3098013e+07   8.2622742e+06
   9.9668298e+06   3.6604673e+07   1.1352838e+07   1.8576437e+07   2.3770348e+07   1.8196977e+07   1.7548726e+07   3.2623493e+06   1.9853710e+06   1.3478097e+07   2.2641459e+07   6.6671441e+06   1.1850421e+07   1.4267592e+07   5.7075673e+06   1.1346497e+07   1.1562250e+07   7.0600741e+06   1.4169231e+07   6.1077737e+06   6.8527017e+06   1.5221028e+07   1.6170806e+07   1.5444579e+07   1.7367934e+07   8.1332730e+06   1.0732278e+07   1.1617672e+07   1.3098013e+07   5.1030817e+06
   9.9668298e+06   1.3885564e+07   8.4516767e+06   9.2038793e+06   1.4443504e+07   5.5741195e+06   4.3601531e+06   3.2623493e+06   1.9853710e+06   1.2633562e+07   8.2425508e+06   6.6671441e+06   1.1850421e+07   7.2761716e+06   5.7075673e+06   1.1346497e+07   1.1562250e+07   7.0600741e+06   7.7522221e+06   6.1077737e+06   6.8527017e+06   1.5221028e+07   1.1197819e+07   3.8058252e+06   9.0287347e+06   8.1134106e+06   1.0732278e+07   9.9171573e+06   4.4477228e+06   3.4336245e+06
   9.9668298e+06   6.6802946e+06   4.4303277e+06   7.7387501e+06   8.4046673e+06   5.5741195e+06   4.3601531e+06   3.2623493e+06   1.9853710e+06   4.2699219e+06   8.0108573e+06   6.6671441e+06   6.1676999e+06   7.2761716e+06   5.7075673e+06   3.2034805e+06   3.1585292e+06   7.0600741e+06   2.8021940e+06   6.1077737e+06   6.8527017e+06   4.3435271e+06   4.5021955e+06   3.8058252e+06   5.3925588e+06   1.6755188e+06   6.5699536e+06   9.1003592e+06   2.9175307e+06   3.4336245e+06
   6.4801855e+05   5.9029212e+05   2.5158017e+06   1.9733956e+06   2.9684069e+06   3.1968883e+06   1.8220673e+06   3.0290737e+06   1.9853710e+06   3.0260856e+05   5.9219189e+05   1.1478012e+06   3.6888813e+06   1.7041406e+06   2.4194896e+06   3.2034805e+06   8.8181731e+05   7.5660894e+05   1.4049212e+06   1.2652973e+06   2.4738928e+06   2.5157003e+06   4.5021955e+06   9.4788090e+05   2.9885927e+06   1.3226188e+06   2.2281456e+06   2.2691140e+06   1.6062127e+06   1.4015945e+06
   1.7150604e+05   2.8942836e+05   3.7090976e+05   3.2280546e+05   3.4464602e+05   3.6926270e+05   1.9826818e+05   2.8321056e+05   4.9536942e+05   3.0260856e+05   2.8907003e+05   2.8341606e+05   1.5254825e+05   3.6742941e+05   2.1310921e+05   4.3117437e+05   2.8752613e+05   6.2769881e+04   1.9460416e+05   1.1560910e+06   4.6259237e+05   3.2206089e+05   3.9102303e+05   1.4602783e+05   3.1660506e+05   9.5799333e+04   6.9843786e+04   3.5988913e+05   2.4784370e+05   3.6615176e+05
   4.2493500e+03   7.0204346e+03   4.0854416e+03   7.2991764e+03   8.9239099e+03   6.6153618e+03   4.4610963e+03   5.8540185e+03   4.8132433e+03   3.8708309e+03   3.7050339e+03   4.7895030e+03   4.4949047e+03   4.5803870e+03   4.6412448e+03   5.6428070e+03   4.0013703e+03   3.0738766e+03   6.4852829e+03   2.3063962e+04   6.4789307e+03   5.2002699e+03   6.3102275e+03   4.9627036e+03   3.7979231e+03   5.2927639e+03   4.1188450e+03   5.1614275e+03   7.6328560e+03   4.4686004e+03
   6.8520502e+02   4.5023052e+02   3.3030474e+02   4.0801438e+02   3.8382448e+02   3.8809687e+02   3.2813658e+02   4.7516008e+02   3.7109869e+02   5.5877875e+02   4.3766661e+02   4.7880590e+02   4.6764568e+02   3.2956055e+02   4.5350411e+02   6.3145147e+02   7.1709018e+02   5.0618664e+02   5.3246556e+02   3.6231847e+02   4.1306705e+02   4.9025776e+02   4.8262068e+02   6.7192795e+02   4.8692276e+02   4.8341067e+02   5.4324524e+02   5.2621661e+02   4.9856146e+02   8.0067702e+02
   1.6748125e+02   2.4971718e+02   2.1932700e+02   2.8738961e+02   3.1418934e+02   1.8158426e+02   1.6430507e+02   2.9912910e+02   2.1177625e+02   2.2748868e+02   2.7653222e+02   2.3418676e+02   1.6897142e+02   1.5739475e+02   1.8921578e+02   1.6188888e+02   1.7886588e+02   2.3737627e+02   1.6246052e+02   2.2741518e+02   1.9610544e+02   1.8790370e+02   2.1166995e+02   2.4648341e+02   2.0156571e+02   2.0955364e+02   2.2591674e+02   1.6153429e+02   2.1598448e+02   4.9283773e+02
   1.0387093e+02   9.8881185e+01   1.2935310e+02   1.1741565e+02   1.3409688e+02   1.0792151e+02   9.2703907e+01   1.5548592e+02   2.4092364e+01   1.3668718e+02   8.7464137e+01   1.1968283e+02   1.2392865e+02   9.1787092e+01   9.0129397e+01   9.9179105e+01   7.3337659e+01   1.1991299e+02   1.0139843e+02   1.8437705e+02   1.4242826e+02   1.3263189e+02   1.6344991e+02   1.2208788e+02   1.1536550e+02   7.4404663e+01   1.1742212e+02   1.0212123e+02   1.2307348e+02   3.2134863e+02
   7.3580214e+00   7.6152079e+00   7.7847920e+01   3.0617511e+01   2.7915376e+01   3.2976975e+00   2.6688335e+01   2.1481597e+01   3.4012181e+00   8.0250192e+01   4.2099355e+00   8.9738874e+00   2.1580473e+01   1.7281746e+01   4.6507738e+00   5.5217407e+00   5.1829740e+00   6.2901578e+00   7.0687991e+00   5.0351645e+01   2.3369581e+01   3.5340840e+01   1.3810120e+01   8.1709613e+00   4.0354656e+01   8.6761777e+00   9.1628168e+00   9.4750688e+00   1.4114782e+01   1.5228317e+02
   1.3072148e+00   2.0940034e+00   3.1930476e+00   3.1930476e+00   3.1930476e+00   3.2971329e+00   3.4012181e+00   3.4012181e+00   3.4012181e+00   4.0839215e+00   4.1880067e+00   4.2920919e+00   4.2920919e+00   4.3961721e+00   4.3961772e+00   5.0788805e+00   5.1829658e+00   6.2820050e+00   7.0687936e+00   7.2769641e+00   7.2769641e+00   7.3810493e+00   7.9934743e+00   8.1678379e+00   8.2719181e+00   8.6761777e+00   9.1627919e+00   9.4750476e+00   1.1569051e+01   1.3058600e+02
   1.3072148e+00   2.0940034e+00   3.1930476e+00   3.1930476e+00   3.1930476e+00   3.2971329e+00   3.4012181e+00   3.4012181e+00   3.4012181e+00   4.0839215e+00   4.1880067e+00   4.2920919e+00   4.2920919e+00   4.3961721e+00   4.3961772e+00   5.0788805e+00   5.1829658e+00   6.2820050e+00   7.0687936e+00   7.2769641e+00   7.2769641e+00   7.3810493e+00   7.9934743e+00   8.1678379e+00   8.2719181e+00   8.6761777e+00   9.1627919e+00   9.4750476e+00   1.1569051e+01   1.3058600e+02
   1.3072148e+00   2.0940034e+00   3.1930476e+00   3.1930476e+00   3.1930476e+00   3.2971329e+00   3.4012181e+00   3.4012181e+00   3.4012181e+00   4.0839215e+00   4.1880067e+00   4.2920919e+00   4.2920919e+00   4.3961721e+00   4.3961772e+00   5.0788805e+00   5.1829658e+00   6.2820050e+00   7.0687936e+00   7.2769641e+00   7.2769641e+00   7.3810493e+00   7.9934743e+00   8.1678379e+00   8.2719181e+00   8.6761777e+00   9.1627919e+00   9.4750476e+00   1.1569051e+01   1.3058600e+02
