   3.6283528e+02   6.6549689e+02   5.4545326e+02   6.0714360e+02   2.8220633e+02   4.7597905e+02   3.7421389e+02   5.2543649e+02   5.3905440e+02   5.2140859e+02   5.4767360e+02   6.2413327e+02   4.5098965e+02   4.8514912e+02   5.0607643e+02   4.8193366e+02   5.0202743e+02   4.2634688e+02   3.5996231e+02   4.2502661e+02   4.0533781e+02   4.5727791e+02   4.6719345e+02   3.3909364e+02   3.4742020e+02   6.8048095e+02   5.0043840e+02   4.9687249e+02   4.7609387e+02   7.0160881e+02
   1.5911314e+02   2.0643817e+02   2.3625433e+02   5.2982933e+02   2.8220633e+02   4.7597905e+02   3.7421389e+02   2.5038700e+02   5.3905440e+02   5.0381643e+02   3.7936892e+02   4.7046468e+02   4.5098593e+02   4.8481224e+02   3.4229862e+02   4.3921742e+02   4.8969241e+02   3.0278049e+02   3.5996231e+02   4.2502661e+02   4.0533781e+02   3.8555476e+02   4.6719345e+02   3.3909364e+02   2.0337477e+02   4.2456743e+02   5.0043840e+02   3.8608450e+02   4.1582221e+02   2.9738554e+02
   1.5911314e+02   2.0643817e+02   2.3625433e+02   2.0474395e+02   2.7401245e+02   2.5660001e+02   3.0344542e+02   2.5038700e+02   3.4146929e+02   4.4430953e+02   3.7936892e+02   4.7046468e+02   4.5098593e+02   4.3750968e+02   2.1155878e+02   4.3921742e+02   4.1570563e+02   3.0278049e+02   2.8531544e+02   2.3179556e+02   2.7775329e+02   3.0815364e+02   3.5750539e+02   3.1553093e+02   2.0337477e+02   4.2456743e+02   3.8957239e+02   2.9151917e+02   3.3924950e+02   2.9738554e+02
   1.5911314e+02   2.0643817e+02   1.6137977e+02   1.2556324e+02   2.7401245e+02   2.5660001e+02   3.0344542e+02   2.5038700e+02   3.4146929e+02   3.4670236e+02   3.7936892e+02   1.0412579e+02   4.3803591e+02   4.1826018e+02   2.1155878e+02   4.3921742e+02   2.5385912e+02   2.9526146e+02   2.8531544e+02   2.3179556e+02   1.7755253e+02   3.0815364e+02   3.5750539e+02   6.9493412e+01   2.0337477e+02   3.5047671e+02   3.2718280e+02   1.3953887e+02   2.0738508e+02   2.9287961e+02
   1.5911314e+02   1.7231631e+02   1.6137977e+02   1.2556324e+02   2.7401245e+02   2.5660001e+02   2.1886845e+02   1.1876350e+02   3.4146929e+02   2.5210734e+02   1.5573954e+02   9.7031232e+01   2.7193642e+02   2.9142738e+02   2.1155878e+02   3.9171360e+02   2.1829645e+02   2.7972409e+02   2.8531544e+02   1.6259187e+02   1.7624848e+02   2.9295634e+02   3.3063193e+02   6.9493412e+01   1.8516070e+02   3.2565028e+02   3.2718280e+02   1.3953887e+02   2.0733050e+02   2.5629259e+02
   7.7807776e+01   8.0958994e+01   1.1835656e+02   1.2556324e+02   1.4757862e+02   2.1347058e+02   1.7440942e+02   1.1876350e+02   2.0314557e+02   2.0590390e+02   7.1286114e+01   9.7031232e+01   2.1667174e+02   4.2612531e+01   1.5129437e+02   2.6427397e+02   1.9026462e+02   1.8919792e+02   2.0188700e+02   1.2859248e+02   1.5369525e+02   2.9295634e+02   2.4577655e+02   6.9493412e+01   1.7534457e+02   1.4579067e+02   2.2050289e+02   1.3953887e+02   5.4013831e+01   1.6949000e+02
   5.5183971e+01   8.0958994e+01   1.0589348e+02   1.0495895e+02   1.4757862e+02   1.7400323e+02   1.1126167e+02   7.2967166e+01   6.8631611e+01   1.7936025e+02   7.1286114e+01   6.3755030e+01   1.6591005e+02   4.2612531e+01   7.1540030e+01   1.2712305e+02   4.4686955e+01   1.2264324e+02   6.3262280e+01   1.2859248e+02   7.7781656e+01   1.4965689e+02   9.5119668e+01   5.5592622e+01   1.1711463e+02   1.0705774e+02   1.4851209e+02   1.2096768e+02   5.4013831e+01   1.6949000e+02
   1.8502808e+01   3.2423386e+01   8.4666513e+01   6.3427808e+01   6.8143237e+01   6.0063982e+01   4.6782149e+01   7.2967166e+01   5.7613917e+01   5.6828106e+01   4.4738164e+01   3.5199237e+01   6.4117992e+01   4.2612531e+01   6.8073728e+01   4.3619262e+01   4.4686955e+01   1.0460078e+02   5.5864938e+01   2.7519891e+01   2.4884576e+01   1.4965689e+02   3.4684324e+01   3.6520125e+01   6.7312300e+01   7.4013590e+01   6.2634393e+01   7.9239015e+01   4.4004206e+01   5.7328549e+01
   1.8502808e+01   3.2364627e+01   1.2806335e+01   1.9198142e+01   3.7794463e+01   4.2696918e+01   4.3925499e+01   4.1332971e+01   4.6513243e+01   2.5558015e+01   2.8864224e+01   1.6887129e+01   4.1546043e+01   4.2612531e+01   2.0917982e+01   4.3619262e+01   4.4686955e+01   3.7029631e+01   2.6262406e+01   2.7519891e+01   2.4884576e+01   4.9675086e+01   3.2966131e+01   3.0054128e+01   3.2301725e+01   1.6986759e+01   2.9365493e+01   1.3290534e+01   4.3767040e+01   4.7041974e+01
   1.2431100e+01   1.5231758e+01   1.2512220e+01   1.9198142e+01   1.1962110e+01   7.1588979e+00   2.2559966e+01   1.4525406e+01   1.3892934e+01   2.5215037e+01   1.3870039e+01   1.2253343e+01   1.8229414e+01   2.1652953e+01   9.4270362e+00   1.5905058e+01   8.7797137e+00   1.8062099e+01   1.1576729e+01   9.9980163e+00   1.3024812e+01   3.4428729e+01   1.3246629e+01   9.6771749e+00   2.0966203e+01   1.6986759e+01   1.1051269e+01   1.3290534e+01   3.0686796e+01   2.6023160e+01
   7.7859565e+00   7.4893822e+00   2.2667135e+00   1.3494211e+01   6.7009291e+00   6.5167664e+00   8.1871424e+00   8.4425370e+00   5.8370217e+00   7.3451999e+00   5.9001594e+00   4.0482730e+00   5.7716401e+00   8.1758111e+00   4.1593845e+00   8.1065185e+00   5.4446548e+00   7.0242610e+00   7.4517781e+00   6.4229880e+00   9.7508998e+00   8.4743305e+00   6.3187279e+00   2.6813190e+00   6.7358624e+00   1.1128651e+01   6.8006979e+00   8.6451414e+00   5.6951370e+00   1.0251009e+01
   2.8464842e+00   2.9264528e+00   1.7372160e+00   4.5177799e+00   2.5008236e+00   2.6304898e+00   3.7141691e+00   3.3384746e+00   2.7903652e+00   3.3873661e+00   2.7331416e+00   1.6801527e+00   3.0545916e+00   2.4619154e+00   2.5163215e+00   2.9629406e+00   2.7055508e+00   2.9508148e+00   3.1212380e+00   2.4016917e+00   2.7465512e+00   3.2337208e+00   4.1412050e+00   1.5175087e+00   2.5618876e+00   3.3046830e+00   3.0147064e+00   2.8105599e+00   2.9867139e+00   3.5516869e+00
   1.3818981e+00   1.2097677e+00   8.0424605e-01   7.9641060e-01   1.2467747e+00   1.2253350e+00   1.4496452e+00   1.8894691e+00   1.0638444e+00   9.6882509e-01   7.8411259e-01   4.6285018e-01   1.7314068e+00   7.4841503e-01   1.0133380e+00   8.9183345e-01   1.1595641e+00   1.0635509e+00   1.0488527e+00   8.1819247e-01   1.0802039e+00   1.2595422e+00   1.0579570e+00   9.9286873e-01   9.5458110e-01   1.0520332e+00   9.8191599e-01   1.0635837e+00   1.1310129e+00   1.5190695e+00
   3.7752827e-01   5.5901756e-01   3.5989088e-01   1.1331791e-01   9.5500047e-01   4.5487161e-01   5.5560161e-01   1.2747510e+00   4.9929970e-01   4.0513856e-01   2.3491575e-01   3.6012116e-01   8.0988060e-01   4.5290709e-01   7.4803303e-01   6.7015269e-01   5.5506428e-01   5.0677689e-01   5.1838677e-01   5.1933773e-01   6.1967104e-01   6.2050643e-01   7.0376777e-01   7.1908407e-01   7.2245864e-01   7.2450397e-01   7.2750601e-01   9.3768971e-01   9.3571779e-01   1.4587445e+00
   7.9063304e-02   1.0578943e-01   6.6119288e-02   9.8289249e-02   6.0112036e-01   2.5228483e-01   4.5901140e-01   5.8729236e-01   2.5166812e-01   2.6656920e-01   2.3471798e-01   2.7139070e-01   4.6069120e-01   2.8753330e-01   5.5458472e-01   5.0239901e-01   4.8639303e-01   5.0677685e-01   5.1838652e-01   5.1933549e-01   6.1410405e-01   6.1834356e-01   7.0376763e-01   7.1908396e-01   7.2245859e-01   7.2448642e-01   7.2749980e-01   9.1508240e-01   9.3571779e-01   1.4587444e+00
   3.1951322e-02   4.9362232e-02   5.0287324e-02   9.8288602e-02   1.0057134e-01   1.2673131e-01   1.2673241e-01   1.3081982e-01   1.7868798e-01   1.9440081e-01   2.3471775e-01   2.5525411e-01   2.6320405e-01   2.8753274e-01   3.6412056e-01   4.7686954e-01   4.8639287e-01   5.0677677e-01   5.1838649e-01   5.1933548e-01   6.1410382e-01   6.1834326e-01   7.0376753e-01   7.1908389e-01   7.2245854e-01   7.2448637e-01   7.2749979e-01   9.1508235e-01   9.3571779e-01   1.4587443e+00
