   1.6151322e+05   9.7202721e+04   3.3067920e+05   1.3621448e+05   1.4705273e+05   1.4162818e+05   5.8187652e+05   8.9648259e+04   9.5585724e+04   2.4793057e+05   2.9019908e+05   4.9988993e+05   3.8769542e+04   1.5710818e+03   7.0019789e+05   2.5081631e+05   1.6892509e+05   1.1248969e+05   3.4395458e+04   3.5537476e+04   9.2066556e+05   1.4606189e+06   6.1197462e+05   9.8781877e+05   1.7933726e+05   1.1352650e+05   9.5920813e+04   1.3622489e+05   2.3480421e+04   1.1279180e+05
   6.1692554e+04   5.7758666e+04   5.2537534e+04   4.1164560e+04   9.1813142e+04   1.0210088e+05   5.2398285e+04   8.9648259e+04   3.5303140e+03   9.5205707e+04   4.4896529e+04   6.8855289e+04   3.7961306e+03   1.5710818e+03   1.5497668e+05   1.7248025e+04   3.2921431e+04   9.0559772e+04   3.4395458e+04   3.5537476e+04   6.1788752e+04   3.0801656e+05   9.1576158e+04   2.7392498e+04   5.8767248e+04   7.0875553e+04   3.7751015e+03   7.4938589e+04   2.2330556e+04   1.1279180e+05
   1.2332362e+04   2.6194421e+04   1.3697916e+04   1.3860934e+04   4.0959776e+04   1.1559956e+04   5.1296105e+04   3.0242630e+04   3.5303140e+03   8.6918532e+04   2.6573524e+03   3.8487237e+04   3.7961306e+03   1.5710818e+03   6.5292195e+04   5.9657329e+03   9.7745596e+02   1.5824617e+03   3.3307061e+04   2.6884579e+02   4.6502687e+04   4.2396146e+04   9.1576158e+04   1.5582452e+04   6.0069241e+03   4.9654153e+04   3.0407456e+03   1.3143124e+04   1.5764311e+04   1.4729676e+04
   5.8874408e+02   1.7264275e+03   9.8730214e+03   2.9923021e+03   1.9227815e+04   2.3191196e+03   2.3728043e+04   1.5279947e+03   4.2626723e+02   1.3176259e+04   1.4320354e+03   3.5612366e+04   3.7961306e+03   1.3407222e+03   5.7364777e+03   5.9657329e+03   9.7745596e+02   1.5824617e+03   2.7985366e+04   2.6884579e+02   4.3979440e+02   4.2396146e+04   3.4298493e+03   1.5582452e+04   2.2200558e+03   4.7409654e+03   3.0407456e+03   8.8106517e+03   5.3698533e+02   1.4729676e+04
   7.5897013e+01   8.2798706e+02   9.2369732e+01   1.1997893e+02   2.9193818e+02   1.1285417e+02   3.6426544e+02   1.6929531e+02   4.2014593e+01   4.4950174e+02   3.3596931e+02   4.2196536e+02   1.3348297e+02   1.4373784e+02   6.4998993e+02   1.4815066e+02   1.5862775e+02   3.1636886e+01   2.2559136e+02   1.1574152e+02   2.3775288e+01   1.3822340e+02   2.0063276e+03   9.0229188e+01   9.7744334e+01   4.4961962e+02   2.0831378e+02   5.4098308e+02   5.6029990e+01   1.4586292e+03
   2.2514618e+01   1.7200973e+01   1.8615436e+01   1.3386721e+01   1.6102913e+01   1.1462981e+01   1.9361727e+01   8.4666818e+00   2.6896830e+01   2.6375077e+01   1.3087304e+01   4.2874157e+01   1.6379309e+01   7.8208563e+00   3.3713213e+01   9.4626528e+00   1.2995458e+01   1.2170966e+01   1.5466962e+01   1.3681394e+01   1.6434506e+01   1.9132267e+01   1.9504148e+01   3.0276820e+01   3.1966482e+01   1.4656343e+01   1.1133833e+01   3.3358301e+01   1.2294313e+01   2.0624568e+01
   6.8003230e+00   7.4527633e+00   6.3355434e+00   6.2307700e+00   8.9385121e+00   7.4120523e+00   4.1647570e+00   5.7077124e+00   7.4568563e+00   7.5523273e+00   7.9042781e+00   8.6006340e+00   8.4566030e+00   7.8208563e+00   8.9423569e+00   6.2309203e+00   7.2574710e+00   7.2323745e+00   6.5895919e+00   8.4518524e+00   6.1810464e+00   8.7253655e+00   8.0582526e+00   5.0117437e+00   6.5972368e+00   6.1529292e+00   6.3984461e+00   8.9669069e+00   6.4233831e+00   7.8619185e+00
   3.0892941e+00   3.9685048e+00   4.3873737e+00   4.5577968e+00   4.6612052e+00   3.8655273e+00   3.2654773e+00   3.2330601e+00   3.9567317e+00   4.0737873e+00   3.7163126e+00   3.5121655e+00   2.6762506e+00   3.4777626e+00   4.0006059e+00   4.5369356e+00   3.4931707e+00   4.2886892e+00   3.8972175e+00   3.8009316e+00   4.3567367e+00   3.5629181e+00   4.8181188e+00   4.1785092e+00   4.0670450e+00   3.8543629e+00   4.0355228e+00   4.2038610e+00   4.2787148e+00   3.9207540e+00
   3.0892941e+00   3.3042089e+00   3.1099088e+00   3.2677504e+00   3.5861528e+00   3.5578169e+00   2.6879695e+00   2.7424592e+00   3.5635930e+00   3.0954275e+00   2.8087094e+00   3.4131526e+00   2.6762506e+00   3.4777626e+00   2.7831029e+00   3.1136856e+00   3.1905386e+00   3.1042355e+00   3.4515903e+00   2.0374624e+00   2.5463646e+00   3.2082864e+00   3.1459394e+00   4.0419972e+00   3.7313198e+00   3.8543629e+00   2.3851652e+00   3.0829087e+00   4.1024565e+00   3.3981098e+00
   2.3949736e+00   3.2416004e+00   2.9607699e+00   3.2545464e+00   2.6840202e+00   2.9326016e+00   2.6879695e+00   2.7424592e+00   3.5635930e+00   3.0826641e+00   2.7421355e+00   1.9301571e+00   2.6762506e+00   3.0900650e+00   2.7831029e+00   2.5583656e+00   2.6746563e+00   2.5610760e+00   2.8012197e+00   2.0374624e+00   2.5463646e+00   2.1782595e+00   2.8441402e+00   2.8752923e+00   3.3688622e+00   2.9405699e+00   2.3851652e+00   2.4011166e+00   3.0900712e+00   3.3012575e+00
   2.3949736e+00   2.8570293e+00   2.3087250e+00   2.4851336e+00   2.3090991e+00   2.9326016e+00   2.3757182e+00   2.7424592e+00   2.6519931e+00   1.6756048e+00   2.2327118e+00   1.9301571e+00   2.5059737e+00   1.6678337e+00   2.5707217e+00   2.5583656e+00   2.6174738e+00   2.4134400e+00   2.6947210e+00   2.0168493e+00   2.5463646e+00   2.1782595e+00   2.8441402e+00   1.5921565e+00   1.6188628e+00   2.6914495e+00   2.3851652e+00   2.2164851e+00   3.0189453e+00   2.4221538e+00
   2.3837631e+00   2.4767312e+00   2.3087250e+00   1.9948026e+00   2.1148806e+00   2.9326016e+00   2.3757182e+00   2.2720959e+00   1.9668517e+00   1.6756048e+00   2.2327118e+00   1.4343686e+00   2.5059737e+00   1.6678337e+00   2.5707217e+00   2.0772184e+00   1.8097919e+00   2.4131522e+00   2.6947210e+00   1.4608644e+00   2.3568920e+00   1.3991973e+00   2.2655965e+00   1.5921565e+00   1.6188628e+00   2.5678998e+00   2.1406339e+00   1.5555723e+00   1.3996586e+00   1.9188336e+00
   2.2240578e+00   2.3046303e+00   1.0295100e+00   1.3833725e+00   8.6481609e-01   1.2312781e+00   1.2605074e+00   1.3065621e+00   1.0993130e+00   1.0664068e+00   1.0109739e+00   1.1556444e+00   1.2585731e+00   9.7152360e-01   1.2895644e+00   1.3922504e+00   1.1265701e+00   1.9400897e+00   1.0470493e+00   9.1256949e-01   1.2866697e+00   1.1283263e+00   1.1851319e+00   1.5921565e+00   9.7445755e-01   1.9752523e+00   1.0229040e+00   7.9775448e-01   1.0395883e+00   1.1360656e+00
   7.3748726e-01   8.6516300e-01   8.0660517e-01   6.3302308e-01   7.4583627e-01   6.5760810e-01   7.9243939e-01   7.0515951e-01   7.3530182e-01   7.4546460e-01   5.4452109e-01   8.0977198e-01   6.8108019e-01   7.3634134e-01   8.8545276e-01   8.5526219e-01   6.4259624e-01   1.1776690e+00   6.8943970e-01   5.8323560e-01   5.9096099e-01   7.2533311e-01   5.6233066e-01   8.0833920e-01   8.9675723e-01   7.9023281e-01   6.1432394e-01   7.2742741e-01   8.5694793e-01   6.2179487e-01
   2.8977150e-01   3.4608392e-01   4.7290301e-01   3.7205440e-01   4.3057374e-01   3.1038195e-01   4.7451741e-01   5.1546992e-01   4.0552097e-01   4.4073142e-01   3.3763234e-01   4.7817782e-01   4.7509195e-01   3.6314809e-01   4.6793181e-01   4.3374546e-01   3.9658336e-01   3.9734602e-01   5.4862873e-01   5.0701456e-01   4.0478044e-01   4.8904206e-01   4.1255662e-01   5.2567317e-01   5.1379657e-01   4.7361232e-01   5.0042859e-01   5.0548029e-01   4.3595514e-01   4.6769230e-01
   2.0817954e-01   2.3057496e-01   2.5430036e-01   2.7066134e-01   2.8312405e-01   2.8568013e-01   2.8894355e-01   3.0096901e-01   3.0618829e-01   3.1312740e-01   3.1753069e-01   3.1993279e-01   3.2002798e-01   3.2224887e-01   3.2498973e-01   3.3218227e-01   3.4086591e-01   3.4794658e-01   3.5172376e-01   3.5189641e-01   3.5511280e-01   3.6481945e-01   3.7954470e-01   3.8895114e-01   3.9752607e-01   3.9775189e-01   4.0079120e-01   4.1721916e-01   4.1866160e-01   4.2426354e-01
