   4.9994827e+02   5.0962837e+02   4.6417031e+02   5.0249999e+02   4.8840076e+02   4.5398806e+02   5.1637426e+02   5.2107649e+02   4.5313210e+02   5.3091940e+02   4.4617691e+02   4.6732569e+02   5.2461096e+02   4.9558442e+02   5.1732483e+02   4.5904050e+02   4.8745549e+02   4.3026079e+02   5.2976127e+02   5.1032975e+02   4.4227277e+02   4.6171666e+02   4.8821726e+02   4.8743843e+02   5.1213396e+02   4.9296457e+02   4.6799677e+02   5.2603375e+02   4.5247663e+02   5.6439555e+02
   4.9312675e+02   4.8741527e+02   4.6417031e+02   4.6415894e+02   4.6925490e+02   4.5398806e+02   4.4981683e+02   4.5582539e+02   4.5313210e+02   5.1484843e+02   3.9933954e+02   4.6732569e+02   4.3391919e+02   4.5363899e+02   4.4556582e+02   4.3381265e+02   4.6751458e+02   3.9306411e+02   5.0417233e+02   4.6924323e+02   4.4227277e+02   4.3015836e+02   4.8821726e+02   4.8743843e+02   4.6846705e+02   4.5233336e+02   4.6108476e+02   4.7898854e+02   4.3431109e+02   5.3583765e+02
   4.4403367e+02   4.4581292e+02   4.5130407e+02   4.3506565e+02   4.3831243e+02   4.5398806e+02   4.4981683e+02   4.5582539e+02   4.4610931e+02   4.5531364e+02   3.9933954e+02   4.4525015e+02   4.3391919e+02   4.1738459e+02   4.4060326e+02   4.3381265e+02   4.4222095e+02   3.9306411e+02   4.5158195e+02   4.3198615e+02   4.4227277e+02   4.3015836e+02   4.4898201e+02   4.5630291e+02   4.5627269e+02   4.3526120e+02   4.3547916e+02   4.7449641e+02   4.3431109e+02   4.7978980e+02
   4.4221152e+02   4.2792406e+02   4.3568547e+02   4.3057567e+02   4.3679358e+02   4.2784421e+02   4.4767408e+02   4.3370672e+02   4.2927454e+02   4.3417068e+02   3.9933954e+02   4.4525015e+02   4.3391919e+02   4.0496904e+02   4.3384785e+02   4.1979628e+02   4.2854793e+02   3.9306411e+02   4.4460396e+02   4.3198615e+02   4.3388954e+02   4.3015836e+02   4.1339604e+02   4.3140773e+02   4.4771421e+02   4.1744804e+02   3.9523607e+02   4.4617767e+02   4.3431109e+02   4.6498052e+02
   4.1972684e+02   3.9464881e+02   3.7214424e+02   4.0570110e+02   4.0125407e+02   3.8507783e+02   3.9915310e+02   3.8815932e+02   3.8853166e+02   3.8897235e+02   3.9629342e+02   4.0531612e+02   4.1160172e+02   4.0496904e+02   4.0225559e+02   3.9393294e+02   3.7891142e+02   3.8448724e+02   3.8594803e+02   3.9796033e+02   3.9633112e+02   3.9320281e+02   3.9418340e+02   4.0328583e+02   4.0355433e+02   3.9058584e+02   3.9523607e+02   4.0533220e+02   3.9799519e+02   4.0487690e+02
   3.8523399e+02   3.8714060e+02   3.7214424e+02   3.7581494e+02   3.8695815e+02   3.8142980e+02   3.8427955e+02   3.7500916e+02   3.7995890e+02   3.7583407e+02   3.8614367e+02   3.8860156e+02   3.7893484e+02   3.8483803e+02   3.8276770e+02   3.6655596e+02   3.6936101e+02   3.7811571e+02   3.7009466e+02   3.7836291e+02   3.8129377e+02   3.7604782e+02   3.9278318e+02   3.8582820e+02   3.8726344e+02   3.6274223e+02   3.8144291e+02   3.7581169e+02   3.8477595e+02   3.8648257e+02
   3.7209001e+02   3.7645991e+02   3.5675861e+02   3.7329610e+02   3.6864626e+02   3.6288557e+02   3.5545286e+02   3.5404804e+02   3.7517387e+02   3.6843135e+02   3.6511161e+02   3.6835591e+02   3.6916973e+02   3.7114864e+02   3.7333626e+02   3.6557035e+02   3.6137662e+02   3.7384667e+02   3.7009466e+02   3.7836291e+02   3.7519963e+02   3.6411369e+02   3.8306405e+02   3.6552250e+02   3.6233952e+02   3.6274223e+02   3.7418614e+02   3.7357727e+02   3.7058756e+02   3.6550983e+02
   3.5499395e+02   3.6328303e+02   3.5675861e+02   3.6673061e+02   3.5348838e+02   3.6288557e+02   3.5545286e+02   3.5404804e+02   3.5700698e+02   3.6560885e+02   3.6511161e+02   3.6157393e+02   3.6802850e+02   3.5492250e+02   3.6718612e+02   3.5201044e+02   3.6137662e+02   3.6704985e+02   3.5946229e+02   3.6792853e+02   3.6218634e+02   3.4980236e+02   3.7198983e+02   3.5864096e+02   3.6233952e+02   3.5614022e+02   3.6059424e+02   3.7201190e+02   3.6430137e+02   3.5689903e+02
   3.5079253e+02   3.6004914e+02   3.5675861e+02   3.5999041e+02   3.5348838e+02   3.5920054e+02   3.5003963e+02   3.5404804e+02   3.5341822e+02   3.5652787e+02   3.4919903e+02   3.5652272e+02   3.5952225e+02   3.5492250e+02   3.5401191e+02   3.4971060e+02   3.5712291e+02   3.5380043e+02   3.5762168e+02   3.5701284e+02   3.5545087e+02   3.4980236e+02   3.5520646e+02   3.5864096e+02   3.4848452e+02   3.5614022e+02   3.6059424e+02   3.4511675e+02   3.6103799e+02   3.4379809e+02
   3.4926557e+02   3.5078417e+02   3.5675861e+02   3.4182291e+02   3.5348838e+02   3.5189891e+02   3.4882015e+02   3.4793847e+02   3.5341822e+02   3.4596253e+02   3.4919903e+02   3.4979150e+02   3.4890802e+02   3.4251357e+02   3.4835130e+02   3.4971060e+02   3.5041212e+02   3.4025233e+02   3.4956685e+02   3.3627223e+02   3.4739581e+02   3.4980236e+02   3.4507665e+02   3.5006177e+02   3.4812520e+02   3.5280916e+02   3.4493929e+02   3.4511675e+02   3.5286508e+02   3.4362239e+02
   3.3509329e+02   3.3894829e+02   3.4269832e+02   3.3578955e+02   3.4689715e+02   3.4087260e+02   3.3857663e+02   3.3741430e+02   3.4425176e+02   3.3560939e+02   3.4256274e+02   3.3789342e+02   3.3642988e+02   3.3320920e+02   3.3454250e+02   3.4956171e+02   3.4441811e+02   3.3244401e+02   3.4073547e+02   3.3627223e+02   3.3815847e+02   3.3978483e+02   3.3515484e+02   3.3954339e+02   3.4135985e+02   3.3920803e+02   3.3602165e+02   3.4234430e+02   3.4220857e+02   3.3668505e+02
   3.2996681e+02   3.3047096e+02   3.3089701e+02   3.2954953e+02   3.3498220e+02   3.3050908e+02   3.3001435e+02   3.3154938e+02   3.3178746e+02   3.3172643e+02   3.3281138e+02   3.3191578e+02   3.2962955e+02   3.3255721e+02   3.3098053e+02   3.3640953e+02   3.3168382e+02   3.3126695e+02   3.2960686e+02   3.3479177e+02   3.3092728e+02   3.2991500e+02   3.2958867e+02   3.3195244e+02   3.3023931e+02   3.2980745e+02   3.2890177e+02   3.3291033e+02   3.3025634e+02   3.2991114e+02
   3.2717782e+02   3.1485304e+02   3.0396193e+02   3.2672693e+02   3.2443671e+02   3.2748135e+02   3.2608451e+02   3.2587065e+02   3.2802144e+02   3.2653416e+02   3.2789609e+02   3.2711744e+02   3.2731994e+02   3.2780148e+02   3.2782524e+02   3.2810690e+02   3.2790843e+02   3.2786455e+02   3.2778300e+02   3.2846747e+02   3.2780661e+02   3.2783945e+02   3.2779423e+02   3.2795007e+02   3.2778859e+02   3.2782787e+02   3.2783944e+02   3.2799305e+02   3.2781259e+02   3.2778593e+02
   3.2171776e+02   3.0000116e+02   3.0000003e+02   3.0000586e+02   3.2183850e+02   3.1802873e+02   3.0019204e+02   3.2535887e+02   3.2037611e+02   3.2037804e+02   3.2760330e+02   3.2520455e+02   3.2520455e+02   3.2776926e+02   3.2776926e+02   3.2776926e+02   3.2776926e+02   3.2776926e+02   3.2776926e+02   3.2776926e+02   3.2776926e+02   3.2776926e+02   3.2776926e+02   3.2776926e+02   3.2776926e+02   3.2776926e+02   3.2776926e+02   3.2776926e+02   3.2776926e+02   3.2776926e+02
   3.0000000e+02   3.0000000e+02   3.0000000e+02   3.0000000e+02   3.0000000e+02   3.0000000e+02   3.0000011e+02   3.2037543e+02   3.2037543e+02   3.2037543e+02   3.2520455e+02   3.2520455e+02   3.2520455e+02   3.2714557e+02   3.2776926e+02   3.2776926e+02   3.2776926e+02   3.2776926e+02   3.2776926e+02   3.2776926e+02   3.2776926e+02   3.2776926e+02   3.2776926e+02   3.2776926e+02   3.2776926e+02   3.2776926e+02   3.2776926e+02   3.2776926e+02   3.2776926e+02   3.2776926e+02
   3.0000000e+02   3.0000000e+02   3.0000000e+02   3.0000000e+02   3.0000000e+02   3.0000000e+02   3.0000000e+02   3.2037543e+02   3.2037543e+02   3.2037543e+02   3.2520455e+02   3.2520455e+02   3.2520455e+02   3.2714557e+02   3.2776926e+02   3.2776926e+02   3.2776926e+02   3.2776926e+02   3.2776926e+02   3.2776926e+02   3.2776926e+02   3.2776926e+02   3.2776926e+02   3.2776926e+02   3.2776926e+02   3.2776926e+02   3.2776926e+02   3.2776926e+02   3.2776926e+02   3.2776926e+02
