   9.6494668e+02   1.0433894e+03   7.4317754e+02   1.0916926e+03   9.2290468e+02   1.1524690e+03   8.3986674e+02   1.2344530e+03   9.7421059e+02   1.1684120e+03   1.3085443e+03   1.5575483e+03   7.9396081e+02   6.1127447e+02   1.0316160e+03   9.8297083e+02   6.5245655e+02   1.0215807e+03   1.0002564e+03   6.6598529e+02   6.2031486e+02   1.0735444e+03   6.3555443e+02   1.2850234e+03   9.1654990e+02   1.7924662e+03   1.0005340e+03   1.4985447e+03   1.1489651e+03   1.4049878e+03
   6.3211112e+02   1.0433894e+03   7.4317754e+02   9.2488957e+02   9.2290468e+02   3.6542291e+02   7.1016962e+02   9.6420835e+02   2.1655881e+02   5.9576784e+02   8.1302994e+02   6.7687930e+02   7.9396081e+02   6.0671399e+02   9.4575253e+02   6.0267455e+02   5.5718748e+02   9.8225582e+02   8.3237817e+02   6.6598529e+02   6.2031486e+02   8.2622529e+02   6.3555443e+02   4.9480922e+02   7.9201823e+02   9.2275578e+02   7.8801131e+02   8.8688347e+02   9.9441170e+02   9.2234775e+02
   6.3211112e+02   4.3343064e+02   6.5209311e+02   5.5945848e+02   7.0585038e+02   3.6542291e+02   7.1016962e+02   6.6565434e+02   2.1655881e+02   4.3460665e+02   5.5643631e+02   6.7687930e+02   4.6268831e+02   6.0671399e+02   6.6476839e+02   6.0267455e+02   5.3901971e+02   7.5172573e+02   4.8227422e+02   6.3870273e+02   5.2147058e+02   6.8720537e+02   6.3555443e+02   4.8844424e+02   6.0173415e+02   5.2062531e+02   6.5297721e+02   7.3816332e+02   5.1649182e+02   7.8217958e+02
   3.5682567e+02   4.3343064e+02   6.5209311e+02   3.3148536e+02   5.2192739e+02   3.6542291e+02   6.6547761e+02   4.9183193e+02   2.1655881e+02   4.3460665e+02   3.8230919e+02   6.5041045e+02   4.0271269e+02   4.1211423e+02   6.6476839e+02   4.4512267e+02   3.7907272e+02   7.2360297e+02   4.8227422e+02   6.2456612e+02   4.6747177e+02   5.3093845e+02   6.3555443e+02   4.0542438e+02   5.8480395e+02   5.2062531e+02   4.4283008e+02   5.8269029e+02   4.2087161e+02   6.2927368e+02
   2.5476064e+02   3.2030859e+02   3.2839404e+02   3.3148536e+02   3.0965304e+02   3.1668911e+02   3.5504850e+02   2.5718821e+02   2.1655881e+02   3.5292766e+02   2.9234186e+02   4.0996411e+02   2.9343883e+02   2.7268198e+02   3.0686387e+02   3.7048344e+02   2.5830014e+02   3.1685268e+02   1.8665197e+02   1.8410247e+02   2.9141005e+02   3.2427740e+02   3.1859260e+02   2.6854671e+02   3.6196658e+02   2.1401164e+02   3.3953530e+02   2.5935369e+02   2.2089113e+02   2.1333163e+02
   1.9066388e+02   2.2256643e+02   2.2542449e+02   1.8118307e+02   1.8057271e+02   1.5769433e+02   2.0594556e+02   2.0971535e+02   1.6452666e+02   2.0851422e+02   1.9785786e+02   1.8031645e+02   1.9056544e+02   1.5201435e+02   1.9310977e+02   2.1036790e+02   1.7295519e+02   2.0098371e+02   1.7554798e+02   1.8410247e+02   1.7663110e+02   2.2045124e+02   1.7775906e+02   2.2755372e+02   2.3623283e+02   2.1390077e+02   1.8421182e+02   1.9990843e+02   1.7317378e+02   1.8362683e+02
   1.3486229e+02   1.2365992e+02   1.3795961e+02   1.4256869e+02   1.2065494e+02   1.3742885e+02   1.2482934e+02   1.3822673e+02   1.3134101e+02   1.3189304e+02   1.3271367e+02   1.2271769e+02   1.3362243e+02   1.4724545e+02   1.3220975e+02   1.4408570e+02   1.2807466e+02   1.3502537e+02   1.2982686e+02   1.4506325e+02   1.2726640e+02   1.5337214e+02   1.3823034e+02   1.4091393e+02   1.3071679e+02   1.2799268e+02   1.3432861e+02   1.3638104e+02   1.3284447e+02   1.3857700e+02
   1.1303702e+02   1.1271236e+02   1.1105036e+02   1.1225748e+02   1.1214750e+02   1.1289635e+02   1.1340659e+02   1.1349375e+02   1.1133932e+02   1.1215662e+02   1.1185084e+02   1.1257435e+02   1.1180473e+02   1.1257560e+02   1.1161378e+02   1.1149245e+02   1.1223216e+02   1.1140011e+02   1.1265051e+02   1.1302289e+02   1.0993762e+02   1.1347686e+02   1.1268886e+02   1.1231211e+02   1.1274009e+02   1.1239686e+02   1.1044668e+02   1.1322096e+02   1.1504183e+02   1.1266410e+02
   1.0441720e+02   1.0585029e+02   1.0823746e+02   1.0548586e+02   1.0650751e+02   1.0824155e+02   1.0729425e+02   1.0769853e+02   1.0625499e+02   1.0726297e+02   1.0749374e+02   1.0626534e+02   1.0640428e+02   1.0722288e+02   1.0560039e+02   1.0688107e+02   1.0875281e+02   1.0418184e+02   1.0816765e+02   1.0748888e+02   1.0629336e+02   1.0759033e+02   1.0752869e+02   1.0607888e+02   1.0654432e+02   1.0729885e+02   1.0873548e+02   1.0784818e+02   1.0813743e+02   1.0808126e+02
   1.0277498e+02   1.0381955e+02   1.0351898e+02   1.0230246e+02   1.0271549e+02   1.0137584e+02   1.0126846e+02   1.0375365e+02   1.0473749e+02   1.0281662e+02   1.0239886e+02   1.0302921e+02   1.0439425e+02   1.0552087e+02   1.0116410e+02   1.0298537e+02   1.0127761e+02   1.0275129e+02   1.0145102e+02   1.0224827e+02   1.0312948e+02   1.0212820e+02   1.0055009e+02   1.0187834e+02   1.0121139e+02   1.0159279e+02   1.0275019e+02   1.0191166e+02   1.0243488e+02   1.0216660e+02
   1.0001088e+02   1.0159193e+02   1.0003532e+02   1.0001259e+02   1.0002310e+02   1.0000212e+02   1.0000392e+02   1.0004269e+02   1.0068982e+02   1.0002579e+02   1.0075347e+02   1.0014426e+02   1.0090420e+02   1.0165033e+02   1.0000211e+02   1.0093462e+02   1.0000108e+02   1.0027325e+02   1.0001329e+02   1.0096656e+02   1.0010603e+02   1.0014733e+02   1.0000263e+02   1.0000313e+02   1.0000595e+02   1.0000707e+02   1.0003535e+02   1.0007162e+02   1.0000400e+02   1.0035586e+02
   1.0000000e+02   1.0000508e+02   1.0000000e+02   1.0000001e+02   1.0000000e+02   1.0000000e+02   1.0000000e+02   1.0000002e+02   1.0000027e+02   1.0000000e+02   1.0000004e+02   1.0000001e+02   1.0000051e+02   1.0010323e+02   1.0000000e+02   1.0000007e+02   1.0000000e+02   1.0000005e+02   1.0000000e+02   1.0000063e+02   1.0000002e+02   1.0000005e+02   1.0000000e+02   1.0000000e+02   1.0000000e+02   1.0000000e+02   1.0000000e+02   1.0000001e+02   1.0000000e+02   1.0029016e+02
   1.0000000e+02   1.0000000e+02   1.0000000e+02   1.0000000e+02   1.0000000e+02   1.0000000e+02   1.0000000e+02   1.0000000e+02   1.0000000e+02   1.0000000e+02   1.0000000e+02   1.0000000e+02   1.0000000e+02   1.0000000e+02   1.0000000e+02   1.0000000e+02   1.0000000e+02   1.0000000e+02   1.0000000e+02   1.0000000e+02   1.0000000e+02   1.0000000e+02   1.0000000e+02   1.0000000e+02   1.0000000e+02   1.0000000e+02   1.0000000e+02   1.0000000e+02   1.0000000e+02   1.0029016e+02
   1.0000000e+02   1.0000000e+02   1.0000000e+02   1.0000000e+02   1.0000000e+02   1.0000000e+02   1.0000000e+02   1.0000000e+02   1.0000000e+02   1.0000000e+02   1.0000000e+02   1.0000000e+02   1.0000000e+02   1.0000000e+02   1.0000000e+02   1.0000000e+02   1.0000000e+02   1.0000000e+02   1.0000000e+02   1.0000000e+02   1.0000000e+02   1.0000000e+02   1.0000000e+02   1.0000000e+02   1.0000000e+02   1.0000000e+02   1.0000000e+02   1.0000000e+02   1.0000000e+02   1.0029016e+02
   1.0000000e+02   1.0000000e+02   1.0000000e+02   1.0000000e+02   1.0000000e+02   1.0000000e+02   1.0000000e+02   1.0000000e+02   1.0000000e+02   1.0000000e+02   1.0000000e+02   1.0000000e+02   1.0000000e+02   1.0000000e+02   1.0000000e+02   1.0000000e+02   1.0000000e+02   1.0000000e+02   1.0000000e+02   1.0000000e+02   1.0000000e+02   1.0000000e+02   1.0000000e+02   1.0000000e+02   1.0000000e+02   1.0000000e+02   1.0000000e+02   1.0000000e+02   1.0000000e+02   1.0029016e+02
   1.0000000e+02   1.0000000e+02   1.0000000e+02   1.0000000e+02   1.0000000e+02   1.0000000e+02   1.0000000e+02   1.0000000e+02   1.0000000e+02   1.0000000e+02   1.0000000e+02   1.0000000e+02   1.0000000e+02   1.0000000e+02   1.0000000e+02   1.0000000e+02   1.0000000e+02   1.0000000e+02   1.0000000e+02   1.0000000e+02   1.0000000e+02   1.0000000e+02   1.0000000e+02   1.0000000e+02   1.0000000e+02   1.0000000e+02   1.0000000e+02   1.0000000e+02   1.0000000e+02   1.0029016e+02
