   2.8309069e+02   2.5274017e+02   3.4218231e+02   2.8393569e+02   1.7214026e+02   2.4380487e+02   2.4063559e+02   2.7938761e+02   1.9479687e+02   2.8170974e+02   3.4470999e+02   2.9373662e+02   3.0900630e+02   3.3059691e+02   3.0091090e+02   2.4793443e+02   2.8799176e+02   2.4216709e+02   2.3769242e+02   2.6855520e+02   2.7453031e+02   2.9789998e+02   3.6303445e+02   2.9065606e+02   2.5291406e+02   3.3555889e+02   3.6676894e+02   1.2936175e+02   2.9279422e+02   3.6373077e+02
   2.2100818e+02   2.5274017e+02   2.5759423e+02   2.8393569e+02   1.7214026e+02   2.1873028e+02   2.0124190e+02   1.8882182e+02   1.9479687e+02   2.5557182e+02   2.9410473e+02   2.6777278e+02   2.6613396e+02   3.0019099e+02   2.7848499e+02   2.4793443e+02   2.7491410e+02   2.0635327e+02   2.3769242e+02   2.6346729e+02   2.0675794e+02   2.2200339e+02   2.2603627e+02   1.7569770e+02   2.3331119e+02   2.1696105e+02   3.0466069e+02   1.2936175e+02   2.4322068e+02   3.2939273e+02
   2.2100818e+02   1.8265301e+02   2.5759423e+02   2.6028668e+02   1.7214026e+02   2.1873028e+02   1.1829674e+02   1.8882182e+02   1.9479687e+02   2.4417159e+02   1.5499404e+02   2.6257960e+02   2.5033770e+02   1.9007759e+02   2.0441538e+02   2.4707195e+02   2.4412890e+02   2.0635327e+02   2.3769242e+02   2.1658442e+02   2.0675794e+02   1.9979891e+02   2.1296583e+02   1.7569770e+02   2.3331119e+02   1.9647915e+02   2.1390333e+02   1.2936175e+02   2.4322068e+02   2.1842949e+02
   2.1945511e+02   1.6464909e+02   1.7245819e+02   2.0155380e+02   1.7169287e+02   1.5084508e+02   1.1829674e+02   1.8882182e+02   1.9479687e+02   2.0437794e+02   1.5499404e+02   2.4360008e+02   1.1015995e+02   1.9007759e+02   1.9508497e+02   2.0460042e+02   2.1673283e+02   1.1615123e+02   2.0878879e+02   1.9581891e+02   1.8586746e+02   1.6484643e+02   2.0064999e+02   1.7569770e+02   1.9489383e+02   1.9647915e+02   2.0796626e+02   1.2936175e+02   1.6792263e+02   2.1842949e+02
   1.5762526e+02   1.4848854e+02   1.3947362e+02   1.4707912e+02   1.2031419e+02   1.3748073e+02   1.1829674e+02   1.6007844e+02   1.3214438e+02   1.4166800e+02   1.1336197e+02   1.6075515e+02   1.1015995e+02   9.8979232e+01   1.3546587e+02   1.1900818e+02   1.1337633e+02   1.1615123e+02   1.4150673e+02   1.6982944e+02   1.2273183e+02   1.2885320e+02   1.4335944e+02   1.2772940e+02   1.2952500e+02   1.3448533e+02   1.6677108e+02   1.2936175e+02   1.3593752e+02   9.0829040e+01
   9.9169595e+01   1.0081710e+02   8.5127495e+01   1.0865846e+02   1.0670293e+02   9.7352554e+01   8.5931293e+01   1.1776775e+02   1.0577257e+02   1.0307900e+02   8.9189988e+01   1.0930152e+02   1.0256536e+02   9.8979232e+01   1.0392904e+02   9.6067210e+01   1.1073914e+02   1.0056107e+02   8.9652518e+01   9.4720310e+01   9.6289767e+01   6.3950208e+01   1.1095236e+02   1.0584462e+02   1.1012414e+02   9.0884943e+01   1.0083313e+02   8.8978495e+01   1.0109594e+02   7.8427038e+01
   6.9119838e+01   5.8349110e+01   7.6967359e+01   5.2059849e+01   6.0854022e+01   7.2665625e+01   7.0035228e+01   7.4099546e+01   6.3336445e+01   7.5783414e+01   7.1024283e+01   7.5683130e+01   8.9865413e+01   7.4936535e+01   7.4744870e+01   6.7146853e+01   6.4782293e+01   8.1958192e+01   7.5036996e+01   7.1545776e+01   8.0050007e+01   6.3950208e+01   6.6512065e+01   7.2578342e+01   7.3875003e+01   6.9917385e+01   7.3188307e+01   6.7246032e+01   7.5358476e+01   4.7219057e+01
   4.7192953e+01   5.5512265e+01   5.2470953e+01   5.2059849e+01   4.7723395e+01   3.7417513e+01   5.7038597e+01   5.7574164e+01   5.1322211e+01   5.8720288e+01   5.7123394e+01   6.3249020e+01   6.2024444e+01   5.9613916e+01   5.9616044e+01   5.9090180e+01   5.1328897e+01   5.4903424e+01   5.4727856e+01   5.1462529e+01   4.8856183e+01   5.3080589e+01   4.8238819e+01   5.8457467e+01   5.9903515e+01   4.4596321e+01   6.0165095e+01   5.6864462e+01   4.3820550e+01   4.7219057e+01
   4.1425568e+01   3.5197143e+01   3.7167480e+01   4.4498365e+01   4.7723395e+01   3.7417513e+01   4.4092799e+01   4.2047357e+01   3.9904076e+01   5.1648887e+01   3.2746874e+01   4.7981376e+01   3.6905569e+01   4.7475646e+01   4.0305534e+01   4.2366152e+01   3.5805890e+01   3.4085971e+01   3.9063458e+01   4.6465237e+01   4.2883165e+01   4.0365246e+01   4.5249461e+01   5.3831109e+01   4.9670090e+01   4.4596321e+01   4.3145318e+01   3.2745115e+01   3.8756586e+01   3.3280758e+01
   3.9334443e+01   3.5197143e+01   3.7167480e+01   3.6618049e+01   3.5079746e+01   3.7417513e+01   3.0382342e+01   3.4647700e+01   3.6789600e+01   3.6317087e+01   3.2746874e+01   3.8997516e+01   3.2068806e+01   4.0768801e+01   3.6035458e+01   4.2366152e+01   2.5887824e+01   3.4085971e+01   3.7448818e+01   3.0975159e+01   4.2883165e+01   3.1733902e+01   2.5842674e+01   4.2789979e+01   3.9851483e+01   3.3185031e+01   2.9988922e+01   3.0881712e+01   3.5690863e+01   3.2062425e+01
   3.4166564e+01   2.6805010e+01   2.9892775e+01   2.2587709e+01   2.9091376e+01   2.6642381e+01   2.9248577e+01   2.2874233e+01   2.4777113e+01   3.6317087e+01   2.7331105e+01   2.3509273e+01   2.3312652e+01   3.2715489e+01   2.5526815e+01   3.2737802e+01   2.2117615e+01   2.5183574e+01   1.9445734e+01   2.3381635e+01   3.6120093e+01   2.1359423e+01   2.5133711e+01   3.5652924e+01   2.9713294e+01   2.4255845e+01   2.1757223e+01   2.2892745e+01   2.8372711e+01   2.2734064e+01
   2.3228066e+01   1.6633086e+01   1.5537212e+01   1.6092200e+01   1.4824717e+01   1.9679747e+01   1.6840975e+01   1.5819134e+01   1.3191489e+01   2.0227811e+01   1.5450022e+01   1.5230443e+01   1.6723688e+01   1.7672948e+01   1.5288445e+01   1.9596229e+01   1.2662085e+01   1.8020457e+01   1.4997506e+01   1.4316240e+01   1.9680682e+01   1.5229394e+01   1.5664000e+01   2.2873749e+01   1.6954564e+01   1.5171420e+01   1.3500288e+01   1.6361708e+01   1.6095753e+01   1.4379888e+01
   1.1472687e+01   1.2449225e+01   1.1429045e+01   1.1420520e+01   1.1303686e+01   1.1428446e+01   1.1883368e+01   1.2136196e+01   1.1150873e+01   1.1658821e+01   1.1880469e+01   1.1068992e+01   1.1570292e+01   1.2380459e+01   1.1410241e+01   1.2196598e+01   1.1006357e+01   1.1378416e+01   1.1185315e+01   1.1408370e+01   1.1578561e+01   1.1869320e+01   1.1435793e+01   1.2130232e+01   1.1785528e+01   1.1294880e+01   1.1076470e+01   1.1226600e+01   1.1373088e+01   1.1050844e+01
   1.0873780e+01   1.0874842e+01   1.0873700e+01   1.0873727e+01   1.0873705e+01   1.0873694e+01   1.0873746e+01   1.0874190e+01   1.0873682e+01   1.0874083e+01   1.0873818e+01   1.0873687e+01   1.0873685e+01   1.0873824e+01   1.0873720e+01   1.0874127e+01   1.0873683e+01   1.0873752e+01   1.0873686e+01   1.0873694e+01   1.0874020e+01   1.0873743e+01   1.0873912e+01   1.0875289e+01   1.0873777e+01   1.0873703e+01   1.0873685e+01   1.0873697e+01   1.0873701e+01   1.0873685e+01
   1.0873679e+01   1.0873679e+01   1.0873679e+01   1.0873679e+01   1.0873679e+01   1.0873679e+01   1.0873679e+01   1.0873679e+01   1.0873679e+01   1.0873679e+01   1.0873679e+01   1.0873679e+01   1.0873679e+01   1.0873679e+01   1.0873679e+01   1.0873679e+01   1.0873679e+01   1.0873679e+01   1.0873679e+01   1.0873679e+01   1.0873679e+01   1.0873679e+01   1.0873679e+01   1.0873679e+01   1.0873679e+01   1.0873679e+01   1.0873679e+01   1.0873679e+01   1.0873679e+01   1.0873679e+01
   1.0873679e+01   1.0873679e+01   1.0873679e+01   1.0873679e+01   1.0873679e+01   1.0873679e+01   1.0873679e+01   1.0873679e+01   1.0873679e+01   1.0873679e+01   1.0873679e+01   1.0873679e+01   1.0873679e+01   1.0873679e+01   1.0873679e+01   1.0873679e+01   1.0873679e+01   1.0873679e+01   1.0873679e+01   1.0873679e+01   1.0873679e+01   1.0873679e+01   1.0873679e+01   1.0873679e+01   1.0873679e+01   1.0873679e+01   1.0873679e+01   1.0873679e+01   1.0873679e+01   1.0873679e+01
