   1.9104546e+03   6.1711770e+03   1.5736443e+02   4.6309263e+04   6.4159968e+03   2.2484188e+04   6.8652759e+03   2.6397545e+04   3.7108709e+03   7.9100188e+03   7.0556181e+03   1.3267488e+03   2.4743747e+04   9.7541453e+03   1.5048851e+03   3.5092382e+04   4.2351680e+02   2.2727691e+04   2.1498513e+03   1.7633265e+04   1.3358341e+03   1.3581295e+04   6.2506367e+04   2.0998864e+04   1.7585164e+04   9.1675807e+03   4.1847075e+02   1.9079894e+04   1.1682399e+04   5.6457225e+03
   1.9104546e+03   1.1398425e+03   1.5736443e+02   3.8475000e+02   6.4159968e+03   2.7866039e+03   3.7988656e+03   9.7422042e+03   3.7108709e+03   5.7836797e+03   1.2939000e+03   1.3267488e+03   1.6049346e+04   1.6243192e+03   1.4847369e+03   1.2260727e+04   4.2351680e+02   8.1952604e+02   2.1498513e+03   8.2276664e+03   1.3358341e+03   7.0511126e+03   1.0887191e+03   6.7541232e+02   5.4890395e+03   2.6301968e+03   4.1847075e+02   1.9079894e+04   1.5985396e+03   5.6457225e+03
   1.9104546e+03   1.6490056e+02   1.5736443e+02   3.8475000e+02   3.1631278e+03   1.7079230e+03   2.2556095e+03   3.8777045e+03   1.8577369e+03   1.7836400e+03   1.2939000e+03   1.1293306e+03   7.5099821e+03   1.6243192e+03   3.9079618e+02   3.8094549e+03   4.2351680e+02   8.1952604e+02   1.9562686e+01   4.9733303e+02   1.2318392e+03   3.4671037e+02   3.0599934e+02   6.7541232e+02   1.6881574e+02   6.9777510e+02   1.8293170e+02   4.3745809e+03   5.0273993e+01   1.2760865e+03
   2.3965277e+02   1.6490056e+02   1.5736443e+02   3.8475000e+02   2.0859758e+01   2.6035554e+02   1.6271357e+03   6.3579457e+02   1.8577369e+03   2.5371286e+02   8.6186454e+02   5.6730743e+01   1.9873709e+03   5.0810260e+02   3.7785967e+02   2.8476040e+02   4.2351680e+02   8.1952604e+02   1.9562686e+01   1.7902075e+02   1.2318392e+03   3.4671037e+02   3.0599934e+02   1.7780711e+02   1.6881574e+02   2.6922282e+02   1.8293170e+02   1.9940575e+03   5.0273993e+01   8.3461923e+02
   7.5423188e+01   1.5056009e+01   3.4437695e+01   5.7492116e+01   2.0859758e+01   4.2966413e+01   6.1031247e+01   4.1339311e+01   5.3608734e+01   5.1617372e+01   7.3288512e+01   2.1949916e+01   2.3663527e+01   4.0160387e+01   1.6407018e+01   3.3115609e+01   6.7426228e+01   4.5122454e+01   1.9562686e+01   7.6338517e+01   1.0360520e+02   7.2473169e+01   5.3474973e+01   2.9829455e+01   2.3792189e+01   1.2275362e+01   2.9225241e+01   3.1218873e+01   5.0273993e+01   5.2935900e+01
   1.5762183e+01   9.9893079e+00   1.2931962e+01   1.0783443e+01   2.0859758e+01   1.5185223e+01   1.0758581e+01   1.2840916e+01   1.3884791e+01   2.0496981e+01   1.5381810e+01   1.0769060e+01   1.2297207e+01   1.8907895e+01   1.1316490e+01   8.7692166e+00   1.3232841e+01   9.1808801e+00   1.9562686e+01   1.7008579e+01   7.3869281e+00   2.3531639e+01   1.6755257e+01   1.7545260e+01   8.7289223e+00   9.1338519e+00   1.0117500e+01   1.7158810e+01   1.1695681e+01   2.0899181e+01
   6.8160717e+00   6.9930944e+00   6.8667801e+00   7.3315281e+00   7.6804480e+00   5.6911940e+00   7.8326382e+00   7.2271252e+00   5.6421074e+00   7.3112034e+00   7.3416292e+00   6.1407744e+00   5.7550008e+00   6.9621688e+00   6.0123561e+00   7.5136770e+00   6.2999521e+00   7.1320556e+00   5.5848572e+00   6.7732053e+00   4.3664004e+00   6.4781631e+00   3.9188421e+00   6.0874490e+00   5.8248213e+00   5.0611766e+00   6.1803305e+00   6.9908148e+00   7.7577782e+00   6.4413453e+00
   4.3419118e+00   4.1826008e+00   3.5943583e+00   4.2933318e+00   4.0963792e+00   5.1470322e+00   3.7374789e+00   4.0542077e+00   4.2998820e+00   3.9896060e+00   4.0599109e+00   3.9577957e+00   2.3141883e+00   2.7114821e+00   3.9205132e+00   4.1965230e+00   4.7974859e+00   4.2289110e+00   4.0231856e+00   4.1125745e+00   3.9219040e+00   3.7281348e+00   2.8000726e+00   4.0504616e+00   3.0227608e+00   4.2316670e+00   4.1560867e+00   3.4433344e+00   3.9742463e+00   3.9957756e+00
   3.8581623e+00   2.5466327e+00   3.5943583e+00   2.7135681e+00   3.2367209e+00   3.6005762e+00   2.8279926e+00   3.6195303e+00   3.2160567e+00   2.8316071e+00   3.8759614e+00   3.3291887e+00   2.3141883e+00   2.7114821e+00   3.9205132e+00   3.4667414e+00   3.2308021e+00   3.2218235e+00   3.0949665e+00   3.2182748e+00   3.7160113e+00   1.7621547e+00   2.8000726e+00   4.0504616e+00   3.0227608e+00   3.3847727e+00   3.7023293e+00   3.2605616e+00   3.1648774e+00   3.3878573e+00
   2.7223718e+00   2.5466327e+00   2.3469047e+00   2.5977731e+00   2.3959473e+00   2.4241942e+00   2.6643793e+00   1.7076471e+00   2.9534169e+00   2.0615204e+00   1.9697195e+00   2.7104559e+00   2.3010773e+00   2.3112740e+00   2.7878725e+00   2.5736863e+00   2.7220525e+00   2.8713632e+00   3.0444275e+00   3.2182748e+00   2.6856587e+00   1.7621547e+00   2.0261824e+00   2.5241460e+00   2.4942467e+00   3.3847727e+00   2.3130325e+00   1.9988262e+00   1.5104771e+00   2.3582779e+00
   2.3011552e+00   2.5420791e+00   2.0284666e+00   2.0832733e+00   2.1489929e+00   1.8257699e+00   2.4799710e+00   9.9251152e-01   2.8231930e+00   2.0615204e+00   1.9697195e+00   2.0383436e+00   1.6389301e+00   1.4911879e+00   2.2156020e+00   2.5445126e+00   2.4841229e+00   2.5861458e+00   1.7427850e+00   2.5426819e+00   1.9799507e+00   1.7621547e+00   2.0261824e+00   1.3357943e+00   2.1233742e+00   2.6950732e+00   2.3130325e+00   1.9988262e+00   1.5104771e+00   2.1952123e+00
   1.6532561e+00   1.6513554e+00   1.0527900e+00   1.2944980e+00   1.0221488e+00   9.0109040e-01   1.8842548e+00   9.9251152e-01   1.7097982e+00   1.1881436e+00   1.5942872e+00   1.0423243e+00   1.1655982e+00   6.9493048e-01   1.2347833e+00   1.1367335e+00   1.5000898e+00   1.6955082e+00   1.0077843e+00   1.4357164e+00   1.6936675e+00   1.5378560e+00   2.0261824e+00   1.0609054e+00   1.5073146e+00   1.3508848e+00   1.7993319e+00   1.3373243e+00   1.1629702e+00   1.1980243e+00
   8.3056085e-01   5.8963183e-01   5.7366275e-01   6.5823887e-01   5.6848538e-01   6.9241322e-01   5.9821050e-01   5.9949886e-01   9.4175815e-01   6.4920334e-01   8.2237047e-01   6.9722640e-01   6.1075994e-01   6.0505661e-01   5.7258754e-01   6.3944089e-01   8.3558683e-01   6.6277493e-01   5.0690804e-01   6.1229490e-01   5.6639324e-01   6.8290527e-01   8.0716518e-01   7.7488053e-01   7.7278032e-01   5.5450751e-01   8.3213118e-01   4.3462306e-01   7.2799686e-01   6.0506016e-01
   4.5256427e-01   4.0102344e-01   4.0324260e-01   3.6354959e-01   3.4172212e-01   5.0895533e-01   3.9861816e-01   4.8554882e-01   4.5395466e-01   3.0683212e-01   5.6035093e-01   4.6523020e-01   4.7412773e-01   4.2115172e-01   4.5538447e-01   4.2292176e-01   5.0326491e-01   4.9635070e-01   4.1370098e-01   4.7487566e-01   4.0389898e-01   5.2236584e-01   4.9214908e-01   4.9200742e-01   3.7112070e-01   4.8828785e-01   5.1160528e-01   3.9730786e-01   4.1994721e-01   4.1204130e-01
   2.5112598e-01   2.6956550e-01   2.0181681e-01   2.3423441e-01   2.6722935e-01   2.9246701e-01   2.6212763e-01   2.7089625e-01   2.4174810e-01   2.1577929e-01   2.2361529e-01   3.3498633e-01   2.6583888e-01   2.1461736e-01   2.3075297e-01   2.6521700e-01   2.2185762e-01   2.7941353e-01   2.3284895e-01   2.9950675e-01   2.2698946e-01   2.5176276e-01   2.9230433e-01   3.0384111e-01   2.6337035e-01   3.1954733e-01   2.9283645e-01   2.7859609e-01   3.4219253e-01   2.7257928e-01
   1.3091436e-01   1.5324994e-01   1.5816194e-01   1.5883784e-01   1.5952192e-01   1.6128561e-01   1.6828158e-01   1.7397796e-01   1.7570972e-01   1.7927767e-01   1.8487762e-01   1.8638069e-01   1.8806134e-01   1.9182661e-01   1.9241635e-01   1.9608209e-01   1.9861101e-01   2.0083320e-01   2.0232721e-01   2.1484127e-01   2.1650577e-01   2.2397292e-01   2.2749352e-01   2.2854976e-01   2.3239888e-01   2.3398770e-01   2.3810882e-01   2.3897694e-01   2.4348684e-01   2.4906958e-01
