   6.6124739e+05   6.9260654e+05   1.2307749e+06   1.4139098e+06   1.2509377e+06   8.6981696e+05   1.0754617e+05   1.8527403e+06   3.8179784e+06   1.2054660e+06   1.2763577e+06   1.1380526e+06   9.5184912e+05   1.3042213e+06   1.1424959e+06   9.5379539e+05   7.3360237e+05   1.1881053e+06   1.6478004e+05   7.4124884e+05   1.2416883e+06   1.1338681e+06   1.5702288e+06   1.0066710e+06   2.0140111e+06   1.5682242e+06   1.7719884e+06   7.2565567e+05   8.1639915e+05   1.3217821e+06
   2.0730921e+05   1.5295559e+05   1.2307749e+06   3.3483447e+05   4.5075434e+05   5.1683663e+05   1.0754617e+05   3.1677075e+05   5.3950964e+05   3.5138202e+05   4.6389821e+05   4.6930589e+05   1.2686735e+05   2.2489125e+05   4.6102201e+05   4.8038207e+05   7.3360237e+05   3.2280349e+05   1.2247837e+05   5.9468516e+05   1.1037395e+05   1.4395182e+05   5.2782955e+05   8.8424598e+04   6.7860822e+05   6.6517942e+05   6.4259390e+05   5.4920395e+05   5.3533009e+05   2.1551005e+05
   2.0730921e+05   1.5295559e+05   1.7595276e+05   1.4251612e+05   1.7950866e+05   3.3070796e+05   1.0754617e+05   2.9201777e+05   4.2827309e+05   3.5138202e+05   2.3824574e+05   2.3932727e+05   1.2686735e+05   1.6025323e+05   1.3534641e+05   1.6224069e+05   1.5524804e+05   1.6906895e+05   1.2247837e+05   5.3212582e+04   9.1338753e+04   1.3417784e+04   1.6320194e+05   4.7538675e+04   3.2745094e+05   2.1400114e+05   3.4235770e+05   9.9999050e+04   1.6746934e+05   1.9537877e+05
   6.7570681e+04   6.4306871e+04   1.7595276e+05   1.9518219e+04   1.1853846e+05   1.0328115e+05   3.7881229e+04   3.3903452e+04   2.2166904e+05   1.1117088e+05   4.7610847e+04   1.3816698e+05   1.0422685e+05   2.0861627e+04   3.9629532e+04   1.2035668e+05   8.6193763e+04   1.4942986e+04   4.3386994e+04   5.3212582e+04   5.1062704e+04   1.3417784e+04   1.5311540e+05   4.7538675e+04   5.5843748e+04   7.4096008e+04   2.2440409e+05   5.2039375e+04   5.3807181e+04   1.9537877e+05
   6.7570681e+04   1.1952993e+04   4.5880653e+04   1.9518219e+04   6.8752813e+04   4.1099143e+04   2.1558847e+04   3.3903452e+04   1.3303822e+05   1.0087489e+05   4.7610847e+04   3.7053023e+04   4.8909055e+03   2.0861627e+04   3.6390187e+04   6.3124782e+04   5.2138032e+04   1.4942986e+04   3.2836165e+04   3.9337743e+04   2.7303451e+04   2.7265359e+03   8.4247509e+04   3.0124232e+04   1.0269123e+04   5.7265609e+04   2.3996248e+04   5.2039375e+04   5.3807181e+04   5.0325427e+04
   6.0477355e+03   8.6423637e+03   1.0741553e+04   5.6627875e+03   2.1097024e+04   3.2052777e+03   5.6374618e+03   1.8550745e+04   3.0666944e+04   1.6787437e+04   1.7762816e+04   1.5432502e+04   4.8909055e+03   9.4113960e+03   7.9814133e+03   1.7362086e+04   7.8865114e+03   4.4149703e+03   1.3162743e+04   2.2776420e+04   1.4312354e+04   2.7265359e+03   1.4225094e+04   9.6370548e+03   5.5055501e+03   5.2139872e+03   4.6245235e+03   4.7121132e+03   1.4801171e+04   1.3261693e+04
   3.4959090e+02   2.3845630e+02   1.4700106e+02   6.2613572e+02   6.1975364e+02   2.0686813e+02   1.0097634e+02   3.0458112e+02   1.6259259e+02   2.9822051e+02   3.4341986e+02   1.4309323e+02   3.7832593e+02   1.5617535e+02   6.1292262e+02   2.6430507e+02   2.8139947e+02   3.4762094e+02   5.4519010e+02   5.0927233e+02   4.5060570e+02   3.5365439e+02   2.0494469e+02   2.3167039e+02   2.7162399e+02   4.7650255e+02   6.3080772e+02   5.3500023e+02   1.9004457e+02   1.3153331e+02
   2.0734294e+01   2.0305299e+01   1.8418334e+01   2.0891128e+01   2.0706528e+01   1.7310634e+01   2.0604210e+01   1.9030867e+01   1.9622743e+01   1.9267509e+01   2.0809122e+01   1.8339905e+01   1.5901491e+01   1.6573717e+01   1.9126022e+01   2.1672866e+01   1.8614230e+01   2.2371939e+01   2.3315430e+01   1.9708481e+01   1.6077334e+01   1.8643925e+01   2.0751465e+01   1.8197229e+01   1.5951914e+01   2.1462004e+01   2.3780526e+01   2.0767797e+01   2.1681194e+01   1.6500455e+01
   1.0407513e+01   1.0784413e+01   1.0633876e+01   9.2263693e+00   8.7802403e+00   7.0222543e+00   1.0284583e+01   1.0640976e+01   1.1008295e+01   9.6023074e+00   8.6248380e+00   1.1231046e+01   7.1654106e+00   1.0439527e+01   1.0272839e+01   9.7408675e+00   8.3972467e+00   1.0363202e+01   1.1638685e+01   1.0947838e+01   1.2175234e+01   1.0614723e+01   1.0981679e+01   1.1699728e+01   1.1238034e+01   9.6515379e+00   1.1895015e+01   1.0375504e+01   1.0089519e+01   1.0855154e+01
   9.3059920e+00   8.4197960e+00   6.1850398e+00   8.5720083e+00   8.7802403e+00   7.0222543e+00   7.8133569e+00   8.4604955e+00   1.0389577e+01   8.2596655e+00   8.6248380e+00   9.4678955e+00   7.1654106e+00   9.8141169e+00   8.9625903e+00   9.5640343e+00   8.0729668e+00   9.1984195e+00   8.3530065e+00   8.4195157e+00   9.1601460e+00   9.5767461e+00   9.4912974e+00   9.7588486e+00   9.1543404e+00   8.9568353e+00   8.3665776e+00   9.2594279e+00   7.7842257e+00   1.0182808e+01
   7.9379970e+00   8.4197960e+00   6.1850398e+00   8.4929371e+00   6.8462861e+00   7.0222543e+00   7.3605842e+00   7.8124995e+00   8.8632742e+00   8.2596655e+00   8.0708798e+00   7.5643435e+00   7.1654106e+00   8.0420554e+00   7.7922278e+00   8.4214147e+00   8.0729668e+00   9.1186652e+00   6.7285670e+00   7.9627691e+00   7.9096929e+00   7.2120895e+00   8.8889506e+00   8.1058466e+00   7.7952524e+00   8.0287055e+00   7.8421722e+00   7.7085630e+00   7.7842257e+00   7.5384699e+00
   4.5923062e+00   6.6369234e+00   5.0894782e+00   5.1170314e+00   4.6480331e+00   7.0222543e+00   3.7490010e+00   4.0518487e+00   4.3495604e+00   4.5713680e+00   4.5276479e+00   5.2916688e+00   4.3835654e+00   5.1950895e+00   4.7367615e+00   4.3536235e+00   4.2012192e+00   4.8256884e+00   4.8885036e+00   5.6636578e+00   4.5116540e+00   5.0231083e+00   5.5279295e+00   5.2555256e+00   5.3886667e+00   6.3738481e+00   4.7084095e+00   7.6632925e+00   5.6706236e+00   6.9603006e+00
   1.9584951e+00   2.3740065e+00   2.0738729e+00   1.8772152e+00   1.7964657e+00   1.9123534e+00   1.5210843e+00   1.7643359e+00   1.8691263e+00   2.1603956e+00   1.7723106e+00   1.9042836e+00   2.0899404e+00   2.0570300e+00   2.0261741e+00   1.8559043e+00   1.6051595e+00   2.0643784e+00   1.6126453e+00   2.2906831e+00   1.7778151e+00   2.1853428e+00   1.7548704e+00   1.8496131e+00   2.1206155e+00   2.0651531e+00   1.9246739e+00   2.1431336e+00   1.7161473e+00   2.2428737e+00
   9.0296675e-01   1.0548223e+00   9.0422772e-01   1.0146903e+00   1.1383544e+00   1.1358749e+00   9.7874797e-01   1.1463177e+00   1.0758460e+00   9.6777158e-01   1.1741545e+00   1.1407592e+00   1.0840308e+00   1.1800362e+00   1.2107168e+00   8.4502411e-01   1.0128821e+00   1.1307660e+00   1.2179729e+00   9.1718451e-01   1.0695374e+00   1.1574773e+00   1.0924009e+00   1.1911219e+00   1.0337469e+00   1.1413216e+00   1.2003305e+00   1.1856576e+00   1.1141350e+00   1.0077088e+00
   7.3560213e-01   7.1164740e-01   6.2635534e-01   7.4657708e-01   6.7040736e-01   7.4722249e-01   7.1027964e-01   6.5763323e-01   5.6121508e-01   5.8692049e-01   7.0994201e-01   6.0532725e-01   6.3906154e-01   5.9068609e-01   6.8130002e-01   6.7046211e-01   7.4806342e-01   5.7350781e-01   7.7051187e-01   7.6358999e-01   5.9724647e-01   8.0262499e-01   6.5682697e-01   7.7121227e-01   7.4834673e-01   7.0187782e-01   6.7576275e-01   6.5101287e-01   7.0958355e-01   7.2105120e-01
   3.3570822e-01   3.6025683e-01   3.6125085e-01   3.8281668e-01   3.9725514e-01   4.0816035e-01   4.1656449e-01   4.2348833e-01   4.2370711e-01   4.2411075e-01   4.2935174e-01   4.3043257e-01   4.3169078e-01   4.3487956e-01   4.4039001e-01   4.4041899e-01   4.4075057e-01   4.4099259e-01   4.4795727e-01   4.4939737e-01   4.5017638e-01   4.5096579e-01   4.5989450e-01   4.6432309e-01   4.7102437e-01   4.7963565e-01   4.8343530e-01   4.9350277e-01   4.9720644e-01   4.9752113e-01
