   1.6459732e+05   1.4158190e+05   6.7602848e+04   3.5817701e+05   3.8130671e+05   3.3679688e+05   4.7138764e+05   9.5620910e+04   1.4937835e+05   1.9792321e+05   2.2404235e+05   1.2760609e+05   2.4389130e+05   2.5479123e+05   3.6187372e+05   3.4137272e+05   4.1761625e+05   3.9996719e+05   1.5610186e+05   2.2647375e+05   3.0390133e+05   7.9902972e+04   4.6625738e+05   3.6374750e+05   2.5900365e+05   4.7343864e+05   2.5398933e+05   6.2211790e+04   2.3272741e+05   1.9688971e+05
   9.6513683e+04   8.8306380e+04   6.3586742e+04   4.6534557e+04   2.3381730e+05   1.2566393e+05   9.8721890e+04   6.1285048e+04   7.6272817e+04   8.8130590e+04   2.8149613e+04   1.2760609e+05   3.7633165e+04   8.5189026e+04   1.2439043e+05   8.0243931e+04   1.5967823e+05   1.5821819e+05   2.3777398e+04   9.9869650e+04   1.4912490e+05   7.9902972e+04   2.4927323e+05   2.9528351e+04   4.9001775e+04   5.8022451e+04   5.0003005e+04   4.8881984e+04   7.5083289e+04   5.9345277e+04
   3.1959574e+04   3.4839893e+04   2.1101721e+04   3.7432436e+04   5.6666650e+04   3.7506830e+04   8.3280053e+04   6.1285048e+04   7.6272817e+04   8.8130590e+04   2.8149613e+04   2.9948216e+04   3.7633165e+04   3.7550902e+04   5.7123462e+04   2.8988041e+04   5.1388339e+04   9.1306986e+04   2.3777398e+04   3.4400534e+04   6.5243477e+04   6.4848144e+04   1.0818109e+04   2.0859859e+04   4.7031306e+04   2.3627249e+04   5.0003005e+04   4.0341401e+04   6.7389497e+04   3.6480971e+04
   1.7546721e+03   2.5188402e+04   2.1101721e+04   3.7432436e+04   1.4978897e+04   3.7506830e+04   5.0247329e+04   6.1285048e+04   2.8467690e+03   2.1951912e+04   2.7518653e+04   1.2411655e+04   1.0352141e+04   1.9607056e+04   2.0089184e+04   2.8988041e+04   2.2286181e+04   3.9619028e+04   1.4762746e+04   3.4400534e+04   2.3000109e+04   4.3699231e+04   1.0818109e+04   1.0043285e+04   3.7062070e+04   1.8416286e+04   4.0342331e+04   4.0341401e+04   1.0218324e+04   3.1681067e+04
   1.7546721e+03   2.0226313e+04   2.1101721e+04   6.8214015e+03   1.4978897e+04   1.3236624e+04   1.9175155e+04   1.6850344e+04   2.8467690e+03   2.1951912e+04   1.4005298e+04   1.2411655e+04   2.4053097e+03   1.0003411e+04   2.0089184e+04   2.6800291e+04   1.8925643e+04   2.0002942e+04   1.4762746e+04   1.1358340e+04   1.6461226e+04   2.3083974e+04   1.0818109e+04   1.0043285e+04   5.6672518e+03   1.8416286e+04   4.0342331e+04   4.1101110e+03   1.0218324e+04   1.1386174e+04
   1.7546721e+03   2.3523735e+03   1.0248968e+04   6.4498398e+03   5.9707707e+03   2.5784969e+03   3.2138013e+03   5.5417582e+03   2.8467690e+03   3.0976075e+03   4.0055941e+03   6.9453993e+03   2.4053097e+03   7.2249240e+03   3.7228301e+03   1.9220381e+03   3.3107468e+03   1.4707736e+03   7.2924745e+03   5.3269382e+03   3.4584027e+03   6.2574889e+03   9.5361515e+03   1.4405419e+03   1.4275698e+03   3.5688853e+03   1.5710664e+03   7.3775231e+02   6.0153394e+03   6.0766265e+03
   1.3310637e+02   3.3858606e+02   3.7140178e+02   3.1472188e+01   2.0552015e+02   5.7377908e+02   7.0812303e+02   1.9550061e+02   1.1385272e+02   3.2238038e+02   5.7444473e+02   3.1111116e+02   3.0913341e+02   5.4472769e+02   2.3230941e+02   2.4409551e+02   3.0410364e+02   5.7976178e+02   6.3199530e+02   1.2792935e+02   1.9845246e+02   3.0121362e+02   1.3755266e+02   7.2993494e+01   1.8891753e+02   1.8222813e+02   5.3681505e+02   2.9572256e+02   1.9451996e+02   1.3860298e+02
   2.1289534e+01   1.8042101e+01   2.0340415e+01   1.6927211e+01   2.1574362e+01   1.9323235e+01   1.5416691e+01   1.9494380e+01   1.8595271e+01   2.1776674e+01   2.0175869e+01   2.0371059e+01   2.0120603e+01   2.0677833e+01   2.1402637e+01   2.5080109e+01   2.1076952e+01   1.7168598e+01   2.0656309e+01   1.8459301e+01   1.8990878e+01   2.0626028e+01   1.7148845e+01   2.3373724e+01   1.8046259e+01   1.9933228e+01   2.3863132e+01   1.8114380e+01   2.2418966e+01   2.3365196e+01
   9.6030359e+00   1.1268401e+01   1.1193524e+01   1.0245491e+01   9.5896349e+00   1.1387959e+01   9.7977426e+00   1.0606516e+01   1.0963959e+01   1.0817129e+01   1.1227341e+01   1.1607577e+01   1.0794640e+01   1.1734183e+01   1.1482447e+01   1.1707316e+01   1.1372700e+01   1.1592521e+01   1.1083561e+01   1.2718677e+01   1.0130561e+01   1.1207883e+01   1.1702217e+01   1.0995910e+01   9.7552731e+00   1.1933599e+01   1.0767443e+01   9.1459707e+00   9.1059531e+00   1.1564682e+01
   9.6030359e+00   1.0075458e+01   9.4562358e+00   8.8255589e+00   9.2791215e+00   8.9098144e+00   7.6726958e+00   9.5330242e+00   7.8289711e+00   9.0201759e+00   8.0681123e+00   1.0012261e+01   9.6882915e+00   8.2114628e+00   8.2687375e+00   9.9283934e+00   9.0159617e+00   9.0785635e+00   8.2006808e+00   9.3250310e+00   1.0045786e+01   8.9934690e+00   8.5763666e+00   9.3829975e+00   8.2872509e+00   9.7345745e+00   9.3440304e+00   9.1459707e+00   7.3785638e+00   1.0613724e+01
   7.0987535e+00   8.5556676e+00   8.8230389e+00   8.5070646e+00   9.0861707e+00   8.9098144e+00   7.6726958e+00   8.8715135e+00   7.8289711e+00   8.4228742e+00   8.0681123e+00   7.3950347e+00   7.4416112e+00   8.2114628e+00   8.2687375e+00   9.0828147e+00   6.7855255e+00   8.8985672e+00   7.9935030e+00   8.6786160e+00   8.7756932e+00   7.5139056e+00   7.8306707e+00   7.8500141e+00   8.2872509e+00   7.7053288e+00   7.5714157e+00   8.9380145e+00   7.3785638e+00   8.9632534e+00
   6.6192296e+00   4.9138321e+00   5.0352262e+00   5.7943745e+00   5.2579373e+00   5.9012611e+00   4.7152356e+00   3.3023411e+00   3.0225812e+00   4.2644775e+00   5.5965222e+00   3.2988801e+00   6.8738611e+00   5.5963379e+00   4.5108188e+00   6.0685193e+00   3.3450244e+00   5.7181043e+00   4.6732676e+00   6.6363378e+00   4.5788985e+00   3.8145124e+00   4.8590244e+00   5.1047975e+00   2.8256073e+00   4.7656605e+00   6.0237168e+00   5.3385536e+00   3.9555398e+00   4.5339380e+00
   2.0019631e+00   1.6942272e+00   1.5855429e+00   1.7255678e+00   2.6192279e+00   1.7458223e+00   2.4663207e+00   1.9347482e+00   1.8894042e+00   1.7836479e+00   1.8946432e+00   1.6493193e+00   2.4639804e+00   1.6648375e+00   1.5940857e+00   2.3782862e+00   1.7585334e+00   2.1129157e+00   1.9354755e+00   2.5827181e+00   2.0740199e+00   1.8126210e+00   2.0696859e+00   1.9602449e+00   1.4714200e+00   2.0850069e+00   1.9951992e+00   1.9625149e+00   2.0291871e+00   1.8201814e+00
   1.0575236e+00   1.0783983e+00   1.0570022e+00   1.1615835e+00   1.1776798e+00   1.3103570e+00   1.1712787e+00   8.5879121e-01   1.2129165e+00   9.8484248e-01   1.2373531e+00   1.1367347e+00   1.2205650e+00   1.0392733e+00   1.1651651e+00   1.1806068e+00   9.8570116e-01   8.9458900e-01   1.1653461e+00   1.0026929e+00   1.1782797e+00   1.1372068e+00   1.2082989e+00   1.0319013e+00   9.9297160e-01   1.0315738e+00   1.1544685e+00   1.2272693e+00   1.1009817e+00   1.3536527e+00
   6.1967532e-01   6.0262081e-01   6.8427895e-01   7.2000315e-01   6.6990751e-01   5.5777232e-01   7.2114899e-01   6.5516926e-01   6.5443210e-01   6.8280594e-01   7.2156015e-01   6.1263604e-01   7.0122412e-01   7.1358877e-01   6.5940480e-01   7.9459122e-01   7.0492461e-01   6.6689099e-01   8.2828956e-01   7.0691181e-01   7.8550024e-01   6.4492538e-01   7.0870252e-01   7.5438381e-01   7.2153726e-01   7.3705490e-01   7.0943827e-01   6.6976454e-01   7.0717667e-01   7.8450953e-01
   2.0718618e-01   3.4448952e-01   3.5747977e-01   3.6487534e-01   3.8010908e-01   3.8396901e-01   3.9087876e-01   4.0212600e-01   4.1591607e-01   4.1859011e-01   4.2340268e-01   4.2390724e-01   4.2438765e-01   4.2755599e-01   4.3135750e-01   4.3210074e-01   4.3821566e-01   4.4126616e-01   4.5649796e-01   4.5875734e-01   4.7511310e-01   4.7966353e-01   4.9474766e-01   4.9883324e-01   5.0179530e-01   5.0336097e-01   5.0522549e-01   5.1037621e-01   5.1569100e-01   5.5341958e-01
