   1.0522709e+08   3.5981065e+07   8.1567523e+07   4.0984872e+07   1.6863260e+07   2.6739339e+07   1.1663263e+08   5.2510715e+07   6.3654113e+07   3.2724403e+07   1.0509263e+08   2.4442930e+07   8.1099207e+07   2.8574079e+07   5.5954057e+07   1.3783974e+07   1.0697302e+07   6.2411542e+07   3.9334220e+07   1.1167396e+08   6.6334604e+07   1.1298291e+08   5.0205159e+07   5.9079174e+07   6.2669138e+07   1.0587294e+08   4.2786342e+07   2.4976214e+07   6.5432169e+07   5.9364521e+07
   3.2700471e+07   1.6615054e+07   2.1444192e+07   3.1560675e+07   1.1877084e+07   2.6739339e+07   9.1775490e+06   4.8882800e+06   4.3595793e+07   1.7704411e+07   5.0709510e+07   1.6215581e+07   3.4122108e+07   9.4640002e+06   5.5954057e+07   1.3783974e+07   1.0697302e+07   3.2231774e+07   2.4693130e+07   2.6796851e+07   3.4206453e+07   5.4512776e+07   1.7446962e+07   1.1837404e+07   2.3704463e+07   3.5095766e+06   6.4778084e+06   9.7431074e+06   5.7057655e+07   5.9364521e+07
   6.8784582e+06   9.9040325e+06   9.2048596e+06   1.1418728e+07   6.5978245e+06   2.6211629e+06   9.1775490e+06   4.8882800e+06   2.1511000e+07   1.7704411e+07   3.1577744e+06   1.1990269e+07   2.6982748e+07   8.8930754e+06   2.0826532e+07   9.0268926e+06   1.0697302e+07   2.0204643e+07   2.4693130e+07   1.0719100e+07   1.4453017e+07   1.4137901e+07   1.6366858e+07   9.4497759e+06   9.5157544e+06   3.5095766e+06   5.6595188e+06   9.7431074e+06   3.2852001e+07   1.7469777e+07
   6.8784582e+06   9.9040325e+06   9.2048596e+06   1.1418728e+07   3.7182401e+06   2.6211629e+06   8.2601358e+06   3.4957338e+06   1.4290794e+07   1.7704411e+07   3.1577744e+06   8.4831963e+06   1.0228137e+07   8.8930754e+06   9.5068365e+06   9.0268926e+06   9.8251573e+06   1.8115836e+07   2.4372179e+07   1.0719100e+07   1.4453017e+07   1.4128862e+07   1.6366858e+07   8.5399101e+06   9.5157544e+06   3.5095766e+06   5.6595188e+06   9.7431074e+06   7.9780998e+06   1.7469777e+07
   3.6390531e+06   6.0659406e+06   3.6069808e+06   1.1347108e+07   3.7182401e+06   2.6211629e+06   8.2601358e+06   3.4957338e+06   1.4290794e+07   1.4781870e+07   3.1577744e+06   8.4831963e+06   2.6177577e+06   7.5577312e+06   4.4364788e+06   9.0268926e+06   9.8251573e+06   7.4876700e+06   1.3695347e+07   1.0719100e+07   9.4457153e+06   3.8172240e+06   5.9568624e+06   8.2576875e+06   9.5157544e+06   3.5095766e+06   4.2933841e+06   9.7431074e+06   5.9841098e+06   1.2157053e+07
   3.6390531e+06   5.9270390e+06   1.1217507e+06   9.8707163e+05   2.7228641e+06   2.6211629e+06   8.2601358e+06   3.4957338e+06   5.8167798e+06   5.9666388e+06   3.1577744e+06   5.8968389e+06   2.6177577e+06   2.0278777e+06   3.8516290e+06   3.7471844e+06   7.5253406e+06   7.4876700e+06   5.3072660e+06   7.5552288e+06   7.1502526e+06   2.8761739e+06   2.1610975e+06   8.2576875e+06   3.6427489e+06   3.5095766e+06   3.4233965e+06   9.7431074e+06   5.9841098e+06   5.3637934e+06
   7.5811924e+05   1.4649755e+06   4.3869581e+05   9.8707163e+05   1.0928233e+06   1.5695754e+06   1.1126334e+06   6.9325015e+05   9.2195236e+05   5.6390063e+05   6.2972980e+05   1.2301918e+06   1.2856828e+06   4.6513677e+05   5.3682149e+05   4.0394910e+05   1.1284370e+06   1.3830934e+06   2.1938183e+06   9.0369960e+05   1.0388892e+06   8.7422409e+05   1.2030817e+06   1.5054845e+06   1.1058165e+06   1.1952775e+06   3.8114146e+05   7.3930722e+05   1.3378591e+06   5.7589181e+05
   6.9325949e+04   6.2587493e+04   6.4927139e+04   4.1314233e+04   6.4501162e+04   7.5323072e+04   4.3862183e+04   7.7094726e+04   5.5676384e+04   5.3250115e+04   3.2934485e+04   3.3167783e+04   9.4055333e+04   4.1581551e+04   6.4497211e+04   5.1477728e+04   6.2206331e+04   6.7770841e+04   5.3731756e+04   3.8097470e+04   6.5004684e+04   5.9845788e+04   2.9237090e+04   3.5016642e+04   6.2058138e+04   3.6478652e+04   3.7399952e+04   4.7833435e+04   5.7564842e+04   7.1834880e+04
   1.9885355e+03   2.2262330e+03   1.8839805e+03   1.9075821e+03   2.1575793e+03   1.4960208e+03   1.7127607e+03   2.2643027e+03   1.6826394e+03   1.8582966e+03   1.9750353e+03   1.9394607e+03   2.6154161e+03   1.9336326e+03   2.2726977e+03   1.9549546e+03   1.8286531e+03   2.0484750e+03   1.8976142e+03   1.4758051e+03   2.0942737e+03   1.8637121e+03   1.4826621e+03   2.0221646e+03   2.3589295e+03   1.8894905e+03   1.7872985e+03   1.8519606e+03   1.5760141e+03   1.9420214e+03
   7.5493175e+02   6.4978089e+02   6.2906591e+02   4.5898182e+02   7.1043885e+02   5.5735196e+02   6.8422017e+02   6.9491637e+02   4.8643900e+02   7.6742336e+02   7.7517650e+02   5.2687028e+02   6.4601440e+02   4.9703104e+02   7.6956369e+02   6.6512733e+02   5.8216172e+02   4.2113078e+02   5.9104827e+02   7.0995359e+02   4.8943417e+02   4.9341434e+02   6.2372210e+02   6.5833972e+02   8.1115545e+02   6.4357567e+02   6.2585590e+02   6.1478531e+02   7.1557174e+02   6.3138351e+02
   3.3567946e+02   3.2997675e+02   2.1526527e+02   2.4122264e+02   4.7021967e+02   2.2766914e+02   3.6244186e+02   2.4469696e+02   2.4722781e+02   3.2265185e+02   3.4367004e+02   2.1946010e+02   4.1376346e+02   2.8782776e+02   3.2064134e+02   4.7105721e+02   2.2628079e+02   4.2113078e+02   2.2485457e+02   4.2002900e+02   3.0170262e+02   3.0653006e+02   2.4992203e+02   2.1874684e+02   3.8239973e+02   2.5118496e+02   2.8672025e+02   3.4033508e+02   3.7241302e+02   3.6831773e+02
   6.6963914e+01   9.6030678e+01   6.6706411e+01   6.4319759e+01   1.5521067e+02   5.7513479e+01   1.8416107e+02   1.2271515e+02   8.8358734e+01   8.8350720e+01   1.7931037e+02   6.8824015e+01   1.2318684e+02   7.2259570e+01   8.4152417e+01   1.9507650e+02   1.1671240e+02   1.1982581e+02   8.9462334e+01   9.8137954e+01   6.5358013e+01   7.8423185e+01   6.9031746e+01   6.7760545e+01   1.9614219e+02   1.3479837e+02   1.7767874e+02   1.7975121e+02   2.1943888e+02   2.6697916e+02
   1.2473857e+01   1.8575968e+01   1.4750691e+01   9.0714406e+00   2.9526574e+01   5.2608560e+00   3.5740899e+01   1.3185430e+01   1.0925336e+01   8.6586473e+00   3.1073923e+01   9.1270158e+00   1.6052840e+01   9.5750488e+00   1.0454669e+01   4.1616213e+01   1.5779937e+01   1.9946531e+01   9.7125197e+00   1.3616818e+01   6.6570979e+00   1.5070777e+01   1.4345032e+01   1.0912491e+01   2.3261566e+01   3.1208401e+01   1.2104179e+02   1.2391800e+02   1.3020477e+02   1.3491371e+02
   5.5353260e-02   2.7062914e-01   1.3081915e-01   1.0733616e-02   1.8186434e-01   1.0559275e-01   3.9921059e-01   2.2528788e-02   9.8308869e-02   4.0884297e-02   8.8033895e-02   1.8026761e-02   1.5319665e-01   1.4045227e-01   4.2699301e-02   3.6780979e-01   2.9737687e-01   1.6044180e-01   5.1109500e-02   3.8892899e-02   3.5103551e-02   1.0957974e-01   5.5872410e+00   5.5872263e+00   5.6747006e+00   1.9507001e+01   1.1843833e+02   1.1843913e+02   1.2402555e+02   1.2412964e+02
   0.0000000e+00   0.0000000e+00   0.0000000e+00   0.0000000e+00   0.0000000e+00   0.0000000e+00   0.0000000e+00   0.0000000e+00   0.0000000e+00   0.0000000e+00   0.0000000e+00   0.0000000e+00   0.0000000e+00   0.0000000e+00   0.0000000e+00   0.0000000e+00   0.0000000e+00   0.0000000e+00   0.0000000e+00   0.0000000e+00   0.0000000e+00   1.0408524e-01   5.5872153e+00   5.5872153e+00   5.5872153e+00   1.9402578e+01   1.1843833e+02   1.1843833e+02   1.2402555e+02   1.2412964e+02
   0.0000000e+00   0.0000000e+00   0.0000000e+00   0.0000000e+00   0.0000000e+00   0.0000000e+00   0.0000000e+00   0.0000000e+00   0.0000000e+00   0.0000000e+00   0.0000000e+00   0.0000000e+00   0.0000000e+00   0.0000000e+00   0.0000000e+00   0.0000000e+00   0.0000000e+00   0.0000000e+00   0.0000000e+00   0.0000000e+00   0.0000000e+00   1.0408524e-01   5.5872153e+00   5.5872153e+00   5.5872153e+00   1.9402578e+01   1.1843833e+02   1.1843833e+02   1.2402555e+02   1.2412964e+02
