   9.1169447e+09   8.6647612e+09   6.7459953e+09   4.0981256e+09   7.3227474e+09   2.8677568e+09   5.9890302e+09   6.7108893e+09   4.8305058e+09   6.6481349e+09   5.7915134e+09   4.9895188e+09   3.8430426e+09   4.7924332e+09   4.1478622e+09   7.7391328e+09   4.8140937e+09   5.3730686e+09   6.8152017e+09   5.3040170e+09   8.1033428e+09   6.2183303e+09   6.5767236e+09   6.0353874e+09   5.9388345e+09   7.5127518e+09   8.9274201e+09   7.1445687e+09   6.2477322e+09   4.4001789e+09
   6.4799386e+09   6.2030971e+09   6.7459953e+09   4.0981256e+09   4.1977832e+09   2.8677568e+09   4.8990525e+09   5.2778221e+09   3.9611770e+09   6.6481349e+09   5.7915134e+09   4.9895188e+09   3.8430426e+09   3.8383471e+09   2.2848627e+09   5.8808211e+09   4.4155527e+09   5.3730686e+09   4.8296714e+09   5.3040170e+09   4.8271755e+09   4.9763096e+09   3.4387562e+09   3.1898062e+09   2.9276227e+09   6.0088997e+09   4.2745068e+09   5.6477593e+09   4.0001487e+09   2.9476834e+09
   3.5182206e+09   3.3576851e+09   3.8356727e+09   3.8007717e+09   4.1977832e+09   2.8677568e+09   2.4554683e+09   4.2484719e+09   3.3512619e+09   2.8286918e+09   3.5119260e+09   1.7634823e+09   3.8430426e+09   2.5977273e+09   1.7884438e+09   3.2332845e+09   3.1945554e+09   2.3133137e+09   3.1200321e+09   4.0669524e+09   4.8271755e+09   4.6567525e+09   2.4316220e+09   7.4692975e+08   2.9276227e+09   2.2542711e+09   4.2745068e+09   3.1899477e+09   4.0001487e+09   2.8206860e+09
   2.2252042e+09   2.6679712e+09   1.7918812e+09   3.2441008e+09   2.6229325e+09   2.4533697e+09   2.4554683e+09   2.1181355e+09   3.3512619e+09   2.8286918e+09   2.5782762e+09   1.7634823e+09   3.8366018e+09   2.3067447e+09   1.5881203e+09   2.9595148e+09   3.1945554e+09   2.3133137e+09   3.1200321e+09   2.3537895e+09   2.7657806e+09   2.8655534e+09   2.4316220e+09   7.4692975e+08   2.9276227e+09   2.2542711e+09   4.2745068e+09   2.7180127e+09   2.3972480e+09   2.8206860e+09
   1.5819762e+09   1.1975491e+09   6.3304761e+08   1.0562800e+09   7.9342844e+08   1.6381134e+09   1.2464188e+09   1.2094857e+09   6.1307653e+08   1.3991807e+09   1.2901787e+09   9.7649078e+08   1.0354526e+09   7.6878730e+08   1.3162349e+09   1.3075779e+09   8.5859196e+08   1.3392251e+09   9.8787910e+08   8.9222654e+08   1.2406269e+09   1.0317251e+09   1.0761870e+09   5.0464299e+08   1.4894984e+09   1.3373745e+09   1.7214798e+09   1.1776189e+09   9.0089120e+08   1.1780493e+09
   5.7651874e+08   5.9911580e+08   2.8312107e+08   2.9444852e+08   3.0804932e+08   4.2663809e+08   5.0728661e+08   6.2800012e+08   4.0896701e+08   5.6773117e+08   5.4029984e+08   2.5769546e+08   4.9538241e+08   2.5432868e+08   4.1046440e+08   5.4664671e+08   2.3110588e+08   3.4278562e+08   4.3146314e+08   4.6025096e+08   5.5256201e+08   5.7224508e+08   5.2988419e+08   3.8512798e+08   4.0452887e+08   6.2012355e+08   5.4040764e+08   3.1329550e+08   3.7070649e+08   5.2557303e+08
   1.2220693e+08   6.8468744e+07   5.7905493e+07   1.7845067e+08   1.0613555e+08   1.6890364e+08   1.0601362e+08   7.0101508e+07   1.2166022e+08   1.5394208e+08   9.1154320e+07   1.8318819e+08   1.5842591e+08   1.2526446e+08   1.2536508e+08   1.0229905e+08   1.3654923e+08   7.2794585e+07   1.3012912e+08   1.7389161e+08   7.9884571e+07   8.0262672e+07   1.3276590e+08   1.1159348e+08   5.4541565e+07   1.2755021e+08   1.1966330e+08   1.1058534e+08   5.5166088e+07   1.5326661e+08
   8.9777590e+06   9.1338610e+06   5.5304989e+06   8.5259380e+06   8.7210917e+06   8.7000368e+06   1.0356531e+07   8.2646247e+06   5.6864090e+06   7.3264903e+06   5.9454780e+06   5.1405875e+06   3.9385086e+06   5.1348209e+06   4.1566378e+06   4.4673347e+06   6.5187914e+06   3.5209203e+06   8.2718347e+06   9.8972054e+06   7.0087037e+06   6.4210629e+06   8.4722518e+06   8.2651409e+06   6.6119989e+06   5.1301988e+06   7.9676963e+06   5.0620596e+06   4.5686738e+06   1.1483090e+07
   6.4471761e+04   8.8905013e+04   3.2263833e+04   6.3160418e+04   5.7473855e+04   5.4206887e+04   4.9307160e+04   6.2243276e+04   2.5771754e+04   2.3618719e+04   5.4252218e+04   5.4074279e+04   3.8471548e+04   5.7816306e+04   1.4540488e+04   5.9368836e+04   2.4297680e+04   3.0074196e+04   6.0183372e+04   7.3710131e+04   3.3607288e+04   2.3161457e+04   6.0492017e+04   4.6220288e+04   5.5434417e+04   3.9478521e+04   4.4118962e+04   6.3039102e+04   4.1653269e+04   8.3973727e+04
   3.6178846e+01   3.1342710e+01   1.7230095e+01   1.4099732e+01   1.8772354e+01   2.5213062e+01   1.0946102e+01   2.0129170e+01   3.0011925e+00   8.9510156e+00   1.1187960e+01   2.0030355e+01   1.8117564e+01   2.0150396e+01   6.8060674e+00   2.1609132e+01   1.4391085e+01   1.5188649e+01   1.4946046e+01   6.2573355e+01   3.3813760e+01   1.8108888e+01   1.6285468e+01   2.5526155e+01   2.0994304e+01   1.1474056e+01   1.8720998e+01   1.3893017e+01   1.8670423e+01   3.4269962e+01
   6.0797191e-05   6.0170231e-05   2.2530084e-05   1.9552229e-05   5.1918166e-05   4.5946206e-05   2.7429767e-05   2.4756895e-05   1.4802333e-05   1.8014393e-05   3.7221097e-05   2.7504944e-05   4.0042936e-05   4.4045367e-05   3.0047524e-05   5.7574552e-05   1.8636688e-05   2.6884191e-05   2.2658782e-05   7.2485178e-05   5.8801990e-05   3.2376820e-05   4.0036232e-05   5.8357463e-05   2.6483326e-05   3.0513454e-05   2.8300883e-05   3.0897340e-05   2.5819770e-05   7.0164501e-05
   0.0000000e+00   0.0000000e+00   0.0000000e+00   0.0000000e+00   0.0000000e+00   0.0000000e+00   0.0000000e+00   0.0000000e+00   0.0000000e+00   0.0000000e+00   0.0000000e+00   0.0000000e+00   0.0000000e+00   0.0000000e+00   0.0000000e+00   0.0000000e+00   0.0000000e+00   0.0000000e+00   0.0000000e+00   0.0000000e+00   0.0000000e+00   0.0000000e+00   0.0000000e+00   0.0000000e+00   0.0000000e+00   0.0000000e+00   0.0000000e+00   0.0000000e+00   0.0000000e+00   0.0000000e+00
   0.0000000e+00   0.0000000e+00   0.0000000e+00   0.0000000e+00   0.0000000e+00   0.0000000e+00   0.0000000e+00   0.0000000e+00   0.0000000e+00   0.0000000e+00   0.0000000e+00   0.0000000e+00   0.0000000e+00   0.0000000e+00   0.0000000e+00   0.0000000e+00   0.0000000e+00   0.0000000e+00   0.0000000e+00   0.0000000e+00   0.0000000e+00   0.0000000e+00   0.0000000e+00   0.0000000e+00   0.0000000e+00   0.0000000e+00   0.0000000e+00   0.0000000e+00   0.0000000e+00   0.0000000e+00
   0.0000000e+00   0.0000000e+00   0.0000000e+00   0.0000000e+00   0.0000000e+00   0.0000000e+00   0.0000000e+00   0.0000000e+00   0.0000000e+00   0.0000000e+00   0.0000000e+00   0.0000000e+00   0.0000000e+00   0.0000000e+00   0.0000000e+00   0.0000000e+00   0.0000000e+00   0.0000000e+00   0.0000000e+00   0.0000000e+00   0.0000000e+00   0.0000000e+00   0.0000000e+00   0.0000000e+00   0.0000000e+00   0.0000000e+00   0.0000000e+00   0.0000000e+00   0.0000000e+00   0.0000000e+00
   0.0000000e+00   0.0000000e+00   0.0000000e+00   0.0000000e+00   0.0000000e+00   0.0000000e+00   0.0000000e+00   0.0000000e+00   0.0000000e+00   0.0000000e+00   0.0000000e+00   0.0000000e+00   0.0000000e+00   0.0000000e+00   0.0000000e+00   0.0000000e+00   0.0000000e+00   0.0000000e+00   0.0000000e+00   0.0000000e+00   0.0000000e+00   0.0000000e+00   0.0000000e+00   0.0000000e+00   0.0000000e+00   0.0000000e+00   0.0000000e+00   0.0000000e+00   0.0000000e+00   0.0000000e+00
   0.0000000e+00   0.0000000e+00   0.0000000e+00   0.0000000e+00   0.0000000e+00   0.0000000e+00   0.0000000e+00   0.0000000e+00   0.0000000e+00   0.0000000e+00   0.0000000e+00   0.0000000e+00   0.0000000e+00   0.0000000e+00   0.0000000e+00   0.0000000e+00   0.0000000e+00   0.0000000e+00   0.0000000e+00   0.0000000e+00   0.0000000e+00   0.0000000e+00   0.0000000e+00   0.0000000e+00   0.0000000e+00   0.0000000e+00   0.0000000e+00   0.0000000e+00   0.0000000e+00   0.0000000e+00
