   1.1064904e+10   4.4488010e+09   7.8639973e+09   7.9168297e+09   8.4702244e+09   1.0862345e+10   9.0052751e+09   5.7729064e+09   6.9456201e+09   7.5866749e+09   1.1354389e+10   8.1877771e+09   8.5130519e+09   5.5290826e+09   8.9272230e+09   5.9239901e+09   8.5992932e+09   4.9539010e+09   8.2941962e+09   7.0522529e+09   5.7463030e+09   6.5073232e+09   6.9828712e+09   8.1081638e+09   5.1295244e+09   6.9305402e+09   1.1076501e+10   8.0701077e+09   3.8021341e+09   4.5320256e+09
   8.2480441e+09   2.6018891e+09   5.1194924e+09   4.7955134e+09   2.7390478e+09   5.2738761e+09   8.4674073e+09   5.7729064e+09   6.7975735e+09   3.8141709e+09   3.7392135e+09   4.4298843e+09   3.4907461e+09   4.3347260e+09   7.0553630e+09   2.2065520e+09   3.0368151e+09   3.9837700e+09   7.8136034e+09   7.0522529e+09   3.2094628e+09   3.9382839e+09   2.9911102e+09   5.0158879e+09   5.1295244e+09   3.6676502e+09   5.6221676e+09   4.8552741e+09   5.6780873e+08   4.0709809e+09
   5.7810966e+09   2.6018891e+09   4.0794454e+09   4.3126393e+09   1.7202560e+09   5.2738761e+09   3.1902798e+09   2.4426342e+09   2.8689999e+09   3.8141709e+09   3.7392135e+09   4.4298843e+09   2.1484999e+09   4.2877089e+09   3.4999345e+09   2.2065520e+09   3.0368151e+09   2.8218869e+09   2.4680861e+09   2.8098495e+09   3.2094628e+09   2.7761705e+09   2.9911102e+09   5.0158879e+09   3.9897926e+09   3.6676502e+09   4.0049415e+09   1.8308645e+09   5.6780873e+08   2.4071265e+09
   4.0579662e+09   1.7267602e+09   4.0794454e+09   3.4435153e+09   1.7202560e+09   4.6263214e+09   3.1902798e+09   2.4426342e+09   2.8689999e+09   2.9469351e+09   2.5910319e+09   3.5423989e+09   2.1484999e+09   2.6665596e+09   2.7532890e+09   2.2065520e+09   2.3415573e+09   2.8218869e+09   1.7907436e+09   1.8187458e+09   3.0169810e+09   2.6068490e+09   2.1998011e+09   3.4286120e+09   2.1955784e+09   2.8173272e+09   2.5798996e+09   1.8308645e+09   5.6780873e+08   1.6724216e+09
   1.1782206e+09   1.4031721e+09   1.4070389e+09   1.2280874e+09   7.1486747e+08   1.0772798e+09   1.3949710e+09   1.3289084e+09   1.5699461e+09   1.4652304e+09   1.4362437e+09   1.7787247e+09   1.1448068e+09   1.1762078e+09   1.0560508e+09   1.0496391e+09   1.4782646e+09   9.0765237e+08   7.1921877e+08   1.1452184e+09   1.2889569e+09   1.0187839e+09   8.5833658e+08   1.0419611e+09   1.0410188e+09   1.5029325e+09   1.8750885e+09   9.3064354e+08   5.6780873e+08   4.9097624e+08
   3.8763916e+08   5.0278066e+08   6.2342862e+08   3.5724925e+08   2.6207841e+08   4.2496684e+08   5.7115107e+08   3.8978331e+08   5.0542331e+08   4.7617440e+08   4.7469205e+08   4.0758616e+08   2.3458740e+08   4.9230857e+08   5.3319320e+08   4.3762401e+08   4.0416491e+08   6.1110494e+08   4.8959821e+08   1.1287809e+08   4.9209788e+08   3.3922123e+08   3.7844554e+08   4.8116264e+08   5.3778571e+08   2.6175212e+08   2.5452846e+08   3.8146326e+08   3.2105240e+08   3.2559949e+08
   1.6145619e+08   1.0863613e+08   1.5719740e+08   1.4001674e+08   4.2934711e+07   1.0017042e+08   1.4950271e+08   1.6196680e+08   7.1127457e+07   8.0121531e+07   1.3912057e+08   9.2566433e+07   7.7926636e+07   6.3205414e+07   5.7617313e+07   5.0219423e+07   8.9712655e+07   7.4612847e+07   9.4054537e+07   1.0779461e+08   6.5164869e+07   1.2317288e+08   1.1794894e+08   8.9238862e+07   6.2512551e+07   6.5476823e+07   8.0368726e+07   9.0107889e+07   6.8884268e+07   9.0177952e+07
   7.2740932e+06   6.5898516e+06   4.7831990e+06   5.2612890e+06   6.9776434e+06   5.3605900e+06   6.5850391e+06   3.9851246e+06   4.7815113e+06   3.9860323e+06   8.0796870e+06   5.8659304e+06   3.8127304e+06   2.3854599e+06   8.8233292e+06   3.0685496e+06   6.5612504e+06   4.5103039e+06   7.5585326e+06   2.9887414e+06   6.8609704e+06   8.4405938e+06   7.8642938e+06   2.4806885e+06   5.1536291e+06   4.3771665e+06   6.6324443e+06   4.8090272e+05   8.6557115e+06   5.6448745e+06
   3.7746858e+04   5.0104841e+04   1.7331352e+04   5.0026366e+04   2.1892836e+04   3.5536086e+04   7.3264782e+04   6.1319300e+04   1.5692006e+04   5.0250130e+04   5.3411294e+04   4.8280658e+04   3.3643120e+04   2.9465371e+04   4.5356698e+04   1.7318357e+04   2.9780595e+04   5.0242465e+04   4.3172752e+04   5.1339977e+04   5.0580494e+04   5.3162493e+04   2.5721814e+04   3.8605251e+04   2.6517498e+04   5.2922061e+04   2.9472385e+04   5.0001929e+04   4.1199017e+04   3.2797599e+04
   9.8251437e+00   1.3674345e+01   2.0392095e+01   1.2295298e+01   1.2305888e+01   5.0179644e+01   1.8866757e+01   3.1373383e+01   1.5421482e+01   1.1259991e+01   2.2962564e+01   1.4622286e+01   1.1543254e+01   1.5319882e+01   1.3012834e+01   1.4853237e+01   1.0489903e+01   2.3927499e+01   2.9344963e+01   1.1756327e+01   4.2847358e+01   2.1651735e+01   2.3567394e+01   2.4095263e+01   1.2935101e+03   6.6978513e+00   1.4074534e+01   1.1945179e+01   2.3605830e+01   6.4297907e+00
   3.1685428e-05   2.4623664e-05   4.8822451e-05   3.1609887e-05   1.9947773e-05   5.0362624e-05   1.4439170e-05   5.9655237e-05   3.2045017e-05   1.4979380e-05   4.8173881e-05   2.5721632e-05   2.1082848e-05   4.1381298e-05   3.3441025e-05   1.9920264e-05   1.4897760e-05   1.6468423e-05   3.7463976e-05   1.6890605e-05   1.0762763e-04   4.7227474e-05   4.1223629e-05   3.4638386e-05   5.9023101e+02   4.0423190e-05   1.9476610e-05   4.5257035e-05   6.2401835e-05   2.7868554e-05
   0.0000000e+00   0.0000000e+00   0.0000000e+00   0.0000000e+00   0.0000000e+00   0.0000000e+00   0.0000000e+00   0.0000000e+00   0.0000000e+00   0.0000000e+00   0.0000000e+00   0.0000000e+00   0.0000000e+00   0.0000000e+00   0.0000000e+00   0.0000000e+00   0.0000000e+00   0.0000000e+00   0.0000000e+00   0.0000000e+00   0.0000000e+00   0.0000000e+00   0.0000000e+00   0.0000000e+00   5.7911739e+02   0.0000000e+00   0.0000000e+00   0.0000000e+00   0.0000000e+00   0.0000000e+00
   0.0000000e+00   0.0000000e+00   0.0000000e+00   0.0000000e+00   0.0000000e+00   0.0000000e+00   0.0000000e+00   0.0000000e+00   0.0000000e+00   0.0000000e+00   0.0000000e+00   0.0000000e+00   0.0000000e+00   0.0000000e+00   0.0000000e+00   0.0000000e+00   0.0000000e+00   0.0000000e+00   0.0000000e+00   0.0000000e+00   0.0000000e+00   0.0000000e+00   0.0000000e+00   0.0000000e+00   5.7829212e+02   0.0000000e+00   0.0000000e+00   0.0000000e+00   0.0000000e+00   0.0000000e+00
   0.0000000e+00   0.0000000e+00   0.0000000e+00   0.0000000e+00   0.0000000e+00   0.0000000e+00   0.0000000e+00   0.0000000e+00   0.0000000e+00   0.0000000e+00   0.0000000e+00   0.0000000e+00   0.0000000e+00   0.0000000e+00   0.0000000e+00   0.0000000e+00   0.0000000e+00   0.0000000e+00   0.0000000e+00   0.0000000e+00   0.0000000e+00   0.0000000e+00   0.0000000e+00   0.0000000e+00   5.7820785e+02   0.0000000e+00   0.0000000e+00   0.0000000e+00   0.0000000e+00   0.0000000e+00
   0.0000000e+00   0.0000000e+00   0.0000000e+00   0.0000000e+00   0.0000000e+00   0.0000000e+00   0.0000000e+00   0.0000000e+00   0.0000000e+00   0.0000000e+00   0.0000000e+00   0.0000000e+00   0.0000000e+00   0.0000000e+00   0.0000000e+00   0.0000000e+00   0.0000000e+00   0.0000000e+00   0.0000000e+00   0.0000000e+00   0.0000000e+00   0.0000000e+00   0.0000000e+00   0.0000000e+00   0.0000000e+00   0.0000000e+00   0.0000000e+00   0.0000000e+00   0.0000000e+00   0.0000000e+00
   0.0000000e+00   0.0000000e+00   0.0000000e+00   0.0000000e+00   0.0000000e+00   0.0000000e+00   0.0000000e+00   0.0000000e+00   0.0000000e+00   0.0000000e+00   0.0000000e+00   0.0000000e+00   0.0000000e+00   0.0000000e+00   0.0000000e+00   0.0000000e+00   0.0000000e+00   0.0000000e+00   0.0000000e+00   0.0000000e+00   0.0000000e+00   0.0000000e+00   0.0000000e+00   0.0000000e+00   0.0000000e+00   0.0000000e+00   0.0000000e+00   0.0000000e+00   0.0000000e+00   0.0000000e+00
