   3.2796747e+03   4.2046445e+03   6.0351132e+03   4.7396855e+03   4.2780857e+03   5.5646992e+03   5.9909902e+03   6.3326116e+03   5.4740078e+03   4.9153438e+03   4.6586029e+03   4.9435289e+03   4.9866612e+03   5.0285599e+03   5.3487959e+03   4.8924351e+03   5.3627680e+03   7.0034772e+03   3.4732486e+03   4.5837977e+03   5.9049399e+03   4.2335589e+03   5.8685951e+03   5.1508760e+03   5.2491388e+03   4.2665670e+03   5.4623270e+03   4.9536378e+03   5.0003754e+03   4.9465311e+03
   3.2796747e+03   4.2046445e+03   3.5961303e+03   4.0843387e+03   3.9488977e+03   4.8229686e+03   3.4860887e+03   4.8332891e+03   3.3876959e+03   4.8028362e+03   3.6672071e+03   3.9755678e+03   4.9866612e+03   3.4668581e+03   3.2164039e+03   4.1587792e+03   2.8041959e+03   5.2344101e+03   3.2412670e+03   2.9948390e+03   2.3540645e+03   2.8381324e+03   3.1594185e+03   2.9159301e+03   3.2711841e+03   3.9213171e+03   3.8504375e+03   3.6562416e+03   3.6170157e+03   4.4742878e+03
   2.8880813e+03   3.2229238e+03   2.4225991e+03   2.7203758e+03   2.3679110e+03   2.3587009e+03   3.2055827e+03   2.9660208e+03   3.1174086e+03   2.8661056e+03   3.1195000e+03   2.9503214e+03   3.0025699e+03   2.2899786e+03   2.2832618e+03   2.1298364e+03   2.8041959e+03   2.8907464e+03   2.2774456e+03   2.9948390e+03   2.3540645e+03   2.8381324e+03   3.0542855e+03   2.9159301e+03   2.0575966e+03   2.5485743e+03   2.6269857e+03   3.1746737e+03   3.6170157e+03   2.3528265e+03
   1.6332928e+03   2.9327664e+03   1.7947779e+03   2.2919196e+03   1.6699185e+03   2.3587009e+03   2.2729741e+03   2.4002800e+03   2.4241377e+03   1.8486344e+03   2.4444920e+03   2.9503214e+03   2.4653872e+03   2.2899786e+03   2.2832618e+03   1.4637821e+03   2.4327577e+03   2.1423853e+03   1.7133303e+03   2.3714280e+03   1.7916104e+03   2.4911374e+03   2.9776434e+03   2.2888605e+03   2.0575966e+03   2.4936719e+03   2.6269857e+03   2.1766376e+03   2.3700496e+03   1.9248724e+03
   1.6332928e+03   2.2133041e+03   1.7947779e+03   1.8286307e+03   1.6699185e+03   1.6792657e+03   2.2729741e+03   1.7028166e+03   1.7854094e+03   1.6564682e+03   2.1820337e+03   2.2283304e+03   1.5556895e+03   1.6591988e+03   1.6874807e+03   1.4637821e+03   1.4217915e+03   2.1204366e+03   1.3903968e+03   1.9917505e+03   1.7916104e+03   1.2457061e+03   2.4314185e+03   2.2016633e+03   1.7621975e+03   2.0023054e+03   1.7250905e+03   2.1264940e+03   2.1577504e+03   1.5381088e+03
   1.2694785e+03   1.5625146e+03   9.8437347e+02   1.6505921e+03   1.5226839e+03   1.5597678e+03   1.4652589e+03   1.3686200e+03   1.1269873e+03   1.1925826e+03   1.6985250e+03   1.3604565e+03   1.3934297e+03   1.0683038e+03   1.5168046e+03   1.3350648e+03   1.1696410e+03   1.1308150e+03   1.2111761e+03   1.3659809e+03   1.4740327e+03   1.2457061e+03   1.5196835e+03   1.3147822e+03   1.6667950e+03   1.3505288e+03   1.2519764e+03   1.5726767e+03   1.5320464e+03   1.4094024e+03
   8.3708100e+02   8.3775103e+02   7.5457145e+02   8.0624261e+02   9.1738461e+02   8.4973256e+02   7.8627095e+02   8.5822213e+02   7.5177973e+02   8.8004278e+02   8.9637067e+02   7.9011330e+02   7.9241868e+02   8.6887962e+02   8.1086462e+02   8.2202122e+02   8.2027036e+02   8.0986731e+02   8.0922506e+02   8.5616302e+02   7.8891890e+02   8.2096243e+02   8.2866836e+02   8.3877912e+02   8.0718725e+02   8.5992167e+02   8.1023273e+02   8.1261586e+02   7.7452615e+02   8.7981359e+02
   5.7471632e+02   5.8888701e+02   5.7022200e+02   5.9035021e+02   5.7179778e+02   5.9940964e+02   5.7199916e+02   5.7784687e+02   5.8089597e+02   5.8464368e+02   5.8699763e+02   5.7915369e+02   5.7335521e+02   5.7081282e+02   5.7778229e+02   5.8667245e+02   5.9480066e+02   5.6879452e+02   5.6535270e+02   6.1169693e+02   5.8342182e+02   5.7546640e+02   5.7693216e+02   5.8566485e+02   5.7542927e+02   5.9055420e+02   5.6681837e+02   5.8430068e+02   5.9518218e+02   5.8236792e+02
   4.9179867e+02   4.9375650e+02   4.9281107e+02   5.0079389e+02   4.9094212e+02   4.9251374e+02   4.9326817e+02   4.9223898e+02   4.9202170e+02   4.9110874e+02   4.9065591e+02   4.8902351e+02   4.9354172e+02   4.9122672e+02   5.0196083e+02   4.9623529e+02   4.9888951e+02   4.9079479e+02   4.9073328e+02   5.0647297e+02   4.9227851e+02   4.9382449e+02   4.9107483e+02   4.9156946e+02   4.9327196e+02   4.9190628e+02   4.9157533e+02   4.9235213e+02   4.8970138e+02   4.9320679e+02
   4.8615868e+02   4.8618315e+02   4.8615311e+02   4.8622581e+02   4.8617155e+02   4.8625261e+02   4.8621530e+02   4.8631471e+02   4.8619125e+02   4.8625134e+02   4.8616975e+02   4.8625216e+02   4.8614805e+02   4.8617463e+02   4.8620291e+02   4.8629168e+02   4.8628461e+02   4.8618194e+02   4.8618535e+02   4.8632804e+02   4.8618289e+02   4.8613673e+02   4.8619098e+02   4.8619651e+02   4.8625394e+02   4.8620335e+02   4.8616297e+02   4.8615963e+02   4.8626180e+02   4.8616763e+02
   4.8574748e+02   4.8572964e+02   4.8568956e+02   4.8569372e+02   4.8571027e+02   4.8570996e+02   4.8570979e+02   4.8571153e+02   4.8565617e+02   4.8572647e+02   4.8573081e+02   4.8573900e+02   4.8571383e+02   4.8571207e+02   4.8570560e+02   4.8571359e+02   4.8570757e+02   4.8569330e+02   4.8573040e+02   4.8573958e+02   4.8571806e+02   4.8573184e+02   4.8570349e+02   4.8572961e+02   4.8573010e+02   4.8569119e+02   4.8569700e+02   4.8572167e+02   4.8573684e+02   4.8571055e+02
   4.8557990e+02   4.8572707e+02   4.8568944e+02   4.8569201e+02   4.8570279e+02   4.8570947e+02   4.8570947e+02   4.8571054e+02   4.8563767e+02   4.8572368e+02   4.8572580e+02   4.8558093e+02   4.8571170e+02   4.8571185e+02   4.8570555e+02   4.8570612e+02   4.8570738e+02   4.8569167e+02   4.8572950e+02   4.8572709e+02   4.8570667e+02   4.8570654e+02   4.8568882e+02   4.8571177e+02   4.8568293e+02   4.8568894e+02   4.8568712e+02   4.8570065e+02   4.8570278e+02   4.8571012e+02
   4.8557219e+02   4.8544104e+02   4.8568944e+02   4.8569168e+02   4.8570279e+02   4.8570947e+02   4.8570947e+02   4.8571054e+02   4.8563720e+02   4.8572368e+02   4.8572580e+02   4.8558089e+02   4.8571170e+02   4.8571185e+02   4.8570555e+02   4.8570596e+02   4.8570738e+02   4.8569165e+02   4.8572950e+02   4.8572709e+02   4.8562826e+02   4.8564094e+02   4.8564241e+02   4.8571079e+02   4.8568266e+02   4.8568803e+02   4.8568701e+02   4.8569973e+02   4.8570035e+02   4.8571012e+02
   4.8556043e+02   4.8543767e+02   4.8568944e+02   4.8569168e+02   4.8570279e+02   4.8570947e+02   4.8570947e+02   4.8571054e+02   4.8563699e+02   4.8572368e+02   4.8572580e+02   4.8558080e+02   4.8571170e+02   4.8571185e+02   4.8570555e+02   4.8570584e+02   4.8570738e+02   4.8569153e+02   4.8572950e+02   4.8572709e+02   4.8562795e+02   4.8564052e+02   4.8564226e+02   4.8571053e+02   4.8568230e+02   4.8568768e+02   4.8568683e+02   4.8569956e+02   4.8570021e+02   4.8570925e+02
   4.8453683e+02   4.8543761e+02   4.8568944e+02   4.8569168e+02   4.8547633e+02   4.8570947e+02   4.8552258e+02   4.8571040e+02   4.8563579e+02   4.8572367e+02   4.8572526e+02   4.8551562e+02   4.8554078e+02   4.8571182e+02   4.8557867e+02   4.8570584e+02   4.8558934e+02   4.8567549e+02   4.8560240e+02   4.8562236e+02   4.8562701e+02   4.8564050e+02   4.8564225e+02   4.8571040e+02   4.8568228e+02   4.8568724e+02   4.8568682e+02   4.8569953e+02   4.8570021e+02   4.8570837e+02
   4.8446931e+02   4.8543758e+02   4.8544571e+02   4.8544641e+02   4.8545847e+02   4.8546649e+02   4.8548042e+02   4.8548394e+02   4.8549188e+02   4.8549559e+02   4.8550039e+02   4.8550608e+02   4.8551037e+02   4.8552458e+02   4.8556109e+02   4.8556978e+02   4.8557298e+02   4.8558817e+02   4.8559719e+02   4.8560127e+02   4.8562233e+02   4.8563041e+02   4.8563759e+02   4.8565648e+02   4.8567137e+02   4.8568626e+02   4.8568673e+02   4.8569882e+02   4.8570021e+02   4.8570837e+02
