   1.2527484e+03   1.1200977e+03   1.2218092e+03   1.2404278e+03   1.3339491e+03   9.3156269e+02   1.1777987e+03   1.1992354e+03   1.2197622e+03   1.1277860e+03   1.3556016e+03   1.1713152e+03   1.1627479e+03   1.3695272e+03   1.1369932e+03   1.1241278e+03   1.3411616e+03   1.3073813e+03   1.1903196e+03   1.2097085e+03   1.2722172e+03   1.2806425e+03   1.2636829e+03   1.1825684e+03   1.4495974e+03   1.2240098e+03   1.2342363e+03   1.3261135e+03   1.3163048e+03   9.1820170e+02
   9.4234028e+02   8.5583206e+02   7.7901336e+02   1.0803246e+03   8.6414940e+02   6.1491675e+02   9.6372636e+02   8.6778835e+02   1.0143925e+03   9.8969349e+02   8.5061418e+02   9.3775181e+02   1.0540093e+03   1.1248302e+03   9.7714268e+02   7.9052321e+02   9.9327495e+02   1.0649633e+03   1.0242392e+03   1.0304372e+03   7.4161851e+02   8.4960590e+02   9.7388239e+02   1.0646954e+03   1.0421261e+03   7.2726942e+02   8.4056256e+02   9.6578368e+02   6.2408220e+02   9.1820170e+02
   6.5216608e+02   8.2790200e+02   7.7901336e+02   8.6682473e+02   6.9204575e+02   6.1491675e+02   9.4859702e+02   8.6778835e+02   8.6340149e+02   6.8147550e+02   8.3590130e+02   8.6262435e+02   8.8544673e+02   6.6826684e+02   8.3689187e+02   7.9052321e+02   8.6953843e+02   9.3541150e+02   9.0963344e+02   8.3567598e+02   7.4161851e+02   6.6773061e+02   8.6890374e+02   8.7803667e+02   9.1173802e+02   7.2726942e+02   6.5096189e+02   8.4713679e+02   6.2408220e+02   8.8111709e+02
   6.5216608e+02   6.9780476e+02   7.7901336e+02   5.2283281e+02   6.7702598e+02   6.1491675e+02   6.1877043e+02   6.9265891e+02   6.4586125e+02   6.8147550e+02   8.1998587e+02   6.3820192e+02   7.8815340e+02   6.6826684e+02   7.2528850e+02   6.3103580e+02   6.6380791e+02   6.3444005e+02   6.9230231e+02   6.5529513e+02   7.4161851e+02   6.6773061e+02   7.2918049e+02   6.7058073e+02   7.1289165e+02   5.6182041e+02   6.5096189e+02   7.4931679e+02   6.2408220e+02   7.3636382e+02
   5.3933997e+02   6.2944931e+02   5.5062249e+02   5.2283281e+02   6.1803881e+02   5.5076554e+02   6.1877043e+02   4.7514078e+02   5.2128121e+02   5.9336572e+02   6.0237345e+02   6.1164390e+02   5.4990726e+02   6.4448233e+02   5.7005189e+02   6.2045415e+02   6.6380791e+02   5.1256994e+02   6.5415538e+02   5.3298785e+02   6.0163687e+02   6.6773061e+02   5.7450186e+02   5.5691050e+02   7.1209240e+02   5.6182041e+02   6.0333666e+02   6.2893843e+02   6.0781261e+02   6.0894236e+02
   4.7499270e+02   3.6412227e+02   4.2168741e+02   5.2283281e+02   5.0923200e+02   4.6271974e+02   4.6723377e+02   4.7514078e+02   5.2128121e+02   4.9290318e+02   4.2614670e+02   4.9362406e+02   4.4332143e+02   5.4761405e+02   5.0187529e+02   4.5246972e+02   5.8689121e+02   4.7374583e+02   5.0496938e+02   4.1345615e+02   5.3921751e+02   5.3547620e+02   5.2194204e+02   5.5691050e+02   4.9194291e+02   4.3246761e+02   5.5027445e+02   4.7842284e+02   4.6393195e+02   4.9634165e+02
   3.0581352e+02   2.8760407e+02   2.9551884e+02   3.3548995e+02   3.2013566e+02   3.1918500e+02   3.2028993e+02   3.2794932e+02   3.3102989e+02   2.5749917e+02   2.9901570e+02   2.7599952e+02   2.8525573e+02   2.9542669e+02   2.8109973e+02   2.9612298e+02   2.8658955e+02   3.1295024e+02   2.9878689e+02   3.0224668e+02   3.1272763e+02   3.1697217e+02   3.1762314e+02   3.2412182e+02   2.7720322e+02   3.1865734e+02   2.8087290e+02   2.8678503e+02   3.1326012e+02   2.9052971e+02
   1.9905566e+02   1.6625450e+02   1.9596402e+02   1.9009453e+02   2.1366647e+02   1.9378402e+02   1.7983906e+02   1.7945041e+02   1.7266372e+02   1.7211213e+02   1.8305464e+02   1.8799305e+02   1.9581849e+02   2.0005141e+02   1.7782701e+02   1.9267004e+02   1.7460915e+02   1.8016426e+02   1.4227890e+02   1.9048989e+02   1.9652909e+02   1.9022334e+02   1.8382363e+02   1.9712510e+02   1.8377515e+02   1.9698698e+02   1.8739188e+02   1.6254861e+02   1.6419891e+02   1.9062448e+02
   1.3032110e+02   1.4060563e+02   1.4674134e+02   1.3427708e+02   1.2234474e+02   1.4193690e+02   1.4182818e+02   1.0330525e+02   1.3970745e+02   1.1110693e+02   1.1033206e+02   1.3311955e+02   1.2951544e+02   1.3668497e+02   1.4731175e+02   1.4812407e+02   1.4741674e+02   1.2685934e+02   1.2668002e+02   1.3516656e+02   1.2924185e+02   1.4469172e+02   1.2988984e+02   1.1995114e+02   1.1595826e+02   1.4459118e+02   1.3885609e+02   1.3250760e+02   1.3008891e+02   1.3613488e+02
   1.2325598e+02   1.0857581e+02   1.2448577e+02   1.1690750e+02   1.2234474e+02   1.2408106e+02   1.1654522e+02   1.0330525e+02   1.1322043e+02   1.1110693e+02   1.1033206e+02   1.1295780e+02   1.2951544e+02   1.1420643e+02   1.2066801e+02   1.0653610e+02   1.2223233e+02   1.1331665e+02   1.1722777e+02   1.0904013e+02   1.1340745e+02   1.1608770e+02   1.1498643e+02   1.1995114e+02   1.1595826e+02   1.2524800e+02   1.1305300e+02   1.1720054e+02   1.1135678e+02   1.1964860e+02
   9.3356378e+01   9.7671221e+01   8.7239713e+01   9.1402498e+01   9.9082651e+01   9.0358945e+01   1.0213230e+02   1.0330525e+02   9.5000197e+01   8.8871501e+01   1.0139728e+02   1.0247273e+02   9.5558523e+01   9.2800446e+01   1.0076224e+02   1.0271556e+02   8.0243402e+01   1.0120261e+02   1.0716119e+02   9.6659313e+01   9.9015712e+01   9.8064191e+01   8.4264287e+01   8.8341552e+01   9.4108140e+01   1.0887149e+02   9.7259840e+01   9.9421378e+01   7.7965611e+01   9.4270365e+01
   5.0542470e+01   4.5678030e+01   5.3531851e+01   5.1490340e+01   5.1791627e+01   5.2678770e+01   5.7394516e+01   6.4087886e+01   5.8625476e+01   4.8160512e+01   4.9812569e+01   5.3810496e+01   4.9872682e+01   6.1163588e+01   4.8948938e+01   5.4177816e+01   4.9349690e+01   3.9343885e+01   5.6569257e+01   5.6210097e+01   4.5254533e+01   5.1162777e+01   5.6182859e+01   3.6112799e+01   5.5606697e+01   4.8685088e+01   4.9034078e+01   4.7974227e+01   4.4818081e+01   5.4294788e+01
   2.3041606e+01   2.4272912e+01   2.4110592e+01   2.7691580e+01   2.3783043e+01   2.6641441e+01   3.2769402e+01   2.9066995e+01   2.9672002e+01   2.4584829e+01   2.9314902e+01   2.3182811e+01   2.2740087e+01   3.0048486e+01   2.3835644e+01   2.7012597e+01   2.3563033e+01   2.1436404e+01   2.4096664e+01   2.2921796e+01   2.4401831e+01   2.4714810e+01   2.5743827e+01   2.1522578e+01   2.7897028e+01   2.7579106e+01   2.8642312e+01   2.3840343e+01   2.3453417e+01   2.2364918e+01
   2.0162023e+01   2.0162322e+01   2.0162158e+01   2.0164656e+01   2.0162550e+01   2.0165245e+01   2.0165381e+01   2.0164797e+01   2.0166977e+01   2.0162128e+01   2.0163192e+01   2.0161913e+01   2.0162100e+01   2.0162304e+01   2.0163046e+01   2.0163610e+01   2.0161973e+01   2.0161806e+01   2.0162170e+01   2.0161837e+01   2.0163280e+01   2.0162423e+01   2.0162257e+01   2.0161954e+01   2.0162727e+01   2.0164111e+01   2.0167182e+01   2.0162394e+01   2.0162130e+01   2.0162176e+01
   2.0161728e+01   2.0161728e+01   2.0161728e+01   2.0161728e+01   2.0161728e+01   2.0161728e+01   2.0161728e+01   2.0161728e+01   2.0161728e+01   2.0161728e+01   2.0161728e+01   2.0161728e+01   2.0161728e+01   2.0161728e+01   2.0161728e+01   2.0161728e+01   2.0161728e+01   2.0161728e+01   2.0161728e+01   2.0161728e+01   2.0161728e+01   2.0161728e+01   2.0161728e+01   2.0161728e+01   2.0161728e+01   2.0161728e+01   2.0161728e+01   2.0161728e+01   2.0161728e+01   2.0161728e+01
   2.0161728e+01   2.0161728e+01   2.0161728e+01   2.0161728e+01   2.0161728e+01   2.0161728e+01   2.0161728e+01   2.0161728e+01   2.0161728e+01   2.0161728e+01   2.0161728e+01   2.0161728e+01   2.0161728e+01   2.0161728e+01   2.0161728e+01   2.0161728e+01   2.0161728e+01   2.0161728e+01   2.0161728e+01   2.0161728e+01   2.0161728e+01   2.0161728e+01   2.0161728e+01   2.0161728e+01   2.0161728e+01   2.0161728e+01   2.0161728e+01   2.0161728e+01   2.0161728e+01   2.0161728e+01
