   2.5014273e+03   2.5014273e+03   1.9855249e+03   2.2403321e+03   2.6054199e+03   2.3565956e+03   2.2416463e+03   2.1388588e+03   1.9840583e+03   2.1641203e+03   1.8523365e+03   1.7607289e+03   1.9666292e+03   2.9122708e+03   2.0720103e+03   2.6502091e+03   2.0773682e+03   2.5512287e+03   2.3231421e+03   1.9512437e+03   1.8817880e+03   2.2049592e+03   2.6859877e+03   2.5581765e+03   2.3814427e+03   2.5757339e+03   1.9846971e+03   2.4153495e+03   2.2680808e+03   1.8630891e+03
   1.5391417e+03   1.5391417e+03   1.9855249e+03   2.2403321e+03   2.2140454e+03   1.6883198e+03   2.2416463e+03   1.9256280e+03   1.6549935e+03   2.0076482e+03   1.8523365e+03   1.7607289e+03   1.9666292e+03   2.2363597e+03   2.0720103e+03   2.1514588e+03   1.9291491e+03   2.2391284e+03   1.9182627e+03   1.5869433e+03   1.8817880e+03   2.2049592e+03   2.0643384e+03   2.2158383e+03   1.9296669e+03   2.2738282e+03   1.9386576e+03   2.1667871e+03   1.6200673e+03   1.8630891e+03
   1.5391417e+03   1.5391417e+03   1.7988743e+03   2.2214072e+03   2.2140454e+03   1.6883198e+03   2.2065721e+03   1.9256280e+03   1.5333070e+03   2.0076482e+03   1.6358057e+03   1.7607289e+03   1.9666292e+03   2.1336825e+03   1.7802210e+03   1.3550157e+03   1.9261165e+03   1.4919107e+03   1.9182627e+03   1.5869433e+03   1.8817880e+03   1.8986726e+03   1.9283053e+03   2.1372323e+03   1.6522990e+03   1.5902966e+03   1.9386576e+03   2.1667871e+03   1.6200673e+03   1.8630891e+03
   1.5391417e+03   1.5391417e+03   1.7871718e+03   1.8503061e+03   1.6198465e+03   1.6883198e+03   1.4879351e+03   1.9256280e+03   1.5333070e+03   1.7134245e+03   1.6358057e+03   1.6826902e+03   1.9610512e+03   1.7345512e+03   1.5458454e+03   1.3550157e+03   1.9261165e+03   1.4919107e+03   1.8477014e+03   1.5869433e+03   1.5412827e+03   1.8986726e+03   1.9283053e+03   1.7668967e+03   1.6522990e+03   1.5902966e+03   1.9386576e+03   2.0358264e+03   1.3403222e+03   1.7476028e+03
   1.5391417e+03   1.5391417e+03   1.7871718e+03   1.7557825e+03   1.6198465e+03   1.6883198e+03   1.4879351e+03   1.6531631e+03   1.1246775e+03   1.4210099e+03   1.6358057e+03   1.5862352e+03   1.3673884e+03   1.6222276e+03   1.4641192e+03   1.3550157e+03   1.2801286e+03   1.4919107e+03   1.7917870e+03   1.3717035e+03   1.5412827e+03   1.4012065e+03   1.5580692e+03   1.5843948e+03   1.6522990e+03   1.4763803e+03   1.6205527e+03   1.4683591e+03   1.3403222e+03   1.4890512e+03
   8.8108475e+02   8.8108475e+02   1.1401334e+03   1.3921749e+03   1.5203561e+03   1.4690799e+03   1.1830914e+03   1.1378900e+03   1.1246775e+03   1.2385493e+03   1.5659183e+03   8.9586570e+02   1.0708393e+03   1.6222276e+03   1.4641192e+03   1.2513343e+03   1.1704813e+03   1.3470352e+03   1.1228888e+03   1.3717035e+03   1.4623359e+03   1.0791763e+03   1.2815650e+03   1.4403379e+03   1.2973877e+03   1.2311039e+03   1.2139187e+03   1.4683591e+03   1.0240420e+03   1.3516998e+03
   8.8108475e+02   8.8108475e+02   7.5528477e+02   1.0150658e+03   1.2390459e+03   9.1377288e+02   1.1830914e+03   8.9093225e+02   6.3494578e+02   6.4130503e+02   1.1805357e+03   8.9586570e+02   9.3389296e+02   1.0564430e+03   1.0030796e+03   8.9267919e+02   5.6280650e+02   1.0653942e+03   1.0522797e+03   9.0707417e+02   1.0808395e+03   1.0791763e+03   1.1127546e+03   9.8906441e+02   1.1639036e+03   1.0764590e+03   9.5878669e+02   1.2365829e+03   9.1917229e+02   1.3403281e+03
   5.9194954e+02   5.9194954e+02   7.5528477e+02   8.1261006e+02   9.9165719e+02   7.2254340e+02   7.1334301e+02   7.7323605e+02   5.8054550e+02   4.8167827e+02   8.7610178e+02   8.1185158e+02   7.4890424e+02   7.3482131e+02   6.4698360e+02   6.6874390e+02   5.6280650e+02   5.5243936e+02   7.4926336e+02   8.0826666e+02   6.3286425e+02   6.3522427e+02   7.5797483e+02   7.1084170e+02   9.4747597e+02   7.8432587e+02   7.7618635e+02   9.1777337e+02   8.6563961e+02   7.6212961e+02
   5.0675628e+02   5.0675628e+02   3.4068862e+02   2.6828401e+02   5.5554587e+02   4.7663393e+02   4.1057118e+02   2.7802325e+02   5.8054550e+02   3.8316380e+02   6.4463411e+02   4.6010146e+02   5.3279825e+02   3.2205511e+02   5.8163520e+02   6.5289565e+02   4.2714547e+02   3.5937851e+02   5.2897846e+02   5.6440485e+02   6.3286425e+02   3.8946859e+02   6.5668750e+02   5.9560104e+02   5.1593939e+02   3.7960921e+02   5.2153462e+02   6.2669509e+02   5.0293157e+02   4.6781376e+02
   4.1251980e+02   4.1251980e+02   3.4068862e+02   2.6828401e+02   2.3437409e+02   4.7663393e+02   2.4621471e+02   2.7802325e+02   4.0144220e+02   2.8713930e+02   1.7798009e+02   2.6364188e+02   2.8254340e+02   3.2205511e+02   1.7840356e+02   2.6936338e+02   1.5259612e+02   2.7993482e+02   1.8774652e+02   5.0270112e+02   3.8071554e+02   3.8946859e+02   4.9100683e+02   3.0715623e+02   3.1851080e+02   3.4500155e+02   3.2456328e+02   3.4587818e+02   2.9212758e+02   3.2373569e+02
   1.3216268e+02   1.3216268e+02   1.6107362e+02   1.3173812e+02   2.3437409e+02   1.4830275e+02   1.6673767e+02   1.1836550e+02   1.9300445e+02   1.3953331e+02   1.1719730e+02   1.2957608e+02   1.5883275e+02   1.8378072e+02   7.8582336e+01   1.0335563e+02   1.5130695e+02   5.9674306e+01   9.8344370e+01   1.7225606e+02   1.6869414e+02   2.2306694e+02   1.2541477e+02   1.6582290e+02   2.7526154e+02   1.4033898e+02   1.3051786e+02   1.4154609e+02   1.6670445e+02   1.6340468e+02
   4.8782954e+01   4.8782954e+01   3.3900690e+01   3.3012820e+01   6.4108686e+01   3.3763536e+01   4.7661160e+01   2.6511184e+01   4.7456477e+01   1.4129491e+01   3.1433851e+01   3.0143006e+01   2.7648524e+01   3.9905011e+01   1.6690931e+01   1.6272381e+01   2.5542933e+01   2.2848758e+01   3.4075757e+01   4.6752544e+01   4.1945509e+01   3.9430272e+01   3.4688511e+01   2.8881239e+01   4.3753070e+01   4.3659960e+01   2.8943647e+01   2.9705560e+01   2.6138259e+01   5.8971446e+01
   3.4026274e+00   3.4026274e+00   4.2188976e+00   4.0002450e+00   4.6824895e+00   4.2975480e+00   4.1559184e+00   2.5357531e+00   3.8808384e+00   3.4458270e+00   3.9175279e+00   4.1259748e+00   3.3278027e+00   4.4592046e+00   3.6044706e+00   2.7154189e+00   3.0200155e+00   2.9020959e+00   4.1070139e+00   4.9978466e+00   5.7937972e+00   2.9537584e+00   3.8256695e+00   3.1262992e+00   4.3800754e+00   5.2643452e+00   3.5014448e+00   3.4131126e+00   3.6124324e+00   6.0086089e+00
   1.1144780e+00   1.1144780e+00   9.6242172e-01   7.2169011e-01   7.7741179e-01   1.5707705e+00   8.4141690e-01   5.7061836e-01   7.4627090e-01   1.0057370e+00   8.5279372e-01   7.4563375e-01   5.4279774e-01   1.1944328e+00   7.3468451e-01   4.6507991e-01   5.3137984e-01   4.7641194e-01   7.2258591e-01   8.9461883e-01   1.8283095e+00   5.4502065e-01   1.0771467e+00   5.6612131e-01   3.0267250e-01   5.2521774e-01   7.2020787e-01   8.9322697e-01   9.9238651e-01   1.1504587e+00
   1.4561869e-01   1.4561869e-01   1.7114257e-01   1.3062674e-01   1.9510380e-01   1.0193251e-01   1.2735606e-01   1.9007367e-01   4.3564332e-01   2.2330229e-01   2.2163083e-01   3.3099733e-01   2.0921842e-01   2.8305077e-01   9.9290992e-02   1.2545158e-01   1.2059419e-01   1.3962464e-01   2.7367984e-01   2.1735759e-01   2.4889659e-01   1.9190844e-01   3.1830834e-01   1.6085749e-01   2.1078774e-01   2.4124212e-01   3.5044249e-01   2.8007735e-01   2.9040524e-01   4.0694171e-01
   1.4676115e-02   1.4676115e-02   1.5657397e-02   2.1503512e-02   3.2611870e-02   3.4469628e-02   5.1254948e-02   5.3365339e-02   5.3762307e-02   5.5184154e-02   5.7356782e-02   5.8587748e-02   6.9536252e-02   7.0453818e-02   7.0844953e-02   7.2052392e-02   7.4700609e-02   7.5485235e-02   8.1458582e-02   8.1734072e-02   8.6126659e-02   9.1450607e-02   1.0902572e-01   1.1929267e-01   1.1931611e-01   1.2285603e-01   1.2780608e-01   1.3069014e-01   1.3513746e-01   1.7721041e-01
