   2.4896704e+05   3.3981221e+05   2.0412050e+05   1.8508979e+05   5.0423122e+05   6.0804051e+05   3.8549101e+05   7.5864884e+05   5.9924525e+05   1.0988679e+05   3.1017801e+05   5.3841062e+05   1.6986462e+05   2.0380758e+05   1.0928900e+06   5.0308918e+05   5.9236054e+05   4.1826367e+05   3.0207186e+05   1.1001269e+06   1.9512982e+05   2.7256228e+05   4.1406712e+05   7.6512085e+05   9.1167179e+04   2.9905061e+05   4.6829124e+05   6.9930918e+05   1.6484025e+05   4.2941842e+05
   2.4896704e+05   3.0584162e+05   2.0412050e+05   1.8508979e+05   4.4111956e+04   9.5213616e+04   1.5220580e+05   2.1806600e+05   2.1182874e+05   1.0376325e+05   2.5146479e+05   2.0099258e+05   1.0738923e+05   2.0380758e+05   9.7651669e+04   3.2089467e+05   1.0569957e+05   2.0883566e+05   2.3156152e+05   6.8394725e+04   1.9512982e+05   2.3077935e+05   1.9125437e+05   1.7091918e+05   9.1167179e+04   1.2710833e+05   2.0581223e+05   3.2505266e+05   1.6484025e+05   9.7297519e+04
   1.3045073e+05   5.0163927e+04   1.5250900e+04   5.5121405e+04   4.4111956e+04   8.2515513e+04   2.4586769e+04   4.6842707e+04   6.2134503e+04   3.4732744e+04   5.5954147e+04   1.7599633e+05   4.0642686e+04   1.6460844e+05   9.7651669e+04   1.4074753e+05   6.0426390e+04   1.3717999e+05   1.3791240e+05   6.8394725e+04   6.9003829e+04   4.8723115e+04   3.2241185e+04   5.5412876e+04   9.1167179e+04   6.9994514e+04   1.3278784e+05   8.5375358e+04   9.5764345e+04   8.2500332e+04
   2.2766335e+04   5.0163927e+04   1.5250900e+04   3.7659325e+04   4.4111956e+04   8.1036817e+04   2.4586769e+04   4.6842707e+04   3.7977342e+04   3.4732744e+04   1.0790580e+04   3.2041245e+04   2.6528273e+04   9.7797120e+04   2.9911300e+04   1.4074753e+05   6.0426390e+04   6.8833831e+04   2.1222399e+04   6.8394725e+04   6.9003829e+04   4.8723115e+04   3.2241185e+04   5.5412876e+04   8.9087248e+04   4.5706966e+04   4.5498647e+04   8.5375358e+04   4.2903869e+04   8.2500332e+04
   2.2511164e+04   4.0949361e+03   1.5250900e+04   3.3052894e+04   1.8100852e+04   2.5287489e+04   1.0966663e+04   4.6842707e+04   3.7859306e+04   1.6733485e+04   1.0790580e+04   1.5575429e+04   2.6528273e+04   2.0658919e+04   2.9911300e+04   8.2600838e+03   2.1671836e+04   5.6779838e+04   2.1222399e+04   3.2437164e+04   3.6625124e+04   4.8723115e+04   3.2241185e+04   3.6434986e+04   1.0149865e+04   1.8195591e+03   1.8418775e+04   3.9860861e+04   1.1095036e+04   1.9377375e+04
   4.4724299e+03   4.0949361e+03   1.3380612e+04   8.0352606e+03   5.9630372e+03   1.3247649e+04   4.3304003e+03   9.0764330e+03   6.0676413e+03   5.5289075e+03   1.0790580e+04   4.2290490e+03   3.3049704e+03   2.0658919e+04   4.3148347e+03   8.2600838e+03   1.2659334e+04   1.0355297e+04   4.9218286e+03   1.3457073e+04   4.2749322e+03   2.7552085e+04   3.6403498e+03   7.2667549e+03   6.0919349e+03   1.8195591e+03   4.4372222e+03   1.6303701e+04   1.7348879e+03   1.2940928e+04
   4.3780933e+02   4.4222848e+02   7.0965397e+02   3.2313158e+02   2.3429463e+02   7.0788311e+02   1.8142513e+02   1.0300595e+03   5.1755419e+02   6.8763304e+02   2.2444040e+02   5.5671071e+02   2.0112017e+02   6.1157332e+02   6.7896637e+02   7.2074012e+02   5.1659660e+02   7.0127980e+02   2.8556597e+02   6.7453299e+02   1.9607132e+02   2.3039809e+02   3.8761967e+02   4.5466462e+02   7.2156425e+02   4.1863467e+02   4.9482470e+02   1.9669467e+02   8.6756006e+02   2.3019806e+02
   2.3023965e+01   2.2824648e+01   1.9243016e+01   2.9336422e+01   1.8279476e+01   2.8998393e+01   2.1136917e+01   2.8478113e+01   2.9564160e+01   2.3233107e+01   1.9715291e+01   2.7244638e+01   2.2758679e+01   2.5907023e+01   2.6842721e+01   2.6955414e+01   2.4620604e+01   3.1152932e+01   2.5604203e+01   1.8169207e+01   2.2756596e+01   2.5971466e+01   2.0254938e+01   1.9857994e+01   1.7508057e+01   2.7990603e+01   3.8053818e+01   3.7671332e+01   2.2628028e+01   2.3312809e+01
   1.0797530e+01   1.0522830e+01   8.8114633e+00   1.1509807e+01   1.1644967e+01   1.1507011e+01   1.1090537e+01   1.0914245e+01   1.1638996e+01   1.1576384e+01   1.1633216e+01   1.0965467e+01   1.1926892e+01   9.6436350e+00   1.1503626e+01   1.2321778e+01   1.1295174e+01   1.0392421e+01   1.0697118e+01   1.1312079e+01   1.0743621e+01   1.0516564e+01   1.0170685e+01   9.4513682e+00   1.1946934e+01   1.1521800e+01   1.1889081e+01   1.1485654e+01   1.1760541e+01   1.0125273e+01
   8.6019708e+00   8.1886265e+00   8.8114633e+00   9.0437062e+00   7.8124732e+00   1.0251167e+01   9.4536226e+00   1.0292565e+01   8.5582668e+00   1.0389655e+01   9.8881736e+00   9.9413434e+00   1.0210957e+01   9.6436350e+00   9.9066543e+00   8.8495893e+00   9.1263844e+00   1.0135946e+01   1.0130136e+01   9.2510977e+00   8.9236951e+00   6.4840994e+00   9.9236093e+00   9.4513682e+00   9.1575218e+00   9.0054090e+00   8.8608144e+00   9.2223719e+00   1.0303577e+01   7.1376794e+00
   7.6680170e+00   8.1886265e+00   7.2927393e+00   8.5280020e+00   7.8124732e+00   8.6983692e+00   9.0690220e+00   8.9817185e+00   8.5582668e+00   8.9242569e+00   7.9300879e+00   9.2759575e+00   8.4613528e+00   9.2156931e+00   8.6201920e+00   6.9636932e+00   6.6315995e+00   8.6297590e+00   8.5271086e+00   8.6936368e+00   7.1221358e+00   6.4840994e+00   8.1607361e+00   7.7041737e+00   8.1792481e+00   8.6156129e+00   8.8608144e+00   8.3327994e+00   8.3863536e+00   7.1376794e+00
   5.3866846e+00   8.1886265e+00   6.3025542e+00   4.6890308e+00   7.3690799e+00   6.1993577e+00   5.4300100e+00   5.7342895e+00   5.7659004e+00   5.6991791e+00   5.1596514e+00   6.2359902e+00   6.4944520e+00   6.0775390e+00   7.1096250e+00   6.9149870e+00   4.6659854e+00   5.2279290e+00   6.1120623e+00   6.7694176e+00   7.1221358e+00   4.7445885e+00   7.6968574e+00   7.5780731e+00   6.3388732e+00   6.2215502e+00   5.5456734e+00   7.2121664e+00   6.1183987e+00   6.4606153e+00
   2.7076249e+00   2.6052230e+00   2.7922998e+00   2.0299968e+00   2.7907517e+00   2.3114431e+00   2.5911476e+00   1.7538949e+00   2.3591623e+00   1.9331048e+00   2.2597466e+00   2.8813591e+00   2.9529870e+00   2.1142013e+00   2.1885421e+00   3.2558622e+00   2.4678622e+00   2.3094694e+00   2.4362740e+00   2.5377241e+00   2.4599303e+00   2.2358396e+00   2.3622472e+00   2.5775780e+00   2.8046834e+00   2.4549305e+00   1.9328760e+00   2.8538498e+00   2.6222045e+00   3.2112152e+00
   1.5005364e+00   1.4339943e+00   1.3472780e+00   1.3106207e+00   1.5224496e+00   1.2745630e+00   1.4685268e+00   9.9074884e-01   1.2557331e+00   1.5494242e+00   1.3384681e+00   1.5798594e+00   1.5536003e+00   1.1027935e+00   1.2625970e+00   1.3813466e+00   1.5270847e+00   1.3571544e+00   1.3281331e+00   1.1617611e+00   1.2893452e+00   1.5102403e+00   1.4904258e+00   1.4830891e+00   1.5005936e+00   1.4805065e+00   1.3696402e+00   1.5301506e+00   1.2081021e+00   1.1848455e+00
   8.3652541e-01   8.1146620e-01   8.6768053e-01   8.0565089e-01   9.6284282e-01   8.4106562e-01   8.6206121e-01   8.5280513e-01   8.1112574e-01   8.2658324e-01   9.5150343e-01   9.1779001e-01   8.5658211e-01   7.8821611e-01   8.8465321e-01   8.3795010e-01   9.2907145e-01   7.3820994e-01   7.6009482e-01   8.9451221e-01   8.7551809e-01   8.7836616e-01   9.2535334e-01   8.4565141e-01   8.5833836e-01   9.9047261e-01   9.9494247e-01   1.0406931e+00   8.4923945e-01   8.1556340e-01
   4.5403077e-01   4.7391595e-01   5.1665360e-01   5.3662624e-01   5.3794059e-01   5.3917239e-01   5.4414571e-01   5.4766484e-01   5.4862499e-01   5.5594590e-01   5.6932960e-01   5.7854857e-01   5.8317863e-01   5.9238427e-01   5.9314775e-01   5.9465011e-01   6.0493686e-01   6.0781093e-01   6.2061725e-01   6.2382693e-01   6.3223570e-01   6.3689402e-01   6.4506195e-01   6.4908188e-01   6.4945377e-01   6.6751708e-01   6.7494413e-01   6.7831158e-01   7.0833252e-01   7.1195185e-01
