   3.3832213e+07   1.7740182e+07   8.1168049e+06   2.2004793e+07   2.9076444e+07   1.0687469e+07   8.1498887e+06   1.0776727e+07   3.6396875e+07   1.8710911e+07   2.1799709e+07   3.7801494e+06   3.6132004e+06   3.6008474e+07   3.0352674e+07   4.4061932e+07   6.0378101e+06   2.5804570e+07   3.3826701e+07   3.1376014e+07   2.8358399e+06   3.7514490e+07   2.3675997e+07   2.1012772e+07   1.5108056e+07   3.1285122e+07   2.4283795e+07   1.8204357e+07   8.2613547e+06   2.2434391e+07
   1.3751621e+07   1.7740182e+07   8.1168049e+06   7.1473209e+06   1.7354594e+07   2.1274231e+06   2.2648194e+06   7.5397436e+06   1.2248399e+07   1.6363014e+07   2.1799709e+07   3.7801494e+06   3.6132004e+06   1.4686134e+07   3.0352674e+07   2.1179642e+07   4.2909553e+06   2.1782226e+07   2.6351536e+07   2.4253621e+07   2.8358399e+06   2.5691102e+07   8.6042083e+06   2.1012772e+07   9.4969388e+06   9.0010123e+06   8.5897233e+06   5.7390581e+06   8.2613547e+06   2.2434391e+07
   1.3751621e+07   4.5071419e+06   3.5317951e+06   7.1473209e+06   1.4583298e+07   2.1274231e+06   2.2648194e+06   7.5397436e+06   1.2053041e+07   5.9448965e+06   1.9670438e+05   3.7801494e+06   3.6132004e+06   8.5710311e+06   7.0020430e+06   6.3775049e+06   4.2909553e+06   1.5040119e+07   2.0975327e+06   8.1942871e+06   2.8358399e+06   3.9866362e+06   8.6042083e+06   6.1447658e+06   9.4969388e+06   3.9869793e+06   5.6012845e+06   5.7390581e+06   3.5984335e+06   1.2800537e+07
   3.9198014e+06   4.5071419e+06   8.3906992e+05   6.2418734e+06   7.0256100e+06   2.1274231e+06   2.2648194e+06   7.5397436e+06   1.2053041e+07   3.7014815e+06   1.9670438e+05   3.7801494e+06   1.0470512e+06   3.4203505e+06   7.0020430e+06   6.3775049e+06   4.2909553e+06   9.1677658e+05   2.0975327e+06   8.1942871e+06   2.8357913e+06   3.9866362e+06   7.1663042e+06   2.3896516e+06   5.2577304e+06   3.6427422e+06   5.6012845e+06   5.5472534e+06   2.4730040e+06   2.7282828e+06
   3.9198014e+06   1.0494868e+06   8.3906992e+05   5.9592862e+06   9.7437812e+05   2.1274231e+06   2.2648194e+06   4.1661626e+06   2.2008377e+06   2.6178715e+06   1.9670438e+05   2.8118660e+06   1.0470512e+06   3.4203505e+06   4.9912852e+06   6.3775049e+06   1.5810559e+06   6.3349845e+05   2.0975327e+06   8.1942871e+06   2.1888302e+06   2.1219511e+06   2.1936080e+06   2.3896516e+06   5.2577304e+06   2.0743557e+06   5.6012845e+06   3.7469518e+06   2.4361824e+06   9.1352405e+05
   1.3128779e+06   1.0494868e+06   8.3906992e+05   5.5688053e+05   9.6111856e+05   1.2266343e+06   1.4360128e+06   1.1357798e+06   7.5037569e+05   1.3557315e+06   1.9670438e+05   1.4610609e+06   1.0470512e+06   3.4203505e+06   2.7690919e+06   8.2251224e+05   1.5810559e+06   6.3349845e+05   2.0975327e+06   1.2193663e+06   1.7130199e+06   7.9605231e+05   1.2077378e+06   1.9094952e+06   4.4665814e+05   1.0643440e+06   1.1060797e+06   1.8076345e+06   7.7715010e+05   9.1352405e+05
   3.8782110e+05   4.3581099e+05   3.0388759e+05   2.7437635e+05   2.8064787e+05   2.4643666e+05   1.9254611e+05   2.0945466e+05   3.1586284e+05   4.9356922e+04   1.8586902e+05   3.7854167e+05   1.3396046e+05   3.7753756e+05   3.0523963e+05   5.1890372e+05   1.5957358e+05   2.5681255e+05   1.9352315e+05   3.5140810e+05   3.7883280e+05   2.2613274e+05   4.0843907e+05   2.9651126e+05   1.9895994e+05   3.5522483e+05   4.0990166e+05   3.5067337e+05   1.9466627e+05   2.7620617e+05
   9.7089401e+03   2.0148339e+04   9.4190651e+03   1.4408258e+04   1.2933462e+04   1.1919370e+04   1.0655336e+04   1.0063385e+04   8.6701813e+03   7.9087736e+03   1.2579722e+04   1.8314849e+04   1.1804317e+04   1.7650405e+04   1.4832930e+04   1.6084896e+04   1.5595388e+04   1.1397880e+04   1.2817415e+04   6.0107477e+03   1.8625491e+04   1.4503995e+04   6.5328132e+03   6.8336652e+03   1.0806919e+04   1.1685786e+04   1.4408447e+04   2.0583419e+04   1.4073965e+04   2.0575459e+04
   5.5156415e+02   8.7497682e+02   7.5160968e+02   8.7216938e+02   6.0659805e+02   6.1240527e+02   5.6410490e+02   3.4137566e+02   6.0935880e+02   8.2610233e+02   7.6146008e+02   7.4874803e+02   4.8003266e+02   6.0233140e+02   6.4259256e+02   8.2232196e+02   7.8007980e+02   6.4039397e+02   6.5959737e+02   4.8988392e+02   5.8907908e+02   6.3267936e+02   6.8731920e+02   7.7326004e+02   7.4733591e+02   5.8883812e+02   4.3367311e+02   7.1335343e+02   5.1838636e+02   5.8132545e+02
   1.3577178e+02   1.4186212e+02   1.0850870e+02   1.0200397e+02   9.8208416e+01   9.2375874e+01   7.9038150e+01   1.0877911e+02   1.3036144e+02   2.1911187e+02   1.4805066e+02   1.0464262e+02   1.3585114e+02   5.0369100e+01   1.2615982e+02   1.3463527e+02   1.3229199e+02   1.2392412e+02   1.4775970e+02   1.1509198e+02   1.7297496e+02   1.1899421e+02   1.2402539e+02   8.8320529e+01   9.9673412e+01   1.7703454e+02   1.1861730e+02   8.6384960e+01   1.0226225e+02   8.6829686e+01
   4.4089183e+01   3.2889284e+01   3.3693623e+01   3.6169147e+01   2.9601654e+01   2.4521812e+01   3.3653851e+01   2.5276347e+01   3.0846317e+01   5.9789026e+01   4.0945239e+01   2.2301110e+01   1.7344010e+01   3.2087322e+01   4.5936356e+01   4.6516608e+01   4.6058361e+01   2.1234887e+01   3.6006142e+01   3.0251574e+01   3.5336403e+01   3.4383749e+01   4.4834360e+01   3.3895952e+01   2.6609784e+01   3.6696723e+01   2.9425753e+01   5.9145413e+01   4.7562041e+01   3.7945465e+01
   4.5767791e+00   4.7101441e+00   1.7169445e+00   1.7211611e+00   1.2500047e+00   1.4846202e+00   1.4906739e+00   2.6964673e+00   1.3326066e+00   1.6806590e+00   6.7789631e+00   8.2039239e-01   5.7156354e+00   6.2199528e+00   4.4821116e+00   8.6938366e+00   1.3396640e+00   1.1508699e+00   5.4559194e+00   1.5546338e+00   2.3130812e+00   2.9016511e+00   6.2998867e+00   2.8501025e+00   2.3213190e+00   3.1524956e+00   1.9025983e+00   7.6710109e+00   1.5609181e+00   7.0164499e+00
   1.2318520e+00   7.4840092e-01   7.5316913e-01   5.1767396e-01   5.1934845e-01   5.2040278e-01   5.1945235e-01   1.1980547e+00   8.6051946e-01   8.0863961e-01   7.1152189e-01   6.7108258e-01   8.4136200e-01   7.1319454e-01   8.5695702e-01   8.6885810e-01   8.4006903e-01   8.3815610e-01   8.5121793e-01   8.4443163e-01   8.2924902e-01   8.2769540e-01   8.5651992e-01   8.5107338e-01   9.5759235e-01   9.9236007e-01   9.8766183e-01   1.1830443e+00   1.1421501e+00   1.9524924e+00
   5.1485237e-01   5.6588631e-01   6.2670801e-01   5.1689749e-01   5.1921825e-01   5.1940516e-01   5.1941625e-01   6.2002932e-01   6.6087198e-01   6.3427452e-01   6.5609581e-01   6.5636174e-01   6.7481601e-01   6.9971774e-01   6.7554150e-01   8.0938215e-01   8.1176601e-01   8.1206343e-01   8.1214584e-01   8.1223138e-01   8.1324014e-01   8.2304625e-01   8.2850619e-01   8.3205266e-01   9.5468254e-01   9.8615483e-01   9.8761931e-01   1.1519900e+00   1.1415497e+00   1.9397069e+00
   3.5858056e-01   4.7146495e-01   5.9903659e-01   5.1689731e-01   5.1921820e-01   5.1940515e-01   5.1941609e-01   5.4084933e-01   6.2500657e-01   6.0745935e-01   6.5609518e-01   6.5611460e-01   6.7480368e-01   6.7511717e-01   6.7554120e-01   8.0937235e-01   8.1174797e-01   8.1206308e-01   8.1213154e-01   8.1222700e-01   8.1223505e-01   8.2302517e-01   8.2850616e-01   8.3149440e-01   9.5468242e-01   9.8504281e-01   9.8761928e-01   1.1408413e+00   1.1415482e+00   1.9378270e+00
   1.6532190e-01   3.6633533e-01   5.0258889e-01   5.1689729e-01   5.1921819e-01   5.1940515e-01   5.1941608e-01   5.4084808e-01   5.8186439e-01   6.0745809e-01   6.5609517e-01   6.5611460e-01   6.7480367e-01   6.7511695e-01   6.7554120e-01   8.0937231e-01   8.1174795e-01   8.1206307e-01   8.1213153e-01   8.1222700e-01   8.1223505e-01   8.2302514e-01   8.2850614e-01   8.3149439e-01   9.5468215e-01   9.8504279e-01   9.8761927e-01   1.1408413e+00   1.1415481e+00   1.9378269e+00
