   3.5290088e+02   4.3926887e+02   4.3143228e+02   2.6827208e+02   4.5710560e+02   2.9922400e+02   2.2754040e+02   2.7734951e+02   4.2001220e+02   4.8732562e+02   3.9922741e+02   4.1090196e+02   4.0112285e+02   4.4011947e+02   4.9585981e+02   3.3560495e+02   3.5409673e+02   3.9853832e+02   4.2924791e+02   2.5486400e+02   2.5203431e+02   4.3303217e+02   2.8231476e+02   3.6609084e+02   3.4236481e+02   3.6473549e+02   3.8159216e+02   3.7922457e+02   4.7391419e+02   4.8295353e+02
   3.0062829e+02   3.3859883e+02   2.0338007e+02   2.6827208e+02   3.6998437e+02   2.9062675e+02   2.2754040e+02   2.4058552e+02   4.2001220e+02   2.5302806e+02   3.0927846e+02   3.1455707e+02   3.3989140e+02   3.0838503e+02   2.3694223e+02   2.3776629e+02   3.5409673e+02   2.6851934e+02   2.9127715e+02   2.5486400e+02   2.5203431e+02   3.2701120e+02   2.4483181e+02   3.6609084e+02   3.4236481e+02   3.2711836e+02   3.3926972e+02   1.7213756e+02   4.4351357e+02   3.5692441e+02
   2.4536653e+02   1.8776048e+02   2.0338007e+02   1.7175926e+02   3.3914700e+02   2.7628065e+02   2.2754040e+02   2.4058552e+02   2.4824971e+02   2.5302806e+02   2.4736909e+02   2.8634593e+02   3.3989140e+02   2.8353392e+02   2.3694223e+02   2.3776629e+02   3.3482924e+02   2.6851934e+02   2.3086191e+02   2.2892806e+02   2.5203431e+02   2.3544935e+02   2.0048354e+02   3.1503884e+02   2.1134070e+02   3.2711836e+02   3.2021966e+02   1.7213756e+02   2.9432849e+02   2.9145143e+02
   2.0623332e+02   1.8776048e+02   1.8749668e+02   1.7175926e+02   2.3771215e+02   2.5405267e+02   2.2754040e+02   2.2947300e+02   2.1785460e+02   2.2338460e+02   2.4736909e+02   2.5965626e+02   3.0475710e+02   2.5919794e+02   2.3694223e+02   2.3776629e+02   3.0929489e+02   2.1543249e+02   1.9732385e+02   2.2892806e+02   2.1407023e+02   1.8997139e+02   1.2722906e+02   2.6052970e+02   2.1134070e+02   3.2711836e+02   2.9273243e+02   1.6894666e+02   2.1889961e+02   2.9145143e+02
   1.2445970e+02   1.3193384e+02   1.2580583e+02   1.2340135e+02   1.4086602e+02   1.1872604e+02   1.4812189e+02   1.0520725e+02   1.1001561e+02   1.5300982e+02   1.5052825e+02   1.8693122e+02   1.3479000e+02   1.3858458e+02   1.1901514e+02   8.4136475e+01   1.2598354e+02   1.5220503e+02   1.6663460e+02   1.7647457e+02   1.4641060e+02   1.2376706e+02   1.0492738e+02   1.2272944e+02   1.3721350e+02   1.2595582e+02   1.2299116e+02   1.4117971e+02   1.6966980e+02   1.3136555e+02
   9.0780589e+01   8.4429274e+01   1.0014391e+02   9.5281969e+01   8.6684066e+01   9.4370067e+01   9.2122934e+01   8.0381883e+01   9.1685783e+01   8.3713924e+01   8.9197856e+01   1.0331475e+02   7.6880289e+01   1.0199368e+02   9.5635356e+01   8.4136475e+01   8.4315773e+01   8.7103610e+01   1.0286979e+02   9.4111902e+01   1.0160096e+02   8.3129992e+01   8.8477664e+01   8.9036325e+01   8.5377854e+01   1.0150289e+02   7.9401857e+01   8.4535744e+01   1.0786356e+02   9.8248140e+01
   6.1158580e+01   6.1494851e+01   6.4560808e+01   3.0279835e+01   7.1045003e+01   6.5694842e+01   4.5987707e+01   6.5446510e+01   6.3292898e+01   4.9935702e+01   6.9532649e+01   7.2992469e+01   6.4836127e+01   5.4453897e+01   5.3888549e+01   5.2685670e+01   6.1921708e+01   5.5947292e+01   6.8359865e+01   5.5140293e+01   5.8974014e+01   6.1050167e+01   6.2676306e+01   5.8239329e+01   6.8543956e+01   4.3692393e+01   6.9414090e+01   5.7065459e+01   7.2818563e+01   6.8393838e+01
   2.0647617e+01   2.4163038e+01   2.3230331e+01   2.0248033e+01   2.1937328e+01   2.0288918e+01   2.1055510e+01   2.5761896e+01   2.4376410e+01   1.8133452e+01   2.5924633e+01   2.5742344e+01   2.4025417e+01   2.3724371e+01   2.0306171e+01   2.0499459e+01   2.3503555e+01   2.4313184e+01   2.3404188e+01   2.3958899e+01   2.0607163e+01   2.4769022e+01   2.4374655e+01   2.5164279e+01   2.6529802e+01   2.5743886e+01   2.2970975e+01   2.0915444e+01   3.0068538e+01   2.5834087e+01
   4.8306763e+00   4.6043741e+00   5.4881326e+00   3.9282889e+00   5.4126898e+00   5.8114842e+00   6.4466534e+00   5.8032315e+00   4.5650770e+00   4.6748140e+00   6.4177497e+00   4.1991689e+00   6.8235162e+00   6.1450938e+00   5.0497182e+00   5.1783283e+00   7.1711703e+00   7.6976989e+00   7.4112145e+00   5.5004558e+00   5.1898642e+00   7.3855424e+00   5.4299994e+00   6.2077137e+00   4.5583494e+00   6.7137115e+00   6.4635792e+00   6.5419991e+00   8.0243275e+00   4.4950844e+00
   1.9734081e-02   2.8481234e-02   3.4125147e-02   3.4189554e-02   4.0541934e-02   2.4670915e-02   3.1185837e-02   3.2577188e-02   3.6288630e-02   3.4620535e-02   3.4914342e-02   3.7451311e-02   4.1068685e-02   3.9984338e-02   3.0921538e-02   1.9753731e-02   3.6474553e-02   4.2916115e-02   3.7695937e-02   4.2552110e-02   2.1281328e-02   4.0948953e-02   3.4709555e-02   3.8332801e-02   3.9932791e-02   2.8441653e-02   4.8505495e-02   5.2519010e-02   5.4946828e-02   3.2696014e-02
   3.3682317e-05   4.9480680e-05   4.0792307e-05   4.5175535e-05   4.3905322e-05   3.8760759e-05   5.0119511e-05   3.7950723e-05   6.1904056e-05   5.3037751e-05   3.7927029e-05   4.1571627e-05   3.6060031e-05   4.7577143e-05   3.2069630e-05   2.5516161e-05   3.0379354e-05   4.4733667e-05   5.1610177e-05   4.7141366e-05   2.8938070e-05   3.1889078e-05   4.3756839e-05   3.0825336e-05   5.1721553e-05   4.8040344e-05   5.5163863e-05   6.4054278e-05   6.8980736e-05   2.8876902e-05
   0.0000000e+00   0.0000000e+00   0.0000000e+00   0.0000000e+00   0.0000000e+00   0.0000000e+00   0.0000000e+00   0.0000000e+00   0.0000000e+00   0.0000000e+00   0.0000000e+00   0.0000000e+00   0.0000000e+00   0.0000000e+00   0.0000000e+00   0.0000000e+00   0.0000000e+00   0.0000000e+00   0.0000000e+00   0.0000000e+00   0.0000000e+00   0.0000000e+00   0.0000000e+00   0.0000000e+00   0.0000000e+00   0.0000000e+00   0.0000000e+00   0.0000000e+00   0.0000000e+00   0.0000000e+00
   0.0000000e+00   0.0000000e+00   0.0000000e+00   0.0000000e+00   0.0000000e+00   0.0000000e+00   0.0000000e+00   0.0000000e+00   0.0000000e+00   0.0000000e+00   0.0000000e+00   0.0000000e+00   0.0000000e+00   0.0000000e+00   0.0000000e+00   0.0000000e+00   0.0000000e+00   0.0000000e+00   0.0000000e+00   0.0000000e+00   0.0000000e+00   0.0000000e+00   0.0000000e+00   0.0000000e+00   0.0000000e+00   0.0000000e+00   0.0000000e+00   0.0000000e+00   0.0000000e+00   0.0000000e+00
   0.0000000e+00   0.0000000e+00   0.0000000e+00   0.0000000e+00   0.0000000e+00   0.0000000e+00   0.0000000e+00   0.0000000e+00   0.0000000e+00   0.0000000e+00   0.0000000e+00   0.0000000e+00   0.0000000e+00   0.0000000e+00   0.0000000e+00   0.0000000e+00   0.0000000e+00   0.0000000e+00   0.0000000e+00   0.0000000e+00   0.0000000e+00   0.0000000e+00   0.0000000e+00   0.0000000e+00   0.0000000e+00   0.0000000e+00   0.0000000e+00   0.0000000e+00   0.0000000e+00   0.0000000e+00
   0.0000000e+00   0.0000000e+00   0.0000000e+00   0.0000000e+00   0.0000000e+00   0.0000000e+00   0.0000000e+00   0.0000000e+00   0.0000000e+00   0.0000000e+00   0.0000000e+00   0.0000000e+00   0.0000000e+00   0.0000000e+00   0.0000000e+00   0.0000000e+00   0.0000000e+00   0.0000000e+00   0.0000000e+00   0.0000000e+00   0.0000000e+00   0.0000000e+00   0.0000000e+00   0.0000000e+00   0.0000000e+00   0.0000000e+00   0.0000000e+00   0.0000000e+00   0.0000000e+00   0.0000000e+00
   0.0000000e+00   0.0000000e+00   0.0000000e+00   0.0000000e+00   0.0000000e+00   0.0000000e+00   0.0000000e+00   0.0000000e+00   0.0000000e+00   0.0000000e+00   0.0000000e+00   0.0000000e+00   0.0000000e+00   0.0000000e+00   0.0000000e+00   0.0000000e+00   0.0000000e+00   0.0000000e+00   0.0000000e+00   0.0000000e+00   0.0000000e+00   0.0000000e+00   0.0000000e+00   0.0000000e+00   0.0000000e+00   0.0000000e+00   0.0000000e+00   0.0000000e+00   0.0000000e+00   0.0000000e+00
