   5.3952039e+03   4.5257736e+03   5.9210304e+03   4.7766891e+03   5.1009071e+03   4.9391267e+03   5.8771895e+03   4.9905770e+03   4.5278519e+03   5.5620785e+03   4.6094956e+03   5.9150220e+03   5.6837429e+03   5.3992345e+03   5.8337597e+03   5.9383349e+03   5.7446458e+03   4.7845633e+03   4.9814020e+03   4.7056581e+03   5.4867110e+03   4.5792192e+03   6.2707171e+03   5.1972721e+03   4.8560185e+03   3.8861330e+03   6.0884603e+03   4.5430935e+03   5.4036721e+03   6.0071386e+03
   5.3952039e+03   2.9291939e+03   4.4829143e+03   4.7766891e+03   5.1009071e+03   2.8531468e+03   5.6725880e+03   4.0995991e+03   4.5278519e+03   4.9025718e+03   4.6094956e+03   5.7104682e+03   4.5949785e+03   5.3992345e+03   5.3811922e+03   5.4178183e+03   4.8398680e+03   4.7845633e+03   4.9814020e+03   4.6412418e+03   4.8908534e+03   3.0422815e+03   5.8356062e+03   4.5362633e+03   4.8560185e+03   3.0727630e+03   5.4819982e+03   4.1197875e+03   5.3440851e+03   3.4928883e+03
   4.7039700e+03   2.9291939e+03   4.1974593e+03   4.7723266e+03   4.5219298e+03   2.8531468e+03   3.3907838e+03   3.1522241e+03   4.5278519e+03   4.9025718e+03   4.2833987e+03   3.4434357e+03   3.7875960e+03   4.0667192e+03   5.3778431e+03   5.4178183e+03   2.8747586e+03   4.5478455e+03   3.8946116e+03   3.7095672e+03   3.7171502e+03   3.0422815e+03   4.2865310e+03   4.2428902e+03   3.5377770e+03   2.8082141e+03   5.0044355e+03   3.9073007e+03   3.4279517e+03   3.4928883e+03
   3.5442510e+03   2.7867979e+03   4.1239537e+03   2.3331481e+03   4.5219298e+03   2.8531468e+03   2.5759489e+03   2.9493072e+03   4.5278519e+03   4.6445637e+03   3.8214941e+03   3.4434357e+03   3.7875960e+03   3.1275369e+03   3.1367620e+03   4.4680689e+03   2.8747586e+03   3.8323665e+03   3.1096952e+03   3.1284677e+03   3.7171502e+03   2.3265545e+03   4.2865310e+03   2.7491260e+03   3.5377770e+03   2.8082141e+03   2.7393044e+03   3.4099259e+03   3.4279517e+03   3.0715350e+03
   3.2922425e+03   2.5584879e+03   3.6761745e+03   2.3331481e+03   4.4372950e+03   2.6307513e+03   2.4519749e+03   2.2863919e+03   4.0750149e+03   3.4580223e+03   1.8817367e+03   3.4434357e+03   2.9779453e+03   2.9874934e+03   2.5900353e+03   4.3053943e+03   2.8747586e+03   2.8415876e+03   3.1096952e+03   3.1284677e+03   2.9297343e+03   2.1708034e+03   4.0701115e+03   2.7491260e+03   3.4731620e+03   2.6918645e+03   2.7393044e+03   2.3401469e+03   2.2545712e+03   3.0715350e+03
   2.6156812e+03   2.2471728e+03   2.1166666e+03   1.8576966e+03   2.2089239e+03   2.0698750e+03   1.6417979e+03   1.8843918e+03   1.9134032e+03   2.4081477e+03   1.8817367e+03   2.7253273e+03   2.6522021e+03   2.0684811e+03   2.5900353e+03   2.1064720e+03   2.1468406e+03   2.2790111e+03   2.7258509e+03   1.8495715e+03   2.5989504e+03   1.7080073e+03   2.7075738e+03   1.5151336e+03   1.7720790e+03   1.8241648e+03   2.2942237e+03   2.0508716e+03   2.0912514e+03   1.6203462e+03
   8.2121833e+02   1.3190047e+03   8.4043549e+02   9.0391472e+02   1.1356488e+03   1.0499328e+03   9.9362331e+02   8.8942048e+02   1.2218188e+03   1.1861106e+03   8.4003910e+02   1.0501846e+03   1.2428595e+03   7.9035764e+02   1.3245016e+03   1.1181263e+03   7.2358027e+02   7.4826664e+02   7.7744560e+02   7.2081802e+02   9.9836675e+02   7.5266248e+02   9.5783175e+02   9.8486143e+02   9.3949440e+02   1.0405236e+03   1.0755603e+03   7.5879847e+02   8.4121957e+02   1.0373268e+03
   2.8220384e+02   2.7331490e+02   2.8642412e+02   2.6713205e+02   3.1788640e+02   2.8140985e+02   2.5496062e+02   2.5256427e+02   3.6540371e+02   3.1866272e+02   2.9050929e+02   2.7620038e+02   2.7109251e+02   2.7275522e+02   3.7933174e+02   3.1438831e+02   2.9651069e+02   2.8413506e+02   2.8288914e+02   2.3112067e+02   2.4921285e+02   2.0566113e+02   3.0114101e+02   3.0152994e+02   2.7467807e+02   2.3330008e+02   2.6860574e+02   2.3765630e+02   2.5658300e+02   2.5655243e+02
   1.1939752e+02   1.1926057e+02   1.2155813e+02   1.2029389e+02   1.1973716e+02   1.1909370e+02   1.2108099e+02   1.2017858e+02   1.2382440e+02   1.2458899e+02   1.2021554e+02   1.1898452e+02   1.1968305e+02   1.2058383e+02   1.3056046e+02   1.2325575e+02   1.2161972e+02   1.1916171e+02   1.2027582e+02   1.2009352e+02   1.2182598e+02   1.1847522e+02   1.2110671e+02   1.2088744e+02   1.2183416e+02   1.1654038e+02   1.1984510e+02   1.2052557e+02   1.2081297e+02   1.2155538e+02
   1.0121054e+02   1.0132189e+02   1.0103023e+02   1.0105175e+02   1.0108325e+02   1.0127354e+02   1.0146356e+02   1.0126141e+02   1.0194759e+02   1.0121439e+02   1.0107405e+02   1.0098624e+02   1.0078449e+02   1.0114076e+02   1.0178918e+02   1.0139069e+02   1.0132664e+02   1.0116171e+02   1.0122550e+02   1.0098821e+02   1.0139893e+02   1.0079639e+02   1.0148040e+02   1.0124863e+02   1.0112386e+02   1.0108760e+02   1.0098930e+02   1.0094524e+02   1.0088748e+02   1.0124939e+02
   1.0000024e+02   1.0000026e+02   1.0000022e+02   1.0000023e+02   1.0000023e+02   1.0000018e+02   1.0000025e+02   1.0000024e+02   1.0000032e+02   1.0000033e+02   1.0000026e+02   1.0000024e+02   1.0000020e+02   1.0000021e+02   1.0000033e+02   1.0000026e+02   1.0000027e+02   1.0000022e+02   1.0000019e+02   1.0000026e+02   1.0000024e+02   1.0000018e+02   1.0000026e+02   1.0000028e+02   1.0000028e+02   1.0000017e+02   1.0000022e+02   1.0000023e+02   1.0000022e+02   1.0000024e+02
   1.0000000e+02   1.0000000e+02   1.0000000e+02   1.0000000e+02   1.0000000e+02   1.0000000e+02   1.0000000e+02   1.0000000e+02   1.0000000e+02   1.0000000e+02   1.0000000e+02   1.0000000e+02   1.0000000e+02   1.0000000e+02   1.0000000e+02   1.0000000e+02   1.0000000e+02   1.0000000e+02   1.0000000e+02   1.0000000e+02   1.0000000e+02   1.0000000e+02   1.0000000e+02   1.0000000e+02   1.0000000e+02   1.0000000e+02   1.0000000e+02   1.0000000e+02   1.0000000e+02   1.0000000e+02
   1.0000000e+02   1.0000000e+02   1.0000000e+02   1.0000000e+02   1.0000000e+02   1.0000000e+02   1.0000000e+02   1.0000000e+02   1.0000000e+02   1.0000000e+02   1.0000000e+02   1.0000000e+02   1.0000000e+02   1.0000000e+02   1.0000000e+02   1.0000000e+02   1.0000000e+02   1.0000000e+02   1.0000000e+02   1.0000000e+02   1.0000000e+02   1.0000000e+02   1.0000000e+02   1.0000000e+02   1.0000000e+02   1.0000000e+02   1.0000000e+02   1.0000000e+02   1.0000000e+02   1.0000000e+02
   1.0000000e+02   1.0000000e+02   1.0000000e+02   1.0000000e+02   1.0000000e+02   1.0000000e+02   1.0000000e+02   1.0000000e+02   1.0000000e+02   1.0000000e+02   1.0000000e+02   1.0000000e+02   1.0000000e+02   1.0000000e+02   1.0000000e+02   1.0000000e+02   1.0000000e+02   1.0000000e+02   1.0000000e+02   1.0000000e+02   1.0000000e+02   1.0000000e+02   1.0000000e+02   1.0000000e+02   1.0000000e+02   1.0000000e+02   1.0000000e+02   1.0000000e+02   1.0000000e+02   1.0000000e+02
   1.0000000e+02   1.0000000e+02   1.0000000e+02   1.0000000e+02   1.0000000e+02   1.0000000e+02   1.0000000e+02   1.0000000e+02   1.0000000e+02   1.0000000e+02   1.0000000e+02   1.0000000e+02   1.0000000e+02   1.0000000e+02   1.0000000e+02   1.0000000e+02   1.0000000e+02   1.0000000e+02   1.0000000e+02   1.0000000e+02   1.0000000e+02   1.0000000e+02   1.0000000e+02   1.0000000e+02   1.0000000e+02   1.0000000e+02   1.0000000e+02   1.0000000e+02   1.0000000e+02   1.0000000e+02
   1.0000000e+02   1.0000000e+02   1.0000000e+02   1.0000000e+02   1.0000000e+02   1.0000000e+02   1.0000000e+02   1.0000000e+02   1.0000000e+02   1.0000000e+02   1.0000000e+02   1.0000000e+02   1.0000000e+02   1.0000000e+02   1.0000000e+02   1.0000000e+02   1.0000000e+02   1.0000000e+02   1.0000000e+02   1.0000000e+02   1.0000000e+02   1.0000000e+02   1.0000000e+02   1.0000000e+02   1.0000000e+02   1.0000000e+02   1.0000000e+02   1.0000000e+02   1.0000000e+02   1.0000000e+02
