   5.2491388e+03   5.8685951e+03   5.0003754e+03   5.4623270e+03   3.2796747e+03   4.7396855e+03   5.9049399e+03   5.4740078e+03   4.6586029e+03   7.0034772e+03   5.0285599e+03   4.9866612e+03   5.9909902e+03   4.2046445e+03   5.5646992e+03   4.9153438e+03   6.0351132e+03   6.3326116e+03   4.2665670e+03   5.3487959e+03   5.3627680e+03   3.4732486e+03   4.9465311e+03   4.9435289e+03   5.1508760e+03   4.5837977e+03   4.9536378e+03   4.8924351e+03   4.2780857e+03   4.2335589e+03
   3.2711841e+03   3.1594185e+03   3.6170157e+03   3.8504375e+03   3.2796747e+03   4.0843387e+03   2.3540645e+03   3.3876959e+03   3.6672071e+03   5.2344101e+03   3.4668581e+03   4.9866612e+03   3.4860887e+03   4.2046445e+03   4.8229686e+03   4.8028362e+03   3.5961303e+03   4.8332891e+03   3.9213171e+03   3.2164039e+03   2.8041959e+03   3.2412670e+03   4.4742878e+03   3.9755678e+03   2.9159301e+03   2.9948390e+03   3.6562416e+03   4.1587792e+03   3.9488977e+03   2.8381324e+03
   2.0575966e+03   3.0542855e+03   3.6170157e+03   2.6269857e+03   2.8880813e+03   2.7203758e+03   2.3540645e+03   3.1174086e+03   3.1195000e+03   2.8907464e+03   2.2899786e+03   3.0025699e+03   3.2055827e+03   3.2229238e+03   2.3587009e+03   2.8661056e+03   2.4225991e+03   2.9660208e+03   2.5485743e+03   2.2832618e+03   2.8041959e+03   2.2774456e+03   2.3528265e+03   2.9503214e+03   2.9159301e+03   2.9948390e+03   3.1746737e+03   2.1298364e+03   2.3679110e+03   2.8381324e+03
   2.0575966e+03   2.9776434e+03   2.3700496e+03   2.6269857e+03   1.6332928e+03   2.2919196e+03   1.7916104e+03   2.4241377e+03   2.4444920e+03   2.1423853e+03   2.2899786e+03   2.4653872e+03   2.2729741e+03   2.9327664e+03   2.3587009e+03   1.8486344e+03   1.7947779e+03   2.4002800e+03   2.4936719e+03   2.2832618e+03   2.4327577e+03   1.7133303e+03   1.9248724e+03   2.9503214e+03   2.2888605e+03   2.3714280e+03   2.1766376e+03   1.4637821e+03   1.6699185e+03   2.4911374e+03
   1.7621975e+03   2.4314185e+03   2.1577504e+03   1.7250905e+03   1.6332928e+03   1.8286307e+03   1.7916104e+03   1.7854094e+03   2.1820337e+03   2.1204366e+03   1.6591988e+03   1.5556895e+03   2.2729741e+03   2.2133041e+03   1.6792657e+03   1.6564682e+03   1.7947779e+03   1.7028166e+03   2.0023054e+03   1.6874807e+03   1.4217915e+03   1.3903968e+03   1.5381088e+03   2.2283304e+03   2.2016633e+03   1.9917505e+03   2.1264940e+03   1.4637821e+03   1.6699185e+03   1.2457061e+03
   1.6667950e+03   1.5196835e+03   1.5320464e+03   1.2519764e+03   1.2694785e+03   1.6505921e+03   1.4740327e+03   1.1269873e+03   1.6985250e+03   1.1308150e+03   1.0683038e+03   1.3934297e+03   1.4652589e+03   1.5625146e+03   1.5597678e+03   1.1925826e+03   9.8437347e+02   1.3686200e+03   1.3505288e+03   1.5168046e+03   1.1696410e+03   1.2111761e+03   1.4094024e+03   1.3604565e+03   1.3147822e+03   1.3659809e+03   1.5726767e+03   1.3350648e+03   1.5226839e+03   1.2457061e+03
   8.0718725e+02   8.2866836e+02   7.7452615e+02   8.1023273e+02   8.3708100e+02   8.0624261e+02   7.8891890e+02   7.5177973e+02   8.9637067e+02   8.0986731e+02   8.6887962e+02   7.9241868e+02   7.8627095e+02   8.3775103e+02   8.4973256e+02   8.8004278e+02   7.5457145e+02   8.5822213e+02   8.5992167e+02   8.1086462e+02   8.2027036e+02   8.0922506e+02   8.7981359e+02   7.9011330e+02   8.3877912e+02   8.5616302e+02   8.1261586e+02   8.2202122e+02   9.1738461e+02   8.2096243e+02
   5.7542927e+02   5.7693216e+02   5.9518218e+02   5.6681837e+02   5.7471632e+02   5.9035021e+02   5.8342182e+02   5.8089597e+02   5.8699763e+02   5.6879452e+02   5.7081282e+02   5.7335521e+02   5.7199916e+02   5.8888701e+02   5.9940964e+02   5.8464368e+02   5.7022200e+02   5.7784687e+02   5.9055420e+02   5.7778229e+02   5.9480066e+02   5.6535270e+02   5.8236792e+02   5.7915369e+02   5.8566485e+02   6.1169693e+02   5.8430068e+02   5.8667245e+02   5.7179778e+02   5.7546640e+02
   4.9327196e+02   4.9107483e+02   4.8970138e+02   4.9157533e+02   4.9179867e+02   5.0079389e+02   4.9227851e+02   4.9202170e+02   4.9065591e+02   4.9079479e+02   4.9122672e+02   4.9354172e+02   4.9326817e+02   4.9375650e+02   4.9251374e+02   4.9110874e+02   4.9281107e+02   4.9223898e+02   4.9190628e+02   5.0196083e+02   4.9888951e+02   4.9073328e+02   4.9320679e+02   4.8902351e+02   4.9156946e+02   5.0647297e+02   4.9235213e+02   4.9623529e+02   4.9094212e+02   4.9382449e+02
   4.8625394e+02   4.8619098e+02   4.8626180e+02   4.8616297e+02   4.8615868e+02   4.8622581e+02   4.8618289e+02   4.8619125e+02   4.8616975e+02   4.8618194e+02   4.8617463e+02   4.8614805e+02   4.8621530e+02   4.8618315e+02   4.8625261e+02   4.8625134e+02   4.8615311e+02   4.8631471e+02   4.8620335e+02   4.8620291e+02   4.8628461e+02   4.8618535e+02   4.8616763e+02   4.8625216e+02   4.8619651e+02   4.8632804e+02   4.8615963e+02   4.8629168e+02   4.8617155e+02   4.8613673e+02
   4.8573330e+02   4.8570349e+02   4.8573786e+02   4.8569683e+02   4.8574748e+02   4.8569380e+02   4.8571552e+02   4.8564466e+02   4.8573101e+02   4.8569391e+02   4.8571204e+02   4.8571300e+02   4.8570981e+02   4.8572961e+02   4.8570994e+02   4.8573266e+02   4.8568956e+02   4.8571254e+02   4.8569119e+02   4.8570560e+02   4.8570750e+02   4.8573043e+02   4.8571063e+02   4.8574241e+02   4.8572960e+02   4.8573803e+02   4.8571312e+02   4.8572962e+02   4.8570854e+02   4.8574064e+02
   4.8570013e+02   4.8569067e+02   4.8566027e+02   4.8565761e+02   4.8563000e+02   4.8569306e+02   4.8570129e+02   4.8562496e+02   4.8572580e+02   4.8569168e+02   4.8571185e+02   4.8571170e+02   4.8570947e+02   4.8572813e+02   4.8570947e+02   4.8572368e+02   4.8568944e+02   4.8571054e+02   4.8568895e+02   4.8570555e+02   4.8570738e+02   4.8572950e+02   4.8567882e+02   4.8572581e+02   4.8572950e+02   4.8572709e+02   4.8570374e+02   4.8570236e+02   4.8570248e+02   4.8570994e+02
   4.8568506e+02   4.8559340e+02   4.8538341e+02   4.8546159e+02   4.8560102e+02   4.8569306e+02   4.8558250e+02   4.8562448e+02   4.8572580e+02   4.8569166e+02   4.8571185e+02   4.8571170e+02   4.8570947e+02   4.8550013e+02   4.8570947e+02   4.8572368e+02   4.8568944e+02   4.8571054e+02   4.8563546e+02   4.8570555e+02   4.8570738e+02   4.8572950e+02   4.8561709e+02   4.8572581e+02   4.8572950e+02   4.8572709e+02   4.8570249e+02   4.8570209e+02   4.8570212e+02   4.8570913e+02
   4.8499103e+02   4.8514597e+02   4.8537861e+02   4.8540249e+02   4.8542044e+02   4.8569306e+02   4.8557138e+02   4.8562447e+02   4.8572580e+02   4.8569162e+02   4.8571185e+02   4.8571170e+02   4.8570947e+02   4.8549440e+02   4.8570947e+02   4.8572368e+02   4.8568944e+02   4.8571054e+02   4.8563498e+02   4.8570555e+02   4.8570738e+02   4.8572950e+02   4.8561558e+02   4.8572581e+02   4.8572950e+02   4.8572709e+02   4.8570181e+02   4.8570193e+02   4.8570155e+02   4.8570912e+02
   4.8165368e+02   4.8512221e+02   4.8537852e+02   4.8540219e+02   4.8542007e+02   4.8565646e+02   4.8552225e+02   4.8562443e+02   4.8572273e+02   4.8569136e+02   4.8569855e+02   4.8552073e+02   4.8570925e+02   4.8549439e+02   4.8570100e+02   4.8572202e+02   4.8568812e+02   4.8570512e+02   4.8563498e+02   4.8559615e+02   4.8559568e+02   4.8562046e+02   4.8561541e+02   4.8561926e+02   4.8563130e+02   4.8563393e+02   4.8570181e+02   4.8570156e+02   4.8570153e+02   4.8570912e+02
   4.8133862e+02   4.8512183e+02   4.8537850e+02   4.8539636e+02   4.8541967e+02   4.8546365e+02   4.8546985e+02   4.8547771e+02   4.8548016e+02   4.8548168e+02   4.8548202e+02   4.8548391e+02   4.8549032e+02   4.8549439e+02   4.8551475e+02   4.8554612e+02   4.8554811e+02   4.8556334e+02   4.8558040e+02   4.8558958e+02   4.8559467e+02   4.8560938e+02   4.8561052e+02   4.8561453e+02   4.8562312e+02   4.8562907e+02   4.8570031e+02   4.8570069e+02   4.8570153e+02   4.8570164e+02
