   5.4545326e+02   4.5727791e+02   7.0160881e+02   6.6549689e+02   3.7421389e+02   3.6283528e+02   5.3905440e+02   4.2502661e+02   5.2140859e+02   4.8514912e+02   4.7597905e+02   4.5098965e+02   5.2543649e+02   6.2413327e+02   5.0607643e+02   6.0714360e+02   2.8220633e+02   5.0202743e+02   6.8048095e+02   4.2634688e+02   3.4742020e+02   5.4767360e+02   3.5996231e+02   4.0533781e+02   4.9687249e+02   5.0043840e+02   4.6719345e+02   3.3909364e+02   4.7609387e+02   4.8193366e+02
   2.3625433e+02   3.8555476e+02   2.9738554e+02   2.0643817e+02   3.7421389e+02   1.5911314e+02   5.3905440e+02   4.2502661e+02   5.0381643e+02   4.8481224e+02   4.7597905e+02   4.5098593e+02   2.5038700e+02   4.7046468e+02   3.4229862e+02   5.2982933e+02   2.8220633e+02   4.8969241e+02   4.2456743e+02   3.0278049e+02   2.0337477e+02   3.7936892e+02   3.5996231e+02   4.0533781e+02   3.8608450e+02   5.0043840e+02   4.6719345e+02   3.3909364e+02   4.1582221e+02   4.3921742e+02
   2.3625433e+02   3.0815364e+02   2.9738554e+02   2.0643817e+02   3.0344542e+02   1.5911314e+02   3.4146929e+02   2.3179556e+02   4.4430953e+02   4.3750968e+02   2.5660001e+02   4.5098593e+02   2.5038700e+02   4.7046468e+02   2.1155878e+02   2.0474395e+02   2.7401245e+02   4.1570563e+02   4.2456743e+02   3.0278049e+02   2.0337477e+02   3.7936892e+02   2.8531544e+02   2.7775329e+02   2.9151917e+02   3.8957239e+02   3.5750539e+02   3.1553093e+02   3.3924950e+02   4.3921742e+02
   1.6137977e+02   3.0815364e+02   2.9287961e+02   2.0643817e+02   3.0344542e+02   1.5911314e+02   3.4146929e+02   2.3179556e+02   3.4670236e+02   4.1826018e+02   2.5660001e+02   4.3803591e+02   2.5038700e+02   1.0412579e+02   2.1155878e+02   1.2556324e+02   2.7401245e+02   2.5385912e+02   3.5047671e+02   2.9526146e+02   2.0337477e+02   3.7936892e+02   2.8531544e+02   1.7755253e+02   1.3953887e+02   3.2718280e+02   3.5750539e+02   6.9493412e+01   2.0738508e+02   4.3921742e+02
   1.6137977e+02   2.9295634e+02   2.5629259e+02   1.7231631e+02   2.1886845e+02   1.5911314e+02   3.4146929e+02   1.6259187e+02   2.5210734e+02   2.9142738e+02   2.5660001e+02   2.7193642e+02   1.1876350e+02   9.7031232e+01   2.1155878e+02   1.2556324e+02   2.7401245e+02   2.1829645e+02   3.2565028e+02   2.7972409e+02   1.8516070e+02   1.5573954e+02   2.8531544e+02   1.7624848e+02   1.3953887e+02   3.2718280e+02   3.3063193e+02   6.9493412e+01   2.0733050e+02   3.9171360e+02
   1.1835656e+02   2.9295634e+02   1.6949000e+02   8.0958994e+01   1.7440942e+02   7.7807776e+01   2.0314557e+02   1.2859248e+02   2.0590390e+02   4.2612531e+01   2.1347058e+02   2.1667174e+02   1.1876350e+02   9.7031232e+01   1.5129437e+02   1.2556324e+02   1.4757862e+02   1.9026462e+02   1.4579067e+02   1.8919792e+02   1.7534457e+02   7.1286114e+01   2.0188700e+02   1.5369525e+02   1.3953887e+02   2.2050289e+02   2.4577655e+02   6.9493412e+01   5.4013831e+01   2.6427397e+02
   1.0589348e+02   1.4965689e+02   1.6949000e+02   8.0958994e+01   1.1126167e+02   5.5183971e+01   6.8631611e+01   1.2859248e+02   1.7936025e+02   4.2612531e+01   1.7400323e+02   1.6591005e+02   7.2967166e+01   6.3755030e+01   7.1540030e+01   1.0495895e+02   1.4757862e+02   4.4686955e+01   1.0705774e+02   1.2264324e+02   1.1711463e+02   7.1286114e+01   6.3262280e+01   7.7781656e+01   1.2096768e+02   1.4851209e+02   9.5119668e+01   5.5592622e+01   5.4013831e+01   1.2712305e+02
   8.4666513e+01   1.4965689e+02   5.7328549e+01   3.2423386e+01   4.6782149e+01   1.8502808e+01   5.7613917e+01   2.7519891e+01   5.6828106e+01   4.2612531e+01   6.0063982e+01   6.4117992e+01   7.2967166e+01   3.5199237e+01   6.8073728e+01   6.3427808e+01   6.8143237e+01   4.4686955e+01   7.4013590e+01   1.0460078e+02   6.7312300e+01   4.4738164e+01   5.5864938e+01   2.4884576e+01   7.9239015e+01   6.2634393e+01   3.4684324e+01   3.6520125e+01   4.4004206e+01   4.3619262e+01
   1.2806335e+01   4.9675086e+01   4.7041974e+01   3.2364627e+01   4.3925499e+01   1.8502808e+01   4.6513243e+01   2.7519891e+01   2.5558015e+01   4.2612531e+01   4.2696918e+01   4.1546043e+01   4.1332971e+01   1.6887129e+01   2.0917982e+01   1.9198142e+01   3.7794463e+01   4.4686955e+01   1.6986759e+01   3.7029631e+01   3.2301725e+01   2.8864224e+01   2.6262406e+01   2.4884576e+01   1.3290534e+01   2.9365493e+01   3.2966131e+01   3.0054128e+01   4.3767040e+01   4.3619262e+01
   1.2512220e+01   3.4428729e+01   2.6023160e+01   1.5231758e+01   2.2559966e+01   1.2431100e+01   1.3892934e+01   9.9980322e+00   2.5215037e+01   2.1652953e+01   7.1588979e+00   1.8229414e+01   1.4525406e+01   1.2253343e+01   9.4270362e+00   1.9198142e+01   1.1962110e+01   8.7797137e+00   1.6986759e+01   1.8062099e+01   2.0966203e+01   1.3870039e+01   1.1576729e+01   1.3024812e+01   1.3290534e+01   1.1051269e+01   1.3246629e+01   9.6771749e+00   3.0686796e+01   1.5905058e+01
   2.2667135e+00   8.4743305e+00   9.9296525e+00   7.4893821e+00   8.1871424e+00   7.7859565e+00   5.8370217e+00   5.5416820e+00   7.3451998e+00   8.1758111e+00   6.5167664e+00   5.7716401e+00   8.4425441e+00   4.0482724e+00   4.1593896e+00   1.3494187e+01   6.7008684e+00   5.4446548e+00   1.1126842e+01   7.0242604e+00   6.7358625e+00   5.9001594e+00   7.4517781e+00   9.7508998e+00   8.6451414e+00   6.8232823e+00   6.3187413e+00   2.6813190e+00   5.6951369e+00   8.1065186e+00
   1.7372212e+00   3.2080459e+00   3.6620024e+00   2.9263981e+00   3.2462697e+00   2.8464841e+00   2.7903524e+00   2.5929233e+00   3.3770462e+00   2.6183867e+00   2.9799001e+00   3.2059583e+00   3.3036558e+00   1.9066900e+00   2.3383630e+00   4.0262798e+00   2.9447653e+00   2.7275240e+00   3.7693636e+00   3.2643009e+00   2.8283293e+00   2.3041700e+00   4.0237335e+00   2.7030387e+00   3.5109149e+00   3.7156580e+00   3.6861873e+00   1.2046821e+00   3.8401875e+00   3.3230436e+00
   6.2681741e-01   1.0215708e+00   1.4334099e+00   1.0916096e+00   1.0563041e+00   8.9756034e-01   9.6732955e-01   9.2501655e-01   1.4446114e+00   7.2714371e-01   1.2177104e+00   1.3390395e+00   1.7523959e+00   4.8319339e-01   7.2667257e-01   9.9518061e-01   9.6677170e-01   6.9222313e-01   8.3986670e-01   7.5438641e-01   8.3446983e-01   8.3467608e-01   1.0271266e+00   1.1250523e+00   8.3965822e-01   1.1010999e+00   1.0324560e+00   9.2958766e-01   1.3067684e+00   1.0682143e+00
   1.4844082e-01   3.1907518e-01   3.9550232e-01   3.7720734e-01   4.5349424e-01   5.5553481e-01   6.5984949e-01   4.7561252e-01   4.0151972e-01   2.4622060e-01   2.6052077e-01   8.4667926e-01   1.0395835e+00   2.7626430e-01   3.5245795e-01   3.7489189e-01   4.6597343e-01   5.0807266e-01   5.1418389e-01   5.1826539e-01   5.1960320e-01   5.8770606e-01   6.1932325e-01   6.4184731e-01   7.0608516e-01   7.2439808e-01   7.2263939e-01   8.1936616e-01   9.4184998e-01   9.3559766e-01
   5.6218949e-02   7.0584437e-02   2.8812779e-01   1.2990050e-01   1.5161263e-01   2.0287114e-01   4.5184882e-01   3.5936339e-01   1.4820338e-01   2.3216028e-01   2.3851256e-01   5.4818380e-01   5.7346239e-01   2.7624984e-01   3.4012169e-01   3.4957158e-01   4.6594768e-01   4.9999973e-01   5.1187479e-01   5.1823111e-01   5.1939637e-01   5.8696841e-01   6.1739228e-01   6.4061211e-01   6.9840088e-01   7.1979794e-01   7.2261879e-01   8.1936605e-01   9.3533967e-01   9.3559765e-01
   2.2135248e-02   7.0583933e-02   7.1502812e-02   7.7869243e-02   8.0891839e-02   9.6869907e-02   1.2102790e-01   1.4495895e-01   1.4820270e-01   2.3216010e-01   2.3851164e-01   2.5941794e-01   2.7593616e-01   2.7624927e-01   3.4012111e-01   3.4957101e-01   4.6594719e-01   4.9999973e-01   5.1187473e-01   5.1823108e-01   5.1939636e-01   5.8696786e-01   6.1739200e-01   6.4061184e-01   6.9840078e-01   7.1979785e-01   7.2261873e-01   8.1936577e-01   9.3533964e-01   9.3559764e-01
