   5.5231379e+03   5.1569010e+03   5.4123812e+03   5.4976130e+03   5.6455235e+03   5.3527940e+03   5.4266270e+03   5.4305176e+03   5.2457582e+03   5.5106983e+03   5.5341695e+03   5.8771557e+03   4.3757405e+03   5.6346067e+03   5.7504834e+03   5.5176474e+03   5.1447699e+03   5.4446172e+03   5.1221452e+03   5.3772571e+03   5.7835326e+03   5.6944353e+03   5.6248382e+03   5.5351953e+03   5.6431028e+03   5.2593531e+03   5.4201496e+03   4.7870238e+03   5.7752826e+03   5.5879724e+03
   5.1301231e+03   5.1569010e+03   5.2181767e+03   4.5147415e+03   5.3042478e+03   5.3527940e+03   5.0142323e+03   5.2871181e+03   5.2457582e+03   5.2324892e+03   5.2284689e+03   4.9702949e+03   4.3757405e+03   4.7387694e+03   4.8141098e+03   5.3443720e+03   5.1447699e+03   5.3868624e+03   5.1221452e+03   4.2227484e+03   5.4028353e+03   5.1074325e+03   5.3685763e+03   5.2384727e+03   4.9059704e+03   5.2593531e+03   5.4201496e+03   4.7870238e+03   5.4112528e+03   5.0358263e+03
   5.1301231e+03   4.7004248e+03   4.6312721e+03   4.5147415e+03   4.9713904e+03   4.6929184e+03   5.0142323e+03   5.2329642e+03   5.2457582e+03   5.0925165e+03   5.0226878e+03   4.9702949e+03   4.3757405e+03   4.7387694e+03   4.8141098e+03   5.3048949e+03   4.7160822e+03   4.7014946e+03   5.1221452e+03   4.2227484e+03   5.0978792e+03   5.1074325e+03   5.0901982e+03   4.6225832e+03   4.9059704e+03   5.0511202e+03   5.0483264e+03   4.7870238e+03   5.2280031e+03   5.0358263e+03
   4.9094794e+03   4.7004248e+03   4.6312721e+03   4.5147415e+03   4.9201662e+03   4.6929184e+03   4.9176824e+03   4.6978885e+03   4.9388708e+03   4.2793210e+03   4.9129850e+03   4.7952305e+03   4.3757405e+03   4.7387694e+03   4.8141098e+03   4.6659518e+03   4.7160822e+03   4.7014946e+03   5.1221452e+03   4.2227484e+03   4.9058313e+03   4.9078125e+03   4.9235070e+03   4.6225832e+03   4.9059704e+03   5.0511202e+03   5.0483264e+03   4.5431154e+03   4.8958577e+03   5.0358263e+03
   4.5455494e+03   4.7004248e+03   4.6312721e+03   4.4093708e+03   4.1965293e+03   4.6929184e+03   4.9176824e+03   3.7643511e+03   4.9388708e+03   4.2793210e+03   4.5941464e+03   4.7952305e+03   4.1896738e+03   4.7387694e+03   4.8141098e+03   4.6659518e+03   4.7160822e+03   4.7014946e+03   4.9050030e+03   4.2227484e+03   3.9987427e+03   4.5684280e+03   4.6984366e+03   4.6225832e+03   4.6297334e+03   4.6268770e+03   4.2478588e+03   4.5431154e+03   4.7000725e+03   4.6693738e+03
   4.2808949e+03   3.6554954e+03   4.4820053e+03   4.1063254e+03   4.1965293e+03   4.5367779e+03   4.9176824e+03   3.6386006e+03   4.6933481e+03   4.2793210e+03   4.2312573e+03   4.7952305e+03   4.1896738e+03   4.7387694e+03   4.1683072e+03   4.1934994e+03   4.5139545e+03   4.7014946e+03   4.9050030e+03   4.1991960e+03   3.9987427e+03   4.0807880e+03   4.4302889e+03   4.0598127e+03   4.3820867e+03   4.5461131e+03   4.2478588e+03   4.0501385e+03   3.8128313e+03   4.6693738e+03
   4.1360678e+03   3.6554954e+03   3.5742397e+03   3.7342978e+03   3.4850573e+03   3.8373093e+03   3.8510498e+03   3.6386006e+03   2.9245683e+03   3.1834361e+03   3.6750698e+03   4.1343506e+03   3.5853478e+03   3.5161936e+03   3.6426150e+03   3.3481951e+03   3.3976405e+03   3.9713442e+03   3.7829651e+03   3.6802800e+03   3.3476531e+03   3.6247192e+03   3.6532644e+03   3.1574712e+03   3.6289286e+03   3.7619876e+03   4.0183422e+03   3.9000480e+03   3.4024225e+03   3.6736925e+03
   2.4962028e+03   2.8780892e+03   2.5830307e+03   2.4142888e+03   2.7892210e+03   2.8768028e+03   2.7601204e+03   2.5658866e+03   2.4985650e+03   2.5769112e+03   2.8692632e+03   2.4475678e+03   2.7239342e+03   2.9576777e+03   2.9466410e+03   2.8635809e+03   2.6522681e+03   2.7596112e+03   2.6125663e+03   2.5861423e+03   2.2748665e+03   2.2106533e+03   2.5173371e+03   2.6043895e+03   2.6518158e+03   2.4399457e+03   2.5242731e+03   2.6569658e+03   2.7856163e+03   2.7704132e+03
   1.3174497e+03   1.5500236e+03   1.2644365e+03   1.5135034e+03   1.3756035e+03   1.1921387e+03   1.3545893e+03   1.3719531e+03   1.2421237e+03   1.4490729e+03   1.2669284e+03   1.4666993e+03   1.4871453e+03   1.3978463e+03   1.7206111e+03   1.1085485e+03   1.4807554e+03   1.3391964e+03   1.5617615e+03   1.0731711e+03   1.3202077e+03   1.4169874e+03   1.2644683e+03   1.1474173e+03   1.6540328e+03   1.3422817e+03   1.4077695e+03   1.2112108e+03   1.2480438e+03   1.2853096e+03
   7.7563057e+02   7.9576476e+02   7.7130777e+02   6.0018310e+02   7.6354533e+02   8.1994500e+02   7.4393603e+02   7.4788141e+02   7.8838149e+02   7.3023533e+02   6.6027488e+02   5.1790437e+02   6.6640661e+02   8.1337223e+02   8.3508337e+02   8.0774289e+02   6.8875699e+02   7.8905633e+02   7.6481040e+02   6.1579123e+02   7.0503431e+02   7.3096746e+02   6.7990499e+02   7.8263043e+02   7.2916938e+02   6.3284339e+02   4.3366949e+02   7.7418922e+02   7.8231468e+02   7.8540824e+02
   1.8524855e+02   1.0826681e+01   1.5906803e+02   5.6041707e+00   9.7036492e+00   3.8879929e+02   2.5298976e+01   2.0606128e+01   9.9818417e+01   4.7632627e+00   1.2446939e+02   1.1093980e+02   8.7512555e+01   1.5699936e+01   2.2935956e+01   4.5407673e+02   4.7685859e+01   4.0150330e+02   1.0732468e+02   6.6035814e+01   2.9625514e+01   1.7701427e+02   6.1230565e+01   1.0467400e+01   3.5019953e+01   3.0225524e+01   6.0500400e+01   3.7129719e+02   4.3219306e+02   2.1789255e+02
   1.4691027e-06   0.0000000e+00   8.7414645e-08   0.0000000e+00   0.0000000e+00   2.0562862e-05   0.0000000e+00   0.0000000e+00   8.9829231e-07   0.0000000e+00   3.1253018e-07   5.6427569e-08   3.9440579e-08   0.0000000e+00   0.0000000e+00   3.4484599e-04   2.4168171e-08   1.6866009e-05   9.6892949e-08   1.6330314e-08   2.2025454e-08   3.7379922e-07   1.4347573e-07   0.0000000e+00   0.0000000e+00   0.0000000e+00   2.8793513e+01   2.8793516e+01   4.6189879e+01   5.2363201e+01
   0.0000000e+00   0.0000000e+00   0.0000000e+00   0.0000000e+00   0.0000000e+00   0.0000000e+00   0.0000000e+00   0.0000000e+00   0.0000000e+00   0.0000000e+00   0.0000000e+00   0.0000000e+00   0.0000000e+00   0.0000000e+00   0.0000000e+00   0.0000000e+00   0.0000000e+00   0.0000000e+00   0.0000000e+00   0.0000000e+00   0.0000000e+00   0.0000000e+00   0.0000000e+00   0.0000000e+00   0.0000000e+00   0.0000000e+00   2.8793513e+01   2.8793513e+01   4.6189814e+01   5.2363199e+01
   0.0000000e+00   0.0000000e+00   0.0000000e+00   0.0000000e+00   0.0000000e+00   0.0000000e+00   0.0000000e+00   0.0000000e+00   0.0000000e+00   0.0000000e+00   0.0000000e+00   0.0000000e+00   0.0000000e+00   0.0000000e+00   0.0000000e+00   0.0000000e+00   0.0000000e+00   0.0000000e+00   0.0000000e+00   0.0000000e+00   0.0000000e+00   0.0000000e+00   0.0000000e+00   0.0000000e+00   0.0000000e+00   0.0000000e+00   2.8793513e+01   2.8793513e+01   4.6189814e+01   5.2363199e+01
   0.0000000e+00   0.0000000e+00   0.0000000e+00   0.0000000e+00   0.0000000e+00   0.0000000e+00   0.0000000e+00   0.0000000e+00   0.0000000e+00   0.0000000e+00   0.0000000e+00   0.0000000e+00   0.0000000e+00   0.0000000e+00   0.0000000e+00   0.0000000e+00   0.0000000e+00   0.0000000e+00   0.0000000e+00   0.0000000e+00   0.0000000e+00   0.0000000e+00   0.0000000e+00   0.0000000e+00   0.0000000e+00   0.0000000e+00   2.8793513e+01   2.8793513e+01   4.6189814e+01   5.2363199e+01
   0.0000000e+00   0.0000000e+00   0.0000000e+00   0.0000000e+00   0.0000000e+00   0.0000000e+00   0.0000000e+00   0.0000000e+00   0.0000000e+00   0.0000000e+00   0.0000000e+00   0.0000000e+00   0.0000000e+00   0.0000000e+00   0.0000000e+00   0.0000000e+00   0.0000000e+00   0.0000000e+00   0.0000000e+00   0.0000000e+00   0.0000000e+00   0.0000000e+00   0.0000000e+00   0.0000000e+00   0.0000000e+00   0.0000000e+00   2.8793513e+01   2.8793513e+01   4.6189814e+01   5.2363199e+01
