   8.4639781e+02   1.0846146e+03   6.6439309e+02   6.8263870e+02   1.0307875e+03   8.0960908e+02   8.1099702e+02   9.7405269e+02   1.1201751e+03   1.2811771e+03   8.8636940e+02   9.5626647e+02   9.2938259e+02   1.0208282e+03   5.6914073e+02   9.7214875e+02   7.7911124e+02   9.5509526e+02   1.2566043e+03   1.0289073e+03   7.0434950e+02   1.0166107e+03   1.0596613e+03   7.8919520e+02   1.4122857e+03   1.0337433e+03   1.0619246e+03   1.5738998e+03   9.0550524e+02   4.6702799e+02
   8.4639781e+02   6.9211439e+02   6.6439309e+02   6.8263870e+02   7.2304032e+02   6.9368407e+02   8.1099702e+02   9.7405269e+02   8.9082555e+02   6.5509517e+02   4.6193864e+02   6.7984130e+02   9.2938259e+02   6.1997568e+02   5.1557588e+02   9.7214875e+02   4.9347383e+02   3.5214330e+02   6.7937522e+02   7.0439351e+02   7.0434950e+02   8.3172753e+02   6.6232859e+02   6.4517443e+02   4.9609748e+02   8.2460303e+02   8.5618006e+02   5.9979001e+02   6.8263023e+02   4.6702799e+02
   6.2874713e+02   5.5220642e+02   5.2251054e+02   4.2117009e+02   5.7439436e+02   4.5624289e+02   4.0780917e+02   7.0442912e+02   5.8709576e+02   6.1187016e+02   4.6193864e+02   3.4008196e+02   2.8195878e+02   3.5490857e+02   5.1557588e+02   5.6976347e+02   4.9347383e+02   3.2529366e+02   5.8599171e+02   5.4255042e+02   7.0434950e+02   6.3679636e+02   6.1657840e+02   6.4517443e+02   4.9609748e+02   5.4157045e+02   7.9111627e+02   5.9979001e+02   5.9534885e+02   3.0441096e+02
   4.7227542e+02   4.4093560e+02   5.2251054e+02   2.5811098e+02   4.3602609e+02   3.8284057e+02   3.7947838e+02   6.0040964e+02   3.4337937e+02   3.4643533e+02   4.6193864e+02   2.9312949e+02   2.8195878e+02   3.5490857e+02   2.2603200e+02   3.5876983e+02   4.8273601e+02   3.2529366e+02   2.6064919e+02   2.9840682e+02   3.9956330e+02   5.1193951e+02   3.9064352e+02   6.4517443e+02   4.9609748e+02   5.2193629e+02   3.2517817e+02   4.9898566e+02   5.9534885e+02   3.0441096e+02
   2.9145114e+02   2.6190792e+02   3.4908582e+02   2.5811098e+02   2.7597223e+02   2.0735897e+02   1.7514524e+02   3.1364851e+02   2.5030454e+02   3.2452385e+02   2.6093002e+02   1.9368233e+02   2.8195878e+02   3.5012137e+02   2.2603200e+02   3.1289347e+02   2.7470777e+02   2.5991951e+02   2.6064919e+02   2.1994404e+02   3.0413718e+02   2.1722687e+02   2.6401971e+02   2.3458472e+02   2.1112945e+02   2.5463225e+02   3.2517817e+02   2.6334377e+02   3.0121160e+02   2.1882739e+02
   2.0617610e+02   1.8463889e+02   1.9322590e+02   1.6835803e+02   1.8302810e+02   1.7404229e+02   1.7193563e+02   1.7774368e+02   1.7663010e+02   1.9693437e+02   2.0210838e+02   1.8251694e+02   1.6651940e+02   2.0124280e+02   1.9740754e+02   1.9340413e+02   1.4582200e+02   1.6713298e+02   1.8007198e+02   1.6893233e+02   2.3216139e+02   1.8806904e+02   1.6918868e+02   1.3749964e+02   1.8153986e+02   1.8481675e+02   1.8412706e+02   1.7375633e+02   1.8413895e+02   1.4687998e+02
   1.2277191e+02   1.2964267e+02   1.3816302e+02   1.3010877e+02   1.2553743e+02   1.3010741e+02   1.2807053e+02   1.3098336e+02   1.2490013e+02   1.3843325e+02   1.3371748e+02   1.2915748e+02   1.2089891e+02   1.3460335e+02   1.3607324e+02   1.2583000e+02   1.2696329e+02   1.2330048e+02   1.2643057e+02   1.2927032e+02   1.2957126e+02   1.3109530e+02   1.2893684e+02   1.2763890e+02   1.2969020e+02   1.3791103e+02   1.2888263e+02   1.1581621e+02   1.3292108e+02   1.2941810e+02
   1.1228194e+02   1.1242608e+02   1.1215345e+02   1.1175582e+02   1.1132522e+02   1.1055368e+02   1.1170236e+02   1.1207337e+02   1.1141524e+02   1.1044374e+02   1.1134285e+02   1.1102737e+02   1.1141707e+02   1.1191436e+02   1.1082364e+02   1.1076004e+02   1.1224926e+02   1.1223069e+02   1.1178577e+02   1.1185985e+02   1.1201141e+02   1.1208381e+02   1.1124874e+02   1.1123060e+02   1.1188356e+02   1.1297945e+02   1.1219505e+02   1.1169079e+02   1.1259012e+02   1.1172311e+02
   1.0631747e+02   1.0814496e+02   1.0392769e+02   1.0612473e+02   1.0543861e+02   1.0703815e+02   1.0727439e+02   1.0720933e+02   1.0522786e+02   1.0700736e+02   1.0556267e+02   1.0346995e+02   1.0717615e+02   1.0465576e+02   1.0782605e+02   1.0693011e+02   1.0801410e+02   1.0545094e+02   1.0764069e+02   1.0744340e+02   1.0494078e+02   1.0533127e+02   1.0757995e+02   1.0542425e+02   1.0697320e+02   1.0635641e+02   1.0735507e+02   1.0788675e+02   1.0568248e+02   1.0540940e+02
   1.0112173e+02   1.0192729e+02   1.0272343e+02   1.0412456e+02   1.0300787e+02   1.0121781e+02   1.0441439e+02   1.0220691e+02   1.0325958e+02   1.0174315e+02   1.0200036e+02   1.0177183e+02   1.0085592e+02   1.0107527e+02   1.0302928e+02   1.0265780e+02   1.0189749e+02   1.0127475e+02   1.0329114e+02   1.0470472e+02   1.0278823e+02   1.0159872e+02   1.0058054e+02   1.0211879e+02   1.0201254e+02   1.0226911e+02   1.0058409e+02   1.0200439e+02   1.0085449e+02   1.0129929e+02
   1.0007164e+02   1.0000311e+02   1.0039985e+02   1.0124093e+02   1.0029927e+02   1.0000215e+02   1.0016186e+02   1.0000986e+02   1.0011353e+02   1.0000731e+02   1.0003501e+02   1.0012787e+02   1.0000162e+02   1.0000804e+02   1.0002239e+02   1.0018153e+02   1.0000861e+02   1.0000232e+02   1.0001507e+02   1.0090548e+02   1.0002306e+02   1.0003315e+02   1.0000179e+02   1.0000812e+02   1.0000955e+02   1.0007961e+02   1.0000039e+02   1.0001084e+02   1.0000570e+02   1.0009580e+02
   1.0000002e+02   1.0000000e+02   1.0000045e+02   1.0006034e+02   1.0000004e+02   1.0000000e+02   1.0000001e+02   1.0000001e+02   1.0000003e+02   1.0000000e+02   1.0000001e+02   1.0000006e+02   1.0000000e+02   1.0000000e+02   1.0000001e+02   1.0000002e+02   1.0000000e+02   1.0000000e+02   1.0000000e+02   1.0000440e+02   1.0000000e+02   1.0000001e+02   1.0000000e+02   1.0000000e+02   1.0000001e+02   1.0000001e+02   1.0000000e+02   1.0000001e+02   1.0000000e+02   1.0000002e+02
   1.0000000e+02   1.0000000e+02   1.0000000e+02   1.0000000e+02   1.0000000e+02   1.0000000e+02   1.0000000e+02   1.0000000e+02   1.0000000e+02   1.0000000e+02   1.0000000e+02   1.0000000e+02   1.0000000e+02   1.0000000e+02   1.0000000e+02   1.0000000e+02   1.0000000e+02   1.0000000e+02   1.0000000e+02   1.0000000e+02   1.0000000e+02   1.0000000e+02   1.0000000e+02   1.0000000e+02   1.0000000e+02   1.0000000e+02   1.0000000e+02   1.0000000e+02   1.0000000e+02   1.0000000e+02
   1.0000000e+02   1.0000000e+02   1.0000000e+02   1.0000000e+02   1.0000000e+02   1.0000000e+02   1.0000000e+02   1.0000000e+02   1.0000000e+02   1.0000000e+02   1.0000000e+02   1.0000000e+02   1.0000000e+02   1.0000000e+02   1.0000000e+02   1.0000000e+02   1.0000000e+02   1.0000000e+02   1.0000000e+02   1.0000000e+02   1.0000000e+02   1.0000000e+02   1.0000000e+02   1.0000000e+02   1.0000000e+02   1.0000000e+02   1.0000000e+02   1.0000000e+02   1.0000000e+02   1.0000000e+02
   1.0000000e+02   1.0000000e+02   1.0000000e+02   1.0000000e+02   1.0000000e+02   1.0000000e+02   1.0000000e+02   1.0000000e+02   1.0000000e+02   1.0000000e+02   1.0000000e+02   1.0000000e+02   1.0000000e+02   1.0000000e+02   1.0000000e+02   1.0000000e+02   1.0000000e+02   1.0000000e+02   1.0000000e+02   1.0000000e+02   1.0000000e+02   1.0000000e+02   1.0000000e+02   1.0000000e+02   1.0000000e+02   1.0000000e+02   1.0000000e+02   1.0000000e+02   1.0000000e+02   1.0000000e+02
   1.0000000e+02   1.0000000e+02   1.0000000e+02   1.0000000e+02   1.0000000e+02   1.0000000e+02   1.0000000e+02   1.0000000e+02   1.0000000e+02   1.0000000e+02   1.0000000e+02   1.0000000e+02   1.0000000e+02   1.0000000e+02   1.0000000e+02   1.0000000e+02   1.0000000e+02   1.0000000e+02   1.0000000e+02   1.0000000e+02   1.0000000e+02   1.0000000e+02   1.0000000e+02   1.0000000e+02   1.0000000e+02   1.0000000e+02   1.0000000e+02   1.0000000e+02   1.0000000e+02   1.0000000e+02
