   4.7605771e+03   3.9441621e+03   5.0378445e+03   3.4754390e+03   4.8233320e+03   3.6443185e+03   4.0848520e+03   4.0299367e+03   3.3904228e+03   4.6140562e+03   3.9478192e+03   5.1827803e+03   5.0574146e+03   4.1447793e+03   5.4082317e+03   4.5051601e+03   4.7762739e+03   4.2554239e+03   4.7658497e+03   3.7774285e+03   3.0764772e+03   3.4128216e+03   4.6488677e+03   4.4382979e+03   4.1508371e+03   3.6106446e+03   5.1957969e+03   3.6286596e+03   3.6406855e+03   4.0296087e+03
   2.4998868e+03   3.0848156e+03   3.5868378e+03   3.4318995e+03   2.8071545e+03   3.6377930e+03   2.8710367e+03   3.4043540e+03   3.3904228e+03   3.6066500e+03   3.7346575e+03   4.4907329e+03   5.0574146e+03   3.5966444e+03   4.2823685e+03   2.4773303e+03   3.7202537e+03   4.0230975e+03   4.1682139e+03   3.3863207e+03   3.0764772e+03   3.2041615e+03   4.6488677e+03   3.7258325e+03   4.1508371e+03   2.7719507e+03   4.3684333e+03   3.3848165e+03   3.6406855e+03   3.5661559e+03
   2.1105857e+03   2.8113180e+03   1.8280550e+03   3.0391690e+03   1.7745332e+03   2.8938179e+03   2.8539875e+03   3.1415612e+03   3.3904228e+03   2.6573469e+03   3.1863301e+03   3.5615431e+03   3.2312172e+03   1.7676857e+03   3.5402552e+03   2.4244629e+03   2.8883353e+03   2.6425420e+03   3.2365517e+03   2.0147967e+03   1.8188261e+03   2.6670864e+03   3.4452183e+03   1.9430959e+03   2.5147287e+03   2.7719507e+03   2.6444183e+03   2.9111952e+03   3.6406855e+03   2.1136989e+03
   2.1105857e+03   2.3301076e+03   1.8280550e+03   2.5400026e+03   1.7745332e+03   2.5263107e+03   2.2608267e+03   2.2836546e+03   2.7177902e+03   2.2881144e+03   2.8648535e+03   2.5115073e+03   3.2312172e+03   1.7676857e+03   3.2299498e+03   1.9762623e+03   2.6807889e+03   2.1963617e+03   2.4800614e+03   1.7635192e+03   1.8188261e+03   1.9800267e+03   2.5356234e+03   1.9430959e+03   1.7931100e+03   2.7719507e+03   2.1079253e+03   2.6445468e+03   2.5680502e+03   1.4826658e+03
   1.8171657e+03   2.1119572e+03   1.7382472e+03   1.8864095e+03   1.7745332e+03   2.0504733e+03   1.8906456e+03   1.9903228e+03   2.3380942e+03   1.2978518e+03   1.8182526e+03   1.9431593e+03   2.0156063e+03   9.7486985e+02   2.5810805e+03   1.9762623e+03   2.3644468e+03   1.7554228e+03   2.4496501e+03   1.7635192e+03   1.8188261e+03   1.6758813e+03   2.1016157e+03   1.8621613e+03   1.5164834e+03   1.9509750e+03   2.0990975e+03   2.4535977e+03   1.9706462e+03   1.3833964e+03
   1.6363274e+03   1.4595342e+03   1.3807599e+03   1.4701829e+03   1.2793232e+03   1.4918827e+03   1.5364673e+03   1.2423579e+03   1.4990532e+03   1.0770842e+03   1.6898479e+03   1.1635101e+03   1.4841841e+03   9.7486985e+02   1.6940424e+03   1.0918817e+03   1.3512920e+03   1.1594007e+03   1.2278096e+03   1.1618410e+03   1.1040875e+03   1.0877264e+03   1.7368551e+03   1.3060116e+03   8.4580892e+02   1.3188473e+03   1.5779358e+03   1.2756562e+03   1.0966033e+03   1.3833964e+03
   5.6320031e+02   5.9971343e+02   5.0130947e+02   4.9424054e+02   5.6017890e+02   5.1225750e+02   4.3690522e+02   5.5402990e+02   4.0579231e+02   4.2250823e+02   6.2532493e+02   5.7999939e+02   5.3913057e+02   4.4661435e+02   5.8291455e+02   4.8213236e+02   6.0686205e+02   6.0515344e+02   6.5225708e+02   4.0002668e+02   4.8801557e+02   5.6734753e+02   6.6671107e+02   5.6483820e+02   6.1302150e+02   4.7289397e+02   5.2883992e+02   4.9299240e+02   5.2790062e+02   5.8595395e+02
   1.7494062e+02   1.9146105e+02   1.9896776e+02   1.8684950e+02   2.1819574e+02   2.1936168e+02   1.8333890e+02   1.9537995e+02   1.9071167e+02   1.7605891e+02   1.9142022e+02   1.8276701e+02   1.7262086e+02   1.9134940e+02   2.1455896e+02   2.0012806e+02   2.1945687e+02   2.0515887e+02   1.8559531e+02   2.0340142e+02   2.0247116e+02   1.8883282e+02   2.1218090e+02   2.0565207e+02   1.9128318e+02   2.0454273e+02   1.9257640e+02   1.9155287e+02   1.7164852e+02   2.0893332e+02
   1.1759789e+02   1.1772445e+02   1.1617685e+02   1.1663181e+02   1.1729422e+02   1.1808577e+02   1.1630814e+02   1.1876171e+02   1.1693173e+02   1.1691979e+02   1.1754531e+02   1.1643982e+02   1.1854700e+02   1.1759408e+02   1.1624106e+02   1.1963190e+02   1.1765053e+02   1.1535418e+02   1.1819773e+02   1.1609513e+02   1.1693563e+02   1.1659799e+02   1.1783430e+02   1.1650577e+02   1.1902202e+02   1.1623390e+02   1.1414665e+02   1.1743961e+02   1.1800748e+02   1.1708701e+02
   1.0076317e+02   1.0059371e+02   1.0059758e+02   1.0050252e+02   1.0058675e+02   1.0052703e+02   1.0044882e+02   1.0092462e+02   1.0050545e+02   1.0070787e+02   1.0081754e+02   1.0055829e+02   1.0077104e+02   1.0058094e+02   1.0060810e+02   1.0075601e+02   1.0076704e+02   1.0050597e+02   1.0062035e+02   1.0042904e+02   1.0039324e+02   1.0036924e+02   1.0068204e+02   1.0040236e+02   1.0060107e+02   1.0052928e+02   1.0036737e+02   1.0058148e+02   1.0050673e+02   1.0066963e+02
   1.0000019e+02   1.0000018e+02   1.0000017e+02   1.0000020e+02   1.0000023e+02   1.0000020e+02   1.0000016e+02   1.0000017e+02   1.0000020e+02   1.0000015e+02   1.0000022e+02   1.0000016e+02   1.0000022e+02   1.0000017e+02   1.0000017e+02   1.0000021e+02   1.0000022e+02   1.0000016e+02   1.0000018e+02   1.0000017e+02   1.0000016e+02   1.0000017e+02   1.0000023e+02   1.0000017e+02   1.0000024e+02   1.0000018e+02   1.0000015e+02   1.0000017e+02   1.0000018e+02   1.0000019e+02
   1.0000000e+02   1.0000000e+02   1.0000000e+02   1.0000000e+02   1.0000000e+02   1.0000000e+02   1.0000000e+02   1.0000000e+02   1.0000000e+02   1.0000000e+02   1.0000000e+02   1.0000000e+02   1.0000000e+02   1.0000000e+02   1.0000000e+02   1.0000000e+02   1.0000000e+02   1.0000000e+02   1.0000000e+02   1.0000000e+02   1.0000000e+02   1.0000000e+02   1.0000000e+02   1.0000000e+02   1.0000000e+02   1.0000000e+02   1.0000000e+02   1.0000000e+02   1.0000000e+02   1.0000000e+02
   1.0000000e+02   1.0000000e+02   1.0000000e+02   1.0000000e+02   1.0000000e+02   1.0000000e+02   1.0000000e+02   1.0000000e+02   1.0000000e+02   1.0000000e+02   1.0000000e+02   1.0000000e+02   1.0000000e+02   1.0000000e+02   1.0000000e+02   1.0000000e+02   1.0000000e+02   1.0000000e+02   1.0000000e+02   1.0000000e+02   1.0000000e+02   1.0000000e+02   1.0000000e+02   1.0000000e+02   1.0000000e+02   1.0000000e+02   1.0000000e+02   1.0000000e+02   1.0000000e+02   1.0000000e+02
   1.0000000e+02   1.0000000e+02   1.0000000e+02   1.0000000e+02   1.0000000e+02   1.0000000e+02   1.0000000e+02   1.0000000e+02   1.0000000e+02   1.0000000e+02   1.0000000e+02   1.0000000e+02   1.0000000e+02   1.0000000e+02   1.0000000e+02   1.0000000e+02   1.0000000e+02   1.0000000e+02   1.0000000e+02   1.0000000e+02   1.0000000e+02   1.0000000e+02   1.0000000e+02   1.0000000e+02   1.0000000e+02   1.0000000e+02   1.0000000e+02   1.0000000e+02   1.0000000e+02   1.0000000e+02
   1.0000000e+02   1.0000000e+02   1.0000000e+02   1.0000000e+02   1.0000000e+02   1.0000000e+02   1.0000000e+02   1.0000000e+02   1.0000000e+02   1.0000000e+02   1.0000000e+02   1.0000000e+02   1.0000000e+02   1.0000000e+02   1.0000000e+02   1.0000000e+02   1.0000000e+02   1.0000000e+02   1.0000000e+02   1.0000000e+02   1.0000000e+02   1.0000000e+02   1.0000000e+02   1.0000000e+02   1.0000000e+02   1.0000000e+02   1.0000000e+02   1.0000000e+02   1.0000000e+02   1.0000000e+02
   1.0000000e+02   1.0000000e+02   1.0000000e+02   1.0000000e+02   1.0000000e+02   1.0000000e+02   1.0000000e+02   1.0000000e+02   1.0000000e+02   1.0000000e+02   1.0000000e+02   1.0000000e+02   1.0000000e+02   1.0000000e+02   1.0000000e+02   1.0000000e+02   1.0000000e+02   1.0000000e+02   1.0000000e+02   1.0000000e+02   1.0000000e+02   1.0000000e+02   1.0000000e+02   1.0000000e+02   1.0000000e+02   1.0000000e+02   1.0000000e+02   1.0000000e+02   1.0000000e+02   1.0000000e+02
