   2.9019908e+05   2.4793057e+05   3.4395458e+04   1.4162818e+05   9.5920813e+04   1.6151322e+05   1.5710818e+03   5.8187652e+05   1.3622489e+05   9.5585724e+04   1.7933726e+05   1.1248969e+05   3.5537476e+04   9.7202721e+04   1.3621448e+05   8.9648259e+04   3.3067920e+05   2.3480421e+04   1.1352650e+05   6.1197462e+05   3.8769542e+04   1.6892509e+05   9.8781877e+05   1.4705273e+05   2.5081631e+05   7.0019789e+05   1.4606189e+06   4.9988993e+05   9.2066556e+05   1.1279180e+05
   4.4896529e+04   9.5205707e+04   3.4395458e+04   1.0210088e+05   3.7751015e+03   6.1692554e+04   1.5710818e+03   5.2398285e+04   7.4938589e+04   3.5303140e+03   5.8767248e+04   9.0559772e+04   3.5537476e+04   5.7758666e+04   4.1164560e+04   8.9648259e+04   5.2537534e+04   2.2330556e+04   7.0875553e+04   9.1576158e+04   3.7961306e+03   3.2921431e+04   2.7392498e+04   9.1813142e+04   1.7248025e+04   1.5497668e+05   3.0801656e+05   6.8855289e+04   6.1788752e+04   1.1279180e+05
   2.6573524e+03   8.6918532e+04   3.3307061e+04   1.1559956e+04   3.0407456e+03   1.2332362e+04   1.5710818e+03   5.1296105e+04   1.3143124e+04   3.5303140e+03   6.0069241e+03   1.5824617e+03   2.6884579e+02   2.6194421e+04   1.3860934e+04   3.0242630e+04   1.3697916e+04   1.5764311e+04   4.9654153e+04   9.1576158e+04   3.7961306e+03   9.7745596e+02   1.5582452e+04   4.0959776e+04   5.9657329e+03   6.5292195e+04   4.2396146e+04   3.8487237e+04   4.6502687e+04   1.4729676e+04
   1.4320354e+03   1.3176259e+04   2.7985366e+04   2.3191196e+03   3.0407456e+03   5.8874408e+02   1.3407222e+03   2.3728043e+04   8.8106517e+03   4.2626723e+02   2.2200558e+03   1.5824617e+03   2.6884579e+02   1.7264275e+03   2.9923021e+03   1.5279947e+03   9.8730214e+03   5.3698533e+02   4.7409654e+03   3.4298493e+03   3.7961306e+03   9.7745596e+02   1.5582452e+04   1.9227815e+04   5.9657329e+03   5.7364777e+03   4.2396146e+04   3.5612366e+04   4.3979440e+02   1.4729676e+04
   3.3596931e+02   4.4950174e+02   2.2559136e+02   1.1285417e+02   2.0831378e+02   7.5897013e+01   1.4373784e+02   3.6426544e+02   5.4098308e+02   4.2014593e+01   9.7744334e+01   3.1636886e+01   1.1574152e+02   8.2798706e+02   1.1997893e+02   1.6929531e+02   9.2369732e+01   5.6029990e+01   4.4961962e+02   2.0063276e+03   1.3348297e+02   1.5862775e+02   9.0229188e+01   2.9193818e+02   1.4815066e+02   6.4998993e+02   1.3822340e+02   4.2196536e+02   2.3775288e+01   1.4586292e+03
   1.3087304e+01   2.6375077e+01   1.5466962e+01   1.1462981e+01   1.1133833e+01   2.2514618e+01   7.8208563e+00   1.9361727e+01   3.3358301e+01   2.6896830e+01   3.1966482e+01   1.2170966e+01   1.3681394e+01   1.7200973e+01   1.3386721e+01   8.4666818e+00   1.8615436e+01   1.2294313e+01   1.4656343e+01   1.9504148e+01   1.6379309e+01   1.2995458e+01   3.0276820e+01   1.6102913e+01   9.4626528e+00   3.3713213e+01   1.9132267e+01   4.2874157e+01   1.6434506e+01   2.0624568e+01
   7.9042781e+00   7.5523273e+00   6.5895919e+00   7.4120523e+00   6.3984461e+00   6.8003230e+00   7.8208563e+00   4.1647570e+00   8.9669069e+00   7.4568563e+00   6.5972368e+00   7.2323745e+00   8.4518524e+00   7.4527633e+00   6.2307700e+00   5.7077124e+00   6.3355434e+00   6.4233831e+00   6.1529292e+00   8.0582526e+00   8.4566030e+00   7.2574710e+00   5.0117437e+00   8.9385121e+00   6.2309203e+00   8.9423569e+00   8.7253655e+00   8.6006340e+00   6.1810464e+00   7.8619185e+00
   3.7163126e+00   4.0737873e+00   3.8972175e+00   3.8655273e+00   4.0355228e+00   3.0892941e+00   3.4777626e+00   3.2654773e+00   4.2038610e+00   3.9567317e+00   4.0670450e+00   4.2886892e+00   3.8009316e+00   3.9685048e+00   4.5577968e+00   3.2330601e+00   4.3873737e+00   4.2787148e+00   3.8543629e+00   4.8181188e+00   2.6762506e+00   3.4931707e+00   4.1785092e+00   4.6612052e+00   4.5369356e+00   4.0006059e+00   3.5629181e+00   3.5121655e+00   4.3567367e+00   3.9207540e+00
   2.8087094e+00   3.0954275e+00   3.4515903e+00   3.5578169e+00   2.3851652e+00   3.0892941e+00   3.4777626e+00   2.6879695e+00   3.0829087e+00   3.5635930e+00   3.7313198e+00   3.1042355e+00   2.0374624e+00   3.3042089e+00   3.2677504e+00   2.7424592e+00   3.1099088e+00   4.1024565e+00   3.8543629e+00   3.1459394e+00   2.6762506e+00   3.1905386e+00   4.0419972e+00   3.5861528e+00   3.1136856e+00   2.7831029e+00   3.2082864e+00   3.4131526e+00   2.5463646e+00   3.3981098e+00
   2.7421356e+00   3.0826641e+00   2.8010337e+00   2.9326016e+00   2.3851652e+00   2.3949737e+00   3.0900650e+00   2.6879695e+00   2.4011166e+00   3.5635930e+00   3.3688620e+00   2.5610539e+00   2.0374624e+00   3.2416015e+00   3.2545465e+00   2.7424592e+00   2.9607699e+00   3.0900712e+00   2.9405707e+00   2.8441402e+00   2.6762506e+00   2.6746563e+00   2.8752923e+00   2.6840205e+00   2.5586386e+00   2.7831029e+00   2.1782595e+00   1.9301571e+00   2.5463646e+00   3.3012575e+00
   2.7421356e+00   1.6756048e+00   2.8010337e+00   2.9326016e+00   2.3851652e+00   2.3949737e+00   2.8445790e+00   2.3756966e+00   2.2157931e+00   2.6519947e+00   2.1974142e+00   1.9178723e+00   2.0374624e+00   2.8827219e+00   2.7859317e+00   2.7424592e+00   2.7264735e+00   2.8018494e+00   2.5516114e+00   2.8441402e+00   2.5135255e+00   2.6189083e+00   2.7439062e+00   1.5745107e+00   2.5148666e+00   1.9730869e+00   2.1299410e+00   1.9301571e+00   2.5362574e+00   2.4221784e+00
   2.2624904e+00   1.6756048e+00   2.2048607e+00   2.7331879e+00   2.1036009e+00   2.3949737e+00   1.8793771e+00   2.2275391e+00   1.3098694e+00   1.7551273e+00   2.1974142e+00   1.9178723e+00   2.0374624e+00   2.2628528e+00   2.6503462e+00   2.3420945e+00   2.4907759e+00   2.3603669e+00   1.6298714e+00   2.2008766e+00   2.1352256e+00   2.2549499e+00   1.9092765e+00   1.2254851e+00   1.3238843e+00   1.9730869e+00   2.1299410e+00   1.9301571e+00   2.4083791e+00   2.4221784e+00
   1.4058443e+00   1.1275390e+00   1.5169446e+00   7.8892301e-01   1.0898281e+00   1.0253847e+00   9.2438660e-01   1.1857193e+00   1.3098694e+00   1.4545605e+00   1.9864170e+00   1.7589482e+00   1.2508123e+00   7.7680901e-01   1.0567137e+00   2.3420945e+00   6.4083996e-01   2.1352375e+00   1.0357501e+00   1.4667878e+00   1.1936235e+00   8.5330394e-01   7.6681544e-01   1.0982550e+00   7.6001392e-01   1.1209223e+00   2.0701505e+00   1.1993577e+00   1.4753802e+00   1.1753123e+00
   8.5530681e-01   8.3964743e-01   6.1362622e-01   6.6351924e-01   8.0494996e-01   6.7817043e-01   6.5441922e-01   7.2581027e-01   7.4115983e-01   9.0886356e-01   7.8428986e-01   8.2735759e-01   8.0600735e-01   5.7109560e-01   7.6332812e-01   1.6852066e+00   5.5310145e-01   7.6181951e-01   7.6382089e-01   7.8516792e-01   9.1524774e-01   7.9911114e-01   6.8771966e-01   7.5595590e-01   6.1540319e-01   6.2380444e-01   8.0296424e-01   8.0180923e-01   7.7521666e-01   8.6819028e-01
   3.6586457e-01   2.8913113e-01   3.1874734e-01   4.4174725e-01   3.9508736e-01   4.1769920e-01   4.3187843e-01   4.8067685e-01   4.7957271e-01   5.1465543e-01   4.8476282e-01   5.0775770e-01   5.7169515e-01   4.2992110e-01   5.5890834e-01   4.9223858e-01   4.5581924e-01   4.9241122e-01   5.3760648e-01   4.9819027e-01   4.4484314e-01   4.7625060e-01   4.0026035e-01   5.4360504e-01   4.1900242e-01   5.1116960e-01   4.9476990e-01   4.4293444e-01   4.8883471e-01   4.4350988e-01
   1.6549326e-01   2.3739399e-01   2.4208595e-01   2.6110600e-01   2.7677053e-01   2.7733890e-01   2.9562764e-01   3.0015689e-01   3.1518609e-01   3.2008838e-01   3.2979796e-01   3.3553645e-01   3.4412956e-01   3.4866436e-01   3.5106705e-01   3.5871247e-01   3.6204430e-01   3.6733716e-01   3.6870535e-01   3.7032013e-01   3.7219200e-01   3.7407884e-01   3.7859751e-01   3.8226610e-01   3.8376110e-01   3.8695543e-01   3.8702592e-01   3.9609743e-01   3.9680953e-01   4.0845572e-01
