   2.5565797e+02   3.3224403e+02   2.4530469e+02   3.1955260e+02   2.7960814e+02   2.3199394e+02   3.8839892e+02   2.6764344e+02   2.9485539e+02   3.1776466e+02   2.4145314e+02   3.4724094e+02   2.9935144e+02   3.0003033e+02   3.9229948e+02   3.2859995e+02   2.9720918e+02   3.3559284e+02   3.1372483e+02   3.1494551e+02   2.6063755e+02   3.2714137e+02   2.7495204e+02   2.8935092e+02   3.0116858e+02   4.3598278e+02   2.6324284e+02   1.8529896e+02   2.4044374e+02   3.5517878e+02
   2.5565797e+02   2.6324283e+02   2.2809597e+02   2.4776722e+02   2.7960814e+02   1.9925666e+02   2.2438209e+02   2.6764344e+02   2.0419917e+02   2.4507983e+02   2.4145314e+02   1.8785370e+02   2.1371519e+02   2.4585135e+02   2.1879275e+02   2.4408938e+02   2.5867761e+02   2.6229144e+02   2.1559756e+02   2.7264336e+02   2.1945356e+02   2.8612053e+02   2.2276267e+02   2.1983491e+02   2.0491952e+02   3.1024477e+02   2.5651116e+02   1.8529896e+02   2.4044374e+02   2.2485221e+02
   2.2756422e+02   1.9871122e+02   2.2809597e+02   2.0837275e+02   2.3376201e+02   1.9925666e+02   2.2438209e+02   2.6764344e+02   1.5843611e+02   2.1407971e+02   2.4145314e+02   1.8529322e+02   2.1371519e+02   2.3743764e+02   2.1879275e+02   2.0142680e+02   2.2042222e+02   1.8450859e+02   2.1559756e+02   2.5243765e+02   1.3341544e+02   1.6629042e+02   2.2276267e+02   2.0109428e+02   2.0491952e+02   2.2412474e+02   1.7726121e+02   1.8529896e+02   1.9704801e+02   2.1432955e+02
   1.3104002e+02   1.8453150e+02   1.8769426e+02   2.0837275e+02   2.1021382e+02   1.7790804e+02   1.4406979e+02   2.0014774e+02   1.5843611e+02   1.8479522e+02   2.2208749e+02   1.8529322e+02   1.4999742e+02   1.6472636e+02   2.1879275e+02   1.9181692e+02   1.8543610e+02   1.8450859e+02   1.9952223e+02   1.6229840e+02   1.3341544e+02   1.6629042e+02   1.3785128e+02   2.0109428e+02   1.5473102e+02   2.1354427e+02   1.7726121e+02   1.8529896e+02   1.4813367e+02   1.9615416e+02
   1.3104002e+02   1.5228030e+02   1.7796455e+02   1.1234636e+02   1.3518095e+02   1.6249325e+02   1.2159426e+02   1.3655394e+02   1.3441811e+02   1.5313541e+02   1.4096901e+02   1.4308664e+02   1.3919791e+02   1.5761440e+02   1.5632444e+02   1.2413787e+02   1.0535414e+02   1.4318212e+02   1.4309626e+02   1.3549773e+02   1.1959963e+02   1.0796822e+02   1.2342487e+02   1.3611547e+02   1.4033574e+02   1.3493687e+02   1.2265191e+02   1.3018069e+02   1.3472634e+02   1.4905051e+02
   9.8382522e+01   9.5924416e+01   1.0331454e+02   1.1234636e+02   1.1405375e+02   8.3083365e+01   9.1313574e+01   8.7958159e+01   1.0776766e+02   1.0420210e+02   7.6996306e+01   9.0542524e+01   9.7117615e+01   1.1976722e+02   1.1659084e+02   8.9903985e+01   9.1580550e+01   1.0807001e+02   8.6540927e+01   9.8727108e+01   9.9183233e+01   9.9591919e+01   9.6836741e+01   1.2617670e+02   8.3806930e+01   1.0387591e+02   9.9722944e+01   9.5499691e+01   8.3950655e+01   1.1630493e+02
   7.6780766e+01   7.2020927e+01   7.5351855e+01   6.2796588e+01   7.3148235e+01   6.1311648e+01   7.1727971e+01   5.7358787e+01   7.9698714e+01   7.1350801e+01   7.3279421e+01   8.2355008e+01   7.4345289e+01   7.3301368e+01   7.6309741e+01   7.8890983e+01   6.1990737e+01   8.3234362e+01   8.4933204e+01   7.1195203e+01   7.7857300e+01   7.0824775e+01   7.7697176e+01   6.3201618e+01   4.5624298e+01   7.8490439e+01   6.8788702e+01   5.6417912e+01   8.3950655e+01   7.0654106e+01
   5.0596118e+01   5.4993596e+01   5.7696971e+01   4.8154363e+01   5.5043926e+01   5.3687852e+01   5.2560337e+01   4.8003359e+01   5.6382285e+01   5.5190904e+01   4.9249104e+01   6.8218786e+01   6.2778633e+01   4.6427807e+01   5.3405439e+01   5.7084349e+01   5.2505619e+01   4.1963924e+01   4.0457452e+01   4.3968661e+01   4.9443293e+01   4.8921806e+01   4.8521004e+01   4.6917495e+01   4.5084789e+01   6.5516099e+01   5.2862961e+01   5.6417912e+01   4.1434428e+01   5.1863200e+01
   4.6562775e+01   3.9892234e+01   4.8478778e+01   4.0644307e+01   4.1043582e+01   3.9532576e+01   4.0140610e+01   4.3512015e+01   4.7546127e+01   4.4401652e+01   4.4074378e+01   5.2792538e+01   4.6888566e+01   4.6427807e+01   4.7780261e+01   5.0288590e+01   3.6660471e+01   4.1963924e+01   4.0457452e+01   3.9083964e+01   4.8451675e+01   3.4880671e+01   4.0909184e+01   4.6917495e+01   4.5084789e+01   4.6937554e+01   3.2350591e+01   4.2938885e+01   3.6617745e+01   3.7127488e+01
   3.8636433e+01   3.1689436e+01   3.3611843e+01   3.1319642e+01   3.4646995e+01   3.5648555e+01   3.7609412e+01   3.4779721e+01   4.3238478e+01   3.8390728e+01   2.6624754e+01   3.3836441e+01   3.4298312e+01   3.3300457e+01   3.3253449e+01   4.1112791e+01   3.6660471e+01   3.6988965e+01   4.0457452e+01   3.7554432e+01   3.5623564e+01   3.0798504e+01   3.1607199e+01   3.3331107e+01   3.5277072e+01   3.9458841e+01   3.2350591e+01   2.9998158e+01   2.7116367e+01   2.9701894e+01
   2.7040378e+01   2.4608758e+01   2.8600183e+01   2.4353859e+01   1.9971411e+01   3.4716293e+01   2.0076990e+01   2.8289154e+01   3.2466164e+01   3.0272249e+01   2.1965887e+01   3.0719961e+01   2.8720211e+01   2.2795067e+01   3.0462090e+01   2.8717982e+01   1.9508684e+01   2.8059386e+01   2.7193387e+01   2.8800611e+01   2.0876279e+01   2.5221571e+01   2.0352312e+01   2.0392597e+01   2.6222794e+01   2.7906208e+01   2.3200718e+01   2.4102582e+01   2.7116367e+01   2.8275616e+01
   1.5653836e+01   1.2870698e+01   1.6305288e+01   1.5185721e+01   1.4895209e+01   2.0498878e+01   1.4422000e+01   1.7674231e+01   2.1659621e+01   1.4506323e+01   1.7059418e+01   1.9447282e+01   1.4239099e+01   1.5952926e+01   2.0223150e+01   1.5647933e+01   1.5525805e+01   1.4252184e+01   1.9434707e+01   1.3272687e+01   1.6483744e+01   1.7059173e+01   1.8498701e+01   1.3097287e+01   1.7780437e+01   1.5414242e+01   1.4196444e+01   1.4650090e+01   1.5076541e+01   2.0009765e+01
   1.1859744e+01   1.0910416e+01   1.1987262e+01   1.1628159e+01   1.1323281e+01   1.1227019e+01   1.1068057e+01   1.2294408e+01   1.1314156e+01   1.2361775e+01   1.0940277e+01   1.1290321e+01   1.1132876e+01   1.1273425e+01   1.1709588e+01   1.1142112e+01   1.1356902e+01   1.0900687e+01   1.2310578e+01   1.1172948e+01   1.1237112e+01   1.0979312e+01   1.2679856e+01   1.0949045e+01   1.1277022e+01   1.1852672e+01   1.1047575e+01   1.1153117e+01   1.1678307e+01   1.2594551e+01
   1.0873728e+01   1.0873680e+01   1.0874315e+01   1.0874698e+01   1.0873718e+01   1.0873709e+01   1.0873681e+01   1.0874952e+01   1.0873743e+01   1.0873938e+01   1.0873685e+01   1.0873737e+01   1.0873687e+01   1.0873681e+01   1.0873694e+01   1.0873702e+01   1.0873683e+01   1.0873684e+01   1.0875432e+01   1.0873684e+01   1.0873740e+01   1.0873685e+01   1.0873817e+01   1.0873681e+01   1.0873725e+01   1.0873898e+01   1.0873682e+01   1.0873686e+01   1.0873996e+01   1.0874247e+01
   1.0873679e+01   1.0873679e+01   1.0873679e+01   1.0873679e+01   1.0873679e+01   1.0873679e+01   1.0873679e+01   1.0873679e+01   1.0873679e+01   1.0873679e+01   1.0873679e+01   1.0873679e+01   1.0873679e+01   1.0873679e+01   1.0873679e+01   1.0873679e+01   1.0873679e+01   1.0873679e+01   1.0873679e+01   1.0873679e+01   1.0873679e+01   1.0873679e+01   1.0873679e+01   1.0873679e+01   1.0873679e+01   1.0873679e+01   1.0873679e+01   1.0873679e+01   1.0873679e+01   1.0873679e+01
   1.0873679e+01   1.0873679e+01   1.0873679e+01   1.0873679e+01   1.0873679e+01   1.0873679e+01   1.0873679e+01   1.0873679e+01   1.0873679e+01   1.0873679e+01   1.0873679e+01   1.0873679e+01   1.0873679e+01   1.0873679e+01   1.0873679e+01   1.0873679e+01   1.0873679e+01   1.0873679e+01   1.0873679e+01   1.0873679e+01   1.0873679e+01   1.0873679e+01   1.0873679e+01   1.0873679e+01   1.0873679e+01   1.0873679e+01   1.0873679e+01   1.0873679e+01   1.0873679e+01   1.0873679e+01
