   1.3058901e+03   1.0164319e+03   1.0966274e+03   1.0738621e+03   1.0243746e+03   1.1105451e+03   1.0427494e+03   1.0103607e+03   1.1355941e+03   1.1238476e+03   1.2623942e+03   1.1023939e+03   1.1510958e+03   1.1447590e+03   9.4459789e+02   1.1311615e+03   1.0960379e+03   1.1765388e+03   1.4128297e+03   1.2024948e+03   1.1937920e+03   1.0334962e+03   9.6655541e+02   1.1524241e+03   1.1465956e+03   8.2026896e+02   9.8976146e+02   1.1659105e+03   1.2039291e+03   1.0595125e+03
   1.1160341e+03   1.0164319e+03   1.0308378e+03   1.0738621e+03   8.8677283e+02   9.9969423e+02   1.0427494e+03   1.0103607e+03   1.0223200e+03   9.7040695e+02   1.1153781e+03   8.5056884e+02   1.0593383e+03   1.1024181e+03   9.4459789e+02   9.1283409e+02   9.7343757e+02   9.7239629e+02   1.0701526e+03   9.5950405e+02   1.0559658e+03   9.6498171e+02   9.6655541e+02   1.0246796e+03   9.9467076e+02   8.2026896e+02   9.8976146e+02   1.0269541e+03   1.0730680e+03   9.3067085e+02
   9.6378489e+02   1.0049974e+03   9.4006049e+02   9.7418098e+02   8.8677283e+02   9.1127793e+02   9.7098997e+02   8.7177742e+02   8.5293468e+02   8.3741785e+02   1.0532046e+03   8.5056884e+02   9.7212083e+02   8.7374548e+02   8.2696032e+02   8.5310086e+02   8.9799949e+02   9.7239629e+02   8.9975156e+02   8.9283119e+02   9.3957429e+02   9.2167592e+02   8.3442026e+02   9.2115364e+02   8.7748226e+02   7.3298909e+02   8.6739273e+02   9.7545370e+02   1.0227467e+03   8.9491835e+02
   8.5990421e+02   8.8401555e+02   8.5745706e+02   9.1231461e+02   8.1634630e+02   8.0816601e+02   8.6203661e+02   8.6351826e+02   8.3816062e+02   8.3741785e+02   9.5519203e+02   7.9454695e+02   9.2803072e+02   8.4574308e+02   7.6882054e+02   8.5310086e+02   8.1370710e+02   8.4182957e+02   8.1635693e+02   7.9862647e+02   8.2620872e+02   8.7615544e+02   8.2064635e+02   8.7672281e+02   7.8709002e+02   7.3298909e+02   8.3443375e+02   8.1298166e+02   8.2354913e+02   8.3625973e+02
   8.4132653e+02   7.2608565e+02   7.7396311e+02   7.9443862e+02   7.5360005e+02   7.3930490e+02   8.2751216e+02   8.1800616e+02   6.9254255e+02   7.9256464e+02   7.6380801e+02   7.4663370e+02   8.5736108e+02   8.1802433e+02   7.3368205e+02   7.5234151e+02   7.3415883e+02   8.0621682e+02   7.9752897e+02   7.9862647e+02   7.2460646e+02   7.6538476e+02   8.0501402e+02   8.4176725e+02   7.2387998e+02   7.3298909e+02   7.6296755e+02   7.7907576e+02   7.6297604e+02   8.2552063e+02
   7.6155809e+02   7.1952170e+02   6.9717507e+02   6.8546848e+02   6.2335054e+02   6.9850520e+02   6.6188594e+02   7.1322283e+02   6.5859391e+02   6.6585065e+02   7.3888411e+02   6.1463627e+02   7.5429601e+02   6.8842028e+02   6.9907339e+02   6.4615284e+02   7.0416180e+02   7.2370600e+02   7.5126485e+02   6.9661249e+02   6.6590362e+02   6.4988694e+02   6.6935343e+02   7.1594644e+02   6.5500440e+02   6.8044354e+02   7.1342759e+02   6.9400046e+02   7.2145894e+02   7.0282952e+02
   5.9890643e+02   5.6157421e+02   5.7790377e+02   5.7835978e+02   5.7889857e+02   5.6806878e+02   5.8565521e+02   5.9684772e+02   5.6336103e+02   5.6767718e+02   5.7394285e+02   5.6161327e+02   5.7911241e+02   5.7569187e+02   5.9168846e+02   5.6258125e+02   5.7381439e+02   5.5664849e+02   5.9559154e+02   5.5672366e+02   5.9167561e+02   5.8577370e+02   5.4539219e+02   5.7842077e+02   5.4347726e+02   5.7778925e+02   5.6922300e+02   5.8057737e+02   5.7537257e+02   5.8684823e+02
   5.2857052e+02   5.1381211e+02   5.3524015e+02   5.1599405e+02   5.3544498e+02   5.2741669e+02   5.3310990e+02   5.0974489e+02   5.2138950e+02   5.2117298e+02   5.3019340e+02   5.3415443e+02   5.0752631e+02   5.1239327e+02   5.2409973e+02   5.1830146e+02   5.3091115e+02   5.1287861e+02   5.4019947e+02   5.2035396e+02   5.2908904e+02   5.1961522e+02   5.2990362e+02   5.2337883e+02   5.0901132e+02   5.2238150e+02   5.3122497e+02   5.1705927e+02   5.3098959e+02   5.2949076e+02
   5.0026833e+02   5.0714435e+02   5.0559930e+02   4.8931172e+02   5.0271138e+02   4.9664679e+02   4.8397055e+02   5.0366170e+02   4.9313417e+02   4.9776589e+02   4.9614373e+02   4.9940054e+02   4.9513348e+02   4.8148493e+02   4.9401323e+02   4.9340363e+02   4.8934292e+02   4.9813800e+02   5.1213963e+02   5.1297087e+02   4.8962785e+02   5.0403828e+02   4.9461026e+02   5.0288199e+02   5.0388506e+02   5.0001779e+02   5.0220239e+02   4.9705611e+02   5.1078920e+02   4.9880019e+02
   4.8612333e+02   4.9074427e+02   4.7891071e+02   4.6842744e+02   4.8440862e+02   4.8096401e+02   4.8397055e+02   4.9022122e+02   4.8040650e+02   4.7134598e+02   4.7306118e+02   4.8821411e+02   4.7797414e+02   4.7972187e+02   4.8147558e+02   4.8288606e+02   4.8934292e+02   4.7924325e+02   4.8171725e+02   4.7128755e+02   4.8774171e+02   4.8003471e+02   4.9226028e+02   4.6663968e+02   4.8831792e+02   4.8891818e+02   4.8362374e+02   4.8231850e+02   4.8234147e+02   4.9880019e+02
   4.5806044e+02   4.4944016e+02   4.4990113e+02   4.5325112e+02   4.4825256e+02   4.6473545e+02   4.6555571e+02   4.6267874e+02   4.5303644e+02   4.5671830e+02   4.5006561e+02   4.3605103e+02   4.6249810e+02   4.5258698e+02   4.5744905e+02   4.5642470e+02   4.6703756e+02   4.6938158e+02   4.5005540e+02   4.4746139e+02   4.6257731e+02   4.5509322e+02   4.5734121e+02   4.5557390e+02   4.4453167e+02   4.6059995e+02   4.6239850e+02   4.4093529e+02   4.5170074e+02   4.6398633e+02
   4.2200665e+02   4.1660404e+02   4.0919722e+02   4.1283792e+02   4.1859094e+02   4.2309692e+02   4.2131628e+02   4.1680737e+02   4.2205553e+02   4.1424684e+02   4.1738760e+02   4.1794396e+02   4.2641398e+02   4.1904386e+02   4.1914297e+02   4.1935349e+02   4.2328611e+02   4.2490554e+02   4.2046409e+02   4.2356454e+02   4.2769045e+02   4.2087392e+02   4.2186862e+02   4.1932596e+02   4.1569114e+02   4.2598351e+02   4.1917885e+02   4.2129125e+02   4.1846011e+02   4.1965154e+02
   4.0144547e+02   4.0012976e+02   3.9655419e+02   3.9383790e+02   4.0157983e+02   4.0296807e+02   4.0442256e+02   4.0252886e+02   3.9990268e+02   4.0173702e+02   3.9801839e+02   3.9741145e+02   3.9979059e+02   4.0042393e+02   4.0289823e+02   4.0514384e+02   4.0225126e+02   4.0459863e+02   4.0156500e+02   4.0350979e+02   3.9855394e+02   3.9983114e+02   4.0284766e+02   4.0238232e+02   4.0288293e+02   4.0503150e+02   4.0389489e+02   4.0368541e+02   4.0421296e+02   4.0493131e+02
   3.8965628e+02   3.8800079e+02   3.8788727e+02   3.8575484e+02   3.8788314e+02   3.8724354e+02   3.9156755e+02   3.9160240e+02   3.8803294e+02   3.8790953e+02   3.8739313e+02   3.8722352e+02   3.8707839e+02   3.8796460e+02   3.9164858e+02   3.9560903e+02   3.8952907e+02   3.8791656e+02   3.8797648e+02   3.8815705e+02   3.8818715e+02   3.8839323e+02   3.8963626e+02   3.8789941e+02   3.8953549e+02   3.8822815e+02   3.9450922e+02   3.9498658e+02   3.8838376e+02   3.9891617e+02
   3.6333769e+02   3.7277648e+02   3.7344705e+02   3.7344572e+02   3.7358018e+02   3.7886806e+02   3.7886823e+02   3.7887012e+02   3.7886907e+02   3.7921829e+02   3.7960724e+02   3.7998981e+02   3.8010490e+02   3.8294928e+02   3.8336189e+02   3.8346628e+02   3.8553352e+02   3.8553352e+02   3.8581885e+02   3.8581884e+02   3.8582072e+02   3.8595123e+02   3.8706962e+02   3.8706961e+02   3.8719914e+02   3.8719913e+02   3.8742638e+02   3.8752712e+02   3.8787562e+02   3.8787569e+02
   3.6331545e+02   3.7277558e+02   3.7344567e+02   3.7344567e+02   3.7357838e+02   3.7886791e+02   3.7886791e+02   3.7886791e+02   3.7886791e+02   3.7921796e+02   3.7960719e+02   3.7998979e+02   3.8010489e+02   3.8294922e+02   3.8336151e+02   3.8346376e+02   3.8553352e+02   3.8553352e+02   3.8581883e+02   3.8581883e+02   3.8582071e+02   3.8595114e+02   3.8706961e+02   3.8706961e+02   3.8719913e+02   3.8719913e+02   3.8742637e+02   3.8752711e+02   3.8787562e+02   3.8787562e+02
