   1.3686170e+03   1.3927065e+03   1.2485678e+03   1.6302322e+03   1.2992976e+03   1.3714597e+03   1.5824268e+03   1.2763841e+03   1.2976457e+03   1.3029364e+03   1.1643276e+03   1.4034331e+03   1.4470120e+03   1.4694290e+03   1.4071775e+03   1.3538908e+03   1.4178935e+03   1.3829453e+03   1.3357290e+03   1.3961786e+03   1.3485197e+03   1.5819510e+03   1.1346859e+03   1.2927405e+03   1.4467321e+03   1.5246552e+03   1.3022168e+03   1.0893450e+03   1.3034777e+03   1.3141100e+03
   1.2216695e+03   1.0136234e+03   1.0961280e+03   8.8882308e+02   1.1022098e+03   1.1275754e+03   1.0899479e+03   1.2393497e+03   1.2889689e+03   9.5383190e+02   1.0263271e+03   1.1036808e+03   1.1792902e+03   1.1262384e+03   1.0347651e+03   9.6481602e+02   1.2167436e+03   1.1817113e+03   1.1554974e+03   1.1980693e+03   1.1923565e+03   9.8838996e+02   9.9616811e+02   9.9368169e+02   1.1270853e+03   1.2709374e+03   1.1462277e+03   1.0893450e+03   1.1002871e+03   1.1539867e+03
   1.0826934e+03   7.2237103e+02   9.2401465e+02   8.8882308e+02   1.1022098e+03   8.0376236e+02   9.0547785e+02   9.3589242e+02   9.3899181e+02   8.4559822e+02   8.1160395e+02   8.0854704e+02   9.5322706e+02   9.1974240e+02   1.0187079e+03   8.8813188e+02   1.1172414e+03   1.1202345e+03   1.1407930e+03   9.5682579e+02   1.1296314e+03   9.3410948e+02   9.1238961e+02   9.9368169e+02   8.5861779e+02   1.0399071e+03   9.2639923e+02   9.1234178e+02   9.6006958e+02   7.6304438e+02
   9.3218735e+02   7.2237103e+02   9.0916239e+02   7.3853404e+02   8.1772509e+02   8.0376236e+02   8.7272893e+02   8.3656398e+02   7.4735558e+02   7.1475572e+02   8.1160395e+02   8.0854704e+02   9.0940424e+02   5.9455141e+02   4.8557084e+02   8.8813188e+02   9.4560794e+02   9.2143576e+02   8.8520124e+02   9.5682579e+02   9.7632671e+02   7.5374862e+02   6.6276983e+02   7.0032592e+02   8.5861779e+02   9.4900465e+02   9.2639923e+02   7.3526261e+02   7.6755558e+02   7.6304438e+02
   7.0552895e+02   7.1721625e+02   4.9741810e+02   6.9548169e+02   6.6870518e+02   6.7072710e+02   8.3233710e+02   8.3656398e+02   7.3195860e+02   7.0427477e+02   7.0279660e+02   6.3053803e+02   7.1507740e+02   5.9455141e+02   4.8557084e+02   8.5823285e+02   7.4885495e+02   7.3684020e+02   8.7515398e+02   8.0837070e+02   8.1382248e+02   7.5374862e+02   5.6443929e+02   6.5674940e+02   8.2340783e+02   7.3665612e+02   7.9887740e+02   6.5678620e+02   5.6291836e+02   7.6304438e+02
   6.3270142e+02   5.1250753e+02   4.9741810e+02   5.7203840e+02   4.5264086e+02   5.4969395e+02   5.0214428e+02   5.9894377e+02   5.0554624e+02   5.8296614e+02   5.5372651e+02   5.3696792e+02   5.0218118e+02   5.4197654e+02   4.8557084e+02   4.5005348e+02   5.0663669e+02   6.4959022e+02   5.2941047e+02   3.9324800e+02   3.9243847e+02   4.4766471e+02   5.6443929e+02   5.2287433e+02   5.0453354e+02   4.5209632e+02   5.3902895e+02   5.4710821e+02   4.1109844e+02   5.8103790e+02
   2.3375770e+02   2.6672789e+02   1.8985668e+02   2.3148052e+02   2.1000369e+02   2.5332161e+02   2.0718458e+02   2.5019132e+02   2.2675227e+02   2.7174607e+02   2.4355407e+02   2.2671176e+02   2.9109694e+02   2.6704044e+02   2.6124449e+02   2.5166115e+02   2.1910390e+02   2.9933514e+02   2.2039762e+02   2.3809550e+02   2.8108432e+02   2.1248618e+02   2.3590872e+02   2.8022066e+02   3.0232674e+02   2.5364878e+02   2.5417223e+02   2.6052200e+02   2.3180220e+02   2.5810118e+02
   1.1810890e+02   1.0926282e+02   1.0587069e+02   1.0433842e+02   1.2495994e+02   1.0457399e+02   1.0442662e+02   1.1665659e+02   1.2127530e+02   9.7609497e+01   1.1097943e+02   1.0960242e+02   1.0752827e+02   1.0315818e+02   9.5787105e+01   1.0291113e+02   1.1839175e+02   9.9727611e+01   1.1286037e+02   1.1835370e+02   1.1166655e+02   1.1886075e+02   1.1808549e+02   1.1043628e+02   1.1260242e+02   1.1606769e+02   1.0407848e+02   1.0314544e+02   1.0193658e+02   1.1770380e+02
   2.5076538e+01   2.3067126e+01   2.2293864e+01   2.4981895e+01   2.2459229e+01   2.4611943e+01   2.3458558e+01   2.4288968e+01   2.7232500e+01   2.4704553e+01   2.3807298e+01   2.0837875e+01   2.6194980e+01   2.0906152e+01   2.4891967e+01   2.4989712e+01   2.2398867e+01   2.1906781e+01   2.3317590e+01   2.3749658e+01   2.3125345e+01   2.4182842e+01   2.4618835e+01   2.5027246e+01   2.0329440e+01   1.7558611e+01   2.3596373e+01   2.3667985e+01   1.6303576e+01   2.5654026e+01
   8.5989160e-01   8.1400063e-01   7.5958215e-01   9.9466723e-01   7.8656082e-01   7.7915653e-01   8.6688005e-01   9.7088305e-01   1.0570630e+00   9.7441481e-01   8.2788464e-01   7.7552237e-01   8.2814074e-01   7.5202103e-01   8.1750999e-01   8.6071289e-01   6.4851421e-01   8.3728030e-01   1.0430491e+00   9.1806285e-01   9.3093755e-01   3.3676352e-01   7.7073355e-01   4.6526082e-01   1.1052219e+00   6.4609266e-01   6.4408610e-01   6.1346248e-01   6.7923709e-01   1.0687541e+00
   4.7498098e-04   4.2096657e-04   4.4007438e-04   4.6941375e-04   4.0640613e-04   3.7702172e-04   4.9690092e-04   4.4074269e-04   5.1349822e-04   3.8813173e-04   4.0796763e-04   4.5991714e-04   3.7486855e-04   4.2156084e-04   4.4333640e-04   3.8130952e-04   4.1181142e-04   4.6794507e-04   4.5273315e-04   4.1468783e-04   4.2639508e-04   3.9851239e-04   4.2861910e-04   4.5530806e-04   3.6014203e-04   3.4214633e-04   3.3334920e-04   3.9420969e-04   3.6133194e-04   4.0695454e-04
   0.0000000e+00   0.0000000e+00   0.0000000e+00   0.0000000e+00   0.0000000e+00   0.0000000e+00   0.0000000e+00   0.0000000e+00   0.0000000e+00   0.0000000e+00   0.0000000e+00   0.0000000e+00   0.0000000e+00   0.0000000e+00   0.0000000e+00   0.0000000e+00   0.0000000e+00   0.0000000e+00   0.0000000e+00   0.0000000e+00   0.0000000e+00   0.0000000e+00   0.0000000e+00   0.0000000e+00   0.0000000e+00   0.0000000e+00   0.0000000e+00   0.0000000e+00   0.0000000e+00   0.0000000e+00
   0.0000000e+00   0.0000000e+00   0.0000000e+00   0.0000000e+00   0.0000000e+00   0.0000000e+00   0.0000000e+00   0.0000000e+00   0.0000000e+00   0.0000000e+00   0.0000000e+00   0.0000000e+00   0.0000000e+00   0.0000000e+00   0.0000000e+00   0.0000000e+00   0.0000000e+00   0.0000000e+00   0.0000000e+00   0.0000000e+00   0.0000000e+00   0.0000000e+00   0.0000000e+00   0.0000000e+00   0.0000000e+00   0.0000000e+00   0.0000000e+00   0.0000000e+00   0.0000000e+00   0.0000000e+00
   0.0000000e+00   0.0000000e+00   0.0000000e+00   0.0000000e+00   0.0000000e+00   0.0000000e+00   0.0000000e+00   0.0000000e+00   0.0000000e+00   0.0000000e+00   0.0000000e+00   0.0000000e+00   0.0000000e+00   0.0000000e+00   0.0000000e+00   0.0000000e+00   0.0000000e+00   0.0000000e+00   0.0000000e+00   0.0000000e+00   0.0000000e+00   0.0000000e+00   0.0000000e+00   0.0000000e+00   0.0000000e+00   0.0000000e+00   0.0000000e+00   0.0000000e+00   0.0000000e+00   0.0000000e+00
   0.0000000e+00   0.0000000e+00   0.0000000e+00   0.0000000e+00   0.0000000e+00   0.0000000e+00   0.0000000e+00   0.0000000e+00   0.0000000e+00   0.0000000e+00   0.0000000e+00   0.0000000e+00   0.0000000e+00   0.0000000e+00   0.0000000e+00   0.0000000e+00   0.0000000e+00   0.0000000e+00   0.0000000e+00   0.0000000e+00   0.0000000e+00   0.0000000e+00   0.0000000e+00   0.0000000e+00   0.0000000e+00   0.0000000e+00   0.0000000e+00   0.0000000e+00   0.0000000e+00   0.0000000e+00
   0.0000000e+00   0.0000000e+00   0.0000000e+00   0.0000000e+00   0.0000000e+00   0.0000000e+00   0.0000000e+00   0.0000000e+00   0.0000000e+00   0.0000000e+00   0.0000000e+00   0.0000000e+00   0.0000000e+00   0.0000000e+00   0.0000000e+00   0.0000000e+00   0.0000000e+00   0.0000000e+00   0.0000000e+00   0.0000000e+00   0.0000000e+00   0.0000000e+00   0.0000000e+00   0.0000000e+00   0.0000000e+00   0.0000000e+00   0.0000000e+00   0.0000000e+00   0.0000000e+00   0.0000000e+00
