   6.1122998e+05   2.1976496e+06   2.5916518e+06   2.2116535e+06   2.1515861e+06   2.4783118e+06   2.3350071e+06   1.5145105e+06   2.2243089e+06   5.5254153e+06   4.2359025e+05   3.7602168e+06   7.6502698e+05   5.5847847e+06   6.3611752e+06   1.8286850e+06   3.0307720e+06   1.1128090e+06   3.4300488e+06   1.2901930e+06   4.8724787e+06   4.5152355e+06   2.5722107e+06   9.3809775e+05   1.8700107e+06   8.3874065e+05   2.5515600e+06   2.8721364e+06   1.0479083e+06   2.5881406e+06
   6.1122998e+05   1.4188571e+06   8.1367769e+05   3.6220973e+05   1.2588692e+06   9.6246753e+05   7.3975469e+05   1.1839580e+06   1.0186495e+06   1.2721842e+06   4.2359025e+05   8.1346044e+05   7.6502698e+05   1.0883140e+06   5.5591176e+05   1.8286850e+06   2.8618692e+06   1.1128090e+06   5.1812637e+05   1.1959445e+06   6.7122311e+05   1.3707315e+06   1.8296396e+06   9.3809775e+05   1.0418158e+06   5.4338771e+05   5.5824765e+05   7.9364826e+05   1.0479083e+06   6.8047053e+05
   6.0193135e+05   5.3629915e+05   1.3816061e+05   3.4813321e+05   9.2520607e+05   7.9808986e+05   2.3240055e+05   1.1839580e+06   9.9276207e+05   9.5715336e+05   3.1359420e+05   2.1190840e+05   4.7155608e+05   1.0883140e+06   5.5591176e+05   3.4959279e+05   1.4289052e+05   4.9801902e+05   5.1812637e+05   1.2957303e+05   2.2064088e+05   8.1485813e+05   1.3153523e+05   4.1159662e+05   1.6016691e+05   5.4338771e+05   5.5824765e+05   4.6640544e+05   1.0479083e+06   4.0818924e+05
   5.2361643e+05   5.3629915e+05   5.6628237e+04   9.2214355e+04   1.3984892e+05   1.8843786e+04   2.1831176e+05   4.6819432e+05   4.6724835e+05   2.8113804e+05   1.0046553e+05   2.1190840e+05   3.3187405e+05   1.9153108e+05   1.1175565e+05   1.8174101e+05   2.9977445e+04   1.1550101e+05   2.9824888e+05   1.2957303e+05   1.3194978e+05   2.0346475e+05   1.3153523e+05   8.7724859e+04   1.1290125e+05   2.6588811e+05   1.6296113e+05   2.8080994e+05   1.5153989e+05   1.0533037e+05
   1.6112252e+05   1.5170555e+05   3.2318373e+04   2.1137267e+04   1.0975875e+05   1.8843786e+04   4.7139564e+04   1.6476333e+05   1.9810693e+04   1.2231829e+05   5.3564679e+04   6.7752349e+04   4.7691829e+04   1.9153108e+05   1.1175565e+05   1.2335749e+05   2.9977445e+04   1.1550101e+05   1.3100574e+05   6.7587300e+04   4.4282185e+04   2.0286110e+05   5.9179410e+04   6.7486441e+04   1.1290125e+05   1.8236442e+05   1.6296113e+05   9.0387990e+04   5.2100636e+04   9.9126456e+04
   2.6835471e+04   1.9351416e+04   2.5067974e+04   2.1137267e+04   2.4394639e+04   1.8843786e+04   4.1496739e+04   4.0444606e+04   1.9810693e+04   5.9523772e+04   3.0057561e+04   2.2294880e+04   1.7225047e+04   2.2317553e+04   3.2414139e+04   9.6982014e+03   1.3981084e+04   9.2517978e+03   2.7885047e+04   1.1427746e+04   1.5757086e+04   4.9958894e+04   2.7784644e+04   1.7031585e+04   2.2184620e+04   3.3909539e+04   1.3768910e+04   2.7746128e+04   2.8761932e+04   1.2236430e+04
   1.1769026e+03   7.8558319e+02   3.6624951e+02   4.2000155e+02   8.3058816e+02   1.9807041e+02   4.4332483e+02   2.1015425e+03   7.1461265e+02   7.4680242e+02   1.4431745e+02   1.1453562e+03   1.0575556e+03   1.8358662e+03   1.3863377e+03   7.7330900e+02   5.8640409e+02   6.1855465e+02   4.0735296e+02   6.6244639e+02   3.1096714e+02   6.2354076e+02   5.1185097e+02   5.6666785e+02   4.2283990e+02   6.6388710e+02   1.2003961e+03   2.1187043e+02   1.1327513e+03   1.8410759e+02
   2.3041759e+01   1.8241691e+01   2.1577614e+01   1.9587559e+01   2.2526203e+01   1.7770918e+01   2.6169489e+01   1.4749532e+01   2.0588707e+01   2.8134579e+01   2.7851081e+01   1.8853467e+01   2.4869243e+01   1.8482712e+01   2.7519069e+01   2.7604805e+01   1.8995180e+01   2.1726878e+01   2.0418284e+01   2.3530613e+01   1.9423691e+01   2.5979875e+01   2.3765135e+01   2.3331741e+01   2.1869465e+01   2.1822871e+01   2.4354976e+01   2.0479590e+01   2.6382036e+01   1.9870182e+01
   1.1622885e+01   1.0361859e+01   9.1911216e+00   1.0202677e+01   1.1494824e+01   1.0582701e+01   1.2018702e+01   1.1115973e+01   1.0751492e+01   1.0917798e+01   1.1897153e+01   1.1454618e+01   1.1624896e+01   1.1608956e+01   9.5719447e+00   1.1121670e+01   1.0229585e+01   1.0669997e+01   1.2322301e+01   1.0702294e+01   1.1782987e+01   1.0485653e+01   1.1048528e+01   1.0311488e+01   1.1006570e+01   1.1483975e+01   1.0194882e+01   1.1284638e+01   1.1073242e+01   1.0756870e+01
   1.0137365e+01   8.9921751e+00   8.1790953e+00   9.5823338e+00   9.9419624e+00   8.8532105e+00   8.7089741e+00   9.5283668e+00   9.7354339e+00   8.4108458e+00   8.5692253e+00   7.3657721e+00   9.0345136e+00   9.8759891e+00   8.8663051e+00   8.7752016e+00   9.3446167e+00   1.0086329e+01   8.8898976e+00   9.2656222e+00   9.5592647e+00   7.2923357e+00   8.9679097e+00   9.7921678e+00   9.1315841e+00   9.7164451e+00   7.7412745e+00   1.0241551e+01   8.3500200e+00   7.9535889e+00
   8.8076546e+00   8.5669646e+00   7.9256381e+00   8.6425030e+00   8.4333195e+00   8.8532105e+00   8.1722267e+00   8.6394068e+00   9.1410126e+00   8.4108458e+00   8.5314581e+00   7.3657721e+00   9.0083653e+00   8.5579256e+00   8.0110890e+00   6.7708776e+00   8.0196354e+00   8.6624875e+00   6.1193595e+00   8.2006772e+00   8.4417163e+00   7.2923357e+00   8.2125554e+00   8.2765696e+00   8.6638088e+00   8.8724853e+00   7.4940339e+00   7.1695182e+00   7.7212711e+00   6.2086646e+00
   4.8782471e+00   5.8746722e+00   7.6919762e+00   8.5187351e+00   6.6690224e+00   5.4445877e+00   5.0371817e+00   4.8212253e+00   4.1343352e+00   7.3402236e+00   6.4060177e+00   6.0963070e+00   4.4834686e+00   7.7011528e+00   5.2982511e+00   5.4101541e+00   5.7866094e+00   7.9163416e+00   6.1193595e+00   6.5012735e+00   6.5424070e+00   7.2923357e+00   6.1358215e+00   7.9966729e+00   5.1351244e+00   5.4786707e+00   7.4940339e+00   5.1799376e+00   7.1459970e+00   3.9086627e+00
   2.4108036e+00   2.5732801e+00   2.6601815e+00   3.2086171e+00   2.6549079e+00   2.4223622e+00   2.0917247e+00   2.1803532e+00   2.3243359e+00   3.1216087e+00   2.9241002e+00   2.2129547e+00   2.3768292e+00   2.6772468e+00   2.4871816e+00   2.4946732e+00   2.6283662e+00   2.8040075e+00   2.9014496e+00   2.6133311e+00   2.4509891e+00   2.3842312e+00   2.3987075e+00   3.0551213e+00   2.4666177e+00   2.8799475e+00   2.9000995e+00   2.5785115e+00   2.4767888e+00   2.6492186e+00
   1.4819991e+00   1.2951444e+00   1.3609171e+00   1.3517286e+00   1.2181299e+00   1.2919595e+00   1.0724821e+00   1.3546700e+00   1.2287681e+00   1.6945846e+00   1.5077623e+00   1.3962967e+00   1.4761685e+00   1.3933668e+00   1.3527812e+00   1.4645895e+00   1.3859548e+00   1.5477719e+00   1.3314995e+00   1.4730988e+00   1.3338285e+00   1.5593790e+00   1.4225176e+00   1.2672137e+00   1.6325881e+00   1.4115873e+00   1.2347059e+00   1.3385067e+00   1.5766480e+00   1.4354236e+00
   9.1187021e-01   7.1595067e-01   8.4691503e-01   8.8856760e-01   8.3410643e-01   9.1336710e-01   8.3891559e-01   9.1059115e-01   8.7529466e-01   1.0181254e+00   8.7097884e-01   8.2867157e-01   8.0377824e-01   9.0904326e-01   8.0666190e-01   9.7355584e-01   9.3544866e-01   9.0212120e-01   9.1684729e-01   9.9710917e-01   8.7405773e-01   8.9511902e-01   8.5514425e-01   8.7960712e-01   9.0495036e-01   8.6917641e-01   9.5950771e-01   9.1968737e-01   1.0170562e+00   1.0516505e+00
   3.7478013e-01   4.4099092e-01   4.6842253e-01   4.9412773e-01   5.1556927e-01   5.2575289e-01   5.3702485e-01   5.4618997e-01   5.4864869e-01   5.5080747e-01   5.5338210e-01   5.6435223e-01   5.8169131e-01   5.8208588e-01   5.8459039e-01   5.8495199e-01   5.8995199e-01   5.9567290e-01   5.9849926e-01   5.9934646e-01   6.0131215e-01   6.0537500e-01   6.0542821e-01   6.2929306e-01   6.3292610e-01   6.3498691e-01   6.5458780e-01   6.5736472e-01   6.5968377e-01   6.7381525e-01
