   1.3095238e+03   1.2774828e+03   1.2247586e+03   1.4007975e+03   1.0823933e+03   1.1150970e+03   1.1463521e+03   1.2446095e+03   1.2070125e+03   1.1434083e+03   1.3329478e+03   1.2613633e+03   1.4441225e+03   1.3982121e+03   1.4215896e+03   1.3032426e+03   8.2547891e+02   1.1952767e+03   1.2810570e+03   1.4141302e+03   1.3176475e+03   1.1642456e+03   1.2355054e+03   1.0898309e+03   1.1359335e+03   1.2004879e+03   1.3595674e+03   1.4062805e+03   1.4613258e+03   1.3258731e+03
   1.1775690e+03   9.0712101e+02   8.3982743e+02   1.0167755e+03   8.2437108e+02   1.0327110e+03   1.0903575e+03   1.1102709e+03   9.1060710e+02   1.0389156e+03   9.3052689e+02   8.7923390e+02   7.2429227e+02   9.8771153e+02   1.1263881e+03   1.0750206e+03   8.2547891e+02   1.1952767e+03   9.6850678e+02   9.1900245e+02   8.1952088e+02   1.0843461e+03   1.0841798e+03   1.0898309e+03   1.0313094e+03   9.6569055e+02   1.0902130e+03   1.0652381e+03   9.0182329e+02   1.1115808e+03
   8.0432298e+02   8.9940755e+02   7.5864963e+02   6.6326600e+02   8.2437108e+02   8.8993860e+02   6.8575664e+02   8.4247320e+02   7.8602677e+02   7.0756759e+02   9.1243706e+02   8.0013750e+02   7.1363737e+02   6.6716220e+02   8.9617697e+02   8.2164669e+02   8.2547891e+02   8.1769941e+02   9.0252662e+02   9.1900245e+02   8.1952088e+02   8.0664025e+02   8.9250962e+02   9.5290097e+02   7.5420299e+02   6.7683688e+02   9.7218347e+02   8.0606490e+02   9.0182329e+02   8.7922527e+02
   7.8463630e+02   7.1224311e+02   6.9200080e+02   5.7988182e+02   8.2437108e+02   7.0254120e+02   5.7694175e+02   5.8244520e+02   6.5957067e+02   7.0522477e+02   5.8615716e+02   7.3246747e+02   6.9179890e+02   6.0962126e+02   7.6792647e+02   7.6365843e+02   5.0731128e+02   7.1434489e+02   8.6752456e+02   7.1415312e+02   6.8740302e+02   7.8572487e+02   8.0004842e+02   5.9151830e+02   6.7307217e+02   6.7595262e+02   7.1104418e+02   7.1100675e+02   7.1730746e+02   6.9835386e+02
   4.8179902e+02   7.0409929e+02   6.2542681e+02   5.7988182e+02   6.1031521e+02   6.4631600e+02   4.4585804e+02   5.8244520e+02   6.4811491e+02   6.0172081e+02   5.8615716e+02   7.0209916e+02   6.9179890e+02   5.8873354e+02   6.1076225e+02   5.8539836e+02   5.0731128e+02   6.0477390e+02   6.4955925e+02   5.9744125e+02   6.1119091e+02   6.8816770e+02   7.5375889e+02   5.2999772e+02   6.7307217e+02   6.7595262e+02   6.0820886e+02   7.0870377e+02   7.1730746e+02   5.9569106e+02
   4.6610700e+02   3.4887120e+02   5.1951758e+02   4.7029187e+02   5.7378061e+02   5.2815072e+02   4.4585804e+02   5.1126313e+02   5.2300761e+02   5.5181269e+02   5.0592330e+02   4.1490472e+02   5.1367445e+02   4.2074861e+02   4.8997851e+02   4.9611814e+02   4.4356942e+02   4.4119391e+02   5.1390533e+02   5.1436740e+02   5.4370443e+02   5.0224608e+02   5.2876386e+02   4.7128475e+02   5.0326365e+02   5.6327793e+02   4.6504705e+02   5.6007700e+02   5.6261861e+02   4.4851619e+02
   2.6753530e+02   2.8538383e+02   2.8343608e+02   3.0252428e+02   3.1823145e+02   3.3064248e+02   2.6949357e+02   3.1796653e+02   3.0638060e+02   3.1331146e+02   3.1433094e+02   2.9640377e+02   2.8571100e+02   3.0405710e+02   3.1283270e+02   3.3244238e+02   2.7527526e+02   3.1276777e+02   2.8682939e+02   3.0347521e+02   2.9248277e+02   3.0259065e+02   3.1641583e+02   3.2213643e+02   2.4579658e+02   3.3032787e+02   2.8620298e+02   3.0868769e+02   2.9624584e+02   3.2675028e+02
   1.9541699e+02   1.7281680e+02   1.8835792e+02   1.8250931e+02   1.9574720e+02   1.9776183e+02   1.8780901e+02   1.9100840e+02   1.6615142e+02   1.9104573e+02   1.9294212e+02   1.4758157e+02   1.8634573e+02   1.7801390e+02   1.6717484e+02   1.7358939e+02   1.6939812e+02   1.9268733e+02   1.9774254e+02   1.7501452e+02   1.9887765e+02   2.0507714e+02   1.7972119e+02   1.8501993e+02   1.9243942e+02   2.1355500e+02   1.8988117e+02   1.7138870e+02   1.7745881e+02   1.9215972e+02
   1.4256597e+02   1.2225691e+02   1.4144058e+02   1.4833672e+02   1.3788010e+02   1.1988227e+02   1.5220713e+02   1.4125514e+02   1.4397081e+02   1.4014931e+02   1.4663774e+02   1.3018804e+02   1.4320370e+02   1.5235575e+02   1.4803520e+02   1.4494637e+02   1.4221480e+02   1.4924574e+02   1.5214467e+02   1.3587087e+02   1.2330098e+02   1.2845657e+02   1.3710357e+02   1.4260317e+02   1.5061123e+02   1.3757612e+02   1.5018552e+02   1.5153663e+02   1.2248836e+02   1.3392663e+02
   1.1195072e+02   1.2225691e+02   1.2232616e+02   1.1417170e+02   1.2646408e+02   1.1086270e+02   1.2105971e+02   1.1628431e+02   1.0799660e+02   1.1352144e+02   1.1248856e+02   1.2287636e+02   1.0155543e+02   1.1584745e+02   1.0717307e+02   1.2020020e+02   1.1055207e+02   1.0659443e+02   1.1462349e+02   1.2369308e+02   1.1747676e+02   1.2314137e+02   1.0236383e+02   1.2737820e+02   1.1637796e+02   1.1669689e+02   1.1294917e+02   1.2495830e+02   1.1468381e+02   1.1273290e+02
   1.1195072e+02   8.7336314e+01   1.0135610e+02   9.5973745e+01   9.0093956e+01   8.9981790e+01   9.8790438e+01   9.6557152e+01   1.0030221e+02   9.5906992e+01   9.5937212e+01   9.8159992e+01   7.7831853e+01   7.7301566e+01   9.4132433e+01   9.2289365e+01   1.1055207e+02   9.9176083e+01   1.1462349e+02   9.5734826e+01   9.4496662e+01   7.7764745e+01   1.0236383e+02   1.0265815e+02   9.4350908e+01   9.1596894e+01   9.1020397e+01   9.6383859e+01   8.7575684e+01   9.4726445e+01
   5.3298620e+01   4.6909993e+01   5.3000123e+01   5.5594112e+01   5.6440447e+01   3.6942782e+01   5.0627462e+01   5.5805435e+01   4.5740085e+01   6.0115916e+01   4.7331769e+01   5.7190952e+01   3.6568155e+01   3.8391522e+01   4.6721565e+01   4.7067202e+01   5.1781386e+01   5.6313865e+01   6.7195921e+01   4.9257771e+01   5.4005159e+01   5.4128362e+01   6.0386795e+01   6.5988281e+01   5.3708719e+01   5.3867482e+01   5.6588189e+01   5.7853916e+01   5.4950091e+01   4.4004942e+01
   2.4366705e+01   2.7767714e+01   3.1141857e+01   2.9455310e+01   2.6295195e+01   2.8254666e+01   2.4598937e+01   2.9885506e+01   3.0855563e+01   2.9070486e+01   2.4269480e+01   2.5850157e+01   2.1935071e+01   2.2781186e+01   2.6763850e+01   2.4601206e+01   2.3462855e+01   2.6475433e+01   2.9914354e+01   2.5000359e+01   2.5645364e+01   2.7457723e+01   2.4712796e+01   3.1364991e+01   2.4341686e+01   2.4860784e+01   2.8498800e+01   2.6679457e+01   2.6441534e+01   2.2292537e+01
   2.0162388e+01   2.0172199e+01   2.0173161e+01   2.0164552e+01   2.0162486e+01   2.0163034e+01   2.0162051e+01   2.0163531e+01   2.0169114e+01   2.0167537e+01   2.0161993e+01   2.0163600e+01   2.0161781e+01   2.0162134e+01   2.0163029e+01   2.0162687e+01   2.0162054e+01   2.0162869e+01   2.0163985e+01   2.0162137e+01   2.0163139e+01   2.0163310e+01   2.0162297e+01   2.0167661e+01   2.0162858e+01   2.0162314e+01   2.0162884e+01   2.0165215e+01   2.0162871e+01   2.0162168e+01
   2.0161728e+01   2.0161728e+01   2.0161728e+01   2.0161728e+01   2.0161728e+01   2.0161728e+01   2.0161728e+01   2.0161728e+01   2.0161728e+01   2.0161728e+01   2.0161728e+01   2.0161728e+01   2.0161728e+01   2.0161728e+01   2.0161728e+01   2.0161728e+01   2.0161728e+01   2.0161728e+01   2.0161728e+01   2.0161728e+01   2.0161728e+01   2.0161728e+01   2.0161728e+01   2.0161728e+01   2.0161728e+01   2.0161728e+01   2.0161728e+01   2.0161728e+01   2.0161728e+01   2.0161728e+01
   2.0161728e+01   2.0161728e+01   2.0161728e+01   2.0161728e+01   2.0161728e+01   2.0161728e+01   2.0161728e+01   2.0161728e+01   2.0161728e+01   2.0161728e+01   2.0161728e+01   2.0161728e+01   2.0161728e+01   2.0161728e+01   2.0161728e+01   2.0161728e+01   2.0161728e+01   2.0161728e+01   2.0161728e+01   2.0161728e+01   2.0161728e+01   2.0161728e+01   2.0161728e+01   2.0161728e+01   2.0161728e+01   2.0161728e+01   2.0161728e+01   2.0161728e+01   2.0161728e+01   2.0161728e+01
