   3.9808108e+03   4.5290019e+03   4.0214001e+03   4.5219648e+03   4.3064540e+03   4.3346346e+03   4.6846456e+03   4.4688665e+03   4.4080024e+03   4.1501902e+03   3.7953104e+03   4.3730769e+03   4.2152344e+03   3.9806952e+03   4.1756230e+03   3.8764731e+03   3.8876895e+03   4.5453318e+03   4.6769441e+03   4.2407065e+03   4.5145463e+03   3.9876181e+03   4.2122506e+03   4.6681817e+03   3.0744105e+03   4.1449326e+03   4.2106060e+03   4.5340178e+03   4.0784407e+03   4.0466126e+03
   3.7894136e+03   4.5290019e+03   3.9885228e+03   4.0048482e+03   4.2313949e+03   3.9744620e+03   4.6768079e+03   3.6892108e+03   4.4080024e+03   4.1501902e+03   3.7953104e+03   4.3219370e+03   3.2007302e+03   3.9806952e+03   4.1756230e+03   3.8764731e+03   3.8876895e+03   4.4867107e+03   4.3285536e+03   4.2407065e+03   4.0982037e+03   3.9876181e+03   4.2122506e+03   4.6681817e+03   3.0744105e+03   4.1402383e+03   4.2106060e+03   4.3244459e+03   4.0784407e+03   4.0466126e+03
   3.4326423e+03   3.7812706e+03   3.7825428e+03   3.5914260e+03   4.0399365e+03   3.8999436e+03   4.0542344e+03   3.6892108e+03   3.2776278e+03   3.8675468e+03   3.7953104e+03   4.2571152e+03   3.2007302e+03   3.7160535e+03   4.0504724e+03   3.4791212e+03   3.7668602e+03   4.0672762e+03   4.2666830e+03   3.8347853e+03   4.0982037e+03   3.7226156e+03   4.2122506e+03   4.2555917e+03   3.0744105e+03   4.0512966e+03   4.0578788e+03   3.8033099e+03   4.0784407e+03   3.8822862e+03
   3.0518361e+03   3.3596174e+03   3.6136940e+03   3.1781571e+03   3.3550696e+03   3.8999436e+03   3.4549479e+03   3.6892108e+03   3.2776278e+03   3.7493039e+03   3.5169318e+03   3.9782600e+03   3.2007302e+03   3.5456569e+03   3.6185876e+03   3.1718104e+03   3.5483470e+03   4.0672762e+03   3.7881665e+03   3.8225591e+03   4.0982037e+03   3.2953775e+03   3.8487615e+03   4.1161989e+03   3.0744105e+03   4.0512966e+03   3.7082407e+03   3.8033099e+03   3.5405032e+03   3.8822862e+03
   2.7409476e+03   2.8926606e+03   2.8389536e+03   2.7654760e+03   3.1608646e+03   3.2562875e+03   3.3677077e+03   3.3456351e+03   3.2150601e+03   3.3919678e+03   3.0278467e+03   3.2238632e+03   2.7368022e+03   3.2428711e+03   3.0549751e+03   2.8267021e+03   3.2111503e+03   2.9805153e+03   3.6843166e+03   3.0710451e+03   3.7170287e+03   3.0796756e+03   3.4644943e+03   3.2686633e+03   3.0744105e+03   3.4456466e+03   3.4904785e+03   3.4900374e+03   3.3993471e+03   3.1812768e+03
   2.5299699e+03   2.6753033e+03   2.3832919e+03   2.5041791e+03   2.6884309e+03   2.6069025e+03   2.9546264e+03   3.0962840e+03   2.9418128e+03   3.1380102e+03   2.6675588e+03   2.9278671e+03   2.7368022e+03   2.8146556e+03   2.8120973e+03   2.3695814e+03   2.8703481e+03   2.9441508e+03   2.6253977e+03   2.5077760e+03   2.8761561e+03   2.3539200e+03   3.1391327e+03   2.8345743e+03   2.7094072e+03   2.7129030e+03   2.6376880e+03   3.1849787e+03   2.6798614e+03   2.7238102e+03
   2.0008871e+03   2.1959080e+03   1.6731868e+03   1.9320457e+03   2.0454456e+03   2.2502810e+03   1.9538361e+03   2.3546611e+03   1.9946650e+03   2.1304275e+03   1.9149132e+03   2.5161128e+03   1.9574098e+03   2.2743592e+03   1.9671584e+03   1.7772012e+03   1.9285728e+03   1.9681528e+03   2.5097298e+03   1.5488905e+03   1.9492586e+03   2.1685097e+03   2.0101439e+03   2.4318813e+03   2.1847105e+03   2.4538727e+03   2.1764596e+03   2.2209710e+03   2.1860521e+03   2.3303252e+03
   1.5298447e+03   1.2189532e+03   1.3332683e+03   1.1957502e+03   1.0487121e+03   1.8772032e+03   1.4788611e+03   1.6120979e+03   1.8777090e+03   1.5042521e+03   1.3481386e+03   1.8739987e+03   1.0139293e+03   1.6894009e+03   1.5984277e+03   1.2119546e+03   1.3048284e+03   1.0546950e+03   1.6048993e+03   1.4829430e+03   1.2714302e+03   1.3776298e+03   1.6798711e+03   1.3933016e+03   1.4660135e+03   1.5295384e+03   1.2790326e+03   1.0345973e+03   1.7974356e+03   1.4221166e+03
   1.2858010e+03   9.5179753e+02   1.1531951e+03   6.7713469e+02   3.5138711e+02   8.5898508e+02   1.0541797e+03   1.1976291e+03   1.1144224e+03   1.1091379e+03   5.6979824e+02   1.4584389e+03   7.7452969e+02   1.0826788e+03   1.1969947e+03   9.2254939e+02   1.1254286e+03   8.2755217e+02   1.1678952e+03   8.8441263e+02   1.2313681e+03   9.6629841e+02   1.2436886e+03   1.1921018e+03   9.9376922e+02   1.0849537e+03   9.6718020e+02   8.4938813e+02   1.3785967e+03   5.1273282e+02
   6.7721446e+02   2.7105026e+02   4.1525961e+02   3.0817675e+02   2.6387115e+02   4.3597262e+02   5.9814913e+02   2.0333322e+02   6.1963250e+02   6.0725153e+02   1.4845459e+02   9.0993864e+01   6.9397167e+02   4.3792277e+02   5.7464683e+02   4.5596008e+02   6.7184029e+02   4.7972509e+02   7.3224373e+02   6.6839603e+02   2.5932666e+02   2.3088435e+02   6.9118360e+02   4.2320182e+02   3.0475404e+02   9.1504903e+02   2.3311055e+02   5.4498384e+02   5.9157804e+02   5.0118605e+02
   0.0000000e+00   2.4761400e+02   1.4371443e+02   3.7846634e+00   0.0000000e+00   2.4083635e+02   4.6782195e+01   1.1360240e+02   3.2097195e+02   0.0000000e+00   0.0000000e+00   0.0000000e+00   2.3108459e+02   0.0000000e+00   2.5976080e+02   3.5627621e+01   0.0000000e+00   0.0000000e+00   3.1434614e+02   7.8190188e+01   0.0000000e+00   0.0000000e+00   2.2842152e+02   0.0000000e+00   1.9206429e+02   0.0000000e+00   4.3057922e+00   1.6732498e+02   1.6256424e+02   0.0000000e+00
   0.0000000e+00   0.0000000e+00   0.0000000e+00   0.0000000e+00   0.0000000e+00   0.0000000e+00   0.0000000e+00   0.0000000e+00   0.0000000e+00   0.0000000e+00   0.0000000e+00   0.0000000e+00   0.0000000e+00   0.0000000e+00   0.0000000e+00   0.0000000e+00   0.0000000e+00   0.0000000e+00   0.0000000e+00   0.0000000e+00   0.0000000e+00   0.0000000e+00   0.0000000e+00   0.0000000e+00   0.0000000e+00   0.0000000e+00   0.0000000e+00   0.0000000e+00   0.0000000e+00   0.0000000e+00
   0.0000000e+00   0.0000000e+00   0.0000000e+00   0.0000000e+00   0.0000000e+00   0.0000000e+00   0.0000000e+00   0.0000000e+00   0.0000000e+00   0.0000000e+00   0.0000000e+00   0.0000000e+00   0.0000000e+00   0.0000000e+00   0.0000000e+00   0.0000000e+00   0.0000000e+00   0.0000000e+00   0.0000000e+00   0.0000000e+00   0.0000000e+00   0.0000000e+00   0.0000000e+00   0.0000000e+00   0.0000000e+00   0.0000000e+00   0.0000000e+00   0.0000000e+00   0.0000000e+00   0.0000000e+00
   0.0000000e+00   0.0000000e+00   0.0000000e+00   0.0000000e+00   0.0000000e+00   0.0000000e+00   0.0000000e+00   0.0000000e+00   0.0000000e+00   0.0000000e+00   0.0000000e+00   0.0000000e+00   0.0000000e+00   0.0000000e+00   0.0000000e+00   0.0000000e+00   0.0000000e+00   0.0000000e+00   0.0000000e+00   0.0000000e+00   0.0000000e+00   0.0000000e+00   0.0000000e+00   0.0000000e+00   0.0000000e+00   0.0000000e+00   0.0000000e+00   0.0000000e+00   0.0000000e+00   0.0000000e+00
   0.0000000e+00   0.0000000e+00   0.0000000e+00   0.0000000e+00   0.0000000e+00   0.0000000e+00   0.0000000e+00   0.0000000e+00   0.0000000e+00   0.0000000e+00   0.0000000e+00   0.0000000e+00   0.0000000e+00   0.0000000e+00   0.0000000e+00   0.0000000e+00   0.0000000e+00   0.0000000e+00   0.0000000e+00   0.0000000e+00   0.0000000e+00   0.0000000e+00   0.0000000e+00   0.0000000e+00   0.0000000e+00   0.0000000e+00   0.0000000e+00   0.0000000e+00   0.0000000e+00   0.0000000e+00
   0.0000000e+00   0.0000000e+00   0.0000000e+00   0.0000000e+00   0.0000000e+00   0.0000000e+00   0.0000000e+00   0.0000000e+00   0.0000000e+00   0.0000000e+00   0.0000000e+00   0.0000000e+00   0.0000000e+00   0.0000000e+00   0.0000000e+00   0.0000000e+00   0.0000000e+00   0.0000000e+00   0.0000000e+00   0.0000000e+00   0.0000000e+00   0.0000000e+00   0.0000000e+00   0.0000000e+00   0.0000000e+00   0.0000000e+00   0.0000000e+00   0.0000000e+00   0.0000000e+00   0.0000000e+00
