   2.7996206e+03   3.2184310e+03   2.5125184e+03   2.3148791e+03   3.2649717e+03   2.0187880e+03   2.0825714e+03   2.5240530e+03   2.0121271e+03   2.3792790e+03   2.3792790e+03   2.7412754e+03   2.8654670e+03   2.8996499e+03   2.8374444e+03   2.5580657e+03   1.8714701e+03   2.9234446e+03   3.2009977e+03   3.0718203e+03   3.1573508e+03   2.9965150e+03   3.4051662e+03   1.7779732e+03   2.6209771e+03   2.0400356e+03   3.0491409e+03   2.8409013e+03   2.0577037e+03   3.8867917e+03
   2.6986864e+03   2.8911066e+03   2.4451813e+03   2.3148791e+03   3.0443880e+03   1.9809955e+03   2.0825714e+03   2.3100866e+03   2.0121271e+03   2.3792790e+03   2.3792790e+03   2.7412754e+03   2.8644841e+03   2.8996499e+03   2.6919841e+03   2.4944784e+03   1.8714701e+03   2.9133328e+03   3.2009977e+03   2.7505923e+03   3.1573508e+03   2.9965150e+03   3.4051662e+03   1.7779732e+03   2.6209771e+03   2.0400356e+03   2.6120299e+03   2.8409013e+03   2.0577037e+03   3.8867917e+03
   2.1391273e+03   2.8911066e+03   2.4451813e+03   2.3148791e+03   2.8950366e+03   1.9665706e+03   2.0719298e+03   2.0204362e+03   2.0121271e+03   2.3792790e+03   2.3792790e+03   2.3618255e+03   2.0890496e+03   2.8996499e+03   2.5852774e+03   2.4944784e+03   1.8337394e+03   2.1674768e+03   2.5522219e+03   2.6834064e+03   2.4445848e+03   2.4699860e+03   3.0831101e+03   1.6997736e+03   2.0170527e+03   2.0400356e+03   2.6120299e+03   2.6943724e+03   2.0577037e+03   3.0797469e+03
   2.0941858e+03   2.3550748e+03   2.4451813e+03   2.1717014e+03   2.8085428e+03   1.9665706e+03   1.7957908e+03   2.0109722e+03   2.0121271e+03   1.8916341e+03   1.8916341e+03   2.1576512e+03   1.8938255e+03   2.8419863e+03   2.0752314e+03   1.7841478e+03   1.4402995e+03   1.9027317e+03   2.0628941e+03   2.3881945e+03   2.0723324e+03   2.1720255e+03   2.5378886e+03   1.6989765e+03   2.0170515e+03   1.8801729e+03   2.6120299e+03   1.8700060e+03   1.6616250e+03   3.0797469e+03
   1.8898158e+03   2.2481369e+03   1.9532097e+03   1.7024608e+03   1.0388073e+03   1.4946303e+03   1.7548527e+03   1.8608935e+03   1.8909339e+03   1.6173713e+03   1.6173713e+03   2.0606805e+03   1.8938255e+03   1.9207434e+03   1.4286885e+03   1.6931854e+03   1.1468589e+03   1.6329074e+03   1.9568572e+03   2.0391569e+03   1.6724318e+03   1.9469309e+03   2.3772581e+03   1.5824930e+03   1.8522845e+03   1.6636562e+03   1.9276404e+03   1.8421064e+03   1.5344918e+03   2.1000775e+03
   1.6132123e+03   1.8729962e+03   1.8006790e+03   1.5218034e+03   8.4560881e+02   1.2394330e+03   1.1305998e+03   1.5354336e+03   1.7041547e+03   1.2104014e+03   1.2104014e+03   1.7089243e+03   1.8534142e+03   1.7545466e+03   1.2924981e+03   1.6931854e+03   1.0849498e+03   1.4657054e+03   1.5140218e+03   1.8404646e+03   1.3758911e+03   1.6316673e+03   2.2434766e+03   1.1857321e+03   1.5565852e+03   1.4916502e+03   1.5134801e+03   1.6804492e+03   1.4089049e+03   1.7554366e+03
   1.4004086e+03   1.3787737e+03   1.3377333e+03   1.2770770e+03   6.6030750e+02   6.6364543e+02   1.0762745e+03   1.2055285e+03   1.1368380e+03   8.2901915e+02   8.2901915e+02   1.1543157e+03   1.4865260e+03   1.5100417e+03   1.1132209e+03   1.0574371e+03   9.6242723e+02   1.2345205e+03   1.3421919e+03   1.4545571e+03   1.2129744e+03   1.4285207e+03   1.2987241e+03   1.1088516e+03   1.0152448e+03   1.0553036e+03   1.2457333e+03   1.4349221e+03   1.0503853e+03   1.5450280e+03
   8.2034476e+02   8.6043979e+02   8.7972801e+02   6.5784577e+02   5.6820269e+02   6.5756968e+02   9.0368288e+02   6.3713325e+02   7.5955366e+02   6.4347400e+02   6.4347400e+02   7.8376051e+02   9.0037790e+02   1.0640585e+03   7.0672629e+02   8.1428809e+02   8.3000957e+02   8.0892814e+02   9.2755810e+02   7.7287821e+02   7.9769501e+02   9.7042829e+02   9.2728004e+02   9.8996747e+02   8.5241336e+02   7.0939846e+02   9.2201446e+02   9.1407619e+02   9.0318241e+02   1.1325627e+03
   4.5646821e+02   4.7181472e+02   4.9058600e+02   5.6139520e+02   5.1144272e+02   5.5963644e+02   6.0049506e+02   3.8038970e+02   3.7865779e+02   4.3526663e+02   4.3526663e+02   4.6546805e+02   6.7199507e+02   5.9762146e+02   3.4139892e+02   4.7697431e+02   6.7055150e+02   4.9349590e+02   6.3950247e+02   4.7973360e+02   6.0835305e+02   6.1694392e+02   5.8581499e+02   6.2870855e+02   3.1370654e+02   3.7609207e+02   6.0187202e+02   6.7130883e+02   5.8484876e+02   6.5468595e+02
   2.2741868e+02   3.2663960e+02   2.5776497e+02   3.2880857e+02   2.8814845e+02   2.8354367e+02   4.1331262e+02   2.8381240e+02   2.2540152e+02   2.3587901e+02   2.3587901e+02   2.4736507e+02   2.9028942e+02   2.0322450e+02   2.8296425e+02   1.4874808e+02   3.4646539e+02   2.7736792e+02   3.5624390e+02   3.4602971e+02   2.4074588e+02   3.9927333e+02   2.6743807e+02   3.5100629e+02   3.9768468e+01   2.0412258e+02   2.6020826e+02   2.8772440e+02   2.2632834e+02   4.1945313e+02
   7.3187815e+01   1.8204991e+02   5.8685214e+01   1.6966843e+02   1.3734633e+02   1.0451373e+02   1.0943893e+02   1.1454397e+02   1.2962125e+02   8.8330885e+01   8.8330885e+01   1.1385742e+02   1.8818747e+02   1.7116937e+02   6.1479259e+01   9.5477054e+01   1.0841120e+02   1.7089927e+02   1.3650374e+02   1.7159396e+02   1.2588952e+02   6.9087870e+01   1.1108437e+02   1.7597991e+02   2.9696076e+01   5.0829180e+01   1.9180131e+02   1.5493200e+02   1.3000657e+02   2.1805219e+02
   4.3788751e+01   5.2909196e+01   3.8364829e+01   4.0756934e+01   4.5065155e+01   4.1892099e+01   5.4082140e+01   6.4269093e+01   3.5757073e+01   4.1150564e+01   4.1150564e+01   4.8949226e+01   2.7177674e+01   4.2440802e+01   2.2830374e+01   3.1124313e+01   7.1526510e+01   8.8868150e+01   5.9168293e+01   6.7280490e+01   1.0027940e+02   2.0542686e+01   7.3028454e+01   4.1547939e+01   9.7594314e+00   1.9672203e+01   7.8793914e+01   2.3887707e+01   2.3774512e+01   3.1576074e+01
   3.4700504e+00   3.0670044e+00   3.1315445e+00   3.2007880e+00   3.0925773e+00   3.1196823e+00   3.1479503e+00   2.2406529e+00   2.3486425e+00   2.8053913e+00   2.8053913e+00   2.8728414e+00   3.3152502e+00   2.7667324e+00   2.6942767e+00   3.6647325e+00   3.3065514e+00   3.3328250e+00   3.5276899e+00   3.2436184e+00   2.8803598e+00   2.8142893e+00   2.9231853e+00   2.6774867e+00   2.6172001e+00   3.1826239e+00   3.4670725e+00   3.0732891e+00   3.2908327e+00   3.6709081e+00
   4.8693586e-01   6.1855023e-01   2.8563837e-01   3.7756105e-01   5.8135463e-01   4.3485198e-01   5.4316880e-01   6.3037895e-01   4.7345264e-01   5.8130158e-01   5.8130158e-01   5.9202958e-01   5.7919147e-01   6.2488414e-01   5.0905771e-01   4.2898539e-01   6.6182955e-01   6.4895388e-01   3.8001210e-01   5.7774142e-01   5.7392068e-01   5.7767240e-01   5.9371163e-01   5.2407712e-01   6.1249521e-01   5.5331010e-01   5.1497107e-01   6.9230840e-01   6.1495911e-01   7.0971613e-01
   2.2015852e-01   2.6281845e-01   1.7123143e-01   2.2605832e-01   1.5094320e-01   2.6485135e-01   1.6813684e-01   3.0118285e-01   1.5130842e-01   2.4314960e-01   2.4314960e-01   1.0397658e-01   2.4854272e-01   1.7564770e-01   1.5122877e-01   2.1854150e-01   1.8205411e-01   2.1222088e-01   3.0550168e-01   1.9347474e-01   1.8948293e-01   2.7990537e-01   1.7462940e-01   2.1916510e-01   2.3134448e-01   1.6912082e-01   2.6351666e-01   1.7410465e-01   2.4306782e-01   2.4867434e-01
   5.8610007e-02   6.7005603e-02   7.0910135e-02   7.3063271e-02   7.3932910e-02   8.0585087e-02   8.4489890e-02   8.6534892e-02   9.1145011e-02   9.3062131e-02   9.3062131e-02   9.4602086e-02   9.9896369e-02   1.0103740e-01   1.1087008e-01   1.1585108e-01   1.1692068e-01   1.1834373e-01   1.2206942e-01   1.2311125e-01   1.2339815e-01   1.3107316e-01   1.3721328e-01   1.3733882e-01   1.3753249e-01   1.3884598e-01   1.4121172e-01   1.5240979e-01   1.6780440e-01   1.8966389e-01
