   5.5573048e+02   2.6222917e+02   3.4410534e+02   2.9869923e+02   3.8716619e+02   3.7871805e+02   4.4961143e+02   4.1600143e+02   4.7641047e+02   5.6890793e+02   3.8043966e+02   3.6360684e+02   4.1933910e+02   3.9000415e+02   4.9224876e+02   4.0781258e+02   4.6024063e+02   3.9726661e+02   3.2869128e+02   3.5736563e+02   2.4965240e+02   3.6557728e+02   5.1001253e+02   4.2900621e+02   4.6215764e+02   3.1516790e+02   5.0082770e+02   1.7327927e+02   4.0775796e+02   4.2787877e+02
   5.3051077e+02   2.5531292e+02   3.4410534e+02   2.9869923e+02   3.8716619e+02   3.5548341e+02   4.4734057e+02   4.1600143e+02   4.1323311e+02   5.5613209e+02   3.8043966e+02   3.6360684e+02   4.1657334e+02   3.9000415e+02   4.8560960e+02   4.0781258e+02   4.3836946e+02   3.9726661e+02   3.1881111e+02   3.5736563e+02   2.3961357e+02   3.6557728e+02   4.2464726e+02   4.2434895e+02   4.6215764e+02   3.1516790e+02   4.0332731e+02   1.7176559e+02   4.0775796e+02   3.2901050e+02
   3.3151650e+02   2.3671228e+02   3.4410534e+02   2.9864753e+02   3.8716619e+02   3.5548341e+02   4.4734057e+02   4.1600143e+02   3.9022666e+02   5.3124256e+02   2.8658512e+02   3.6360684e+02   3.8805019e+02   3.9000415e+02   2.8619036e+02   3.9918834e+02   3.9176779e+02   3.8603181e+02   2.9983387e+02   3.5736563e+02   2.2610577e+02   3.2876926e+02   4.2412797e+02   3.8424805e+02   4.6215764e+02   3.1516790e+02   4.0332731e+02   1.7176559e+02   4.0775796e+02   3.1541197e+02
   3.2425699e+02   2.3671228e+02   3.4410534e+02   2.9864753e+02   3.8716619e+02   3.4762506e+02   4.3022119e+02   3.5702292e+02   3.6661763e+02   3.0763941e+02   2.8658512e+02   3.5757696e+02   3.8805019e+02   3.8047150e+02   2.4122637e+02   3.9918834e+02   2.3273967e+02   3.6989251e+02   2.9983387e+02   3.5736563e+02   2.2302786e+02   3.2876926e+02   3.6817398e+02   3.8424805e+02   4.4431883e+02   3.1516790e+02   3.0267851e+02   1.7103060e+02   4.0242718e+02   3.1541197e+02
   3.2425699e+02   2.3671228e+02   3.4410534e+02   2.9864753e+02   3.2784020e+02   2.0304640e+02   4.3022119e+02   3.5702292e+02   3.0902064e+02   2.6709704e+02   2.8658512e+02   3.5757696e+02   3.7873422e+02   2.8931425e+02   2.2729165e+02   3.0730676e+02   2.3273967e+02   3.6989251e+02   2.9983387e+02   3.5736563e+02   2.2302786e+02   3.2876926e+02   3.6120312e+02   3.8277209e+02   4.3248048e+02   3.1516790e+02   2.9375340e+02   1.6284054e+02   3.3912402e+02   3.1541197e+02
   2.8539962e+02   2.3296288e+02   3.0227725e+02   2.6683227e+02   1.8174059e+02   1.4397545e+02   3.8166440e+02   2.6207795e+02   2.9695280e+02   2.4069003e+02   2.5373475e+02   2.8109029e+02   2.8763855e+02   2.4757278e+02   2.2729165e+02   2.7897532e+02   2.1543712e+02   2.5005423e+02   2.9672374e+02   3.1814570e+02   1.9821094e+02   3.2295684e+02   2.7840892e+02   3.1357529e+02   3.2946782e+02   3.0412278e+02   2.6521206e+02   1.5992031e+02   2.4086661e+02   3.1541197e+02
   2.1781319e+02   2.3274051e+02   3.0227725e+02   2.6683227e+02   1.7435772e+02   1.3216209e+02   3.1803843e+02   1.7464379e+02   2.7914127e+02   1.6368858e+02   2.0485532e+02   2.1807786e+02   2.7519473e+02   2.1923270e+02   2.0791632e+02   2.1826288e+02   2.0106240e+02   1.7341965e+02   2.1480346e+02   2.8318228e+02   1.7710635e+02   2.7893341e+02   2.5990539e+02   2.5903780e+02   3.1483676e+02   2.8498456e+02   2.6521206e+02   1.2037077e+02   2.1974932e+02   2.9674353e+02
   1.8086039e+02   2.1413661e+02   1.5461055e+02   1.5478732e+02   1.5869761e+02   1.2214277e+02   1.9168215e+02   1.3757203e+02   1.5843342e+02   1.4014251e+02   1.6242719e+02   1.3826369e+02   1.7648757e+02   1.7554214e+02   1.7478474e+02   1.8254675e+02   1.8539495e+02   1.6301221e+02   1.9092006e+02   1.9059114e+02   1.4582954e+02   1.9899113e+02   1.9843570e+02   2.3910857e+02   2.2478216e+02   1.5983397e+02   1.6313951e+02   1.2037077e+02   1.8089467e+02   1.8742542e+02
   8.7187138e+01   1.2363501e+02   1.4215925e+02   1.1396621e+02   1.4075161e+02   1.0578629e+02   1.3514203e+02   1.2870323e+02   1.2388275e+02   1.3334195e+02   1.2751176e+02   1.0836583e+02   1.2486970e+02   1.1933415e+02   1.4903040e+02   1.2161841e+02   1.5271464e+02   1.3991350e+02   1.4715024e+02   1.5279888e+02   1.3973054e+02   9.5420135e+01   1.4643542e+02   1.1910431e+02   1.2156342e+02   1.4796345e+02   1.5251605e+02   1.2037077e+02   1.6256263e+02   1.2751282e+02
   6.3730114e+01   1.0506873e+02   9.6586191e+01   8.0399435e+01   9.6969015e+01   7.6906121e+01   9.0960917e+01   7.0783907e+01   8.7940363e+01   9.9894264e+01   1.0006565e+02   7.8637226e+01   9.9344334e+01   6.9291122e+01   9.6075992e+01   8.4946341e+01   8.4839807e+01   8.2111199e+01   9.1191298e+01   8.7846568e+01   9.3788590e+01   8.5505518e+01   6.3372068e+01   8.8847856e+01   7.4205338e+01   7.7277756e+01   1.2315857e+02   1.1264775e+02   8.9270370e+01   1.0682331e+02
   4.8343719e+01   6.9856490e+01   6.0982766e+01   7.2379301e+01   6.8638602e+01   5.8177603e+01   6.9918503e+01   6.1737803e+01   7.8371281e+01   8.4324677e+01   6.7311025e+01   4.6926695e+01   7.7111862e+01   6.1869206e+01   6.5081209e+01   5.6177336e+01   7.2358779e+01   7.3166599e+01   6.6418335e+01   6.9608308e+01   5.9634757e+01   6.7053691e+01   5.0305391e+01   7.4231982e+01   6.1341836e+01   6.2489845e+01   5.8168729e+01   5.7451560e+01   7.5936574e+01   6.5498098e+01
   4.4950305e+01   4.5134232e+01   3.5182693e+01   4.8451453e+01   5.1668692e+01   4.4787702e+01   3.2313114e+01   3.9237763e+01   3.3866175e+01   5.1267714e+01   4.0091834e+01   4.3444196e+01   5.8023551e+01   4.2818270e+01   3.4995912e+01   5.1265777e+01   4.3865315e+01   5.0584181e+01   4.6902219e+01   4.5642614e+01   4.8105300e+01   4.9320246e+01   4.3428702e+01   4.3801628e+01   5.4051039e+01   4.4733686e+01   4.9454821e+01   3.5732531e+01   5.7615554e+01   4.4361963e+01
   3.5648399e+01   2.8779540e+01   2.5509466e+01   3.0639058e+01   2.7151994e+01   2.8296979e+01   2.7791511e+01   3.5017409e+01   2.3413438e+01   3.5149547e+01   3.3750325e+01   2.3365842e+01   3.7328952e+01   3.6872467e+01   3.3765716e+01   3.6361917e+01   3.2909079e+01   3.4393646e+01   3.9743954e+01   2.7738982e+01   3.0709048e+01   3.7922068e+01   3.0572753e+01   3.6542679e+01   3.9436779e+01   3.3919956e+01   2.6454089e+01   2.6186430e+01   4.0474894e+01   3.8103520e+01
   2.7688130e+01   2.4609786e+01   1.7549753e+01   2.3945222e+01   2.2032689e+01   2.4833135e+01   2.5208140e+01   2.7074846e+01   2.3352162e+01   2.4731242e+01   2.8176075e+01   1.8905146e+01   3.0760028e+01   2.4829885e+01   1.7874720e+01   3.1984077e+01   3.0677580e+01   2.2540869e+01   2.8146916e+01   2.4901630e+01   2.2371534e+01   3.1532705e+01   2.7331316e+01   2.6344020e+01   2.9538870e+01   2.1592140e+01   2.2876527e+01   2.0549922e+01   2.8227392e+01   2.1985084e+01
   1.9052376e+01   1.7323451e+01   1.4946672e+01   1.6730115e+01   2.1399427e+01   1.5124788e+01   2.0326321e+01   1.6969241e+01   2.0265414e+01   1.8048642e+01   1.8384392e+01   1.7444569e+01   2.1638681e+01   2.0116238e+01   1.5988416e+01   2.2075024e+01   1.7384176e+01   2.0879219e+01   2.0478130e+01   2.0615001e+01   1.6595137e+01   2.2729375e+01   2.2266568e+01   2.2544151e+01   2.3475210e+01   2.0818555e+01   1.8543988e+01   1.9437014e+01   1.8825265e+01   2.1192866e+01
   1.1872648e+01   1.2435577e+01   1.2936215e+01   1.3449800e+01   1.3452500e+01   1.3625269e+01   1.3657339e+01   1.3785501e+01   1.4334512e+01   1.4629350e+01   1.4630279e+01   1.4721953e+01   1.4807589e+01   1.5154769e+01   1.5277527e+01   1.5363640e+01   1.5732017e+01   1.5791060e+01   1.5921615e+01   1.5956009e+01   1.5998021e+01   1.6050397e+01   1.6558576e+01   1.6751353e+01   1.6804554e+01   1.6885274e+01   1.7018927e+01   1.7330633e+01   1.7480172e+01   1.9063728e+01
