   1.0059126e+03   1.1005337e+03   1.2842228e+03   5.8262059e+02   1.6608106e+03   1.4516097e+03   1.5423240e+03   1.3459703e+03   1.4397687e+03   1.2958949e+03   1.1726637e+03   1.1674635e+03   1.4014640e+03   1.4516097e+03   1.1142959e+03   1.7769124e+03   1.5148251e+03   1.2967970e+03   1.3849451e+03   1.6095185e+03   1.4077429e+03   6.7101294e+02   1.3898298e+03   1.2290393e+03   9.2110720e+02   1.3497017e+03   1.2081627e+03   1.5891564e+03   1.1316766e+03   1.6496995e+03
   1.0059126e+03   1.1005337e+03   1.2503944e+03   5.8262059e+02   1.2994379e+03   1.4516097e+03   1.4510796e+03   1.3134585e+03   1.4397687e+03   1.2958949e+03   1.1726637e+03   1.1037834e+03   1.3505728e+03   1.4516097e+03   1.1142959e+03   1.0438225e+03   1.5148251e+03   1.1073873e+03   1.2684943e+03   1.5285111e+03   1.4077429e+03   6.7101294e+02   8.1031458e+02   1.2290393e+03   9.1408482e+02   1.3063499e+03   1.2081627e+03   1.3505327e+03   1.1316766e+03   1.6496995e+03
   8.0957051e+02   1.1005337e+03   1.2503858e+03   5.0670424e+02   1.0400123e+03   1.0689849e+03   4.7838946e+02   1.1169958e+03   1.1428088e+03   1.0478244e+03   1.1726637e+03   1.1037834e+03   1.3450309e+03   1.0689849e+03   1.0404322e+03   8.1570607e+02   1.4381403e+03   1.1073873e+03   9.8556981e+02   1.2325104e+03   1.3682501e+03   6.7101294e+02   8.1031458e+02   1.1068230e+03   9.1408482e+02   1.1927968e+03   1.2070742e+03   1.2665059e+03   1.1316766e+03   1.6079652e+03
   5.0371577e+02   9.7100917e+02   7.1876638e+02   2.7373534e+01   9.8109547e+02   1.0689849e+03   4.7838946e+02   1.1169958e+03   1.0608030e+03   9.3385660e+02   1.0504308e+03   9.4295158e+02   1.1170836e+03   1.0689849e+03   8.9861188e+02   8.1117174e+02   1.2991632e+03   9.2697333e+02   2.0566384e+02   1.2325104e+03   1.3682501e+03   6.7100854e+02   7.3992814e+02   1.0766382e+03   7.9475358e+02   1.1055692e+03   8.6923566e+02   1.1820026e+03   1.1255575e+03   8.6133052e+02
   2.0262438e+02   8.6864551e+02   7.1128399e+02   2.7373534e+01   6.0999148e+02   8.3116349e+02   1.7394676e+02   5.4571684e+02   1.0226271e+03   8.3190866e+02   6.3823127e+02   6.3018014e+02   7.4607534e+02   8.3116349e+02   8.7078769e+02   8.0901535e+02   6.3870700e+02   5.8547510e+02   1.4067553e+02   1.2325104e+03   9.7653054e+02   6.3627687e+02   7.2214435e+02   6.8194387e+02   6.9908075e+02   9.3364473e+02   5.8180888e+02   2.8494706e+02   7.7636299e+02   8.4647053e+02
   1.7582815e+02   1.7000494e+02   3.4009297e+02   0.0000000e+00   5.0349047e+02   4.7082835e+02   1.7358205e+02   0.0000000e+00   3.0848620e+02   3.2205181e+02   5.1276722e+02   1.2126913e+02   2.5433549e+02   4.7082835e+02   3.9398448e+02   2.8574896e+02   4.7974485e+02   2.0295712e+02   1.4041172e+02   3.9157444e+02   6.6680120e+02   4.4696835e+02   7.6288986e+00   2.9646563e+02   4.7092081e+02   2.0712797e+02   4.8614384e+02   7.5600674e+01   1.4026886e+02   4.8464883e+02
   0.0000000e+00   1.5451002e+02   3.9574070e+01   0.0000000e+00   2.7649415e+02   8.3662297e+01   6.7785394e+01   0.0000000e+00   1.4755041e+02   2.5694272e+02   0.0000000e+00   0.0000000e+00   0.0000000e+00   8.3662297e+01   0.0000000e+00   1.6214979e+02   1.9502180e+02   0.0000000e+00   0.0000000e+00   1.5063241e+02   2.8361482e+02   1.4464449e+02   6.3020505e+00   2.3344003e+02   1.5514658e+02   0.0000000e+00   3.6482918e+02   0.0000000e+00   1.2693579e+02   4.1267993e+01
   0.0000000e+00   0.0000000e+00   0.0000000e+00   0.0000000e+00   0.0000000e+00   0.0000000e+00   0.0000000e+00   0.0000000e+00   0.0000000e+00   0.0000000e+00   0.0000000e+00   0.0000000e+00   0.0000000e+00   0.0000000e+00   0.0000000e+00   0.0000000e+00   0.0000000e+00   0.0000000e+00   0.0000000e+00   0.0000000e+00   0.0000000e+00   0.0000000e+00   0.0000000e+00   0.0000000e+00   0.0000000e+00   0.0000000e+00   0.0000000e+00   0.0000000e+00   0.0000000e+00   0.0000000e+00
   0.0000000e+00   0.0000000e+00   0.0000000e+00   0.0000000e+00   0.0000000e+00   0.0000000e+00   0.0000000e+00   0.0000000e+00   0.0000000e+00   0.0000000e+00   0.0000000e+00   0.0000000e+00   0.0000000e+00   0.0000000e+00   0.0000000e+00   0.0000000e+00   0.0000000e+00   0.0000000e+00   0.0000000e+00   0.0000000e+00   0.0000000e+00   0.0000000e+00   0.0000000e+00   0.0000000e+00   0.0000000e+00   0.0000000e+00   0.0000000e+00   0.0000000e+00   0.0000000e+00   0.0000000e+00
   0.0000000e+00   0.0000000e+00   0.0000000e+00   0.0000000e+00   0.0000000e+00   0.0000000e+00   0.0000000e+00   0.0000000e+00   0.0000000e+00   0.0000000e+00   0.0000000e+00   0.0000000e+00   0.0000000e+00   0.0000000e+00   0.0000000e+00   0.0000000e+00   0.0000000e+00   0.0000000e+00   0.0000000e+00   0.0000000e+00   0.0000000e+00   0.0000000e+00   0.0000000e+00   0.0000000e+00   0.0000000e+00   0.0000000e+00   0.0000000e+00   0.0000000e+00   0.0000000e+00   0.0000000e+00
   0.0000000e+00   0.0000000e+00   0.0000000e+00   0.0000000e+00   0.0000000e+00   0.0000000e+00   0.0000000e+00   0.0000000e+00   0.0000000e+00   0.0000000e+00   0.0000000e+00   0.0000000e+00   0.0000000e+00   0.0000000e+00   0.0000000e+00   0.0000000e+00   0.0000000e+00   0.0000000e+00   0.0000000e+00   0.0000000e+00   0.0000000e+00   0.0000000e+00   0.0000000e+00   0.0000000e+00   0.0000000e+00   0.0000000e+00   0.0000000e+00   0.0000000e+00   0.0000000e+00   0.0000000e+00
   0.0000000e+00   0.0000000e+00   0.0000000e+00   0.0000000e+00   0.0000000e+00   0.0000000e+00   0.0000000e+00   0.0000000e+00   0.0000000e+00   0.0000000e+00   0.0000000e+00   0.0000000e+00   0.0000000e+00   0.0000000e+00   0.0000000e+00   0.0000000e+00   0.0000000e+00   0.0000000e+00   0.0000000e+00   0.0000000e+00   0.0000000e+00   0.0000000e+00   0.0000000e+00   0.0000000e+00   0.0000000e+00   0.0000000e+00   0.0000000e+00   0.0000000e+00   0.0000000e+00   0.0000000e+00
   0.0000000e+00   0.0000000e+00   0.0000000e+00   0.0000000e+00   0.0000000e+00   0.0000000e+00   0.0000000e+00   0.0000000e+00   0.0000000e+00   0.0000000e+00   0.0000000e+00   0.0000000e+00   0.0000000e+00   0.0000000e+00   0.0000000e+00   0.0000000e+00   0.0000000e+00   0.0000000e+00   0.0000000e+00   0.0000000e+00   0.0000000e+00   0.0000000e+00   0.0000000e+00   0.0000000e+00   0.0000000e+00   0.0000000e+00   0.0000000e+00   0.0000000e+00   0.0000000e+00   0.0000000e+00
   0.0000000e+00   0.0000000e+00   0.0000000e+00   0.0000000e+00   0.0000000e+00   0.0000000e+00   0.0000000e+00   0.0000000e+00   0.0000000e+00   0.0000000e+00   0.0000000e+00   0.0000000e+00   0.0000000e+00   0.0000000e+00   0.0000000e+00   0.0000000e+00   0.0000000e+00   0.0000000e+00   0.0000000e+00   0.0000000e+00   0.0000000e+00   0.0000000e+00   0.0000000e+00   0.0000000e+00   0.0000000e+00   0.0000000e+00   0.0000000e+00   0.0000000e+00   0.0000000e+00   0.0000000e+00
   0.0000000e+00   0.0000000e+00   0.0000000e+00   0.0000000e+00   0.0000000e+00   0.0000000e+00   0.0000000e+00   0.0000000e+00   0.0000000e+00   0.0000000e+00   0.0000000e+00   0.0000000e+00   0.0000000e+00   0.0000000e+00   0.0000000e+00   0.0000000e+00   0.0000000e+00   0.0000000e+00   0.0000000e+00   0.0000000e+00   0.0000000e+00   0.0000000e+00   0.0000000e+00   0.0000000e+00   0.0000000e+00   0.0000000e+00   0.0000000e+00   0.0000000e+00   0.0000000e+00   0.0000000e+00
   0.0000000e+00   0.0000000e+00   0.0000000e+00   0.0000000e+00   0.0000000e+00   0.0000000e+00   0.0000000e+00   0.0000000e+00   0.0000000e+00   0.0000000e+00   0.0000000e+00   0.0000000e+00   0.0000000e+00   0.0000000e+00   0.0000000e+00   0.0000000e+00   0.0000000e+00   0.0000000e+00   0.0000000e+00   0.0000000e+00   0.0000000e+00   0.0000000e+00   0.0000000e+00   0.0000000e+00   0.0000000e+00   0.0000000e+00   0.0000000e+00   0.0000000e+00   0.0000000e+00   0.0000000e+00
