   1.3393228e+03   5.7540339e+02   3.1743906e+02   7.3872951e+02   1.0710075e+03   5.9516184e+02   5.3022593e+02   7.1936135e+02   4.2453273e+02   2.7923323e+02   1.9046327e+02   3.8992679e+02   4.3623069e+02   3.4961012e+02   7.6885489e+02   5.0370136e+02   1.1948424e+03   7.3272426e+02   4.5050071e+02   1.0634960e+03   8.4589712e+02   4.1849211e+02   4.1105376e+02   4.4500817e+02   6.3539119e+02   6.3025309e+02   8.5901182e+02   5.8639132e+02   2.8483768e+02   5.6723467e+02
   1.2867602e+03   5.3328839e+02   3.0470226e+02   5.8658549e+02   1.0438058e+03   5.9056595e+02   4.7022295e+02   6.2717494e+02   4.2453273e+02   2.6730598e+02   1.9046327e+02   3.8992679e+02   4.3264847e+02   3.4431439e+02   7.6885489e+02   5.0370136e+02   1.1948424e+03   5.9870803e+02   4.5050071e+02   3.7510475e+02   5.5453884e+02   4.1849211e+02   4.0635756e+02   4.4500817e+02   2.6912117e+02   6.3025309e+02   8.5329912e+02   4.6602008e+02   2.8235201e+02   5.6723467e+02
   1.2045663e+03   3.0845462e+02   3.0470226e+02   4.9529127e+02   5.4899288e+02   5.9056595e+02   4.7022295e+02   6.2375342e+02   4.2453273e+02   2.4413244e+02   1.9046327e+02   3.8992679e+02   3.3167378e+02   3.4431439e+02   6.6942964e+02   4.9384739e+02   1.1899783e+03   5.9098498e+02   4.2691159e+02   3.7510475e+02   5.3655712e+02   4.1849211e+02   4.0635756e+02   4.4500817e+02   2.5946949e+02   5.8108482e+02   8.5329912e+02   4.4399875e+02   2.8235201e+02   5.6723467e+02
   1.1893750e+03   3.0767607e+02   3.0066098e+02   4.6898589e+02   5.4899288e+02   4.8521204e+02   4.7022295e+02   6.2375342e+02   4.1608702e+02   2.4413244e+02   1.8816364e+02   2.8366730e+02   3.3167378e+02   3.4299443e+02   6.6942964e+02   4.4019360e+02   6.0170227e+02   5.9098498e+02   4.2691159e+02   3.6295599e+02   5.3655712e+02   4.1849211e+02   4.0060845e+02   4.3585829e+02   2.5946949e+02   5.6537831e+02   6.0755614e+02   4.4399875e+02   2.8235201e+02   5.6723467e+02
   1.1574353e+03   2.9147019e+02   3.0017053e+02   3.9594783e+02   5.4899288e+02   3.6142821e+02   3.9840672e+02   5.7484751e+02   2.1215969e+02   2.4366311e+02   1.7881804e+02   2.4009229e+02   3.1067500e+02   3.4299443e+02   6.6942964e+02   3.7866394e+02   6.0170227e+02   5.1482451e+02   4.2691159e+02   3.1569905e+02   4.7360311e+02   4.1038871e+02   3.9212503e+02   3.7028381e+02   2.4908019e+02   4.5319924e+02   5.3114103e+02   4.4399875e+02   1.6500040e+02   4.3165778e+02
   4.5516087e+02   2.8246742e+02   2.5597331e+02   1.7649977e+02   5.2869823e+02   1.9926947e+02   3.1882993e+02   5.1063963e+02   1.9671895e+02   1.7495357e+02   1.5107884e+02   2.3199936e+02   2.7812384e+02   3.4115928e+02   2.4559526e+02   2.9257552e+02   4.4209497e+02   2.2557650e+02   3.2812019e+02   3.1311956e+02   3.3815251e+02   3.8916632e+02   1.9374799e+02   3.6544894e+02   2.0346179e+02   3.5540858e+02   3.5036719e+02   3.3143560e+02   1.0645651e+02   3.4919914e+02
   2.5966103e+02   2.4489458e+02   2.5327385e+02   1.5671041e+02   3.1704282e+02   1.9790019e+02   2.2081816e+02   3.0731829e+02   1.9126004e+02   1.5707307e+02   1.4468903e+02   2.0219104e+02   2.4102418e+02   3.0194117e+02   2.2177990e+02   2.4776701e+02   2.4443214e+02   1.7451152e+02   1.9776715e+02   2.7557740e+02   3.2373140e+02   2.6209947e+02   1.5831130e+02   2.0139579e+02   1.9469140e+02   2.0498490e+02   3.0206262e+02   2.0092310e+02   1.0003250e+02   2.0377717e+02
   1.9363399e+02   1.0731468e+02   1.1667108e+02   1.4344236e+02   2.0958545e+02   1.4090604e+02   1.6998520e+02   2.6899553e+02   1.4063978e+02   1.5054813e+02   1.3294921e+02   1.8139489e+02   1.8841698e+02   1.4749875e+02   1.4911468e+02   1.0493484e+02   1.7506219e+02   1.4490746e+02   1.7744294e+02   2.0256125e+02   1.2015521e+02   1.4222109e+02   1.4919839e+02   1.7467130e+02   1.3406105e+02   1.7443192e+02   1.2629347e+02   1.5938702e+02   9.3003657e+01   1.4738380e+02
   1.3981412e+02   1.0089117e+02   8.8491871e+01   9.8124254e+01   1.3213993e+02   1.2304859e+02   1.1296500e+02   1.0473040e+02   1.1937459e+02   1.0751188e+02   1.0375337e+02   9.8199858e+01   9.4458499e+01   1.1423904e+02   1.0585333e+02   9.0782825e+01   1.0398994e+02   1.1898367e+02   1.2523737e+02   8.7850496e+01   9.4839662e+01   1.1392452e+02   1.1190396e+02   9.9620196e+01   1.0351009e+02   1.1950409e+02   9.1618323e+01   9.7509712e+01   8.7156602e+01   1.0630531e+02
   7.6392509e+01   7.3527994e+01   6.7374567e+01   8.0155300e+01   7.5670833e+01   7.0112725e+01   6.4615753e+01   7.9421264e+01   6.8039460e+01   7.9660922e+01   6.3774785e+01   7.4977943e+01   6.7496720e+01   6.3381529e+01   6.3872302e+01   6.5141377e+01   6.7788610e+01   7.9371714e+01   7.9603215e+01   7.3630566e+01   6.7143646e+01   6.4285444e+01   7.8175281e+01   8.2549565e+01   8.1461907e+01   7.9064126e+01   7.4378558e+01   8.1121470e+01   7.2094736e+01   7.4508254e+01
   5.6863046e+01   5.4241378e+01   5.6674984e+01   5.7259805e+01   5.3895434e+01   5.3271518e+01   5.4249027e+01   5.4819636e+01   5.5392907e+01   5.6066639e+01   5.4141012e+01   5.3852616e+01   5.8245533e+01   5.5863219e+01   5.4130339e+01   5.4507379e+01   5.4435958e+01   5.7490036e+01   5.9322557e+01   5.5593363e+01   5.7235885e+01   5.6065405e+01   5.6068851e+01   5.7358756e+01   5.4534782e+01   5.8093841e+01   5.1994647e+01   5.7793731e+01   5.5198973e+01   5.4015577e+01
   4.9352182e+01   4.9719030e+01   5.0097407e+01   4.9018223e+01   4.9642482e+01   4.9799799e+01   4.9218469e+01   5.0123958e+01   4.9201244e+01   4.9274663e+01   4.9794850e+01   4.9708454e+01   4.9908098e+01   4.9289365e+01   4.9452104e+01   4.9592836e+01   4.9437361e+01   4.9641252e+01   4.9844232e+01   5.0213864e+01   4.9852105e+01   5.0047292e+01   4.9805343e+01   5.0505806e+01   4.9322329e+01   4.8784950e+01   4.9485419e+01   4.9929633e+01   4.8967648e+01   4.9892621e+01
   4.8305195e+01   4.8326497e+01   4.8554017e+01   4.8216924e+01   4.8455624e+01   4.8393164e+01   4.8271714e+01   4.8312659e+01   4.8446961e+01   4.8686952e+01   4.8453953e+01   4.8554099e+01   4.8462638e+01   4.8440486e+01   4.8462224e+01   4.8205821e+01   4.8505723e+01   4.8527181e+01   4.8331644e+01   4.8245630e+01   4.8195457e+01   4.8448847e+01   4.8421740e+01   4.8437041e+01   4.8437903e+01   4.8328764e+01   4.8448609e+01   4.8548800e+01   4.8152170e+01   4.8323872e+01
   4.8010004e+01   4.8000957e+01   4.8041296e+01   4.8010739e+01   4.8045923e+01   4.8013020e+01   4.8028659e+01   4.8047646e+01   4.8029067e+01   4.8017669e+01   4.8030689e+01   4.8066819e+01   4.8015248e+01   4.8032318e+01   4.8037619e+01   4.8026716e+01   4.8009309e+01   4.8052623e+01   4.8021966e+01   4.8040032e+01   4.8021022e+01   4.8021863e+01   4.8023715e+01   4.8040906e+01   4.8025180e+01   4.8025095e+01   4.8049947e+01   4.8024500e+01   4.8007338e+01   4.8037881e+01
   4.7988019e+01   4.7988019e+01   4.7988105e+01   4.7988019e+01   4.7988019e+01   4.7988019e+01   4.7988019e+01   4.7988216e+01   4.7988020e+01   4.7988019e+01   4.7988019e+01   4.7988019e+01   4.7988019e+01   4.7988032e+01   4.7988094e+01   4.7988019e+01   4.7988019e+01   4.7988805e+01   4.7988019e+01   4.7988019e+01   4.7988019e+01   4.7988019e+01   4.7988019e+01   4.7988019e+01   4.7988019e+01   4.7988019e+01   4.7988019e+01   4.7988019e+01   4.7988019e+01   4.7988845e+01
   4.7988019e+01   4.7988019e+01   4.7988019e+01   4.7988019e+01   4.7988019e+01   4.7988019e+01   4.7988019e+01   4.7988019e+01   4.7988019e+01   4.7988019e+01   4.7988019e+01   4.7988019e+01   4.7988019e+01   4.7988019e+01   4.7988019e+01   4.7988019e+01   4.7988019e+01   4.7988019e+01   4.7988019e+01   4.7988019e+01   4.7988019e+01   4.7988019e+01   4.7988019e+01   4.7988019e+01   4.7988019e+01   4.7988019e+01   4.7988019e+01   4.7988019e+01   4.7988019e+01   4.7988833e+01
