   5.5426589e+03   5.1392294e+03   5.4540190e+03   5.6858867e+03   4.7089744e+03   5.3535910e+03   5.2351866e+03   5.2315022e+03   5.6934261e+03   5.6828042e+03   5.8374389e+03   5.2588404e+03   5.4305758e+03   5.3825205e+03   5.3339988e+03   5.5129461e+03   5.5804412e+03   5.3313169e+03   5.5269395e+03   5.1400582e+03   4.7628273e+03   4.6642824e+03   4.9551897e+03   5.1121825e+03   5.1817238e+03   5.2038017e+03   5.3905281e+03   5.1666990e+03   5.3483831e+03   5.7188870e+03
   5.5426589e+03   5.1392294e+03   5.4540190e+03   5.6492834e+03   4.6363861e+03   5.3535910e+03   5.2351866e+03   5.2315022e+03   5.6934261e+03   5.6828042e+03   5.0855281e+03   5.2588404e+03   5.1101102e+03   5.3368784e+03   5.3339988e+03   5.4010830e+03   5.0371838e+03   5.2301218e+03   5.5269395e+03   4.9935297e+03   4.7628273e+03   4.6642824e+03   4.9551897e+03   5.1121825e+03   5.1817238e+03   5.1926871e+03   5.3905281e+03   5.1666990e+03   5.3109817e+03   5.7188870e+03
   4.4059204e+03   5.1392294e+03   5.0429893e+03   5.5347974e+03   4.6363861e+03   4.9761423e+03   5.1749407e+03   4.3860629e+03   5.6226684e+03   5.3700698e+03   5.0855281e+03   5.1671009e+03   5.1101102e+03   5.3368784e+03   4.8740387e+03   5.1892324e+03   5.0371838e+03   4.9191385e+03   5.3341591e+03   4.9935297e+03   4.5201203e+03   3.9545468e+03   4.9551897e+03   4.6836950e+03   4.8581794e+03   5.1926871e+03   5.2213227e+03   5.1666990e+03   5.0283558e+03   5.5203697e+03
   4.4059204e+03   4.9026585e+03   4.5197152e+03   3.9401705e+03   4.6363861e+03   4.9699749e+03   4.6395568e+03   4.2431332e+03   5.3214086e+03   5.1908969e+03   5.0855281e+03   5.0822777e+03   5.1101102e+03   4.9455067e+03   4.6734312e+03   4.7912337e+03   4.7670865e+03   4.9191385e+03   4.9875383e+03   4.9935297e+03   4.5201203e+03   3.9545468e+03   4.7330923e+03   4.0016396e+03   4.6259092e+03   4.6737718e+03   5.2176992e+03   4.9600361e+03   5.0283558e+03   5.3497832e+03
   4.2274464e+03   4.6751745e+03   3.6385660e+03   3.9401705e+03   4.6363861e+03   4.5615263e+03   4.4201392e+03   4.2431332e+03   4.6940384e+03   4.7162143e+03   4.7899278e+03   4.5032911e+03   4.4986984e+03   4.7618625e+03   4.4519169e+03   4.6011819e+03   4.5688686e+03   4.8008058e+03   4.7456775e+03   4.0287293e+03   4.5201203e+03   3.9545468e+03   4.2630400e+03   4.0016396e+03   4.2056756e+03   4.6445110e+03   4.3612862e+03   4.5508649e+03   4.5880039e+03   4.8416567e+03
   3.6005755e+03   4.1201732e+03   3.5211430e+03   3.7491005e+03   4.0643111e+03   4.2617116e+03   4.1832421e+03   3.8567452e+03   4.4818553e+03   3.7410789e+03   3.8074260e+03   3.8367398e+03   3.9158040e+03   4.0885340e+03   3.6852622e+03   3.9946086e+03   3.4307382e+03   3.9624748e+03   4.1367277e+03   3.3714502e+03   4.3288534e+03   3.8483942e+03   3.7162171e+03   3.8300078e+03   3.7936460e+03   4.1491741e+03   4.3612862e+03   3.8987957e+03   3.8986115e+03   4.1493381e+03
   3.1899355e+03   3.2385609e+03   3.2882992e+03   3.3488435e+03   3.6758276e+03   3.7376322e+03   3.4336206e+03   3.2325807e+03   3.5019066e+03   3.4655545e+03   3.2653804e+03   3.4818837e+03   3.4729850e+03   3.3657115e+03   3.2661019e+03   3.2127464e+03   3.0537667e+03   2.9587934e+03   3.6579348e+03   3.2493636e+03   3.7325331e+03   3.5892281e+03   3.5971623e+03   3.7077931e+03   3.3394895e+03   3.6208155e+03   3.4824640e+03   3.4225925e+03   3.7079826e+03   3.7162922e+03
   2.5666893e+03   3.1631425e+03   2.5414647e+03   2.6964071e+03   3.1161455e+03   3.1636134e+03   2.9644361e+03   3.1084705e+03   2.9485490e+03   3.0756301e+03   2.7082581e+03   2.8016597e+03   3.1978396e+03   2.9724663e+03   3.0045470e+03   3.2092456e+03   2.6788118e+03   2.9408972e+03   2.9981224e+03   2.7243598e+03   3.2680276e+03   2.8255281e+03   2.7229158e+03   2.5403403e+03   3.1244398e+03   2.9379056e+03   2.8570602e+03   2.7966353e+03   2.9575008e+03   3.1963088e+03
   1.9862257e+03   2.5925253e+03   2.2960198e+03   2.2276191e+03   2.5472149e+03   2.5381279e+03   2.3051695e+03   2.7374091e+03   2.2452182e+03   2.3257695e+03   2.0782836e+03   2.1972192e+03   2.6792585e+03   2.5261279e+03   2.5918089e+03   2.6363596e+03   2.2214050e+03   2.4233655e+03   2.7171440e+03   2.2945540e+03   2.4167851e+03   2.4789557e+03   2.1891721e+03   2.1148387e+03   2.1703339e+03   1.8818669e+03   2.5031456e+03   2.5349035e+03   2.6722314e+03   2.4869336e+03
   1.9225913e+03   1.8509202e+03   2.0257965e+03   1.8430930e+03   1.9916049e+03   2.1106237e+03   2.0964758e+03   2.0736626e+03   2.0098030e+03   1.9452973e+03   1.8008073e+03   1.8780761e+03   1.8794955e+03   1.7782504e+03   2.1003792e+03   2.0171159e+03   2.0273049e+03   1.8031321e+03   1.9058266e+03   2.0291949e+03   2.1572046e+03   1.9304520e+03   1.5255314e+03   2.0677642e+03   1.9628497e+03   1.8692383e+03   1.6672421e+03   2.0493413e+03   2.1662883e+03   2.1142974e+03
   1.2771462e+03   1.4078215e+03   1.5155307e+03   1.5656993e+03   1.5424629e+03   1.7433335e+03   1.6128755e+03   1.4708880e+03   1.5829288e+03   1.6285570e+03   1.6125688e+03   1.1938557e+03   1.6612073e+03   1.2908314e+03   1.6267231e+03   1.7445004e+03   1.5093609e+03   1.3033198e+03   1.6890374e+03   1.5780057e+03   1.6640867e+03   9.6364865e+02   1.4133008e+03   1.4113618e+03   1.3195969e+03   1.4230554e+03   1.4980571e+03   1.5043724e+03   1.5644184e+03   1.6479725e+03
   8.4594589e+02   1.0137946e+03   7.5176259e+02   1.1384798e+03   1.1617680e+03   1.3053806e+03   1.2757354e+03   1.0815722e+03   1.1218507e+03   1.2154464e+03   1.2688340e+03   1.1515962e+03   1.2445112e+03   1.0131351e+03   1.3509109e+03   1.3415751e+03   1.0060019e+03   9.1145112e+02   1.2221002e+03   1.3056941e+03   1.2617680e+03   8.5993148e+02   8.8222426e+02   1.1039783e+03   1.0795049e+03   1.2111782e+03   1.1927293e+03   1.1252357e+03   1.1456186e+03   1.1951553e+03
   0.0000000e+00   0.0000000e+00   0.0000000e+00   0.0000000e+00   0.0000000e+00   0.0000000e+00   0.0000000e+00   0.0000000e+00   0.0000000e+00   0.0000000e+00   0.0000000e+00   0.0000000e+00   0.0000000e+00   0.0000000e+00   0.0000000e+00   0.0000000e+00   0.0000000e+00   0.0000000e+00   0.0000000e+00   0.0000000e+00   0.0000000e+00   0.0000000e+00   0.0000000e+00   0.0000000e+00   0.0000000e+00   0.0000000e+00   0.0000000e+00   0.0000000e+00   0.0000000e+00   0.0000000e+00
   0.0000000e+00   0.0000000e+00   0.0000000e+00   0.0000000e+00   0.0000000e+00   0.0000000e+00   0.0000000e+00   0.0000000e+00   0.0000000e+00   0.0000000e+00   0.0000000e+00   0.0000000e+00   0.0000000e+00   0.0000000e+00   0.0000000e+00   0.0000000e+00   0.0000000e+00   0.0000000e+00   0.0000000e+00   0.0000000e+00   0.0000000e+00   0.0000000e+00   0.0000000e+00   0.0000000e+00   0.0000000e+00   0.0000000e+00   0.0000000e+00   0.0000000e+00   0.0000000e+00   0.0000000e+00
   0.0000000e+00   0.0000000e+00   0.0000000e+00   0.0000000e+00   0.0000000e+00   0.0000000e+00   0.0000000e+00   0.0000000e+00   0.0000000e+00   0.0000000e+00   0.0000000e+00   0.0000000e+00   0.0000000e+00   0.0000000e+00   0.0000000e+00   0.0000000e+00   0.0000000e+00   0.0000000e+00   0.0000000e+00   0.0000000e+00   0.0000000e+00   0.0000000e+00   0.0000000e+00   0.0000000e+00   0.0000000e+00   0.0000000e+00   0.0000000e+00   0.0000000e+00   0.0000000e+00   0.0000000e+00
   0.0000000e+00   0.0000000e+00   0.0000000e+00   0.0000000e+00   0.0000000e+00   0.0000000e+00   0.0000000e+00   0.0000000e+00   0.0000000e+00   0.0000000e+00   0.0000000e+00   0.0000000e+00   0.0000000e+00   0.0000000e+00   0.0000000e+00   0.0000000e+00   0.0000000e+00   0.0000000e+00   0.0000000e+00   0.0000000e+00   0.0000000e+00   0.0000000e+00   0.0000000e+00   0.0000000e+00   0.0000000e+00   0.0000000e+00   0.0000000e+00   0.0000000e+00   0.0000000e+00   0.0000000e+00
