   5.1925517e+03   5.2809383e+03   4.4170734e+03   5.5302226e+03   5.0984706e+03   5.3071163e+03   5.9509603e+03   5.9508526e+03   5.0693497e+03   5.3220413e+03   5.3101032e+03   5.2157306e+03   4.4578079e+03   6.3554592e+03   4.0693597e+03   4.1710387e+03   4.6787965e+03   5.5395967e+03   4.0253265e+03   5.0651579e+03   5.8960752e+03   4.2827775e+03   5.7431056e+03   4.6164353e+03   4.2502416e+03   5.8492506e+03   4.3871424e+03   5.1780730e+03   5.6723886e+03   5.8900343e+03
   5.1925517e+03   5.2733061e+03   4.4170734e+03   5.5302226e+03   4.8234745e+03   5.3071163e+03   5.9509603e+03   5.0543081e+03   5.0693497e+03   5.2894894e+03   5.3101032e+03   5.2157306e+03   4.4578079e+03   5.9716497e+03   4.0693597e+03   4.1710387e+03   4.6787965e+03   5.1728984e+03   3.9437118e+03   4.5958063e+03   5.6898471e+03   4.2827775e+03   5.4698583e+03   4.6164353e+03   4.1957474e+03   5.8492506e+03   4.3871424e+03   5.1577672e+03   5.6723886e+03   5.8900343e+03
   5.1925517e+03   4.2636309e+03   4.4082921e+03   5.5302226e+03   4.5381755e+03   5.3071163e+03   5.6135007e+03   4.9445415e+03   5.0693497e+03   5.0942074e+03   3.9784665e+03   5.2157306e+03   4.3804793e+03   5.4491543e+03   3.4790866e+03   4.1710387e+03   4.6234940e+03   5.1728984e+03   3.9048775e+03   4.4242105e+03   5.5022884e+03   4.2354570e+03   5.3736401e+03   4.5713033e+03   4.1957474e+03   5.6672079e+03   4.3871424e+03   4.8711013e+03   4.3894748e+03   4.9387780e+03
   4.1266240e+03   4.2626343e+03   4.0104122e+03   5.3778745e+03   4.4907907e+03   5.3071163e+03   5.4260301e+03   4.3531429e+03   5.0693497e+03   4.7977790e+03   3.9784665e+03   5.1384312e+03   4.2697302e+03   5.2344167e+03   3.3027529e+03   4.0096539e+03   4.6046810e+03   4.8581853e+03   3.9048775e+03   4.4242105e+03   5.5022884e+03   4.1559270e+03   5.0309745e+03   4.5713033e+03   4.1530343e+03   5.4239397e+03   4.2232036e+03   4.2158122e+03   4.2565605e+03   4.9113722e+03
   3.9041377e+03   3.8010364e+03   3.7175419e+03   4.6133034e+03   4.4232242e+03   4.2748366e+03   5.0524705e+03   4.3531429e+03   4.5096240e+03   4.6299302e+03   3.9784665e+03   4.7356817e+03   4.2238207e+03   5.1076076e+03   2.4136617e+03   3.5954818e+03   4.6046810e+03   4.8581853e+03   3.8379570e+03   4.4020212e+03   4.8258872e+03   4.1559270e+03   4.5076838e+03   4.4262315e+03   4.0703101e+03   4.6399504e+03   4.2232036e+03   3.9863184e+03   3.1775843e+03   4.6571061e+03
   3.7059972e+03   3.6339108e+03   3.0046015e+03   4.0761850e+03   3.7570961e+03   2.7119411e+03   4.1270014e+03   3.1255264e+03   4.0776739e+03   4.2745480e+03   3.7962027e+03   3.3033679e+03   4.0611209e+03   4.7683435e+03   2.0569711e+03   3.2822195e+03   4.0340296e+03   4.5806164e+03   3.7987254e+03   4.3208418e+03   3.7118713e+03   3.9471763e+03   3.8225017e+03   2.9436146e+03   3.8797312e+03   3.9537110e+03   4.0876113e+03   3.4047782e+03   3.1680680e+03   4.5386922e+03
   2.8287479e+03   2.7506270e+03   2.7092994e+03   2.7860646e+03   3.6956962e+03   2.5757558e+03   2.5232057e+03   2.2035599e+03   3.0672585e+03   3.3136458e+03   2.7118009e+03   2.7314598e+03   2.6601053e+03   2.9177506e+03   2.0056785e+03   2.9950350e+03   1.7806487e+03   3.4914512e+03   3.5894931e+03   3.4793335e+03   3.2891002e+03   3.3311023e+03   3.5598009e+03   2.7077617e+03   2.5874901e+03   3.1215024e+03   3.4108412e+03   3.1923763e+03   2.8903985e+03   3.5900293e+03
   2.2827827e+03   2.0463300e+03   1.9344089e+03   2.0089735e+03   1.9406887e+03   2.3192974e+03   2.3390893e+03   1.8330385e+03   2.2813793e+03   2.5504003e+03   1.9907630e+03   2.1040736e+03   1.7309395e+03   2.3853457e+03   1.7644018e+03   2.4335924e+03   1.5072947e+03   2.9729975e+03   2.8737629e+03   2.3050873e+03   2.2091443e+03   2.5710724e+03   2.3834893e+03   2.2354342e+03   1.3809525e+03   2.1972444e+03   1.4341591e+03   2.5379372e+03   2.0702266e+03   2.4212230e+03
   1.1255875e+03   8.5933781e+02   9.5127170e+02   1.2107240e+03   1.0966531e+03   1.0512442e+03   1.7151985e+03   8.5149668e+02   8.2815910e+02   1.4530488e+03   1.2059415e+03   1.4786838e+03   1.3024212e+03   1.1548452e+03   9.6154760e+02   1.5799129e+03   9.2729885e+02   1.9916515e+03   1.2780217e+03   1.5527374e+03   1.2039924e+03   1.4296345e+03   1.0528875e+03   1.1777509e+03   7.5306664e+02   1.7390443e+03   9.3784855e+02   1.3988649e+03   1.1538207e+03   1.3103542e+03
   5.2030665e+02   2.8202399e+02   3.9509184e+02   5.2591394e+02   4.5496332e+02   4.2622677e+02   5.4653812e+02   3.1282236e+02   3.0744943e+02   4.0728286e+02   4.8165372e+02   4.8841820e+02   4.1448837e+02   4.4057815e+02   4.5256848e+02   3.3247501e+02   2.7862346e+02   7.3084857e+02   4.0291191e+02   3.7447044e+02   3.7272341e+02   5.3682331e+02   4.0584133e+02   3.9241297e+02   3.7694142e+02   5.3391559e+02   3.8222861e+02   6.0861850e+02   2.4804993e+02   4.0854631e+02
   1.6967092e+02   1.4144957e+02   1.5065636e+02   1.7584588e+02   1.5779517e+02   1.7628472e+02   1.7587199e+02   1.3538561e+02   1.4378305e+02   1.4512951e+02   1.9457245e+02   1.6455836e+02   2.0255464e+02   1.6971717e+02   1.5947072e+02   1.7752989e+02   1.2969961e+02   2.9656170e+02   1.4758396e+02   1.6294195e+02   1.5593972e+02   1.5413533e+02   1.5655113e+02   1.9059240e+02   1.5072719e+02   2.3896365e+02   1.4612476e+02   2.5688515e+02   1.4914638e+02   1.8546996e+02
   1.0890437e+02   1.1366803e+02   1.1171666e+02   1.1634711e+02   1.1265948e+02   1.1649315e+02   1.1550507e+02   1.0881719e+02   1.1325838e+02   1.1198637e+02   1.1472346e+02   1.1602835e+02   1.1622430e+02   1.1531021e+02   1.1715384e+02   1.1354481e+02   1.1159693e+02   1.2503319e+02   1.1379886e+02   1.1421390e+02   1.1342017e+02   1.1642588e+02   1.1226865e+02   1.1750319e+02   1.1603001e+02   1.1719254e+02   1.1231759e+02   1.2394568e+02   1.1278008e+02   1.1400451e+02
   1.0068360e+02   1.0022271e+02   1.0000111e+02   1.0012974e+02   1.0003866e+02   1.0070664e+02   1.0002432e+02   1.0000000e+02   1.0013397e+02   1.0014692e+02   1.0136871e+02   1.0033646e+02   1.0062760e+02   1.0032758e+02   1.0154374e+02   1.0012284e+02   1.0001239e+02   1.0469546e+02   1.0014500e+02   1.0083401e+02   1.0048753e+02   1.0127175e+02   1.0000138e+02   1.0090800e+02   1.0229363e+02   1.0153569e+02   1.0007205e+02   1.0752751e+02   1.0019582e+02   1.0024729e+02
   5.4464869e+01   1.0000000e+02   1.0000000e+02   1.0000000e+02   1.0000000e+02   1.0000000e+02   1.0000000e+02   1.0000000e+02   1.0000000e+02   1.0000000e+02   1.0000000e+02   1.0000000e+02   1.0000000e+02   1.0000000e+02   1.0000000e+02   1.0000000e+02   1.0000000e+02   1.0000000e+02   1.0000000e+02   1.0000000e+02   1.0000000e+02   1.0000000e+02   1.0000000e+02   1.0000000e+02   1.0000000e+02   1.0000000e+02   1.0000000e+02   1.0017737e+02   1.0000000e+02   1.0000000e+02
   5.4464869e+01   1.0000000e+02   1.0000000e+02   1.0000000e+02   1.0000000e+02   1.0000000e+02   1.0000000e+02   1.0000000e+02   1.0000000e+02   1.0000000e+02   1.0000000e+02   1.0000000e+02   1.0000000e+02   1.0000000e+02   1.0000000e+02   1.0000000e+02   1.0000000e+02   1.0000000e+02   1.0000000e+02   1.0000000e+02   1.0000000e+02   1.0000000e+02   1.0000000e+02   1.0000000e+02   1.0000000e+02   1.0000000e+02   1.0000000e+02   1.0000000e+02   1.0000000e+02   1.0000000e+02
   5.4464869e+01   1.0000000e+02   1.0000000e+02   1.0000000e+02   1.0000000e+02   1.0000000e+02   1.0000000e+02   1.0000000e+02   1.0000000e+02   1.0000000e+02   1.0000000e+02   1.0000000e+02   1.0000000e+02   1.0000000e+02   1.0000000e+02   1.0000000e+02   1.0000000e+02   1.0000000e+02   1.0000000e+02   1.0000000e+02   1.0000000e+02   1.0000000e+02   1.0000000e+02   1.0000000e+02   1.0000000e+02   1.0000000e+02   1.0000000e+02   1.0000000e+02   1.0000000e+02   1.0000000e+02
