   5.3629883e+10   4.6817201e+10   5.7993512e+10   4.6394424e+10   5.6368817e+10   3.6284569e+10   3.3124878e+10   5.5389939e+10   5.2693429e+10   5.5637101e+10   5.5487641e+10   5.9743957e+10   5.1286095e+10   3.6284569e+10   4.8499353e+10   4.6593847e+10   4.2106206e+10   5.0579994e+10   5.3602050e+10   4.9174833e+10   5.8253782e+10   3.6834859e+10   6.4749333e+10   6.2842495e+10   4.8340700e+10   6.1305253e+10   4.7719319e+10   3.8155441e+10   7.2898215e+10   6.6789137e+10
   5.3629883e+10   4.6817201e+10   5.7993512e+10   4.6394424e+10   5.6368817e+10   3.5351655e+10   3.3124878e+10   5.4492468e+10   5.2693429e+10   5.5637101e+10   5.5487641e+10   5.9743957e+10   5.1286095e+10   3.5351655e+10   4.8499353e+10   4.6593847e+10   4.2106206e+10   5.0457328e+10   5.3602050e+10   4.6621818e+10   5.8253782e+10   3.4593027e+10   6.4451471e+10   6.2842495e+10   4.7289195e+10   6.1305253e+10   4.7719319e+10   3.8155441e+10   4.4459269e+10   6.6789137e+10
   5.3429325e+10   4.6817201e+10   5.7993512e+10   4.6194565e+10   5.2304785e+10   3.5351655e+10   3.3124878e+10   5.1602574e+10   5.2693429e+10   5.5596762e+10   5.5298885e+10   5.9050206e+10   5.1286095e+10   3.5351655e+10   4.8499353e+10   4.6354465e+10   4.1247568e+10   5.0457328e+10   5.2547232e+10   4.4020120e+10   5.8253782e+10   3.2832651e+10   5.5411026e+10   6.2580956e+10   4.6676732e+10   6.1178620e+10   4.7719319e+10   3.7856881e+10   4.3557952e+10   6.4718484e+10
   5.0617461e+10   4.6817201e+10   5.7993512e+10   4.4772728e+10   5.2304785e+10   3.4619548e+10   3.3124878e+10   5.1602574e+10   5.2693429e+10   5.2888425e+10   5.4417657e+10   4.2533668e+10   3.4239275e+10   3.4619548e+10   4.5323076e+10   4.6354465e+10   4.1247568e+10   4.4775472e+10   4.7239904e+10   4.4020120e+10   5.6942196e+10   3.2832651e+10   5.5411026e+10   5.9485174e+10   4.6676732e+10   5.7071833e+10   3.9164862e+10   3.7711535e+10   4.3429718e+10   6.1862576e+10
   4.1112111e+10   4.5947462e+10   4.5711936e+10   4.4588780e+10   4.8522935e+10   3.1489352e+10   3.3124878e+10   3.9860391e+10   4.0843801e+10   4.0486239e+10   5.1354347e+10   4.0777339e+10   3.2622133e+10   3.1489352e+10   4.3543883e+10   4.4995668e+10   4.1247568e+10   3.9365831e+10   4.6329098e+10   4.2465409e+10   5.6814492e+10   3.1071316e+10   5.5411026e+10   5.9485174e+10   4.4357161e+10   4.9699163e+10   3.4843796e+10   3.7711535e+10   4.1601679e+10   4.5976340e+10
   3.5895305e+10   4.1585139e+10   4.4145779e+10   2.6167930e+10   3.9458945e+10   2.7935214e+10   3.2852839e+10   3.6959577e+10   3.4252221e+10   3.5276552e+10   3.7363653e+10   3.1935099e+10   3.0853813e+10   2.7935214e+10   3.4801995e+10   1.9036011e+10   3.7819503e+10   3.9365831e+10   3.7367230e+10   4.0259374e+10   4.0096338e+10   3.0795263e+10   4.6976186e+10   2.9155416e+10   4.3628342e+10   4.6519935e+10   3.3439658e+10   3.5738714e+10   3.8195639e+10   4.4392284e+10
   1.9260734e+10   2.5754284e+10   3.1672990e+10   2.3157509e+10   2.6134980e+10   2.6331682e+10   2.6338397e+10   2.1429133e+10   1.5064014e+10   2.6007589e+10   2.5946008e+10   2.5300429e+10   2.8671239e+10   2.6331682e+10   2.8752559e+10   1.6424834e+10   3.2210984e+10   2.6533106e+10   2.5909123e+10   2.3260421e+10   2.6054985e+10   2.1741265e+10   2.9133932e+10   2.2245633e+10   3.3322381e+10   2.4795389e+10   2.3630036e+10   2.0167673e+10   3.0528073e+10   3.4002943e+10
   1.5435161e+10   1.3426606e+10   1.2374005e+10   1.3700974e+10   1.1764475e+10   1.4105614e+10   1.0608258e+10   1.2745994e+10   1.0914146e+10   1.5161867e+10   1.5502895e+10   1.6472351e+10   1.3652283e+10   1.4105614e+10   1.2690093e+10   1.2994549e+10   1.1144281e+10   1.1798894e+10   1.1181347e+10   1.0974980e+10   1.3780508e+10   8.0478263e+09   1.4821595e+10   1.0797728e+10   1.3749127e+10   1.4365937e+10   1.3575614e+10   1.2814060e+10   1.5747013e+10   1.4134376e+10
   4.4312739e+09   3.6357797e+09   5.0057128e+09   4.7802522e+09   4.4730676e+09   3.7254392e+09   3.6675885e+09   3.9418413e+09   3.3372955e+09   5.4331132e+09   6.0232479e+09   4.2952817e+09   3.3684273e+09   3.7254392e+09   5.4233775e+09   3.6626084e+09   3.9407593e+09   3.7503536e+09   2.6485553e+09   3.7418250e+09   4.0277820e+09   5.3077120e+09   5.3672290e+09   4.0007003e+09   5.3197533e+09   4.7952543e+09   5.2936198e+09   4.2733059e+09   5.0200965e+09   4.3950362e+09
   3.7722328e+08   2.4202761e+08   6.1876583e+08   4.8813452e+08   3.7735069e+08   4.7971856e+08   5.7449940e+08   3.8342959e+08   1.8225229e+08   6.2377395e+08   5.6871719e+08   5.2841455e+08   6.0976803e+08   4.7971856e+08   6.2413860e+08   4.5411300e+08   3.5312500e+08   3.4948089e+08   2.7574225e+08   5.7878747e+08   5.6298108e+08   5.5282405e+08   8.2993280e+08   6.5204500e+08   3.9254798e+08   6.0229322e+08   7.9031424e+08   4.7941637e+08   4.7292779e+08   4.3916393e+08
   1.1200914e+07   5.8970421e+06   1.2276223e+07   1.0976520e+07   1.2877951e+07   9.4775233e+06   6.1114709e+06   7.4120723e+06   8.4600644e+06   1.3331263e+07   1.2190453e+07   9.9296979e+06   1.1520060e+07   9.4775233e+06   1.3532522e+07   9.4867836e+06   1.0056418e+07   6.4592554e+06   4.0729575e+06   1.2541756e+07   1.0974985e+07   9.2007477e+06   1.4962349e+07   9.2877756e+06   8.4588579e+06   1.1853404e+07   1.9475537e+07   1.2136875e+07   8.2295895e+06   6.5865499e+06
   2.3170883e+04   2.1055150e+04   2.4486608e+04   6.3319836e+04   4.6831347e+04   3.9669757e+04   4.4821534e+04   5.4820276e+04   3.5413017e+04   6.3646884e+04   4.6137395e+04   4.7621496e+04   2.7956916e+04   3.9669757e+04   5.9438194e+04   3.9048871e+04   5.1369114e+04   2.2337202e+04   1.6628684e+04   3.9111218e+04   4.3496475e+04   8.8582339e+04   3.7943916e+04   3.0776365e+04   2.6303566e+04   2.4012611e+04   4.1585388e+04   3.0369040e+04   3.4385260e+04   5.1993154e+04
   8.8704384e-07   9.0647686e-08   8.2809551e-08   3.9282835e-06   3.1502270e-07   5.5636612e-07   7.4082014e-08   2.1077150e-07   4.1192319e-07   5.5227360e-07   1.4436955e-06   6.2757402e-08   2.2920705e-08   5.5636612e-07   7.8797825e-08   1.7283429e-07   3.9117677e-08   8.1069122e-08   3.7451356e-07   1.7035817e-06   3.3270901e-07   2.3475313e-06   1.9220120e-07   1.2730961e-07   6.8185960e-07   7.8387450e-08   3.7650372e-07   3.7172070e-07   1.3727110e-06   2.4251285e-08
   0.0000000e+00   0.0000000e+00   0.0000000e+00   0.0000000e+00   0.0000000e+00   0.0000000e+00   0.0000000e+00   0.0000000e+00   0.0000000e+00   0.0000000e+00   0.0000000e+00   0.0000000e+00   0.0000000e+00   0.0000000e+00   0.0000000e+00   0.0000000e+00   0.0000000e+00   0.0000000e+00   0.0000000e+00   0.0000000e+00   0.0000000e+00   0.0000000e+00   0.0000000e+00   0.0000000e+00   0.0000000e+00   0.0000000e+00   0.0000000e+00   0.0000000e+00   0.0000000e+00   0.0000000e+00
   0.0000000e+00   0.0000000e+00   0.0000000e+00   0.0000000e+00   0.0000000e+00   0.0000000e+00   0.0000000e+00   0.0000000e+00   0.0000000e+00   0.0000000e+00   0.0000000e+00   0.0000000e+00   0.0000000e+00   0.0000000e+00   0.0000000e+00   0.0000000e+00   0.0000000e+00   0.0000000e+00   0.0000000e+00   0.0000000e+00   0.0000000e+00   0.0000000e+00   0.0000000e+00   0.0000000e+00   0.0000000e+00   0.0000000e+00   0.0000000e+00   0.0000000e+00   0.0000000e+00   0.0000000e+00
   0.0000000e+00   0.0000000e+00   0.0000000e+00   0.0000000e+00   0.0000000e+00   0.0000000e+00   0.0000000e+00   0.0000000e+00   0.0000000e+00   0.0000000e+00   0.0000000e+00   0.0000000e+00   0.0000000e+00   0.0000000e+00   0.0000000e+00   0.0000000e+00   0.0000000e+00   0.0000000e+00   0.0000000e+00   0.0000000e+00   0.0000000e+00   0.0000000e+00   0.0000000e+00   0.0000000e+00   0.0000000e+00   0.0000000e+00   0.0000000e+00   0.0000000e+00   0.0000000e+00   0.0000000e+00
