   5.3114898e+07   7.0077874e+07   1.2521386e+08   4.4415042e+07   1.1418213e+08   2.9401531e+07   9.5572169e+07   1.0599699e+08   7.4423482e+07   1.2709402e+08   1.0320993e+08   9.5223377e+07   8.2134747e+07   5.9972588e+07   1.7911198e+08   9.0421512e+07   1.5224868e+08   8.1874129e+07   3.3448667e+07   4.0105449e+07   1.1957184e+08   6.0708111e+07   4.6590782e+07   1.5949516e+08   5.5460155e+07   6.3140708e+07   8.6996128e+07   2.3127062e+07   8.5759437e+07   2.8288833e+07
   5.2777289e+07   7.0077874e+07   1.2521386e+08   4.0987526e+07   5.0377722e+07   2.9395287e+07   9.5572169e+07   1.0596796e+08   7.4398988e+07   1.2709402e+08   1.0320860e+08   9.5223377e+07   1.3502365e+07   5.9972588e+07   1.4471577e+08   9.0421512e+07   1.5224868e+08   8.1874129e+07   3.3448667e+07   4.0105449e+07   1.1957184e+08   6.0707666e+07   4.6590782e+07   1.5949516e+08   4.3849093e+07   6.3140708e+07   8.6995627e+07   2.3127062e+07   8.5759437e+07   2.8288833e+07
   3.9366099e+07   7.0077874e+07   1.2521349e+08   4.0984183e+07   3.9125100e+07   2.9367073e+07   9.3252547e+07   9.2302154e+07   7.4398981e+07   1.2047951e+08   1.0320860e+08   8.3000564e+07   1.3502365e+07   5.9972588e+07   1.4471563e+08   8.5854628e+07   1.2555804e+08   8.1874129e+07   3.3448667e+07   2.7674344e+07   1.1957184e+08   6.0102016e+07   4.6590666e+07   1.3647795e+08   4.3479943e+07   6.3140706e+07   8.6995627e+07   2.3127062e+07   4.6347615e+07   2.8288833e+07
   3.9366099e+07   4.0372766e+07   1.1961231e+08   2.9141551e+07   3.6116487e+07   2.9352138e+07   1.2323855e+07   1.9624643e+07   6.4135087e+07   1.2047951e+08   8.1055450e+07   8.3000564e+07   1.3379002e+07   5.6231057e+07   9.8244856e+07   8.5854356e+07   1.2471722e+08   7.5346818e+07   3.3448658e+07   2.7674344e+07   2.2655340e+07   5.6484485e+07   4.6582334e+07   1.1345993e+07   4.3479943e+07   6.3140670e+07   5.5142973e+07   2.3126982e+07   3.0999297e+07   2.8288833e+07
   3.4262983e+07   2.9681336e+07   6.6383474e+07   2.9141551e+07   1.1172052e+07   2.9278529e+07   1.2146279e+07   9.8023208e+06   6.3015270e+07   1.2047879e+08   3.7123845e+07   5.5656774e+07   1.3379002e+07   2.9561140e+07   5.3756454e+07   9.5781982e+06   1.1984516e+08   1.3501296e+07   1.5650578e+07   2.2564404e+07   2.2063200e+07   1.4037115e+07   4.3863956e+07   1.1345993e+07   3.8746515e+07   4.4650076e+07   4.0421671e+07   2.2584120e+07   3.0590513e+07   2.1842001e+07
   1.5927161e+07   2.2500454e+07   3.7698426e+06   2.2378817e+07   9.9535487e+06   1.1584646e+07   1.0593070e+07   7.5304735e+06   8.2532812e+06   3.4698350e+07   2.7516068e+07   3.2406530e+07   1.3379002e+07   2.9560772e+07   2.1891790e+07   9.3034553e+06   2.8498328e+07   6.0077729e+06   4.8391276e+06   1.5655145e+07   1.7894693e+07   1.4037029e+07   1.1290203e+07   5.7643951e+06   2.4285841e+07   1.7092348e+07   1.9457155e+07   2.2584120e+07   2.8615936e+07   1.5649405e+07
   3.1350181e+06   9.8479468e+06   1.8488498e+06   8.4639696e+06   1.8271829e+06   7.9788862e+05   2.5287957e+06   1.0833890e+06   4.4804776e+06   1.4451046e+07   1.1774831e+07   4.3609518e+06   6.4708417e+06   9.2803838e+06   1.5274870e+06   7.5285551e+06   2.1404277e+07   3.9674804e+06   3.6273766e+06   8.3690484e+06   8.1854504e+06   7.6392986e+06   3.2081434e+06   2.4588199e+06   1.5212305e+07   1.3285476e+07   8.3532196e+06   3.9466093e+06   6.8277247e+06   1.0222257e+07
   1.2585413e+06   1.5445553e+06   1.6041625e+06   1.6190651e+06   7.7152771e+05   1.2426394e+05   1.4744011e+06   7.6731760e+05   3.1898219e+06   6.9012096e+06   2.1783000e+06   2.2455573e+06   1.6414382e+06   4.0010089e+05   7.5642376e+05   2.6229855e+06   4.5823532e+06   1.1923756e+06   7.3768572e+05   8.4169760e+05   2.3732462e+06   3.3689422e+06   1.1099718e+06   1.2777059e+06   4.5207780e+05   6.0112984e+05   8.8472259e+05   1.3777989e+06   2.0051844e+06   1.9450533e+06
   4.0325887e+05   4.7515286e+05   5.0117499e+04   3.7688208e+05   1.0603690e+05   9.7029715e+04   1.9632284e+05   2.1480263e+05   2.4994588e+05   3.0834885e+05   3.6127427e+05   1.9108091e+05   1.3052389e+05   1.5740926e+04   3.1386932e+05   3.5715264e+05   4.3535189e+05   4.7925426e+05   2.2413404e+05   3.3865894e+05   6.2178488e+05   2.0272671e+05   5.6358678e+04   3.1649519e+05   8.8049951e+04   1.4020642e+05   2.1497932e+05   2.9846675e+05   2.4436846e+05   1.4599291e+05
   7.7751320e+03   1.0484636e+04   1.2669145e+04   1.6992641e+04   1.5219574e+04   6.6950249e+03   8.3230757e+03   1.0807267e+04   1.7919186e+04   1.3438989e+04   6.7076335e+03   1.3591630e+04   9.8939058e+03   9.0353925e+03   1.7962578e+04   4.8246062e+03   9.8973801e+03   8.3215964e+03   7.0395791e+03   1.0461638e+04   3.9990296e+03   1.3717323e+04   8.7993317e+03   1.3651345e+04   1.0601032e+04   1.4254519e+04   1.1783729e+04   6.0553825e+03   9.6725849e+03   8.3581139e+03
   7.1503096e+02   1.0655615e+03   7.6694762e+02   7.2809684e+02   4.3316731e+02   8.2892543e+02   9.6632832e+02   8.5762661e+02   7.6307462e+02   7.4456291e+02   9.1250651e+02   6.5706454e+02   8.8757778e+02   7.3938336e+02   1.0235736e+03   9.5518299e+02   9.9955619e+02   7.1075965e+02   8.1925301e+02   7.5810079e+02   1.1101878e+03   9.2007461e+02   9.3849752e+02   8.9342340e+02   9.0458195e+02   1.0528577e+03   6.9733694e+02   1.1119617e+03   9.4155689e+02   8.8744635e+02
   1.6045011e+02   2.4773269e+02   1.9428283e+02   1.7899896e+02   8.8287555e+01   1.5047152e+02   1.5017057e+02   1.3302271e+02   1.1296269e+02   1.6803860e+02   1.3792636e+02   1.2488820e+02   1.5655357e+02   5.4270748e+01   1.7042045e+02   2.1667775e+02   2.2211231e+02   1.3950374e+02   1.9269315e+02   1.8504191e+02   1.2262927e+02   2.0740362e+02   1.6027422e+02   1.7287116e+02   2.4062477e+02   1.7118606e+02   2.1926701e+02   2.2001070e+02   2.2028473e+02   2.0052923e+02
   4.7700103e-01   5.4934732e-01   7.9407213e-01   5.4573147e-01   5.0402828e-01   4.1788778e-01   5.8043582e-01   5.4621409e-01   6.9641307e-01   3.7508103e-01   4.1803588e-01   5.3826296e-01   2.8558554e-01   7.2248033e-01   3.6218809e-01   7.5994103e-01   5.8348456e-01   5.2473353e-01   3.9684453e-01   5.9206738e-01   6.2909248e-01   5.6464347e-01   5.2970306e-01   4.5171501e-01   5.4575352e-01   3.7257998e-01   4.0839627e-01   6.6128291e-01   3.7309060e-01   6.8836391e-01
   0.0000000e+00   0.0000000e+00   0.0000000e+00   0.0000000e+00   0.0000000e+00   0.0000000e+00   0.0000000e+00   0.0000000e+00   0.0000000e+00   0.0000000e+00   0.0000000e+00   0.0000000e+00   0.0000000e+00   0.0000000e+00   0.0000000e+00   0.0000000e+00   0.0000000e+00   0.0000000e+00   0.0000000e+00   0.0000000e+00   0.0000000e+00   0.0000000e+00   0.0000000e+00   0.0000000e+00   0.0000000e+00   0.0000000e+00   0.0000000e+00   0.0000000e+00   0.0000000e+00   0.0000000e+00
   0.0000000e+00   0.0000000e+00   0.0000000e+00   0.0000000e+00   0.0000000e+00   0.0000000e+00   0.0000000e+00   0.0000000e+00   0.0000000e+00   0.0000000e+00   0.0000000e+00   0.0000000e+00   0.0000000e+00   0.0000000e+00   0.0000000e+00   0.0000000e+00   0.0000000e+00   0.0000000e+00   0.0000000e+00   0.0000000e+00   0.0000000e+00   0.0000000e+00   0.0000000e+00   0.0000000e+00   0.0000000e+00   0.0000000e+00   0.0000000e+00   0.0000000e+00   0.0000000e+00   0.0000000e+00
   0.0000000e+00   0.0000000e+00   0.0000000e+00   0.0000000e+00   0.0000000e+00   0.0000000e+00   0.0000000e+00   0.0000000e+00   0.0000000e+00   0.0000000e+00   0.0000000e+00   0.0000000e+00   0.0000000e+00   0.0000000e+00   0.0000000e+00   0.0000000e+00   0.0000000e+00   0.0000000e+00   0.0000000e+00   0.0000000e+00   0.0000000e+00   0.0000000e+00   0.0000000e+00   0.0000000e+00   0.0000000e+00   0.0000000e+00   0.0000000e+00   0.0000000e+00   0.0000000e+00   0.0000000e+00
