   4.6664768e+02   4.3771006e+02   4.0162100e+02   3.4913260e+02   3.9950112e+02   4.7792837e+02   4.6259730e+02   5.2642289e+02   4.3441783e+02   2.9158851e+02   4.9957333e+02   4.8250983e+02   4.8962831e+02   3.5090315e+02   4.8075899e+02   4.1216212e+02   4.9775706e+02   4.6656256e+02   4.3239945e+02   4.4076903e+02   5.3114707e+02   4.1456302e+02   4.8287723e+02   3.9877340e+02   4.1681598e+02   3.5488474e+02   4.1043349e+02   5.1450881e+02   3.8405062e+02   4.1934655e+02
   4.6664768e+02   4.3771006e+02   3.5646082e+02   3.3331170e+02   3.9896094e+02   4.3334085e+02   4.6093092e+02   4.8415850e+02   4.3315348e+02   2.9158851e+02   4.3447941e+02   4.8235386e+02   4.3747642e+02   3.4403877e+02   4.1133934e+02   3.6981164e+02   4.0920768e+02   4.4459099e+02   4.3135488e+02   4.1504372e+02   5.3114707e+02   4.0916261e+02   3.9105680e+02   3.9845534e+02   4.0782521e+02   3.2122664e+02   3.9286208e+02   5.1450881e+02   3.6969014e+02   4.1254015e+02
   4.4216373e+02   4.2615728e+02   3.4942743e+02   3.3331170e+02   3.9896094e+02   4.3334085e+02   4.1200900e+02   4.8415850e+02   4.2771036e+02   2.9158851e+02   4.3447941e+02   4.8235386e+02   4.3279301e+02   3.3207038e+02   3.9026856e+02   3.6981164e+02   4.0920768e+02   4.4417244e+02   3.6685749e+02   4.1504372e+02   5.2262620e+02   4.0916261e+02   3.9105680e+02   3.5348470e+02   4.0782521e+02   3.2122664e+02   3.3968903e+02   5.1446699e+02   3.6969014e+02   4.1254015e+02
   4.1462966e+02   3.9041444e+02   3.2376500e+02   3.3331170e+02   3.9320318e+02   4.2423069e+02   4.1200900e+02   4.8276301e+02   3.8342616e+02   2.8080635e+02   4.3447941e+02   4.2307735e+02   4.2874194e+02   3.3207038e+02   3.8236291e+02   3.6981164e+02   4.0920768e+02   4.4406627e+02   3.6685749e+02   3.8958608e+02   5.1850632e+02   4.0916261e+02   3.9105680e+02   3.5348470e+02   4.0782521e+02   3.2122664e+02   3.2563488e+02   4.8895021e+02   3.4942112e+02   4.1254015e+02
   3.7050496e+02   3.7427063e+02   3.1141163e+02   3.2171662e+02   3.2701251e+02   4.0349064e+02   3.8364093e+02   4.3437291e+02   3.7417004e+02   2.7014338e+02   3.8331865e+02   4.1113820e+02   3.8824076e+02   3.2363064e+02   3.8205529e+02   3.5541569e+02   3.5270448e+02   4.0409940e+02   3.6685749e+02   3.6435915e+02   3.8192689e+02   3.4023584e+02   3.1207244e+02   3.3818373e+02   4.0083255e+02   3.1985176e+02   3.1533136e+02   4.3969558e+02   3.1791633e+02   4.1254015e+02
   3.6828589e+02   3.6585317e+02   2.8097319e+02   3.2171662e+02   3.1158754e+02   3.5791401e+02   3.6893822e+02   3.6584624e+02   3.7417004e+02   2.0992269e+02   3.6012905e+02   3.6605610e+02   3.6145592e+02   3.0290072e+02   3.6235186e+02   3.5479154e+02   3.2383402e+02   3.8738094e+02   3.2656707e+02   3.1188790e+02   3.7125630e+02   3.3308910e+02   3.1207244e+02   3.3807704e+02   3.7742518e+02   3.1738423e+02   3.1354323e+02   4.3969558e+02   3.1273526e+02   3.8697486e+02
   3.5006208e+02   3.4098561e+02   2.8097319e+02   3.1989022e+02   3.0831685e+02   2.7754689e+02   3.2674911e+02   2.6855170e+02   3.0911891e+02   1.9037775e+02   3.5622137e+02   3.0691285e+02   3.3962785e+02   2.4226734e+02   3.2350314e+02   3.2968788e+02   2.5339378e+02   3.3989565e+02   3.1486789e+02   2.9516928e+02   3.3784933e+02   3.3308910e+02   2.4013083e+02   3.1831893e+02   3.5094763e+02   3.1606614e+02   3.1354323e+02   3.7319928e+02   1.9154084e+02   3.6067408e+02
   3.2720738e+02   3.0757519e+02   2.6155782e+02   3.0300490e+02   2.5835651e+02   2.6423455e+02   2.4533190e+02   1.6850060e+02   3.0365286e+02   1.7020851e+02   2.9463044e+02   1.7652578e+02   2.8739088e+02   2.4177941e+02   3.2055297e+02   2.4430880e+02   2.3067110e+02   2.5341542e+02   2.4587050e+02   2.3028995e+02   3.0350554e+02   2.3940612e+02   1.4412698e+02   3.1583125e+02   3.0481487e+02   3.1002540e+02   3.0062382e+02   3.1348480e+02   1.4283521e+02   1.9917031e+02
   2.6228769e+02   2.9228719e+02   2.5250110e+02   2.4044808e+02   1.7314528e+02   2.2412652e+02   1.6928452e+02   1.0375694e+02   2.1983012e+02   1.4095962e+02   2.5592096e+02   1.1542875e+02   2.4686502e+02   1.7237028e+02   2.2826499e+02   1.9140661e+02   2.1423470e+02   1.5004027e+02   1.6305102e+02   2.1167825e+02   1.9437354e+02   1.9670349e+02   1.3017315e+02   2.6284705e+02   1.4430810e+02   2.8906868e+02   2.1918464e+02   1.5622689e+02   1.1160169e+02   1.3113743e+02
   1.6699489e+02   1.7825886e+02   2.1766293e+02   1.4636948e+02   1.1054130e+02   1.4699191e+02   9.1038089e+01   8.2970620e+01   1.7082480e+02   8.0235356e+01   1.5821432e+02   9.5527882e+01   2.1505173e+02   1.5810691e+02   1.9736077e+02   1.8021928e+02   6.2668912e+01   1.0913877e+02   1.5005952e+02   7.4020536e+01   1.5728678e+02   1.4080439e+02   1.0207642e+02   2.1265896e+02   1.2191452e+02   2.6186663e+02   1.8064591e+02   1.4776939e+02   9.5587390e+01   9.0262966e+01
   1.2908613e+02   1.3134844e+02   2.0314536e+02   1.1293588e+02   7.5298172e+01   1.2754446e+02   8.0868732e+01   6.3835681e+01   1.5384835e+02   7.6654215e+01   1.1619241e+02   8.6943377e+01   1.4188727e+02   1.4067154e+02   1.4937528e+02   1.4302203e+02   3.2480842e+01   9.9659701e+01   1.2805420e+02   5.7039379e+01   1.1680216e+02   1.2923616e+02   9.9961352e+01   1.4355559e+02   1.0201954e+02   2.4174707e+02   1.6269413e+02   1.4216614e+02   6.4041333e+01   7.6021661e+01
   1.0571768e+02   1.1984962e+02   1.5535258e+02   1.0843087e+02   7.4837058e+01   7.7917459e+01   4.8114127e+01   3.4184388e+01   1.1879275e+02   6.9581101e+01   1.0345140e+02   7.8124016e+01   1.0494282e+02   1.0494672e+02   1.0713291e+02   7.0107033e+01   3.2433476e+01   7.9346878e+01   1.2577471e+02   5.1640381e+01   1.0263750e+02   1.1798163e+02   5.0788011e+01   1.3585374e+02   8.7599197e+01   2.0939980e+02   1.5728648e+02   1.4216614e+02   6.3305859e+01   6.0431283e+01
   9.3600755e+01   8.4258694e+01   9.0198434e+01   1.0110694e+02   7.4795570e+01   6.6104952e+01   3.6527438e+01   2.1599089e+01   9.2784920e+01   4.4157006e+01   8.5140927e+01   5.4827488e+01   9.2065166e+01   8.6377168e+01   9.3457024e+01   6.2943784e+01   2.7710484e+01   6.9980439e+01   1.1334211e+02   4.5477971e+01   7.8008548e+01   1.0888799e+02   2.6254608e+01   1.2552164e+02   7.4717195e+01   1.8173636e+02   1.4402382e+02   1.3918063e+02   6.0537975e+01   3.3534285e+01
   7.7214447e+01   3.5091422e+01   6.7956332e+01   9.4546479e+01   5.9967016e+01   3.9946776e+01   1.1317371e+01   5.3896434e+00   6.4133822e+01   3.5342807e+01   7.5352146e+01   1.8659973e+01   6.2569880e+01   3.3845678e+01   7.0452659e+01   5.4238847e+01   2.6909291e+01   1.0386127e+01   8.6852975e+01   3.2624340e+01   2.4970392e+01   9.4488801e+01   8.5968419e+00   1.0633855e+02   7.3416727e+01   1.3091938e+02   1.1452292e+02   1.2966055e+02   5.7440927e+01   2.0117089e+01
   1.0561913e-04   0.0000000e+00   0.0000000e+00   5.3195071e+00   0.0000000e+00   0.0000000e+00   0.0000000e+00   0.0000000e+00   0.0000000e+00   0.0000000e+00   0.0000000e+00   0.0000000e+00   0.0000000e+00   0.0000000e+00   1.3554200e-08   0.0000000e+00   1.6926536e+00   0.0000000e+00   0.0000000e+00   0.0000000e+00   0.0000000e+00   7.7463386e-02   0.0000000e+00   0.0000000e+00   1.8277023e-04   1.1182345e-03   9.0639264e-06   1.4162750e-05   2.1851072e-01   0.0000000e+00
   0.0000000e+00   0.0000000e+00   0.0000000e+00   0.0000000e+00   0.0000000e+00   0.0000000e+00   0.0000000e+00   0.0000000e+00   0.0000000e+00   0.0000000e+00   0.0000000e+00   0.0000000e+00   0.0000000e+00   0.0000000e+00   0.0000000e+00   0.0000000e+00   0.0000000e+00   0.0000000e+00   0.0000000e+00   0.0000000e+00   0.0000000e+00   0.0000000e+00   0.0000000e+00   0.0000000e+00   0.0000000e+00   0.0000000e+00   0.0000000e+00   0.0000000e+00   0.0000000e+00   0.0000000e+00
