   5.3629881e+10   4.6817198e+10   5.7993510e+10   4.6394422e+10   5.6368815e+10   3.6284566e+10   3.3124876e+10   5.5389937e+10   5.2693427e+10   5.5637099e+10   5.5487639e+10   5.9743955e+10   5.1286093e+10   3.6284566e+10   4.8499351e+10   4.6593844e+10   4.2106204e+10   5.0579991e+10   5.3602048e+10   4.9174831e+10   5.8253779e+10   3.6834856e+10   6.4749330e+10   6.2842493e+10   4.8340698e+10   6.1305250e+10   4.7719317e+10   3.8155439e+10   7.2898213e+10   6.6789134e+10
   5.3629881e+10   4.6817198e+10   5.7993510e+10   4.6394422e+10   5.6368815e+10   3.5351652e+10   3.3124876e+10   5.4492465e+10   5.2693427e+10   5.5637099e+10   5.5487639e+10   5.9743955e+10   5.1286093e+10   3.5351652e+10   4.8499351e+10   4.6593844e+10   4.2106204e+10   5.0457326e+10   5.3602048e+10   4.6621816e+10   5.8253779e+10   3.4593025e+10   6.4451469e+10   6.2842493e+10   4.7289192e+10   6.1305250e+10   4.7719317e+10   3.8155439e+10   4.4459266e+10   6.6789134e+10
   5.3429323e+10   4.6817198e+10   5.7993510e+10   4.6194563e+10   5.2304782e+10   3.5351652e+10   3.3124876e+10   5.1602571e+10   5.2693427e+10   5.5596760e+10   5.5298883e+10   5.9050203e+10   5.1286093e+10   3.5351652e+10   4.8499351e+10   4.6354463e+10   4.1247566e+10   5.0457326e+10   5.2547229e+10   4.4020118e+10   5.8253779e+10   3.2832648e+10   5.5411023e+10   6.2580954e+10   4.6676730e+10   6.1178618e+10   4.7719317e+10   3.7856878e+10   4.3557950e+10   6.4718482e+10
   5.0617459e+10   4.6817198e+10   5.7993510e+10   4.4772726e+10   5.2304782e+10   3.4619545e+10   3.3124876e+10   5.1602571e+10   5.2693427e+10   5.2888423e+10   5.4417654e+10   4.2533666e+10   3.4239272e+10   3.4619545e+10   4.5323074e+10   4.6354463e+10   4.1247566e+10   4.4775470e+10   4.7239902e+10   4.4020118e+10   5.6942193e+10   3.2832648e+10   5.5411023e+10   5.9485171e+10   4.6676730e+10   5.7071831e+10   3.9164860e+10   3.7711533e+10   4.3429715e+10   6.1862574e+10
   4.1112108e+10   4.5947460e+10   4.5711934e+10   4.4588777e+10   4.8522933e+10   3.1489349e+10   3.3124876e+10   3.9860388e+10   4.0843799e+10   4.0486237e+10   5.1354344e+10   4.0777337e+10   3.2622130e+10   3.1489349e+10   4.3543881e+10   4.4995665e+10   4.1247566e+10   3.9365828e+10   4.6329096e+10   4.2465407e+10   5.6814490e+10   3.1071314e+10   5.5411023e+10   5.9485171e+10   4.4357159e+10   4.9699161e+10   3.4843793e+10   3.7711533e+10   4.1601676e+10   4.5976338e+10
   3.5895302e+10   4.1585136e+10   4.4145777e+10   2.6167927e+10   3.9458942e+10   2.7935211e+10   3.2852836e+10   3.6959574e+10   3.4252219e+10   3.5276550e+10   3.7363651e+10   3.1935096e+10   3.0853811e+10   2.7935211e+10   3.4801993e+10   1.9036008e+10   3.7819500e+10   3.9365828e+10   3.7367227e+10   4.0259371e+10   4.0096336e+10   3.0795261e+10   4.6976183e+10   2.9155413e+10   4.3628340e+10   4.6519933e+10   3.3439655e+10   3.5738712e+10   3.8195637e+10   4.4392282e+10
   1.9260732e+10   2.5754282e+10   3.1672988e+10   2.3157507e+10   2.6134977e+10   2.6331680e+10   2.6338394e+10   2.1429130e+10   1.5064011e+10   2.6007587e+10   2.5946006e+10   2.5300427e+10   2.8671237e+10   2.6331680e+10   2.8752556e+10   1.6424832e+10   3.2210982e+10   2.6533104e+10   2.5909121e+10   2.3260419e+10   2.6054982e+10   2.1741262e+10   2.9133929e+10   2.2245631e+10   3.3322379e+10   2.4795386e+10   2.3630034e+10   2.0167671e+10   3.0528071e+10   3.4002940e+10
   1.5435158e+10   1.3426603e+10   1.2374002e+10   1.3700972e+10   1.1764473e+10   1.4105612e+10   1.0608256e+10   1.2745992e+10   1.0914143e+10   1.5161864e+10   1.5502892e+10   1.6472349e+10   1.3652281e+10   1.4105612e+10   1.2690090e+10   1.2994547e+10   1.1144279e+10   1.1798892e+10   1.1181345e+10   1.0974977e+10   1.3780505e+10   8.0478239e+09   1.4821592e+10   1.0797726e+10   1.3749124e+10   1.4365934e+10   1.3575611e+10   1.2814057e+10   1.5747011e+10   1.4134374e+10
   4.4312715e+09   3.6357773e+09   5.0057104e+09   4.7802498e+09   4.4730652e+09   3.7254368e+09   3.6675861e+09   3.9418389e+09   3.3372931e+09   5.4331108e+09   6.0232455e+09   4.2952793e+09   3.3684249e+09   3.7254368e+09   5.4233751e+09   3.6626060e+09   3.9407569e+09   3.7503512e+09   2.6485529e+09   3.7418226e+09   4.0277796e+09   5.3077096e+09   5.3672266e+09   4.0006979e+09   5.3197509e+09   4.7952519e+09   5.2936174e+09   4.2733035e+09   5.0200941e+09   4.3950338e+09
   3.7722088e+08   2.4202521e+08   6.1876343e+08   4.8813212e+08   3.7734829e+08   4.7971616e+08   5.7449700e+08   3.8342719e+08   1.8224989e+08   6.2377155e+08   5.6871479e+08   5.2841215e+08   6.0976563e+08   4.7971616e+08   6.2413620e+08   4.5411060e+08   3.5312260e+08   3.4947849e+08   2.7573985e+08   5.7878507e+08   5.6297868e+08   5.5282165e+08   8.2993040e+08   6.5204260e+08   3.9254558e+08   6.0229082e+08   7.9031184e+08   4.7941397e+08   4.7292539e+08   4.3916153e+08
   1.1198514e+07   5.8946421e+06   1.2273823e+07   1.0974120e+07   1.2875551e+07   9.4751233e+06   6.1090709e+06   7.4096723e+06   8.4576644e+06   1.3328863e+07   1.2188053e+07   9.9272979e+06   1.1517660e+07   9.4751233e+06   1.3530122e+07   9.4843836e+06   1.0054018e+07   6.4568554e+06   4.0705575e+06   1.2539356e+07   1.0972585e+07   9.1983477e+06   1.4959949e+07   9.2853756e+06   8.4564579e+06   1.1851004e+07   1.9473137e+07   1.2134475e+07   8.2271895e+06   6.5841499e+06
   2.0770883e+04   1.8655150e+04   2.2086608e+04   6.0919836e+04   4.4431347e+04   3.7269757e+04   4.2421534e+04   5.2420276e+04   3.3013017e+04   6.1246884e+04   4.3737395e+04   4.5221496e+04   2.5556916e+04   3.7269757e+04   5.7038194e+04   3.6648871e+04   4.8969114e+04   1.9937202e+04   1.4228684e+04   3.6711218e+04   4.1096475e+04   8.6182339e+04   3.5543916e+04   2.8376365e+04   2.3903566e+04   2.1612611e+04   3.9185388e+04   2.7969040e+04   3.1985260e+04   4.9593154e+04
   0.0000000e+00   0.0000000e+00   0.0000000e+00   0.0000000e+00   0.0000000e+00   0.0000000e+00   0.0000000e+00   0.0000000e+00   0.0000000e+00   0.0000000e+00   0.0000000e+00   0.0000000e+00   0.0000000e+00   0.0000000e+00   0.0000000e+00   0.0000000e+00   0.0000000e+00   0.0000000e+00   0.0000000e+00   0.0000000e+00   0.0000000e+00   0.0000000e+00   0.0000000e+00   0.0000000e+00   0.0000000e+00   0.0000000e+00   0.0000000e+00   0.0000000e+00   0.0000000e+00   0.0000000e+00
   0.0000000e+00   0.0000000e+00   0.0000000e+00   0.0000000e+00   0.0000000e+00   0.0000000e+00   0.0000000e+00   0.0000000e+00   0.0000000e+00   0.0000000e+00   0.0000000e+00   0.0000000e+00   0.0000000e+00   0.0000000e+00   0.0000000e+00   0.0000000e+00   0.0000000e+00   0.0000000e+00   0.0000000e+00   0.0000000e+00   0.0000000e+00   0.0000000e+00   0.0000000e+00   0.0000000e+00   0.0000000e+00   0.0000000e+00   0.0000000e+00   0.0000000e+00   0.0000000e+00   0.0000000e+00
   0.0000000e+00   0.0000000e+00   0.0000000e+00   0.0000000e+00   0.0000000e+00   0.0000000e+00   0.0000000e+00   0.0000000e+00   0.0000000e+00   0.0000000e+00   0.0000000e+00   0.0000000e+00   0.0000000e+00   0.0000000e+00   0.0000000e+00   0.0000000e+00   0.0000000e+00   0.0000000e+00   0.0000000e+00   0.0000000e+00   0.0000000e+00   0.0000000e+00   0.0000000e+00   0.0000000e+00   0.0000000e+00   0.0000000e+00   0.0000000e+00   0.0000000e+00   0.0000000e+00   0.0000000e+00
   0.0000000e+00   0.0000000e+00   0.0000000e+00   0.0000000e+00   0.0000000e+00   0.0000000e+00   0.0000000e+00   0.0000000e+00   0.0000000e+00   0.0000000e+00   0.0000000e+00   0.0000000e+00   0.0000000e+00   0.0000000e+00   0.0000000e+00   0.0000000e+00   0.0000000e+00   0.0000000e+00   0.0000000e+00   0.0000000e+00   0.0000000e+00   0.0000000e+00   0.0000000e+00   0.0000000e+00   0.0000000e+00   0.0000000e+00   0.0000000e+00   0.0000000e+00   0.0000000e+00   0.0000000e+00
