   1.4423846e+03   1.5548131e+03   1.5563155e+03   1.3579322e+03   1.3905990e+03   1.5021560e+03   1.0655256e+03   1.1764340e+03   1.4620280e+03   1.4196683e+03   1.2927484e+03   1.2260306e+03   1.2186269e+03   1.2689099e+03   1.0603610e+03   1.3972614e+03   1.4916026e+03   1.3131078e+03   1.5784256e+03   1.4190564e+03   1.2700781e+03   1.3789234e+03   1.4697827e+03   1.3745575e+03   1.2990444e+03   1.2526804e+03   1.0022733e+03   1.3747278e+03   1.4041841e+03   9.7302547e+02
   1.4272820e+03   1.5548131e+03   1.5563155e+03   1.2439443e+03   1.3905990e+03   1.4656965e+03   1.0655256e+03   1.1764340e+03   1.4620280e+03   1.4150703e+03   1.2927484e+03   1.2260306e+03   1.2186269e+03   1.2689099e+03   1.0603610e+03   1.3972614e+03   1.3861751e+03   1.3131078e+03   1.3743139e+03   1.4190564e+03   1.2700781e+03   1.3789234e+03   1.4697827e+03   1.3745575e+03   1.2990444e+03   1.2526804e+03   9.0185372e+02   1.3747278e+03   1.4041841e+03   9.7302547e+02
   1.4272820e+03   1.3798844e+03   1.3514217e+03   1.2439443e+03   1.3316752e+03   1.4656965e+03   1.0210124e+03   9.2110416e+02   1.0722521e+03   1.4150703e+03   1.0956333e+03   1.2260306e+03   1.2186269e+03   1.2689099e+03   1.0603610e+03   1.3972614e+03   1.3850582e+03   1.3131078e+03   1.3690274e+03   1.3821784e+03   1.2700781e+03   1.2922482e+03   1.4697827e+03   1.3599960e+03   1.2990444e+03   1.2526804e+03   9.0185372e+02   1.3706709e+03   1.3682401e+03   9.7302547e+02
   1.2900212e+03   1.2800097e+03   1.3514217e+03   9.4869163e+02   1.2749698e+03   1.4246040e+03   1.0210124e+03   8.9757130e+02   1.0464159e+03   1.0588625e+03   1.0797586e+03   1.1409877e+03   1.2038937e+03   1.2306272e+03   1.0603610e+03   1.3972614e+03   1.2261189e+03   1.2897950e+03   1.3690274e+03   1.3821784e+03   1.2700781e+03   1.2922482e+03   1.4697827e+03   1.3553579e+03   1.0236877e+03   8.8536247e+02   9.0064400e+02   1.0537902e+03   1.3682401e+03   9.4721167e+02
   1.0537566e+03   7.4556470e+02   1.1981209e+03   9.4070292e+02   1.0639978e+03   1.1959854e+03   1.0118391e+03   8.8714951e+02   1.0419617e+03   9.6747631e+02   1.0133078e+03   1.1409877e+03   1.1584003e+03   1.2192218e+03   9.0865727e+02   9.8243752e+02   1.2261189e+03   1.1765292e+03   1.0230765e+03   1.0953649e+03   1.2608041e+03   1.1001845e+03   9.4061110e+02   1.0065610e+03   1.0236877e+03   8.2819442e+02   9.0064400e+02   1.0537902e+03   1.0600261e+03   9.4721167e+02
   9.6397887e+02   7.4556470e+02   8.8778437e+02   8.5673468e+02   8.7823557e+02   9.5613696e+02   6.8338777e+02   8.6171200e+02   1.0349616e+03   9.0015464e+02   9.8298958e+02   9.7182619e+02   9.5177679e+02   1.1038082e+03   8.4862158e+02   9.6686471e+02   7.1111016e+02   8.3209489e+02   8.9559018e+02   9.8209220e+02   9.7363157e+02   8.1013039e+02   9.1446449e+02   9.3079785e+02   9.2556404e+02   7.4220069e+02   6.4073812e+02   9.4924121e+02   9.3861171e+02   9.3742040e+02
   6.0066026e+02   6.9547466e+02   6.2715268e+02   6.4996953e+02   6.2398565e+02   8.7118334e+02   6.4330015e+02   7.2095547e+02   8.0007565e+02   4.8018061e+02   5.6162953e+02   7.1550253e+02   6.5080483e+02   8.0716501e+02   6.8747040e+02   6.7154948e+02   6.4551193e+02   6.2275195e+02   7.8406527e+02   6.3572953e+02   7.3101934e+02   6.0572766e+02   6.5149831e+02   4.5554786e+02   6.1877069e+02   6.4843883e+02   5.8223768e+02   5.4982137e+02   7.4845675e+02   6.4831628e+02
   4.9725624e+02   4.6633417e+02   3.7985656e+02   3.8907840e+02   5.1287781e+02   4.4159021e+02   3.8426673e+02   4.5229541e+02   5.3230891e+02   4.4474695e+02   4.1149669e+02   4.5510815e+02   4.3559646e+02   2.7535673e+02   4.5046350e+02   4.0287200e+02   3.8807882e+02   3.6923560e+02   4.5561187e+02   5.3052620e+02   4.4633113e+02   4.5799425e+02   4.0237676e+02   3.9586896e+02   4.2989937e+02   3.6529614e+02   4.0525479e+02   4.5575454e+02   4.5650468e+02   4.7316204e+02
   3.0755243e+02   2.5616757e+02   2.9098697e+02   2.7202294e+02   2.7978692e+02   2.2808904e+02   2.8958178e+02   2.5607285e+02   3.2864522e+02   2.9489707e+02   2.8464835e+02   2.8999752e+02   2.8026542e+02   2.2660361e+02   2.4273739e+02   2.8750931e+02   2.6370571e+02   2.4140164e+02   2.2844880e+02   2.6347679e+02   2.1751101e+02   2.8331411e+02   2.5547033e+02   2.5160718e+02   2.7958378e+02   2.6388615e+02   2.6178554e+02   2.4271870e+02   2.5876944e+02   2.9867217e+02
   1.9383139e+02   1.6399742e+02   1.4837991e+02   1.7901684e+02   1.8889588e+02   1.7144585e+02   2.1934511e+02   2.0008048e+02   2.0781701e+02   2.0606196e+02   1.7067000e+02   2.1582220e+02   2.0841534e+02   1.8391191e+02   1.6911227e+02   1.9681788e+02   1.8053825e+02   1.7579916e+02   1.5618047e+02   1.5375956e+02   1.8585577e+02   2.1684145e+02   1.8298028e+02   1.6669984e+02   1.7243519e+02   1.7613406e+02   1.8850188e+02   1.3883663e+02   1.6079646e+02   1.7697832e+02
   1.4439683e+02   1.4086210e+02   1.3775094e+02   1.4496936e+02   1.1140710e+02   1.2208242e+02   1.4378231e+02   1.4072257e+02   1.4369445e+02   1.4252601e+02   1.4383619e+02   1.4255069e+02   1.3274030e+02   1.4604650e+02   1.2548132e+02   1.2099357e+02   1.1244441e+02   1.3203937e+02   1.2438589e+02   1.0720408e+02   1.3855322e+02   1.3314677e+02   1.1683356e+02   1.4080340e+02   1.3566623e+02   1.3214476e+02   1.3585589e+02   1.2592969e+02   1.2303633e+02   1.4572472e+02
   1.1617024e+02   1.1228567e+02   1.0869263e+02   1.1773078e+02   9.7882716e+01   1.0322966e+02   1.2235603e+02   1.1995409e+02   1.0289828e+02   9.6949550e+01   1.1510492e+02   1.0897573e+02   9.7651776e+01   1.1364486e+02   9.4968858e+01   1.0898767e+02   9.5784715e+01   9.4027929e+01   9.4624012e+01   7.8151834e+01   1.1442097e+02   9.8134811e+01   1.0395554e+02   9.0553814e+01   1.0168470e+02   1.0342373e+02   1.0534102e+02   9.2000920e+01   1.0014162e+02   1.2385204e+02
   6.0180423e+01   4.5581995e+01   5.3257684e+01   6.0154093e+01   5.4493803e+01   6.2530850e+01   6.0792723e+01   5.8724517e+01   6.1076941e+01   6.0378449e+01   5.4332298e+01   5.2548279e+01   5.9333423e+01   5.3861815e+01   5.7991716e+01   6.3028030e+01   5.4818727e+01   6.4690294e+01   6.0311656e+01   5.4773242e+01   5.5391359e+01   5.7341550e+01   4.7706922e+01   5.5301132e+01   5.2795183e+01   5.8794915e+01   6.0887076e+01   5.0541758e+01   5.7656786e+01   5.6364537e+01
   3.5355198e+01   3.4692945e+01   2.9153664e+01   3.0478823e+01   3.1700072e+01   3.2078509e+01   3.6759727e+01   3.6392535e+01   3.6803859e+01   3.1969460e+01   3.4895362e+01   3.7000454e+01   3.7142926e+01   3.1005586e+01   3.6868543e+01   3.3176314e+01   3.2504794e+01   3.7998317e+01   3.0078282e+01   3.4862911e+01   3.4923368e+01   3.5143700e+01   3.1156500e+01   3.2942213e+01   3.3901410e+01   3.5717421e+01   3.6709565e+01   3.6020689e+01   3.3146022e+01   3.2414736e+01
   2.5232704e+01   2.2427297e+01   2.3198212e+01   2.2476274e+01   2.5874415e+01   2.4058824e+01   2.7598916e+01   2.6896007e+01   2.5969827e+01   2.5830221e+01   2.6327709e+01   2.4326892e+01   2.8316911e+01   2.6684588e+01   2.6948954e+01   2.6196464e+01   2.5623705e+01   2.6024440e+01   2.4523791e+01   2.3609860e+01   2.5155600e+01   2.4097509e+01   2.4544117e+01   2.4946223e+01   2.3476736e+01   2.3429411e+01   2.6620318e+01   2.5593154e+01   2.6842501e+01   2.5081231e+01
   2.0570132e+01   2.0877026e+01   2.1259343e+01   2.1358806e+01   2.1422248e+01   2.1432511e+01   2.1621058e+01   2.1794177e+01   2.1834870e+01   2.1914233e+01   2.1997474e+01   2.2050852e+01   2.2333956e+01   2.2363972e+01   2.2365974e+01   2.2403323e+01   2.2403883e+01   2.2411174e+01   2.2449002e+01   2.2498079e+01   2.2664755e+01   2.2748493e+01   2.2766618e+01   2.2818464e+01   2.2833204e+01   2.2844120e+01   2.2963259e+01   2.3173515e+01   2.3988223e+01   2.4219318e+01
