   7.2315563e+04   2.4050037e+04   6.4406550e+04   1.0695438e+05   8.6452922e+04   2.7608030e+04   7.8126387e+04   4.0196183e+04   6.7618948e+03   3.3701031e+04   3.4684779e+04   6.8677179e+04   1.2265659e+04   7.6104981e+04   1.4749384e+04   7.7237493e+04   6.3335052e+02   1.2051683e+04   7.8925799e+04   2.1677688e+04   9.3424978e+04   2.0623845e+04   2.2831940e+04   1.0738019e+05   3.5343059e+04   2.1455157e+04   1.8707694e+04   1.3681775e+04   6.3688037e+04   9.0695294e+04
   3.8720365e+03   2.4050037e+04   6.4406550e+04   1.0302937e+05   8.6452922e+04   2.4701271e+04   7.4985330e+04   4.0196183e+04   6.7618948e+03   1.9458937e+04   3.1727848e+04   6.8677179e+04   1.2265659e+04   6.2206110e+04   1.4678881e+04   7.6621878e+04   6.3335052e+02   8.7392265e+03   7.9244247e+03   2.0468255e+04   9.3424978e+04   2.0533821e+04   1.8543974e+04   1.0730693e+05   2.7858747e+04   2.1455157e+04   1.8271051e+04   1.2417366e+04   6.2111754e+04   9.0695294e+04
   3.8720365e+03   1.9068038e+04   6.4406550e+04   5.7082353e+04   3.4587757e+04   2.3521042e+04   3.9670905e+04   4.0196183e+04   6.7618948e+03   1.9458937e+04   4.3554027e+03   6.8677179e+04   7.4411051e+03   6.2206110e+04   1.4678881e+04   6.8643937e+04   5.2838920e+02   8.7392265e+03   7.9244247e+03   2.0468255e+04   9.3424978e+04   1.5413256e+04   1.8543974e+04   4.9526158e+03   2.7858747e+04   2.1178922e+04   1.8271051e+04   1.2417366e+04   6.2111754e+04   4.4425904e+03
   3.8720365e+03   1.9068038e+04   6.4406550e+04   5.7082353e+04   3.4572018e+04   2.3521042e+04   2.4789208e+04   3.9513300e+04   6.7618948e+03   1.9458937e+04   4.3554027e+03   6.8677179e+04   7.4411051e+03   6.2206110e+04   1.2979557e+04   1.3972951e+03   5.2838920e+02   8.7392265e+03   6.4960799e+03   2.0468255e+04   9.3424978e+04   8.9031385e+03   1.8543974e+04   4.9526158e+03   1.6786966e+04   2.1178922e+04   1.7860485e+04   1.0120964e+04   6.0419584e+04   4.4425904e+03
   3.8593469e+03   1.3942906e+04   3.4396034e+04   4.8141485e+04   2.6516384e+04   2.3515409e+04   6.9072658e+03   3.1940213e+04   5.8151616e+03   1.8386953e+04   4.3554027e+03   3.2424644e+04   5.0606262e+03   7.1001463e+03   8.0388364e+02   1.3928198e+03   5.1308005e+02   6.1319516e+03   6.2179906e+03   8.0224433e+03   7.5831205e+03   8.9031385e+03   1.8515061e+04   4.9526158e+03   1.6767950e+04   6.2835665e+03   1.4575368e+04   7.8361916e+02   2.6716636e+04   4.2301894e+03
   2.9853532e+03   6.8218503e+02   4.5672295e+03   9.3277314e+03   2.2667679e+04   9.2238731e+03   1.7175987e+03   1.9823514e+03   4.3286248e+03   9.8071459e+03   4.2577883e+03   8.2613513e+03   4.4872852e+03   4.7469570e+03   7.9994666e+02   1.1438294e+03   5.1308005e+02   3.2963748e+03   7.6443009e+02   7.9316806e+03   7.4286693e+03   4.7077487e+03   1.6621019e+04   3.7936335e+03   2.2169536e+03   6.2747242e+03   6.5019066e+03   6.9344933e+02   0.0000000e+00   2.3099268e+03
   0.0000000e+00   6.8218503e+02   6.9101199e+01   9.2347043e+01   1.2177981e+03   7.2252628e+02   1.5667667e+03   4.6727682e+02   0.0000000e+00   1.7875995e+03   0.0000000e+00   2.1125301e+03   1.0521400e+03   3.2306464e+03   7.1288431e+02   2.3901538e+02   0.0000000e+00   1.8276480e+03   5.7250271e+02   3.1984977e+03   6.1593947e+03   3.5533619e+03   5.8339964e+03   1.5128871e+03   0.0000000e+00   6.2736526e+03   3.4013296e+02   4.7764251e+02   0.0000000e+00   1.2042888e+03
   0.0000000e+00   0.0000000e+00   0.0000000e+00   0.0000000e+00   0.0000000e+00   9.3951468e+01   4.1080321e+02   0.0000000e+00   0.0000000e+00   1.5555155e+03   0.0000000e+00   8.0724014e+02   0.0000000e+00   0.0000000e+00   0.0000000e+00   0.0000000e+00   0.0000000e+00   0.0000000e+00   0.0000000e+00   0.0000000e+00   0.0000000e+00   2.2428995e+02   0.0000000e+00   0.0000000e+00   0.0000000e+00   1.3923654e+02   0.0000000e+00   1.4715603e+02   0.0000000e+00   5.5907403e+01
   0.0000000e+00   0.0000000e+00   0.0000000e+00   0.0000000e+00   0.0000000e+00   0.0000000e+00   0.0000000e+00   0.0000000e+00   0.0000000e+00   0.0000000e+00   0.0000000e+00   0.0000000e+00   0.0000000e+00   0.0000000e+00   0.0000000e+00   0.0000000e+00   0.0000000e+00   0.0000000e+00   0.0000000e+00   0.0000000e+00   0.0000000e+00   0.0000000e+00   0.0000000e+00   0.0000000e+00   0.0000000e+00   0.0000000e+00   0.0000000e+00   0.0000000e+00   0.0000000e+00   0.0000000e+00
   0.0000000e+00   0.0000000e+00   0.0000000e+00   0.0000000e+00   0.0000000e+00   0.0000000e+00   0.0000000e+00   0.0000000e+00   0.0000000e+00   0.0000000e+00   0.0000000e+00   0.0000000e+00   0.0000000e+00   0.0000000e+00   0.0000000e+00   0.0000000e+00   0.0000000e+00   0.0000000e+00   0.0000000e+00   0.0000000e+00   0.0000000e+00   0.0000000e+00   0.0000000e+00   0.0000000e+00   0.0000000e+00   0.0000000e+00   0.0000000e+00   0.0000000e+00   0.0000000e+00   0.0000000e+00
   0.0000000e+00   0.0000000e+00   0.0000000e+00   0.0000000e+00   0.0000000e+00   0.0000000e+00   0.0000000e+00   0.0000000e+00   0.0000000e+00   0.0000000e+00   0.0000000e+00   0.0000000e+00   0.0000000e+00   0.0000000e+00   0.0000000e+00   0.0000000e+00   0.0000000e+00   0.0000000e+00   0.0000000e+00   0.0000000e+00   0.0000000e+00   0.0000000e+00   0.0000000e+00   0.0000000e+00   0.0000000e+00   0.0000000e+00   0.0000000e+00   0.0000000e+00   0.0000000e+00   0.0000000e+00
   0.0000000e+00   0.0000000e+00   0.0000000e+00   0.0000000e+00   0.0000000e+00   0.0000000e+00   0.0000000e+00   0.0000000e+00   0.0000000e+00   0.0000000e+00   0.0000000e+00   0.0000000e+00   0.0000000e+00   0.0000000e+00   0.0000000e+00   0.0000000e+00   0.0000000e+00   0.0000000e+00   0.0000000e+00   0.0000000e+00   0.0000000e+00   0.0000000e+00   0.0000000e+00   0.0000000e+00   0.0000000e+00   0.0000000e+00   0.0000000e+00   0.0000000e+00   0.0000000e+00   0.0000000e+00
   0.0000000e+00   0.0000000e+00   0.0000000e+00   0.0000000e+00   0.0000000e+00   0.0000000e+00   0.0000000e+00   0.0000000e+00   0.0000000e+00   0.0000000e+00   0.0000000e+00   0.0000000e+00   0.0000000e+00   0.0000000e+00   0.0000000e+00   0.0000000e+00   0.0000000e+00   0.0000000e+00   0.0000000e+00   0.0000000e+00   0.0000000e+00   0.0000000e+00   0.0000000e+00   0.0000000e+00   0.0000000e+00   0.0000000e+00   0.0000000e+00   0.0000000e+00   0.0000000e+00   0.0000000e+00
   0.0000000e+00   0.0000000e+00   0.0000000e+00   0.0000000e+00   0.0000000e+00   0.0000000e+00   0.0000000e+00   0.0000000e+00   0.0000000e+00   0.0000000e+00   0.0000000e+00   0.0000000e+00   0.0000000e+00   0.0000000e+00   0.0000000e+00   0.0000000e+00   0.0000000e+00   0.0000000e+00   0.0000000e+00   0.0000000e+00   0.0000000e+00   0.0000000e+00   0.0000000e+00   0.0000000e+00   0.0000000e+00   0.0000000e+00   0.0000000e+00   0.0000000e+00   0.0000000e+00   0.0000000e+00
   0.0000000e+00   0.0000000e+00   0.0000000e+00   0.0000000e+00   0.0000000e+00   0.0000000e+00   0.0000000e+00   0.0000000e+00   0.0000000e+00   0.0000000e+00   0.0000000e+00   0.0000000e+00   0.0000000e+00   0.0000000e+00   0.0000000e+00   0.0000000e+00   0.0000000e+00   0.0000000e+00   0.0000000e+00   0.0000000e+00   0.0000000e+00   0.0000000e+00   0.0000000e+00   0.0000000e+00   0.0000000e+00   0.0000000e+00   0.0000000e+00   0.0000000e+00   0.0000000e+00   0.0000000e+00
   0.0000000e+00   0.0000000e+00   0.0000000e+00   0.0000000e+00   0.0000000e+00   0.0000000e+00   0.0000000e+00   0.0000000e+00   0.0000000e+00   0.0000000e+00   0.0000000e+00   0.0000000e+00   0.0000000e+00   0.0000000e+00   0.0000000e+00   0.0000000e+00   0.0000000e+00   0.0000000e+00   0.0000000e+00   0.0000000e+00   0.0000000e+00   0.0000000e+00   0.0000000e+00   0.0000000e+00   0.0000000e+00   0.0000000e+00   0.0000000e+00   0.0000000e+00   0.0000000e+00   0.0000000e+00
