   1.6685292e+03   1.1879965e+03   1.1173083e+03   6.8487301e+02   1.6187893e+03   1.1938749e+03   1.1976761e+03   1.4682000e+03   1.4485422e+03   8.7208396e+02   1.3235035e+03   1.2370463e+03   1.2687582e+03   1.1938749e+03   9.8192871e+02   1.1601902e+03   9.5436432e+02   1.4847177e+03   9.4223210e+02   1.3200618e+03   1.7905201e+03   7.6360926e+02   1.6962580e+03   5.4507316e+02   1.0987794e+03   1.5102652e+03   8.6271228e+02   1.4358348e+03   1.4403917e+03   1.4820637e+03
   1.4707541e+03   1.1879965e+03   1.0049385e+03   6.8487301e+02   1.5883714e+03   1.1938749e+03   1.1976761e+03   1.4682000e+03   1.4485422e+03   8.5313447e+02   1.3010303e+03   1.2370463e+03   1.2263065e+03   1.1938749e+03   9.8192871e+02   1.1601902e+03   9.5436432e+02   1.4847177e+03   9.4223210e+02   1.3200618e+03   1.7905201e+03   4.6783711e+02   1.6962580e+03   5.4433394e+02   1.0987794e+03   1.3988260e+03   8.6271228e+02   1.4204883e+03   1.4403917e+03   1.4820637e+03
   1.4707541e+03   1.1521229e+03   1.0049385e+03   6.8487301e+02   8.3212251e+02   1.1166225e+03   1.1976761e+03   1.0374877e+03   1.2751278e+03   8.5313447e+02   5.8948585e+02   1.0978862e+03   1.2191011e+03   1.1166225e+03   9.8018916e+02   7.2369177e+02   9.5436432e+02   1.1002979e+03   8.4107890e+02   1.2197737e+03   1.5484384e+03   4.6783711e+02   1.5009926e+03   5.4433394e+02   1.0984915e+03   1.3988260e+03   8.5944141e+02   1.4204883e+03   1.4306130e+03   1.3018436e+03
   1.0000591e+03   9.8253588e+02   9.2716435e+02   6.8487301e+02   8.2578249e+02   6.9967589e+02   7.0650069e+02   9.7368143e+02   1.0629875e+03   8.5313447e+02   5.8948585e+02   8.1606161e+02   4.0788194e+02   6.9967589e+02   9.8018916e+02   7.1693310e+02   9.3007011e+02   9.5415944e+02   8.4107890e+02   9.5655228e+02   1.2903523e+03   4.6783263e+02   1.0856426e+03   5.4433394e+02   8.8475357e+02   1.2201763e+03   8.5327371e+02   1.1939135e+03   1.0682407e+03   1.0938296e+03
   7.5158120e+02   6.2619764e+02   9.2716435e+02   6.8487301e+02   2.4246806e+02   5.0520090e+02   3.4681177e+02   9.4498710e+02   8.6546663e+02   8.4506190e+02   5.8948585e+02   8.1606161e+02   4.0300898e+02   5.0520090e+02   9.5554127e+02   2.2931748e+02   7.6012693e+02   8.9476267e+02   3.3957827e+02   5.6148998e+02   1.2359544e+03   4.6783263e+02   8.0503988e+02   5.3161257e+02   6.0878086e+02   8.4771317e+02   8.0534535e+02   1.0919987e+03   6.9549133e+02   9.5414593e+02
   5.2036345e+02   3.5282949e+02   7.4700387e+02   1.1340080e+02   1.4417374e+02   3.9735285e+02   3.3830162e+02   6.4782951e+02   4.5929217e+02   2.6701268e+02   1.4247344e+02   4.8471626e+02   4.0300898e+02   3.9735285e+02   4.5170715e+02   0.0000000e+00   7.8179520e+01   6.3059752e+02   2.4138543e+02   3.2065416e+02   3.3061443e+02   3.6602066e+02   4.3429229e+02   4.1298102e+02   1.6565348e+01   0.0000000e+00   3.7509826e+02   3.3053080e+02   3.0419984e+02   2.6218593e+02
   1.4161957e+02   1.6175332e+02   0.0000000e+00   8.4084124e+01   0.0000000e+00   2.6323751e+02   1.8128069e+02   1.0608431e+02   1.3749713e+02   5.6301927e+01   0.0000000e+00   3.0889830e+02   2.4659660e+02   2.6323751e+02   5.3581297e+01   0.0000000e+00   2.2780093e+01   5.1283193e+01   0.0000000e+00   0.0000000e+00   1.4430773e+02   1.3522945e+02   0.0000000e+00   2.0177588e+02   1.6565348e+01   0.0000000e+00   0.0000000e+00   1.6366452e+02   0.0000000e+00   0.0000000e+00
   0.0000000e+00   0.0000000e+00   0.0000000e+00   0.0000000e+00   0.0000000e+00   0.0000000e+00   0.0000000e+00   0.0000000e+00   0.0000000e+00   0.0000000e+00   0.0000000e+00   0.0000000e+00   0.0000000e+00   0.0000000e+00   0.0000000e+00   0.0000000e+00   0.0000000e+00   0.0000000e+00   0.0000000e+00   0.0000000e+00   0.0000000e+00   0.0000000e+00   0.0000000e+00   0.0000000e+00   0.0000000e+00   0.0000000e+00   0.0000000e+00   0.0000000e+00   0.0000000e+00   0.0000000e+00
   0.0000000e+00   0.0000000e+00   0.0000000e+00   0.0000000e+00   0.0000000e+00   0.0000000e+00   0.0000000e+00   0.0000000e+00   0.0000000e+00   0.0000000e+00   0.0000000e+00   0.0000000e+00   0.0000000e+00   0.0000000e+00   0.0000000e+00   0.0000000e+00   0.0000000e+00   0.0000000e+00   0.0000000e+00   0.0000000e+00   0.0000000e+00   0.0000000e+00   0.0000000e+00   0.0000000e+00   0.0000000e+00   0.0000000e+00   0.0000000e+00   0.0000000e+00   0.0000000e+00   0.0000000e+00
   0.0000000e+00   0.0000000e+00   0.0000000e+00   0.0000000e+00   0.0000000e+00   0.0000000e+00   0.0000000e+00   0.0000000e+00   0.0000000e+00   0.0000000e+00   0.0000000e+00   0.0000000e+00   0.0000000e+00   0.0000000e+00   0.0000000e+00   0.0000000e+00   0.0000000e+00   0.0000000e+00   0.0000000e+00   0.0000000e+00   0.0000000e+00   0.0000000e+00   0.0000000e+00   0.0000000e+00   0.0000000e+00   0.0000000e+00   0.0000000e+00   0.0000000e+00   0.0000000e+00   0.0000000e+00
   0.0000000e+00   0.0000000e+00   0.0000000e+00   0.0000000e+00   0.0000000e+00   0.0000000e+00   0.0000000e+00   0.0000000e+00   0.0000000e+00   0.0000000e+00   0.0000000e+00   0.0000000e+00   0.0000000e+00   0.0000000e+00   0.0000000e+00   0.0000000e+00   0.0000000e+00   0.0000000e+00   0.0000000e+00   0.0000000e+00   0.0000000e+00   0.0000000e+00   0.0000000e+00   0.0000000e+00   0.0000000e+00   0.0000000e+00   0.0000000e+00   0.0000000e+00   0.0000000e+00   0.0000000e+00
   0.0000000e+00   0.0000000e+00   0.0000000e+00   0.0000000e+00   0.0000000e+00   0.0000000e+00   0.0000000e+00   0.0000000e+00   0.0000000e+00   0.0000000e+00   0.0000000e+00   0.0000000e+00   0.0000000e+00   0.0000000e+00   0.0000000e+00   0.0000000e+00   0.0000000e+00   0.0000000e+00   0.0000000e+00   0.0000000e+00   0.0000000e+00   0.0000000e+00   0.0000000e+00   0.0000000e+00   0.0000000e+00   0.0000000e+00   0.0000000e+00   0.0000000e+00   0.0000000e+00   0.0000000e+00
   0.0000000e+00   0.0000000e+00   0.0000000e+00   0.0000000e+00   0.0000000e+00   0.0000000e+00   0.0000000e+00   0.0000000e+00   0.0000000e+00   0.0000000e+00   0.0000000e+00   0.0000000e+00   0.0000000e+00   0.0000000e+00   0.0000000e+00   0.0000000e+00   0.0000000e+00   0.0000000e+00   0.0000000e+00   0.0000000e+00   0.0000000e+00   0.0000000e+00   0.0000000e+00   0.0000000e+00   0.0000000e+00   0.0000000e+00   0.0000000e+00   0.0000000e+00   0.0000000e+00   0.0000000e+00
   0.0000000e+00   0.0000000e+00   0.0000000e+00   0.0000000e+00   0.0000000e+00   0.0000000e+00   0.0000000e+00   0.0000000e+00   0.0000000e+00   0.0000000e+00   0.0000000e+00   0.0000000e+00   0.0000000e+00   0.0000000e+00   0.0000000e+00   0.0000000e+00   0.0000000e+00   0.0000000e+00   0.0000000e+00   0.0000000e+00   0.0000000e+00   0.0000000e+00   0.0000000e+00   0.0000000e+00   0.0000000e+00   0.0000000e+00   0.0000000e+00   0.0000000e+00   0.0000000e+00   0.0000000e+00
   0.0000000e+00   0.0000000e+00   0.0000000e+00   0.0000000e+00   0.0000000e+00   0.0000000e+00   0.0000000e+00   0.0000000e+00   0.0000000e+00   0.0000000e+00   0.0000000e+00   0.0000000e+00   0.0000000e+00   0.0000000e+00   0.0000000e+00   0.0000000e+00   0.0000000e+00   0.0000000e+00   0.0000000e+00   0.0000000e+00   0.0000000e+00   0.0000000e+00   0.0000000e+00   0.0000000e+00   0.0000000e+00   0.0000000e+00   0.0000000e+00   0.0000000e+00   0.0000000e+00   0.0000000e+00
   0.0000000e+00   0.0000000e+00   0.0000000e+00   0.0000000e+00   0.0000000e+00   0.0000000e+00   0.0000000e+00   0.0000000e+00   0.0000000e+00   0.0000000e+00   0.0000000e+00   0.0000000e+00   0.0000000e+00   0.0000000e+00   0.0000000e+00   0.0000000e+00   0.0000000e+00   0.0000000e+00   0.0000000e+00   0.0000000e+00   0.0000000e+00   0.0000000e+00   0.0000000e+00   0.0000000e+00   0.0000000e+00   0.0000000e+00   0.0000000e+00   0.0000000e+00   0.0000000e+00   0.0000000e+00
