   7.3978944e+07   5.7394292e+07   1.7689061e+07   6.9345824e+07   5.3678168e+07   1.2441641e+08   6.3173886e+07   5.6883762e+07   1.0682213e+08   8.7625353e+07   2.8924758e+07   1.2645583e+08   1.7474302e+07   5.4742109e+07   8.9226598e+07   1.2809528e+08   8.1477597e+07   5.2910100e+07   1.5043295e+07   3.2545325e+07   1.4054330e+07   9.3995440e+07   7.1648946e+07   4.4389638e+07   1.2658324e+08   4.8970769e+07   2.5424966e+07   4.5286862e+07   7.6758567e+07   7.0261464e+07
   5.3552500e+07   5.7394292e+07   1.5902121e+07   6.9345824e+07   4.2074225e+07   1.1327580e+08   5.8835740e+07   4.3701181e+07   7.4037525e+07   7.7606598e+07   2.8924747e+07   1.2645583e+08   1.7474302e+07   5.4742109e+07   8.9226598e+07   1.2056517e+08   5.2227574e+07   5.2910100e+07   1.5043295e+07   3.2545325e+07   1.4054330e+07   7.2803166e+07   7.1287921e+07   4.4389638e+07   1.1091252e+08   4.8970769e+07   1.4138236e+07   4.5286862e+07   7.6758567e+07   7.0261464e+07
   2.8928971e+07   5.7393969e+07   1.5902121e+07   6.9345824e+07   3.7123656e+07   8.8626284e+07   4.6378478e+07   4.3701181e+07   6.0127315e+07   1.7634971e+07   2.8924747e+07   1.2645583e+08   1.6901278e+07   4.4840170e+07   5.2953666e+07   6.3027815e+07   2.0735242e+07   5.0563725e+07   8.8152176e+06   3.2545325e+07   1.4054330e+07   5.1892188e+07   7.1287921e+07   4.4389638e+07   1.0809582e+08   4.8970769e+07   1.4138236e+07   4.2765309e+07   7.6757932e+07   7.0261464e+07
   1.7925586e+07   2.6874095e+07   1.5901985e+07   5.0772921e+07   3.6290771e+07   4.9543579e+07   4.6378478e+07   4.2708139e+07   4.5183674e+07   6.1762940e+06   2.3099524e+07   1.2645579e+08   1.4593123e+07   4.4840170e+07   5.1322449e+07   1.9341140e+07   2.0734848e+07   4.6053106e+07   7.6511939e+06   1.8573039e+07   1.4054330e+07   3.9353716e+07   4.0796790e+07   2.5652395e+07   7.1425706e+07   2.7056298e+07   1.4138236e+07   3.9518486e+07   3.6174073e+07   4.1354653e+07
   1.5336789e+07   9.0682230e+06   9.2479837e+06   3.6901989e+07   5.7091981e+06   2.0965202e+07   3.3983118e+07   3.7432798e+07   4.5183674e+07   6.1762285e+06   1.5416264e+07   7.5157997e+07   1.2743209e+07   1.5495381e+07   3.6787176e+07   5.1467917e+06   9.4056751e+06   1.4227515e+07   6.7660763e+06   1.8573016e+07   1.4054330e+07   3.8850952e+07   1.2864722e+07   1.2322536e+07   2.8397223e+07   1.1735994e+07   9.6088881e+06   8.7986502e+06   1.8845785e+07   4.0522703e+07
   1.1335839e+07   6.9763511e+06   6.9551478e+06   1.5243931e+07   5.7091981e+06   4.9897594e+06   1.7293945e+07   3.1029540e+07   1.2830725e+07   5.6793614e+06   9.2465357e+06   1.4676960e+07   4.2620497e+06   3.6345292e+06   9.6517228e+06   5.1110552e+06   6.5193017e+06   4.0212672e+06   4.5301154e+06   2.9254835e+06   1.3611980e+07   6.0661212e+06   2.3486680e+06   1.2000383e+07   8.4357741e+06   1.1735994e+07   6.5775659e+06   3.7885050e+06   1.4110642e+07   9.5427329e+06
   4.7482309e+06   1.0773339e+06   2.1145497e+06   3.4695335e+06   4.7229927e+06   4.7666753e+06   2.0336344e+06   7.6426856e+06   3.6308970e+06   2.6118461e+06   1.7795899e+06   7.9235045e+06   3.2520462e+06   2.8832508e+06   8.0388572e+05   5.1109983e+06   2.1730944e+06   1.8576554e+06   2.9577785e+06   2.5610688e+06   3.3869484e+06   3.2015141e+06   8.4944483e+05   5.6908813e+06   3.1434510e+06   2.3206809e+06   2.9613833e+06   2.2233408e+06   4.5590492e+06   3.6241476e+06
   6.8425417e+05   1.0770291e+06   1.4152074e+06   1.4912873e+06   8.6400225e+05   9.5842676e+05   9.5812503e+05   3.0157334e+06   7.2184391e+05   1.6659934e+06   1.3336780e+06   8.8894619e+05   1.2086340e+06   8.0260437e+05   6.1295498e+05   1.6225355e+06   1.6232845e+06   7.4043079e+05   1.2837423e+06   1.4393292e+06   1.4496502e+06   1.2145290e+06   8.4943466e+05   1.8173039e+06   5.9073814e+05   4.1935271e+05   1.4025752e+06   1.2803139e+06   6.8276410e+05   1.9793518e+06
   6.3041226e+05   1.0765424e+06   5.9033341e+05   4.2292409e+05   7.5044004e+05   5.3961955e+05   1.9954836e+05   5.9226501e+05   4.1600452e+05   3.2373208e+05   7.2110386e+05   4.8291594e+05   4.9273181e+05   1.9565884e+05   5.4009274e+05   6.4410845e+05   1.3914785e+05   4.1137137e+05   2.5983412e+05   2.2430692e+05   2.8672865e+05   3.4490536e+05   2.1220015e+05   6.6889452e+05   1.2525476e+05   2.1972472e+05   7.5548255e+05   7.3358897e+05   3.5432875e+05   2.7394487e+05
   1.5943729e+05   1.3903181e+05   1.9894143e+05   1.1398041e+05   2.5181654e+05   1.7476721e+05   6.0231492e+04   1.3131033e+05   1.4740991e+05   1.7731075e+05   1.3976898e+05   1.4409852e+05   2.1707885e+05   1.6818398e+05   1.0994955e+05   1.0154845e+05   6.2111638e+04   1.5630874e+05   2.2974494e+05   1.9441765e+05   1.1436551e+05   1.9008710e+05   1.4445812e+05   5.1726490e+04   1.2445699e+05   8.2799329e+04   7.9979504e+04   2.3237617e+05   7.1789131e+04   7.5264643e+04
   7.5104995e+04   6.2447871e+04   1.0452141e+05   5.4510849e+04   3.5228700e+04   6.2187166e+04   4.0701271e+04   3.4034441e+04   4.6758123e+04   2.1956365e+04   3.6880823e+04   5.0035630e+04   2.9627238e+04   2.6567021e+04   4.1888237e+04   4.0241636e+04   3.4594887e+04   3.2818139e+04   5.7104814e+04   1.4700040e+04   4.6922068e+04   4.5547776e+04   2.2595135e+04   2.8177939e+04   4.3175506e+04   4.9466689e+04   7.9673325e+04   6.4501261e+04   4.1076464e+04   4.7003641e+04
   7.5905355e+03   1.0809448e+04   5.9526273e+03   1.0216708e+04   1.1648375e+04   9.6305827e+03   1.1342555e+04   1.0090320e+04   1.3858748e+04   1.6633548e+04   8.3476574e+03   1.0527374e+04   6.2428179e+03   8.0440574e+03   1.1562978e+04   1.0582935e+04   7.1595670e+03   1.1876083e+04   1.2141011e+04   1.3675949e+04   1.1218415e+04   8.8706031e+03   1.2803284e+04   8.1691299e+03   1.0640512e+04   1.2419749e+04   1.0340577e+04   2.4471289e+04   1.0395991e+04   1.1633568e+04
   6.1477001e+02   8.5700021e+02   7.2354786e+02   5.5275989e+02   7.5297293e+02   4.4461631e+02   7.7119176e+02   3.9367687e+02   1.2316979e+03   8.5787071e+02   7.1137894e+02   7.3655712e+02   4.8748760e+02   5.5769151e+02   6.7837458e+02   1.0278763e+03   4.1245967e+02   8.0356357e+02   6.0955609e+02   6.9556459e+02   6.2077667e+02   8.7887577e+02   9.2978329e+02   7.7645208e+02   1.0582977e+03   7.6024606e+02   5.3656812e+02   7.1295486e+02   6.3997038e+02   9.2825324e+02
   2.4407612e+02   4.4249163e+02   2.6593088e+02   3.6471693e+02   3.0236360e+02   1.4007050e+02   2.3703082e+02   2.3546639e+02   5.1185959e+02   2.9690713e+02   2.5369599e+02   3.0312910e+02   1.9094744e+02   2.4102464e+02   5.0604652e+02   5.0729070e+02   2.3041015e+02   2.4305541e+02   3.2007345e+02   4.9671755e+02   3.1898689e+02   4.6147023e+02   4.3060590e+02   3.5404021e+02   4.1665426e+02   5.0434872e+02   3.2168844e+02   5.1906617e+02   3.9365790e+02   4.1426186e+02
   1.4018597e+02   2.8384314e+02   1.9455650e+02   2.7234978e+02   1.6014916e+02   1.2577768e+02   1.5918813e+02   1.1680491e+02   1.1329416e+02   1.4148652e+02   1.6992185e+02   2.0232469e+02   9.5784463e+01   1.5257937e+02   1.8078219e+02   3.0495443e+02   1.5166800e+02   1.5313044e+02   2.0304571e+02   2.2483008e+02   1.8545311e+02   3.2923322e+02   3.3379513e+02   1.8729061e+02   2.5467463e+02   2.0458519e+02   2.8984615e+02   2.6965533e+02   3.0291833e+02   3.8750985e+02
   5.4257583e+00   1.0157071e+01   1.1063592e+01   1.1168950e+01   1.4426528e+01   1.5122644e+01   1.8255625e+01   1.9433954e+01   5.4701002e+01   7.4040481e+01   7.4219680e+01   7.5006389e+01   9.1160732e+01   9.5820802e+01   1.0062647e+02   1.0236711e+02   1.0625348e+02   1.0788301e+02   1.0929118e+02   1.1209864e+02   1.2623066e+02   1.2669300e+02   1.4197209e+02   1.7226710e+02   1.7710041e+02   1.8416029e+02   2.3456009e+02   2.4787835e+02   2.5746569e+02   2.6395539e+02
