   7.7611170e+09   1.2349097e+10   1.0818284e+10   8.9386997e+09   7.0901394e+09   1.2944113e+10   8.2513563e+09   1.2770027e+10   9.0301211e+09   1.0041131e+10   1.0054812e+10   1.1715538e+10   1.0319605e+10   9.4069289e+09   1.0729686e+10   5.5037886e+09   6.8015309e+09   5.2891797e+09   7.6676661e+09   1.2441234e+10   1.0417736e+10   1.0690114e+10   1.0236798e+10   1.0767892e+10   1.0130037e+10   7.2191700e+09   9.6535301e+09   1.1756096e+10   1.1063294e+10   6.4399474e+09
   6.6931742e+09   1.0445005e+10   8.9124864e+09   8.0581955e+09   7.0901394e+09   8.3483213e+09   7.6633611e+09   1.2759415e+10   9.0301211e+09   9.7968550e+09   1.0054812e+10   1.0893065e+10   9.7010327e+09   9.4069289e+09   1.0275262e+10   5.4437408e+09   5.8471420e+09   5.2040348e+09   7.6676661e+09   1.1192069e+10   1.0417736e+10   1.0690114e+10   1.0236798e+10   1.0767892e+10   1.0130037e+10   7.2191700e+09   9.6123498e+09   1.1491939e+10   1.1063294e+10   6.4399474e+09
   6.5715568e+09   8.9850783e+09   8.9124864e+09   7.7168655e+09   7.0901394e+09   8.3483213e+09   6.8374616e+09   1.0650131e+10   8.8603135e+09   8.5536030e+09   8.7591809e+09   6.8781656e+09   9.5969833e+09   8.8648422e+09   1.0275262e+10   5.4437408e+09   5.8471420e+09   5.2040348e+09   7.6676661e+09   1.0972594e+10   1.0417736e+10   1.0690114e+10   1.0236798e+10   1.0767892e+10   9.4289227e+09   7.2191700e+09   9.4332373e+09   1.1491939e+10   1.1063294e+10   6.4399474e+09
   6.0564522e+09   8.5997258e+09   8.6921829e+09   7.3621527e+09   4.9161646e+09   6.8514331e+09   6.8374616e+09   1.0650131e+10   8.6685294e+09   8.5536030e+09   8.7591809e+09   6.8781656e+09   9.0114187e+09   8.0643509e+09   5.9966288e+09   5.4437408e+09   5.2097432e+09   4.9934845e+09   7.6624071e+09   1.0322393e+10   1.0412142e+10   1.0578850e+10   1.0236798e+10   1.0767892e+10   9.4289227e+09   7.2191700e+09   9.0603868e+09   1.1491939e+10   1.1026925e+10   6.1245479e+09
   4.9695492e+09   4.8798371e+09   7.7490993e+09   7.3621527e+09   4.9161646e+09   6.8514331e+09   6.8283744e+09   9.8246134e+09   8.2285270e+09   7.4142808e+09   7.4858659e+09   6.8475697e+09   8.0489837e+09   6.5036613e+09   5.9754419e+09   5.4437408e+09   3.8229282e+09   4.4610651e+09   6.1164007e+09   9.8963845e+09   3.7220945e+09   1.0371398e+10   3.1688677e+09   7.7991335e+09   5.8454662e+09   6.8881977e+09   6.5696424e+09   1.0027755e+10   4.8003238e+09   6.1245479e+09
   4.7591705e+09   4.7932473e+09   7.1438052e+09   5.1322605e+09   4.8306508e+09   5.9153023e+09   4.6569244e+09   7.7234762e+09   7.2802559e+09   4.5142485e+09   5.1852607e+09   3.6796354e+09   4.6588582e+09   5.5587903e+09   5.5225934e+09   4.2992648e+09   3.1047734e+09   3.9900089e+09   5.7234481e+09   6.7889607e+09   3.4679824e+09   6.7988121e+09   3.1591327e+09   5.9699237e+09   5.4000730e+09   4.1327292e+09   6.5696424e+09   7.8564843e+09   4.8003237e+09   3.4660074e+09
   4.1640138e+09   3.8675178e+09   1.9242336e+09   4.8927564e+09   2.8611826e+09   2.5109079e+09   4.4350034e+09   7.0346345e+09   4.9940428e+09   3.9089902e+09   3.6397790e+09   3.3783040e+09   3.2722428e+09   5.1068173e+09   3.5984843e+09   3.9899247e+09   2.8968276e+09   3.3218706e+09   4.1837317e+09   2.1331589e+09   3.4679824e+09   3.3452072e+09   3.1436410e+09   4.1550759e+09   2.1954421e+09   3.9630574e+09   4.0323037e+09   4.0896804e+09   2.5807589e+09   3.0190324e+09
   1.7456048e+09   2.4568489e+09   1.2676898e+09   1.5923707e+09   1.4806877e+09   1.0018240e+09   1.8933719e+09   1.4745081e+09   2.6447654e+09   2.3717773e+09   3.3335822e+09   3.0366487e+09   1.6505696e+09   1.9968158e+09   2.5733501e+09   2.7086959e+09   1.0272551e+09   3.0573161e+09   1.4678523e+09   1.9432766e+09   2.1438017e+09   7.3478282e+08   1.5985823e+09   2.5449522e+09   1.7507184e+09   2.6777957e+09   2.5980862e+09   1.9476433e+09   2.2564281e+09   1.7666655e+09
   8.1764115e+08   7.2569477e+08   1.1472416e+09   8.2125588e+08   1.1416332e+09   6.9248479e+08   5.3654117e+08   1.3290599e+09   1.9534138e+09   1.3087370e+09   8.7008999e+08   1.1591826e+09   6.8352436e+08   9.8723715e+08   9.7605018e+08   7.8285118e+08   5.5466239e+08   1.1958871e+09   1.0602878e+09   7.9131091e+08   8.7680751e+08   6.8483963e+08   1.0825386e+09   1.0661178e+09   9.3988827e+08   1.2318817e+09   1.1848319e+09   7.9051405e+08   1.2697466e+09   9.7425896e+08
   2.3967943e+08   3.9079095e+08   1.5915801e+08   1.8860915e+08   3.4285396e+08   2.0932796e+08   3.3147709e+08   1.5355178e+08   3.2615581e+08   3.0390669e+08   4.4753601e+08   4.0877942e+08   3.0405228e+08   2.6049412e+08   2.6257147e+08   2.6135052e+08   1.5583767e+08   4.8954323e+08   2.4969299e+08   2.6927935e+08   3.3620754e+08   4.0477062e+08   3.3104258e+08   3.9355546e+07   2.7597459e+08   3.1951257e+08   4.1908032e+08   3.0967105e+08   3.4176963e+08   1.8996557e+08
   2.5557910e+07   5.6083068e+07   2.4111280e+07   3.6327573e+07   2.3486906e+07   4.6221522e+07   2.9028125e+07   3.4693540e+07   2.5693534e+07   3.7393996e+07   2.6751533e+07   3.4668997e+07   4.5255320e+07   9.7285089e+06   2.7587959e+07   3.6354155e+07   2.8870490e+07   2.2901077e+07   2.1113157e+07   3.2150497e+07   2.9276732e+07   2.1405277e+07   3.3394156e+07   2.6058446e+07   3.5111745e+07   2.3293573e+07   5.8331182e+07   1.5595588e+07   1.8752427e+07   3.7985784e+07
   0.0000000e+00   0.0000000e+00   0.0000000e+00   0.0000000e+00   0.0000000e+00   0.0000000e+00   0.0000000e+00   0.0000000e+00   0.0000000e+00   0.0000000e+00   0.0000000e+00   0.0000000e+00   0.0000000e+00   0.0000000e+00   0.0000000e+00   0.0000000e+00   0.0000000e+00   0.0000000e+00   0.0000000e+00   0.0000000e+00   0.0000000e+00   0.0000000e+00   0.0000000e+00   0.0000000e+00   0.0000000e+00   0.0000000e+00   0.0000000e+00   0.0000000e+00   0.0000000e+00   0.0000000e+00
   0.0000000e+00   0.0000000e+00   0.0000000e+00   0.0000000e+00   0.0000000e+00   0.0000000e+00   0.0000000e+00   0.0000000e+00   0.0000000e+00   0.0000000e+00   0.0000000e+00   0.0000000e+00   0.0000000e+00   0.0000000e+00   0.0000000e+00   0.0000000e+00   0.0000000e+00   0.0000000e+00   0.0000000e+00   0.0000000e+00   0.0000000e+00   0.0000000e+00   0.0000000e+00   0.0000000e+00   0.0000000e+00   0.0000000e+00   0.0000000e+00   0.0000000e+00   0.0000000e+00   0.0000000e+00
   0.0000000e+00   0.0000000e+00   0.0000000e+00   0.0000000e+00   0.0000000e+00   0.0000000e+00   0.0000000e+00   0.0000000e+00   0.0000000e+00   0.0000000e+00   0.0000000e+00   0.0000000e+00   0.0000000e+00   0.0000000e+00   0.0000000e+00   0.0000000e+00   0.0000000e+00   0.0000000e+00   0.0000000e+00   0.0000000e+00   0.0000000e+00   0.0000000e+00   0.0000000e+00   0.0000000e+00   0.0000000e+00   0.0000000e+00   0.0000000e+00   0.0000000e+00   0.0000000e+00   0.0000000e+00
   0.0000000e+00   0.0000000e+00   0.0000000e+00   0.0000000e+00   0.0000000e+00   0.0000000e+00   0.0000000e+00   0.0000000e+00   0.0000000e+00   0.0000000e+00   0.0000000e+00   0.0000000e+00   0.0000000e+00   0.0000000e+00   0.0000000e+00   0.0000000e+00   0.0000000e+00   0.0000000e+00   0.0000000e+00   0.0000000e+00   0.0000000e+00   0.0000000e+00   0.0000000e+00   0.0000000e+00   0.0000000e+00   0.0000000e+00   0.0000000e+00   0.0000000e+00   0.0000000e+00   0.0000000e+00
   0.0000000e+00   0.0000000e+00   0.0000000e+00   0.0000000e+00   0.0000000e+00   0.0000000e+00   0.0000000e+00   0.0000000e+00   0.0000000e+00   0.0000000e+00   0.0000000e+00   0.0000000e+00   0.0000000e+00   0.0000000e+00   0.0000000e+00   0.0000000e+00   0.0000000e+00   0.0000000e+00   0.0000000e+00   0.0000000e+00   0.0000000e+00   0.0000000e+00   0.0000000e+00   0.0000000e+00   0.0000000e+00   0.0000000e+00   0.0000000e+00   0.0000000e+00   0.0000000e+00   0.0000000e+00
