   5.8426589e+03   5.4392294e+03   5.7540190e+03   5.9858867e+03   5.0089744e+03   5.6535910e+03   5.5351866e+03   5.5315022e+03   5.9934261e+03   5.9828042e+03   6.1374389e+03   5.5588404e+03   5.7305758e+03   5.6825205e+03   5.6339988e+03   5.8129461e+03   5.8804412e+03   5.6313169e+03   5.8269395e+03   5.4400582e+03   5.0628273e+03   4.9642824e+03   5.2551897e+03   5.4121825e+03   5.4817238e+03   5.5038017e+03   5.6905281e+03   5.4666990e+03   5.6483831e+03   6.0188870e+03
   5.8426589e+03   5.4392294e+03   5.7540190e+03   5.9492834e+03   4.9363861e+03   5.6535910e+03   5.5351866e+03   5.5315022e+03   5.9934261e+03   5.9828042e+03   5.3855281e+03   5.5588404e+03   5.4101102e+03   5.6368784e+03   5.6339988e+03   5.7010830e+03   5.3371838e+03   5.5301218e+03   5.8269395e+03   5.2935297e+03   5.0628273e+03   4.9642824e+03   5.2551897e+03   5.4121825e+03   5.4817238e+03   5.4926871e+03   5.6905281e+03   5.4666990e+03   5.6109817e+03   6.0188870e+03
   4.7059204e+03   5.4392294e+03   5.3429893e+03   5.8347974e+03   4.9363861e+03   5.2761423e+03   5.4749407e+03   4.6860629e+03   5.9226684e+03   5.6700698e+03   5.3855281e+03   5.4671009e+03   5.4101102e+03   5.6368784e+03   5.1740387e+03   5.4892324e+03   5.3371838e+03   5.2191385e+03   5.6341591e+03   5.2935297e+03   4.8201203e+03   4.2545468e+03   5.2551897e+03   4.9836950e+03   5.1581794e+03   5.4926871e+03   5.5213227e+03   5.4666990e+03   5.3283558e+03   5.8203697e+03
   4.7059204e+03   5.2026585e+03   4.8197152e+03   4.2401705e+03   4.9363861e+03   5.2699749e+03   4.9395568e+03   4.5431332e+03   5.6214086e+03   5.4908969e+03   5.3855281e+03   5.3822777e+03   5.4101102e+03   5.2455067e+03   4.9734312e+03   5.0912337e+03   5.0670865e+03   5.2191385e+03   5.2875383e+03   5.2935297e+03   4.8201203e+03   4.2545468e+03   5.0330923e+03   4.3016396e+03   4.9259092e+03   4.9737718e+03   5.5176992e+03   5.2600361e+03   5.3283558e+03   5.6497832e+03
   4.5274464e+03   4.9751745e+03   3.9385660e+03   4.2401705e+03   4.9363861e+03   4.8615263e+03   4.7201392e+03   4.5431332e+03   4.9940384e+03   5.0162143e+03   5.0899278e+03   4.8032911e+03   4.7986984e+03   5.0618625e+03   4.7519169e+03   4.9011819e+03   4.8688686e+03   5.1008058e+03   5.0456775e+03   4.3287293e+03   4.8201203e+03   4.2545468e+03   4.5630400e+03   4.3016396e+03   4.5056756e+03   4.9445110e+03   4.6612862e+03   4.8508649e+03   4.8880039e+03   5.1416567e+03
   3.9005755e+03   4.4201732e+03   3.8211430e+03   4.0491005e+03   4.3643111e+03   4.5617116e+03   4.4832421e+03   4.1567452e+03   4.7818553e+03   4.0410789e+03   4.1074260e+03   4.1367398e+03   4.2158040e+03   4.3885340e+03   3.9852622e+03   4.2946086e+03   3.7307382e+03   4.2624748e+03   4.4367277e+03   3.6714502e+03   4.6288534e+03   4.1483942e+03   4.0162171e+03   4.1300078e+03   4.0936460e+03   4.4491741e+03   4.6612862e+03   4.1987957e+03   4.1986115e+03   4.4493381e+03
   3.4899355e+03   3.5385609e+03   3.5882992e+03   3.6488435e+03   3.9758276e+03   4.0376322e+03   3.7336206e+03   3.5325807e+03   3.8019066e+03   3.7655545e+03   3.5653804e+03   3.7818837e+03   3.7729850e+03   3.6657115e+03   3.5661019e+03   3.5127464e+03   3.3537667e+03   3.2587934e+03   3.9579348e+03   3.5493636e+03   4.0325331e+03   3.8892281e+03   3.8971623e+03   4.0077931e+03   3.6394895e+03   3.9208155e+03   3.7824640e+03   3.7225925e+03   4.0079826e+03   4.0162922e+03
   2.8666893e+03   3.4631425e+03   2.8414647e+03   2.9964071e+03   3.4161455e+03   3.4636134e+03   3.2644361e+03   3.4084705e+03   3.2485490e+03   3.3756301e+03   3.0082581e+03   3.1016597e+03   3.4978396e+03   3.2724663e+03   3.3045470e+03   3.5092456e+03   2.9788118e+03   3.2408972e+03   3.2981224e+03   3.0243598e+03   3.5680276e+03   3.1255281e+03   3.0229158e+03   2.8403403e+03   3.4244398e+03   3.2379056e+03   3.1570602e+03   3.0966353e+03   3.2575008e+03   3.4963088e+03
   2.2862257e+03   2.8925253e+03   2.5960198e+03   2.5276191e+03   2.8472149e+03   2.8381279e+03   2.6051695e+03   3.0374091e+03   2.5452182e+03   2.6257695e+03   2.3782836e+03   2.4972192e+03   2.9792585e+03   2.8261279e+03   2.8918089e+03   2.9363596e+03   2.5214050e+03   2.7233655e+03   3.0171440e+03   2.5945540e+03   2.7167851e+03   2.7789557e+03   2.4891721e+03   2.4148387e+03   2.4703339e+03   2.1818669e+03   2.8031456e+03   2.8349035e+03   2.9722314e+03   2.7869336e+03
   2.2225913e+03   2.1509202e+03   2.3257965e+03   2.1430930e+03   2.2916049e+03   2.4106237e+03   2.3964758e+03   2.3736626e+03   2.3098030e+03   2.2452973e+03   2.1008073e+03   2.1780761e+03   2.1794955e+03   2.0782504e+03   2.4003792e+03   2.3171159e+03   2.3273049e+03   2.1031321e+03   2.2058266e+03   2.3291949e+03   2.4572046e+03   2.2304520e+03   1.8255314e+03   2.3677642e+03   2.2628497e+03   2.1692383e+03   1.9672421e+03   2.3493413e+03   2.4662883e+03   2.4142974e+03
   1.5771462e+03   1.7078215e+03   1.8155307e+03   1.8656993e+03   1.8424629e+03   2.0433335e+03   1.9128755e+03   1.7708880e+03   1.8829288e+03   1.9285570e+03   1.9125688e+03   1.4938557e+03   1.9612073e+03   1.5908314e+03   1.9267231e+03   2.0445004e+03   1.8093609e+03   1.6033198e+03   1.9890374e+03   1.8780057e+03   1.9640867e+03   1.2636487e+03   1.7133008e+03   1.7113618e+03   1.6195969e+03   1.7230554e+03   1.7980571e+03   1.8043724e+03   1.8644184e+03   1.9479725e+03
   1.1459459e+03   1.3137946e+03   1.0517626e+03   1.4384798e+03   1.4617680e+03   1.6053806e+03   1.5757354e+03   1.3815722e+03   1.4218507e+03   1.5154464e+03   1.5688340e+03   1.4515962e+03   1.5445112e+03   1.3131351e+03   1.6509109e+03   1.6415751e+03   1.3060019e+03   1.2114511e+03   1.5221002e+03   1.6056941e+03   1.5617680e+03   1.1599315e+03   1.1822243e+03   1.4039783e+03   1.3795049e+03   1.5111782e+03   1.4927293e+03   1.4252357e+03   1.4456186e+03   1.4951553e+03
   4.7814303e+01   5.6205145e+01   6.9819462e+01   4.4948893e+01   4.7507255e+01   4.6259108e+01   4.0359375e+01   2.6243561e+01   4.5213841e+01   3.9555424e+01   5.3538593e+01   6.1384967e+01   6.3032859e+01   4.2263220e+01   3.9241872e+01   6.7548889e+01   4.0261295e+01   4.2655989e+01   7.6038482e+01   5.0597710e+01   6.3875136e+01   6.3402441e+01   2.5426224e+01   2.6271365e+01   7.6337890e+01   4.5675287e+01   6.9632075e+01   6.0979796e+01   5.9021303e+01   6.0802278e+01
   0.0000000e+00   0.0000000e+00   0.0000000e+00   0.0000000e+00   0.0000000e+00   0.0000000e+00   0.0000000e+00   0.0000000e+00   0.0000000e+00   0.0000000e+00   0.0000000e+00   0.0000000e+00   0.0000000e+00   0.0000000e+00   0.0000000e+00   0.0000000e+00   0.0000000e+00   0.0000000e+00   0.0000000e+00   0.0000000e+00   0.0000000e+00   0.0000000e+00   0.0000000e+00   0.0000000e+00   0.0000000e+00   0.0000000e+00   0.0000000e+00   0.0000000e+00   0.0000000e+00   0.0000000e+00
   0.0000000e+00   0.0000000e+00   0.0000000e+00   0.0000000e+00   0.0000000e+00   0.0000000e+00   0.0000000e+00   0.0000000e+00   0.0000000e+00   0.0000000e+00   0.0000000e+00   0.0000000e+00   0.0000000e+00   0.0000000e+00   0.0000000e+00   0.0000000e+00   0.0000000e+00   0.0000000e+00   0.0000000e+00   0.0000000e+00   0.0000000e+00   0.0000000e+00   0.0000000e+00   0.0000000e+00   0.0000000e+00   0.0000000e+00   0.0000000e+00   0.0000000e+00   0.0000000e+00   0.0000000e+00
   0.0000000e+00   0.0000000e+00   0.0000000e+00   0.0000000e+00   0.0000000e+00   0.0000000e+00   0.0000000e+00   0.0000000e+00   0.0000000e+00   0.0000000e+00   0.0000000e+00   0.0000000e+00   0.0000000e+00   0.0000000e+00   0.0000000e+00   0.0000000e+00   0.0000000e+00   0.0000000e+00   0.0000000e+00   0.0000000e+00   0.0000000e+00   0.0000000e+00   0.0000000e+00   0.0000000e+00   0.0000000e+00   0.0000000e+00   0.0000000e+00   0.0000000e+00   0.0000000e+00   0.0000000e+00
