   3.9454068e+10   4.6571009e+10   4.8467411e+10   4.5897138e+10   4.7128775e+10   3.2996566e+10   2.3801517e+10   3.2661924e+10   4.1582924e+10   3.9571987e+10   4.3310280e+10   4.8736517e+10   4.0481843e+10   3.2996566e+10   4.0826781e+10   4.0146257e+10   4.2016022e+10   4.6277425e+10   4.0910673e+10   4.1496966e+10   4.2588887e+10   2.6423881e+10   4.6188736e+10   4.2814165e+10   4.3054417e+10   4.8025991e+10   4.1571503e+10   3.6056782e+10   5.7128800e+10   5.3770040e+10
   3.9454068e+10   4.6571009e+10   4.7670894e+10   4.5897138e+10   4.7128775e+10   3.2443665e+10   2.3694732e+10   3.2000603e+10   4.1407974e+10   3.9571987e+10   4.3310280e+10   4.8736517e+10   4.0476153e+10   3.2443665e+10   4.0826781e+10   4.0146257e+10   4.2016022e+10   4.6277425e+10   4.0910673e+10   4.1496966e+10   4.2588887e+10   2.6423881e+10   4.6188736e+10   4.2814165e+10   4.3054417e+10   4.8025991e+10   4.1386022e+10   3.6056782e+10   5.7128800e+10   5.3770040e+10
   3.9454068e+10   4.6571009e+10   4.7670894e+10   4.5571620e+10   4.7128775e+10   3.2443665e+10   2.3030112e+10   3.1680650e+10   4.1407974e+10   3.8535442e+10   4.3310280e+10   4.8736517e+10   4.0476153e+10   3.2443665e+10   4.0826781e+10   3.9891793e+10   4.2016022e+10   4.5664173e+10   4.0910673e+10   3.9725514e+10   4.2588887e+10   2.6008928e+10   4.5412088e+10   4.1240812e+10   4.1988076e+10   4.8025991e+10   4.1386022e+10   3.5275019e+10   5.7128800e+10   5.0267862e+10
   3.9450481e+10   4.6114012e+10   4.6735576e+10   4.5154352e+10   4.2957918e+10   3.2090767e+10   2.3030112e+10   3.1680650e+10   4.1407974e+10   3.8535442e+10   4.1429615e+10   4.8403699e+10   4.0476153e+10   3.2090767e+10   4.0193371e+10   3.9559485e+10   4.1956793e+10   4.5664173e+10   4.0910673e+10   3.5727814e+10   4.2377893e+10   2.6008928e+10   4.4300303e+10   4.0292165e+10   4.1988076e+10   4.7583325e+10   4.1124723e+10   3.4424100e+10   5.7128800e+10   4.6481039e+10
   3.5631378e+10   3.4135717e+10   4.4898323e+10   3.5665588e+10   4.0370536e+10   2.9759542e+10   2.2232151e+10   3.1110344e+10   2.7362012e+10   2.9200069e+10   4.1429615e+10   4.1959627e+10   3.8018036e+10   2.9759542e+10   3.9183363e+10   3.9408792e+10   4.1543256e+10   4.3589007e+10   3.3542337e+10   3.5727814e+10   3.2695330e+10   2.5963540e+10   2.9819596e+10   3.5628700e+10   4.1277081e+10   4.1576307e+10   4.0388370e+10   3.4147344e+10   4.8857856e+10   4.2528794e+10
   1.9040794e+10   3.2979923e+10   2.1799054e+10   3.3409041e+10   3.7091792e+10   2.5914139e+10   2.1930837e+10   2.2902838e+10   2.6736671e+10   2.1948573e+10   3.4932528e+10   3.9778864e+10   2.4085592e+10   2.5914139e+10   3.3619305e+10   3.0537496e+10   3.7616378e+10   3.8715832e+10   3.3542337e+10   2.5696852e+10   3.2243932e+10   2.4395825e+10   2.9535752e+10   3.1462653e+10   2.9065825e+10   3.3972455e+10   3.3183383e+10   3.1874201e+10   3.7057593e+10   2.7467738e+10
   1.6574116e+10   1.8036055e+10   2.0739646e+10   2.5831852e+10   2.5221703e+10   1.9288964e+10   1.5600204e+10   1.6289359e+10   2.3339892e+10   2.0720333e+10   2.8188102e+10   2.6351367e+10   2.3586529e+10   1.9288964e+10   2.6346868e+10   2.0914091e+10   2.4729557e+10   2.2021637e+10   2.2507040e+10   2.4098691e+10   1.8138925e+10   2.0445832e+10   1.8937999e+10   1.8184645e+10   2.6273418e+10   2.0482653e+10   2.5501809e+10   2.5568591e+10   1.5561470e+10   2.0500648e+10
   7.7250537e+09   9.9441943e+09   8.6824910e+09   1.1466674e+10   1.5087575e+10   1.1759251e+10   7.8502440e+09   1.2710446e+10   1.2585644e+10   1.0675274e+10   1.4466342e+10   1.1382253e+10   1.3294440e+10   1.1759251e+10   1.2105393e+10   1.7181095e+10   1.4582705e+10   9.1193513e+09   1.1671559e+10   1.3530042e+10   8.7786570e+09   1.5116298e+10   1.2007309e+10   9.7329958e+09   9.6226329e+09   1.3584658e+10   1.4686436e+10   1.0244202e+10   1.4018106e+10   1.2848580e+10
   3.0987112e+09   3.0633258e+09   2.7689398e+09   4.4649302e+09   3.6660681e+09   3.4856376e+09   2.4780452e+09   3.5080922e+09   2.9866868e+09   3.1069475e+09   4.0972931e+09   5.6558298e+09   4.5514051e+09   3.4856376e+09   2.9723872e+09   2.1657947e+09   3.3255353e+09   3.9597355e+09   2.6231957e+09   3.5840070e+09   3.4650695e+09   2.9480466e+09   4.0067810e+09   3.3317690e+09   3.2949715e+09   4.8780676e+09   3.6001874e+09   3.4836825e+09   4.0238907e+09   4.7848471e+09
   3.9213685e+08   4.0689443e+08   3.5242971e+08   4.7060894e+08   4.5294375e+08   5.1431403e+08   3.3436037e+08   3.4446758e+08   3.1012487e+08   4.8721897e+08   2.7100389e+08   4.3996929e+08   3.9193160e+08   5.1431403e+08   3.9382208e+08   4.8119012e+08   4.3787051e+08   4.1263359e+08   3.4944590e+08   3.9036282e+08   3.3253323e+08   4.0024649e+08   3.6719849e+08   3.8288740e+08   3.5436103e+08   6.0639907e+08   4.5124400e+08   3.7572589e+08   4.7128578e+08   6.7879378e+08
   6.3996579e+06   5.8098267e+06   7.2301046e+06   8.2470504e+06   7.7169579e+06   8.1127637e+06   4.7185341e+06   4.8375690e+06   6.2975375e+06   4.7881866e+06   5.7140894e+06   8.1755284e+06   8.0297411e+06   8.1127637e+06   4.6780333e+06   4.4218248e+06   3.8487352e+06   6.0461110e+06   5.1659318e+06   1.1784714e+07   7.0548224e+06   4.7691387e+06   5.8623922e+06   6.2880836e+06   5.0080767e+06   8.1289522e+06   4.9807550e+06   6.2261392e+06   8.0919509e+06   7.5657204e+06
   0.0000000e+00   0.0000000e+00   0.0000000e+00   0.0000000e+00   0.0000000e+00   0.0000000e+00   0.0000000e+00   0.0000000e+00   0.0000000e+00   0.0000000e+00   0.0000000e+00   0.0000000e+00   0.0000000e+00   0.0000000e+00   0.0000000e+00   0.0000000e+00   0.0000000e+00   0.0000000e+00   0.0000000e+00   0.0000000e+00   0.0000000e+00   0.0000000e+00   0.0000000e+00   0.0000000e+00   0.0000000e+00   0.0000000e+00   0.0000000e+00   0.0000000e+00   2.0115007e+02   3.2512402e+02
   0.0000000e+00   0.0000000e+00   0.0000000e+00   0.0000000e+00   0.0000000e+00   0.0000000e+00   0.0000000e+00   0.0000000e+00   0.0000000e+00   0.0000000e+00   0.0000000e+00   0.0000000e+00   0.0000000e+00   0.0000000e+00   0.0000000e+00   0.0000000e+00   0.0000000e+00   0.0000000e+00   0.0000000e+00   0.0000000e+00   0.0000000e+00   0.0000000e+00   0.0000000e+00   0.0000000e+00   0.0000000e+00   0.0000000e+00   0.0000000e+00   0.0000000e+00   0.0000000e+00   0.0000000e+00
   0.0000000e+00   0.0000000e+00   0.0000000e+00   0.0000000e+00   0.0000000e+00   0.0000000e+00   0.0000000e+00   0.0000000e+00   0.0000000e+00   0.0000000e+00   0.0000000e+00   0.0000000e+00   0.0000000e+00   0.0000000e+00   0.0000000e+00   0.0000000e+00   0.0000000e+00   0.0000000e+00   0.0000000e+00   0.0000000e+00   0.0000000e+00   0.0000000e+00   0.0000000e+00   0.0000000e+00   0.0000000e+00   0.0000000e+00   0.0000000e+00   0.0000000e+00   0.0000000e+00   0.0000000e+00
   0.0000000e+00   0.0000000e+00   0.0000000e+00   0.0000000e+00   0.0000000e+00   0.0000000e+00   0.0000000e+00   0.0000000e+00   0.0000000e+00   0.0000000e+00   0.0000000e+00   0.0000000e+00   0.0000000e+00   0.0000000e+00   0.0000000e+00   0.0000000e+00   0.0000000e+00   0.0000000e+00   0.0000000e+00   0.0000000e+00   0.0000000e+00   0.0000000e+00   0.0000000e+00   0.0000000e+00   0.0000000e+00   0.0000000e+00   0.0000000e+00   0.0000000e+00   0.0000000e+00   0.0000000e+00
   0.0000000e+00   0.0000000e+00   0.0000000e+00   0.0000000e+00   0.0000000e+00   0.0000000e+00   0.0000000e+00   0.0000000e+00   0.0000000e+00   0.0000000e+00   0.0000000e+00   0.0000000e+00   0.0000000e+00   0.0000000e+00   0.0000000e+00   0.0000000e+00   0.0000000e+00   0.0000000e+00   0.0000000e+00   0.0000000e+00   0.0000000e+00   0.0000000e+00   0.0000000e+00   0.0000000e+00   0.0000000e+00   0.0000000e+00   0.0000000e+00   0.0000000e+00   0.0000000e+00   0.0000000e+00
