   3.9158851e+02   4.5090315e+02   5.6664768e+02   4.4913260e+02   6.2642289e+02   5.3441783e+02   5.8250983e+02   5.3239945e+02   5.8287723e+02   4.9877340e+02   5.1934655e+02   5.3771006e+02   5.0162100e+02   4.9950112e+02   5.7792837e+02   5.6259730e+02   5.9957333e+02   5.8962831e+02   5.8075899e+02   5.1216212e+02   5.9775706e+02   5.6656256e+02   5.4076903e+02   6.3114707e+02   5.1681598e+02   4.5488474e+02   5.1043349e+02   4.8405062e+02   5.1456302e+02   6.1450881e+02
   3.9158851e+02   4.4403877e+02   5.6664768e+02   4.3331170e+02   5.8415850e+02   5.3315348e+02   5.8235386e+02   5.3135488e+02   4.9105680e+02   4.9845534e+02   5.1254015e+02   5.3771006e+02   4.5646082e+02   4.9896094e+02   5.3334085e+02   5.6093092e+02   5.3447941e+02   5.3747642e+02   5.1133934e+02   4.6981164e+02   5.0920768e+02   5.4459099e+02   5.1504372e+02   6.3114707e+02   5.0782521e+02   4.2122664e+02   4.9286208e+02   4.6969014e+02   5.0916261e+02   6.1450881e+02
   3.9158851e+02   4.3207038e+02   5.4216373e+02   4.3331170e+02   5.8415850e+02   5.2771036e+02   5.8235386e+02   4.6685749e+02   4.9105680e+02   4.5348470e+02   5.1254015e+02   5.2615728e+02   4.4942743e+02   4.9896094e+02   5.3334085e+02   5.1200900e+02   5.3447941e+02   5.3279301e+02   4.9026856e+02   4.6981164e+02   5.0920768e+02   5.4417244e+02   5.1504372e+02   6.2262620e+02   5.0782521e+02   4.2122664e+02   4.3968903e+02   4.6969014e+02   5.0916261e+02   6.1446699e+02
   3.8080635e+02   4.3207038e+02   5.1462966e+02   4.3331170e+02   5.8276301e+02   4.8342616e+02   5.2307735e+02   4.6685749e+02   4.9105680e+02   4.5348470e+02   5.1254015e+02   4.9041444e+02   4.2376500e+02   4.9320318e+02   5.2423069e+02   5.1200900e+02   5.3447941e+02   5.2874194e+02   4.8236291e+02   4.6981164e+02   5.0920768e+02   5.4406627e+02   4.8958608e+02   6.1850632e+02   5.0782521e+02   4.2122664e+02   4.2563488e+02   4.4942112e+02   5.0916261e+02   5.8895021e+02
   3.7014338e+02   4.2363064e+02   4.7050496e+02   4.2171662e+02   5.3437291e+02   4.7417004e+02   5.1113820e+02   4.6685749e+02   4.1207244e+02   4.3818373e+02   5.1254015e+02   4.7427063e+02   4.1141163e+02   4.2701251e+02   5.0349064e+02   4.8364093e+02   4.8331865e+02   4.8824076e+02   4.8205529e+02   4.5541569e+02   4.5270448e+02   5.0409940e+02   4.6435915e+02   4.8192689e+02   5.0083255e+02   4.1985176e+02   4.1533136e+02   4.1791633e+02   4.4023584e+02   5.3969558e+02
   3.0992269e+02   4.0290072e+02   4.6828589e+02   4.2171662e+02   4.6584624e+02   4.7417004e+02   4.6605610e+02   4.2656707e+02   4.1207244e+02   4.3807704e+02   4.8697486e+02   4.6585317e+02   3.8097319e+02   4.1158754e+02   4.5791401e+02   4.6893822e+02   4.6012905e+02   4.6145592e+02   4.6235186e+02   4.5479154e+02   4.2383402e+02   4.8738094e+02   4.1188790e+02   4.7125630e+02   4.7742518e+02   4.1738423e+02   4.1354323e+02   4.1273526e+02   4.3308910e+02   5.3969558e+02
   2.9037775e+02   3.4226734e+02   4.5006208e+02   4.1989022e+02   3.6855170e+02   4.0911891e+02   4.0691285e+02   4.1486789e+02   3.4013083e+02   4.1831893e+02   4.6067408e+02   4.4098561e+02   3.8097319e+02   4.0831685e+02   3.7754689e+02   4.2674911e+02   4.5622137e+02   4.3962785e+02   4.2350314e+02   4.2968788e+02   3.5339378e+02   4.3989565e+02   3.9516928e+02   4.3784933e+02   4.5094763e+02   4.1606614e+02   4.1354323e+02   2.9154084e+02   4.3308910e+02   4.7319928e+02
   2.7020851e+02   3.4177941e+02   4.2720738e+02   4.0300490e+02   2.6850060e+02   4.0365286e+02   2.7652578e+02   3.4587050e+02   2.4412698e+02   4.1583125e+02   2.9917031e+02   4.0757519e+02   3.6155782e+02   3.5835651e+02   3.6423455e+02   3.4533190e+02   3.9463044e+02   3.8739088e+02   4.2055297e+02   3.4430880e+02   3.3067110e+02   3.5341542e+02   3.3028995e+02   4.0350554e+02   4.0481487e+02   4.1002540e+02   4.0062382e+02   2.4283521e+02   3.3940612e+02   4.1348480e+02
   2.4095962e+02   2.7237028e+02   3.6228769e+02   3.4044808e+02   2.0375694e+02   3.1983012e+02   2.1542875e+02   2.6305102e+02   2.3017315e+02   3.6284705e+02   2.3113743e+02   3.9228719e+02   3.5250110e+02   2.7314528e+02   3.2412652e+02   2.6928452e+02   3.5592096e+02   3.4686502e+02   3.2826499e+02   2.9140661e+02   3.1423470e+02   2.5004027e+02   3.1167825e+02   2.9437354e+02   2.4430810e+02   3.8906868e+02   3.1918464e+02   2.1160169e+02   2.9670349e+02   2.5622689e+02
   1.8023536e+02   2.5810691e+02   2.6699489e+02   2.4636948e+02   1.8297062e+02   2.7082480e+02   1.9552788e+02   2.5005952e+02   2.0207642e+02   3.1265896e+02   1.9026297e+02   2.7825886e+02   3.1766293e+02   2.1054130e+02   2.4699191e+02   1.9103809e+02   2.5821432e+02   3.1505173e+02   2.9736077e+02   2.8021928e+02   1.6266891e+02   2.0913877e+02   1.7402054e+02   2.5728678e+02   2.2191452e+02   3.6186663e+02   2.8064591e+02   1.9558739e+02   2.4080439e+02   2.4776939e+02
   1.7665422e+02   2.4067154e+02   2.2908613e+02   2.1293588e+02   1.6383568e+02   2.5384835e+02   1.8694338e+02   2.2805420e+02   1.9996135e+02   2.4355559e+02   1.7602166e+02   2.3134844e+02   3.0314536e+02   1.7529817e+02   2.2754446e+02   1.8086873e+02   2.1619241e+02   2.4188727e+02   2.4937528e+02   2.4302203e+02   1.3248084e+02   1.9965970e+02   1.5703938e+02   2.1680216e+02   2.0201954e+02   3.4174707e+02   2.6269413e+02   1.6404133e+02   2.2923616e+02   2.4216614e+02
   1.6958110e+02   2.0494672e+02   2.0571768e+02   2.0843087e+02   1.3418439e+02   2.1879275e+02   1.7812402e+02   2.2577471e+02   1.5078801e+02   2.3585374e+02   1.6043128e+02   2.1984962e+02   2.5535258e+02   1.7483706e+02   1.7791746e+02   1.4811413e+02   2.0345140e+02   2.0494282e+02   2.0713291e+02   1.7010703e+02   1.3243348e+02   1.7934688e+02   1.5164038e+02   2.0263750e+02   1.8759920e+02   3.0939980e+02   2.5728648e+02   1.6330586e+02   2.1798163e+02   2.4216614e+02
   1.4415701e+02   1.8637717e+02   1.9360075e+02   2.0110694e+02   1.2159909e+02   1.9278492e+02   1.5482749e+02   2.1334211e+02   1.2625461e+02   2.2552164e+02   1.3353428e+02   1.8425869e+02   1.9019843e+02   1.7479557e+02   1.6610495e+02   1.3652744e+02   1.8514093e+02   1.9206517e+02   1.9345702e+02   1.6294378e+02   1.2771048e+02   1.6998044e+02   1.4547797e+02   1.7800855e+02   1.7471720e+02   2.8173636e+02   2.4402382e+02   1.6053797e+02   2.0888799e+02   2.3918063e+02
   1.3534281e+02   1.3384568e+02   1.7721445e+02   1.9454648e+02   1.0538964e+02   1.6413382e+02   1.1865997e+02   1.8685297e+02   1.0859684e+02   2.0633855e+02   1.2011709e+02   1.3509142e+02   1.6795633e+02   1.5996702e+02   1.3994678e+02   1.1131737e+02   1.7535215e+02   1.6256988e+02   1.7045266e+02   1.5423885e+02   1.2690929e+02   1.1038613e+02   1.3262434e+02   1.2497039e+02   1.7341673e+02   2.3091938e+02   2.1452292e+02   1.5744093e+02   1.9448880e+02   2.2966055e+02
   2.5582019e-06   8.8843733e+01   1.0000011e+02   1.0531951e+02   1.0000000e+02   1.0000000e+02   1.0000000e+02   1.0000000e+02   1.0000000e+02   1.0000000e+02   1.0000000e+02   1.0000000e+02   1.0000000e+02   1.0000000e+02   1.0000000e+02   1.0000000e+02   1.0000000e+02   1.0000000e+02   1.0000000e+02   1.0000000e+02   1.0169265e+02   1.0000000e+02   1.0000000e+02   1.0000000e+02   1.0000018e+02   1.0000112e+02   1.0000001e+02   1.0021851e+02   1.0007746e+02   1.0000001e+02
   0.0000000e+00   0.0000000e+00   1.0000000e+02   1.0000000e+02   1.0000000e+02   1.0000000e+02   1.0000000e+02   1.0000000e+02   1.0000000e+02   1.0000000e+02   1.0000000e+02   1.0000000e+02   1.0000000e+02   1.0000000e+02   1.0000000e+02   1.0000000e+02   1.0000000e+02   1.0000000e+02   1.0000000e+02   1.0000000e+02   1.0000000e+02   1.0000000e+02   1.0000000e+02   1.0000000e+02   1.0000000e+02   1.0000000e+02   1.0000000e+02   1.0000000e+02   1.0000000e+02   1.0000000e+02
