   1.4277476e+10   1.0611397e+10   1.6992601e+10   1.6651827e+10   1.3661187e+10   1.8492228e+10   1.3900133e+10   1.7568280e+10   1.8243877e+10   1.2951370e+10   1.9713335e+10   2.6638033e+10   2.8007964e+10   1.2212124e+10   1.2257890e+10   1.7024004e+10   2.3646234e+10   1.6783939e+10   9.4043141e+09   2.0356933e+10   1.8336742e+10   1.4937958e+10   1.8837460e+10   2.8893526e+10   1.6921133e+10   1.8392052e+10   2.1157676e+10   1.9408898e+10   6.1976951e+09   9.4110000e+09
   1.3808884e+10   1.0611397e+10   1.6837607e+10   1.5537232e+10   1.3580508e+10   1.6838729e+10   1.3334527e+10   1.6512574e+10   1.8243877e+10   1.2923333e+10   1.8971788e+10   2.4831686e+10   1.9442393e+10   1.1817980e+10   1.2252229e+10   1.6754773e+10   2.3646234e+10   1.6783939e+10   9.0258044e+09   2.0054364e+10   1.8263986e+10   1.4937958e+10   1.6361037e+10   2.5173626e+10   1.4274406e+10   1.6396448e+10   1.5673695e+10   1.8702426e+10   4.3839658e+09   9.1775277e+09
   1.3808884e+10   1.0524229e+10   1.5510446e+10   1.5537232e+10   1.3023989e+10   1.6476593e+10   1.3334527e+10   1.6047927e+10   1.8243877e+10   1.2478545e+10   1.8971788e+10   1.0498751e+10   9.2635487e+09   1.1289719e+10   1.2252229e+10   1.6409496e+10   2.3646234e+10   1.6783939e+10   3.5652812e+09   1.9280575e+10   1.7783410e+10   1.4937958e+10   1.6361037e+10   2.5173626e+10   1.4274406e+10   1.5125352e+10   1.5211597e+10   1.8225506e+10   4.3839658e+09   9.1775277e+09
   1.3787890e+10   1.0485089e+10   9.3472267e+09   1.5527514e+10   1.1858910e+10   1.4445633e+10   1.3334527e+10   1.6015672e+10   1.8243877e+10   1.2478545e+10   1.8605163e+10   1.0498751e+10   9.2308153e+09   1.1072348e+10   1.2252229e+10   1.6409496e+10   2.1760902e+10   1.6696787e+10   3.5413545e+09   1.9280575e+10   1.7783410e+10   1.4937958e+10   1.4687791e+10   2.5173626e+10   1.4274406e+10   1.4634442e+10   1.5037787e+10   1.8050591e+10   3.5763349e+09   9.1775277e+09
   1.3360227e+10   1.0485089e+10   6.3339131e+09   1.0776472e+10   9.9642499e+09   1.4445633e+10   1.3334527e+10   1.6003508e+10   1.4320705e+10   1.2037727e+10   1.8424915e+10   7.3924257e+09   7.8383202e+09   9.6880548e+09   1.1714607e+10   1.6131680e+10   8.6012501e+09   1.5511204e+10   3.5413545e+09   5.4529734e+09   1.3280626e+10   1.3927649e+10   1.4687791e+10   1.2070553e+10   1.3377046e+10   1.4620811e+10   1.5037787e+10   1.7759388e+10   2.9111505e+09   8.9847578e+09
   1.3203737e+10   6.5243284e+09   5.2979030e+09   9.8932704e+09   9.4464671e+09   5.8203510e+09   7.2960217e+09   1.3260372e+10   1.0077728e+10   1.2026301e+10   1.5786889e+10   5.3742349e+09   1.7332220e+09   4.8938090e+09   1.1612448e+10   1.4099779e+10   7.0956859e+09   1.5510391e+10   3.5413545e+09   4.7281584e+09   7.9775193e+09   1.2198998e+10   1.2596087e+10   9.6629143e+09   1.0036771e+10   7.5279177e+09   6.3794167e+09   7.9384033e+09   2.5805268e+09   8.1965076e+09
   4.3343055e+09   4.6106056e+09   4.8481748e+09   7.5884134e+09   7.6052155e+09   4.8064887e+09   7.0904567e+09   1.2107646e+10   7.2167506e+09   7.8092179e+09   9.8016784e+09   5.2111113e+09   1.4353076e+09   3.8048719e+09   8.9551725e+09   8.8961239e+09   7.0384383e+09   6.2702554e+09   3.5413545e+09   2.3507504e+09   7.4562391e+09   3.3369863e+09   8.9707046e+09   9.6122540e+09   9.8946309e+09   6.1864709e+09   4.0549075e+09   5.5480705e+09   2.5747422e+09   7.5864629e+09
   1.5088087e+09   3.8291014e+09   3.3939695e+09   4.7541127e+09   5.6749676e+09   3.0399382e+09   2.7105699e+09   4.7551737e+09   3.8437634e+09   3.2702656e+09   3.8502818e+09   3.7614938e+09   1.0315778e+09   1.8806270e+09   7.0921908e+09   4.3666782e+09   3.3022962e+09   5.1164486e+09   2.5289548e+09   1.9410923e+09   3.2265520e+09   2.3503729e+09   3.7387070e+09   5.4431572e+09   2.8857994e+09   4.3695371e+09   3.5725712e+09   3.8580423e+09   2.4150316e+09   4.6819384e+09
   8.5059819e+08   1.2147767e+09   2.6117356e+09   1.8055296e+09   3.1407210e+09   1.2817867e+09   2.2432539e+09   1.7441364e+09   9.4893238e+08   2.0919999e+09   2.3246893e+09   1.8575849e+09   6.2499199e+08   1.2270814e+09   1.8849106e+09   1.2449180e+09   1.0848887e+09   1.2363852e+09   1.1147454e+09   1.8863104e+09   2.5383611e+09   1.8574231e+09   9.2435050e+08   1.8020960e+09   1.7061973e+09   1.1213966e+09   1.1579962e+09   2.0965204e+09   1.2695985e+09   1.9275964e+09
   3.7162988e+08   3.8197374e+08   6.4497738e+08   5.0895114e+08   2.8480351e+08   5.1476462e+08   5.1515474e+08   4.2618068e+08   5.7016951e+08   2.4639492e+08   2.3583402e+08   4.6884905e+08   4.1129456e+08   1.8815484e+08   4.2881747e+08   6.7666605e+08   2.9052094e+08   3.9528831e+08   3.4614745e+08   6.9074095e+08   5.5231375e+08   3.0188410e+08   5.3663329e+08   5.4713362e+08   3.7506872e+08   2.6301444e+08   4.3610094e+08   5.4359299e+08   5.2700252e+08   6.4166396e+08
   3.2379717e+07   5.3998596e+07   3.0897169e+07   3.7603804e+07   4.0062838e+07   2.7637061e+07   1.9195473e+07   7.7084538e+07   5.4478786e+07   3.6972484e+07   1.9146521e+07   4.0207931e+07   6.8221128e+07   4.5239405e+07   1.3552869e+07   4.3390055e+07   3.8269193e+07   7.2798952e+07   2.4401552e+07   6.0235737e+07   6.9470825e+07   7.1684064e+07   6.4352201e+07   7.0206940e+07   5.7589900e+07   4.6999267e+07   1.2261276e+07   3.2170776e+07   4.8996384e+07   2.3472371e+07
   8.9250617e+04   3.6606944e+04   8.3766734e+04   7.2263929e+04   8.9719815e+04   7.1828492e+04   1.0311361e+05   7.0630711e+04   1.2093541e+05   8.1431333e+04   4.2616564e+04   1.2184560e+05   1.2032507e+05   1.7132213e+05   4.0916634e+04   4.2653620e+04   7.6469360e+04   9.5893067e+04   9.2560375e+04   1.2036439e+05   8.7510319e+04   9.1915239e+04   9.4107376e+04   1.7528015e+05   1.6265729e+05   1.6390287e+05   2.3480330e+04   5.6916753e+04   3.9693259e+04   1.6614155e+05
   0.0000000e+00   0.0000000e+00   0.0000000e+00   0.0000000e+00   0.0000000e+00   0.0000000e+00   0.0000000e+00   0.0000000e+00   0.0000000e+00   0.0000000e+00   0.0000000e+00   0.0000000e+00   0.0000000e+00   0.0000000e+00   0.0000000e+00   0.0000000e+00   0.0000000e+00   0.0000000e+00   0.0000000e+00   0.0000000e+00   0.0000000e+00   0.0000000e+00   0.0000000e+00   0.0000000e+00   0.0000000e+00   0.0000000e+00   0.0000000e+00   0.0000000e+00   0.0000000e+00   0.0000000e+00
   0.0000000e+00   0.0000000e+00   0.0000000e+00   0.0000000e+00   0.0000000e+00   0.0000000e+00   0.0000000e+00   0.0000000e+00   0.0000000e+00   0.0000000e+00   0.0000000e+00   0.0000000e+00   0.0000000e+00   0.0000000e+00   0.0000000e+00   0.0000000e+00   0.0000000e+00   0.0000000e+00   0.0000000e+00   0.0000000e+00   0.0000000e+00   0.0000000e+00   0.0000000e+00   0.0000000e+00   0.0000000e+00   0.0000000e+00   0.0000000e+00   0.0000000e+00   0.0000000e+00   0.0000000e+00
   0.0000000e+00   0.0000000e+00   0.0000000e+00   0.0000000e+00   0.0000000e+00   0.0000000e+00   0.0000000e+00   0.0000000e+00   0.0000000e+00   0.0000000e+00   0.0000000e+00   0.0000000e+00   0.0000000e+00   0.0000000e+00   0.0000000e+00   0.0000000e+00   0.0000000e+00   0.0000000e+00   0.0000000e+00   0.0000000e+00   0.0000000e+00   0.0000000e+00   0.0000000e+00   0.0000000e+00   0.0000000e+00   0.0000000e+00   0.0000000e+00   0.0000000e+00   0.0000000e+00   0.0000000e+00
   0.0000000e+00   0.0000000e+00   0.0000000e+00   0.0000000e+00   0.0000000e+00   0.0000000e+00   0.0000000e+00   0.0000000e+00   0.0000000e+00   0.0000000e+00   0.0000000e+00   0.0000000e+00   0.0000000e+00   0.0000000e+00   0.0000000e+00   0.0000000e+00   0.0000000e+00   0.0000000e+00   0.0000000e+00   0.0000000e+00   0.0000000e+00   0.0000000e+00   0.0000000e+00   0.0000000e+00   0.0000000e+00   0.0000000e+00   0.0000000e+00   0.0000000e+00   0.0000000e+00   0.0000000e+00
