   1.7542540e+05   5.1453566e+05   2.0158912e+06   3.9307474e+06   1.7811939e+06   4.2636264e+06   2.7820764e+05   1.7675218e+06   1.1927643e+06   1.2389107e+06   1.0827869e+06   2.0148772e+06   2.3684793e+06   1.3956631e+05   6.5114730e+06   1.3359597e+06   1.3027829e+06   5.9609506e+05   4.5694039e+06   1.8955787e+06   5.5588302e+05   2.5464081e+06   7.7133783e+06   2.3233136e+06   1.6848311e+06   2.5422169e+06   1.1166739e+06   9.0386625e+05   4.5736198e+06   6.6050409e+05
   1.7520432e+05   5.1453566e+05   1.8068711e+05   3.9302858e+06   1.7811936e+06   1.9410208e+06   2.7820764e+05   1.7675218e+06   1.1927643e+06   9.8341810e+05   1.0827869e+06   1.2588710e+06   2.3683798e+06   1.3956631e+05   5.6424758e+06   1.3357908e+06   8.3285223e+05   5.9586019e+05   1.3499486e+06   1.8955787e+06   5.5588302e+05   2.5464081e+06   1.6936657e+06   1.3387061e+06   3.6090466e+05   2.4763841e+04   6.6829889e+05   5.4231929e+05   3.4174717e+06   6.6020618e+05
   1.7520432e+05   5.1453566e+05   8.8062784e+04   1.8694185e+06   1.4631516e+06   1.6474363e+06   2.7820764e+05   1.4975768e+06   1.1927643e+06   2.1608340e+05   1.0516317e+06   1.2588710e+06   2.3682256e+06   1.3956631e+05   5.6424758e+06   1.3357908e+06   8.3285223e+05   5.9586019e+05   1.3183640e+05   8.7705149e+05   5.5588302e+05   5.3571364e+05   1.6936657e+06   1.3387061e+06   3.6090465e+05   2.4757238e+04   3.5885395e+05   5.4228149e+05   3.4174717e+06   6.6020618e+05
   1.7520432e+05   5.1453566e+05   8.8049312e+04   1.8694185e+06   1.4631516e+06   2.7612186e+05   2.7820764e+05   1.4967748e+06   6.4743064e+05   2.1608340e+05   1.0515914e+06   1.2588710e+06   8.0726863e+04   1.3956631e+05   8.4165269e+05   6.5122766e+05   8.3285223e+05   5.9586019e+05   1.3177526e+05   8.7705149e+05   5.5588302e+05   5.3571364e+05   1.6936657e+06   4.9281488e+05   3.6090465e+05   2.4757238e+04   3.5884939e+05   5.4228149e+05   3.4174717e+06   6.6020618e+05
   1.7510800e+05   5.1453566e+05   8.8049312e+04   1.8693358e+06   4.8628487e+04   2.7598807e+05   1.6277724e+05   9.2866483e+05   4.1477886e+04   2.1608340e+05   4.3229319e+05   6.4634761e+05   8.0488809e+04   1.3956631e+05   4.7887373e+04   1.8835353e+05   2.7921855e+05   2.3201828e+05   1.3173152e+05   1.1970308e+05   2.5719903e+05   4.1714697e+04   9.9682125e+05   7.2250166e+04   3.6090465e+05   2.4757238e+04   9.0909631e+04   1.1109466e+05   7.6149418e+05   6.5993065e+05
   9.8996354e+04   5.2743805e+04   8.8039599e+04   2.0158262e+05   4.2662173e+04   1.0097411e+05   1.9110043e+04   1.8718767e+05   4.1477886e+04   3.0381190e+04   5.1559808e+04   1.0270230e+04   8.0488809e+04   1.2633983e+05   4.7887373e+04   4.8319437e+04   2.7921855e+05   1.1198174e+05   1.3173152e+05   1.1970197e+05   1.4378946e+05   4.1714697e+04   1.3820870e+05   7.2235745e+04   3.9396764e+04   2.4308070e+04   7.9076237e+04   7.2198776e+04   5.2996055e+04   4.5862015e+04
   8.1038955e+04   1.4904010e+04   2.1964246e+04   2.7970173e+04   5.6349102e+03   5.7428520e+03   4.5570432e+03   3.1261930e+04   4.1474371e+04   2.6490871e+04   4.4916372e+04   1.0265180e+04   6.6168522e+04   2.9141401e+04   4.4592970e+03   3.9873897e+04   4.7769220e+04   1.1152746e+05   1.8723779e+04   3.0944319e+04   2.3291951e+04   1.3731472e+04   3.9583588e+04   6.5647218e+04   3.7552718e+04   2.4308070e+04   5.5524660e+04   4.9111252e+04   5.2994502e+04   4.5862015e+04
   9.0741872e+03   6.2912282e+03   2.1814814e+04   1.2150988e+04   4.0738171e+03   5.6625247e+03   4.0180183e+03   3.0606415e+04   6.9576402e+03   6.7330949e+03   3.4270533e+03   1.0158359e+04   1.0953841e+04   2.4332305e+04   4.4592970e+03   1.1194246e+04   3.0994739e+04   2.5673580e+04   1.8658958e+04   3.0478302e+04   2.3252025e+04   1.2851906e+04   1.7649930e+04   2.0162011e+04   2.2282526e+04   6.3270032e+03   8.2723682e+03   2.8570217e+03   8.0152368e+03   8.0528090e+03
   6.1641062e+03   2.3643265e+03   1.0787714e+04   2.0542946e+03   3.5733015e+03   5.0482761e+03   3.6783191e+03   3.5272476e+03   6.2034108e+03   4.1164578e+03   3.1000450e+03   5.1294033e+03   1.1757267e+02   4.3077608e+03   3.9216962e+03   7.0805989e+03   1.4400944e+02   3.5012986e+03   1.7868258e+03   1.4173192e+03   3.6310427e+03   7.7819993e+02   1.6404472e+03   1.0709775e+04   1.0416000e+03   8.4849118e+02   5.8352854e+03   1.4757746e+03   1.8641896e+03   5.6828106e+03
   4.8323762e+03   1.6205410e+03   2.7679453e+03   1.9878828e+03   9.5434710e+02   4.5382565e+02   3.5612808e+03   3.4614513e+03   1.5678417e+03   6.6213458e+02   2.8637347e+03   3.0774756e+03   1.0829978e+02   3.3395124e+03   1.3533770e+03   4.1739902e+03   5.2621589e+01   2.2910162e+03   1.3016382e+03   7.2224172e+01   1.4415756e+03   6.9102239e+02   1.2596013e+03   4.7545672e+03   9.7155829e+02   7.8474595e+02   1.6216484e+03   1.0448964e+03   1.8008494e+03   1.6510816e+03
   2.3429824e+02   2.6698982e+02   1.1886549e+02   1.0217873e+03   4.8228789e+02   4.4749091e+02   1.8170564e+02   4.8157686e+02   6.3683646e+02   6.3659851e+02   2.2659888e+02   4.4433371e+02   1.0599205e+02   2.3476307e+02   9.8252107e+02   3.2261108e+02   5.2621589e+01   2.8729064e+01   4.5994924e+02   0.0000000e+00   2.4422795e+02   0.0000000e+00   2.5783548e+02   6.9526708e+02   6.0871887e+02   1.4288142e+02   1.6684290e+02   1.9549241e+02   4.3038347e+01   1.2685522e+02
   0.0000000e+00   0.0000000e+00   0.0000000e+00   0.0000000e+00   0.0000000e+00   0.0000000e+00   0.0000000e+00   0.0000000e+00   0.0000000e+00   0.0000000e+00   0.0000000e+00   0.0000000e+00   0.0000000e+00   0.0000000e+00   0.0000000e+00   0.0000000e+00   0.0000000e+00   0.0000000e+00   0.0000000e+00   0.0000000e+00   0.0000000e+00   0.0000000e+00   0.0000000e+00   0.0000000e+00   0.0000000e+00   0.0000000e+00   0.0000000e+00   0.0000000e+00   0.0000000e+00   0.0000000e+00
   0.0000000e+00   0.0000000e+00   0.0000000e+00   0.0000000e+00   0.0000000e+00   0.0000000e+00   0.0000000e+00   0.0000000e+00   0.0000000e+00   0.0000000e+00   0.0000000e+00   0.0000000e+00   0.0000000e+00   0.0000000e+00   0.0000000e+00   0.0000000e+00   0.0000000e+00   0.0000000e+00   0.0000000e+00   0.0000000e+00   0.0000000e+00   0.0000000e+00   0.0000000e+00   0.0000000e+00   0.0000000e+00   0.0000000e+00   0.0000000e+00   0.0000000e+00   0.0000000e+00   0.0000000e+00
   0.0000000e+00   0.0000000e+00   0.0000000e+00   0.0000000e+00   0.0000000e+00   0.0000000e+00   0.0000000e+00   0.0000000e+00   0.0000000e+00   0.0000000e+00   0.0000000e+00   0.0000000e+00   0.0000000e+00   0.0000000e+00   0.0000000e+00   0.0000000e+00   0.0000000e+00   0.0000000e+00   0.0000000e+00   0.0000000e+00   0.0000000e+00   0.0000000e+00   0.0000000e+00   0.0000000e+00   0.0000000e+00   0.0000000e+00   0.0000000e+00   0.0000000e+00   0.0000000e+00   0.0000000e+00
   0.0000000e+00   0.0000000e+00   0.0000000e+00   0.0000000e+00   0.0000000e+00   0.0000000e+00   0.0000000e+00   0.0000000e+00   0.0000000e+00   0.0000000e+00   0.0000000e+00   0.0000000e+00   0.0000000e+00   0.0000000e+00   0.0000000e+00   0.0000000e+00   0.0000000e+00   0.0000000e+00   0.0000000e+00   0.0000000e+00   0.0000000e+00   0.0000000e+00   0.0000000e+00   0.0000000e+00   0.0000000e+00   0.0000000e+00   0.0000000e+00   0.0000000e+00   0.0000000e+00   0.0000000e+00
   0.0000000e+00   0.0000000e+00   0.0000000e+00   0.0000000e+00   0.0000000e+00   0.0000000e+00   0.0000000e+00   0.0000000e+00   0.0000000e+00   0.0000000e+00   0.0000000e+00   0.0000000e+00   0.0000000e+00   0.0000000e+00   0.0000000e+00   0.0000000e+00   0.0000000e+00   0.0000000e+00   0.0000000e+00   0.0000000e+00   0.0000000e+00   0.0000000e+00   0.0000000e+00   0.0000000e+00   0.0000000e+00   0.0000000e+00   0.0000000e+00   0.0000000e+00   0.0000000e+00   0.0000000e+00
