   1.1242663e+03   1.4479993e+03   1.3886888e+03   1.1609525e+03   1.2838638e+03   1.3181588e+03   1.5088764e+03   1.1244958e+03   1.2502467e+03   1.1292425e+03   1.6214582e+03   1.3967093e+03   1.5193863e+03   1.4446958e+03   1.1244457e+03   1.2366511e+03   1.3969244e+03   1.0466818e+03   1.2623307e+03   1.1969759e+03   1.1220841e+03   1.5703419e+03   1.6508582e+03   1.4856444e+03   1.4991271e+03   1.3952892e+03   1.3280379e+03   1.0180890e+03   1.2190909e+03   1.3022499e+03
   1.0649968e+03   1.4479993e+03   1.3886888e+03   1.1532400e+03   1.2838638e+03   1.3181588e+03   1.2601816e+03   1.1244958e+03   1.2347668e+03   1.1269774e+03   1.6042422e+03   1.3967093e+03   1.5193863e+03   1.4446958e+03   1.1244457e+03   1.2366511e+03   1.3969244e+03   1.0466818e+03   1.2623307e+03   1.1730683e+03   1.1220841e+03   1.5703419e+03   1.6508582e+03   1.4856444e+03   1.4991271e+03   1.3952892e+03   1.3142917e+03   1.0180890e+03   1.2190909e+03   1.3022499e+03
   1.0649968e+03   1.3351524e+03   1.3886888e+03   1.1378269e+03   1.2838638e+03   1.1646327e+03   1.2601816e+03   1.1195668e+03   1.2308669e+03   1.1269774e+03   1.6042422e+03   1.3967093e+03   1.3837399e+03   1.4446958e+03   1.1244457e+03   1.2366511e+03   1.3969244e+03   1.0466818e+03   1.2623307e+03   1.1730683e+03   1.1036161e+03   1.5546975e+03   1.3944457e+03   1.4175249e+03   1.3007394e+03   1.3952892e+03   1.3072905e+03   1.0180890e+03   1.2190909e+03   1.3011606e+03
   1.0562657e+03   1.2930450e+03   1.3594358e+03   1.0658654e+03   1.2838638e+03   1.1387005e+03   1.2052040e+03   1.1021375e+03   1.1943449e+03   1.0563402e+03   1.2935221e+03   1.3967093e+03   1.3799181e+03   1.1701824e+03   1.1244457e+03   1.2366511e+03   1.3960655e+03   1.0316124e+03   1.1740082e+03   1.1616031e+03   1.1006874e+03   1.3993323e+03   1.3905370e+03   9.9227663e+02   1.2342487e+03   1.1525139e+03   1.2930297e+03   1.0010961e+03   1.2190909e+03   1.2845312e+03
   1.0205403e+03   1.0110252e+03   9.8179930e+02   1.0462595e+03   1.2838638e+03   1.1387005e+03   1.2052040e+03   1.0765145e+03   1.1943449e+03   1.0563402e+03   1.1158935e+03   9.5568353e+02   1.3752035e+03   8.5303785e+02   1.0380087e+03   1.1542569e+03   1.2673324e+03   1.0188331e+03   1.1460912e+03   1.1451633e+03   1.0641583e+03   1.2064393e+03   1.3242701e+03   9.4603481e+02   1.1714719e+03   1.1161795e+03   1.0731245e+03   9.2918492e+02   1.2190909e+03   1.1303726e+03
   9.3281908e+02   9.9782097e+02   8.7671085e+02   8.8321543e+02   8.9763508e+02   8.9098229e+02   1.1066217e+03   5.4861454e+02   9.9000286e+02   9.9175071e+02   8.5452137e+02   7.2010782e+02   1.0828593e+03   8.4606101e+02   7.8847221e+02   9.0361342e+02   9.2143626e+02   8.4132808e+02   8.0951941e+02   8.1384007e+02   9.2570016e+02   1.0589065e+03   1.0005201e+03   7.8535255e+02   8.8173663e+02   9.4609009e+02   1.0354408e+03   8.9924253e+02   1.1383174e+03   9.8846617e+02
   6.3663511e+02   5.7360137e+02   7.4814693e+02   7.1627359e+02   7.0655366e+02   6.8412314e+02   5.8016255e+02   4.8105600e+02   8.2924003e+02   6.6552211e+02   6.6408122e+02   6.2798101e+02   7.4374322e+02   5.3735968e+02   6.5159675e+02   7.3562273e+02   6.8595383e+02   5.7915435e+02   7.6514825e+02   6.5778360e+02   8.3214240e+02   6.0943230e+02   4.4788226e+02   6.3292001e+02   6.2796650e+02   7.8200501e+02   4.8375971e+02   7.6647432e+02   7.4455581e+02   6.4753666e+02
   4.4084148e+02   4.4004371e+02   4.9834033e+02   5.1781844e+02   4.4760992e+02   4.2828045e+02   4.5189849e+02   3.5434509e+02   5.0352052e+02   4.8890592e+02   5.0856658e+02   4.5480360e+02   4.4582597e+02   3.4894179e+02   3.8918132e+02   4.5665177e+02   4.4419175e+02   3.9845422e+02   4.9471805e+02   3.9763825e+02   4.4649882e+02   4.2233404e+02   3.2198559e+02   4.0813838e+02   4.3971421e+02   5.3530734e+02   4.5108338e+02   4.3410438e+02   4.5703810e+02   4.1252117e+02
   2.7037622e+02   2.5043921e+02   2.5406632e+02   2.6993051e+02   2.5351753e+02   2.8367353e+02   2.9983466e+02   2.8310453e+02   3.0251784e+02   3.0027529e+02   3.0679086e+02   2.7761651e+02   3.2318200e+02   2.7715448e+02   2.8937952e+02   2.6435707e+02   2.5301548e+02   2.8331791e+02   2.5959427e+02   3.0343242e+02   2.9709643e+02   3.0501992e+02   2.7362999e+02   2.8537004e+02   2.3521635e+02   2.9059020e+02   2.8269966e+02   2.4980322e+02   2.1790454e+02   2.7569687e+02
   1.9204120e+02   1.9725837e+02   1.7380330e+02   1.7381027e+02   1.9570005e+02   1.8084741e+02   1.8183807e+02   1.6298869e+02   1.9131927e+02   1.7874896e+02   1.4791759e+02   1.9387460e+02   2.1911648e+02   1.8997258e+02   1.8965578e+02   1.9031420e+02   1.6624772e+02   1.8392997e+02   2.0793073e+02   1.9381448e+02   1.9556383e+02   1.6762809e+02   1.8293371e+02   1.9180421e+02   1.8276646e+02   1.8390162e+02   1.8116042e+02   1.7427169e+02   1.8977674e+02   2.0752899e+02
   1.1737570e+02   1.2392714e+02   1.2954807e+02   1.2801186e+02   1.3988171e+02   1.1595062e+02   1.4352783e+02   1.3604985e+02   1.3573959e+02   1.3131119e+02   1.0170534e+02   1.1224392e+02   1.3728561e+02   1.2257227e+02   1.4268423e+02   1.0089495e+02   1.2530585e+02   1.4973062e+02   1.2868161e+02   1.3929540e+02   1.4164809e+02   1.3283885e+02   1.2888582e+02   1.4576960e+02   1.5112524e+02   1.3514522e+02   1.2950589e+02   1.3761344e+02   1.1964114e+02   1.5337494e+02
   9.9843257e+01   1.0496601e+02   8.6652634e+01   9.4577966e+01   9.3471412e+01   1.0167461e+02   8.1513705e+01   1.0407086e+02   1.0529582e+02   9.2944675e+01   8.3300846e+01   8.6014393e+01   1.1187299e+02   9.0802094e+01   8.3225803e+01   7.5035219e+01   1.0357285e+02   9.0923607e+01   1.0494428e+02   1.1018930e+02   1.1100503e+02   1.0909529e+02   1.1102695e+02   1.0693486e+02   1.0872817e+02   1.1928008e+02   1.0956836e+02   1.1232321e+02   1.0099265e+02   1.0448414e+02
   4.2396881e+01   5.8752673e+01   4.5752664e+01   5.4372332e+01   4.8129549e+01   4.6653533e+01   6.4565931e+01   5.9823974e+01   5.7744940e+01   5.5836462e+01   5.3311731e+01   5.4222242e+01   6.2777172e+01   6.7683895e+01   6.9043195e+01   5.5083112e+01   4.9903542e+01   6.3907111e+01   5.7382264e+01   4.6659484e+01   6.6039851e+01   6.5341759e+01   6.0346950e+01   6.3846230e+01   5.8724063e+01   7.1316941e+01   5.9096845e+01   5.7881856e+01   5.2685310e+01   6.3115785e+01
   1.9313787e+01   4.0536383e+01   1.4521238e+01   3.2995043e+01   3.0910525e+01   3.0016593e+01   4.2550781e+01   3.2394891e+01   1.9947149e+01   3.5295107e+01   2.2044321e+01   1.9568582e+01   2.6308208e+01   2.5319158e+01   3.3920359e+01   3.6281889e+01   2.8285167e+01   3.6088047e+01   3.8683103e+01   2.6971511e+01   4.3050450e+01   3.9622343e+01   4.5076709e+01   4.8083178e+01   4.2553920e+01   3.7252573e+01   3.3327884e+01   3.0733517e+01   2.9513836e+01   3.2396126e+01
   4.5520198e+00   1.8578690e+01   4.6996316e+00   1.1989777e+01   8.8857105e+00   4.3615830e+00   1.5625724e+01   9.8879485e+00   4.6671358e+00   4.7805825e+00   1.0554782e+01   5.1705083e+00   1.5146242e+01   1.1880121e+01   8.6055868e+00   1.5431346e+01   5.2481186e+00   2.3929216e+01   1.8828674e+01   7.1662549e+00   1.6378041e+01   1.7190115e+01   1.9246613e+01   2.6024087e+01   1.8629696e+01   1.9972620e+01   9.6069086e+00   1.1362537e+01   8.7460096e+00   2.4947879e+01
   1.4556007e+00   1.5900312e+00   1.6651120e+00   1.6651120e+00   1.7918424e+00   2.4505598e+00   2.5484246e+00   2.5606836e+00   2.5849902e+00   2.5849902e+00   2.6914368e+00   2.9848772e+00   3.1508220e+00   3.1813061e+00   3.4455188e+00   3.5575854e+00   3.5799493e+00   3.5799493e+00   3.7630866e+00   3.7630866e+00   3.9798363e+00   4.2239439e+00   4.5749083e+00   4.7767196e+00   4.7816988e+00   4.8339451e+00   5.0676500e+00   5.0676500e+00   5.7530048e+00   8.1835549e+00
