   2.7824230e+07   6.0719909e+07   4.4591398e+07   2.2766401e+06   3.0854454e+07   2.3484944e+07   1.6813202e+07   4.8150321e+07   6.7016111e+06   3.1237249e+07   2.3722537e+07   4.9463867e+07   1.6389673e+07   2.3285117e+06   7.6498694e+07   3.0442580e+07   3.6786641e+07   1.8378590e+07   1.3800623e+07   8.7579263e+06   7.3353727e+06   1.8345018e+07   9.4534611e+07   2.0795827e+07   4.1441523e+07   6.4608697e+07   2.6995649e+07   6.1535354e+06   1.0024616e+07   1.2805154e+07
   2.7824230e+07   6.0719909e+07   4.4591398e+07   2.2766401e+06   2.8180001e+07   1.7668234e+07   1.6812490e+07   4.8150172e+07   6.7016111e+06   2.5041843e+07   2.3722537e+07   4.9463867e+07   1.5192358e+07   2.3285117e+06   7.6498694e+07   3.0442580e+07   3.3953993e+07   1.8378590e+07   1.3800623e+07   8.7570463e+06   7.3353727e+06   1.3353487e+07   9.4534053e+07   4.8282965e+06   1.6474860e+07   4.2643179e+07   2.6995649e+07   6.1535354e+06   7.9100619e+06   1.2804914e+07
   2.6986208e+06   1.8070788e+07   2.6136923e+07   2.2765428e+06   1.7783799e+07   1.7218736e+07   1.0762419e+07   2.2977272e+07   6.7016111e+06   2.5041468e+07   2.0993327e+07   3.0447029e+07   1.2674258e+07   2.3285117e+06   1.2475752e+07   1.7702624e+07   3.3953993e+07   1.8378590e+07   1.3800623e+07   8.7570463e+06   4.8670996e+06   1.3353487e+07   3.8876323e+07   4.8282965e+06   1.6474860e+07   4.1666960e+07   2.3439573e+07   6.1535354e+06   7.9100619e+06   5.0770794e+06
   2.5277353e+06   1.8070788e+07   1.6125635e+07   2.2765428e+06   1.0289714e+07   1.4661765e+07   7.9995066e+06   8.8013837e+06   6.7016111e+06   2.5041468e+07   1.8711954e+07   2.5131947e+07   1.2673815e+07   2.3285117e+06   1.2475109e+07   1.7702624e+07   2.8064251e+07   5.3184294e+06   1.3800623e+07   8.7570463e+06   2.8114739e+06   1.3353487e+07   7.6253961e+06   4.8282965e+06   1.6474785e+07   1.2677873e+07   1.1781254e+07   4.6742209e+06   7.9100619e+06   3.2411158e+06
   1.3044442e+06   3.2655847e+06   9.9822359e+06   1.6969443e+06   4.1748053e+06   9.2646749e+06   5.3441023e+06   8.8013837e+06   2.4728756e+05   3.6815717e+06   1.2017619e+07   5.7609491e+06   2.0380046e+06   1.4297572e+06   8.5853666e+06   1.5581364e+07   1.6770772e+06   4.0132402e+06   1.3653765e+06   6.4405092e+06   2.7967218e+06   4.9776883e+06   4.9455031e+06   4.8281815e+06   1.3840919e+07   1.1774713e+07   1.0122632e+07   4.6741061e+06   7.6905932e+06   3.2410989e+06
   1.3040069e+06   3.0621866e+06   3.8894139e+06   1.6968094e+06   4.1747711e+06   2.0959460e+06   1.6182201e+06   8.6012251e+06   2.4728756e+05   1.8424781e+06   2.9950132e+06   3.6580202e+06   1.7535755e+06   1.4297572e+06   2.1111121e+06   3.8823423e+06   1.6158101e+06   1.8261007e+06   9.0660570e+05   4.1857764e+06   2.7758060e+06   8.2405311e+05   1.8170919e+06   1.2526690e+06   3.5717507e+06   9.5131268e+05   5.6122542e+06   4.6739157e+06   5.6572399e+06   1.7137429e+06
   8.0534466e+05   1.3605738e+06   4.2902767e+05   9.5631447e+05   1.3965446e+06   7.5652042e+05   1.4886600e+06   2.9612246e+06   2.4728756e+05   9.5941305e+05   5.6739922e+05   5.2488891e+05   4.7848225e+05   7.4904701e+05   1.1421457e+06   3.7262712e+05   1.1131587e+05   1.5339021e+06   8.4687054e+05   4.9187184e+05   7.6587107e+05   8.2394525e+05   6.6738299e+05   5.2774572e+05   2.3527085e+05   9.5121710e+05   4.0067398e+05   1.0010375e+06   2.1166793e+06   6.5201237e+05
   3.6854364e+05   3.2401690e+05   2.2026750e+05   5.1370584e+05   1.6346566e+05   1.3603325e+05   8.3424693e+05   5.0611521e+05   2.2389418e+05   4.0573977e+05   4.4871486e+05   1.8235056e+05   4.3277937e+05   3.9264170e+05   4.8526258e+05   1.8468671e+05   1.1026837e+05   4.9308962e+05   4.2950626e+05   3.9381461e+05   3.5581953e+05   4.9933391e+05   6.1592829e+05   1.3708345e+05   2.3503519e+05   5.3209197e+05   3.7721255e+05   6.0766692e+05   2.9236368e+05   8.2087704e+04
   2.6424358e+05   8.7624156e+04   1.4841537e+05   5.9504626e+04   1.3076895e+05   5.8060095e+04   1.9233466e+05   1.3931756e+05   1.0184062e+05   1.3328941e+05   1.4049550e+05   7.2466985e+04   8.2157766e+04   1.9149642e+05   2.4404818e+05   1.8385913e+05   1.0957207e+05   5.6759188e+04   2.3224883e+05   9.3281038e+04   1.2050628e+05   1.6145479e+05   1.0403972e+05   1.3349360e+05   2.0501283e+05   1.6302071e+05   9.9607343e+04   1.7001388e+05   5.8946570e+04   7.6625035e+04
   3.4471686e+04   4.7395602e+04   4.0459873e+04   1.8650413e+04   3.3351908e+04   1.3224009e+04   4.5108805e+04   5.1594170e+04   3.7852036e+04   3.0065310e+04   4.6560907e+04   3.0137262e+04   5.5562875e+04   5.2139583e+04   2.8252306e+04   1.2959747e+04   3.4852125e+04   1.1699899e+04   3.7919902e+04   3.8337440e+04   1.4556983e+04   3.1868199e+04   4.7903500e+04   5.5552403e+04   1.8650291e+04   4.5781204e+04   2.1990237e+04   3.8139680e+04   1.0939423e+04   3.9059121e+04
   1.0160577e+04   6.1034541e+03   5.2019867e+03   7.3694754e+03   5.9268357e+03   8.6432092e+03   5.8255176e+03   1.0468134e+04   4.8649867e+03   5.6285298e+03   4.4754914e+03   1.7406986e+04   1.0535823e+04   1.7815974e+04   8.3881729e+03   8.7837192e+03   6.8385813e+03   6.0943101e+03   7.7027418e+03   6.6209366e+03   4.9450724e+03   3.6209755e+03   7.5735450e+03   1.1204386e+04   5.0894643e+03   8.9626062e+03   8.4368875e+03   5.9396118e+03   8.5233481e+03   8.6328120e+03
   2.6020552e+03   1.6673686e+03   1.5948702e+03   1.0475381e+03   2.6413378e+03   2.7250949e+03   2.5697549e+03   1.7129064e+03   1.7831540e+03   2.0180848e+03   1.5672552e+03   1.6283894e+03   2.6916022e+03   2.1774008e+03   2.3224289e+03   2.9196663e+03   1.3739630e+03   1.5400158e+03   1.9990085e+03   1.4121543e+03   2.2608032e+03   1.4920971e+03   1.4655864e+03   1.8557695e+03   1.7898592e+03   1.8570590e+03   2.7458489e+03   2.1902182e+03   3.0535214e+03   2.0647215e+03
   2.9064860e+02   3.3758324e+02   3.7329934e+02   3.6776976e+02   3.1816880e+02   3.4725863e+02   3.0710130e+02   2.3300096e+02   3.5397859e+02   5.2351139e+02   4.0997348e+02   2.0118379e+02   5.5449734e+02   2.3686790e+02   3.8486588e+02   4.1272892e+02   2.7596774e+02   2.7066525e+02   3.4365952e+02   4.0439787e+02   5.1268918e+02   2.3162293e+02   2.4954111e+02   5.2171895e+02   3.1075287e+02   3.6334065e+02   5.3416335e+02   4.3901443e+02   4.9111462e+02   3.7999809e+02
   1.2218230e+02   1.5796911e+02   1.5227578e+02   2.4907497e+02   1.9530961e+02   2.3334289e+02   1.9807233e+02   1.3666546e+02   9.9677300e+01   1.5152304e+02   1.5260063e+02   1.1322578e+02   1.6460647e+02   1.4747559e+02   1.8846677e+02   2.2478786e+02   1.9666737e+02   1.8172511e+02   1.1622652e+02   1.6110958e+02   2.3126449e+02   1.3975354e+02   2.1658380e+02   1.7998674e+02   1.0685542e+02   1.3287836e+02   1.7548828e+02   2.0193420e+02   2.2613324e+02   2.1135445e+02
   2.7268168e+01   2.9111766e+01   7.5673722e+01   4.5856736e+01   1.3623957e+02   1.3446687e+02   4.5963238e+01   6.2809508e+01   6.0553253e+01   1.0709978e+02   1.0470217e+02   8.3253638e+01   1.1743164e+02   7.2916903e+01   1.0122338e+02   1.0736314e+02   7.1765819e+01   5.9611170e+01   9.2746961e+01   6.9633857e+01   7.7507635e+01   9.0978075e+01   1.0728435e+02   1.1029133e+02   6.8140578e+01   7.8741519e+01   1.1062880e+02   1.1660835e+02   1.7097118e+02   1.7517801e+02
   3.1198085e-01   3.6217907e-01   4.0395909e-01   9.9648644e+00   1.0142739e+01   1.0235320e+01   1.0638429e+01   1.1235223e+01   1.1507920e+01   1.1552417e+01   1.3848390e+01   1.4229859e+01   1.4315134e+01   2.0316812e+01   2.3396830e+01   3.0682340e+01   3.2045879e+01   3.4026219e+01   3.7072157e+01   4.5998633e+01   4.6653196e+01   5.1746080e+01   5.7147266e+01   5.9350234e+01   5.9730174e+01   6.3046901e+01   7.4836229e+01   1.0391837e+02   1.2101007e+02   1.6445829e+02
