   4.3415305e+03   4.5011209e+03   5.2126194e+03   4.7195016e+03   4.6234580e+03   4.2611161e+03   5.1149840e+03   4.7836082e+03   3.9027349e+03   4.1637888e+03   4.5601027e+03   4.8481120e+03   4.6976136e+03   4.7163198e+03   4.4564052e+03   4.3097456e+03   3.7186061e+03   4.7936841e+03   4.7633309e+03   4.2333556e+03   4.5747366e+03   4.4084135e+03   4.4314665e+03   4.2953784e+03   4.5652412e+03   4.2575129e+03   4.3979487e+03   3.7172113e+03   4.3214152e+03   4.6172117e+03
   4.1992919e+03   4.5011209e+03   5.0886725e+03   4.7195016e+03   4.5695900e+03   4.2611161e+03   4.8770497e+03   4.6990978e+03   3.9027349e+03   4.1637888e+03   4.2619240e+03   4.3583948e+03   4.6976136e+03   4.7163198e+03   4.3335708e+03   4.3097456e+03   3.7186061e+03   4.1018616e+03   4.6956939e+03   4.2333556e+03   4.5747366e+03   4.3286084e+03   3.1509286e+03   4.2953784e+03   4.5652412e+03   3.7395676e+03   4.3979487e+03   3.7172113e+03   4.3214152e+03   4.6172117e+03
   3.6283557e+03   3.6846382e+03   4.6134780e+03   4.4223504e+03   4.0448507e+03   4.2611161e+03   4.6464751e+03   4.5929178e+03   3.7998833e+03   4.0237799e+03   4.2619240e+03   4.3583948e+03   4.4906683e+03   4.4346164e+03   4.2666753e+03   3.9786360e+03   3.7186061e+03   4.1018616e+03   4.4168457e+03   3.7747411e+03   4.2134424e+03   3.8820390e+03   3.1509286e+03   3.9951229e+03   4.2783761e+03   3.7395676e+03   4.3979487e+03   3.5518638e+03   4.2005196e+03   4.6172117e+03
   2.8223473e+03   3.6846382e+03   4.1598665e+03   3.8237300e+03   3.9201824e+03   4.2611161e+03   3.7352347e+03   4.2661851e+03   3.7998833e+03   3.9141682e+03   4.0854641e+03   3.9980370e+03   4.4906683e+03   4.2768045e+03   4.2666753e+03   3.3017953e+03   3.7186061e+03   3.5197367e+03   4.1003180e+03   3.7747411e+03   4.0615509e+03   3.6164165e+03   2.6762047e+03   3.7083836e+03   4.1652283e+03   3.7395676e+03   4.3979487e+03   3.5518638e+03   3.8233295e+03   4.4428178e+03
   2.8223473e+03   3.5255118e+03   3.0203029e+03   3.5418883e+03   3.6478481e+03   3.4556880e+03   3.5167702e+03   2.8989344e+03   3.3781096e+03   3.5453881e+03   3.6690198e+03   3.6863130e+03   3.7059579e+03   3.7065010e+03   2.7799928e+03   3.2775359e+03   3.6348969e+03   3.5197367e+03   3.9347437e+03   3.5444692e+03   3.5157311e+03   3.5244138e+03   2.6762047e+03   3.6733234e+03   3.5767786e+03   3.5361874e+03   3.5529222e+03   3.1253131e+03   2.8446117e+03   3.7399264e+03
   2.8223473e+03   2.9233958e+03   3.0016239e+03   3.0124461e+03   2.8898718e+03   2.9572808e+03   2.9288657e+03   2.6860996e+03   3.0267315e+03   3.3064806e+03   3.0451656e+03   2.9003307e+03   3.1721987e+03   3.1880701e+03   2.3423174e+03   2.9953562e+03   2.7040741e+03   3.1505961e+03   3.1786251e+03   3.1978338e+03   3.0944854e+03   2.6456147e+03   2.6476637e+03   2.9024337e+03   3.0438908e+03   3.0827741e+03   2.2870891e+03   2.7850375e+03   2.8446117e+03   3.3342958e+03
   2.4060970e+03   2.5000553e+03   2.2094880e+03   2.0171050e+03   2.6985751e+03   2.3686486e+03   2.3752666e+03   2.3600469e+03   2.1591108e+03   2.5467484e+03   2.3673646e+03   2.3956174e+03   2.2414616e+03   2.6576329e+03   2.1664766e+03   2.3375196e+03   1.9359632e+03   2.2714251e+03   1.9589878e+03   2.0149978e+03   2.0497308e+03   2.6456147e+03   2.2382450e+03   1.8471185e+03   2.5826334e+03   2.0461500e+03   2.2870891e+03   2.5070664e+03   2.2216231e+03   2.4442817e+03
   1.9017311e+03   1.9363845e+03   1.6140710e+03   1.3456278e+03   1.9746688e+03   2.0359042e+03   2.1418499e+03   1.4822843e+03   1.6377314e+03   1.7215124e+03   1.9563971e+03   1.6891664e+03   2.0226187e+03   1.7301692e+03   1.3810534e+03   1.7126288e+03   1.9027875e+03   1.6018713e+03   1.4221314e+03   1.7079938e+03   1.7627347e+03   1.7444916e+03   1.8967572e+03   1.8160574e+03   1.6661696e+03   1.5493809e+03   1.5811159e+03   1.7522640e+03   1.7266219e+03   1.6008391e+03
   1.4466043e+03   1.6681308e+03   7.7158604e+02   7.9657142e+02   1.3055384e+03   1.4705887e+03   9.4729165e+02   1.2556794e+03   1.2359097e+03   1.1382056e+03   1.4332579e+03   1.0889017e+03   1.3907238e+03   1.0989826e+03   8.2886055e+02   1.3142978e+03   1.2467887e+03   1.3325644e+03   1.1387490e+03   1.1510321e+03   1.2831413e+03   1.2401643e+03   1.2162901e+03   1.0017046e+03   8.7957218e+02   8.6066563e+02   1.2776162e+03   1.1469714e+03   1.4230925e+03   1.3329001e+03
   6.5914622e+02   5.2385431e+02   7.1936745e+02   4.3727357e+02   7.6113348e+02   5.4189328e+02   7.1740558e+02   2.9884809e+02   4.2137401e+02   7.1679962e+02   6.9306174e+02   6.8707325e+02   6.6498342e+02   7.7273418e+02   3.9066950e+02   7.2349177e+02   7.9405189e+02   5.8973721e+02   6.6751933e+02   1.0179001e+03   7.6810489e+02   7.9920838e+02   7.2868468e+02   7.9954741e+02   3.8210965e+02   6.6506958e+02   8.1555766e+02   6.6826964e+02   7.3473447e+02   6.3312849e+02
   3.3992286e+01   3.0879230e+02   2.8294755e+02   0.0000000e+00   2.6807445e+02   0.0000000e+00   2.3393704e+02   0.0000000e+00   1.1816607e+01   2.7990413e+02   2.4191221e+02   3.5714014e+02   3.8845159e+02   6.4812258e+01   2.3296516e+00   0.0000000e+00   9.4882019e+01   1.1306215e+02   2.5123288e+02   4.4816145e+02   4.1128074e+02   2.2436498e+02   3.0033006e+02   3.0069730e+02   0.0000000e+00   2.3771145e+02   6.1141486e+02   3.4927871e+02   0.0000000e+00   2.7680382e+02
   0.0000000e+00   0.0000000e+00   0.0000000e+00   0.0000000e+00   0.0000000e+00   0.0000000e+00   0.0000000e+00   0.0000000e+00   0.0000000e+00   0.0000000e+00   0.0000000e+00   0.0000000e+00   0.0000000e+00   0.0000000e+00   0.0000000e+00   0.0000000e+00   0.0000000e+00   0.0000000e+00   0.0000000e+00   0.0000000e+00   0.0000000e+00   0.0000000e+00   0.0000000e+00   0.0000000e+00   0.0000000e+00   0.0000000e+00   0.0000000e+00   0.0000000e+00   0.0000000e+00   0.0000000e+00
   0.0000000e+00   0.0000000e+00   0.0000000e+00   0.0000000e+00   0.0000000e+00   0.0000000e+00   0.0000000e+00   0.0000000e+00   0.0000000e+00   0.0000000e+00   0.0000000e+00   0.0000000e+00   0.0000000e+00   0.0000000e+00   0.0000000e+00   0.0000000e+00   0.0000000e+00   0.0000000e+00   0.0000000e+00   0.0000000e+00   0.0000000e+00   0.0000000e+00   0.0000000e+00   0.0000000e+00   0.0000000e+00   0.0000000e+00   0.0000000e+00   0.0000000e+00   0.0000000e+00   0.0000000e+00
   0.0000000e+00   0.0000000e+00   0.0000000e+00   0.0000000e+00   0.0000000e+00   0.0000000e+00   0.0000000e+00   0.0000000e+00   0.0000000e+00   0.0000000e+00   0.0000000e+00   0.0000000e+00   0.0000000e+00   0.0000000e+00   0.0000000e+00   0.0000000e+00   0.0000000e+00   0.0000000e+00   0.0000000e+00   0.0000000e+00   0.0000000e+00   0.0000000e+00   0.0000000e+00   0.0000000e+00   0.0000000e+00   0.0000000e+00   0.0000000e+00   0.0000000e+00   0.0000000e+00   0.0000000e+00
   0.0000000e+00   0.0000000e+00   0.0000000e+00   0.0000000e+00   0.0000000e+00   0.0000000e+00   0.0000000e+00   0.0000000e+00   0.0000000e+00   0.0000000e+00   0.0000000e+00   0.0000000e+00   0.0000000e+00   0.0000000e+00   0.0000000e+00   0.0000000e+00   0.0000000e+00   0.0000000e+00   0.0000000e+00   0.0000000e+00   0.0000000e+00   0.0000000e+00   0.0000000e+00   0.0000000e+00   0.0000000e+00   0.0000000e+00   0.0000000e+00   0.0000000e+00   0.0000000e+00   0.0000000e+00
   0.0000000e+00   0.0000000e+00   0.0000000e+00   0.0000000e+00   0.0000000e+00   0.0000000e+00   0.0000000e+00   0.0000000e+00   0.0000000e+00   0.0000000e+00   0.0000000e+00   0.0000000e+00   0.0000000e+00   0.0000000e+00   0.0000000e+00   0.0000000e+00   0.0000000e+00   0.0000000e+00   0.0000000e+00   0.0000000e+00   0.0000000e+00   0.0000000e+00   0.0000000e+00   0.0000000e+00   0.0000000e+00   0.0000000e+00   0.0000000e+00   0.0000000e+00   0.0000000e+00   0.0000000e+00
