   6.3173086e+07   5.6882962e+07   5.7393492e+07   1.2441561e+08   2.8923958e+07   8.7624553e+07   7.1648146e+07   1.5042495e+07   1.7688261e+07   5.3677368e+07   7.3978144e+07   1.2658244e+08   2.5424166e+07   4.5286062e+07   9.3994640e+07   1.0682133e+08   8.9225798e+07   4.8969969e+07   4.4388838e+07   1.7473502e+07   1.4053530e+07   6.9345024e+07   8.1476797e+07   7.6757767e+07   7.0260664e+07   5.2909300e+07   3.2544525e+07   5.4741309e+07   1.2645503e+08   1.2809448e+08
   5.8834940e+07   4.3700381e+07   5.7393492e+07   1.1327500e+08   2.8923947e+07   7.7605798e+07   7.1287121e+07   1.5042495e+07   1.5901321e+07   4.2073425e+07   5.3551700e+07   1.1091172e+08   1.4137436e+07   4.5286062e+07   7.2802366e+07   7.4036725e+07   8.9225798e+07   4.8969969e+07   4.4388838e+07   1.7473502e+07   1.4053530e+07   6.9345024e+07   5.2226774e+07   7.6757767e+07   7.0260664e+07   5.2909300e+07   3.2544525e+07   5.4741309e+07   1.2645503e+08   1.2056437e+08
   4.6377678e+07   4.3700381e+07   5.7393169e+07   8.8625484e+07   2.8923947e+07   1.7634171e+07   7.1287121e+07   8.8144176e+06   1.5901321e+07   3.7122856e+07   2.8928171e+07   1.0809502e+08   1.4137436e+07   4.2764509e+07   5.1891388e+07   6.0126515e+07   5.2952866e+07   4.8969969e+07   4.4388838e+07   1.6900478e+07   1.4053530e+07   6.9345024e+07   2.0734442e+07   7.6757132e+07   7.0260664e+07   5.0562925e+07   3.2544525e+07   4.4839370e+07   1.2645503e+08   6.3027015e+07
   4.6377678e+07   4.2707339e+07   2.6873295e+07   4.9542779e+07   2.3098724e+07   6.1754940e+06   4.0795990e+07   7.6503939e+06   1.5901185e+07   3.6289971e+07   1.7924786e+07   7.1424906e+07   1.4137436e+07   3.9517686e+07   3.9352916e+07   4.5182874e+07   5.1321649e+07   2.7055498e+07   2.5651595e+07   1.4592323e+07   1.4053530e+07   5.0772121e+07   2.0734048e+07   3.6173273e+07   4.1353853e+07   4.6052306e+07   1.8572239e+07   4.4839370e+07   1.2645499e+08   1.9340340e+07
   3.3982318e+07   3.7431998e+07   9.0674230e+06   2.0964402e+07   1.5415464e+07   6.1754285e+06   1.2863922e+07   6.7652763e+06   9.2471837e+06   5.7083981e+06   1.5335989e+07   2.8396423e+07   9.6080881e+06   8.7978502e+06   3.8850152e+07   4.5182874e+07   3.6786376e+07   1.1735194e+07   1.2321736e+07   1.2742409e+07   1.4053530e+07   3.6901189e+07   9.4048751e+06   1.8844985e+07   4.0521903e+07   1.4226715e+07   1.8572216e+07   1.5494581e+07   7.5157197e+07   5.1459917e+06
   1.7293145e+07   3.1028740e+07   6.9755511e+06   4.9889594e+06   9.2457357e+06   5.6785614e+06   2.3478680e+06   4.5293154e+06   6.9543478e+06   5.7083981e+06   1.1335039e+07   8.4349741e+06   6.5767659e+06   3.7877050e+06   6.0653212e+06   1.2829925e+07   9.6509228e+06   1.1735194e+07   1.1999583e+07   4.2612497e+06   1.3611180e+07   1.5243131e+07   6.5185017e+06   1.4109842e+07   9.5419329e+06   4.0204672e+06   2.9246835e+06   3.6337292e+06   1.4676160e+07   5.1102552e+06
   2.0328344e+06   7.6418856e+06   1.0765339e+06   4.7658753e+06   1.7787899e+06   2.6110461e+06   8.4864483e+05   2.9569785e+06   2.1137497e+06   4.7221927e+06   4.7474309e+06   3.1426510e+06   2.9605833e+06   2.2225408e+06   3.2007141e+06   3.6300970e+06   8.0308572e+05   2.3198809e+06   5.6900813e+06   3.2512462e+06   3.3861484e+06   3.4687335e+06   2.1722944e+06   4.5582492e+06   3.6233476e+06   1.8568554e+06   2.5602688e+06   2.8824508e+06   7.9227045e+06   5.1101983e+06
   9.5732503e+05   3.0149334e+06   1.0762291e+06   9.5762676e+05   1.3328780e+06   1.6651934e+06   8.4863466e+05   1.2829423e+06   1.4144074e+06   8.6320225e+05   6.8345417e+05   5.8993814e+05   1.4017752e+06   1.2795139e+06   1.2137290e+06   7.2104391e+05   6.1215498e+05   4.1855271e+05   1.8165039e+06   1.2078340e+06   1.4488502e+06   1.4904873e+06   1.6224845e+06   6.8196410e+05   1.9785518e+06   7.3963079e+05   1.4385292e+06   8.0180437e+05   8.8814619e+05   1.6217355e+06
   1.9874836e+05   5.9146501e+05   1.0757424e+06   5.3881955e+05   7.2030386e+05   3.2293208e+05   2.1140015e+05   2.5903412e+05   5.8953341e+05   7.4964004e+05   6.2961226e+05   1.2445476e+05   7.5468255e+05   7.3278897e+05   3.4410536e+05   4.1520452e+05   5.3929274e+05   2.1892472e+05   6.6809452e+05   4.9193181e+05   2.8592865e+05   4.2212409e+05   1.3834785e+05   3.5352875e+05   2.7314487e+05   4.1057137e+05   2.2350692e+05   1.9485884e+05   4.8211594e+05   6.4330845e+05
   5.9431492e+04   1.3051033e+05   1.3823181e+05   1.7396721e+05   1.3896898e+05   1.7651075e+05   1.4365812e+05   2.2894494e+05   1.9814143e+05   2.5101654e+05   1.5863729e+05   1.2365699e+05   7.9179504e+04   2.3157617e+05   1.8928710e+05   1.4660991e+05   1.0914955e+05   8.1999329e+04   5.0926490e+04   2.1627885e+05   1.1356551e+05   1.1318041e+05   6.1311638e+04   7.0989131e+04   7.4464643e+04   1.5550874e+05   1.9361765e+05   1.6738398e+05   1.4329852e+05   1.0074845e+05
   3.9901271e+04   3.3234441e+04   6.1647871e+04   6.1387166e+04   3.6080823e+04   2.1156365e+04   2.1795135e+04   5.6304814e+04   1.0372141e+05   3.4428700e+04   7.4304995e+04   4.2375506e+04   7.8873325e+04   6.3701261e+04   4.4747776e+04   4.5958123e+04   4.1088237e+04   4.8666689e+04   2.7377939e+04   2.8827238e+04   4.6122068e+04   5.3710849e+04   3.3794887e+04   4.0276464e+04   4.6203641e+04   3.2018139e+04   1.3900040e+04   2.5767021e+04   4.9235630e+04   3.9441636e+04
   1.0542555e+04   9.2903200e+03   1.0009448e+04   8.8305827e+03   7.5476574e+03   1.5833548e+04   1.2003284e+04   1.1341011e+04   5.1526273e+03   1.0848375e+04   6.7905355e+03   9.8405116e+03   9.5405767e+03   2.3671289e+04   8.0706031e+03   1.3058748e+04   1.0762978e+04   1.1619749e+04   7.3691299e+03   5.4428179e+03   1.0418415e+04   9.4167078e+03   6.3595670e+03   9.5959907e+03   1.0833568e+04   1.1076083e+04   1.2875949e+04   7.2440574e+03   9.7273743e+03   9.7829347e+03
   0.0000000e+00   0.0000000e+00   5.7000209e+01   0.0000000e+00   0.0000000e+00   5.7870714e+01   1.2978329e+02   0.0000000e+00   0.0000000e+00   0.0000000e+00   0.0000000e+00   2.5829771e+02   0.0000000e+00   0.0000000e+00   7.8875773e+01   4.3169788e+02   0.0000000e+00   0.0000000e+00   0.0000000e+00   0.0000000e+00   0.0000000e+00   0.0000000e+00   0.0000000e+00   0.0000000e+00   1.2825324e+02   3.5635736e+00   0.0000000e+00   0.0000000e+00   0.0000000e+00   2.2787631e+02
   0.0000000e+00   0.0000000e+00   0.0000000e+00   0.0000000e+00   0.0000000e+00   0.0000000e+00   0.0000000e+00   0.0000000e+00   0.0000000e+00   0.0000000e+00   0.0000000e+00   0.0000000e+00   0.0000000e+00   0.0000000e+00   0.0000000e+00   0.0000000e+00   0.0000000e+00   0.0000000e+00   0.0000000e+00   0.0000000e+00   0.0000000e+00   0.0000000e+00   0.0000000e+00   0.0000000e+00   0.0000000e+00   0.0000000e+00   0.0000000e+00   0.0000000e+00   0.0000000e+00   0.0000000e+00
   0.0000000e+00   0.0000000e+00   0.0000000e+00   0.0000000e+00   0.0000000e+00   0.0000000e+00   0.0000000e+00   0.0000000e+00   0.0000000e+00   0.0000000e+00   0.0000000e+00   0.0000000e+00   0.0000000e+00   0.0000000e+00   0.0000000e+00   0.0000000e+00   0.0000000e+00   0.0000000e+00   0.0000000e+00   0.0000000e+00   0.0000000e+00   0.0000000e+00   0.0000000e+00   0.0000000e+00   0.0000000e+00   0.0000000e+00   0.0000000e+00   0.0000000e+00   0.0000000e+00   0.0000000e+00
   0.0000000e+00   0.0000000e+00   0.0000000e+00   0.0000000e+00   0.0000000e+00   0.0000000e+00   0.0000000e+00   0.0000000e+00   0.0000000e+00   0.0000000e+00   0.0000000e+00   0.0000000e+00   0.0000000e+00   0.0000000e+00   0.0000000e+00   0.0000000e+00   0.0000000e+00   0.0000000e+00   0.0000000e+00   0.0000000e+00   0.0000000e+00   0.0000000e+00   0.0000000e+00   0.0000000e+00   0.0000000e+00   0.0000000e+00   0.0000000e+00   0.0000000e+00   0.0000000e+00   0.0000000e+00
