   5.0209298e+05   2.2079665e+05   1.0329407e+06   1.1990959e+06   7.1018674e+05   1.8037107e+06   4.5139334e+05   7.5905070e+05   4.2824631e+05   2.5015641e+05   2.5166462e+05   1.1935017e+06   1.2188781e+06   3.0395673e+05   4.1119478e+05   1.2328530e+06   1.5639794e+05   6.2892783e+05   3.7212782e+05   8.3290266e+05   3.8874671e+05   1.9909155e+05   8.1511035e+05   1.4012393e+06   1.2754187e+06   8.6322372e+05   1.9904538e+06   5.5660314e+05   6.1364698e+05   5.4246746e+05
   5.0209298e+05   2.2079665e+05   6.9660466e+05   1.1990959e+06   7.1018674e+05   1.8037107e+06   4.5139334e+05   7.3205318e+05   4.2824631e+05   2.5015641e+05   2.5166462e+05   1.1935017e+06   1.2188781e+06   3.0395673e+05   4.1119478e+05   1.2328530e+06   1.5639794e+05   6.2872580e+05   3.6322415e+05   8.2364451e+05   3.8874671e+05   1.9909155e+05   8.1511035e+05   1.3734858e+06   1.2754187e+06   8.5020997e+05   8.6180379e+05   3.9784980e+05   6.0477011e+05   5.4246746e+05
   5.0209298e+05   2.0785939e+05   6.9660466e+05   1.1990959e+06   7.1018674e+05   1.8037107e+06   4.5139334e+05   7.3205318e+05   3.5982614e+05   2.1983897e+05   2.5166462e+05   7.9295021e+05   1.2188781e+06   2.9695237e+05   4.1119478e+05   1.2328530e+06   1.5639794e+05   6.2872580e+05   3.6322415e+05   8.0309285e+05   2.9736641e+05   1.9909155e+05   8.0613732e+05   9.3952205e+05   1.0591880e+06   8.4881263e+05   8.6180379e+05   3.9784980e+05   5.9696274e+05   5.4246746e+05
   3.0488034e+05   2.0785939e+05   6.9660466e+05   1.1990959e+06   7.1009740e+05   9.1954806e+04   4.5139334e+05   7.3205318e+05   3.5982614e+05   2.1240565e+05   2.4248001e+05   7.9295021e+05   2.9652106e+05   2.9695237e+05   4.1105820e+05   1.2328530e+06   1.5639794e+05   5.8708837e+05   9.2662564e+04   8.0309285e+05   2.9736641e+05   1.8582572e+05   8.0613732e+05   9.3952205e+05   1.1013770e+04   8.4881263e+05   8.4450091e+05   3.0598277e+05   4.9525884e+05   5.4246746e+05
   2.9964518e+05   2.0712918e+05   3.7793192e+05   5.0786804e+05   2.7601230e+05   8.8782787e+04   4.2964103e+05   5.7640697e+05   3.5803414e+05   1.8735104e+05   2.0340502e+05   5.4529584e+05   2.9652106e+05   2.9695237e+05   1.9487313e+05   1.5270203e+05   1.4662085e+05   3.9653310e+05   7.6100319e+04   1.0631408e+05   2.9736641e+05   1.8234956e+05   3.5277321e+05   3.4770134e+05   1.0780243e+04   3.6944169e+05   7.5199660e+04   2.9820175e+05   4.9072731e+05   1.6521791e+05
   1.2732079e+05   1.4389416e+05   1.5888453e+05   3.9454772e+05   3.5590891e+04   8.6471393e+04   2.4067670e+05   2.2824257e+05   3.5803414e+05   9.0801566e+04   1.2439074e+05   5.1573425e+04   6.2740666e+04   1.8787047e+05   1.2518282e+05   1.1959984e+05   1.1536583e+05   2.3165624e+05   7.3462645e+04   1.0631408e+05   2.4175914e+05   1.5245471e+05   7.4097393e+04   1.0197281e+05   1.0280857e+04   1.5107698e+05   6.5074523e+04   1.6682684e+04   7.4334682e+04   1.5158056e+05
   6.8604681e+04   1.1146646e+05   3.0955962e+04   1.9744084e+04   3.0151861e+04   4.7512863e+04   3.6756817e+04   8.5235454e+04   1.0436858e+05   2.8032148e+04   5.9582527e+04   3.7948173e+04   1.3587296e+04   5.4616485e+04   8.3345848e+04   5.4968390e+04   4.8296362e+04   7.1974913e+04   4.2056335e+04   3.3447425e+04   4.1614192e+04   1.8528169e+04   5.8953720e+04   6.3825229e+04   9.9841700e+03   9.3613537e+04   6.2642105e+04   1.4143230e+04   4.4055705e+04   5.9612233e+04
   5.7321750e+03   5.5837542e+03   9.7509647e+03   4.5867918e+03   3.8176557e+03   5.4776727e+03   2.5816089e+03   4.8023335e+03   4.7909288e+03   7.9773805e+02   2.9726561e+03   7.4687847e+02   2.9170098e+03   2.3167595e+03   3.5099608e+03   4.0137835e+03   5.4107815e+03   2.0887745e+02   1.2700549e+03   3.5181257e+03   2.9729464e+03   7.2408616e+03   2.1870182e+03   4.0673912e+03   4.4584619e+03   6.9722877e+03   1.1694323e+04   6.7862343e+03   3.3224090e+03   1.6424626e+03
   0.0000000e+00   0.0000000e+00   0.0000000e+00   0.0000000e+00   0.0000000e+00   0.0000000e+00   0.0000000e+00   0.0000000e+00   0.0000000e+00   0.0000000e+00   0.0000000e+00   0.0000000e+00   0.0000000e+00   0.0000000e+00   0.0000000e+00   0.0000000e+00   0.0000000e+00   0.0000000e+00   0.0000000e+00   0.0000000e+00   0.0000000e+00   0.0000000e+00   0.0000000e+00   0.0000000e+00   0.0000000e+00   0.0000000e+00   0.0000000e+00   0.0000000e+00   0.0000000e+00   0.0000000e+00
   0.0000000e+00   0.0000000e+00   0.0000000e+00   0.0000000e+00   0.0000000e+00   0.0000000e+00   0.0000000e+00   0.0000000e+00   0.0000000e+00   0.0000000e+00   0.0000000e+00   0.0000000e+00   0.0000000e+00   0.0000000e+00   0.0000000e+00   0.0000000e+00   0.0000000e+00   0.0000000e+00   0.0000000e+00   0.0000000e+00   0.0000000e+00   0.0000000e+00   0.0000000e+00   0.0000000e+00   0.0000000e+00   0.0000000e+00   0.0000000e+00   0.0000000e+00   0.0000000e+00   0.0000000e+00
   0.0000000e+00   0.0000000e+00   0.0000000e+00   0.0000000e+00   0.0000000e+00   0.0000000e+00   0.0000000e+00   0.0000000e+00   0.0000000e+00   0.0000000e+00   0.0000000e+00   0.0000000e+00   0.0000000e+00   0.0000000e+00   0.0000000e+00   0.0000000e+00   0.0000000e+00   0.0000000e+00   0.0000000e+00   0.0000000e+00   0.0000000e+00   0.0000000e+00   0.0000000e+00   0.0000000e+00   0.0000000e+00   0.0000000e+00   0.0000000e+00   0.0000000e+00   0.0000000e+00   0.0000000e+00
   0.0000000e+00   0.0000000e+00   0.0000000e+00   0.0000000e+00   0.0000000e+00   0.0000000e+00   0.0000000e+00   0.0000000e+00   0.0000000e+00   0.0000000e+00   0.0000000e+00   0.0000000e+00   0.0000000e+00   0.0000000e+00   0.0000000e+00   0.0000000e+00   0.0000000e+00   0.0000000e+00   0.0000000e+00   0.0000000e+00   0.0000000e+00   0.0000000e+00   0.0000000e+00   0.0000000e+00   0.0000000e+00   0.0000000e+00   0.0000000e+00   0.0000000e+00   0.0000000e+00   0.0000000e+00
   0.0000000e+00   0.0000000e+00   0.0000000e+00   0.0000000e+00   0.0000000e+00   0.0000000e+00   0.0000000e+00   0.0000000e+00   0.0000000e+00   0.0000000e+00   0.0000000e+00   0.0000000e+00   0.0000000e+00   0.0000000e+00   0.0000000e+00   0.0000000e+00   0.0000000e+00   0.0000000e+00   0.0000000e+00   0.0000000e+00   0.0000000e+00   0.0000000e+00   0.0000000e+00   0.0000000e+00   0.0000000e+00   0.0000000e+00   0.0000000e+00   0.0000000e+00   0.0000000e+00   0.0000000e+00
   0.0000000e+00   0.0000000e+00   0.0000000e+00   0.0000000e+00   0.0000000e+00   0.0000000e+00   0.0000000e+00   0.0000000e+00   0.0000000e+00   0.0000000e+00   0.0000000e+00   0.0000000e+00   0.0000000e+00   0.0000000e+00   0.0000000e+00   0.0000000e+00   0.0000000e+00   0.0000000e+00   0.0000000e+00   0.0000000e+00   0.0000000e+00   0.0000000e+00   0.0000000e+00   0.0000000e+00   0.0000000e+00   0.0000000e+00   0.0000000e+00   0.0000000e+00   0.0000000e+00   0.0000000e+00
   0.0000000e+00   0.0000000e+00   0.0000000e+00   0.0000000e+00   0.0000000e+00   0.0000000e+00   0.0000000e+00   0.0000000e+00   0.0000000e+00   0.0000000e+00   0.0000000e+00   0.0000000e+00   0.0000000e+00   0.0000000e+00   0.0000000e+00   0.0000000e+00   0.0000000e+00   0.0000000e+00   0.0000000e+00   0.0000000e+00   0.0000000e+00   0.0000000e+00   0.0000000e+00   0.0000000e+00   0.0000000e+00   0.0000000e+00   0.0000000e+00   0.0000000e+00   0.0000000e+00   0.0000000e+00
   0.0000000e+00   0.0000000e+00   0.0000000e+00   0.0000000e+00   0.0000000e+00   0.0000000e+00   0.0000000e+00   0.0000000e+00   0.0000000e+00   0.0000000e+00   0.0000000e+00   0.0000000e+00   0.0000000e+00   0.0000000e+00   0.0000000e+00   0.0000000e+00   0.0000000e+00   0.0000000e+00   0.0000000e+00   0.0000000e+00   0.0000000e+00   0.0000000e+00   0.0000000e+00   0.0000000e+00   0.0000000e+00   0.0000000e+00   0.0000000e+00   0.0000000e+00   0.0000000e+00   0.0000000e+00
