   1.8741714e+03   2.7198490e+03   2.4621447e+03   2.2233979e+03   2.2709845e+03   2.4796370e+03   2.4862917e+03   2.7132960e+03   2.7130407e+03   2.4159636e+03   2.0030615e+03   2.4722855e+03   2.5169229e+03   2.4796370e+03   2.1850806e+03   2.6641265e+03   2.2904979e+03   2.6304859e+03   2.5432016e+03   2.6279086e+03   2.1822790e+03   2.6534156e+03   2.6219128e+03   2.7221153e+03   2.7322036e+03   2.5157076e+03   2.5408806e+03   2.3639709e+03   2.5232228e+03   2.0607729e+03
   1.8741714e+03   2.5429360e+03   2.4621447e+03   2.2233979e+03   2.2091988e+03   2.2797200e+03   2.3317522e+03   2.4210168e+03   2.0339699e+03   2.4159636e+03   2.0030615e+03   2.4580567e+03   2.1899757e+03   2.2797200e+03   2.1850806e+03   2.6641265e+03   2.2904979e+03   2.4661591e+03   2.2755764e+03   1.9910017e+03   2.1822790e+03   2.1709267e+03   2.5490331e+03   2.5715092e+03   2.4422134e+03   2.3133471e+03   2.3039004e+03   2.1973758e+03   2.3090938e+03   1.7245761e+03
   1.8741714e+03   2.4606046e+03   2.1434268e+03   2.2233979e+03   2.2091988e+03   1.4592519e+03   2.1512624e+03   2.2786753e+03   2.0339699e+03   2.4159636e+03   1.4757506e+03   2.4580567e+03   2.1831118e+03   1.4592519e+03   2.0442301e+03   2.6474612e+03   2.2904979e+03   2.4249376e+03   1.7912382e+03   1.9910017e+03   2.1822790e+03   2.1709267e+03   2.4233377e+03   2.1534410e+03   2.4134514e+03   2.1346181e+03   2.0572619e+03   2.1973758e+03   2.3090938e+03   1.5153777e+03
   1.8741714e+03   2.4606046e+03   1.9613702e+03   2.0927143e+03   1.8728238e+03   1.4592519e+03   2.1512624e+03   2.2786753e+03   2.0339699e+03   2.3398468e+03   1.4757506e+03   2.3556977e+03   2.1493728e+03   1.4592519e+03   2.0442301e+03   2.5606135e+03   2.0993944e+03   2.2051608e+03   1.7912382e+03   1.9728784e+03   1.8946608e+03   2.0108509e+03   2.1444927e+03   1.9985956e+03   2.3231137e+03   2.0078664e+03   1.8128239e+03   2.1973758e+03   2.2370752e+03   1.4806366e+03
   1.7540856e+03   2.0603374e+03   1.9613702e+03   1.8425770e+03   1.5436941e+03   1.4592519e+03   1.6344382e+03   2.1417061e+03   1.4929522e+03   2.0664573e+03   1.4757506e+03   2.1989086e+03   2.0515334e+03   1.4592519e+03   2.0442301e+03   2.2424761e+03   1.8586680e+03   2.0479689e+03   1.5802222e+03   1.8237242e+03   1.7407660e+03   1.7786410e+03   1.9621317e+03   1.8566031e+03   2.1405353e+03   1.9899025e+03   1.7668188e+03   1.9785343e+03   2.0674650e+03   1.4806366e+03
   1.6507133e+03   1.6851819e+03   1.5922853e+03   1.8425770e+03   1.5436941e+03   1.3623207e+03   1.5096444e+03   1.5099150e+03   1.4929522e+03   1.2099249e+03   1.4757506e+03   1.6789506e+03   1.4582039e+03   1.3623207e+03   1.9550233e+03   1.7584179e+03   1.8584964e+03   1.6504310e+03   1.4460140e+03   1.4595463e+03   1.7003055e+03   1.6749920e+03   1.8633613e+03   1.4862668e+03   1.5277932e+03   1.6052019e+03   1.5870563e+03   1.8723091e+03   1.8981669e+03   1.3552187e+03
   1.3497570e+03   1.2022729e+03   1.1636179e+03   1.3351440e+03   1.2078786e+03   1.2251060e+03   1.3602377e+03   1.5099150e+03   1.4621890e+03   1.2099249e+03   1.4236643e+03   1.6343038e+03   1.4582039e+03   1.2251060e+03   1.7772515e+03   1.5273450e+03   1.3676809e+03   1.3048207e+03   1.3513263e+03   1.2289462e+03   1.3686113e+03   1.2571625e+03   1.3806251e+03   1.2826062e+03   1.4770339e+03   1.3626567e+03   1.2289839e+03   1.4877307e+03   1.3563047e+03   1.2287008e+03
   8.5102969e+02   1.1883064e+03   1.0155498e+03   8.3221652e+02   7.3218823e+02   1.1292735e+03   1.2189058e+03   1.1066783e+03   1.1855781e+03   9.2632117e+02   1.2872041e+03   1.1118715e+03   1.0040689e+03   1.1292735e+03   1.1744492e+03   1.0553948e+03   1.2492669e+03   1.1766892e+03   1.1099857e+03   1.2177183e+03   1.1168481e+03   8.1287865e+02   1.3444499e+03   1.1700454e+03   1.3199734e+03   1.3378330e+03   1.0862702e+03   1.0846955e+03   1.3118437e+03   1.0670097e+03
   7.6818969e+02   9.7393646e+02   6.8797668e+02   8.3221652e+02   5.4232338e+02   6.3739856e+02   1.0699179e+03   8.8347628e+02   1.0612237e+03   8.5130650e+02   1.0850935e+03   8.7306504e+02   9.1390258e+02   6.3739856e+02   9.9405556e+02   7.9594548e+02   1.0126085e+03   7.8199681e+02   9.0258830e+02   9.6996051e+02   9.4529218e+02   8.1287865e+02   9.6334317e+02   9.7798388e+02   8.0810970e+02   9.3190829e+02   1.0396665e+03   7.7636631e+02   1.0458157e+03   9.9771393e+02
   6.0205256e+02   6.2924339e+02   3.2031209e+02   6.1156674e+02   5.3925276e+02   5.3831966e+02   7.0702206e+02   7.4894294e+02   9.3777560e+02   7.2370407e+02   7.7074275e+02   1.6423904e+02   4.4681483e+02   5.3831966e+02   6.4776114e+02   6.6776598e+02   6.5156940e+02   7.6965043e+02   6.4738819e+02   6.2295112e+02   6.0287396e+02   8.1287865e+02   2.7845481e+02   6.0344096e+02   7.3410533e+02   8.1145266e+02   8.5781093e+02   6.4266059e+02   8.6265015e+02   7.4175511e+02
   5.2171019e+02   6.2924339e+02   3.1616457e+02   5.1593173e+02   5.3681152e+02   4.5839676e+02   5.2634188e+02   4.3722971e+02   5.5229728e+02   5.5738111e+02   4.5219690e+02   1.3069356e+02   4.0182658e+02   4.5839676e+02   4.8338357e+02   4.3689836e+02   5.3585203e+02   5.2210091e+02   4.2782479e+02   5.8606936e+02   3.2609153e+02   4.8025622e+02   2.5596527e+02   4.9133357e+02   6.1599371e+02   5.8909088e+02   6.0826251e+02   5.2123591e+02   3.2413598e+02   5.3818278e+02
   1.9979139e+02   2.7649405e+02   2.1733457e+02   1.7742488e+02   1.6422435e+02   2.1983596e+02   2.8040847e+02   1.9182868e+02   1.8498030e+02   2.7811475e+02   1.3256481e+02   1.2002207e+02   2.4217182e+02   2.1983596e+02   1.5745338e+02   1.4169865e+02   1.9319910e+02   2.2227155e+02   1.5465621e+02   2.9587930e+02   2.1846973e+02   1.3781786e+02   2.2575370e+02   2.2282230e+02   2.4989794e+02   1.9406154e+02   2.4624952e+02   2.1488327e+02   2.8123553e+02   2.3970633e+02
   2.8728844e+01   8.6801212e+00   2.2196955e+01   2.8596583e+01   2.1707601e+01   1.7021259e+01   1.7641635e+01   2.7846841e+01   1.8037927e+01   2.5028963e+01   1.3053267e+01   1.8880479e+01   2.2891113e+01   1.7021259e+01   1.0146315e+01   2.1111993e+01   2.3391567e+01   2.3561833e+01   2.4224677e+01   3.4569476e+01   1.8016753e+01   2.0977736e+01   2.3177838e+01   2.1222591e+01   1.7047231e+01   3.1021569e+01   2.5695252e+01   1.8373378e+01   2.5310094e+01   1.9147266e+01
   1.2735276e-01   1.0477200e-01   1.2183780e-01   7.9220746e-02   2.3611967e-01   8.0541937e-02   1.5086500e-01   1.6269367e-01   9.8269046e-02   4.0697619e-02   2.2030761e-01   4.2945731e-02   1.7463193e-01   8.0541937e-02   6.6525108e-02   1.2979238e-01   1.2761530e-01   2.6326089e-01   1.0768619e-01   2.3337578e-01   9.4101821e-02   1.8348205e-01   2.0147124e-01   1.8741401e-01   1.2911854e-01   1.4638113e-01   1.3113916e-01   2.3406518e-01   1.2534138e-01   1.9935520e-01
   0.0000000e+00   0.0000000e+00   0.0000000e+00   0.0000000e+00   0.0000000e+00   0.0000000e+00   0.0000000e+00   0.0000000e+00   0.0000000e+00   0.0000000e+00   0.0000000e+00   0.0000000e+00   0.0000000e+00   0.0000000e+00   0.0000000e+00   0.0000000e+00   0.0000000e+00   0.0000000e+00   0.0000000e+00   0.0000000e+00   0.0000000e+00   0.0000000e+00   0.0000000e+00   0.0000000e+00   0.0000000e+00   0.0000000e+00   0.0000000e+00   0.0000000e+00   0.0000000e+00   0.0000000e+00
   0.0000000e+00   0.0000000e+00   0.0000000e+00   0.0000000e+00   0.0000000e+00   0.0000000e+00   0.0000000e+00   0.0000000e+00   0.0000000e+00   0.0000000e+00   0.0000000e+00   0.0000000e+00   0.0000000e+00   0.0000000e+00   0.0000000e+00   0.0000000e+00   0.0000000e+00   0.0000000e+00   0.0000000e+00   0.0000000e+00   0.0000000e+00   0.0000000e+00   0.0000000e+00   0.0000000e+00   0.0000000e+00   0.0000000e+00   0.0000000e+00   0.0000000e+00   0.0000000e+00   0.0000000e+00
