   3.1893179e+06   5.6010958e+06   8.3057736e+06   1.0497283e+07   2.4752860e+06   2.3828229e+07   6.4388628e+06   1.1664153e+07   2.5151474e+06   3.8368800e+06   4.9357194e+06   5.0521412e+06   2.4654379e+07   1.1433002e+07   1.2988393e+07   1.9595382e+06   9.6507496e+06   6.6466384e+06   1.3495769e+06   5.8500781e+06   5.8384026e+06   1.0612393e+07   6.6981137e+06   2.9596580e+06   7.7398512e+06   7.8346830e+06   3.2658720e+07   4.7803591e+06   5.3847551e+06   6.4191676e+06
   1.1925897e+06   1.3746529e+06   1.1765744e+06   1.0497283e+07   2.4752860e+06   1.0029046e+07   6.0987474e+06   1.1664143e+07   2.5151474e+06   1.1159192e+06   4.9357194e+06   4.4989924e+06   1.1903335e+07   3.6371349e+06   5.3982116e+06   1.9595382e+06   9.6507496e+06   6.6466355e+06   9.6145209e+05   2.6898053e+06   5.8384026e+06   1.0612393e+07   6.0076416e+06   2.9596580e+06   1.5430044e+06   6.3980062e+06   2.6252022e+07   2.0813777e+06   5.0500022e+06   4.3880849e+06
   1.1923380e+06   1.3745912e+06   1.1761842e+06   1.0497283e+07   2.4752860e+06   6.2513592e+06   6.0986970e+06   3.6694012e+06   2.5151474e+06   1.1159192e+06   2.0274904e+06   3.7647459e+06   1.0487231e+07   3.6229056e+06   4.7147481e+06   1.9595382e+06   9.6504514e+06   2.4693598e+06   9.6145209e+05   2.5813896e+06   5.8384026e+06   7.6034938e+06   1.8404196e+06   2.9596580e+06   1.5429659e+06   6.2886388e+06   2.0624248e+07   2.0813777e+06   5.4072984e+05   3.7843053e+06
   1.0396947e+06   1.3745912e+06   1.1761842e+06   1.8010531e+06   2.3360741e+06   6.2513592e+06   4.7722080e+06   3.6693952e+06   2.9898339e+05   1.1152864e+06   2.0274904e+06   6.2805130e+05   3.1359212e+06   3.3314421e+06   2.4041192e+06   1.9595382e+06   1.8876006e+06   2.4693598e+06   9.6145209e+05   2.5809295e+06   4.6927508e+06   1.4340295e+06   1.8404136e+06   5.2320448e+04   1.5429659e+06   2.5932602e+06   4.0723540e+06   2.0813696e+06   5.4042434e+05   3.7843053e+06
   3.1722829e+05   9.0750574e+05   1.1761837e+06   1.8005267e+06   2.3360655e+06   4.4690762e+06   1.9508258e+06   3.6693735e+06   2.9898339e+05   1.1148009e+06   1.5621052e+06   6.2751258e+05   7.8726955e+05   4.0746658e+05   1.0806976e+06   1.9592196e+06   3.8723313e+05   1.4776860e+06   9.6145209e+05   2.5809207e+06   6.1253665e+05   7.8166056e+05   9.7101229e+05   5.2298488e+04   1.5429659e+06   2.4248147e+06   5.5913880e+05   9.0874729e+05   5.4042434e+05   3.7843053e+06
   3.1694805e+05   9.0750408e+05   8.2384613e+05   1.5068183e+06   8.5828618e+05   3.7151088e+05   4.6936541e+05   7.1550901e+05   1.7833967e+05   9.3883111e+05   1.0681020e+06   6.2751258e+05   7.1944064e+05   4.0723731e+05   8.0602186e+05   3.9457692e+05   3.8723313e+05   1.2421577e+06   8.6646382e+05   5.1374974e+05   3.2877099e+05   7.3183575e+05   2.0110106e+05   5.1610117e+04   9.1449813e+05   3.7754097e+05   3.1608356e+05   2.3801584e+05   5.4042434e+05   1.3527315e+06
   1.0275456e+05   2.7003866e+05   4.1004096e+05   4.7939615e+05   8.5828618e+05   3.7149986e+05   2.6672623e+05   4.6685820e+05   1.7779418e+05   2.8898019e+05   4.5194137e+05   5.0703893e+05   7.1932257e+05   4.0723731e+05   3.4528096e+05   2.1439092e+05   2.5237013e+05   8.2346415e+05   7.3632748e+05   5.1372868e+05   3.2877099e+05   7.3181586e+05   5.6081154e+04   4.7378250e+04   5.9530005e+04   3.7737440e+05   3.1607468e+05   2.3761576e+05   2.8940636e+05   1.0707690e+05
   1.0226345e+05   2.6944753e+05   4.0953833e+05   1.9465658e+05   3.8266981e+04   1.2710552e+05   2.4377199e+05   1.2361820e+05   1.3578953e+05   2.0903253e+05   2.8778222e+05   2.1459735e+05   1.2503935e+05   2.6780555e+05   2.8383304e+04   1.0499106e+05   4.9986993e+04   3.5822118e+05   2.0028615e+05   2.3686912e+05   2.2280316e+05   1.9899693e+05   4.9047454e+04   1.9406204e+04   5.9481206e+04   2.1474001e+05   3.1607468e+05   1.2614266e+05   2.4850560e+05   1.0689404e+05
   5.8704830e+04   1.0302410e+05   2.0590455e+05   1.1342780e+05   3.8057997e+04   1.1950378e+05   2.7575512e+04   1.2342859e+05   6.7290613e+04   5.2271417e+04   5.3891916e+04   1.6431114e+05   1.0319108e+05   1.7938191e+05   2.1655782e+04   9.3244428e+03   1.9483566e+04   1.2782969e+05   7.3279257e+04   2.5813980e+04   3.7619253e+04   3.5729359e+04   4.3132186e+04   1.9406204e+04   5.9187433e+04   1.4911877e+05   2.6757811e+04   5.3622879e+04   7.4553847e+04   1.0505334e+05
   1.5210151e+04   8.8943646e+04   5.2221463e+04   1.2654797e+04   1.3096199e+04   2.3763275e+04   3.0561251e+03   2.7318850e+04   3.6141601e+04   6.8291815e+03   3.9138579e+04   3.2183049e+04   2.2858522e+04   1.4029104e+04   9.8861168e+03   9.0212349e+03   1.8668568e+04   4.8155714e+04   1.1667613e+04   1.1372422e+04   2.1320958e+04   3.1346365e+04   1.6471475e+04   1.5896499e+04   3.0158935e+03   1.5399694e+04   2.6104458e+04   1.1727947e+04   4.7855871e+04   1.2535742e+04
   1.2403781e+04   2.7494655e+04   1.5149306e+04   9.1668307e+03   6.1944586e+03   1.0507978e+04   3.2167498e+02   8.1039515e+03   5.8156822e+03   1.0397133e+03   5.1807387e+03   8.1204649e+03   1.6815444e+04   1.3667542e+04   6.9459080e+03   8.8481419e+03   2.1129905e+03   1.4537607e+03   5.2209427e+03   8.6823989e+03   1.6257741e+04   1.5932147e+03   1.6469241e+04   1.0703905e+04   9.0293234e+02   4.8231706e+03   2.6896146e+03   1.1251513e+04   2.1361916e+03   1.2310706e+04
   0.0000000e+00   0.0000000e+00   0.0000000e+00   0.0000000e+00   0.0000000e+00   0.0000000e+00   0.0000000e+00   0.0000000e+00   0.0000000e+00   0.0000000e+00   0.0000000e+00   0.0000000e+00   0.0000000e+00   0.0000000e+00   0.0000000e+00   0.0000000e+00   0.0000000e+00   0.0000000e+00   0.0000000e+00   0.0000000e+00   0.0000000e+00   0.0000000e+00   0.0000000e+00   0.0000000e+00   0.0000000e+00   0.0000000e+00   0.0000000e+00   0.0000000e+00   0.0000000e+00   3.2142827e-01
   0.0000000e+00   0.0000000e+00   0.0000000e+00   0.0000000e+00   0.0000000e+00   0.0000000e+00   0.0000000e+00   0.0000000e+00   0.0000000e+00   0.0000000e+00   0.0000000e+00   0.0000000e+00   0.0000000e+00   0.0000000e+00   0.0000000e+00   0.0000000e+00   0.0000000e+00   0.0000000e+00   0.0000000e+00   0.0000000e+00   0.0000000e+00   0.0000000e+00   0.0000000e+00   0.0000000e+00   0.0000000e+00   0.0000000e+00   0.0000000e+00   0.0000000e+00   0.0000000e+00   0.0000000e+00
   0.0000000e+00   0.0000000e+00   0.0000000e+00   0.0000000e+00   0.0000000e+00   0.0000000e+00   0.0000000e+00   0.0000000e+00   0.0000000e+00   0.0000000e+00   0.0000000e+00   0.0000000e+00   0.0000000e+00   0.0000000e+00   0.0000000e+00   0.0000000e+00   0.0000000e+00   0.0000000e+00   0.0000000e+00   0.0000000e+00   0.0000000e+00   0.0000000e+00   0.0000000e+00   0.0000000e+00   0.0000000e+00   0.0000000e+00   0.0000000e+00   0.0000000e+00   0.0000000e+00   0.0000000e+00
   0.0000000e+00   0.0000000e+00   0.0000000e+00   0.0000000e+00   0.0000000e+00   0.0000000e+00   0.0000000e+00   0.0000000e+00   0.0000000e+00   0.0000000e+00   0.0000000e+00   0.0000000e+00   0.0000000e+00   0.0000000e+00   0.0000000e+00   0.0000000e+00   0.0000000e+00   0.0000000e+00   0.0000000e+00   0.0000000e+00   0.0000000e+00   0.0000000e+00   0.0000000e+00   0.0000000e+00   0.0000000e+00   0.0000000e+00   0.0000000e+00   0.0000000e+00   0.0000000e+00   0.0000000e+00
   0.0000000e+00   0.0000000e+00   0.0000000e+00   0.0000000e+00   0.0000000e+00   0.0000000e+00   0.0000000e+00   0.0000000e+00   0.0000000e+00   0.0000000e+00   0.0000000e+00   0.0000000e+00   0.0000000e+00   0.0000000e+00   0.0000000e+00   0.0000000e+00   0.0000000e+00   0.0000000e+00   0.0000000e+00   0.0000000e+00   0.0000000e+00   0.0000000e+00   0.0000000e+00   0.0000000e+00   0.0000000e+00   0.0000000e+00   0.0000000e+00   0.0000000e+00   0.0000000e+00   0.0000000e+00
