   2.0207137e+05   1.1485372e+04   7.9325728e+04   1.2562304e+04   2.5209986e+04   8.6369828e+04   1.4215173e+05   2.3511405e+04   5.3710216e+05   1.7715087e+04   7.0644305e+04   1.1425160e+05   1.7554642e+05   4.1497670e+04   1.9916047e+05   1.8419592e+05   9.2226911e+04   2.2405289e+04   2.5790388e+03   1.3580364e+05   1.7079374e+05   1.3344754e+05   1.5346250e+05   1.2650699e+04   5.4370189e+04   2.5047655e+05   2.3340506e+05   8.3812408e+04   5.7954006e+04   9.8429313e+04
   1.9216857e+05   1.1485372e+04   7.9325728e+04   1.0365577e+04   2.4330563e+04   8.4384522e+04   1.3428238e+05   2.3511405e+04   2.0434433e+05   1.7715087e+04   6.0060203e+04   1.1425160e+05   1.7554642e+05   2.2943496e+04   1.9916047e+05   1.8419592e+05   9.2226911e+04   2.2405289e+04   2.4663555e+03   1.3450048e+04   1.2359144e+05   1.3344754e+05   1.5322864e+05   1.2650699e+04   5.1771961e+04   2.4487139e+05   1.6594729e+05   2.9445416e+04   5.7954006e+04   9.6559099e+04
   1.9137387e+05   1.1485372e+04   1.0693810e+04   9.4176791e+03   2.2071039e+04   4.3220035e+04   1.2992032e+05   2.3511405e+04   1.2670814e+04   1.4153601e+04   5.4386132e+04   1.1073453e+05   1.7554642e+05   2.2943496e+04   2.5594467e+04   1.8419592e+05   8.1975559e+04   1.9486721e+04   2.4663555e+03   2.6104100e+03   1.2359144e+05   1.3344754e+05   1.5279785e+05   1.2398868e+04   5.1771961e+04   2.4487139e+05   1.6594729e+05   9.3435301e+03   4.0391747e+04   9.6559099e+04
   1.5218943e+05   7.9549138e+03   1.0693810e+04   9.4176791e+03   8.6566979e+03   4.3220035e+04   2.6936851e+04   2.3511405e+04   1.2670814e+04   9.0539617e+03   2.8047801e+04   7.8703589e+03   9.2159044e+04   2.2943496e+04   2.5594467e+04   1.3178490e+05   5.3911926e+04   1.9486721e+04   2.2549020e+03   2.6104100e+03   1.0372500e+05   1.3344754e+05   4.9242839e+04   1.2398868e+04   2.4844273e+04   1.2586340e+05   3.7288459e+04   8.9944353e+03   4.0391747e+04   9.0376356e+04
   3.5692570e+04   3.7659132e+03   1.0693810e+04   9.4176791e+03   6.6738222e+03   3.8030543e+04   2.6531059e+04   2.1711708e+04   1.2670814e+04   6.8163157e+03   2.5028785e+04   6.5088495e+03   3.3301231e+04   1.4941925e+04   1.7612983e+04   4.4830342e+04   3.7383813e+04   1.9199305e+04   2.2549020e+03   2.3426480e+03   1.5302820e+04   4.2255165e+04   3.9916459e+04   1.2175221e+04   8.6110995e+03   2.7087330e+04   3.7288459e+04   6.1503148e+03   7.3338618e+03   2.3147530e+03
   1.0487324e+04   3.7659132e+03   5.9201219e+03   9.0350419e+03   3.9249346e+03   1.7689191e+04   1.1600376e+04   2.0042005e+04   1.2426838e+04   4.3270554e+03   1.4004622e+04   6.5088495e+03   3.2779017e+04   1.4267102e+04   1.7359773e+04   4.4830342e+04   3.7202027e+04   1.5120196e+04   1.2285211e+03   1.9874918e+03   1.5129600e+04   1.6679822e+04   1.8694229e+04   1.2175221e+04   5.0668950e+03   2.2546766e+04   3.6452396e+04   6.0376892e+03   3.4196754e+03   2.0169967e+03
   3.6652036e+03   3.5482628e+03   3.1256032e+03   7.2500476e+03   1.4133720e+03   1.1531203e+03   1.0769676e+04   5.2366517e+03   1.2426838e+04   1.9620371e+03   5.6534649e+03   5.0676286e+03   2.5018792e+04   1.1754889e+04   1.1270030e+04   8.2956531e+03   2.7343470e+03   1.0082524e+04   1.2285211e+03   1.1356319e+03   1.6619472e+03   7.6928479e+03   1.6517799e+03   9.3081910e+03   1.5915123e+03   6.5548317e+03   3.4369876e+04   4.8416639e+03   2.7714239e+03   1.5542815e+03
   7.2153981e+01   1.4305528e+03   1.5274297e+03   2.1825528e+03   7.8923869e+02   1.0338258e+03   2.5269477e+02   3.0943432e+02   2.2594114e+03   3.6491327e+01   3.1354555e+02   1.5726438e+03   2.4104357e+03   8.7376428e+02   7.5989178e+03   1.2925305e+03   2.5242544e+03   4.5265964e+03   2.4888578e+02   5.7253622e+02   1.3970612e+03   3.5368507e+03   9.4997534e+02   6.4049546e+02   6.6304851e+02   7.2735726e+02   7.3580382e+03   1.8647085e+03   1.2801538e+03   1.4033508e+03
   4.7279937e+01   2.5852748e+02   3.9484995e+02   6.7815507e+01   5.1475962e+02   2.8509284e+01   1.0178143e+02   1.4047513e+01   4.1506388e+02   2.1260568e+01   5.1067624e+01   2.2031528e+02   5.7689519e+02   7.3569138e+01   2.7294961e+02   2.2490497e+02   3.0975641e+02   2.5029575e+02   4.4885628e+01   1.7539908e+02   1.3878795e+02   2.4994380e+01   3.3235634e+02   1.5910624e+02   1.3744201e+02   1.8668969e+02   3.2842402e+02   6.0458952e+01   1.3403718e+02   2.2431854e+01
   2.0074420e+01   7.7708204e+00   1.0641292e+01   9.1361435e+00   9.6396182e+00   1.1822501e+01   1.1535995e+01   1.0764337e+01   1.0681364e+01   1.8602189e+01   1.0857381e+01   1.5885857e+01   3.0461666e+01   2.1332180e+01   1.6855821e+01   1.0117976e+01   2.3100289e+01   1.6343489e+01   2.0785304e+01   6.4315261e+00   7.5121372e+00   1.9172458e+01   1.3017301e+01   1.7287321e+01   1.5970330e+01   2.9211150e+01   2.3341099e+01   1.4876957e+01   3.7836283e+01   1.5021261e+01
   4.5082422e+00   4.6642826e+00   5.7556912e+00   4.2070840e+00   4.3474417e+00   4.9077452e+00   6.4184844e+00   4.9129635e+00   6.3003665e+00   2.8444832e+00   3.6105161e+00   4.6031922e+00   5.8203616e+00   6.4809099e+00   5.1844027e+00   5.1592489e+00   5.4454459e+00   5.3740253e+00   6.9037212e+00   3.2751663e+00   4.8141383e+00   5.8462364e+00   5.6688510e+00   7.2554356e+00   4.9845862e+00   6.2898246e+00   5.9816975e+00   4.7966856e+00   5.5845673e+00   5.5845001e+00
   3.3442745e+00   3.5910990e+00   2.2520410e+00   3.0104784e+00   2.6062952e+00   2.8118326e+00   2.5414367e+00   2.8385184e+00   2.4136704e+00   1.8550197e+00   2.9005393e+00   3.6881511e+00   2.6570411e+00   2.4403916e+00   3.0124838e+00   2.5143104e+00   2.3562323e+00   2.4490315e+00   3.0022165e+00   2.3661654e+00   3.8806528e+00   2.5890896e+00   2.3305402e+00   3.0002626e+00   3.4057470e+00   2.5958558e+00   3.6617351e+00   2.7700641e+00   3.9496631e+00   2.9541859e+00
   1.6196193e+00   2.4498767e+00   2.1245043e+00   1.9220696e+00   2.0817664e+00   1.5910645e+00   1.6554155e+00   1.5576478e+00   1.7423835e+00   1.4487627e+00   2.2172731e+00   1.8033965e+00   1.9195185e+00   1.6387119e+00   2.1462336e+00   1.6789239e+00   2.0439845e+00   1.7736036e+00   2.2383510e+00   2.3637795e+00   1.8783610e+00   2.4852980e+00   2.2424115e+00   2.6069705e+00   2.2848760e+00   2.2050152e+00   2.3836931e+00   1.6971653e+00   2.2961726e+00   1.4570462e+00
   1.6002000e+00   1.7058346e+00   9.6488955e-01   1.9220696e+00   1.4440460e+00   1.3328936e+00   1.4596074e+00   1.4524946e+00   1.3777407e+00   1.0502004e+00   1.2943809e+00   1.6065979e+00   1.8306907e+00   1.4327833e+00   1.6630991e+00   1.6385203e+00   1.3192244e+00   1.5529527e+00   1.9773244e+00   1.8592344e+00   1.8484547e+00   1.2225621e+00   1.7147201e+00   1.7842463e+00   1.2495777e+00   1.5482929e+00   1.8980404e+00   1.2436775e+00   1.4928925e+00   1.4481294e+00
   7.0276670e-01   1.0587703e+00   9.1864463e-01   1.2557999e+00   1.2428149e+00   1.1572666e+00   1.0137427e+00   9.7633048e-01   9.6024259e-01   1.0502004e+00   8.7829338e-01   1.4295515e+00   1.4489760e+00   1.2852317e+00   1.0545907e+00   1.3272459e+00   1.0894565e+00   1.0349845e+00   1.1981534e+00   1.5817527e+00   1.2600205e+00   1.1575451e+00   1.1808999e+00   1.5758911e+00   1.1131357e+00   1.2204038e+00   1.2821969e+00   1.2060351e+00   1.4928925e+00   1.2291829e+00
   5.0834446e-01   5.3995622e-01   5.5771839e-01   6.5760354e-01   6.7810687e-01   7.3843097e-01   7.6119178e-01   7.9124652e-01   8.1145909e-01   8.2176842e-01   8.4224736e-01   8.4796888e-01   8.5049559e-01   8.5389615e-01   8.5420930e-01   8.9946209e-01   9.0061870e-01   9.0239529e-01   9.3112207e-01   9.3670176e-01   9.3936531e-01   9.8809161e-01   1.0134932e+00   1.0170986e+00   1.0281613e+00   1.0295646e+00   1.0340097e+00   1.1443285e+00   1.1490558e+00   1.1645035e+00
