   1.0144322e+04   9.7036971e+03   6.3775168e+03   9.0581842e+03   6.2809550e+03   9.4351155e+03   7.0021782e+03   5.7665840e+03   4.0245783e+03   1.0350123e+04   1.0234785e+04   6.6652311e+03   8.0542747e+03   6.8016069e+03   1.0697292e+04   5.0130536e+03   9.3720217e+03   7.6737959e+03   1.0637190e+04   5.8706085e+03   1.1561832e+04   1.0990916e+04   8.8213492e+03   4.0423218e+03   4.2022573e+03   6.5052667e+03   4.8662246e+03   9.1940379e+03   1.2429351e+04   1.0239970e+04
   1.0144322e+04   9.7036971e+03   6.3775168e+03   9.0581842e+03   6.2809550e+03   9.4351155e+03   7.0021782e+03   5.7665840e+03   4.0245783e+03   1.0350123e+04   1.0234785e+04   6.4380812e+03   8.0270040e+03   6.8016069e+03   1.0697292e+04   5.0130536e+03   9.3720217e+03   7.6737959e+03   1.0637190e+04   5.7247620e+03   1.1561832e+04   1.0990916e+04   8.8213492e+03   4.0423218e+03   4.2022573e+03   6.2628654e+03   4.8662246e+03   9.1940379e+03   8.3550191e+03   1.0239970e+04
   8.8129539e+03   9.7036971e+03   6.3775168e+03   8.4348083e+03   4.9780118e+03   9.1256964e+03   7.0021782e+03   5.7665840e+03   3.9783285e+03   9.0274940e+03   1.0234785e+04   6.4380812e+03   7.4496573e+03   6.8016069e+03   9.8257221e+03   5.0130536e+03   9.3720217e+03   7.2873543e+03   9.3634188e+03   5.7247620e+03   6.5360573e+03   1.0990916e+04   8.7019450e+03   3.9801012e+03   4.2022573e+03   5.5013036e+03   4.8453370e+03   9.1940379e+03   8.3550191e+03   1.0239970e+04
   8.1101998e+03   9.2528119e+03   4.9122909e+03   6.6580336e+03   4.9780118e+03   7.7697178e+03   7.0021782e+03   5.3731778e+03   3.9588954e+03   5.8041829e+03   9.2197663e+03   5.1901449e+03   6.5667594e+03   6.7007319e+03   8.9224611e+03   5.0130536e+03   6.9342443e+03   7.1811492e+03   8.9100190e+03   5.6892596e+03   3.5121645e+03   5.7519260e+03   4.2941906e+03   3.9801012e+03   4.1643267e+03   5.5013036e+03   4.1226308e+03   8.9316439e+03   5.5015967e+03   9.5615521e+03
   7.0669063e+03   6.1080861e+03   4.8597946e+03   5.2494716e+03   4.9780118e+03   7.1082983e+03   6.9564477e+03   4.4521665e+03   3.8184762e+03   5.2089644e+03   7.2803063e+03   4.4992947e+03   6.5667594e+03   5.6843677e+03   6.8944818e+03   5.0130536e+03   6.9342443e+03   6.7963138e+03   7.4465333e+03   5.6101733e+03   3.5047458e+03   5.7519260e+03   3.9198615e+03   3.9801012e+03   4.1643267e+03   5.2607745e+03   4.1226308e+03   5.7608890e+03   5.3423903e+03   7.3870819e+03
   4.9274752e+03   5.1030815e+03   4.3791605e+03   4.5006017e+03   4.9780118e+03   3.5195440e+03   6.5186718e+03   3.1105821e+03   3.4903697e+03   4.9415215e+03   3.3048431e+03   4.4780623e+03   6.1527565e+03   4.2441669e+03   4.2388006e+03   4.6314251e+03   5.7125452e+03   4.1172520e+03   3.9079426e+03   5.0291729e+03   3.4667051e+03   5.3247823e+03   2.9444090e+03   3.7907375e+03   4.1309069e+03   4.4624530e+03   4.0655487e+03   4.7125865e+03   3.5198248e+03   5.8551326e+03
   2.1217233e+03   3.7590503e+03   3.0734810e+03   2.9617975e+03   1.7396023e+03   2.5741483e+03   2.7133034e+03   2.7968028e+03   3.3020004e+03   1.7280343e+03   2.1571738e+03   1.9495100e+03   3.6968077e+03   2.1177656e+03   3.8462937e+03   2.8385655e+03   3.9800116e+03   2.5328290e+03   2.7029419e+03   2.6375946e+03   3.4171872e+03   3.1012161e+03   1.7917602e+03   2.0877088e+03   2.6820225e+03   2.6534014e+03   3.2503881e+03   1.9417221e+03   2.5533994e+03   3.0866257e+03
   1.3132056e+03   1.5531127e+03   1.3504802e+03   1.3247554e+03   1.3394238e+03   1.5203275e+03   1.7352953e+03   1.0678653e+03   1.7385382e+03   1.1944794e+03   1.2095122e+03   1.3450375e+03   1.0014721e+03   1.3799091e+03   2.2912485e+03   1.7921005e+03   1.3509829e+03   1.2987035e+03   1.2173510e+03   1.0232335e+03   1.1477172e+03   1.8970920e+03   1.1304518e+03   1.4235062e+03   1.7042610e+03   1.5484480e+03   1.2918544e+03   1.7944365e+03   1.4494045e+03   1.4352349e+03
   6.5765795e+02   7.0794270e+02   6.9794197e+02   7.4492331e+02   6.2586389e+02   6.3782868e+02   7.2863602e+02   6.3390499e+02   7.6418255e+02   7.8206830e+02   7.1637987e+02   8.3413862e+02   8.0119376e+02   7.3297575e+02   9.0919427e+02   7.4071780e+02   8.1442326e+02   7.6825229e+02   7.6451469e+02   7.6696656e+02   7.5222961e+02   8.0921489e+02   6.9932199e+02   6.5363856e+02   7.7049652e+02   7.7498764e+02   6.4221328e+02   7.4964192e+02   7.3991378e+02   6.8297812e+02
   4.9407521e+02   5.4376392e+02   4.9146025e+02   5.1150298e+02   5.1384904e+02   5.0045100e+02   5.4419901e+02   4.8437850e+02   5.3145141e+02   5.0408106e+02   5.2018030e+02   5.3845222e+02   4.8913224e+02   5.1682959e+02   5.5523818e+02   5.2254417e+02   5.3030486e+02   5.1330663e+02   5.1003797e+02   5.1694432e+02   5.2911159e+02   5.2927002e+02   5.1934010e+02   5.2345646e+02   5.3358417e+02   5.1135069e+02   4.7263348e+02   4.7994394e+02   5.0994056e+02   4.9641531e+02
   4.3940429e+02   4.3047322e+02   4.2852761e+02   4.4422294e+02   4.3321900e+02   4.3004914e+02   4.4269190e+02   4.3545813e+02   4.5017057e+02   4.3388410e+02   4.3864957e+02   4.4016944e+02   4.4565082e+02   4.3668258e+02   4.5231083e+02   4.3836686e+02   4.6183322e+02   4.3668789e+02   4.3414201e+02   4.3363043e+02   4.5496316e+02   4.4316609e+02   4.3650803e+02   4.5514431e+02   4.5519806e+02   4.4558444e+02   4.2988903e+02   4.3263975e+02   4.4185614e+02   4.3109952e+02
   4.1418200e+02   4.1652656e+02   4.1444142e+02   4.1530427e+02   4.1032309e+02   4.1307660e+02   4.1607914e+02   4.0909519e+02   4.2081106e+02   4.1607880e+02   4.1656502e+02   4.1506716e+02   4.1592810e+02   4.1590922e+02   4.1530962e+02   4.1403519e+02   4.1960478e+02   4.1287976e+02   4.1565585e+02   4.2558728e+02   4.1654221e+02   4.1538363e+02   4.1470051e+02   4.1750281e+02   4.2939255e+02   4.1511589e+02   4.1415768e+02   4.1443097e+02   4.1486069e+02   4.1456614e+02
   4.0947248e+02   4.0308370e+02   4.1369923e+02   4.1211321e+02   4.0078737e+02   4.0518185e+02   4.0613561e+02   3.9977247e+02   4.1284643e+02   4.0692640e+02   4.0752338e+02   4.1278135e+02   4.0812700e+02   4.0821330e+02   4.0672561e+02   4.1012005e+02   4.1401304e+02   4.1018204e+02   4.1072362e+02   4.1410804e+02   4.1050258e+02   4.1026416e+02   4.1075102e+02   4.1204829e+02   4.1412147e+02   4.1381053e+02   4.1383938e+02   4.1383481e+02   4.1387841e+02   4.1383886e+02
   3.9975190e+02   3.9923327e+02   3.9989997e+02   3.9910444e+02   3.9908436e+02   3.9937653e+02   3.9921020e+02   3.9909283e+02   3.9972456e+02   4.0001109e+02   3.9949965e+02   4.0186508e+02   4.0299938e+02   4.0299096e+02   4.0266304e+02   4.1002281e+02   4.1025397e+02   4.1004589e+02   4.1008059e+02   4.1029427e+02   4.1006213e+02   4.1007814e+02   4.1016045e+02   4.1037754e+02   4.1376262e+02   4.1370702e+02   4.1373266e+02   4.1375567e+02   4.1378424e+02   4.1376035e+02
   3.9903892e+02   3.9904638e+02   3.9905233e+02   3.9904932e+02   3.9905233e+02   3.9908102e+02   3.9908229e+02   3.9907424e+02   3.9912743e+02   3.9909860e+02   3.9914106e+02   4.0158528e+02   4.0205750e+02   4.0264902e+02   4.0265372e+02   4.1001882e+02   4.1006871e+02   4.1002941e+02   4.1003885e+02   4.1011258e+02   4.1004772e+02   4.1005907e+02   4.1013845e+02   4.1031691e+02   4.1374693e+02   4.1370127e+02   4.1372475e+02   4.1373564e+02   4.1374637e+02   4.1374394e+02
   3.9903310e+02   3.9904136e+02   3.9904755e+02   3.9904932e+02   3.9904932e+02   3.9907078e+02   3.9907183e+02   3.9907424e+02   3.9909148e+02   3.9909222e+02   3.9911483e+02   4.0158387e+02   4.0204066e+02   4.0262349e+02   4.0265372e+02   4.1001842e+02   4.1002177e+02   4.1002623e+02   4.1003453e+02   4.1003745e+02   4.1004472e+02   4.1005408e+02   4.1013735e+02   4.1030854e+02   4.1367229e+02   4.1370026e+02   4.1372179e+02   4.1372933e+02   4.1373377e+02   4.1373964e+02
