   2.9799052e+10   3.2522041e+10   4.2401933e+10   4.0153193e+10   3.9639241e+10   3.7064474e+10   4.3874765e+10   3.3547066e+10   3.7071778e+10   3.7584335e+10   3.1893291e+10   3.6109755e+10   3.6948166e+10   3.7064474e+10   4.5303989e+10   4.0870469e+10   3.3179520e+10   3.9109587e+10   3.4909391e+10   4.3353785e+10   4.7252510e+10   3.9094909e+10   2.9835398e+10   3.4523543e+10   4.2551048e+10   3.2552244e+10   2.9297853e+10   4.5783881e+10   3.7771506e+10   3.6337550e+10
   2.9799052e+10   3.1573339e+10   4.2401933e+10   4.0153193e+10   3.6190539e+10   3.7064474e+10   4.3874765e+10   3.3547066e+10   3.7071778e+10   3.7584335e+10   3.1893291e+10   3.6109755e+10   3.6948166e+10   3.7064474e+10   4.4733531e+10   4.0870469e+10   3.3179520e+10   3.8543316e+10   3.4909391e+10   4.3353785e+10   4.7252510e+10   3.7607686e+10   2.9835398e+10   3.4523543e+10   4.2551048e+10   3.2552244e+10   2.9297853e+10   4.2877971e+10   3.7771506e+10   3.6337550e+10
   2.9642241e+10   3.1493620e+10   4.1446042e+10   4.0042417e+10   3.5510170e+10   3.5650265e+10   4.1884931e+10   3.2935796e+10   3.7071778e+10   2.9077959e+10   3.1893291e+10   3.6109755e+10   3.6948166e+10   3.5650265e+10   2.8160712e+10   2.8669851e+10   3.3179520e+10   3.8543316e+10   3.4909391e+10   4.3353785e+10   4.6969235e+10   3.7607686e+10   2.9835398e+10   3.4523543e+10   4.2099190e+10   3.2552244e+10   2.9297853e+10   4.0012537e+10   3.7771506e+10   3.6337550e+10
   2.9485438e+10   3.1493620e+10   3.9121621e+10   3.4918845e+10   2.5228487e+10   3.5650265e+10   3.2439374e+10   3.2935796e+10   3.7071778e+10   2.9077959e+10   2.8795325e+10   3.5554090e+10   3.6203741e+10   3.5650265e+10   2.6975627e+10   2.5442897e+10   3.2778335e+10   3.6982580e+10   3.4509307e+10   4.3353785e+10   3.6346282e+10   3.4677194e+10   2.9835398e+10   3.4523543e+10   3.7380625e+10   3.2552244e+10   2.2730207e+10   3.9191356e+10   3.3087130e+10   3.0623732e+10
   2.7546943e+10   3.1151313e+10   3.7147622e+10   3.4918845e+10   2.4317714e+10   3.5650265e+10   2.8288774e+10   3.2062503e+10   3.7071778e+10   2.4038878e+10   2.8296155e+10   2.5894023e+10   3.4060677e+10   3.5650265e+10   1.8473510e+10   2.2372372e+10   3.1460756e+10   3.0109910e+10   2.8818733e+10   3.5469307e+10   3.6346282e+10   3.3048183e+10   2.9069976e+10   3.3634793e+10   3.4351893e+10   2.2736131e+10   2.2726816e+10   2.8798624e+10   2.0136346e+10   3.0558370e+10
   2.6685853e+10   2.8783641e+10   2.6894100e+10   2.2943334e+10   2.3154408e+10   2.6853392e+10   1.6999884e+10   1.9863473e+10   3.1585632e+10   2.0111496e+10   1.8582773e+10   2.1494528e+10   2.5977560e+10   2.6853392e+10   1.6215285e+10   2.1912738e+10   2.0499478e+10   1.9842213e+10   2.8318179e+10   1.6817424e+10   2.1904231e+10   2.1286666e+10   1.6787099e+10   2.0964341e+10   2.6265318e+10   2.1460421e+10   1.1882413e+10   2.8562689e+10   1.9565972e+10   1.7585786e+10
   1.6200373e+10   1.8641077e+10   1.6389345e+10   1.4625993e+10   1.6701355e+10   1.4629565e+10   1.3132287e+10   1.4714275e+10   1.7488085e+10   1.8700383e+10   1.6175437e+10   1.1917148e+10   9.5990869e+09   1.4629565e+10   1.5292583e+10   1.3882072e+10   1.5486954e+10   1.2568572e+10   1.7597795e+10   1.2991106e+10   1.3753467e+10   1.5146199e+10   1.5537722e+10   1.1142382e+10   1.6626067e+10   1.3397551e+10   1.1295053e+10   1.3044629e+10   1.4067493e+10   1.3668931e+10
   6.4425501e+09   7.0344756e+09   7.4434913e+09   6.8570528e+09   6.1713708e+09   4.1965755e+09   4.5806764e+09   5.3825393e+09   6.3125666e+09   8.6829631e+09   5.1548074e+09   5.3161544e+09   5.9678089e+09   4.1965755e+09   6.2281264e+09   7.1776599e+09   3.9854643e+09   6.8779319e+09   5.9922008e+09   5.6695561e+09   7.6810673e+09   8.6698983e+09   4.8817117e+09   5.8750541e+09   6.0676909e+09   6.3114220e+09   6.7099172e+09   5.7273371e+09   6.0998887e+09   6.6466822e+09
   2.2014257e+09   2.1740742e+09   2.0030048e+09   1.8159934e+09   1.9871150e+09   1.7398358e+09   1.4347532e+09   1.7757411e+09   1.3292385e+09   1.6138561e+09   1.2277102e+09   1.5546622e+09   9.7399828e+08   1.7398358e+09   1.9228583e+09   2.1411051e+09   1.3901399e+09   1.3469305e+09   1.1593695e+09   1.5970688e+09   1.5084268e+09   2.4730411e+09   1.3139485e+09   1.6631285e+09   1.3563047e+09   1.6968181e+09   1.5249300e+09   1.2888473e+09   1.2593575e+09   1.1748986e+09
   5.7752599e+07   1.7419171e+08   1.1276493e+08   1.4682287e+08   1.2056148e+08   1.3786884e+08   1.3734926e+08   1.8611716e+08   1.4593701e+08   1.2884821e+08   1.2280757e+08   1.7859918e+08   1.2415103e+08   1.3786884e+08   1.0344840e+08   1.7601573e+08   1.1012061e+08   1.7907007e+08   1.2923772e+08   1.1657136e+08   1.3748105e+08   1.7792544e+08   1.1282154e+08   1.1156504e+08   1.4568763e+08   1.2771621e+08   1.4043162e+08   1.5727697e+08   1.3640334e+08   1.4414792e+08
   2.0054256e+06   1.6388864e+06   3.1325395e+06   1.9294790e+06   2.3768626e+06   2.3566781e+06   1.3818843e+06   2.8009654e+06   2.8961475e+06   2.1125595e+06   1.5776808e+06   1.8673127e+06   1.9134961e+06   2.3566781e+06   1.8499938e+06   1.7697099e+06   1.5334548e+06   3.1976587e+06   2.9423829e+06   1.8131778e+06   2.9955306e+06   2.5224093e+06   2.1541275e+06   1.9394547e+06   2.0194613e+06   1.4225762e+06   2.0727057e+06   2.9822828e+06   1.8081425e+06   2.5185950e+06
   7.2552897e+03   4.8379007e+03   9.6013377e+03   8.8236535e+03   5.2307489e+03   5.3788360e+03   3.3790546e+03   7.4394381e+03   7.2378800e+03   9.0101688e+03   9.6546082e+03   2.6829003e+04   3.0688879e+03   5.3788360e+03   4.0563958e+03   6.7550747e+03   1.1958380e+04   1.1294807e+04   4.7518513e+03   5.6984170e+03   1.3826069e+04   8.3967996e+03   9.7235271e+03   4.5894786e+03   1.2532004e+04   4.7927361e+03   1.0425088e+04   8.0832386e+03   4.0248587e+03   1.1886816e+04
   0.0000000e+00   0.0000000e+00   0.0000000e+00   0.0000000e+00   0.0000000e+00   0.0000000e+00   0.0000000e+00   0.0000000e+00   0.0000000e+00   0.0000000e+00   0.0000000e+00   0.0000000e+00   0.0000000e+00   0.0000000e+00   0.0000000e+00   0.0000000e+00   0.0000000e+00   0.0000000e+00   0.0000000e+00   0.0000000e+00   0.0000000e+00   0.0000000e+00   0.0000000e+00   0.0000000e+00   0.0000000e+00   0.0000000e+00   0.0000000e+00   0.0000000e+00   0.0000000e+00   0.0000000e+00
   0.0000000e+00   0.0000000e+00   0.0000000e+00   0.0000000e+00   0.0000000e+00   0.0000000e+00   0.0000000e+00   0.0000000e+00   0.0000000e+00   0.0000000e+00   0.0000000e+00   0.0000000e+00   0.0000000e+00   0.0000000e+00   0.0000000e+00   0.0000000e+00   0.0000000e+00   0.0000000e+00   0.0000000e+00   0.0000000e+00   0.0000000e+00   0.0000000e+00   0.0000000e+00   0.0000000e+00   0.0000000e+00   0.0000000e+00   0.0000000e+00   0.0000000e+00   0.0000000e+00   0.0000000e+00
   0.0000000e+00   0.0000000e+00   0.0000000e+00   0.0000000e+00   0.0000000e+00   0.0000000e+00   0.0000000e+00   0.0000000e+00   0.0000000e+00   0.0000000e+00   0.0000000e+00   0.0000000e+00   0.0000000e+00   0.0000000e+00   0.0000000e+00   0.0000000e+00   0.0000000e+00   0.0000000e+00   0.0000000e+00   0.0000000e+00   0.0000000e+00   0.0000000e+00   0.0000000e+00   0.0000000e+00   0.0000000e+00   0.0000000e+00   0.0000000e+00   0.0000000e+00   0.0000000e+00   0.0000000e+00
   0.0000000e+00   0.0000000e+00   0.0000000e+00   0.0000000e+00   0.0000000e+00   0.0000000e+00   0.0000000e+00   0.0000000e+00   0.0000000e+00   0.0000000e+00   0.0000000e+00   0.0000000e+00   0.0000000e+00   0.0000000e+00   0.0000000e+00   0.0000000e+00   0.0000000e+00   0.0000000e+00   0.0000000e+00   0.0000000e+00   0.0000000e+00   0.0000000e+00   0.0000000e+00   0.0000000e+00   0.0000000e+00   0.0000000e+00   0.0000000e+00   0.0000000e+00   0.0000000e+00   0.0000000e+00
