   5.3114098e+07   7.0077074e+07   1.2521306e+08   4.4414242e+07   1.1418133e+08   2.9400731e+07   9.5571369e+07   1.0599619e+08   7.4422682e+07   1.2709322e+08   1.0320913e+08   9.5222577e+07   8.2133947e+07   5.9971788e+07   1.7911118e+08   9.0420712e+07   1.5224788e+08   8.1873329e+07   3.3447867e+07   4.0104649e+07   1.1957104e+08   6.0707311e+07   4.6589982e+07   1.5949436e+08   5.5459355e+07   6.3139908e+07   8.6995328e+07   2.3126262e+07   8.5758637e+07   2.8288033e+07
   5.2776489e+07   7.0077074e+07   1.2521306e+08   4.0986726e+07   5.0376922e+07   2.9394487e+07   9.5571369e+07   1.0596716e+08   7.4398188e+07   1.2709322e+08   1.0320780e+08   9.5222577e+07   1.3501565e+07   5.9971788e+07   1.4471497e+08   9.0420712e+07   1.5224788e+08   8.1873329e+07   3.3447867e+07   4.0104649e+07   1.1957104e+08   6.0706866e+07   4.6589982e+07   1.5949436e+08   4.3848293e+07   6.3139908e+07   8.6994827e+07   2.3126262e+07   8.5758637e+07   2.8288033e+07
   3.9365299e+07   7.0077074e+07   1.2521269e+08   4.0983383e+07   3.9124300e+07   2.9366273e+07   9.3251747e+07   9.2301354e+07   7.4398181e+07   1.2047871e+08   1.0320780e+08   8.2999764e+07   1.3501565e+07   5.9971788e+07   1.4471483e+08   8.5853828e+07   1.2555724e+08   8.1873329e+07   3.3447867e+07   2.7673544e+07   1.1957104e+08   6.0101216e+07   4.6589866e+07   1.3647715e+08   4.3479143e+07   6.3139906e+07   8.6994827e+07   2.3126262e+07   4.6346815e+07   2.8288033e+07
   3.9365299e+07   4.0371966e+07   1.1961151e+08   2.9140751e+07   3.6115687e+07   2.9351338e+07   1.2323055e+07   1.9623843e+07   6.4134287e+07   1.2047871e+08   8.1054650e+07   8.2999764e+07   1.3378202e+07   5.6230257e+07   9.8244056e+07   8.5853556e+07   1.2471642e+08   7.5346018e+07   3.3447858e+07   2.7673544e+07   2.2654540e+07   5.6483685e+07   4.6581534e+07   1.1345193e+07   4.3479143e+07   6.3139870e+07   5.5142173e+07   2.3126182e+07   3.0998497e+07   2.8288033e+07
   3.4262183e+07   2.9680536e+07   6.6382674e+07   2.9140751e+07   1.1171252e+07   2.9277729e+07   1.2145479e+07   9.8015208e+06   6.3014470e+07   1.2047799e+08   3.7123045e+07   5.5655974e+07   1.3378202e+07   2.9560340e+07   5.3755654e+07   9.5773982e+06   1.1984436e+08   1.3500496e+07   1.5649778e+07   2.2563604e+07   2.2062400e+07   1.4036315e+07   4.3863156e+07   1.1345193e+07   3.8745715e+07   4.4649276e+07   4.0420871e+07   2.2583320e+07   3.0589713e+07   2.1841201e+07
   1.5926361e+07   2.2499654e+07   3.7690426e+06   2.2378017e+07   9.9527487e+06   1.1583846e+07   1.0592270e+07   7.5296735e+06   8.2524812e+06   3.4697550e+07   2.7515268e+07   3.2405730e+07   1.3378202e+07   2.9559972e+07   2.1890990e+07   9.3026553e+06   2.8497528e+07   6.0069729e+06   4.8383276e+06   1.5654345e+07   1.7893893e+07   1.4036229e+07   1.1289403e+07   5.7635951e+06   2.4285041e+07   1.7091548e+07   1.9456355e+07   2.2583320e+07   2.8615136e+07   1.5648605e+07
   3.1342181e+06   9.8471468e+06   1.8480498e+06   8.4631696e+06   1.8263829e+06   7.9708862e+05   2.5279957e+06   1.0825890e+06   4.4796776e+06   1.4450246e+07   1.1774031e+07   4.3601518e+06   6.4700417e+06   9.2795838e+06   1.5266870e+06   7.5277551e+06   2.1403477e+07   3.9666804e+06   3.6265766e+06   8.3682484e+06   8.1846504e+06   7.6384986e+06   3.2073434e+06   2.4580199e+06   1.5211505e+07   1.3284676e+07   8.3524196e+06   3.9458093e+06   6.8269247e+06   1.0221457e+07
   1.2577413e+06   1.5437553e+06   1.6033625e+06   1.6182651e+06   7.7072771e+05   1.2346394e+05   1.4736011e+06   7.6651760e+05   3.1890219e+06   6.9004096e+06   2.1775000e+06   2.2447573e+06   1.6406382e+06   3.9930089e+05   7.5562376e+05   2.6221855e+06   4.5815532e+06   1.1915756e+06   7.3688572e+05   8.4089760e+05   2.3724462e+06   3.3681422e+06   1.1091718e+06   1.2769059e+06   4.5127780e+05   6.0032984e+05   8.8392259e+05   1.3769989e+06   2.0043844e+06   1.9442533e+06
   4.0245887e+05   4.7435286e+05   4.9317499e+04   3.7608208e+05   1.0523690e+05   9.6229715e+04   1.9552284e+05   2.1400263e+05   2.4914588e+05   3.0754885e+05   3.6047427e+05   1.9028091e+05   1.2972389e+05   1.4940926e+04   3.1306932e+05   3.5635264e+05   4.3455189e+05   4.7845426e+05   2.2333404e+05   3.3785894e+05   6.2098488e+05   2.0192671e+05   5.5558678e+04   3.1569519e+05   8.7249951e+04   1.3940642e+05   2.1417932e+05   2.9766675e+05   2.4356846e+05   1.4519291e+05
   6.9751320e+03   9.6846363e+03   1.1869145e+04   1.6192641e+04   1.4419574e+04   5.8950249e+03   7.5230757e+03   1.0007267e+04   1.7119186e+04   1.2638989e+04   5.9076335e+03   1.2791630e+04   9.0939058e+03   8.2353925e+03   1.7162578e+04   4.0246062e+03   9.0973801e+03   7.5215964e+03   6.2395791e+03   9.6616379e+03   3.1990296e+03   1.2917323e+04   7.9993317e+03   1.2851345e+04   9.8010318e+03   1.3454519e+04   1.0983729e+04   5.2553825e+03   8.8725849e+03   7.5581139e+03
   0.0000000e+00   2.6556147e+02   0.0000000e+00   0.0000000e+00   0.0000000e+00   2.8925426e+01   1.6632832e+02   5.7626609e+01   0.0000000e+00   0.0000000e+00   1.1250651e+02   0.0000000e+00   8.7577778e+01   0.0000000e+00   2.2357358e+02   1.5518299e+02   1.9955619e+02   0.0000000e+00   1.9253008e+01   0.0000000e+00   3.1018782e+02   1.2007461e+02   1.3849752e+02   9.3423404e+01   1.0458195e+02   2.5285765e+02   0.0000000e+00   3.1196169e+02   1.4155689e+02   8.7446348e+01
   0.0000000e+00   0.0000000e+00   0.0000000e+00   0.0000000e+00   0.0000000e+00   0.0000000e+00   0.0000000e+00   0.0000000e+00   0.0000000e+00   0.0000000e+00   0.0000000e+00   0.0000000e+00   0.0000000e+00   0.0000000e+00   0.0000000e+00   0.0000000e+00   0.0000000e+00   0.0000000e+00   0.0000000e+00   0.0000000e+00   0.0000000e+00   0.0000000e+00   0.0000000e+00   0.0000000e+00   0.0000000e+00   0.0000000e+00   0.0000000e+00   0.0000000e+00   0.0000000e+00   0.0000000e+00
   0.0000000e+00   0.0000000e+00   0.0000000e+00   0.0000000e+00   0.0000000e+00   0.0000000e+00   0.0000000e+00   0.0000000e+00   0.0000000e+00   0.0000000e+00   0.0000000e+00   0.0000000e+00   0.0000000e+00   0.0000000e+00   0.0000000e+00   0.0000000e+00   0.0000000e+00   0.0000000e+00   0.0000000e+00   0.0000000e+00   0.0000000e+00   0.0000000e+00   0.0000000e+00   0.0000000e+00   0.0000000e+00   0.0000000e+00   0.0000000e+00   0.0000000e+00   0.0000000e+00   0.0000000e+00
   0.0000000e+00   0.0000000e+00   0.0000000e+00   0.0000000e+00   0.0000000e+00   0.0000000e+00   0.0000000e+00   0.0000000e+00   0.0000000e+00   0.0000000e+00   0.0000000e+00   0.0000000e+00   0.0000000e+00   0.0000000e+00   0.0000000e+00   0.0000000e+00   0.0000000e+00   0.0000000e+00   0.0000000e+00   0.0000000e+00   0.0000000e+00   0.0000000e+00   0.0000000e+00   0.0000000e+00   0.0000000e+00   0.0000000e+00   0.0000000e+00   0.0000000e+00   0.0000000e+00   0.0000000e+00
   0.0000000e+00   0.0000000e+00   0.0000000e+00   0.0000000e+00   0.0000000e+00   0.0000000e+00   0.0000000e+00   0.0000000e+00   0.0000000e+00   0.0000000e+00   0.0000000e+00   0.0000000e+00   0.0000000e+00   0.0000000e+00   0.0000000e+00   0.0000000e+00   0.0000000e+00   0.0000000e+00   0.0000000e+00   0.0000000e+00   0.0000000e+00   0.0000000e+00   0.0000000e+00   0.0000000e+00   0.0000000e+00   0.0000000e+00   0.0000000e+00   0.0000000e+00   0.0000000e+00   0.0000000e+00
   0.0000000e+00   0.0000000e+00   0.0000000e+00   0.0000000e+00   0.0000000e+00   0.0000000e+00   0.0000000e+00   0.0000000e+00   0.0000000e+00   0.0000000e+00   0.0000000e+00   0.0000000e+00   0.0000000e+00   0.0000000e+00   0.0000000e+00   0.0000000e+00   0.0000000e+00   0.0000000e+00   0.0000000e+00   0.0000000e+00   0.0000000e+00   0.0000000e+00   0.0000000e+00   0.0000000e+00   0.0000000e+00   0.0000000e+00   0.0000000e+00   0.0000000e+00   0.0000000e+00   0.0000000e+00
