   2.5187893e+03   2.3820637e+03   2.0976761e+03   1.5848730e+03   2.0879965e+03   2.0938749e+03   2.0938749e+03   2.1687582e+03   1.4450732e+03   2.5962580e+03   2.0601902e+03   1.6636093e+03   2.6905201e+03   2.4102652e+03   2.3847177e+03   1.8819287e+03   1.8543643e+03   2.5685292e+03   2.3403917e+03   2.2235035e+03   2.0173083e+03   1.7720840e+03   2.3358348e+03   2.1370463e+03   1.7627123e+03   2.3682000e+03   1.9987794e+03   2.2200618e+03   2.3485422e+03   1.8422321e+03
   2.4883714e+03   2.3820637e+03   2.0976761e+03   1.5848730e+03   2.0879965e+03   2.0938749e+03   2.0938749e+03   2.1263065e+03   1.4443339e+03   2.5962580e+03   2.0601902e+03   1.3678371e+03   2.6905201e+03   2.2988260e+03   2.3847177e+03   1.8819287e+03   1.8543643e+03   2.3707541e+03   2.3403917e+03   2.2010303e+03   1.9049385e+03   1.7531345e+03   2.3204883e+03   2.1370463e+03   1.7627123e+03   2.3682000e+03   1.9987794e+03   2.2200618e+03   2.3485422e+03   1.8422321e+03
   1.7321225e+03   2.2018436e+03   2.0976761e+03   1.5848730e+03   2.0521229e+03   2.0166225e+03   2.0166225e+03   2.1191011e+03   1.4443339e+03   2.4009926e+03   1.6236918e+03   1.3678371e+03   2.4484384e+03   2.2988260e+03   2.0002979e+03   1.8801892e+03   1.8543643e+03   2.3707541e+03   2.3306130e+03   1.4894859e+03   1.9049385e+03   1.7531345e+03   2.3204883e+03   1.9978862e+03   1.7594414e+03   1.9374877e+03   1.9984915e+03   2.1197737e+03   2.1751278e+03   1.7410789e+03
   1.7257825e+03   1.9938296e+03   1.6065007e+03   1.5848730e+03   1.8825359e+03   1.5996759e+03   1.5996759e+03   1.3078819e+03   1.4443339e+03   1.9856426e+03   1.6169331e+03   1.3678326e+03   2.1903523e+03   2.1201763e+03   1.8541594e+03   1.8801892e+03   1.8300701e+03   1.9000591e+03   1.9682407e+03   1.4894859e+03   1.8271644e+03   1.7531345e+03   2.0939135e+03   1.7160616e+03   1.7532737e+03   1.8736814e+03   1.7847536e+03   1.8565523e+03   1.9629875e+03   1.7410789e+03
   1.1424681e+03   1.8541459e+03   1.2468118e+03   1.5848730e+03   1.5261976e+03   1.4052009e+03   1.4052009e+03   1.3030090e+03   1.4316126e+03   1.7050399e+03   1.1293175e+03   1.3678326e+03   2.1359544e+03   1.7477132e+03   1.7947627e+03   1.8555413e+03   1.6601269e+03   1.6515812e+03   1.5954913e+03   1.4894859e+03   1.8271644e+03   1.7450619e+03   1.9919987e+03   1.7160616e+03   1.7053453e+03   1.8449871e+03   1.5087809e+03   1.4614900e+03   1.7654666e+03   1.2395783e+03
   1.0441737e+03   1.1621859e+03   1.2383016e+03   1.0134008e+03   1.2528295e+03   1.2973528e+03   1.2973528e+03   1.3030090e+03   1.3129810e+03   1.3342923e+03   8.4356019e+02   1.2660207e+03   1.2306144e+03   8.7807157e+02   1.5305975e+03   1.3517071e+03   9.7817952e+02   1.4203634e+03   1.2041998e+03   1.0424734e+03   1.6470039e+03   1.1670127e+03   1.2305308e+03   1.3847163e+03   1.2750983e+03   1.5478295e+03   9.1656535e+02   1.2206542e+03   1.3592922e+03   1.1413854e+03
   7.5235880e+02   6.8798615e+02   1.0812807e+03   9.8408412e+02   1.0617533e+03   1.1632375e+03   1.1632375e+03   1.1465966e+03   1.1017759e+03   6.9560871e+02   6.9073834e+02   1.0352294e+03   1.0443077e+03   7.8506274e+02   9.5128319e+02   9.5358130e+02   9.2278009e+02   1.0416196e+03   6.2907663e+02   7.2729820e+02   8.0494429e+02   9.5630193e+02   1.0636645e+03   1.2088983e+03   7.9335335e+02   1.0060843e+03   9.1656535e+02   8.7996261e+02   1.0374971e+03   7.9506100e+02
   5.9348626e+02   4.7482012e+02   7.5914251e+02   4.3829525e+02   6.2625296e+02   8.5180887e+02   8.5180887e+02   6.8609700e+02   6.1567201e+02   4.7907304e+02   5.8401582e+02   5.6806207e+02   7.6954416e+02   5.1657793e+02   7.4585305e+02   6.8188090e+02   6.5621073e+02   8.1148630e+02   4.4944714e+02   5.6244801e+02   7.3831698e+02   5.3179190e+02   5.6063565e+02   5.0885028e+02   6.6575778e+02   3.6318252e+02   5.7177499e+02   6.4865259e+02   7.7249953e+02   4.3545009e+02
   3.3415409e+02   3.6402322e+02   3.5792483e+02   2.3807723e+02   4.5301105e+02   4.1708970e+02   4.1708970e+02   4.3035950e+02   4.1152344e+02   3.1504445e+02   2.3239310e+02   4.2005845e+02   3.8927762e+02   3.7324345e+02   5.4591590e+02   2.9674889e+02   3.0151456e+02   3.5328240e+02   3.2878439e+02   3.5207464e+02   4.7914318e+02   2.7423525e+02   5.3777250e+02   3.3868309e+02   3.7027019e+02   3.6037037e+02   3.3314452e+02   3.8943078e+02   4.0157944e+02   2.2640550e+02
   1.5122960e+02   2.8495285e+02   1.7946509e+02   1.9713911e+02   1.8646554e+02   1.1942631e+02   1.1942631e+02   2.0542196e+02   2.1140772e+02   1.3230302e+02   1.7359141e+02   2.6337696e+02   2.6879511e+02   1.8512938e+02   2.4607776e+02   2.1036543e+02   1.4121387e+02   2.2782311e+02   1.5859547e+02   2.0015242e+02   1.5009803e+02   1.1704281e+02   1.9307339e+02   1.0549221e+02   2.1906340e+02   1.6030452e+02   9.6306114e+01   1.9940718e+02   2.6946878e+02   1.6202444e+02
   7.4680449e+01   7.0852899e+01   4.7636430e+01   4.1505978e+01   1.1012200e+02   4.7438205e+01   4.7438205e+01   5.5802713e+01   3.8861163e+01   7.3857697e+01   7.0712045e+01   8.7001651e+01   3.1513771e+01   1.3963963e+02   9.3546214e+01   8.1346447e+01   8.5775145e+01   4.4704488e+01   8.2605341e+01   7.7182723e+01   1.0251178e+02   6.2550305e+01   6.3923967e+01   5.8085531e+01   6.4403182e+01   5.1268164e+01   5.3921888e+01   8.4849661e+01   9.4809490e+01   4.1998934e+01
   2.8422786e+01   2.8471935e+01   2.9938869e+01   2.1930122e+01   2.8529569e+01   1.8182613e+01   1.8182613e+01   3.2105670e+01   1.2371228e+01   2.3385244e+01   2.1526889e+01   1.7444258e+01   2.1129397e+01   2.2953283e+01   2.1416530e+01   2.9286039e+01   2.8710925e+01   1.2447525e+01   2.1638282e+01   2.3675631e+01   1.6937556e+01   1.8697586e+01   2.4921679e+01   1.4687965e+01   1.1622603e+01   1.4870177e+01   2.0009491e+01   2.3743882e+01   1.0487899e+01   1.3934484e+01
   5.1844365e+00   4.6051418e+00   4.5680276e+00   4.8524419e+00   5.1233884e+00   3.6848808e+00   3.6848808e+00   3.7532254e+00   3.4757140e+00   3.9778646e+00   5.2906801e+00   5.3556555e+00   5.2327528e+00   4.0792152e+00   4.9109882e+00   4.2907501e+00   4.2432982e+00   5.0200509e+00   5.1516852e+00   4.5119577e+00   5.4681030e+00   4.7214477e+00   5.7401668e+00   4.8227470e+00   4.4462259e+00   5.2878196e+00   3.7034051e+00   4.7972266e+00   5.2284262e+00   5.3116709e+00
   2.9960675e+00   2.0084730e+00   2.2513553e+00   2.6802359e+00   2.2518097e+00   2.2094725e+00   2.2094725e+00   2.4914247e+00   2.1457084e+00   2.3426419e+00   2.6572143e+00   2.4293023e+00   2.8922150e+00   2.3225406e+00   1.9107551e+00   2.6468889e+00   2.0676915e+00   2.5741866e+00   2.4545927e+00   2.4816001e+00   2.2707235e+00   2.0976252e+00   2.5958876e+00   2.2790497e+00   2.6741779e+00   2.2557511e+00   2.2724125e+00   2.0010077e+00   2.6573622e+00   2.4438244e+00
   1.3502963e+00   1.4248196e+00   1.3112177e+00   1.4428505e+00   8.2400399e-01   8.0427253e-01   8.0427253e-01   7.5807088e-01   1.0875859e+00   1.1605865e+00   8.4128121e-01   9.5016742e-01   1.3304958e+00   6.1928572e-01   9.7093672e-01   1.3108221e+00   9.1919066e-01   1.4203031e+00   1.1860825e+00   6.6388484e-01   1.0495545e+00   1.4889949e+00   1.3618951e+00   1.2879807e+00   9.6269301e-01   9.2157574e-01   1.1513803e+00   9.9830457e-01   1.2369185e+00   1.0707917e+00
   2.6473999e-01   3.0093212e-01   3.3201990e-01   3.4027085e-01   3.4352500e-01   3.8128884e-01   3.8128884e-01   3.9351132e-01   4.5796412e-01   4.6731145e-01   4.8714663e-01   4.9665701e-01   5.1021030e-01   5.2699257e-01   5.3396129e-01   5.3662431e-01   5.5741716e-01   5.7727690e-01   5.9617698e-01   6.0627696e-01   6.2868282e-01   6.5367105e-01   6.6767566e-01   7.2646974e-01   7.3468324e-01   7.4048474e-01   7.5163070e-01   7.6902078e-01   8.5818742e-01   8.6535317e-01
