   3.6874574e+03   4.2504831e+03   3.8901436e+03   4.3246177e+03   3.3174902e+03   4.8509510e+03   3.9669093e+03   4.2637595e+03   3.9858634e+03   4.3967705e+03   4.5997391e+03   4.0350029e+03   3.6633550e+03   4.4741608e+03   4.2251692e+03   4.3886351e+03   3.8196918e+03   4.3757776e+03   4.2135934e+03   4.4728005e+03   3.6503769e+03   4.1011835e+03   4.3500080e+03   4.2997620e+03   4.4276131e+03   4.6065424e+03   4.5132845e+03   4.2894969e+03   4.6016841e+03   4.0902671e+03
   3.6874574e+03   4.2504831e+03   3.8901436e+03   4.0489159e+03   3.3174902e+03   4.4809683e+03   3.9669093e+03   4.1093713e+03   3.9858634e+03   3.9421830e+03   4.5997391e+03   4.0350029e+03   3.6633550e+03   4.4221999e+03   4.2251692e+03   4.3886351e+03   3.8196918e+03   4.3757776e+03   4.2135934e+03   3.9927002e+03   3.5807365e+03   4.0584137e+03   3.4958995e+03   4.1131399e+03   4.4093741e+03   4.6065424e+03   4.1387340e+03   4.2894969e+03   4.6016841e+03   4.0902671e+03
   3.6874574e+03   3.9195045e+03   3.6893079e+03   3.8393965e+03   3.3174902e+03   4.3411292e+03   3.9669093e+03   4.0246635e+03   3.6570887e+03   3.9421830e+03   3.9988155e+03   3.8153843e+03   3.4103987e+03   3.4056562e+03   4.1343560e+03   3.8018054e+03   3.8196918e+03   4.1700716e+03   3.8363366e+03   3.9927002e+03   3.5807365e+03   3.9090468e+03   3.4958995e+03   3.9431370e+03   3.6765966e+03   4.1757555e+03   4.1387340e+03   3.6395820e+03   4.0927051e+03   3.7792776e+03
   3.6160836e+03   3.5912294e+03   3.3782196e+03   3.5513631e+03   3.3174902e+03   3.8739038e+03   3.6159771e+03   4.0246635e+03   3.6570887e+03   3.5938080e+03   3.9988155e+03   3.3012030e+03   3.4103987e+03   3.4056562e+03   3.6574681e+03   3.8018054e+03   3.2407750e+03   3.7048242e+03   3.8363366e+03   3.9927002e+03   3.5132486e+03   2.7191927e+03   3.4958995e+03   3.7224412e+03   3.6765966e+03   3.5664025e+03   4.0628851e+03   3.6239034e+03   3.4826756e+03   3.7703106e+03
   2.8725666e+03   3.1135407e+03   3.3782196e+03   2.6716168e+03   3.3174902e+03   3.3030365e+03   3.1712062e+03   3.2316277e+03   3.4232785e+03   3.2328130e+03   3.0186371e+03   3.3012030e+03   3.0347564e+03   2.9363818e+03   3.1030342e+03   3.3916716e+03   2.9280151e+03   3.4777537e+03   3.4921264e+03   3.0275924e+03   3.1522049e+03   2.6331731e+03   3.1350494e+03   3.7224412e+03   3.5040505e+03   3.0973263e+03   3.0526753e+03   3.2560270e+03   3.3535510e+03   3.5241496e+03
   2.8700263e+03   2.8917711e+03   3.0627156e+03   2.6716168e+03   3.0771924e+03   2.1053949e+03   2.6674963e+03   2.6393376e+03   3.0007411e+03   2.7805425e+03   2.8100643e+03   2.5369076e+03   2.5305367e+03   2.3723797e+03   2.6954585e+03   2.4203909e+03   2.7316092e+03   2.9057194e+03   3.1297947e+03   2.7462809e+03   2.8350810e+03   2.6331731e+03   2.2918017e+03   2.5367695e+03   2.4870335e+03   2.4158814e+03   2.4666942e+03   3.0463831e+03   2.7084595e+03   2.8515435e+03
   2.2098115e+03   1.9453741e+03   2.2054939e+03   2.3394105e+03   1.7444775e+03   1.6540285e+03   1.6152457e+03   2.1466118e+03   2.1801890e+03   1.7691840e+03   2.1893216e+03   2.3536053e+03   2.0827714e+03   2.1624204e+03   2.4546655e+03   1.8336942e+03   2.1794977e+03   2.1923613e+03   2.3761609e+03   2.1446062e+03   2.2794032e+03   2.0704074e+03   2.0589104e+03   2.4581833e+03   2.1491975e+03   2.0961599e+03   2.3878035e+03   2.0173484e+03   1.8312478e+03   2.0634409e+03
   1.7273125e+03   1.4183801e+03   1.9014729e+03   1.7164154e+03   1.0141415e+03   1.3389689e+03   1.5675316e+03   1.7541215e+03   1.1890674e+03   1.7513486e+03   1.8357457e+03   1.9805341e+03   1.7750522e+03   1.0410447e+03   1.7940090e+03   1.5891958e+03   1.7219673e+03   1.6144015e+03   1.9552298e+03   1.4582545e+03   1.4956557e+03   1.8616910e+03   1.4174608e+03   1.5363417e+03   1.3683441e+03   1.3711361e+03   2.0163577e+03   1.8142390e+03   1.4547968e+03   1.4654758e+03
   1.3447836e+03   6.5755500e+02   1.1210743e+03   1.1705186e+03   9.7521115e+02   9.6820448e+02   1.1351571e+03   1.1179207e+03   1.0047313e+03   1.2523076e+03   9.1777759e+02   1.5328033e+03   1.0936581e+03   1.0125748e+03   1.2343933e+03   1.1586341e+03   1.1707517e+03   1.4677506e+03   1.3084173e+03   1.1142849e+03   1.4308272e+03   1.3796741e+03   1.1604653e+03   1.3101207e+03   1.1493330e+03   9.9033702e+02   1.3409877e+03   1.2406036e+03   9.1907272e+02   1.1105886e+03
   9.5069626e+02   6.5755500e+02   3.9115317e+02   9.2800329e+02   8.2448920e+02   7.1125146e+02   7.8630737e+02   7.7805044e+02   5.9707692e+02   5.3481059e+02   6.0156786e+02   5.9930822e+02   8.9098149e+02   6.2128353e+02   5.7686391e+02   5.8254113e+02   5.4415708e+02   7.7019272e+02   7.4100673e+02   7.7750894e+02   8.7463194e+02   1.0827680e+03   8.3068831e+02   4.6717866e+02   9.0744613e+02   4.9002307e+02   2.9543429e+02   9.0656447e+02   9.1602138e+02   7.1219135e+02
   2.3285354e+02   2.6669874e+02   5.8654259e+00   4.3361420e+02   4.7914821e+02   3.0911292e+02   4.8811233e+02   3.3877042e+02   2.6621266e+02   4.0758257e+01   4.5757107e+02   2.8679418e+02   2.8044283e+02   4.8284361e+02   0.0000000e+00   4.3417723e+02   1.8452639e+02   5.8288080e+02   2.9013119e+02   4.2888611e+02   4.3122305e+02   6.0106401e+02   4.1276159e+02   3.1933312e+02   3.6395716e+02   0.0000000e+00   0.0000000e+00   4.4678207e+02   4.2314634e+02   5.2499968e+02
   1.1788134e+01   2.7160914e+01   0.0000000e+00   0.0000000e+00   1.3007107e+02   7.0935671e-01   0.0000000e+00   6.8290048e+01   4.0358622e+01   2.4627351e+01   4.9751178e+00   0.0000000e+00   0.0000000e+00   0.0000000e+00   0.0000000e+00   0.0000000e+00   0.0000000e+00   1.4689107e+02   6.1641682e+01   0.0000000e+00   0.0000000e+00   4.0122457e+02   0.0000000e+00   0.0000000e+00   0.0000000e+00   0.0000000e+00   0.0000000e+00   8.9072754e+01   0.0000000e+00   0.0000000e+00
   0.0000000e+00   0.0000000e+00   0.0000000e+00   0.0000000e+00   0.0000000e+00   0.0000000e+00   0.0000000e+00   0.0000000e+00   0.0000000e+00   0.0000000e+00   0.0000000e+00   0.0000000e+00   0.0000000e+00   0.0000000e+00   0.0000000e+00   0.0000000e+00   0.0000000e+00   0.0000000e+00   0.0000000e+00   0.0000000e+00   0.0000000e+00   0.0000000e+00   0.0000000e+00   0.0000000e+00   0.0000000e+00   0.0000000e+00   0.0000000e+00   0.0000000e+00   0.0000000e+00   0.0000000e+00
   0.0000000e+00   0.0000000e+00   0.0000000e+00   0.0000000e+00   0.0000000e+00   0.0000000e+00   0.0000000e+00   0.0000000e+00   0.0000000e+00   0.0000000e+00   0.0000000e+00   0.0000000e+00   0.0000000e+00   0.0000000e+00   0.0000000e+00   0.0000000e+00   0.0000000e+00   0.0000000e+00   0.0000000e+00   0.0000000e+00   0.0000000e+00   0.0000000e+00   0.0000000e+00   0.0000000e+00   0.0000000e+00   0.0000000e+00   0.0000000e+00   0.0000000e+00   0.0000000e+00   0.0000000e+00
   0.0000000e+00   0.0000000e+00   0.0000000e+00   0.0000000e+00   0.0000000e+00   0.0000000e+00   0.0000000e+00   0.0000000e+00   0.0000000e+00   0.0000000e+00   0.0000000e+00   0.0000000e+00   0.0000000e+00   0.0000000e+00   0.0000000e+00   0.0000000e+00   0.0000000e+00   0.0000000e+00   0.0000000e+00   0.0000000e+00   0.0000000e+00   0.0000000e+00   0.0000000e+00   0.0000000e+00   0.0000000e+00   0.0000000e+00   0.0000000e+00   0.0000000e+00   0.0000000e+00   0.0000000e+00
   0.0000000e+00   0.0000000e+00   0.0000000e+00   0.0000000e+00   0.0000000e+00   0.0000000e+00   0.0000000e+00   0.0000000e+00   0.0000000e+00   0.0000000e+00   0.0000000e+00   0.0000000e+00   0.0000000e+00   0.0000000e+00   0.0000000e+00   0.0000000e+00   0.0000000e+00   0.0000000e+00   0.0000000e+00   0.0000000e+00   0.0000000e+00   0.0000000e+00   0.0000000e+00   0.0000000e+00   0.0000000e+00   0.0000000e+00   0.0000000e+00   0.0000000e+00   0.0000000e+00   0.0000000e+00
