   1.2716159e+10   1.5472637e+10   1.7071198e+10   8.4655809e+09   7.8754520e+09   1.4406355e+10   1.3211677e+10   1.5399563e+10   1.3545935e+10   1.1539787e+10   1.7390800e+10   1.3408720e+10   1.4499407e+10   8.6722952e+09   1.0042537e+10   1.3669516e+10   1.2912105e+10   1.2935401e+10   7.4953609e+09   7.9852325e+09   7.9315491e+09   1.1175931e+10   2.0135241e+10   1.1134386e+10   5.2123005e+09   2.0799067e+10   1.4409000e+10   1.1901582e+10   2.9904467e+09   7.8449680e+09
   1.2716159e+10   1.5463141e+10   1.3308346e+10   8.3036903e+09   7.3134227e+09   1.3785512e+10   1.3211677e+10   1.5388346e+10   1.2957831e+10   1.1539787e+10   1.7390800e+10   1.3408720e+10   1.4312109e+10   8.0085240e+09   1.0042537e+10   1.3669516e+10   7.9266269e+09   1.2935401e+10   7.1734039e+09   7.3482035e+09   7.9315491e+09   1.1006225e+10   1.9657065e+10   1.0857878e+10   5.2123005e+09   8.5320174e+09   1.4409000e+10   1.1462542e+10   2.9904467e+09   7.8449680e+09
   8.4270529e+09   9.8819595e+09   1.3308346e+10   8.3036903e+09   7.3134227e+09   1.3785512e+10   1.3211677e+10   1.5388346e+10   1.2957831e+10   1.1462238e+10   1.6996227e+10   1.3408720e+10   1.4312109e+10   7.7750091e+09   9.9259177e+09   7.8894262e+09   7.6153637e+09   1.2854759e+10   7.1734039e+09   6.5584331e+09   7.9315491e+09   1.1006225e+10   1.9355312e+10   1.0405710e+10   4.6668967e+09   8.4253625e+09   1.4309099e+10   1.1166159e+10   2.9904467e+09   7.8449680e+09
   8.4270529e+09   9.7785130e+09   1.3308346e+10   8.1782686e+09   7.0802327e+09   1.3785512e+10   7.7888791e+09   1.1726192e+10   1.2650860e+10   9.8956975e+09   1.4406389e+10   1.3408720e+10   1.4312109e+10   7.7750091e+09   9.4064282e+09   6.6979126e+09   7.6153637e+09   1.2854759e+10   7.1734039e+09   6.4678090e+09   7.9315491e+09   8.0032230e+09   1.3830572e+10   1.0373213e+10   4.6668967e+09   8.4253625e+09   7.6778325e+09   1.0218207e+10   2.9904467e+09   7.8449680e+09
   8.4058226e+09   9.3202959e+09   3.5342783e+09   7.9453486e+09   6.8079190e+09   1.2458074e+10   6.6754405e+09   1.1726192e+10   1.2421789e+10   8.1849373e+09   1.0217480e+10   1.2429129e+10   1.3559416e+10   7.4183484e+09   9.1007761e+09   6.4552891e+09   7.3158203e+09   1.2445708e+10   7.0470399e+09   5.6400442e+09   7.1777254e+09   6.0290169e+09   1.2810503e+10   1.0373213e+10   4.5481672e+09   7.0451177e+09   7.5244985e+09   8.6624614e+09   2.9904467e+09   7.8025473e+09
   5.7554572e+09   9.3202959e+09   3.3802282e+09   7.9005545e+09   6.7268104e+09   1.1756237e+10   6.0889696e+09   7.4669877e+09   7.0073575e+09   4.1741777e+09   8.7261529e+09   1.1373394e+10   9.4764456e+09   6.6450470e+09   8.3869803e+09   4.5808647e+09   6.4631088e+09   7.9739710e+09   6.5166974e+09   3.4273745e+09   7.1777254e+09   5.4878870e+09   1.1013524e+10   9.5587265e+09   4.0284513e+09   6.6443862e+09   6.9708739e+09   8.3069118e+09   2.7934117e+09   5.0484722e+09
   5.1290474e+09   3.6814165e+09   2.6413662e+09   6.8078293e+09   6.3879324e+09   7.0783863e+09   4.7757138e+09   6.8243103e+09   5.7249755e+09   4.0494392e+09   3.7941036e+09   9.0369575e+09   6.9019325e+09   4.8912761e+09   5.4245851e+09   4.5782627e+09   5.6683996e+09   5.6549813e+09   6.2946726e+09   3.2005309e+09   6.1737229e+09   5.0433210e+09   9.0368623e+09   7.0708095e+09   3.7715007e+09   6.5090587e+09   5.7050550e+09   7.7725200e+09   2.0139817e+09   4.8098755e+09
   1.7337874e+09   2.7633667e+09   2.5757477e+09   3.9319720e+09   3.4607236e+09   3.0894320e+09   3.1423572e+09   1.7880016e+09   5.2470629e+09   3.1489515e+09   3.1382316e+09   3.0958377e+09   3.4073639e+09   4.2821597e+09   4.9034089e+09   2.5577061e+09   4.6052381e+09   2.9734431e+09   1.8653961e+09   2.6244006e+09   3.3829085e+09   2.2765266e+09   2.9100512e+09   3.0764224e+09   2.8100395e+09   5.7757906e+09   2.8922795e+09   2.5072933e+09   1.8764196e+09   2.8483507e+09
   1.4630955e+09   1.7645077e+09   1.5463634e+09   1.0990282e+09   1.1175503e+09   1.3817099e+09   1.6303886e+09   7.8465916e+08   8.1251384e+08   1.4458823e+09   2.5243633e+09   5.8385884e+08   1.0324531e+09   1.5160329e+09   1.3638956e+09   7.5663519e+08   1.6832233e+09   1.0407795e+09   1.1496430e+09   1.4532751e+09   1.4430383e+09   6.5898884e+08   2.0135168e+09   1.4181611e+09   1.5018514e+09   5.6705389e+08   9.6606788e+08   9.8494765e+08   1.1978200e+09   4.0073562e+08
   4.2288848e+08   4.6778294e+08   6.3813843e+08   3.4830853e+08   2.3280507e+08   5.4444004e+08   2.9795063e+08   5.8247898e+08   4.1836963e+08   3.0219430e+08   3.0551963e+08   3.3697548e+08   1.8228394e+08   2.2558821e+08   2.8382074e+08   2.6418202e+08   8.3785872e+08   5.0485322e+08   4.3568715e+08   1.6184372e+08   2.8763778e+08   5.8150104e+08   2.8813882e+08   3.1917053e+08   3.0042562e+08   3.1532716e+08   3.5885233e+07   1.4717037e+08   3.2235081e+08   2.0866152e+08
   3.3538187e+07   4.5019840e+07   4.1128559e+07   1.2715665e+07   5.1842800e+07   5.9757510e+07   5.0010033e+07   7.3013784e+07   4.9038705e+07   7.1789326e+07   6.1828501e+07   5.2184622e+07   4.5043710e+07   3.4749498e+07   4.1941511e+07   9.9406568e+06   4.4432171e+07   3.2445845e+07   7.5310892e+07   4.8564398e+07   5.2694836e+07   4.6148019e+07   3.2778374e+07   5.6733980e+07   4.6828501e+07   3.2357981e+07   8.1083159e+06   2.4987015e+07   2.9728319e+07   9.1863238e+06
   0.0000000e+00   0.0000000e+00   0.0000000e+00   0.0000000e+00   0.0000000e+00   0.0000000e+00   0.0000000e+00   0.0000000e+00   0.0000000e+00   0.0000000e+00   0.0000000e+00   0.0000000e+00   0.0000000e+00   0.0000000e+00   0.0000000e+00   0.0000000e+00   0.0000000e+00   0.0000000e+00   0.0000000e+00   0.0000000e+00   0.0000000e+00   0.0000000e+00   0.0000000e+00   0.0000000e+00   0.0000000e+00   0.0000000e+00   0.0000000e+00   0.0000000e+00   0.0000000e+00   0.0000000e+00
   0.0000000e+00   0.0000000e+00   0.0000000e+00   0.0000000e+00   0.0000000e+00   0.0000000e+00   0.0000000e+00   0.0000000e+00   0.0000000e+00   0.0000000e+00   0.0000000e+00   0.0000000e+00   0.0000000e+00   0.0000000e+00   0.0000000e+00   0.0000000e+00   0.0000000e+00   0.0000000e+00   0.0000000e+00   0.0000000e+00   0.0000000e+00   0.0000000e+00   0.0000000e+00   0.0000000e+00   0.0000000e+00   0.0000000e+00   0.0000000e+00   0.0000000e+00   0.0000000e+00   0.0000000e+00
   0.0000000e+00   0.0000000e+00   0.0000000e+00   0.0000000e+00   0.0000000e+00   0.0000000e+00   0.0000000e+00   0.0000000e+00   0.0000000e+00   0.0000000e+00   0.0000000e+00   0.0000000e+00   0.0000000e+00   0.0000000e+00   0.0000000e+00   0.0000000e+00   0.0000000e+00   0.0000000e+00   0.0000000e+00   0.0000000e+00   0.0000000e+00   0.0000000e+00   0.0000000e+00   0.0000000e+00   0.0000000e+00   0.0000000e+00   0.0000000e+00   0.0000000e+00   0.0000000e+00   0.0000000e+00
   0.0000000e+00   0.0000000e+00   0.0000000e+00   0.0000000e+00   0.0000000e+00   0.0000000e+00   0.0000000e+00   0.0000000e+00   0.0000000e+00   0.0000000e+00   0.0000000e+00   0.0000000e+00   0.0000000e+00   0.0000000e+00   0.0000000e+00   0.0000000e+00   0.0000000e+00   0.0000000e+00   0.0000000e+00   0.0000000e+00   0.0000000e+00   0.0000000e+00   0.0000000e+00   0.0000000e+00   0.0000000e+00   0.0000000e+00   0.0000000e+00   0.0000000e+00   0.0000000e+00   0.0000000e+00
   0.0000000e+00   0.0000000e+00   0.0000000e+00   0.0000000e+00   0.0000000e+00   0.0000000e+00   0.0000000e+00   0.0000000e+00   0.0000000e+00   0.0000000e+00   0.0000000e+00   0.0000000e+00   0.0000000e+00   0.0000000e+00   0.0000000e+00   0.0000000e+00   0.0000000e+00   0.0000000e+00   0.0000000e+00   0.0000000e+00   0.0000000e+00   0.0000000e+00   0.0000000e+00   0.0000000e+00   0.0000000e+00   0.0000000e+00   0.0000000e+00   0.0000000e+00   0.0000000e+00   0.0000000e+00
