   8.0375205e+02   8.8199474e+02   6.7227513e+02   5.4282597e+02   8.5947812e+02   7.4616482e+02   9.4619223e+02   1.8749367e+02   4.7473479e+02   7.2210838e+02   7.6591768e+02   6.0698539e+02   5.9549535e+02   7.8239392e+02   6.7971385e+02   7.1990545e+02   5.2849535e+02   3.3144386e+02   4.6874366e+02   6.0406580e+02   7.5219406e+02   4.4830522e+02   8.2732278e+02   3.0801452e+02   7.1728736e+02   6.7603223e+02   6.0342884e+02   5.9012329e+02   4.9873097e+02   7.4867975e+02
   7.3760476e+02   5.1499845e+02   6.7227513e+02   5.1658766e+02   6.9088973e+02   6.9563293e+02   9.4619223e+02   1.8749367e+02   4.2766309e+02   5.2970023e+02   6.3162578e+02   5.6633058e+02   5.8263281e+02   7.8209790e+02   6.7971385e+02   7.1990545e+02   5.2849535e+02   3.2169533e+02   4.6617732e+02   2.6985936e+02   5.9472346e+02   4.4609859e+02   2.2161585e+02   3.0801452e+02   7.1728736e+02   6.7603223e+02   4.8745925e+02   5.9012329e+02   4.7496002e+02   6.6115687e+02
   5.7193114e+02   5.1364192e+02   6.7227513e+02   5.1658766e+02   6.8983354e+02   6.9563293e+02   7.6926402e+02   1.8724736e+02   4.2766309e+02   5.2970023e+02   6.2295876e+02   2.8346169e+02   4.8986028e+02   7.4322949e+02   6.7971385e+02   7.1990545e+02   5.2050047e+02   3.1389778e+02   4.6617237e+02   2.6985936e+02   4.7296905e+02   4.4609859e+02   2.2161585e+02   3.0801452e+02   6.2270745e+02   6.7603223e+02   2.3262635e+02   5.6760876e+02   4.4832420e+02   5.3052441e+02
   4.9381399e+02   5.1364192e+02   6.7227513e+02   4.6426475e+02   6.8983354e+02   6.6748016e+02   7.6926402e+02   1.8724736e+02   4.2766309e+02   5.2970023e+02   5.7934793e+02   2.8346169e+02   4.5725751e+02   5.9621773e+02   3.4316388e+02   7.1990545e+02   5.2050047e+02   3.1389778e+02   4.6617237e+02   2.6985936e+02   4.7295787e+02   4.4496658e+02   2.2161585e+02   3.0801452e+02   4.0047961e+02   6.7554302e+02   2.2227021e+02   4.7256322e+02   4.4596767e+02   5.3052441e+02
   4.9381399e+02   4.0948605e+02   4.0944215e+02   4.4931230e+02   5.6921692e+02   3.7944667e+02   3.9383371e+02   1.7162740e+02   3.0998710e+02   4.6988034e+02   5.0914403e+02   1.4359096e+02   3.3956459e+02   5.1311829e+02   3.4308490e+02   4.4082692e+02   3.6190196e+02   3.1389778e+02   4.6617237e+02   2.4435776e+02   4.4343521e+02   4.4464265e+02   2.2161585e+02   3.0801452e+02   3.2685894e+02   1.2762113e+02   1.8255161e+02   2.8523223e+02   1.1950998e+02   4.9402154e+02
   1.9448863e+02   2.3000702e+02   2.9803223e+02   3.0697364e+02   3.1584042e+02   2.8744871e+02   1.5852807e+02   1.5772300e+02   2.1026561e+02   3.3550212e+02   6.2780563e+01   1.4359096e+02   3.2169466e+02   3.0780793e+02   2.9595488e+02   4.1750141e+02   1.2041731e+02   1.8563625e+02   4.5654727e+02   2.4435776e+02   3.5641822e+02   3.8464967e+02   2.2161585e+02   1.7824230e+02   3.1081630e+02   1.2614991e+02   1.7452716e+02   2.4576562e+02   1.1724804e+02   4.7691436e+02
   1.7729980e+02   2.1697338e+02   2.8677383e+02   1.5213809e+02   2.0565334e+02   2.6699192e+02   1.5852807e+02   1.5693351e+02   1.3885776e+02   3.1802501e+02   6.1699377e+01   1.2633309e+02   2.3152900e+02   2.8139127e+02   2.2545889e+02   3.4515469e+02   1.2041657e+02   1.5795659e+02   2.5458735e+02   2.1281952e+02   2.8952510e+02   2.9665470e+02   2.0583571e+02   1.7331953e+02   3.1081630e+02   1.2340397e+02   1.6697979e+02   7.2012784e+01   1.1188036e+02   1.6971693e+02
   8.8720753e+01   9.3967275e+01   1.5210868e+02   5.3425042e+01   1.3220507e+02   9.0561860e+01   8.5220082e+01   1.4196285e+02   1.2509423e+02   1.3640164e+02   4.5370375e+01   7.1707363e+01   1.0130395e+02   1.8335010e+02   1.2193746e+02   2.0744163e+02   7.0771510e+01   8.8955846e+01   2.1088123e+02   1.7416518e+02   1.8484246e+02   5.2291145e+01   1.5351428e+02   1.6780391e+02   1.3329036e+02   1.1110072e+02   1.0995999e+02   6.5765872e+01   1.0367442e+02   1.6299876e+02
   5.9592588e+01   4.2895847e+01   1.0857643e+02   1.9677558e+01   6.2260142e+01   8.5382115e+01   3.1494179e+01   6.7614540e+01   7.7007504e+01   4.0976722e+01   4.3841950e+01   3.9526353e+01   3.8731162e+01   1.0545964e+02   4.2630423e+01   2.3179488e+01   5.7240308e+01   7.1416379e+01   9.6066992e+01   4.7393205e+01   8.3724642e+01   4.9912240e+01   6.2268574e+01   5.7997115e+01   2.9547443e+01   7.9377670e+01   2.3346693e+01   2.9597047e+01   5.8601199e+01   5.5396903e+01
   2.7880857e+01   2.9463825e+01   2.9433008e+01   1.8270084e+01   3.0901786e+01   4.5857118e+01   2.0732705e+01   2.7435595e+01   2.7538494e+01   1.9502929e+01   2.7202439e+01   3.6378924e+01   3.3582747e+01   3.9819366e+01   2.6002990e+01   1.5866406e+01   1.9893745e+01   3.2133210e+01   4.2887354e+01   1.6653990e+01   1.7144419e+01   3.7944815e+01   8.0011967e+00   2.4364551e+01   1.8884856e+01   3.8690356e+01   8.4553857e+00   2.8853683e+01   3.5999507e+01   1.9770908e+01
   1.1383098e+01   9.4500549e+00   1.3147727e+01   8.8537054e+00   2.4902469e+01   2.4282264e+01   9.8146478e+00   2.5087428e+01   8.9962949e+00   5.1439697e+00   5.6809028e+00   1.0654501e+01   2.3366465e+01   2.5148471e+01   1.3206632e+01   8.4092303e+00   1.2761427e+01   1.0925464e+01   1.6156982e+01   1.5452937e+01   6.7696988e+00   6.6909305e+00   5.5453204e+00   9.7080114e+00   1.7019788e+01   1.0689870e+01   2.7707529e+00   6.6265109e+00   2.0775542e+01   1.1810082e+01
   3.2723739e+00   4.5038260e+00   3.2165677e+00   3.1493302e+00   9.0604034e+00   6.5475887e+00   4.4071067e+00   2.9670806e+00   5.3572027e+00   3.5663583e+00   3.9027986e+00   3.7085268e+00   2.3847444e+00   3.1418329e+00   4.2036047e+00   5.2576238e+00   3.0322393e+00   3.5729666e+00   4.0521400e+00   2.8130820e+00   3.3439922e+00   4.3738641e+00   3.3841732e+00   2.5116893e+00   5.0915319e+00   4.5262202e+00   2.7464710e+00   2.9795949e+00   5.4111197e+00   3.7322203e+00
   1.7706614e+00   1.8462051e+00   1.2935388e+00   1.6113880e+00   2.0160922e+00   1.5315805e+00   1.7696984e+00   1.8500619e+00   1.5839481e+00   2.0989768e+00   1.2557142e+00   2.1686459e+00   1.6334842e+00   1.9074309e+00   1.7992840e+00   1.3917476e+00   1.9979837e+00   1.9697352e+00   1.6854581e+00   1.8725448e+00   2.0236317e+00   1.7807378e+00   1.5815136e+00   1.6885156e+00   1.7983719e+00   1.9032915e+00   1.7564623e+00   2.1066412e+00   2.1721084e+00   1.3782534e+00
   6.5933780e-01   5.0476427e-01   2.8212236e-01   6.0534499e-01   6.2436740e-01   6.7900193e-01   6.9969284e-01   7.0124098e-01   6.2999340e-01   5.8701097e-01   5.8486080e-01   7.4883455e-01   4.4600410e-01   2.9746832e-01   7.1490671e-01   8.0171865e-01   8.2848464e-01   6.7799969e-01   4.3008967e-01   9.2722150e-01   4.2351602e-01   5.0142710e-01   4.9363078e-01   6.5707830e-01   4.1778659e-01   5.7665601e-01   8.2055548e-01   1.0335331e+00   6.6881514e-01   6.5470294e-01
   5.3034672e-02   8.4190410e-02   7.0327001e-02   7.2887189e-02   1.4335577e-01   8.0525079e-02   1.7734251e-01   1.0100993e-01   1.6628815e-01   1.5200852e-01   6.6470718e-02   1.2129553e-01   7.9286341e-02   1.8731085e-01   1.6529637e-01   1.2673962e-01   9.7823134e-02   2.6224973e-01   5.4872290e-02   8.3443358e-02   1.2363794e-01   1.9215394e-01   9.1258874e-02   1.2300956e-01   1.1434983e-01   9.3815080e-02   1.1306018e-01   1.0417001e-01   1.2156867e-01   1.0299758e-01
   3.2418294e-05   4.6247355e-05   2.3630191e-03   4.1753076e-03   1.2143806e-02   1.4598926e-02   1.6837778e-02   1.8256072e-02   1.9448732e-02   1.9542941e-02   1.9550243e-02   1.9604806e-02   1.9756240e-02   1.9976561e-02   2.0103532e-02   2.1046223e-02   2.2485870e-02   2.3839712e-02   2.4076992e-02   2.4938453e-02   2.5692342e-02   2.7309258e-02   2.8981211e-02   2.9306576e-02   3.2908384e-02   3.3980348e-02   3.6079565e-02   3.8160196e-02   4.0129590e-02   5.3301347e-02
