   5.7561201e+07   5.0518320e+07   3.6466555e+07   1.7561208e+08   8.3355239e+07   1.2191395e+08   5.7804149e+07   1.1934646e+08   7.6392032e+07   1.1839739e+08   1.8335164e+08   8.3753750e+07   5.2900372e+07   9.3987555e+07   1.7524278e+08   8.0436084e+07   4.9284839e+07   2.4859123e+07   4.4635526e+07   1.5694876e+08   4.8739962e+07   9.7325766e+07   5.2078346e+07   1.4542994e+08   7.9612911e+07   7.0595098e+07   2.9901659e+07   3.5174891e+07   5.2666898e+07   1.2528571e+08
   5.7561201e+07   5.0518320e+07   3.6466555e+07   1.7561208e+08   7.5358972e+07   1.2191395e+08   5.7804149e+07   1.1934646e+08   7.6392032e+07   1.1839739e+08   1.8335164e+08   8.3753750e+07   5.2900372e+07   9.3987555e+07   1.7524278e+08   8.0435431e+07   4.9284839e+07   2.4859123e+07   4.4635526e+07   1.4122811e+08   4.8739962e+07   9.7325766e+07   5.2078346e+07   1.4542981e+08   7.9612911e+07   7.0595098e+07   2.2037920e+07   3.5174891e+07   5.2656194e+07   6.1569341e+07
   5.7561201e+07   4.8267763e+07   3.6466552e+07   5.2177695e+07   7.5358972e+07   3.0607979e+07   5.7804149e+07   1.1934646e+08   6.6926179e+07   5.1408548e+07   1.5533452e+08   5.8987456e+07   5.2899978e+07   9.3987555e+07   1.6464134e+08   8.0435431e+07   4.9284818e+07   2.4859123e+07   4.2444888e+07   1.4122811e+08   3.8746146e+07   9.7325766e+07   1.0932418e+07   8.0350985e+07   7.9612432e+07   2.6784563e+07   2.2037850e+07   2.9034775e+07   5.2656194e+07   3.3367254e+07
   5.7561201e+07   2.0809567e+07   3.4540026e+07   5.2177695e+07   7.2181167e+07   3.0607979e+07   5.6790716e+07   5.4205553e+07   4.3959579e+07   5.1408548e+07   1.5533440e+08   5.8398094e+07   5.2899978e+07   4.4647905e+07   7.8197724e+07   5.6503083e+07   4.9284818e+07   2.4334328e+07   4.2444888e+07   2.9346831e+07   3.7799963e+07   9.2715613e+07   8.6262624e+06   7.6980813e+07   6.5476860e+07   2.1809981e+07   2.2037850e+07   2.5896783e+07   1.7098857e+07   1.7153996e+07
   4.7232152e+07   1.9743381e+07   1.3344344e+07   2.9992435e+07   5.1582081e+07   2.8658424e+07   2.1783972e+07   2.6006516e+07   3.6380522e+07   4.8515113e+07   1.1498516e+08   5.7165890e+07   2.7947365e+07   4.0727805e+07   7.6692101e+07   1.8097122e+07   3.3253039e+07   1.6108629e+07   4.2444874e+07   2.7762369e+07   3.7793673e+07   9.1780053e+07   8.2729326e+06   6.6070427e+07   4.2754990e+07   2.1809506e+07   8.8665823e+06   2.5894843e+07   1.5471891e+07   8.8505197e+06
   6.8676335e+06   9.8800801e+06   5.1071357e+06   1.4515445e+07   2.1096800e+07   4.6218316e+06   1.6984664e+07   1.6176522e+07   3.0960194e+07   2.7710151e+07   6.3824862e+07   8.3584590e+06   2.7942854e+07   1.5073955e+07   5.1364273e+07   1.6866111e+07   3.0186154e+07   1.6108629e+07   3.5510683e+07   1.7544707e+07   3.2785717e+07   5.5193909e+07   7.8872502e+06   4.0197132e+07   3.6142357e+07   1.8801249e+07   2.9295388e+06   2.0816731e+07   9.9711193e+06   7.1321993e+06
   3.2677275e+06   6.8577078e+06   3.0565890e+06   4.3491899e+06   8.0342152e+06   2.5318984e+06   1.5385539e+07   1.0725373e+07   6.4867488e+06   3.4300033e+06   1.9082223e+07   6.8808837e+06   6.4269437e+06   7.1519835e+06   2.1896946e+06   1.4634040e+07   1.1928046e+07   5.1072508e+06   1.0449233e+07   8.8375178e+06   4.7547753e+06   3.2712687e+06   6.4775155e+06   9.6585528e+06   1.2418026e+07   1.5159702e+07   1.6410210e+06   7.2512825e+06   3.4450318e+06   3.9441161e+06
   1.8471543e+06   4.1149169e+06   9.7213360e+05   1.6486243e+06   2.4348004e+06   1.3790299e+06   4.1108153e+06   8.8929705e+05   4.6471144e+05   1.3252916e+06   3.1118740e+06   3.2847663e+06   3.0752625e+06   4.4957895e+06   9.0572602e+05   1.8043537e+06   5.9237532e+05   3.0253720e+06   1.7447022e+06   1.9810423e+06   3.5460562e+06   8.9963364e+05   1.0710372e+06   3.1953379e+06   2.9498907e+06   1.9128820e+06   1.1182328e+06   4.9890809e+06   7.7803254e+05   1.9046674e+06
   1.5037047e+05   2.8322448e+05   2.2009249e+05   2.8623841e+05   1.3446322e+05   5.2639532e+05   3.4377862e+05   2.0475316e+05   8.9522201e+04   3.4744300e+05   1.7931044e+05   4.6710806e+05   2.1693731e+05   1.9762634e+05   2.8219977e+05   1.5336378e+04   1.1391665e+05   6.6120297e+04   3.8672594e+05   4.0301335e+04   1.3297340e+05   1.5548067e+05   1.1768928e+05   3.3932238e+05   1.6082930e+05   3.5611186e+05   9.4328294e+04   5.0107467e+05   2.9630623e+05   1.6368201e+05
   6.3792960e+03   8.8805596e+03   1.0035724e+04   8.2322952e+03   7.1180308e+03   1.0900678e+04   1.0064109e+04   1.5673932e+04   7.8224663e+03   8.9323877e+03   6.4176059e+03   1.3690375e+04   7.3850533e+03   5.2978021e+03   4.8748372e+03   7.1220665e+03   1.2838326e+04   7.9966303e+03   4.6488347e+03   5.8573970e+03   1.1374646e+04   1.4425685e+04   1.0606467e+04   1.7386477e+04   2.1854452e+04   1.1268929e+04   4.4677559e+03   1.1030945e+04   9.1693277e+03   3.1796964e+03
   3.7599704e+01   2.6472185e+02   0.0000000e+00   0.0000000e+00   0.0000000e+00   1.1145753e+01   0.0000000e+00   0.0000000e+00   1.6727367e+02   2.8023983e+02   7.1918352e+01   1.2688888e+02   9.4603904e+01   8.3804483e+01   1.9312988e+01   1.9819167e+02   3.0841221e+01   9.0016242e+01   1.6150522e+02   0.0000000e+00   0.0000000e+00   0.0000000e+00   0.0000000e+00   2.3336316e+01   0.0000000e+00   2.0543837e+02   1.5888136e+02   3.2961337e+01   1.2083605e+02   0.0000000e+00
   0.0000000e+00   0.0000000e+00   0.0000000e+00   0.0000000e+00   0.0000000e+00   0.0000000e+00   0.0000000e+00   0.0000000e+00   0.0000000e+00   0.0000000e+00   0.0000000e+00   0.0000000e+00   0.0000000e+00   0.0000000e+00   0.0000000e+00   0.0000000e+00   0.0000000e+00   0.0000000e+00   0.0000000e+00   0.0000000e+00   0.0000000e+00   0.0000000e+00   0.0000000e+00   0.0000000e+00   0.0000000e+00   0.0000000e+00   0.0000000e+00   0.0000000e+00   0.0000000e+00   0.0000000e+00
   0.0000000e+00   0.0000000e+00   0.0000000e+00   0.0000000e+00   0.0000000e+00   0.0000000e+00   0.0000000e+00   0.0000000e+00   0.0000000e+00   0.0000000e+00   0.0000000e+00   0.0000000e+00   0.0000000e+00   0.0000000e+00   0.0000000e+00   0.0000000e+00   0.0000000e+00   0.0000000e+00   0.0000000e+00   0.0000000e+00   0.0000000e+00   0.0000000e+00   0.0000000e+00   0.0000000e+00   0.0000000e+00   0.0000000e+00   0.0000000e+00   0.0000000e+00   0.0000000e+00   0.0000000e+00
   0.0000000e+00   0.0000000e+00   0.0000000e+00   0.0000000e+00   0.0000000e+00   0.0000000e+00   0.0000000e+00   0.0000000e+00   0.0000000e+00   0.0000000e+00   0.0000000e+00   0.0000000e+00   0.0000000e+00   0.0000000e+00   0.0000000e+00   0.0000000e+00   0.0000000e+00   0.0000000e+00   0.0000000e+00   0.0000000e+00   0.0000000e+00   0.0000000e+00   0.0000000e+00   0.0000000e+00   0.0000000e+00   0.0000000e+00   0.0000000e+00   0.0000000e+00   0.0000000e+00   0.0000000e+00
   0.0000000e+00   0.0000000e+00   0.0000000e+00   0.0000000e+00   0.0000000e+00   0.0000000e+00   0.0000000e+00   0.0000000e+00   0.0000000e+00   0.0000000e+00   0.0000000e+00   0.0000000e+00   0.0000000e+00   0.0000000e+00   0.0000000e+00   0.0000000e+00   0.0000000e+00   0.0000000e+00   0.0000000e+00   0.0000000e+00   0.0000000e+00   0.0000000e+00   0.0000000e+00   0.0000000e+00   0.0000000e+00   0.0000000e+00   0.0000000e+00   0.0000000e+00   0.0000000e+00   0.0000000e+00
   0.0000000e+00   0.0000000e+00   0.0000000e+00   0.0000000e+00   0.0000000e+00   0.0000000e+00   0.0000000e+00   0.0000000e+00   0.0000000e+00   0.0000000e+00   0.0000000e+00   0.0000000e+00   0.0000000e+00   0.0000000e+00   0.0000000e+00   0.0000000e+00   0.0000000e+00   0.0000000e+00   0.0000000e+00   0.0000000e+00   0.0000000e+00   0.0000000e+00   0.0000000e+00   0.0000000e+00   0.0000000e+00   0.0000000e+00   0.0000000e+00   0.0000000e+00   0.0000000e+00   0.0000000e+00
