   7.3009134e+05   1.2985889e+07   2.6904999e+06   6.6348394e+06   1.5977546e+06   2.9790082e+06   8.5190290e+06   2.9730272e+06   6.3829916e+06   1.6208144e+06   1.0555935e+07   1.5328404e+06   4.3239245e+05   2.6567449e+06   4.5068674e+06   6.2508786e+06   2.6641678e+06   1.0453431e+07   4.6873308e+06   7.3615086e+06   4.7195713e+05   1.0087025e+06   2.6655060e+05   4.6362727e+06   3.9718025e+06   2.9765987e+06   3.8089585e+06   7.6884840e+06   3.5427500e+06   3.6787213e+06
   7.3009134e+05   2.3955572e+06   2.6904999e+06   6.6348394e+06   1.2181768e+06   2.9790082e+06   8.5190290e+06   2.8555438e+06   6.3829916e+06   1.6118160e+06   1.0481969e+07   1.5328404e+06   4.3239245e+05   2.6567449e+06   4.5068674e+06   5.8486255e+06   2.5242567e+06   9.3037031e+06   4.6697044e+06   7.3615086e+06   4.7195713e+05   1.0087025e+06   2.4149960e+05   4.6362727e+06   3.8121275e+06   2.9765987e+06   3.8089585e+06   7.6669024e+06   3.5427500e+06   3.6787213e+06
   7.2896839e+05   2.3681247e+06   2.5299423e+06   6.6348394e+06   1.0214311e+06   2.9790082e+06   7.8625470e+06   2.7474222e+06   6.3427526e+06   1.6118160e+06   5.2706931e+06   1.5328404e+06   4.3239245e+05   2.6567449e+06   4.5031696e+06   5.8486255e+06   2.4399673e+06   7.6467781e+06   4.6697044e+06   7.3615086e+06   4.7195713e+05   9.9427116e+05   2.4149960e+05   4.6362727e+06   3.5646879e+06   2.9765987e+06   3.8035659e+06   7.5347910e+06   3.0769982e+06   3.6787213e+06
   4.1347713e+05   2.0372761e+06   2.4330777e+06   6.6348394e+06   9.0567965e+05   2.8946303e+06   7.8625470e+06   2.3075441e+06   3.6242314e+06   1.5960719e+06   5.2298707e+06   1.5328404e+06   4.3239245e+05   2.5286015e+06   3.8840010e+06   5.8486255e+06   2.4399673e+06   5.1496931e+06   4.6441107e+06   7.2623405e+06   3.4123768e+05   9.9427116e+05   2.1107733e+05   4.6342511e+06   3.3748824e+06   2.9765987e+06   2.8372629e+06   7.5347910e+06   2.9931401e+06   2.8130079e+06
   3.7009595e+05   1.9110020e+06   1.7004747e+06   6.2933142e+06   6.6694600e+05   9.5954989e+05   2.6207398e+06   1.7575417e+06   3.6242314e+06   1.5541553e+06   2.8674400e+06   1.3996351e+06   3.2294564e+05   2.1876693e+06   2.9334322e+06   4.1363455e+06   2.3932072e+06   5.0187381e+06   4.6441107e+06   6.0396198e+06   2.9258480e+05   2.3992137e+05   1.0026746e+05   1.1929864e+06   3.1594721e+06   2.6901753e+06   1.7769219e+06   1.9881675e+06   2.8032927e+06   2.6359650e+06
   1.7141924e+05   1.6322957e+06   1.2980289e+06   1.4901728e+06   6.6652337e+05   6.0727432e+05   1.2981493e+06   1.5510860e+06   3.4940251e+06   1.4348873e+06   3.7044848e+05   1.1314100e+06   1.5174665e+05   1.8556935e+06   1.7014446e+06   3.9712002e+06   1.5675223e+06   4.2540514e+05   3.9430691e+06   1.1086681e+06   2.1377651e+05   2.3082115e+05   7.0663976e+04   5.4973629e+05   1.3680841e+06   5.1409112e+05   1.1490008e+06   1.2798924e+06   1.3218872e+06   7.9555185e+05
   1.4802367e+05   5.4704645e+05   3.2163828e+05   3.2208407e+05   1.1143747e+05   9.5125831e+04   8.7155925e+05   4.3654432e+05   8.2810058e+05   3.8673582e+05   9.5303415e+04   3.1175533e+05   1.3700252e+05   6.0104793e+05   4.5428070e+05   2.0611150e+05   1.1434928e+06   2.9646922e+05   3.5476038e+05   5.4934870e+05   1.9527471e+05   1.4174268e+05   4.8210127e+04   4.5165057e+05   6.4079475e+05   1.5446089e+05   4.4328128e+05   7.6551771e+05   4.0843374e+05   5.3513781e+05
   2.1064805e+04   5.8061006e+04   1.4112454e+04   1.0063538e+05   1.8912875e+04   5.9911620e+04   2.0462709e+05   6.5513504e+04   4.2147417e+04   7.7918236e+04   3.8322533e+04   3.4413454e+04   1.0679255e+04   8.7407573e+04   9.6190365e+04   5.0787532e+04   1.0372673e+05   5.1109627e+04   3.2182020e+04   1.0294192e+05   7.0237152e+04   2.8747814e+04   3.5102781e+04   1.7063762e+04   2.7021523e+04   6.4810209e+03   3.5175148e+04   1.3849202e+05   1.3464417e+04   4.9232971e+04
   3.1519413e+03   2.0998387e+03   9.8919537e+02   7.6651432e+02   9.9973937e+02   8.0510701e+02   2.0336762e+03   1.4513065e+03   6.7642530e+03   5.2406627e+03   1.4571604e+03   6.3026631e+02   3.9592028e+02   1.9611153e+03   3.1470697e+03   1.6512614e+03   5.1620944e+03   1.4222841e+03   1.0902754e+03   9.2066052e+02   9.2593662e+02   1.6234514e+03   1.2035132e+03   1.0104134e+03   2.3614537e+03   1.3237159e+03   4.3218028e+03   6.3200474e+03   1.1564710e+03   1.7702995e+03
   2.6171542e+01   2.9711368e+01   2.6431605e+01   3.5160714e+01   2.0195466e+01   2.3064200e+01   4.6564801e+01   3.7607913e+01   4.3002559e+01   2.5205154e+01   2.4330454e+01   1.1726126e+01   2.2303820e+01   2.6992883e+01   3.6236332e+01   3.8241620e+01   3.3003277e+01   2.4428374e+01   1.9473929e+01   2.6289316e+01   2.8912131e+01   2.5663281e+01   2.6129337e+01   3.2662046e+01   2.3760409e+01   3.6979771e+01   4.5901569e+01   2.3840992e+01   4.1107156e+01   3.5154658e+01
   8.1048874e+00   1.0514144e+01   8.6252148e+00   1.0526902e+01   1.0200055e+01   8.1851471e+00   1.0077274e+01   1.0491659e+01   1.0095261e+01   9.1255467e+00   9.3307253e+00   7.8632878e+00   9.6505319e+00   9.4500371e+00   1.0410283e+01   8.5058545e+00   1.0793785e+01   1.0206888e+01   1.1251410e+01   1.1697281e+01   1.2098789e+01   9.7211649e+00   9.5688649e+00   9.7323838e+00   1.0287493e+01   1.2238393e+01   1.2455716e+01   1.0213450e+01   8.4141125e+00   9.5141971e+00
   6.6046835e+00   7.2776321e+00   5.4974071e+00   6.6145413e+00   6.6939834e+00   5.2277170e+00   7.2991330e+00   6.6283037e+00   6.7136926e+00   6.1340140e+00   7.8015486e+00   6.3065656e+00   6.7201994e+00   8.0348134e+00   6.7342186e+00   4.8228994e+00   7.3123124e+00   6.9294833e+00   7.4223948e+00   7.2891479e+00   7.7025736e+00   6.5033319e+00   6.0767248e+00   7.5601258e+00   7.5051604e+00   7.4873562e+00   7.3688208e+00   5.6861215e+00   6.4806245e+00   7.1298030e+00
   3.5892525e+00   4.6877289e+00   3.2494190e+00   4.1877779e+00   4.7310922e+00   4.5014221e+00   4.9076702e+00   4.5218041e+00   5.3178509e+00   4.5598556e+00   4.4663899e+00   3.6217349e+00   4.6790306e+00   4.8879966e+00   4.0232498e+00   3.7989359e+00   5.2805450e+00   4.7512385e+00   5.0926963e+00   5.7627295e+00   5.6133407e+00   4.5423757e+00   4.3229255e+00   4.9298124e+00   4.4480139e+00   4.7201010e+00   4.8040198e+00   4.4818702e+00   4.5601109e+00   4.2033406e+00
   3.2128608e+00   3.1534696e+00   2.6396755e+00   3.4043662e+00   2.8361803e+00   3.5636154e+00   3.5120451e+00   2.7647466e+00   2.6910386e+00   3.7261596e+00   3.6164208e+00   2.6926662e+00   3.6747851e+00   3.8069566e+00   3.3396639e+00   3.1324527e+00   3.7817852e+00   3.7198690e+00   3.8472284e+00   3.5719847e+00   4.1861736e+00   3.3162725e+00   3.0912893e+00   3.5162975e+00   3.4087694e+00   3.6370895e+00   2.9687107e+00   3.7016479e+00   2.6113566e+00   3.3487506e+00
   2.1832751e+00   1.9378906e+00   1.7152222e+00   2.0613233e+00   2.1996625e+00   2.3640304e+00   2.2987890e+00   1.9203104e+00   1.8059431e+00   2.0547764e+00   2.6870701e+00   1.9258856e+00   2.1695944e+00   2.2304326e+00   2.2115332e+00   2.4644004e+00   2.3437351e+00   2.4360184e+00   1.9834283e+00   2.2686169e+00   1.9354833e+00   2.0875531e+00   2.2897938e+00   2.3483466e+00   2.1914873e+00   2.2757289e+00   2.5525170e+00   2.6488809e+00   2.4773869e+00   2.3513081e+00
   1.2704092e+00   1.2736049e+00   1.3178957e+00   1.3358980e+00   1.3529694e+00   1.3559171e+00   1.3564905e+00   1.3674765e+00   1.3710830e+00   1.3718246e+00   1.3872922e+00   1.3926829e+00   1.4025916e+00   1.4126438e+00   1.4140860e+00   1.4294376e+00   1.4597312e+00   1.4605723e+00   1.4657629e+00   1.4660277e+00   1.4743559e+00   1.4832544e+00   1.4950021e+00   1.5030347e+00   1.5349510e+00   1.5716559e+00   1.6029546e+00   1.6342016e+00   1.6356986e+00   1.6628586e+00
