   4.5199334e+05   1.9969155e+05   3.0455673e+05   1.1941017e+06   6.1424698e+05   1.0335407e+06   7.1078674e+05   5.4306746e+05   7.5965070e+05   4.1179478e+05   6.2952783e+05   3.7272782e+05   3.8934671e+05   4.2884631e+05   1.9910538e+06   1.2194781e+06   1.4018393e+06   1.1996959e+06   5.5720314e+05   8.6382372e+05   2.2139665e+05   2.5226462e+05   1.8043107e+06   8.3350266e+05   1.2334530e+06   5.0269298e+05   2.5075641e+05   1.5699794e+05   8.1571035e+05   1.2760187e+06
   4.5199334e+05   1.9969155e+05   3.0455673e+05   1.1941017e+06   6.0537011e+05   6.9720466e+05   7.1078674e+05   5.4306746e+05   7.3265318e+05   4.1179478e+05   6.2932580e+05   3.6382415e+05   3.8934671e+05   4.2884631e+05   8.6240379e+05   1.2194781e+06   1.3740858e+06   1.1996959e+06   3.9844980e+05   8.5080997e+05   2.2139665e+05   2.5226462e+05   1.8043107e+06   8.2424451e+05   1.2334530e+06   5.0269298e+05   2.5075641e+05   1.5699794e+05   8.1571035e+05   1.2760187e+06
   4.5199334e+05   1.9969155e+05   2.9755237e+05   7.9355021e+05   5.9756274e+05   6.9720466e+05   7.1078674e+05   5.4306746e+05   7.3265318e+05   4.1179478e+05   6.2932580e+05   3.6382415e+05   2.9796641e+05   3.6042614e+05   8.6240379e+05   1.2194781e+06   9.4012205e+05   1.1996959e+06   3.9844980e+05   8.4941263e+05   2.0845939e+05   2.5226462e+05   1.8043107e+06   8.0369285e+05   1.2334530e+06   5.0269298e+05   2.2043897e+05   1.5699794e+05   8.0673732e+05   1.0597880e+06
   4.5199334e+05   1.8642572e+05   2.9755237e+05   7.9355021e+05   4.9585884e+05   6.9720466e+05   7.1069740e+05   5.4306746e+05   7.3265318e+05   4.1165820e+05   5.8768837e+05   9.3262564e+04   2.9796641e+05   3.6042614e+05   8.4510091e+05   2.9712106e+05   9.4012205e+05   1.1996959e+06   3.0658277e+05   8.4941263e+05   2.0845939e+05   2.4308001e+05   9.2554806e+04   8.0369285e+05   1.2334530e+06   3.0548034e+05   2.1300565e+05   1.5699794e+05   8.0673732e+05   1.1613770e+04
   4.3024103e+05   1.8294956e+05   2.9755237e+05   5.4589584e+05   4.9132731e+05   3.7853192e+05   2.7661230e+05   1.6581791e+05   5.7700697e+05   1.9547313e+05   3.9713310e+05   7.6700319e+04   2.9796641e+05   3.5863414e+05   7.5799660e+04   2.9712106e+05   3.4830134e+05   5.0846804e+05   2.9880175e+05   3.7004169e+05   2.0772918e+05   2.0400502e+05   8.9382787e+04   1.0691408e+05   1.5330203e+05   3.0024518e+05   1.8795104e+05   1.4722085e+05   3.5337321e+05   1.1380243e+04
   2.4127670e+05   1.5305471e+05   1.8847047e+05   5.2173425e+04   7.4934682e+04   1.5948453e+05   3.6190891e+04   1.5218056e+05   2.2884257e+05   1.2578282e+05   2.3225624e+05   7.4062645e+04   2.4235914e+05   3.5863414e+05   6.5674523e+04   6.3340666e+04   1.0257281e+05   3.9514772e+05   1.7282684e+04   1.5167698e+05   1.4449416e+05   1.2499074e+05   8.7071393e+04   1.0691408e+05   1.2019984e+05   1.2792079e+05   9.1401566e+04   1.1596583e+05   7.4697393e+04   1.0880857e+04
   3.7356817e+04   1.9128169e+04   5.5216485e+04   3.8548173e+04   4.4655705e+04   3.1555962e+04   3.0751861e+04   6.0212233e+04   8.5835454e+04   8.3945848e+04   7.2574913e+04   4.2656335e+04   4.2214192e+04   1.0496858e+05   6.3242105e+04   1.4187296e+04   6.4425229e+04   2.0344084e+04   1.4743230e+04   9.4213537e+04   1.1206646e+05   6.0182527e+04   4.8112863e+04   3.4047425e+04   5.5568390e+04   6.9204681e+04   2.8632148e+04   4.8896362e+04   5.9553720e+04   1.0584170e+04
   3.1816089e+03   7.8408616e+03   2.9167595e+03   1.3468785e+03   3.9224090e+03   1.0350965e+04   4.4176557e+03   2.2424626e+03   5.4023335e+03   4.1099608e+03   8.0887745e+02   1.8700549e+03   3.5729464e+03   5.3909288e+03   1.2294323e+04   3.5170098e+03   4.6673912e+03   5.1867918e+03   7.3862343e+03   7.5722877e+03   6.1837542e+03   3.5726561e+03   6.0776727e+03   4.1181257e+03   4.6137835e+03   6.3321750e+03   1.3977380e+03   6.0107815e+03   2.7870182e+03   5.0584619e+03
   2.1201077e+02   7.6997517e+01   1.4368393e+02   2.1361610e+02   2.2333175e+02   3.1290286e+02   2.3228227e+02   1.2224986e+02   1.8919704e+02   3.8788783e+02   2.3594368e+02   4.5913288e+01   1.4181889e+02   1.8864827e+02   2.0171308e+02   1.5615862e+02   8.4236620e+01   2.3908117e+02   3.3857207e+02   2.5747092e+01   1.6267822e+02   2.8158488e+02   1.5745111e+02   2.0595599e+02   3.2164534e+02   7.7673701e+01   5.5217064e+01   6.8626233e+01   2.9144672e+02   2.1531824e+02
   1.7285880e+01   1.3987803e+01   1.5832868e+01   1.5676272e+01   1.5412395e+01   1.7574661e+01   1.5145845e+01   1.3487639e+01   1.8265388e+01   1.5702697e+01   1.7414539e+01   1.2418976e+01   1.3518692e+01   1.6215684e+01   1.4235531e+01   1.4900799e+01   1.7068311e+01   1.6804505e+01   1.5576166e+01   1.4172052e+01   1.7153701e+01   1.6311157e+01   1.3516051e+01   1.7043513e+01   1.5976556e+01   1.4974682e+01   1.4675788e+01   1.6169716e+01   1.5776947e+01   1.3611317e+01
   9.2042378e+00   8.4187748e+00   7.9297667e+00   7.9949256e+00   9.3010356e+00   1.0040318e+01   8.2619511e+00   7.1413236e+00   8.2739236e+00   9.1326766e+00   8.8745073e+00   7.5719540e+00   8.8637434e+00   9.2281780e+00   9.3597373e+00   8.9554690e+00   8.8505107e+00   7.2429520e+00   7.7624117e+00   7.7473541e+00   7.9843677e+00   9.5782487e+00   8.6512053e+00   8.9126733e+00   9.4240377e+00   9.6559526e+00   9.5215639e+00   9.5665661e+00   8.4418414e+00   9.5865832e+00
   7.2893971e+00   6.1492501e+00   6.3799253e+00   5.0137901e+00   5.8894366e+00   6.7030764e+00   4.8677508e+00   5.5648501e+00   6.8599458e+00   6.4798441e+00   5.8123687e+00   6.0855439e+00   6.0412965e+00   6.0932778e+00   5.5750257e+00   6.1988872e+00   6.6746816e+00   5.7334551e+00   6.7981329e+00   5.4548105e+00   5.0735346e+00   5.7740179e+00   6.2342396e+00   6.5152887e+00   6.5768321e+00   6.8352298e+00   6.3344978e+00   6.2657690e+00   6.7710757e+00   6.7511932e+00
   4.5457099e+00   4.1977680e+00   5.1504324e+00   4.2318612e+00   3.9685333e+00   5.5501659e+00   4.7481640e+00   4.2033851e+00   4.2019944e+00   3.8189911e+00   4.2060940e+00   4.9804243e+00   5.0813847e+00   3.3047011e+00   4.7866252e+00   4.5318679e+00   5.0924699e+00   4.4205772e+00   4.0365914e+00   4.0009862e+00   4.1953453e+00   4.7578294e+00   4.4965674e+00   4.5114799e+00   4.8810403e+00   5.0293597e+00   4.9903664e+00   4.3494501e+00   5.0330380e+00   4.1354189e+00
   2.7221740e+00   3.2975508e+00   2.8306817e+00   3.5321107e+00   2.6718439e+00   3.2075617e+00   3.6636075e+00   3.4981270e+00   3.7221859e+00   3.3430066e+00   3.6776695e+00   3.4938747e+00   3.8337198e+00   2.9486896e+00   3.4421979e+00   3.6259190e+00   2.8671066e+00   3.5232802e+00   3.0775703e+00   3.1543557e+00   3.4084189e+00   3.3147730e+00   3.8722916e+00   2.9552812e+00   2.9252653e+00   3.6635678e+00   3.8889566e+00   3.1973744e+00   3.6596510e+00   3.1883779e+00
   1.8498196e+00   2.5039010e+00   2.1613763e+00   2.6047522e+00   1.8605779e+00   2.4205735e+00   2.1578164e+00   2.1707652e+00   1.9425696e+00   2.3107850e+00   2.2709786e+00   1.9282570e+00   2.1158741e+00   1.8411561e+00   2.4209890e+00   2.1710066e+00   2.0611282e+00   2.3511253e+00   2.5702327e+00   2.2306577e+00   2.1634542e+00   2.4144752e+00   1.7792773e+00   2.0628753e+00   2.5154220e+00   2.5679054e+00   2.6245059e+00   2.5014307e+00   2.7870704e+00   2.0444421e+00
   7.2467340e-01   7.7752953e-01   1.1578533e+00   1.2202520e+00   1.2393706e+00   1.2877113e+00   1.2905686e+00   1.2977453e+00   1.3029058e+00   1.3171614e+00   1.3370324e+00   1.3490419e+00   1.3576049e+00   1.3635563e+00   1.3657335e+00   1.3658101e+00   1.3731620e+00   1.3837341e+00   1.3972630e+00   1.3997690e+00   1.4360338e+00   1.4443564e+00   1.4751439e+00   1.4866216e+00   1.4866878e+00   1.5171107e+00   1.5773909e+00   1.5834386e+00   1.5894383e+00   1.6012467e+00
