   1.5321655e+03   1.4520347e+03   1.4180877e+03   1.5880528e+03   1.1726245e+03   1.5246181e+03   1.4007574e+03   1.5515904e+03   1.3113914e+03   1.5021114e+03   1.6345227e+03   1.6346278e+03   1.4206167e+03   1.3869664e+03   1.5305893e+03   1.4332024e+03   1.5103352e+03   1.5174127e+03   1.0899121e+03   9.9384365e+02   1.5307791e+03   1.3355057e+03   1.4254228e+03   1.6616550e+03   1.6232806e+03   1.3126864e+03   1.6129905e+03   1.3872350e+03   1.5566250e+03   1.6596763e+03
   1.5321655e+03   1.4520347e+03   1.4180877e+03   1.4875921e+03   1.1612582e+03   1.4771885e+03   1.4007574e+03   1.5515904e+03   1.3113914e+03   1.4817726e+03   1.6345227e+03   1.5274709e+03   1.4206167e+03   1.3869664e+03   1.5305893e+03   1.4332024e+03   1.5103352e+03   1.3106417e+03   1.0819762e+03   9.9384365e+02   1.5307791e+03   1.3355057e+03   1.4254228e+03   1.6616550e+03   1.6232806e+03   1.3126864e+03   1.5861568e+03   1.3872350e+03   1.5566250e+03   1.6596763e+03
   1.3110230e+03   1.4520347e+03   1.1767032e+03   1.3684827e+03   1.1433429e+03   1.4771885e+03   1.4007574e+03   1.5263596e+03   1.3099474e+03   1.4677720e+03   1.3433665e+03   1.3280199e+03   1.4206167e+03   1.3869664e+03   1.3134852e+03   1.4320910e+03   1.3201602e+03   1.3106417e+03   1.0683618e+03   9.4722953e+02   1.4889840e+03   1.3355057e+03   1.4254228e+03   1.5418697e+03   1.5886296e+03   1.3126864e+03   1.3309215e+03   1.3872350e+03   1.5566250e+03   1.6596763e+03
   1.3110230e+03   1.3669611e+03   1.1767032e+03   1.3684827e+03   1.1433429e+03   1.4771885e+03   1.3682380e+03   1.5263596e+03   1.3099474e+03   1.4479394e+03   1.3433665e+03   1.3280199e+03   1.3924665e+03   1.3869664e+03   1.3134852e+03   1.4186279e+03   1.2839425e+03   1.0862711e+03   1.0519469e+03   9.0265342e+02   1.4495213e+03   1.3355057e+03   1.4041284e+03   1.2878391e+03   9.9570313e+02   1.3126864e+03   1.3309215e+03   1.3667671e+03   1.2276231e+03   1.2490140e+03
   1.2957517e+03   1.3570854e+03   1.1690462e+03   1.3040138e+03   1.1011008e+03   1.1949173e+03   1.3682380e+03   7.5524442e+02   1.3081293e+03   1.2742933e+03   1.1115729e+03   1.2570025e+03   1.0449400e+03   1.3544755e+03   1.1756241e+03   9.5898861e+02   1.2701703e+03   1.0851084e+03   1.0332232e+03   8.9103322e+02   1.2131943e+03   1.1295471e+03   1.4041284e+03   1.2684681e+03   9.9570313e+02   1.1974714e+03   1.2370803e+03   1.2124672e+03   1.2204382e+03   1.2444019e+03
   9.8904986e+02   1.0069550e+03   1.1690462e+03   1.2360242e+03   1.0876710e+03   1.0991592e+03   1.0907419e+03   7.4080163e+02   1.2568331e+03   1.0232271e+03   9.5134506e+02   9.8956099e+02   9.5638952e+02   1.1881238e+03   1.1011477e+03   9.5682058e+02   7.7748305e+02   1.0534954e+03   1.0025079e+03   8.8824547e+02   1.0161032e+03   1.1246380e+03   1.0860237e+03   1.2525087e+03   7.7522331e+02   1.1741898e+03   8.3933797e+02   1.1847838e+03   1.0977938e+03   8.6822617e+02
   9.7717846e+02   6.8659217e+02   3.7952168e+02   6.8520286e+02   6.0822859e+02   6.8599719e+02   7.3167424e+02   7.3648282e+02   6.7617744e+02   6.7745574e+02   6.8085377e+02   7.1561027e+02   8.3360909e+02   8.6355499e+02   7.6168348e+02   8.7692746e+02   7.4786692e+02   6.2821693e+02   5.8291834e+02   6.4030316e+02   9.2821149e+02   6.3662693e+02   6.9147060e+02   7.0502956e+02   5.7684692e+02   6.0394957e+02   7.9361185e+02   6.7754862e+02   8.0658638e+02   7.8663390e+02
   4.1592919e+02   3.7726132e+02   3.3666347e+02   4.0437862e+02   3.5795211e+02   3.0046752e+02   4.5235199e+02   2.7164783e+02   3.5218238e+02   3.2151874e+02   3.1568463e+02   4.1760063e+02   3.9263094e+02   3.8677351e+02   3.4634975e+02   3.6350737e+02   3.5513185e+02   3.6749250e+02   3.7081786e+02   3.5368662e+02   3.8797329e+02   3.9282694e+02   2.7087891e+02   3.8081110e+02   3.9042642e+02   3.5282855e+02   3.5010549e+02   2.9221378e+02   3.1858767e+02   4.1077691e+02
   1.2299703e+02   1.6018248e+02   1.6593565e+02   1.6527992e+02   1.6187065e+02   1.5814286e+02   1.6773715e+02   1.4249900e+02   1.6375275e+02   1.2624058e+02   1.6543188e+02   1.6295781e+02   1.5104583e+02   1.6700611e+02   1.1377112e+02   1.6889391e+02   1.4105428e+02   1.7096324e+02   1.6720197e+02   1.6547164e+02   1.7519209e+02   1.4268352e+02   1.1719080e+02   1.4401334e+02   1.7363873e+02   1.5796428e+02   1.5357248e+02   1.5942282e+02   1.6321160e+02   1.8531415e+02
   6.8377441e+01   6.2418758e+01   6.0320290e+01   5.9146371e+01   6.8245536e+01   6.5370339e+01   6.2668632e+01   6.5707635e+01   6.4193902e+01   5.5013890e+01   6.1406599e+01   5.9037358e+01   5.9543851e+01   6.3846566e+01   4.9894964e+01   6.3627958e+01   6.1313967e+01   5.2715982e+01   5.1876476e+01   6.7190973e+01   5.7586993e+01   6.3439692e+01   5.0292266e+01   5.8567976e+01   6.7001133e+01   4.2457574e+01   6.1463284e+01   5.8398053e+01   6.9732712e+01   6.6472490e+01
   1.1667603e+01   1.1019941e+01   1.1503299e+01   1.1444093e+01   1.0914968e+01   1.1099050e+01   1.1719743e+01   1.0822094e+01   1.1965005e+01   1.0903082e+01   1.0919911e+01   1.1968066e+01   1.0550512e+01   1.0720240e+01   1.1733096e+01   1.1609117e+01   1.0975048e+01   1.0550050e+01   1.1065485e+01   1.2284617e+01   1.0573403e+01   1.2543939e+01   9.6896508e+00   1.0260202e+01   1.1701833e+01   1.2214535e+01   1.0882015e+01   1.0805675e+01   1.0874436e+01   1.1997865e+01
   3.8081035e-01   2.2271052e-01   2.1996102e-01   4.0660208e-01   3.0195277e-01   4.0499284e-01   4.7697940e-01   2.2630878e-01   3.7872067e-01   4.0256834e-01   4.5319720e-01   3.2896293e-01   3.9699625e-01   3.4268852e-01   4.2954649e-01   2.6098354e-01   4.2224269e-01   5.2524218e-01   1.4318873e-01   8.7302842e-01   2.9389067e-01   3.3413798e-01   3.1166222e-01   2.7783842e-01   4.5563962e-01   2.9039523e-01   2.4036533e-01   1.9337402e-01   2.9020447e-01   3.4108640e-01
   0.0000000e+00   0.0000000e+00   0.0000000e+00   0.0000000e+00   0.0000000e+00   0.0000000e+00   0.0000000e+00   0.0000000e+00   0.0000000e+00   0.0000000e+00   0.0000000e+00   0.0000000e+00   0.0000000e+00   0.0000000e+00   0.0000000e+00   0.0000000e+00   0.0000000e+00   0.0000000e+00   0.0000000e+00   0.0000000e+00   0.0000000e+00   0.0000000e+00   0.0000000e+00   0.0000000e+00   0.0000000e+00   0.0000000e+00   0.0000000e+00   0.0000000e+00   0.0000000e+00   0.0000000e+00
   0.0000000e+00   0.0000000e+00   0.0000000e+00   0.0000000e+00   0.0000000e+00   0.0000000e+00   0.0000000e+00   0.0000000e+00   0.0000000e+00   0.0000000e+00   0.0000000e+00   0.0000000e+00   0.0000000e+00   0.0000000e+00   0.0000000e+00   0.0000000e+00   0.0000000e+00   0.0000000e+00   0.0000000e+00   0.0000000e+00   0.0000000e+00   0.0000000e+00   0.0000000e+00   0.0000000e+00   0.0000000e+00   0.0000000e+00   0.0000000e+00   0.0000000e+00   0.0000000e+00   0.0000000e+00
   0.0000000e+00   0.0000000e+00   0.0000000e+00   0.0000000e+00   0.0000000e+00   0.0000000e+00   0.0000000e+00   0.0000000e+00   0.0000000e+00   0.0000000e+00   0.0000000e+00   0.0000000e+00   0.0000000e+00   0.0000000e+00   0.0000000e+00   0.0000000e+00   0.0000000e+00   0.0000000e+00   0.0000000e+00   0.0000000e+00   0.0000000e+00   0.0000000e+00   0.0000000e+00   0.0000000e+00   0.0000000e+00   0.0000000e+00   0.0000000e+00   0.0000000e+00   0.0000000e+00   0.0000000e+00
   0.0000000e+00   0.0000000e+00   0.0000000e+00   0.0000000e+00   0.0000000e+00   0.0000000e+00   0.0000000e+00   0.0000000e+00   0.0000000e+00   0.0000000e+00   0.0000000e+00   0.0000000e+00   0.0000000e+00   0.0000000e+00   0.0000000e+00   0.0000000e+00   0.0000000e+00   0.0000000e+00   0.0000000e+00   0.0000000e+00   0.0000000e+00   0.0000000e+00   0.0000000e+00   0.0000000e+00   0.0000000e+00   0.0000000e+00   0.0000000e+00   0.0000000e+00   0.0000000e+00   0.0000000e+00
