  1.6889974e-164 -3.9155834e-164  1.1948603e-164 -2.1299168e-164  3.3955750e-165  5.5238318e-165 -2.1434258e-164  2.8247854e-164 -3.7573514e-165 -7.9745166e-166 -4.0646152e-165 -1.1004083e-164 -9.0084123e-164  5.5238318e-165  2.2298744e-164  2.3838835e-164 -4.5938225e-164 -2.7164186e-164  5.0980803e-165  3.7956768e-165  5.5569410e-165  6.1165793e-164 -9.9696242e-165  6.9598688e-165 -1.7369201e-164 -7.2491790e-165  9.0135942e-164 -1.7569271e-164 -6.5196931e-164  1.1411365e-164
  4.4944560e-166 -1.4433599e-166 -5.9560814e-166 -1.2794690e-165  1.0961979e-166  3.6993557e-166  1.2143424e-166  1.9581445e-166 -1.9235783e-166  1.0446836e-165  2.6070785e-166 -1.0981497e-165  5.9232283e-166  3.6993557e-166  3.2662623e-167  5.8096415e-166  2.5286637e-166 -2.0791191e-166 -8.6591133e-167 -7.9436221e-167  3.1207988e-166 -3.7111860e-169 -9.8204854e-167 -6.4756752e-167  2.2728269e-166  5.2446078e-168  2.6453859e-166 -9.7222694e-167  8.0668665e-166 -7.0880498e-167
  1.0268299e-165  3.4141722e-166 -4.5196925e-166  1.2891623e-165 -3.2761219e-167 -5.5645294e-166  2.3723099e-166  3.0843940e-167  7.9148436e-166  4.9142177e-166  3.1986937e-166  9.2697219e-166  5.0227478e-166 -5.5645294e-166 -4.7451359e-166  6.0926170e-167 -3.5513268e-167 -1.9695334e-167 -1.4329120e-166  6.3098600e-167 -5.4697018e-166 -1.1632644e-166 -1.1907123e-166 -3.7873138e-166 -2.1672862e-166 -6.7293826e-167 -4.3722664e-167 -1.4082751e-166 -3.5623108e-166 -1.1269154e-166
 -1.9787310e-164  4.5044333e-164 -1.5085658e-164  2.4796359e-164 -3.9146328e-165 -6.7900952e-165  2.5002231e-164 -3.3079354e-164  2.7383449e-165  1.5415330e-165  4.8124694e-165  1.1439041e-164  1.0512600e-163 -6.7900952e-165 -2.6245106e-164 -2.7706187e-164  5.4087338e-164  3.1682851e-164 -6.0374730e-165 -4.3995816e-165 -6.2990273e-165 -7.1060181e-164  1.1632428e-164 -8.1594424e-165  2.0294826e-164  8.2017662e-165 -1.0421976e-163  2.0303881e-164  7.6781685e-164 -1.3078140e-164
  8.3213704e-166 -4.3632209e-166 -4.7151001e-166 -2.7510176e-166  7.6995063e-167  1.0821143e-165 -1.1532935e-166 -2.7964179e-166 -5.1550736e-166 -9.3710469e-166 -3.0460424e-166  1.9980470e-166 -7.7699812e-166  1.0821143e-165 -4.4041988e-166  6.4122826e-167 -1.1849392e-165  4.5950929e-167  1.1177926e-166  3.7507700e-166  2.5499067e-166 -9.3470490e-167 -1.2967055e-166 -1.9989657e-166 -1.4021684e-165 -4.2370374e-167 -6.2144488e-166 -2.6785145e-166  4.2710005e-166 -3.0396943e-166
  1.1541935e-166 -9.6292677e-167 -4.3200188e-166  5.2026473e-166  6.5411096e-167 -1.2329890e-165  1.1355914e-166  2.9973125e-166 -3.3898576e-166 -5.6448818e-166  3.5427285e-166  3.1984279e-166  1.5816728e-165 -1.2329890e-165 -5.7094149e-166  4.7084827e-166  6.7894272e-166  2.0395959e-166  4.4071552e-167 -4.3073950e-166  1.2158286e-167  4.7182805e-166 -3.4175085e-166 -2.0226328e-166 -3.4241530e-166  1.5507855e-166 -4.8863282e-166 -2.2134051e-166  8.8937220e-166  1.0326147e-167
 -1.7504459e-166 -2.8486266e-166 -1.1171941e-165  1.0913223e-165  2.5428839e-167 -9.6476880e-166 -7.2118763e-167  2.0124095e-167  2.9930712e-166  3.1424591e-166 -8.1772160e-167  3.1383353e-166  1.4840000e-165 -9.6476880e-166  5.4854468e-166 -1.4325347e-165  4.5603995e-166  2.6740583e-166 -4.6473985e-168 -3.0242246e-166 -4.8009196e-166 -2.0033228e-166 -4.7164954e-166 -3.7637889e-166  1.2890527e-166 -4.6262257e-167  5.7311412e-166  2.2242313e-166 -1.0067073e-165 -8.8377609e-168
 -3.2305414e-166  1.8336117e-166 -5.3148685e-166 -4.8407084e-166  3.4691321e-167 -7.8045790e-166  2.5390794e-166  3.5549301e-166 -3.1581046e-166 -6.5321186e-166  8.2792987e-167  1.6639813e-166 -4.8010581e-166 -7.8045790e-166  3.2104682e-166 -4.1550345e-166  6.3558155e-166  7.9982459e-167  2.8803929e-166 -2.1782097e-166  4.9258775e-166  9.9522489e-167 -5.8238892e-166  1.1403254e-166  8.2175603e-167  1.7286390e-166 -2.8328563e-166  2.7957425e-167 -5.2444512e-166  2.3841570e-166
  1.7774284e-166 -5.6076587e-167 -2.1459822e-166  9.6883496e-167  4.1864978e-168  1.3012776e-165  2.2205214e-166 -2.6039745e-166 -2.4065579e-166  4.6541870e-166 -4.8721473e-167  3.5613181e-166 -5.1179288e-166  1.3012776e-165 -1.5406518e-166  8.0442128e-166  1.2290341e-166  2.9835676e-166 -1.3791185e-166 -9.7624769e-167 -2.0198395e-166  1.5631215e-166  1.0946036e-166 -2.2757564e-166 -9.3102000e-167  3.8041693e-167  6.4529699e-166  1.5163712e-166  1.9347123e-166 -1.2945066e-166
  7.0565264e-166  1.6874921e-166  6.1807609e-166  1.0540817e-165  2.3809981e-166  4.9060458e-166 -2.6196509e-166  5.3265166e-167 -1.4669378e-166 -5.8220036e-166  4.6264336e-167  1.4479374e-166  2.9614430e-166  4.9060458e-166  2.2597721e-166 -1.5684309e-166 -3.3990950e-166 -1.9498381e-166 -1.9770377e-166 -2.2447244e-166  1.2545337e-165 -2.0313627e-166  1.4399185e-166 -9.1843479e-167  2.9538647e-166  1.3818663e-167 -9.1976591e-166  7.8349970e-167 -2.4625389e-166  1.7523794e-166
 -3.6717167e-166 -2.7045597e-166 -3.6152521e-167 -1.2021337e-167 -3.7113789e-167 -3.9511871e-166 -1.0053669e-166  2.7884552e-167 -2.7206459e-166  4.4567492e-166  1.4735556e-166 -3.8589130e-167  2.1812350e-167 -3.9511871e-166  3.9713882e-166 -5.0288849e-166  6.5231345e-166 -4.8286743e-167 -1.5272584e-166 -2.2689391e-166 -1.5316910e-166 -1.9930946e-166  2.3771031e-166 -5.8617739e-167  9.3114138e-167 -1.8696815e-167  3.7098525e-167 -4.7008716e-167 -9.3630128e-167  1.3423551e-166
  2.3158312e-166  1.3818833e-166  3.8961073e-166 -8.0688606e-166  6.4568621e-167  1.0435553e-166 -1.3046083e-167 -5.5116113e-166 -4.1855136e-166  7.0179111e-167  6.1656561e-167  3.6279163e-167 -3.2694243e-166  1.0435553e-166  2.8483187e-166  4.4154565e-166  2.2447696e-166  1.2443489e-166 -5.3022073e-167 -9.0411679e-167  2.0969993e-166 -2.4514009e-166  2.1966745e-166  2.1283225e-166  3.1561130e-166  2.1761962e-168  1.6605038e-166  2.0875850e-166  3.0007796e-166  3.4959335e-167
  3.4291848e-166  6.5832129e-166 -8.0111774e-167 -1.9373035e-166 -1.3666228e-166 -2.3282664e-166 -1.2451343e-166  2.9821558e-166 -1.4803065e-166 -1.4369134e-165  3.7340693e-166 -1.3839101e-165 -5.5323260e-166 -2.3282664e-166  3.8150690e-167 -7.3186643e-166 -1.3106564e-166  6.7724840e-167 -5.3264117e-166 -1.6326759e-166  7.9682574e-167  3.9251747e-166 -3.8324982e-166 -9.0980103e-167  4.9106281e-166 -1.9354879e-167  5.1243024e-166 -1.0781655e-166 -3.3230842e-166  3.5134422e-166
 -5.3642377e-166 -1.2601816e-165  3.9744182e-166 -3.2775988e-166 -9.4702411e-169  5.0728814e-166 -5.2903544e-166 -3.1984567e-166 -8.2978368e-166  1.4533878e-165  5.1636180e-167 -5.0329428e-166 -7.8963015e-166  5.0728814e-166  7.2891926e-166 -1.6179565e-166  8.3054364e-167 -9.3754870e-167  2.9431906e-166 -4.9715935e-166 -4.0859990e-166  1.5222703e-166  1.1643868e-165  3.0001233e-166  1.4881210e-166  2.4413985e-167  2.3677718e-167 -4.6847850e-168  3.4035569e-167 -2.5207554e-166
 -2.4521680e-166 -8.1894168e-167  2.9784525e-166 -8.4466354e-167 -1.3238717e-167 -5.1855282e-166  7.1353928e-167  2.8171497e-168 -2.3899957e-166  7.8286143e-166  2.3833431e-167 -2.1104705e-166  3.7921170e-166 -5.1855282e-166  4.0419035e-166 -1.9912098e-166 -2.7788589e-166 -3.4885132e-166  1.3850111e-166 -1.7595696e-166 -6.6212616e-166 -2.9095639e-166 -1.1233384e-165 -4.5449137e-168  6.7416475e-166 -7.5836228e-167  4.1226914e-168  2.1113360e-166  1.6105393e-166 -1.4171561e-166
  8.5359595e-166  1.8934564e-166  2.8826910e-166 -1.7228709e-166  1.1371227e-166  5.7620835e-166 -1.1278790e-166  1.0543150e-166  5.1010808e-166 -1.4624048e-166 -2.5625067e-166  5.8321220e-166 -3.0462473e-166  5.7620835e-166  9.2511311e-166 -1.3563701e-165 -8.5719631e-166  3.8786758e-166  2.2865989e-166 -3.6865790e-166 -1.1808322e-166  1.6092250e-166  1.9057973e-166  4.2786173e-167  3.3910286e-166  1.2209526e-166 -1.0616742e-165  3.0689040e-166 -2.2457393e-166  5.5687702e-167
 -1.0466471e-165  1.2194390e-166  6.7821071e-166  3.8284506e-167 -1.9514355e-167  4.1878087e-166  1.3412796e-167 -2.1404649e-166 -9.3399406e-166  6.8090623e-166  7.8107247e-167  1.4087670e-166  1.3714716e-165  4.1878087e-166  1.3027780e-166  6.5484390e-166  5.1368234e-166 -6.4127019e-168  5.5191724e-167  3.1514572e-166  6.2127016e-166  2.6987924e-166 -5.0677551e-166  1.9259000e-166 -3.9286943e-166 -8.7088058e-168 -3.9835737e-166  1.0351448e-166 -3.8660634e-166 -7.2558920e-166
  7.2186304e-166 -7.6967498e-166 -5.0555561e-166 -5.1269304e-166 -8.6409546e-167  1.0451662e-166  2.4758872e-166 -1.1493602e-166  2.9912174e-167  3.2349598e-166  4.3805637e-166  4.5474931e-167  7.3421410e-166  1.0451662e-166  3.3295133e-166  4.1118276e-166 -1.3571151e-166  3.2686704e-167 -1.3179427e-166 -1.1198034e-166 -1.7949422e-166 -5.7461868e-166 -3.3408120e-166  1.6914125e-166 -5.0247086e-166 -2.3335611e-167 -3.6641034e-166 -4.6343629e-167 -2.3525692e-166  1.4267772e-166
  1.1498427e-165 -1.7405335e-165  7.0485387e-167  2.0974636e-166 -1.1877137e-167 -5.2675254e-166  9.9697080e-167  1.6655729e-166 -5.7855156e-166  5.2142087e-166  3.2511279e-166  7.0458482e-166  9.2059730e-167 -5.2675254e-166 -5.0685328e-166 -2.9909381e-166 -1.1966265e-165 -1.6279883e-166  8.0240463e-166 -3.2995621e-166  2.7797815e-166  9.6393698e-167  1.0636080e-166  3.4083188e-166 -6.4604694e-166  3.9927702e-167 -5.3483129e-166 -5.6284787e-167 -6.2251464e-166 -5.9270927e-167
 -8.0486949e-164  1.9429669e-163 -5.7918530e-164  1.0567142e-163 -1.7062390e-164 -3.0318093e-164  1.0758942e-163 -1.4224166e-163  1.6316435e-164  6.0334033e-165  2.0712548e-164  5.3837706e-164  4.5493105e-163 -3.0318093e-164 -1.1246423e-163 -1.1889514e-163  2.3151283e-163  1.3597863e-163 -2.5774651e-164 -1.8901125e-164 -2.7327885e-164 -3.0894303e-163  4.9995133e-164 -3.5425620e-164  8.8346837e-164  3.5224492e-164 -4.5109134e-163  8.7397129e-164  3.3245271e-163 -5.7055803e-164
