   6.8540068e-18   1.5899838e-16  -4.7364170e-17   8.3084991e-17   4.8222449e-17   2.8576057e-16  -6.6573872e-16   7.3548283e-16   1.2640167e-16  -5.4223822e-17  -1.6980237e-20   1.6286730e-16  -4.1517558e-16   3.5816788e-18  -2.5561742e-16  -1.9707939e-16  -6.5178499e-16   3.6721063e-16  -2.9810721e-17   3.0429628e-17   3.1574654e-17  -6.6782782e-18   1.7351648e-17  -1.8240622e-16  -2.8165368e-16   3.5587473e-17   1.3567878e-16   3.4140525e-16  -4.2110804e-16   1.1843995e-16
   3.0777543e-16  -2.6258166e-16   7.2190340e-17   2.1796775e-16  -3.8215438e-16  -5.1898850e-16   1.0122582e-15   3.8798850e-17   1.0037127e-15  -9.1275903e-18  -8.4721166e-19  -1.4176146e-16   7.3845042e-16   9.7311728e-19  -2.3737758e-16   1.3772432e-17  -1.0240837e-16  -5.3029531e-16   2.3177571e-16  -2.4936223e-16  -2.8229281e-16   1.2022833e-17  -1.0188331e-17  -1.3941654e-16   3.3091607e-16   4.1296203e-18   1.5522498e-16   3.7712786e-16  -8.4676310e-16  -4.4795020e-16
   5.0096218e-16  -7.2868978e-17   1.7717167e-16   2.8854719e-16   5.1057543e-17  -6.2983818e-16   4.0507729e-16   5.5939835e-16  -2.2743900e-16   1.8510509e-17  -3.0499947e-18   6.1472108e-17   9.7890553e-16  -1.4335725e-17  -1.4575363e-16  -3.5562151e-16  -4.1888197e-16  -6.5417248e-17   6.1586778e-17  -3.7928651e-16  -2.2942966e-16   1.1498502e-16  -5.9531964e-17   1.7943682e-16  -5.7995702e-16  -8.1438324e-16  -1.0966163e-16  -8.8295366e-16   3.1103115e-16   3.6862591e-17
   8.3566978e-17   1.7961740e-16   8.1512707e-17  -9.6593239e-17   2.0491053e-16  -8.1694710e-16   1.9316643e-16   1.0830549e-16  -6.4432118e-16  -1.0660982e-16  -1.4833664e-18  -1.8432539e-16  -6.5287633e-16  -1.8613763e-18   6.2123827e-17  -8.5435580e-18  -2.6076274e-16  -7.7421150e-17   7.5265375e-16   4.3717657e-16   6.3863740e-16   6.5314251e-18   2.1395731e-16   7.2855756e-16  -5.2329883e-16   1.6978549e-16  -3.2794677e-17  -5.2362044e-16  -8.5536023e-16   3.3171868e-16
  -2.0910605e-16   1.9040011e-16   1.5617386e-17   5.3653320e-16   2.2091060e-16   4.2272555e-16  -7.3138914e-16   8.0883264e-16  -2.8659166e-16  -4.6886848e-17   3.7486491e-18  -1.4418431e-16   7.6911877e-18  -1.2669320e-18   5.5365405e-16   1.2598740e-16   2.0363136e-16   1.6984620e-16  -3.0769386e-16   1.1878429e-16   8.8548613e-16   2.7263973e-17   5.1253261e-17   1.4483446e-16  -4.8304899e-16  -1.5401073e-16   1.0853735e-16   9.1626857e-16   5.2321825e-16   6.5331491e-16
   3.6722110e-16  -3.6544224e-16   8.9714695e-17  -4.9298530e-16  -7.6315366e-16   4.3153836e-16   4.4213048e-16  -1.8283169e-16  -4.7244718e-16  -4.1849114e-17   5.8094151e-20  -3.6373281e-17  -7.7648036e-16  -8.8595747e-18  -5.1096272e-16  -5.1650641e-17  -1.7167340e-16   3.5744476e-16  -2.7148947e-17   3.9717435e-16  -3.1213940e-16   8.1497584e-17   6.4122561e-17  -5.7436234e-16  -3.7254266e-16  -3.2969477e-16  -6.9928874e-16  -9.9874042e-16   6.7652855e-16   4.1399390e-16
  -4.6321841e-17  -5.0028486e-17  -1.1626331e-16   5.2461994e-16  -4.8556242e-16   7.2213764e-17  -4.5558203e-16  -3.7120397e-16   2.9545593e-16  -2.5666303e-17  -9.3869899e-19  -7.2393537e-17  -3.4748926e-16   1.7011903e-17  -5.9988264e-16  -1.4617827e-16  -5.1322884e-16   3.7166491e-16   1.6807250e-16   2.2918914e-16   4.0958602e-16   4.6085023e-17  -1.0025693e-16   3.1746136e-16  -7.1057970e-16  -3.0482404e-16  -2.4009423e-16   2.4517832e-16  -1.5205813e-16   3.8410151e-16
   2.7128447e-16   1.7504419e-16   4.1031234e-17   1.9503901e-16  -9.0118238e-17   5.1588525e-16   1.4754311e-16   1.9001134e-16   3.5751742e-16  -2.4555863e-17   1.3307215e-18   2.3081330e-16  -8.6347683e-16   3.5005022e-18  -6.6449138e-16  -1.6506045e-16   2.4587455e-16   2.2658705e-17  -7.9568543e-18  -4.3561124e-16   7.7666167e-17  -8.8827707e-17   2.8438748e-17  -1.7944673e-16  -5.0582654e-16   1.4101982e-16   3.1414278e-16  -1.0301408e-16  -6.9459853e-16  -5.1938462e-16
   2.6839903e-16   1.9941933e-16   7.3856903e-17  -2.8693747e-16  -5.3833592e-16   5.2446060e-16  -6.7737248e-16   7.4919026e-17  -1.0908075e-16   9.4270640e-17   3.9382795e-18  -3.9761613e-16  -2.8864660e-16   1.6427061e-18   8.6467136e-16  -1.8086687e-18  -2.9147921e-16  -8.6800380e-17   1.1164513e-16   1.0520287e-15   2.2602232e-16   8.4103178e-17   6.7529780e-16  -4.8971488e-16  -5.8656505e-16  -3.4223778e-16  -1.2804994e-16  -3.9062710e-16   1.0076818e-16   2.2175550e-17
   5.9423258e-17   3.6967098e-16   7.7207952e-17   4.2827206e-16   3.0745429e-16  -6.4231006e-16  -2.9681843e-16   1.9909917e-17  -1.0558635e-15   1.1948405e-16  -1.5156565e-18   9.6903164e-17   6.8208772e-16  -2.6497288e-18   1.0219596e-17   1.4881384e-16  -2.7806299e-16  -2.1904679e-17  -3.6125953e-16  -8.6133044e-17  -3.7846200e-16  -5.3330040e-17  -1.6725929e-16  -5.2417058e-16   1.4326811e-16  -1.2349909e-16  -1.2167731e-16   6.6120114e-16  -8.0086366e-16  -2.8644940e-17
