  -3.5892010e-09  -6.0638583e-08  -6.9324464e-08   2.1880471e-08  -1.9552209e-08   5.3549932e-11   2.8716266e-08   2.7486719e-08   4.7812367e-09  -2.1286150e-10   1.8146792e-09  -1.1077796e-09  -5.0639984e-09   5.3549932e-11   2.9339237e-10  -6.0089970e-08  -5.1055407e-09   4.7454819e-10  -5.6604069e-09   2.5831774e-09   9.6597205e-09   1.8416519e-08  -2.1272310e-09  -4.4424583e-09   1.4269850e-08   1.1794532e-08  -9.9180090e-10  -8.9771693e-09   1.7173665e-10  -4.1458725e-09
   3.3622383e-09  -1.6348928e-08  -7.6797092e-09   3.2028526e-09   3.5390394e-08   1.6067091e-10  -4.2166951e-08   3.1780045e-09   9.6954720e-09  -5.6606020e-10   5.6854653e-10  -2.7417988e-09  -8.1578815e-08   1.6067091e-10   1.3410657e-08   1.0471385e-08   2.0197725e-08  -2.6654510e-09   6.0668527e-08  -1.9009164e-08   3.6794738e-08  -8.4987427e-09   2.0870453e-09   2.9845959e-08  -2.2678975e-08  -1.0873484e-07  -2.7221846e-09   5.2072313e-08  -1.6696712e-09   2.0624243e-08
   2.3048244e-09   5.5701113e-08   2.1572362e-08  -3.9515232e-09   2.1615114e-08  -2.0563625e-10   2.2812935e-08   1.4647865e-08   5.2569858e-09  -3.1702977e-10   1.0917764e-09  -6.8438847e-09  -4.6444346e-08  -2.0563625e-10  -1.0524714e-08   1.3661627e-08   2.2638017e-09   3.6361375e-09   3.4397224e-08  -9.2422989e-09  -1.4943429e-08   1.3798957e-09   4.8972818e-10  -4.6121134e-08  -9.0913022e-09   4.3832809e-08   8.5222594e-09  -8.0450937e-09   5.2841340e-09   2.3898226e-09
   5.5091726e-08  -2.0085835e-08  -3.1943328e-08   8.1421681e-08  -1.9652791e-09   1.7027094e-09   1.1676095e-07  -1.5593020e-08   2.3255308e-08  -4.6520474e-11  -1.5358375e-09  -4.6465756e-09   1.2983784e-08   1.7027094e-09   2.4334841e-08  -1.7012884e-08   1.5595788e-07  -7.4019700e-10  -1.9766404e-08   1.6420325e-08   3.1834075e-08   1.9530268e-08  -3.3973282e-09  -3.1866031e-09  -2.0959324e-08   4.3934489e-08   4.2342600e-08   1.7723659e-09  -4.5849527e-09   1.3147978e-07
  -1.0291704e-07  -3.3106021e-08   5.2034623e-08   3.1305095e-08   8.5932431e-09  -4.0770449e-09  -1.7310051e-09  -3.1044143e-08   8.9005196e-09  -1.1376830e-09   2.5819390e-09   1.0155883e-08   6.2629423e-08  -4.0770449e-09   2.5009620e-08   1.6375338e-08   7.4600184e-08   1.2039733e-09   2.8558269e-08   2.1645788e-08  -3.0189905e-08   1.7714926e-09   3.8512862e-08   1.9391028e-08   3.0924234e-08   4.6333611e-08   8.2438123e-08   2.0585049e-09   1.0903377e-07  -1.3849261e-08
  -2.0364982e-08   1.4285921e-08   7.5569468e-08  -2.0980082e-08  -2.4077905e-08   3.8094683e-09  -4.0196712e-08  -3.4738836e-09   6.7593214e-09  -1.1985333e-10  -1.7871432e-10   4.4642706e-09   8.4888001e-10   3.8094683e-09  -2.8177330e-08   1.8228949e-08   4.8972934e-09   1.9322308e-09   5.6498602e-08  -2.6312875e-09   3.4258273e-08   2.3410381e-08  -1.1402471e-08  -2.5883064e-09   2.4641423e-08  -6.1962354e-08   1.2282104e-08   2.6853029e-09   9.4318927e-09   1.0433016e-07
  -3.4036288e-08   1.0081594e-08  -3.8298767e-08   4.8910756e-08   1.8282278e-08   8.9009123e-10  -2.7225907e-08  -2.5720422e-08  -1.0395888e-08  -2.3006484e-10   4.3340257e-08   1.2441967e-08  -2.2490770e-09   8.9009123e-10   2.2554446e-09  -3.0232320e-08   5.8559090e-10   1.3149204e-09   1.3184828e-08   4.7642121e-08  -1.2378174e-08   2.7821472e-09   3.6733861e-10  -1.5912208e-08  -8.7583802e-09   4.0933702e-08  -1.2730567e-09   5.2289422e-08   3.1215469e-09   4.1587553e-08
   8.3408374e-09  -6.3992294e-09  -6.3169769e-08   2.3014903e-08   6.6900047e-09   9.2103322e-08  -5.0760819e-08   1.6437970e-08  -3.1158143e-09  -6.1480107e-10  -8.2913862e-08  -9.9803282e-10   6.5628479e-08   9.2103322e-08  -2.1215833e-08  -8.9154107e-09  -4.6735993e-10   8.5151265e-09  -2.3604360e-08   8.4159249e-09  -4.0389701e-08  -1.5135810e-07   2.3860956e-09   3.7993470e-08   8.5160760e-09  -2.6783404e-08   4.9467467e-10   1.8250039e-08   7.9736962e-09   2.6961839e-08
  -8.1358942e-09  -2.1948633e-08  -1.6447867e-08   5.9935383e-09  -6.2431341e-10  -3.6469983e-10   3.5463597e-08  -4.3077894e-08   4.8697151e-09   8.8335133e-10  -6.2190482e-09  -1.0966664e-08   2.2484568e-08  -3.6469983e-10  -2.1900648e-08   3.0292956e-08   8.2745032e-09  -4.2992982e-10  -2.3259249e-08   2.3375689e-08  -4.5930501e-08  -1.7595938e-08   8.6236252e-10   4.3844724e-08  -5.6844164e-08  -2.8302676e-08   6.4698599e-09  -1.6088899e-09   5.1752417e-09   5.9426048e-09
  -1.4654808e-08   3.0046114e-08  -8.7280633e-09   4.3174206e-08   1.1681258e-08  -3.4605215e-10   3.1400418e-08  -1.6567166e-08   4.9455934e-09   1.0136139e-10  -1.1801841e-09   6.5074883e-09  -4.2887874e-09  -3.4605215e-10   1.1501830e-08   3.0905099e-08   2.8498806e-09  -5.5310006e-09   3.6095970e-09   6.7271823e-09  -1.8973865e-08   8.7596820e-09   1.0864282e-09   3.8342942e-08  -1.2335952e-08   1.6418827e-08   2.9198849e-09   4.3180070e-08   1.7819737e-08   3.0825893e-08
