   2.0990197e+01   2.0990197e+01   2.0990197e+01   2.0990197e+01   2.0990197e+01   2.0990197e+01   2.0990197e+01   2.0990197e+01   2.0990197e+01   2.0990197e+01   2.0990197e+01   2.0990197e+01   2.0990197e+01   2.0990197e+01   2.0990197e+01   2.0990197e+01   2.0990197e+01   2.0990197e+01   2.0990197e+01   2.0990197e+01   2.0990197e+01   2.0990197e+01   2.0990197e+01   2.0990197e+01   2.0990197e+01   2.0990197e+01   2.0990197e+01   2.0990197e+01   2.0990197e+01   2.0990197e+01
  -2.3188216e+01  -2.3188216e+01  -2.3188216e+01  -2.3188216e+01  -2.3188216e+01  -2.3188216e+01  -2.3188216e+01  -2.3188216e+01  -2.3188216e+01  -2.3188216e+01  -2.3188216e+01  -2.3188216e+01  -2.3188216e+01  -2.3188216e+01  -2.3188216e+01  -2.3188216e+01  -2.3188216e+01  -2.3188216e+01  -2.3188216e+01  -2.3188216e+01  -2.3188216e+01  -2.3188216e+01  -2.3188216e+01  -2.3188216e+01  -2.3188216e+01  -2.3188216e+01  -2.3188216e+01  -2.3188216e+01  -2.3188216e+01  -2.3188216e+01
   7.9520523e+01   7.9520523e+01   7.9520523e+01   7.9520523e+01   7.9520523e+01   7.9520523e+01   7.9520523e+01   7.9520523e+01   7.9520523e+01   7.9520523e+01   7.9520523e+01   7.9520523e+01   7.9520523e+01   7.9520523e+01   7.9520523e+01   7.9520523e+01   7.9520523e+01   7.9520523e+01   7.9520523e+01   7.9520523e+01   7.9520523e+01   7.9520523e+01   7.9520523e+01   7.9520523e+01   7.9520523e+01   7.9520523e+01   7.9520523e+01   7.9520523e+01   7.9520523e+01   7.9520523e+01
  -4.4132560e+01  -4.4132560e+01  -4.4132560e+01  -4.4132560e+01  -4.4132560e+01  -4.4132560e+01  -4.4132560e+01  -4.4132560e+01  -4.4132560e+01  -4.4132560e+01  -4.4132560e+01  -4.4132560e+01  -4.4132560e+01  -4.4132560e+01  -4.4132560e+01  -4.4132560e+01  -4.4132560e+01  -4.4132560e+01  -4.4132560e+01  -4.4132560e+01  -4.4132560e+01  -4.4132560e+01  -4.4132560e+01  -4.4132560e+01  -4.4132560e+01  -4.4132560e+01  -4.4132560e+01  -4.4132560e+01  -4.4132560e+01  -4.4132560e+01
   2.4392172e+01   2.4392172e+01   2.4392172e+01   2.4392172e+01   2.4392172e+01   2.4392172e+01   2.4392172e+01   2.4392172e+01   2.4392172e+01   2.4392172e+01   2.4392172e+01   2.4392172e+01   2.4392172e+01   2.4392172e+01   2.4392172e+01   2.4392172e+01   2.4392172e+01   2.4392172e+01   2.4392172e+01   2.4392172e+01   2.4392172e+01   2.4392172e+01   2.4392172e+01   2.4392172e+01   2.4392172e+01   2.4392172e+01   2.4392172e+01   2.4392172e+01   2.4392172e+01   2.4392172e+01
   1.6798503e+01   1.6798503e+01   1.6798503e+01   1.6798503e+01   1.6798503e+01   1.6798503e+01   1.6798503e+01   1.6798503e+01   1.6798503e+01   1.6798503e+01   1.6798503e+01   1.6798503e+01   1.6798503e+01   1.6798503e+01   1.6798503e+01   1.6798503e+01   1.6798503e+01   1.6798503e+01   1.6798503e+01   1.6798503e+01   1.6798503e+01   1.6798503e+01   1.6798503e+01   1.6798503e+01   1.6798503e+01   1.6798503e+01   1.6798503e+01   1.6798503e+01   1.6798503e+01   1.6798503e+01
  -1.8040731e+01  -1.8040731e+01  -1.8040731e+01  -1.8040731e+01  -1.8040731e+01  -1.8040731e+01  -1.8040731e+01  -1.8040731e+01  -1.8040731e+01  -1.8040731e+01  -1.8040731e+01  -1.8040731e+01  -1.8040731e+01  -1.8040731e+01  -1.8040731e+01  -1.8040731e+01  -1.8040731e+01  -1.8040731e+01  -1.8040731e+01  -1.8040731e+01  -1.8040731e+01  -1.8040731e+01  -1.8040731e+01  -1.8040731e+01  -1.8040731e+01  -1.8040731e+01  -1.8040731e+01  -1.8040731e+01  -1.8040731e+01  -1.8040731e+01
  -5.7250055e+01  -5.7250055e+01  -5.7250055e+01  -5.7250055e+01  -5.7250055e+01  -5.7250055e+01  -5.7250055e+01  -5.7250055e+01  -5.7250055e+01  -5.7250055e+01  -5.7250055e+01  -5.7250055e+01  -5.7250055e+01  -5.7250055e+01  -5.7250055e+01  -5.7250055e+01  -5.7250055e+01  -5.7250055e+01  -5.7250055e+01  -5.7250055e+01  -5.7250055e+01  -5.7250055e+01  -5.7250055e+01  -5.7250055e+01  -5.7250055e+01  -5.7250055e+01  -5.7250055e+01  -5.7250055e+01  -5.7250055e+01  -5.7250055e+01
  -7.5978402e+01  -7.5978402e+01  -7.5978402e+01  -7.5978402e+01  -7.5978402e+01  -7.5978402e+01  -7.5978402e+01  -7.5978402e+01  -7.5978402e+01  -7.5978402e+01  -7.5978402e+01  -7.5978402e+01  -7.5978402e+01  -7.5978402e+01  -7.5978402e+01  -7.5978402e+01  -7.5978402e+01  -7.5978402e+01  -7.5978402e+01  -7.5978402e+01  -7.5978402e+01  -7.5978402e+01  -7.5978402e+01  -7.5978402e+01  -7.5978402e+01  -7.5978402e+01  -7.5978402e+01  -7.5978402e+01  -7.5978402e+01  -7.5978402e+01
  -1.2622039e+01  -1.2622039e+01  -1.2622039e+01  -1.2622039e+01  -1.2622039e+01  -1.2622039e+01  -1.2622039e+01  -1.2622039e+01  -1.2622039e+01  -1.2622039e+01  -1.2622039e+01  -1.2622039e+01  -1.2622039e+01  -1.2622039e+01  -1.2622039e+01  -1.2622039e+01  -1.2622039e+01  -1.2622039e+01  -1.2622039e+01  -1.2622039e+01  -1.2622039e+01  -1.2622039e+01  -1.2622039e+01  -1.2622039e+01  -1.2622039e+01  -1.2622039e+01  -1.2622039e+01  -1.2622039e+01  -1.2622039e+01  -1.2622039e+01
  -5.0543954e+01  -5.0543954e+01  -5.0543954e+01  -5.0543954e+01  -5.0543954e+01  -5.0543954e+01  -5.0543954e+01  -5.0543954e+01  -5.0543954e+01  -5.0543954e+01  -5.0543954e+01  -5.0543954e+01  -5.0543954e+01  -5.0543954e+01  -5.0543954e+01  -5.0543954e+01  -5.0543954e+01  -5.0543954e+01  -5.0543954e+01  -5.0543954e+01  -5.0543954e+01  -5.0543954e+01  -5.0543954e+01  -5.0543954e+01  -5.0543954e+01  -5.0543954e+01  -5.0543954e+01  -5.0543954e+01  -5.0543954e+01  -5.0543954e+01
   3.6124043e+01   3.6124043e+01   3.6124043e+01   3.6124043e+01   3.6124043e+01   3.6124043e+01   3.6124043e+01   3.6124043e+01   3.6124043e+01   3.6124043e+01   3.6124043e+01   3.6124043e+01   3.6124043e+01   3.6124043e+01   3.6124043e+01   3.6124043e+01   3.6124043e+01   3.6124043e+01   3.6124043e+01   3.6124043e+01   3.6124043e+01   3.6124043e+01   3.6124043e+01   3.6124043e+01   3.6124043e+01   3.6124043e+01   3.6124043e+01   3.6124043e+01   3.6124043e+01   3.6124043e+01
  -2.0741970e+01  -2.0741970e+01  -2.0741970e+01  -2.0741970e+01  -2.0741970e+01  -2.0741970e+01  -2.0741970e+01  -2.0741970e+01  -2.0741970e+01  -2.0741970e+01  -2.0741970e+01  -2.0741970e+01  -2.0741970e+01  -2.0741970e+01  -2.0741970e+01  -2.0741970e+01  -2.0741970e+01  -2.0741970e+01  -2.0741970e+01  -2.0741970e+01  -2.0741970e+01  -2.0741970e+01  -2.0741970e+01  -2.0741970e+01  -2.0741970e+01  -2.0741970e+01  -2.0741970e+01  -2.0741970e+01  -2.0741970e+01  -2.0741970e+01
   5.4649614e+01   5.4649614e+01   5.4649614e+01   5.4649614e+01   5.4649614e+01   5.4649614e+01   5.4649614e+01   5.4649614e+01   5.4649614e+01   5.4649614e+01   5.4649614e+01   5.4649614e+01   5.4649614e+01   5.4649614e+01   5.4649614e+01   5.4649614e+01   5.4649614e+01   5.4649614e+01   5.4649614e+01   5.4649614e+01   5.4649614e+01   5.4649614e+01   5.4649614e+01   5.4649614e+01   5.4649614e+01   5.4649614e+01   5.4649614e+01   5.4649614e+01   5.4649614e+01   5.4649614e+01
   3.7476751e+01   3.7476751e+01   3.7476751e+01   3.7476751e+01   3.7476751e+01   3.7476751e+01   3.7476751e+01   3.7476751e+01   3.7476751e+01   3.7476751e+01   3.7476751e+01   3.7476751e+01   3.7476751e+01   3.7476751e+01   3.7476751e+01   3.7476751e+01   3.7476751e+01   3.7476751e+01   3.7476751e+01   3.7476751e+01   3.7476751e+01   3.7476751e+01   3.7476751e+01   3.7476751e+01   3.7476751e+01   3.7476751e+01   3.7476751e+01   3.7476751e+01   3.7476751e+01   3.7476751e+01
   1.1364140e+01   1.1364140e+01   1.1364140e+01   1.1364140e+01   1.1364140e+01   1.1364140e+01   1.1364140e+01   1.1364140e+01   1.1364140e+01   1.1364140e+01   1.1364140e+01   1.1364140e+01   1.1364140e+01   1.1364140e+01   1.1364140e+01   1.1364140e+01   1.1364140e+01   1.1364140e+01   1.1364140e+01   1.1364140e+01   1.1364140e+01   1.1364140e+01   1.1364140e+01   1.1364140e+01   1.1364140e+01   1.1364140e+01   1.1364140e+01   1.1364140e+01   1.1364140e+01   1.1364140e+01
  -5.1703191e+01  -5.1703191e+01  -5.1703191e+01  -5.1703191e+01  -5.1703191e+01  -5.1703191e+01  -5.1703191e+01  -5.1703191e+01  -5.1703191e+01  -5.1703191e+01  -5.1703191e+01  -5.1703191e+01  -5.1703191e+01  -5.1703191e+01  -5.1703191e+01  -5.1703191e+01  -5.1703191e+01  -5.1703191e+01  -5.1703191e+01  -5.1703191e+01  -5.1703191e+01  -5.1703191e+01  -5.1703191e+01  -5.1703191e+01  -5.1703191e+01  -5.1703191e+01  -5.1703191e+01  -5.1703191e+01  -5.1703191e+01  -5.1703191e+01
   7.3181444e+01   7.3181444e+01   7.3181444e+01   7.3181444e+01   7.3181444e+01   7.3181444e+01   7.3181444e+01   7.3181444e+01   7.3181444e+01   7.3181444e+01   7.3181444e+01   7.3181444e+01   7.3181444e+01   7.3181444e+01   7.3181444e+01   7.3181444e+01   7.3181444e+01   7.3181444e+01   7.3181444e+01   7.3181444e+01   7.3181444e+01   7.3181444e+01   7.3181444e+01   7.3181444e+01   7.3181444e+01   7.3181444e+01   7.3181444e+01   7.3181444e+01   7.3181444e+01   7.3181444e+01
  -3.7548474e+01  -3.7548474e+01  -3.7548474e+01  -3.7548474e+01  -3.7548474e+01  -3.7548474e+01  -3.7548474e+01  -3.7548474e+01  -3.7548474e+01  -3.7548474e+01  -3.7548474e+01  -3.7548474e+01  -3.7548474e+01  -3.7548474e+01  -3.7548474e+01  -3.7548474e+01  -3.7548474e+01  -3.7548474e+01  -3.7548474e+01  -3.7548474e+01  -3.7548474e+01  -3.7548474e+01  -3.7548474e+01  -3.7548474e+01  -3.7548474e+01  -3.7548474e+01  -3.7548474e+01  -3.7548474e+01  -3.7548474e+01  -3.7548474e+01
   6.7932943e+01   6.7932943e+01   6.7932943e+01   6.7932943e+01   6.7932943e+01   6.7932943e+01   6.7932943e+01   6.7932943e+01   6.7932943e+01   6.7932943e+01   6.7932943e+01   6.7932943e+01   6.7932943e+01   6.7932943e+01   6.7932943e+01   6.7932943e+01   6.7932943e+01   6.7932943e+01   6.7932943e+01   6.7932943e+01   6.7932943e+01   6.7932943e+01   6.7932943e+01   6.7932943e+01   6.7932943e+01   6.7932943e+01   6.7932943e+01   6.7932943e+01   6.7932943e+01   6.7932943e+01
