  -1.6160040e+00  -1.6160041e+00  -1.6160041e+00  -1.6160041e+00  -1.6160040e+00  -1.6160040e+00  -1.6160040e+00  -1.6160040e+00  -1.6160041e+00  -1.6160041e+00  -1.6160040e+00  -1.6160040e+00  -1.6160040e+00  -1.6160040e+00  -1.6160039e+00  -1.6160041e+00  -1.6160041e+00  -1.6160040e+00  -1.6160041e+00  -1.6160040e+00  -1.6160042e+00  -1.6160042e+00  -1.6160039e+00  -1.6160040e+00  -1.6160041e+00   1.5083549e+01   1.5083549e+01   1.5082162e+01   1.5082162e+01   1.5082156e+01
   6.9167469e+01   6.9167469e+01   6.9167469e+01   6.9167469e+01   6.9167469e+01   6.9167469e+01   6.9167469e+01   6.9167469e+01   6.9167469e+01   6.9167469e+01   6.9167469e+01   6.9167469e+01   6.9167469e+01   6.9167469e+01   6.9167469e+01   6.9167469e+01   6.9167469e+01   6.9167469e+01   6.9167469e+01   6.9167469e+01   6.9167469e+01   6.9167469e+01   6.9167469e+01   6.9167469e+01   6.9167469e+01   7.0876457e+01   7.0876482e+01   7.0877319e+01   7.0877319e+01   7.0877314e+01
   1.3411320e+01   1.3411320e+01   1.3411320e+01   1.3411320e+01   1.3411320e+01   1.3411320e+01   1.3411320e+01   1.3411320e+01   1.3411320e+01   1.3411320e+01   1.3411320e+01   1.3411320e+01   1.3411320e+01   1.3411320e+01   1.3411320e+01   1.3411320e+01   1.3411320e+01   1.3411320e+01   1.3411320e+01   1.3411320e+01   1.3411320e+01   1.3411320e+01   1.3411320e+01   1.3411320e+01   1.3411320e+01  -4.8496284e+01  -4.8496258e+01  -4.7751235e+01  -4.7751235e+01  -4.7751307e+01
   1.1188073e+00   1.1188074e+00   1.1188073e+00   1.1188073e+00   1.1188072e+00   1.1188072e+00   1.1188073e+00   1.1188073e+00   1.1188073e+00   1.1188075e+00   1.1188074e+00   1.1188073e+00   1.1188074e+00   1.1188072e+00   1.1188073e+00   1.1188074e+00   1.1188074e+00   1.1188074e+00   1.1188073e+00   1.1188073e+00   1.1188074e+00   1.1188074e+00   1.1188074e+00   1.1188074e+00   1.1188073e+00  -1.7241546e+01  -1.7241548e+01  -1.7246103e+01  -1.7246103e+01  -1.7246103e+01
   1.1543632e+01   1.1543632e+01   1.1543632e+01   1.1543632e+01   1.1543632e+01   1.1543632e+01   1.1543632e+01   1.1543632e+01   1.1543632e+01   1.1543632e+01   1.1543632e+01   1.1543632e+01   1.1543632e+01   1.1543632e+01   1.1543632e+01   1.1543632e+01   1.1543632e+01   1.1543632e+01   1.1543632e+01   1.1543632e+01   1.1543632e+01   1.1543632e+01   1.1543632e+01   1.1543632e+01   1.1543632e+01   4.4782618e+01   4.4782618e+01   4.4778237e+01   4.4778236e+01   4.4778237e+01
   6.2508993e+01   6.2508993e+01   6.2508993e+01   6.2508993e+01   6.2508993e+01   6.2508993e+01   6.2508993e+01   6.2508993e+01   6.2508993e+01   6.2508993e+01   6.2508993e+01   6.2508993e+01   6.2508993e+01   6.2508993e+01   6.2508993e+01   6.2508993e+01   6.2508993e+01   6.2508993e+01   6.2508993e+01   6.2508993e+01   6.2508993e+01   6.2508993e+01   6.2508993e+01   6.2508993e+01   6.2508993e+01   2.9542605e+01   2.9542684e+01   2.9335046e+01   2.9335046e+01   2.9335027e+01
  -2.5232787e+01  -2.5232786e+01  -2.5232787e+01  -2.5232786e+01  -2.5232786e+01  -2.5232786e+01  -2.5232787e+01  -2.5232787e+01  -2.5232787e+01  -2.5232786e+01  -2.5232787e+01  -2.5232787e+01  -2.5232786e+01  -2.5232786e+01  -2.5232787e+01  -2.5232787e+01  -2.5232786e+01  -2.5232787e+01  -2.5232787e+01  -2.5232786e+01  -2.5232786e+01  -2.5232787e+01  -2.5232787e+01  -2.5232787e+01  -2.5232786e+01   1.4099363e+01   1.4099357e+01   1.4092680e+01   1.4092680e+01   1.4092663e+01
  -6.0944766e+01  -6.0944766e+01  -6.0944766e+01  -6.0944766e+01  -6.0944766e+01  -6.0944766e+01  -6.0944766e+01  -6.0944766e+01  -6.0944766e+01  -6.0944766e+01  -6.0944766e+01  -6.0944766e+01  -6.0944766e+01  -6.0944766e+01  -6.0944766e+01  -6.0944766e+01  -6.0944766e+01  -6.0944766e+01  -6.0944766e+01  -6.0944766e+01  -6.0944766e+01  -6.0944766e+01  -6.0944766e+01  -6.0944766e+01  -6.0944766e+01  -4.5764833e+01  -4.5764834e+01  -4.5764216e+01  -4.5764216e+01  -4.5764300e+01
  -5.2964817e+01  -5.2964817e+01  -5.2964817e+01  -5.2964817e+01  -5.2964817e+01  -5.2964817e+01  -5.2964817e+01  -5.2964817e+01  -5.2964817e+01  -5.2964817e+01  -5.2964817e+01  -5.2964817e+01  -5.2964817e+01  -5.2964817e+01  -5.2964817e+01  -5.2964817e+01  -5.2964817e+01  -5.2964817e+01  -5.2964818e+01  -5.2964817e+01  -5.2964817e+01  -5.2964817e+01  -5.2964817e+01  -5.2964817e+01  -5.2964817e+01  -2.4199490e+01  -2.4199492e+01  -2.4197075e+01  -2.4197075e+01  -2.4197074e+01
  -1.7471285e+01  -1.7471285e+01  -1.7471285e+01  -1.7471285e+01  -1.7471285e+01  -1.7471285e+01  -1.7471285e+01  -1.7471284e+01  -1.7471285e+01  -1.7471285e+01  -1.7471285e+01  -1.7471285e+01  -1.7471285e+01  -1.7471285e+01  -1.7471285e+01  -1.7471285e+01  -1.7471285e+01  -1.7471285e+01  -1.7471285e+01  -1.7471285e+01  -1.7471285e+01  -1.7471285e+01  -1.7471285e+01  -1.7471285e+01  -1.7471285e+01  -5.4969558e+01  -5.4969530e+01  -5.4736950e+01  -5.4736951e+01  -5.4736992e+01
