 -4.1942598e-115 -1.8741708e-117 -1.7245316e-106 -7.5284867e-113 -5.0485538e-115 -2.1773448e-116  1.3536535e-112 -2.9323054e-119  1.1827258e-116  1.5582746e-118 -7.6018488e-111 -1.9976964e-118  2.7331520e-121  8.8585267e-116  2.1322083e-117  3.3088100e-120  1.8043140e-111  1.2515585e-113  1.2220646e-109  8.3436911e-119 -1.9109387e-119 -1.1791718e-117  1.2602257e-110 -3.7178131e-115  9.4870922e-114  4.9506248e-112 -1.1828663e-113  2.6797405e-119  6.7895923e-115 -1.0850864e-116
 -6.7698440e-120 -1.7772831e-116 -6.8725784e-119 -4.0927058e-114 -3.1682528e-109 -1.2704152e-116  8.6192196e-118 -7.5108187e-117  6.6271892e-118 -2.2532253e-117 -1.8190767e-113  5.1742314e-122 -1.4752360e-112  2.4220383e-114 -3.2216458e-116  5.7802564e-116 -1.0360291e-118 -2.7007210e-117  1.2739897e-112  3.5177011e-114 -5.5590333e-115  1.0022963e-118  3.1311422e-116  1.2892087e-116  3.9235382e-113  1.5138473e-112 -4.7882334e-113  4.7479678e-120 -1.1670010e-117 -1.0799615e-118
  2.0139099e-114 -2.8143367e-115 -4.4794892e-115 -1.4264669e-113  2.6855939e-117  7.9266135e-119 -1.4555440e-117 -1.4297575e-119 -1.7888095e-120  4.8495420e-115  2.2221137e-110  3.3765633e-112 -9.1180561e-117  1.1313813e-115  6.3982207e-115  3.6921901e-116 -9.9634116e-114 -2.5003489e-114  6.4136159e-112 -2.0047928e-111 -1.6805513e-112 -8.7821102e-119 -3.1945476e-115  7.6903479e-112  3.6288064e-110  2.2682349e-111 -2.3829543e-115  1.0305033e-119 -4.5696200e-116  4.9833781e-115
 -8.1239794e-123  2.0218818e-118  3.2660981e-120 -1.1088496e-114 -4.6542048e-116  4.4934064e-120  5.6221241e-118 -7.1756021e-116  1.7029387e-117 -5.7428942e-116 -7.7222680e-113 -3.3121812e-115  1.6569898e-122 -1.9996167e-118 -8.3392350e-119 -1.5018498e-116 -4.8482450e-113  1.9803311e-124  1.2551976e-115 -3.0875679e-114  1.6838454e-120 -3.1333769e-112 -4.1122755e-117  5.1538514e-116 -6.5146404e-108  1.1123697e-115  3.0702518e-114 -3.7095379e-119  5.3191187e-118 -6.8484850e-125
 -4.0951098e-115 -1.1886321e-115  5.7757998e-118 -1.0783554e-115 -5.0216559e-117  1.5081142e-118  1.8026336e-119  1.2826829e-119  6.6666667e-109  4.5185912e-110 -1.1796599e-107  1.3983801e-119 -9.1431679e-115  2.4620166e-120  2.9561168e-115 -1.4565915e-116 -9.9358723e-110 -6.1161109e-112  5.0289341e-113  8.6423151e-110  3.5190254e-113  4.4258450e-114 -1.7693331e-117 -2.2884250e-112  2.1407946e-112 -2.1380507e-109  4.3951372e-117 -5.0546274e-114  1.3611790e-107 -1.4731556e-119
 -4.2370057e-114 -1.7451607e-108 -9.3063674e-112  1.9894055e-113  2.2886480e-115 -4.6426984e-112 -1.0640774e-115  2.8788189e-111 -7.4299471e-118 -2.9817730e-118 -1.5625095e-112  1.1150623e-123  8.0483883e-114 -2.1245523e-119  5.4700144e-114  4.0850167e-117  5.9830843e-108  1.0978522e-119 -1.3422422e-119 -7.0716367e-113  7.6770814e-111 -1.1311894e-111  6.2290943e-119 -8.6503242e-113 -7.0374920e-112  1.9270150e-112  1.4823974e-114 -5.8891784e-113  3.1398314e-113  2.4138688e-112
  2.2163382e-124 -1.1957679e-119 -1.9384158e-115  1.3661371e-116 -8.5870064e-119  1.0008993e-112  1.6807938e-123 -3.1688749e-118 -6.6420460e-123 -1.2789605e-112 -5.9989540e-115 -1.0931252e-120  1.2586137e-114  1.0722661e-111  1.1084822e-119  8.7299651e-116  1.0152342e-114  1.6658846e-114 -1.7100525e-113 -1.2350951e-121 -8.0322448e-116 -5.0177665e-116  1.0669858e-123  1.7179844e-112  1.2776612e-117 -3.2204964e-112  1.6401884e-118  4.3210959e-116  5.8764373e-118 -7.1979012e-126
 -8.7658942e-120  1.2561479e-117  1.1429641e-116  1.2315184e-120 -9.9601270e-120  2.1018962e-119  4.8615780e-120  5.8501825e-118 -4.4434788e-114  1.9863443e-118 -2.6720301e-113  6.6048901e-115 -1.8796379e-114 -3.1206151e-118  7.2503742e-123  1.1724258e-117 -1.2425471e-122 -7.5422970e-116  4.9995394e-110  5.4430194e-115 -1.2723964e-117  1.3517474e-113  1.2054529e-120 -1.8406725e-115 -3.9322028e-113 -1.2730195e-112 -6.8893705e-118  2.8365400e-114  3.1267490e-117 -1.4809216e-120
  1.1199028e-163  6.2194648e-165  3.4107972e-164  5.2399845e-164 -4.0920603e-166  8.7835350e-164 -1.8583372e-164 -1.9961395e-165  1.3877270e-163 -4.6643631e-163  6.9484657e-165  5.6586274e-165  2.5831564e-164 -8.8043940e-164 -1.3415578e-163 -1.5246416e-163  2.3839336e-164  1.3396975e-164  2.6373265e-164 -3.4553400e-163 -8.8102675e-165  3.8774402e-163 -2.2444606e-163  2.6169770e-163  1.2655178e-163 -1.7745707e-164 -3.9663548e-164 -4.1679746e-165  8.5353706e-164  2.0839353e-163
 -8.7305831e-164 -1.8889883e-165  1.7834663e-164  5.8492399e-164 -1.3577707e-164  1.8018700e-164 -9.2588466e-165 -2.2914521e-165  1.7243729e-163 -2.7968306e-163  1.0223574e-164 -3.2095750e-165  1.2933113e-163 -3.7655610e-164  4.9978153e-164 -2.0348183e-163  1.3949133e-165  6.0644822e-164 -6.3338737e-164 -1.8916230e-163 -1.4887471e-164  3.2138363e-163 -1.4430564e-163  2.0429973e-163  1.2835491e-163  6.3080656e-164 -2.8001972e-164 -2.5906528e-165 -3.1303100e-164  1.3665931e-163
  7.5134453e-119 -5.4389249e-122 -2.3950737e-111 -7.5631118e-122  3.0475479e-112 -1.2906579e-112  3.1061134e-113  1.0960552e-114 -1.9240284e-117  1.5275951e-117  4.9166091e-108  4.2975853e-119  9.5558713e-109 -1.2784807e-113  1.5310568e-111  2.8559497e-118  2.1268798e-117  3.4544405e-122 -2.1975565e-113 -1.3680817e-113 -1.2334977e-113 -1.6857799e-105  3.6499360e-116 -1.5332346e-112 -1.2329070e-118 -2.4313886e-113 -1.3725545e-114  1.8679391e-116 -3.7643355e-113 -3.3939926e-117
 -5.2993839e-164 -1.5449656e-165  4.2347683e-164  6.3359555e-164 -3.2756041e-164 -1.7483322e-164 -1.7311086e-164 -1.4853716e-165  2.5516888e-163 -5.6646960e-163  2.4126878e-164 -2.0118001e-165  2.7794898e-163 -1.2282103e-163  5.2315405e-164 -1.9101842e-163  5.5056826e-164  8.8700021e-164 -5.1571696e-164 -2.9564031e-163 -2.2527923e-164  5.4027075e-163 -1.9430779e-163  2.8623740e-163  1.8825637e-163  1.5922439e-163 -2.2922214e-164 -3.0811532e-165 -7.4853958e-164  2.0644105e-163
  3.0585420e-164  2.1569257e-165 -4.4620461e-164 -1.6757792e-164  3.0327989e-164  6.2158797e-164  1.3714740e-164  1.6748970e-166 -2.3891011e-163  4.5129518e-163 -2.1518868e-164  2.7307486e-165 -4.1267336e-163  1.4803885e-163 -1.1543210e-163  1.5043189e-163 -3.5045567e-164 -1.2252476e-163  9.1264961e-164  2.3378473e-163  2.2652195e-164 -3.7828624e-163  9.1436421e-164 -2.1625272e-163 -1.7160640e-163 -2.2966430e-163 -7.0362553e-164  3.2373766e-165  1.2794058e-163 -2.3476331e-163
  1.3646653e-163  6.5606848e-165 -3.6131000e-166 -1.2007192e-165  1.3618208e-164  6.8756667e-164 -3.9804536e-165 -6.2305338e-167 -7.5042226e-164 -6.3031840e-164 -5.5446766e-165  6.7648707e-165 -1.8393712e-163  8.6124517e-166 -1.5691459e-163  7.5283060e-164  1.7210645e-164 -7.0912352e-164  9.2409990e-164 -6.1929161e-164  8.9798095e-165 -7.4181182e-165 -5.4150092e-164  3.2041979e-166 -4.1181379e-164 -1.0757828e-163 -3.6432663e-164 -3.0790622e-166  1.1745963e-163 -1.5465314e-164
 -2.7199560e-118  5.5098255e-111  4.1514457e-115 -4.7320396e-113  1.8703304e-112  9.7297387e-114 -8.8279545e-114 -2.8315483e-123 -2.7113920e-112 -4.6586841e-118 -2.4472016e-106 -2.6253009e-117 -9.6112049e-112  2.1020968e-115  7.4598744e-122 -5.1034357e-120  2.5340168e-121 -5.3979461e-113 -7.5364293e-119 -1.3254604e-120  1.5804275e-111 -1.3197957e-119  2.1380004e-118 -1.1463305e-118  3.5904532e-121 -7.9823007e-115  5.3683785e-117 -4.1685139e-114  2.1600464e-117 -2.8443536e-113
  7.0200617e-164  3.8592298e-165 -1.6696424e-164 -3.2140188e-165  1.2116454e-164  4.3172426e-164  1.3545956e-166 -2.5709904e-166 -5.9290479e-164  7.0455606e-164 -7.4576596e-165  3.0712083e-165 -1.1156165e-163  2.4097307e-164 -7.1715231e-164  3.0276332e-164 -9.6830726e-165 -3.9045640e-164  4.1227605e-164 -3.5520141e-165  6.6340329e-165 -8.7954383e-164 -1.9428295e-165 -2.3977283e-164 -3.6301737e-164 -7.6768661e-164 -8.6641850e-165 -3.4087843e-166  7.2671606e-164 -1.7985979e-164
 -9.5255558e-120 -9.3557572e-119  9.8803921e-115 -5.3146691e-118 -8.0670136e-120  1.1747464e-117 -6.3247464e-115 -2.3904341e-121  2.2312759e-114  6.3454736e-119 -1.3333807e-113 -3.2827864e-116  7.6394743e-116 -2.3471809e-119 -6.4341043e-117 -1.4020399e-120  1.6760567e-118 -1.1970738e-114 -3.0412394e-117 -2.9578879e-112  1.9147925e-119 -9.5276117e-112 -1.0553476e-120 -6.9183637e-119  1.7957907e-114 -5.6582763e-117  2.1476804e-120 -3.3621789e-123  2.4942536e-114  5.0988597e-118
  8.5503446e-116 -8.4265074e-115 -2.6189828e-108  2.1927356e-116  7.1769875e-118  2.8039364e-112  4.3592901e-115 -2.1985394e-118  1.5866657e-111 -1.4117654e-117  1.3218076e-113  6.2124753e-115 -9.7440524e-117 -1.5863081e-117 -1.2328625e-120 -5.0305398e-115 -9.0155564e-117  1.0284462e-115  9.2178563e-108 -2.2191784e-115 -2.3988159e-109 -5.5319730e-111  1.6912102e-119  3.8507627e-118  9.7908994e-110  2.1950003e-113  2.3050379e-117 -2.8405193e-120  2.5315226e-111 -1.2935172e-115
  1.9021270e-163  8.4366941e-165  2.1137239e-164 -1.1011849e-164  2.1723432e-164  9.6948821e-164 -7.6114437e-165 -7.5698368e-166 -5.7275704e-164 -1.3564003e-163 -7.5312888e-165  8.6073920e-165 -1.4374325e-163 -2.7467827e-164 -1.8294199e-163  4.2931702e-164  1.0100991e-165 -5.2852612e-164  7.2578266e-164 -1.4936188e-163  7.1295728e-165 -8.9671934e-165 -9.0473044e-164  3.7186248e-164 -2.0347420e-164 -9.3710602e-164  1.1692858e-164 -1.8387192e-165  1.3170499e-163  6.0523311e-164
  9.6504279e-164 -1.0019412e-165  6.4304724e-164 -9.0790798e-165 -4.5510327e-164 -1.3097753e-163 -2.1074124e-164  2.9200200e-165  2.9638846e-163 -6.6973549e-163  3.3688209e-164  6.0028978e-166  6.3919379e-163 -2.7050904e-163  9.7292930e-164 -7.9042763e-164  8.6963024e-164  1.7680941e-163 -6.6413733e-164 -3.3018306e-163 -2.7778310e-164  5.0881558e-163 -6.1820875e-164  2.5537209e-163  2.2425764e-163  3.3377707e-163  1.1294274e-163 -3.3581065e-165 -1.9023565e-163  3.3757989e-163
