  -1.5563929e-16  -2.9120906e-15  -8.2621816e-15   1.0493185e-15   1.1653183e-15   2.0965510e-17   9.5862626e-16   9.5401901e-15   3.0912465e-16  -5.1906035e-15  -1.0720609e-14  -8.0641434e-16  -6.6957331e-15  -1.0369866e-15  -4.7908216e-17   6.8943521e-15   2.9470501e-15   6.8246396e-16   1.0264007e-14   1.5171425e-14   2.9921322e-15   3.2734813e-16  -1.9990518e-15  -1.1665162e-14   1.0080272e-16   1.4516982e-14  -1.8632652e-16  -3.7532374e-15  -2.8973585e-15   7.8093601e-15
  -7.7070388e-16  -9.3134017e-15   1.0829427e-14  -2.2325528e-15  -6.5475494e-15   2.1328971e-15  -1.5882788e-14  -3.1626991e-15   2.7633582e-15   3.5808536e-15  -9.7410963e-15   3.8468592e-15  -2.0778493e-14  -2.6137493e-14   1.5823066e-16   1.2744869e-14   1.9029869e-14  -2.4763861e-15  -3.5525037e-14  -1.8962071e-14  -3.5073408e-14  -4.5979183e-15  -3.1940114e-15  -3.6983575e-14   2.6047236e-15  -2.5299793e-14  -9.1032998e-15   9.7951412e-15   1.4097765e-14  -1.9482615e-14
   3.5213381e-14  -1.8092048e-15   1.1448865e-14   2.5691882e-15  -9.2090147e-15   1.0296008e-15   4.5201659e-14   1.5813915e-14   1.8607357e-15   1.4271195e-14   1.5584934e-14  -4.0990176e-15  -5.3774941e-16   1.9120208e-14   3.2059117e-17   6.9090374e-15  -7.2327696e-15   6.0298263e-16   2.9087738e-14   8.1791715e-16   3.1331620e-14  -1.1109608e-14  -4.1803773e-15  -5.1311509e-14   3.3790742e-15   1.8624961e-14  -6.0983108e-16  -3.2753585e-15   6.3500059e-15   3.8277254e-15
   2.4658892e-15  -7.2392884e-15  -1.6084898e-14  -4.0428448e-15  -2.1540452e-15   1.0010653e-14  -2.3352291e-14  -1.1275009e-14  -2.0240333e-15   1.2247724e-14  -9.5353920e-15   1.1996425e-15   5.3569672e-16  -1.7471426e-14   7.1082404e-17  -3.2835463e-15  -3.6890795e-15   5.0294139e-16  -4.0358906e-14  -7.4992440e-15  -8.4263266e-15   1.0453647e-14  -1.3378670e-16  -1.1249206e-14  -1.6632806e-16   6.5332149e-15   3.6791525e-15  -6.1025257e-15  -7.4550517e-15   3.1846705e-14
  -2.5487278e-14   5.5400035e-15   4.1026831e-14  -2.5043733e-15   5.9978320e-15   1.1556354e-15   3.2021228e-14   1.3371111e-14   6.5371293e-15  -2.1742916e-14  -1.5178740e-14   5.9045765e-16   1.7238699e-14  -1.7371761e-15  -7.3390575e-17  -1.1123768e-14   4.0529396e-15  -1.6016415e-15   3.2221856e-14   1.2728659e-14  -2.3382248e-15   5.8046802e-15  -4.8433883e-17  -9.1917478e-15   5.5258760e-15  -2.3985113e-14  -7.1561641e-16  -5.2983792e-15  -1.2129264e-14  -6.1938531e-15
   1.8530716e-14  -4.0956457e-15   8.1948733e-15  -5.9614666e-16  -2.7483117e-15   3.9759802e-15  -2.8902619e-14  -9.5641614e-15   1.1714786e-15   2.1623578e-14   1.6238729e-14   2.3370621e-15  -6.6398614e-15   2.2781268e-14   1.8688640e-16  -1.0314912e-14  -2.0915145e-14   2.2909334e-15  -6.1043021e-15   2.4496029e-14   1.0545064e-14   1.2539804e-14   4.6139723e-15   1.1333845e-14   2.4447884e-15   3.6410147e-14   1.3202226e-15   1.0207846e-15  -8.8685300e-15  -4.8937882e-14
  -5.4599237e-16   6.8730249e-15   6.8568458e-15   2.6828353e-15   1.9833643e-15   5.3374920e-15  -3.2416306e-16  -1.5065036e-15   1.0559831e-15  -1.8774231e-15   3.1863650e-14   2.6599386e-15   5.1156341e-15   3.8800065e-15   1.2591106e-16   1.3205534e-14  -1.9983631e-14  -1.0714569e-15  -1.3095891e-15   1.7147604e-14   3.7641586e-15   4.8725042e-15  -4.5087196e-15   6.9145437e-15  -2.9497819e-15   3.4058701e-14   4.0722008e-15   5.7718453e-15  -6.2001256e-15   7.2396199e-15
  -2.1727439e-14   5.0864447e-15  -3.8492853e-14  -3.5464763e-15   1.2159493e-15  -1.1417855e-14  -2.9557913e-14  -1.6708468e-14  -1.1128256e-16   2.3212646e-14  -7.0861850e-15   1.1899179e-16   8.6493590e-16   2.3017582e-15   9.9535205e-17  -6.5716493e-15   1.4237278e-14   1.6858256e-17  -1.2918096e-14   1.3699866e-14   7.7314233e-15   5.9501197e-15  -4.9383263e-15  -2.9807062e-14   4.1367613e-15  -5.5930446e-15  -1.0472279e-15  -3.9301243e-15  -1.7798280e-14   2.0031215e-14
   2.1154892e-14   1.6989444e-14   1.1170133e-14   8.2677291e-15  -5.7409644e-15   1.2108982e-15   3.4011556e-14  -9.5231042e-15   1.9335194e-15   1.4998544e-14  -1.6669041e-14   3.7167975e-15  -1.5010857e-14   5.9390408e-15  -9.4684054e-18  -4.9988251e-15  -1.2363557e-14  -1.4146342e-15   1.2569064e-14  -7.8198176e-15  -6.1910435e-15  -6.3521261e-15  -9.8288727e-16  -9.2948509e-15  -2.9458415e-15   5.9047032e-15   4.1185584e-15   9.7618269e-15  -1.2717921e-14  -4.2851986e-14
   1.8311508e-14   2.0806834e-16  -1.4753394e-15  -1.7851944e-15   1.9205169e-15  -1.5445734e-15   1.0441860e-14  -5.9143048e-15  -3.6857987e-16  -1.6526096e-14  -6.2951049e-15   6.4939889e-16  -2.7313123e-15  -8.8025710e-15  -1.5611916e-16   1.5938967e-14   2.8348987e-14   1.3489585e-15  -2.3959609e-15   1.5080691e-14  -3.1388980e-15   2.5417431e-15   3.9938188e-16  -5.9644371e-15  -2.8356828e-15   9.7196114e-15  -4.4140669e-15   9.2097731e-15   2.3294829e-15  -6.3467890e-15
   6.6864869e-15  -4.2152232e-15  -1.5907965e-14  -2.5548337e-15  -5.7873879e-16   3.7144056e-15   1.4518624e-14   3.9895015e-14  -5.0857697e-15   1.1725113e-14  -3.3442636e-15   1.7300549e-15  -4.2709472e-15  -1.3151500e-14  -1.8237360e-16   7.1182710e-16   3.4955099e-14  -5.7579504e-16   2.8849972e-14   3.0175153e-14  -1.2565197e-15   5.9984430e-15   1.5828852e-15   7.2053017e-15   1.3322155e-15  -3.0579575e-15   9.6140047e-16  -1.1356243e-14  -2.1004237e-15  -3.9738417e-15
   2.5954835e-14   2.7974166e-15   1.5079994e-14   1.9876271e-15  -5.7379699e-16  -1.2303813e-15  -2.3369004e-14  -1.7623778e-14   6.2876187e-15  -3.6475961e-14  -4.0702913e-15   2.2707711e-15   2.1755583e-15  -1.9708952e-14   8.9872267e-18   1.2078624e-14   5.6906905e-14   3.6009327e-16  -1.8709549e-14  -3.3797328e-14   1.6484766e-14  -6.8194081e-15  -1.6730420e-15   5.8975862e-16  -3.5767343e-15   2.5743214e-14   3.7143276e-15   1.6258483e-14  -4.8821680e-16   7.2305204e-15
  -1.4308749e-14   1.6715790e-15  -2.8622087e-14  -8.6735969e-15  -1.5784786e-14  -9.2302692e-15   4.4457459e-14   2.6049567e-15   1.2261601e-15   1.8374463e-14  -1.3901588e-14  -1.3125588e-15   5.1203710e-16  -1.1492782e-14   2.8817757e-16   1.2179315e-14   3.8109379e-14  -1.1564418e-16   2.0280733e-14   8.2719946e-15   4.7451438e-15  -1.2274393e-14  -2.5595385e-15   1.3540941e-14  -7.8762488e-15  -1.3444048e-14   3.8971440e-15  -1.0523773e-15  -7.6891752e-15   5.0181485e-15
   1.0528771e-14  -1.5273009e-15   2.1768847e-14   2.7776683e-15   8.3470583e-16  -5.4088823e-16  -5.9566186e-15   1.1521872e-14   2.7710462e-16  -2.4202014e-15   3.0128097e-15  -3.7499715e-16  -3.9278883e-15  -3.0178185e-16   8.1401597e-17  -7.8386128e-15   2.6770608e-14   1.5539891e-15  -1.5924295e-14   7.1867312e-15   1.8075313e-15  -3.6167791e-15  -4.8059650e-15  -1.6002205e-14  -3.2911062e-15   9.3772419e-15  -2.1481121e-15   6.0558131e-15   3.4792298e-17  -1.1739966e-14
  -4.5096629e-15  -3.2872882e-15  -1.5394611e-14   4.2037452e-15   3.9301458e-15  -5.0787676e-15   3.6620775e-14   3.4049924e-14  -5.0598126e-15   7.7584512e-15   5.1377024e-15  -2.2237956e-16  -4.9223701e-15  -5.4195044e-15   9.7187368e-17  -1.5899102e-14  -5.0355166e-15   2.1524421e-16   1.0330515e-14  -1.8180291e-14  -9.8128937e-15  -2.3568869e-14  -3.9612435e-15   2.5018467e-14   9.4717339e-16  -5.3952535e-14  -4.1629279e-15   5.9714777e-15   4.1247007e-15   1.4562476e-14
   1.3692059e-15  -5.7545303e-15   2.0968359e-14  -6.5498952e-16   5.3625619e-15  -8.8525757e-15  -1.1115246e-15   6.0538172e-15   1.6417096e-15  -1.1224100e-14   1.3248040e-15  -1.6507778e-15  -9.3780055e-15   1.9449261e-14   1.1041739e-16   1.0962326e-15   4.3300206e-14  -2.0431175e-15   3.3785037e-14   2.4248510e-14   8.6665746e-16   2.9153015e-15  -4.1205733e-15   4.8007642e-15   4.5287715e-15  -9.6739109e-15  -9.1939762e-15  -9.0181028e-15  -5.6457238e-15   6.9131991e-15
   4.8863734e-15  -1.0834412e-15   1.5552064e-14  -2.4825217e-15  -1.8999763e-15   3.5884512e-15  -5.1927114e-15   4.9912059e-14   1.8140211e-15  -2.8910522e-15   7.5471261e-15   1.5509178e-15   3.1895754e-15  -1.0528949e-14   6.4809836e-17  -6.9023409e-15  -4.2770753e-16  -9.2370589e-16   4.8303087e-15   1.9541058e-14   7.2948047e-15  -3.9825959e-17   3.7685665e-15   1.4085585e-14   7.1351021e-17   3.6473437e-14  -2.1576477e-16  -3.0343436e-15  -3.4737949e-15   1.5559596e-14
   4.8651935e-14   1.7025728e-15  -3.2543779e-14   3.0916792e-15   4.0895338e-15   3.0674420e-15   6.0398253e-15  -4.1785641e-14  -1.4482559e-15   1.0972808e-14  -1.6680017e-14   4.9141022e-15  -1.0808641e-14   1.0511473e-14   1.3293733e-16  -1.1065865e-15  -2.9077176e-14   1.6398555e-16  -1.3406010e-14  -2.2637077e-14  -1.9407467e-14   6.5161241e-15   1.0187975e-15   1.1173010e-14   4.1027422e-15  -1.0301442e-14  -5.3992824e-15   9.7141737e-15  -2.1501096e-14   3.2858981e-14
   1.1596543e-14   4.7909342e-15   5.0037430e-14   2.8452007e-15   7.3648347e-15   5.6765018e-15   5.0569836e-14  -1.3937287e-14  -4.9826571e-15  -4.0961264e-15   9.4288525e-15  -2.1893479e-15  -3.0488782e-14  -7.9858988e-15  -1.9609371e-16  -1.4534686e-14   1.3486442e-14  -2.4013779e-15  -2.9763562e-14   2.5771949e-14   1.8984478e-14  -9.7745569e-15  -5.7504770e-15   2.3710612e-15   1.8234280e-15   1.1111011e-14   3.0475984e-15  -2.4343214e-16  -2.1195339e-14  -4.3472694e-15
  -2.1274662e-14  -1.8342297e-15  -8.1463473e-15   2.2992381e-15   5.7711377e-17  -4.3623306e-15  -1.7162673e-14  -2.4966284e-14   1.7025902e-15  -3.0784131e-14   7.9107245e-15  -2.2178444e-15   5.1971699e-16  -5.8043169e-15  -6.0085424e-17   7.6179317e-15  -8.4338901e-15   4.4974723e-16   2.1808396e-14  -1.3223437e-14  -1.4990690e-14   2.4197766e-15   5.4056063e-15  -4.7091380e-15  -1.5062571e-15  -1.9007499e-14   3.7705154e-15  -2.2649853e-15  -1.2849358e-14   7.2838349e-15
