  -1.6160042e+00  -1.6160041e+00  -1.6160043e+00  -1.6160042e+00  -1.6160038e+00  -1.6160039e+00  -1.6160040e+00  -1.6160043e+00  -1.6160040e+00  -1.6160038e+00  -1.6160041e+00  -1.6160037e+00  -1.6160039e+00  -1.6160040e+00  -1.6160040e+00  -1.6160043e+00  -1.6160039e+00  -1.6160043e+00  -1.6160038e+00  -1.6160040e+00  -1.6160043e+00  -1.6160041e+00  -1.6160043e+00   1.5083549e+01   1.5083550e+01   1.5083550e+01   1.5083232e+01   1.5082162e+01   1.5082164e+01   1.5083043e+01
   6.9167469e+01   6.9167469e+01   6.9167469e+01   6.9167469e+01   6.9167469e+01   6.9167469e+01   6.9167469e+01   6.9167469e+01   6.9167469e+01   6.9167469e+01   6.9167469e+01   6.9167469e+01   6.9167469e+01   6.9167469e+01   6.9167469e+01   6.9167469e+01   6.9167469e+01   6.9167469e+01   6.9167469e+01   6.9167469e+01   6.9167469e+01   6.9167469e+01   6.9167469e+01   7.0876456e+01   7.0876455e+01   7.0876474e+01   7.0882787e+01   7.0877319e+01   7.0877326e+01   7.0877088e+01
   1.3411320e+01   1.3411320e+01   1.3411320e+01   1.3411320e+01   1.3411320e+01   1.3411320e+01   1.3411320e+01   1.3411320e+01   1.3411320e+01   1.3411320e+01   1.3411320e+01   1.3411320e+01   1.3411320e+01   1.3411320e+01   1.3411320e+01   1.3411320e+01   1.3411320e+01   1.3411320e+01   1.3411320e+01   1.3411320e+01   1.3411320e+01   1.3411320e+01   1.3411320e+01  -4.8496285e+01  -4.8496287e+01  -4.8496256e+01  -4.8490922e+01  -4.7751235e+01  -4.7751233e+01  -4.7753535e+01
   1.1188072e+00   1.1188075e+00   1.1188073e+00   1.1188068e+00   1.1188074e+00   1.1188076e+00   1.1188075e+00   1.1188073e+00   1.1188073e+00   1.1188075e+00   1.1188074e+00   1.1188077e+00   1.1188073e+00   1.1188070e+00   1.1188072e+00   1.1188075e+00   1.1188073e+00   1.1188073e+00   1.1188076e+00   1.1188073e+00   1.1188072e+00   1.1188070e+00   1.1188071e+00  -1.7241546e+01  -1.7241546e+01  -1.7241546e+01  -1.7241383e+01  -1.7246103e+01  -1.7246118e+01  -1.7246078e+01
   1.1543632e+01   1.1543632e+01   1.1543632e+01   1.1543632e+01   1.1543632e+01   1.1543632e+01   1.1543632e+01   1.1543632e+01   1.1543632e+01   1.1543632e+01   1.1543632e+01   1.1543632e+01   1.1543632e+01   1.1543632e+01   1.1543632e+01   1.1543632e+01   1.1543632e+01   1.1543632e+01   1.1543632e+01   1.1543632e+01   1.1543632e+01   1.1543632e+01   1.1543632e+01   4.4782617e+01   4.4782618e+01   4.4782616e+01   4.4783143e+01   4.4778237e+01   4.4778237e+01   4.4778218e+01
   6.2508993e+01   6.2508993e+01   6.2508993e+01   6.2508993e+01   6.2508993e+01   6.2508993e+01   6.2508993e+01   6.2508993e+01   6.2508993e+01   6.2508993e+01   6.2508993e+01   6.2508993e+01   6.2508993e+01   6.2508993e+01   6.2508993e+01   6.2508993e+01   6.2508993e+01   6.2508993e+01   6.2508993e+01   6.2508993e+01   6.2508993e+01   6.2508993e+01   6.2508993e+01   2.9542605e+01   2.9542604e+01   2.9542616e+01   2.9561314e+01   2.9335046e+01   2.9335032e+01   2.9334332e+01
  -2.5232787e+01  -2.5232786e+01  -2.5232786e+01  -2.5232786e+01  -2.5232787e+01  -2.5232787e+01  -2.5232787e+01  -2.5232786e+01  -2.5232786e+01  -2.5232787e+01  -2.5232787e+01  -2.5232786e+01  -2.5232787e+01  -2.5232786e+01  -2.5232786e+01  -2.5232786e+01  -2.5232786e+01  -2.5232786e+01  -2.5232787e+01  -2.5232787e+01  -2.5232787e+01  -2.5232787e+01  -2.5232787e+01   1.4099362e+01   1.4099362e+01   1.4099360e+01   1.4099155e+01   1.4092680e+01   1.4092679e+01   1.4096071e+01
  -6.0944766e+01  -6.0944766e+01  -6.0944767e+01  -6.0944766e+01  -6.0944766e+01  -6.0944767e+01  -6.0944766e+01  -6.0944766e+01  -6.0944766e+01  -6.0944766e+01  -6.0944766e+01  -6.0944766e+01  -6.0944766e+01  -6.0944766e+01  -6.0944766e+01  -6.0944766e+01  -6.0944766e+01  -6.0944766e+01  -6.0944766e+01  -6.0944766e+01  -6.0944766e+01  -6.0944766e+01  -6.0944766e+01  -4.5764833e+01  -4.5764833e+01  -4.5764834e+01  -4.5764427e+01  -4.5764216e+01  -4.5764215e+01  -4.5767114e+01
  -5.2964818e+01  -5.2964817e+01  -5.2964817e+01  -5.2964817e+01  -5.2964817e+01  -5.2964817e+01  -5.2964817e+01  -5.2964817e+01  -5.2964817e+01  -5.2964817e+01  -5.2964817e+01  -5.2964818e+01  -5.2964818e+01  -5.2964818e+01  -5.2964818e+01  -5.2964817e+01  -5.2964817e+01  -5.2964818e+01  -5.2964817e+01  -5.2964817e+01  -5.2964817e+01  -5.2964817e+01  -5.2964817e+01  -2.4199490e+01  -2.4199490e+01  -2.4199499e+01  -2.4199987e+01  -2.4197075e+01  -2.4197075e+01  -2.4195236e+01
  -1.7471285e+01  -1.7471284e+01  -1.7471285e+01  -1.7471285e+01  -1.7471285e+01  -1.7471284e+01  -1.7471285e+01  -1.7471285e+01  -1.7471285e+01  -1.7471285e+01  -1.7471285e+01  -1.7471285e+01  -1.7471284e+01  -1.7471285e+01  -1.7471284e+01  -1.7471284e+01  -1.7471284e+01  -1.7471284e+01  -1.7471285e+01  -1.7471284e+01  -1.7471284e+01  -1.7471285e+01  -1.7471285e+01  -5.4969559e+01  -5.4969563e+01  -5.4969517e+01  -5.4963131e+01  -5.4736950e+01  -5.4736941e+01  -5.4738810e+01
