   2.8263008e+01   2.8263008e+01   2.8263008e+01   2.8263008e+01   2.8263008e+01   2.8263008e+01   2.8263008e+01   2.8263008e+01   2.8263008e+01   2.8263008e+01   2.8263008e+01   2.8263008e+01   2.8263008e+01   2.8263008e+01   2.8392252e+01   2.8453076e+01   4.6238005e+01   2.8456577e+01   4.6724073e+01   4.6716393e+01   2.8545165e+01   4.7513426e+01   4.7509364e+01   4.7509364e+01   4.7570361e+01   4.7570360e+01   4.7570361e+01   4.7570360e+01   4.7570360e+01   4.7615645e+01
   4.6743263e+01   4.6743263e+01   4.6743263e+01   4.6743263e+01   4.6743263e+01   4.6743263e+01   4.6743263e+01   4.6743263e+01   4.6743263e+01   4.6743263e+01   4.6743263e+01   4.6743263e+01   4.6743263e+01   4.6743263e+01   4.6891650e+01   6.4782079e+01   4.6963973e+01   4.6966193e+01   6.5240232e+01   4.7008012e+01   6.5956842e+01   6.6034482e+01   6.6031966e+01   6.6031966e+01   6.6092521e+01   6.6092521e+01   6.6092522e+01   6.6092521e+01   6.6092521e+01   6.6138445e+01
  -7.0211607e+01  -7.0211607e+01  -7.0211607e+01  -7.0211607e+01  -7.0211607e+01  -7.0211607e+01  -7.0211607e+01  -7.0211607e+01  -7.0211607e+01  -7.0211607e+01  -7.0211607e+01  -7.0211607e+01  -7.0211607e+01  -7.0211607e+01  -7.0231811e+01  -7.0241199e+01  -7.0242373e+01  -7.0244218e+01  -7.0247430e+01  -7.0247199e+01  -7.0251048e+01  -7.0251056e+01  -7.0255056e+01  -7.0255056e+01  -7.0253648e+01  -7.0253648e+01  -7.0253648e+01  -7.0253648e+01  -7.0253648e+01  -7.0254224e+01
  -7.8631374e+01  -7.8631374e+01  -7.8631374e+01  -7.8631374e+01  -7.8631374e+01  -7.8631374e+01  -7.8631374e+01  -7.8631374e+01  -7.8631374e+01  -7.8631374e+01  -7.8631374e+01  -7.8631374e+01  -7.8631374e+01  -7.8631374e+01  -7.8685791e+01  -7.8711029e+01  -7.8713448e+01  -7.8717067e+01  -7.8727749e+01  -7.8726866e+01  -7.8741346e+01  -7.8741565e+01  -7.8749514e+01  -7.8749514e+01  -7.8746925e+01  -7.8746925e+01  -7.8746925e+01  -7.8746925e+01  -7.8746925e+01  -7.8748616e+01
   5.1735870e+01   5.1735870e+01   5.1735870e+01   5.1735870e+01   5.1735870e+01   5.1735870e+01   5.1735870e+01   5.1735870e+01   5.1735870e+01   5.1735870e+01   5.1735870e+01   5.1735870e+01   5.1735870e+01   5.1735870e+01   5.1874173e+01   5.1939310e+01   5.1941409e+01   5.1943122e+01   5.1981784e+01   5.1982728e+01   7.0928475e+01   7.1006076e+01   7.1002456e+01   7.1002456e+01   7.1063367e+01   7.1063367e+01   7.1063367e+01   7.1063367e+01   7.1063367e+01   7.1108980e+01
   5.9574226e+01   5.9574226e+01   5.9574226e+01   5.9574226e+01   5.9574226e+01   5.9574226e+01   5.9574226e+01   5.9574226e+01   5.9574226e+01   5.9574226e+01   5.9574226e+01   5.9574226e+01   5.9574226e+01   5.9574226e+01   5.9697699e+01   5.9755579e+01   5.9758516e+01   5.9762016e+01   5.9793502e+01   5.9793370e+01   7.8728464e+01   7.8805824e+01   7.8805662e+01   7.8805663e+01   7.8864959e+01   7.8864958e+01   7.8864958e+01   7.8864958e+01   7.8864958e+01   7.8909789e+01
  -3.3544725e+01  -3.3544725e+01  -3.3544725e+01  -3.3544725e+01  -3.3544725e+01  -3.3544725e+01  -3.3544725e+01  -3.3544725e+01  -3.3544725e+01  -3.3544725e+01  -3.3544725e+01  -3.3544725e+01  -3.3544725e+01  -3.3544725e+01  -5.0203528e+01  -3.3720454e+01  -3.3722603e+01  -3.3724694e+01  -3.3757140e+01  -5.1979645e+01  -5.2694304e+01  -5.2771788e+01  -3.3810359e+01  -3.3810359e+01  -5.2829193e+01  -5.2829193e+01  -5.2829193e+01  -5.2829193e+01  -5.2829193e+01  -5.2874048e+01
   3.0069505e+01   3.0069505e+01   3.0069505e+01   3.0069505e+01   3.0069505e+01   3.0069505e+01   3.0069505e+01   3.0069505e+01   3.0069505e+01   3.0069505e+01   3.0069505e+01   3.0069505e+01   3.0069505e+01   3.0069505e+01   3.0116770e+01   3.0139048e+01   3.0139610e+01   3.0139909e+01   3.0153533e+01   3.0154002e+01   3.0173414e+01   3.0173921e+01   3.0175016e+01   3.0175016e+01   3.0175219e+01   3.0175219e+01   3.0175219e+01   3.0175219e+01   3.0175219e+01   3.0177041e+01
  -4.4442039e+01  -4.4442039e+01  -4.4442039e+01  -4.4442039e+01  -4.4442039e+01  -4.4442039e+01  -4.4442039e+01  -4.4442039e+01  -4.4442039e+01  -4.4442039e+01  -4.4442039e+01  -4.4442039e+01  -4.4442039e+01  -4.4442039e+01  -4.4628444e+01  -6.2542869e+01  -4.4719177e+01  -6.2486215e+01  -4.4773650e+01  -6.3002834e+01  -6.3739591e+01  -6.3817477e+01  -6.3815707e+01  -6.3815707e+01  -6.3876395e+01  -6.3876395e+01  -6.3876395e+01  -6.3876395e+01  -6.3876396e+01  -6.3923747e+01
  -2.8511528e+01  -2.8511528e+01  -2.8511528e+01  -2.8511528e+01  -2.8511528e+01  -2.8511528e+01  -2.8511528e+01  -2.8511528e+01  -2.8511528e+01  -2.8511528e+01  -2.8511528e+01  -2.8511528e+01  -2.8511528e+01  -2.8511528e+01  -2.8548414e+01  -2.8565622e+01  -2.8566889e+01  -2.8568647e+01  -2.8576949e+01  -2.8576718e+01  -2.8588128e+01  -2.8588350e+01  -2.8592328e+01  -2.8592328e+01  -2.8591167e+01  -2.8591167e+01  -2.8591167e+01  -2.8591167e+01  -2.8591167e+01  -2.8592401e+01
   7.6494281e+01   7.6494281e+01   7.6494281e+01   7.6494281e+01   7.6494281e+01   7.6494281e+01   7.6494281e+01   7.6494281e+01   7.6494281e+01   7.6494281e+01   7.6494281e+01   7.6494281e+01   7.6494281e+01   7.6494281e+01   7.6562114e+01   7.6593841e+01   7.6595730e+01   7.6598153e+01   7.6614664e+01   7.6614476e+01   7.6637540e+01   7.6638045e+01   7.6643697e+01   7.6643697e+01   7.6642267e+01   7.6642266e+01   7.6642267e+01   7.6642266e+01   7.6642267e+01   7.6644634e+01
  -5.9278726e+01  -5.9278726e+01  -5.9278726e+01  -5.9278726e+01  -5.9278726e+01  -5.9278726e+01  -5.9278726e+01  -5.9278726e+01  -5.9278726e+01  -5.9278726e+01  -5.9278726e+01  -5.9278726e+01  -5.9278726e+01  -5.9278726e+01  -5.9404428e+01  -5.9463752e+01  -5.9465210e+01  -5.9465939e+01  -5.9502336e+01  -5.9503681e+01  -7.8446198e+01  -7.8523860e+01  -7.8518047e+01  -7.8518047e+01  -7.8579742e+01  -7.8579743e+01  -7.8579743e+01  -7.8579742e+01  -7.8579743e+01  -7.8624997e+01
  -2.3347202e+01  -2.3347202e+01  -2.3347202e+01  -2.3347202e+01  -2.3347202e+01  -2.3347202e+01  -2.3347202e+01  -2.3347202e+01  -2.3347202e+01  -2.3347202e+01  -2.3347202e+01  -2.3347202e+01  -2.3347202e+01  -2.3347202e+01  -2.3414851e+01  -2.3446696e+01  -2.3447697e+01  -2.3448484e+01  -2.3467439e+01  -2.3467956e+01  -2.3494883e+01  -2.3495569e+01  -2.3497874e+01  -2.3497874e+01  -2.3497853e+01  -2.3497853e+01  -2.3497853e+01  -2.3497853e+01  -2.3497853e+01  -4.2560145e+01
   7.0832337e+01   7.0832337e+01   7.0832337e+01   7.0832337e+01   7.0832337e+01   7.0832337e+01   7.0832337e+01   7.0832337e+01   7.0832337e+01   7.0832337e+01   7.0832337e+01   7.0832337e+01   7.0832337e+01   7.0832337e+01   7.0874449e+01   7.0893972e+01   7.0896000e+01   7.0898964e+01   7.0906965e+01   7.0906234e+01   7.0916885e+01   7.0917025e+01   7.0923620e+01   7.0923619e+01   7.0921427e+01   7.0921427e+01   7.0921427e+01   7.0921427e+01   7.0921427e+01   7.0922712e+01
   3.8040213e+01   3.8040213e+01   3.8040213e+01   3.8040213e+01   3.8040213e+01   3.8040213e+01   3.8040213e+01   3.8040213e+01   3.8040213e+01   3.8040213e+01   3.8040213e+01   3.8040213e+01   3.8040213e+01   3.8040213e+01   3.7987995e+01   3.7963221e+01   3.7963356e+01   3.7964284e+01   3.7947289e+01   3.7946159e+01   3.7921599e+01   3.7920891e+01   3.7922369e+01   3.7922369e+01   3.7921010e+01   3.7921010e+01   3.7921010e+01   3.7921010e+01   3.7921010e+01   3.7918834e+01
   2.4217327e+01   2.4217327e+01   2.4217327e+01   2.4217327e+01   2.4217327e+01   2.4217327e+01   2.4217327e+01   2.4217327e+01   2.4217327e+01   2.4217327e+01   2.4217327e+01   2.4217327e+01   2.4217327e+01   2.4217327e+01   2.4188651e+01   2.4175069e+01   2.4175039e+01   2.4175319e+01   2.4166333e+01   2.4165764e+01   2.4152840e+01   2.4152477e+01   2.4152849e+01   2.4152849e+01   2.4152289e+01   2.4152289e+01   2.4152289e+01   2.4152289e+01   2.4152289e+01   2.4151121e+01
   1.8562430e+01   1.8562430e+01   1.8562430e+01   1.8562430e+01   1.8562430e+01   1.8562430e+01   1.8562430e+01   1.8562430e+01   1.8562430e+01   1.8562430e+01   1.8562430e+01   1.8562430e+01   1.8562430e+01   1.8562430e+01   1.8617148e+01   1.8643045e+01   1.8643098e+01   1.8642763e+01   1.8659640e+01   1.8660712e+01   1.8685054e+01   1.8685737e+01   1.8685259e+01   1.8685259e+01   1.8686233e+01   1.8686233e+01   1.8686233e+01   1.8686233e+01   1.8686233e+01   1.8688445e+01
  -2.7163606e+01  -2.7163606e+01  -2.7163606e+01  -2.7163606e+01  -2.7163606e+01  -2.7163606e+01  -2.7163606e+01  -2.7163606e+01  -2.7163606e+01  -2.7163606e+01  -2.7163606e+01  -2.7163606e+01  -2.7163606e+01  -2.7163606e+01  -2.7247335e+01  -2.7286904e+01  -2.7287179e+01  -4.5031379e+01  -2.7312205e+01  -2.7313728e+01  -2.7349601e+01  -2.7350585e+01  -4.6308390e+01  -4.6308390e+01  -4.6370759e+01  -4.6370759e+01  -4.6370759e+01  -4.6370759e+01  -4.6370759e+01  -4.6414572e+01
   6.3071520e+01   6.3071520e+01   6.3071520e+01   6.3071520e+01   6.3071520e+01   6.3071520e+01   6.3071520e+01   6.3071520e+01   6.3071520e+01   6.3071520e+01   6.3071520e+01   6.3071520e+01   6.3071520e+01   6.3071520e+01   6.3122388e+01   6.3146208e+01   6.3148537e+01   6.3148877e+01   6.3163034e+01   6.3161796e+01   6.3180926e+01   6.3181330e+01   6.3185191e+01   6.3185191e+01   6.3184258e+01   6.3184258e+01   6.3184258e+01   6.3184258e+01   6.3184257e+01   6.3186079e+01
  -4.5787729e+01  -4.5787729e+01  -4.5787729e+01  -4.5787729e+01  -4.5787729e+01  -4.5787729e+01  -4.5787729e+01  -4.5787729e+01  -4.5787729e+01  -4.5787729e+01  -4.5787729e+01  -4.5787729e+01  -4.5787729e+01  -4.5787729e+01  -4.5956916e+01  -4.6036651e+01  -6.3830436e+01  -4.6040672e+01  -6.4324987e+01  -4.6089921e+01  -6.5049732e+01  -6.5127554e+01  -6.5124605e+01  -6.5124605e+01  -6.5185495e+01  -6.5185495e+01  -6.5185495e+01  -6.5185495e+01  -6.5185495e+01  -6.5232255e+01
