   3.7996803e+01   3.7996801e+01   3.7996803e+01   3.7996791e+01   3.7996801e+01   3.7996803e+01   3.7996805e+01   3.7996805e+01   3.7996810e+01   3.7996807e+01   3.7996803e+01   3.7996803e+01   3.7996803e+01   3.7996803e+01   3.7996887e+01   3.7996803e+01   3.7996741e+01   3.7996802e+01   3.7996803e+01   3.7996810e+01   3.7996802e+01   3.7996756e+01   3.7996802e+01   3.7996798e+01   3.7996803e+01   3.7996798e+01   3.7996818e+01   3.7996807e+01   3.7996804e+01   3.7996828e+01
   5.5052427e+01   5.3316318e+01   4.9342686e+01   5.1168703e+01   5.4025878e+01   4.9521313e+01   5.2268700e+01   5.2268700e+01   5.0037087e+01   5.2055271e+01   5.5386949e+01   4.9579678e+01   5.4368223e+01   5.5287644e+01   5.0120004e+01   4.9212083e+01   4.9422803e+01   5.4643220e+01   5.0125304e+01   4.9300952e+01   4.9613729e+01   5.0031443e+01   5.0114049e+01   5.7119285e+01   4.9155717e+01   5.1829335e+01   4.9492084e+01   5.5323526e+01   5.5325616e+01   5.3649650e+01
   6.4712248e+01   6.6224099e+01   6.4402447e+01   6.0324661e+01   6.5863125e+01   6.1745715e+01   6.3264814e+01   6.3264814e+01   6.5472753e+01   6.0135307e+01   6.3612620e+01   6.4885183e+01   6.5596557e+01   6.2410337e+01   6.0976005e+01   6.2548451e+01   6.4590228e+01   6.1213138e+01   6.0968546e+01   6.4288661e+01   6.1589799e+01   6.1062980e+01   6.0981715e+01   5.9284669e+01   6.3672575e+01   6.6372336e+01   6.1799839e+01   6.2549611e+01   6.2569258e+01   6.6085357e+01
  -7.7706012e+01  -7.8265395e+01  -7.5706638e+01  -7.6298394e+01  -7.6362547e+01  -7.8243808e+01  -8.0903143e+01  -8.0903143e+01  -7.8646966e+01  -7.9807532e+01  -8.1399715e+01  -7.9184702e+01  -7.6856080e+01  -7.8916074e+01  -8.0641244e+01  -8.1700104e+01  -7.9086769e+01  -8.1406302e+01  -7.9113279e+01  -7.8232248e+01  -8.1132291e+01  -8.0861223e+01  -8.2716435e+01  -8.0879887e+01  -8.2692266e+01  -7.8150305e+01  -7.9681165e+01  -8.1385552e+01  -7.6826513e+01  -7.9028709e+01
  -3.8944662e+01  -4.3379357e+01  -3.2719200e+01  -3.0445245e+01  -4.1595880e+01  -4.2356789e+01  -3.1482733e+01  -3.1482733e+01  -4.1943946e+01  -3.3542692e+01  -4.0263670e+01  -3.3045618e+01  -4.2821311e+01  -4.5557422e+01  -4.3792639e+01  -3.6545971e+01  -2.4790821e+01  -4.3142952e+01  -2.4692675e+01  -2.5610972e+01  -2.9373842e+01  -4.1612195e+01  -3.1358910e+01  -4.0821420e+01  -2.7649872e+01  -2.3529668e+01  -3.2579597e+01  -1.9543292e+01  -4.2007440e+01  -1.5306431e+01
  -7.8565103e+01  -7.8616638e+01  -7.8416091e+01  -7.8465876e+01  -7.8455744e+01  -7.8598310e+01  -7.8821071e+01  -7.8821071e+01  -7.8638541e+01  -7.8750576e+01  -7.8849299e+01  -7.8668109e+01  -7.8507915e+01  -7.8647805e+01  -7.8793686e+01  -7.8865775e+01  -7.8696001e+01  -7.8864872e+01  -7.8679756e+01  -7.8606627e+01  -7.8832116e+01  -7.8828581e+01  -7.8969047e+01  -7.8827676e+01  -7.8971436e+01  -7.8605172e+01  -7.8725221e+01  -7.8840250e+01  -7.8501456e+01  -7.8659567e+01
   1.9305518e+01   1.9144642e+01   1.9893454e+01   1.9713983e+01   1.9718910e+01   1.9177065e+01   1.8321910e+01   1.8321910e+01   1.9057133e+01   1.8603590e+01   1.8219804e+01   1.8908177e+01   1.9528395e+01   1.8986378e+01   1.8433224e+01   1.8150184e+01   1.8899097e+01   1.8204962e+01   1.8912279e+01   1.9175671e+01   1.8280388e+01   1.8382289e+01   1.7781886e+01   1.8342609e+01   1.7766375e+01   1.9175506e+01   1.8698535e+01   1.8248912e+01   1.9567100e+01   1.8939842e+01
  -9.0675403e+01  -9.1601839e+01  -8.7303672e+01  -8.8319407e+01  -8.8556608e+01  -9.1629991e+01  -9.5733708e+01  -9.5733708e+01  -9.2208181e+01  -9.4047708e+01  -9.6537877e+01  -9.3067116e+01  -8.9287691e+01  -9.2639650e+01  -9.5332922e+01  -9.6929295e+01  -9.2943640e+01  -9.6560285e+01  -9.2995602e+01  -9.1537463e+01  -9.6091348e+01  -9.5674093e+01  -9.8416490e+01  -9.5743145e+01  -9.8456299e+01  -9.1420005e+01  -9.3909709e+01  -9.6576867e+01  -8.9211333e+01  -9.2896907e+01
   3.1180437e+01   2.4973862e+01   3.3333389e+01   1.9587005e+01   2.2458676e+01   2.2933995e+01   2.7242273e+01   2.7242273e+01   3.2570406e+01   3.2985174e+01   2.6674458e+01   3.0269706e+01   2.9138686e+01   3.5912524e+01   3.2253945e+01   2.9568468e+01   2.8341878e+01   3.5975167e+01   3.0155927e+01   2.9626351e+01   3.0375303e+01   3.4410565e+01   2.1471667e+01   2.9289166e+01   2.7251121e+01   4.2616023e+01   4.7388836e+01   2.1468579e+01   2.6699351e+01   3.0034749e+01
   5.3278093e+01   5.3278094e+01   5.3278096e+01   5.3278082e+01   5.3278094e+01   5.3278094e+01   5.3278094e+01   5.3278094e+01   5.3278094e+01   5.3278105e+01   5.3278093e+01   5.3278096e+01   5.3278094e+01   5.3278094e+01   5.3278060e+01   5.3278034e+01   5.3278128e+01   5.3278089e+01   5.3278098e+01   5.3278073e+01   5.3278095e+01   5.3278094e+01   5.3276572e+01   5.3278094e+01   5.3278091e+01   5.3278103e+01   5.3278094e+01   5.3278094e+01   5.3278092e+01   5.3278094e+01
  -7.6520575e+01  -7.2115200e+01  -7.3935402e+01  -7.8012605e+01  -7.2475055e+01  -7.6591997e+01  -7.1934470e+01  -7.1934470e+01  -7.2864918e+01  -7.8206147e+01  -7.5420181e+01  -7.6692677e+01  -7.7404727e+01  -7.4218600e+01  -7.7361267e+01  -7.5789529e+01  -7.3747570e+01  -7.3023488e+01  -7.2782139e+01  -7.6097425e+01  -7.6747989e+01  -7.2870916e+01  -7.2789888e+01  -7.1091066e+01  -7.4666000e+01  -7.1965461e+01  -7.6537927e+01  -7.4356772e+01  -7.4369610e+01  -7.7888092e+01
   8.8458930e+00   8.8458979e+00   8.8458975e+00   8.8458978e+00   8.8462112e+00   8.8458978e+00   8.8458951e+00   8.8458951e+00   8.8458980e+00   8.8457922e+00   8.8458971e+00   8.8459000e+00   8.8458975e+00   8.8459013e+00   8.8459072e+00   8.8458979e+00   8.8459169e+00   8.8458976e+00   8.8458959e+00   8.8459036e+00   8.8455996e+00   8.8458978e+00   8.8458935e+00   8.8458975e+00   8.8458974e+00   8.8458987e+00   8.8459241e+00   8.8458979e+00   8.8458993e+00   8.8459002e+00
   3.3004413e+01   3.3004411e+01   3.3004414e+01   3.3004405e+01   3.3004395e+01   3.3004414e+01   3.3004412e+01   3.3004412e+01   3.3004412e+01   3.3004414e+01   3.3004411e+01   3.3004414e+01   3.3004302e+01   3.3004414e+01   3.3004414e+01   3.3004612e+01   3.3004413e+01   3.3004414e+01   3.3004433e+01   3.3004369e+01   3.3004414e+01   3.3004414e+01   3.3004414e+01   3.3004414e+01   3.3004415e+01   3.3004412e+01   3.3004407e+01   3.3004414e+01   3.3004412e+01   3.3004425e+01
  -1.2444475e+01  -7.6154934e+00  -2.2702675e+01  -1.2903488e+01  -3.3278361e+00  -6.1993309e+00  -1.9686838e+01  -1.9686838e+01  -1.9873046e+01  -2.1282531e+01  -1.7650234e+01  -2.2986827e+01  -1.6551823e+01  -6.3531374e+00  -7.3010853e+00  -2.1744375e+01  -1.5691868e+01  -1.8781950e+01  -1.5100966e+01  -7.7274044e+00  -2.3295241e+01  -1.7911019e+01  -1.7194586e+01  -1.4902310e+01  -5.9189808e+00  -1.5367066e+01  -8.3797016e+00  -7.5671039e+00   4.6597790e+00  -1.5820478e+01
   7.9584857e+01   7.9584857e+01   7.9584857e+01   7.9584856e+01   7.9584829e+01   7.9584857e+01   7.9584859e+01   7.9584859e+01   7.9584832e+01   7.9584875e+01   7.9584857e+01   7.9584852e+01   7.9584856e+01   7.9584851e+01   7.9584883e+01   7.9584857e+01   7.9585163e+01   7.9584857e+01   7.9584857e+01   7.9584856e+01   7.9584828e+01   7.9584834e+01   7.9584638e+01   7.9584857e+01   7.9584858e+01   7.9584857e+01   7.9584857e+01   7.9584854e+01   7.9584856e+01   7.9584873e+01
  -1.7314633e+01  -1.7314628e+01  -1.7314632e+01  -1.7314641e+01  -1.7314671e+01  -1.7314633e+01  -1.7314578e+01  -1.7314578e+01  -1.7314633e+01  -1.7314686e+01  -1.7314633e+01  -1.7314633e+01  -1.7314643e+01  -1.7314633e+01  -1.7314633e+01  -1.7314633e+01  -1.7314633e+01  -1.7314633e+01  -1.7314632e+01  -1.7314645e+01  -1.7314633e+01  -1.7314657e+01  -1.7314633e+01  -1.7314633e+01  -1.7314633e+01  -1.7314765e+01  -1.7314653e+01  -1.7314633e+01  -1.7314632e+01  -1.7314634e+01
   3.5741037e+01   3.1909024e+01   3.0031410e+01   3.4054221e+01   3.4719484e+01   3.0210080e+01   3.2956478e+01   3.2956478e+01   3.5186773e+01   3.3192463e+01   2.9837401e+01   3.0267987e+01   3.0855596e+01   3.5976379e+01   3.5104728e+01   2.9900832e+01   3.5799071e+01   3.0576175e+01   3.5093041e+01   3.5923252e+01   3.0302281e+01   2.7078186e+01   3.0802987e+01   3.7809948e+01   3.6068422e+01   3.2516003e+01   3.5732076e+01   2.9900435e+01   3.6016025e+01   3.4338525e+01
  -2.5781796e+01  -1.8427042e+01  -1.8455606e+01  -1.6303948e+01  -1.7312564e+01  -1.6908927e+01  -1.9837126e+01  -1.9837126e+01  -1.0906544e+01  -2.0781904e+01  -1.4585985e+01  -1.4349599e+01  -6.0710174e+00  -2.2842657e+01  -2.3956127e+01  -1.3887891e+01  -2.4483718e+01  -1.5392822e+01  -2.5886988e+01  -2.8871707e+01  -1.4646098e+01  -1.9715446e+01  -1.1643923e+01  -2.1521211e+01  -2.8256822e+01  -2.5836460e+01  -2.7447227e+01  -1.7942958e+01  -4.0000496e+00  -1.6038657e+01
   4.5187490e+01   4.4887450e+01   4.6331832e+01   4.6001210e+01   4.5978666e+01   4.4954085e+01   4.3431339e+01   4.3431339e+01   4.4715250e+01   4.4030068e+01   4.3132313e+01   4.4429981e+01   4.5696120e+01   4.4583967e+01   4.3595423e+01   4.3007589e+01   4.4442741e+01   4.3149927e+01   4.4462915e+01   4.4959600e+01   4.3248453e+01   4.3468714e+01   4.2332525e+01   4.3442367e+01   4.2398627e+01   4.4973287e+01   4.4127959e+01   4.3189484e+01   4.5723233e+01   4.4514974e+01
  -3.8962000e+01  -3.9050455e+01  -3.8664063e+01  -3.8765191e+01  -3.8750135e+01  -3.9027713e+01  -3.9467207e+01  -3.9467207e+01  -3.9092864e+01  -3.9327249e+01  -3.9523141e+01  -3.9165762e+01  -3.8848542e+01  -3.9125372e+01  -3.9409257e+01  -3.9555719e+01  -3.9183024e+01  -3.9551951e+01  -3.9188791e+01  -3.9034083e+01  -3.9489449e+01  -3.9469883e+01  -3.9748122e+01  -3.9478747e+01  -3.9756394e+01  -3.9032614e+01  -3.9278433e+01  -3.9504784e+01  -3.8836719e+01  -3.9150142e+01
