  -2.1585582e+01  -2.1585582e+01  -2.1585582e+01  -2.1585582e+01  -2.1585582e+01  -2.1585582e+01  -2.1585582e+01  -2.1585582e+01  -2.1585582e+01  -2.1585582e+01  -2.1585582e+01  -2.1585582e+01  -2.1585582e+01  -2.1585582e+01  -2.1585582e+01  -2.1585582e+01  -2.1585582e+01  -2.1585582e+01  -2.1585582e+01  -2.1585582e+01  -2.1585582e+01  -2.1585582e+01  -2.1585582e+01  -2.1585582e+01  -2.1585582e+01  -2.1585582e+01  -2.1585582e+01  -2.1585582e+01  -2.1585582e+01  -2.1585582e+01
   1.7472405e+01   1.7472405e+01   1.7472405e+01   1.7472405e+01   1.7472405e+01   1.7472405e+01   1.7472405e+01   1.7472405e+01   1.7472405e+01   1.7472405e+01   1.7472405e+01   1.7472405e+01   1.7472405e+01   1.7472405e+01   1.7472405e+01   1.7472405e+01   1.7472405e+01   1.7472405e+01   1.7472405e+01   1.7472405e+01   1.7472405e+01   1.7472405e+01   1.7472405e+01   1.7472405e+01   1.7472405e+01   1.7472405e+01   1.7472405e+01   1.7472405e+01   1.7472405e+01   1.7472405e+01
  -2.7641807e+01  -2.7641807e+01  -2.7641807e+01  -2.7641807e+01  -2.7641807e+01  -2.7641807e+01  -2.7641807e+01  -2.7641807e+01  -2.7641807e+01  -2.7641807e+01  -2.7641807e+01  -2.7641807e+01  -2.7641807e+01  -2.7641807e+01  -2.7641807e+01  -2.7641807e+01  -2.7641807e+01  -2.7641807e+01  -2.7641807e+01  -2.7641807e+01  -2.7641807e+01  -2.7641807e+01  -2.7641807e+01  -2.7641807e+01  -2.7641807e+01  -2.7641807e+01  -2.7641807e+01  -2.7641807e+01  -2.7641807e+01  -2.7641807e+01
  -9.5012476e+00  -9.5012476e+00  -9.5012476e+00  -9.5012476e+00  -9.5012476e+00  -9.5012476e+00  -9.5012476e+00  -9.5012476e+00  -9.5012476e+00  -9.5012476e+00  -9.5012476e+00  -9.5012476e+00  -9.5012477e+00  -9.5012476e+00  -9.5012477e+00  -9.5012477e+00  -9.5012476e+00  -9.5012476e+00  -9.5012476e+00  -9.5012476e+00  -9.5012476e+00  -9.5012476e+00  -9.5012477e+00  -9.5012476e+00  -9.5012476e+00  -9.5012476e+00  -9.5012476e+00  -9.5012476e+00  -9.5012476e+00  -9.5012476e+00
   1.6170702e+01   1.6170702e+01   1.6170702e+01   1.6170702e+01   1.6170702e+01   1.6170702e+01   1.6170702e+01   1.6170702e+01   1.6170702e+01   1.6170702e+01   1.6170702e+01   1.6170702e+01   1.6170702e+01   1.6170702e+01   1.6170702e+01   1.6170702e+01   1.6170702e+01   1.6170702e+01   1.6170702e+01   1.6170702e+01   1.6170702e+01   1.6170702e+01   1.6170702e+01   1.6170702e+01   1.6170702e+01   1.6170702e+01   1.6170702e+01   1.6170702e+01   1.6170702e+01   1.6170702e+01
   1.4632004e+01   1.4632004e+01   1.4632004e+01   1.4632004e+01   1.4632004e+01   1.4632004e+01   1.4632004e+01   1.4632004e+01   1.4632004e+01   1.4632004e+01   1.4632004e+01   1.4632004e+01   1.4632004e+01   1.4632004e+01   1.4632004e+01   1.4632004e+01   1.4632004e+01   1.4632004e+01   1.4632004e+01   1.4632004e+01   1.4632004e+01   1.4632004e+01   1.4632004e+01   1.4632004e+01   1.4632004e+01   1.4632004e+01   1.4632004e+01   1.4632004e+01   1.4632004e+01   1.4632004e+01
  -2.3558732e+01  -2.3558732e+01  -2.3558732e+01  -2.3558732e+01  -2.3558732e+01  -2.3558732e+01  -2.3558732e+01  -2.3558732e+01  -2.3558732e+01  -2.3558732e+01  -2.3558732e+01  -2.3558732e+01  -2.3558732e+01  -2.3558732e+01  -2.3558732e+01  -2.3558732e+01  -2.3558732e+01  -2.3558732e+01  -2.3558732e+01  -2.3558732e+01  -2.3558732e+01  -2.3558732e+01  -2.3558732e+01  -2.3558732e+01  -2.3558732e+01  -2.3558732e+01  -2.3558732e+01  -2.3558732e+01  -2.3558732e+01  -2.3558732e+01
   2.4743091e+01   2.4743091e+01   2.4743091e+01   2.4743091e+01   2.4743091e+01   2.4743091e+01   2.4743091e+01   2.4743091e+01   2.4743091e+01   2.4743091e+01   2.4743091e+01   2.4743091e+01   2.4743091e+01   2.4743091e+01   2.4743091e+01   2.4743091e+01   2.4743091e+01   2.4743091e+01   2.4743091e+01   2.4743091e+01   2.4743091e+01   2.4743091e+01   2.4743091e+01   2.4743091e+01   2.4743091e+01   2.4743091e+01   2.4743091e+01   2.4743091e+01   2.4743091e+01   2.4743091e+01
  -6.5050124e+00  -6.5050124e+00  -6.5050123e+00  -6.5050124e+00  -6.5050124e+00  -6.5050124e+00  -6.5050124e+00  -6.5050124e+00  -6.5050124e+00  -6.5050124e+00  -6.5050124e+00  -6.5050124e+00  -6.5050124e+00  -6.5050124e+00  -6.5050124e+00  -6.5050124e+00  -6.5050124e+00  -6.5050124e+00  -6.5050124e+00  -6.5050124e+00  -6.5050124e+00  -6.5050124e+00  -6.5050124e+00  -6.5050124e+00  -6.5050124e+00  -6.5050124e+00  -6.5050124e+00  -6.5050123e+00  -6.5050124e+00  -6.5050124e+00
   3.6609715e+01   3.6609715e+01   3.6609715e+01   3.6609715e+01   3.6609715e+01   3.6609715e+01   3.6609715e+01   3.6609715e+01   3.6609715e+01   3.6609715e+01   3.6609715e+01   3.6609715e+01   3.6609715e+01   3.6609715e+01   3.6609715e+01   3.6609715e+01   3.6609715e+01   3.6609715e+01   3.6609715e+01   3.6609715e+01   3.6609715e+01   3.6609715e+01   3.6609715e+01   3.6609715e+01   3.6609715e+01   3.6609715e+01   3.6609715e+01   3.6609715e+01   3.6609715e+01   3.6609715e+01
   1.3126482e+01   1.3126482e+01   1.3126482e+01   1.3126482e+01   1.3126482e+01   1.3126482e+01   1.3126482e+01   1.3126482e+01   1.3126482e+01   1.3126482e+01   1.3126482e+01   1.3126482e+01   1.3126482e+01   1.3126482e+01   1.3126482e+01   1.3126482e+01   1.3126482e+01   1.3126482e+01   1.3126482e+01   1.3126482e+01   1.3126482e+01   1.3126482e+01   1.3126482e+01   1.3126482e+01   1.3126482e+01   1.3126482e+01   1.3126482e+01   1.3126482e+01   1.3126482e+01   1.3126482e+01
  -4.6864206e+01  -4.6864206e+01  -4.6864206e+01  -4.6864206e+01  -4.6864206e+01  -4.6864206e+01  -4.6864206e+01  -4.6864206e+01  -4.6864206e+01  -4.6864206e+01  -4.6864206e+01  -4.6864206e+01  -4.6864206e+01  -4.6864206e+01  -4.6864206e+01  -4.6864206e+01  -4.6864206e+01  -4.6864206e+01  -4.6864206e+01  -4.6864206e+01  -4.6864206e+01  -4.6864206e+01  -4.6864206e+01  -4.6864206e+01  -4.6864206e+01  -4.6864206e+01  -4.6864206e+01  -4.6864206e+01  -4.6864206e+01  -4.6864206e+01
   9.6401686e+00   9.6401687e+00   9.6401686e+00   9.6401686e+00   9.6401686e+00   9.6401686e+00   9.6401687e+00   9.6401686e+00   9.6401686e+00   9.6401686e+00   9.6401686e+00   9.6401686e+00   9.6401686e+00   9.6401686e+00   9.6401686e+00   9.6401686e+00   9.6401687e+00   9.6401686e+00   9.6401686e+00   9.6401686e+00   9.6401686e+00   9.6401686e+00   9.6401686e+00   9.6401686e+00   9.6401686e+00   9.6401686e+00   9.6401687e+00   9.6401686e+00   9.6401686e+00   9.6401686e+00
   2.8677932e+01   2.8677932e+01   2.8677932e+01   2.8677932e+01   2.8677932e+01   2.8677932e+01   2.8677932e+01   2.8677932e+01   2.8677932e+01   2.8677932e+01   2.8677932e+01   2.8677932e+01   2.8677932e+01   2.8677932e+01   2.8677932e+01   2.8677932e+01   2.8677932e+01   2.8677932e+01   2.8677932e+01   2.8677932e+01   2.8677932e+01   2.8677932e+01   2.8677932e+01   2.8677932e+01   2.8677932e+01   2.8677932e+01   2.8677932e+01   2.8677932e+01   2.8677932e+01   2.8677932e+01
  -1.6353811e+01  -1.6353811e+01  -1.6353811e+01  -1.6353811e+01  -1.6353811e+01  -1.6353811e+01  -1.6353811e+01  -1.6353811e+01  -1.6353811e+01  -1.6353811e+01  -1.6353811e+01  -1.6353811e+01  -1.6353811e+01  -1.6353811e+01  -1.6353811e+01  -1.6353811e+01  -1.6353811e+01  -1.6353811e+01  -1.6353811e+01  -1.6353811e+01  -1.6353811e+01  -1.6353811e+01  -1.6353811e+01  -1.6353811e+01  -1.6353811e+01  -1.6353811e+01  -1.6353811e+01  -1.6353811e+01  -1.6353811e+01  -1.6353811e+01
  -2.1467304e+00  -2.1467304e+00  -2.1467304e+00  -2.1467304e+00  -2.1467304e+00  -2.1467303e+00  -2.1467304e+00  -2.1467304e+00  -2.1467304e+00  -2.1467304e+00  -2.1467304e+00  -2.1467304e+00  -2.1467304e+00  -2.1467303e+00  -2.1467303e+00  -2.1467304e+00  -2.1467304e+00  -2.1467304e+00  -2.1467304e+00  -2.1467303e+00  -2.1467303e+00  -2.1467304e+00  -2.1467303e+00  -2.1467304e+00  -2.1467304e+00  -2.1467304e+00  -2.1467304e+00  -2.1467304e+00  -2.1467304e+00  -2.1467304e+00
   6.2618324e+00   6.2618324e+00   6.2618324e+00   6.2618323e+00   6.2618324e+00   6.2618323e+00   6.2618324e+00   6.2618324e+00   6.2618324e+00   6.2618324e+00   6.2618324e+00   6.2618324e+00   6.2618324e+00   6.2618323e+00   6.2618324e+00   6.2618324e+00   6.2618324e+00   6.2618324e+00   6.2618324e+00   6.2618324e+00   6.2618324e+00   6.2618324e+00   6.2618323e+00   6.2618324e+00   6.2618323e+00   6.2618324e+00   6.2618323e+00   6.2618324e+00   6.2618324e+00   6.2618324e+00
  -1.3751614e+01  -1.3751614e+01  -1.3751614e+01  -1.3751614e+01  -1.3751614e+01  -1.3751614e+01  -1.3751614e+01  -1.3751614e+01  -1.3751614e+01  -1.3751614e+01  -1.3751614e+01  -1.3751614e+01  -1.3751614e+01  -1.3751614e+01  -1.3751614e+01  -1.3751614e+01  -1.3751614e+01  -1.3751614e+01  -1.3751614e+01  -1.3751614e+01  -1.3751614e+01  -1.3751614e+01  -1.3751614e+01  -1.3751614e+01  -1.3751614e+01  -1.3751614e+01  -1.3751614e+01  -1.3751614e+01  -1.3751614e+01  -1.3751614e+01
  -9.7344924e+00  -9.7344924e+00  -9.7344924e+00  -9.7344924e+00  -9.7344924e+00  -9.7344924e+00  -9.7344924e+00  -9.7344923e+00  -9.7344923e+00  -9.7344924e+00  -9.7344924e+00  -9.7344924e+00  -9.7344924e+00  -9.7344924e+00  -9.7344924e+00  -9.7344924e+00  -9.7344924e+00  -9.7344924e+00  -9.7344923e+00  -9.7344924e+00  -9.7344924e+00  -9.7344924e+00  -9.7344924e+00  -9.7344924e+00  -9.7344924e+00  -9.7344924e+00  -9.7344924e+00  -9.7344924e+00  -9.7344924e+00  -9.7344924e+00
  -1.2633976e+00  -1.2633976e+00  -1.2633976e+00  -1.2633976e+00  -1.2633976e+00  -1.2633976e+00  -1.2633976e+00  -1.2633976e+00  -1.2633976e+00  -1.2633976e+00  -1.2633977e+00  -1.2633977e+00  -1.2633976e+00  -1.2633976e+00  -1.2633976e+00  -1.2633976e+00  -1.2633976e+00  -1.2633976e+00  -1.2633976e+00  -1.2633976e+00  -1.2633976e+00  -1.2633976e+00  -1.2633976e+00  -1.2633976e+00  -1.2633977e+00  -1.2633976e+00  -1.2633976e+00  -1.2633976e+00  -1.2633976e+00  -1.2633976e+00
