   3.2212878e+01   3.0375326e+01   3.3050698e+01   5.4577743e+01   3.1695485e+01   4.4022744e+01   3.1603931e+01   3.1745693e+01   3.2312092e+01   4.3942090e+01   4.1023972e+01   4.1920667e+01   4.0056560e+01   3.3518521e+01   4.0874674e+01   3.1554882e+01   3.9967449e+01   4.6509709e+01   3.3340945e+01   4.3541063e+01   4.1043080e+01   4.4464026e+01   4.4533325e+01   4.3521198e+01   3.1961264e+01   4.1926253e+01   3.1833345e+01   4.5724981e+01   4.4312258e+01   4.2916868e+01
   3.1483837e+01   3.2292294e+01   3.1210442e+01   5.4727086e+01   4.0504736e+01   3.9163012e+01   3.1705682e+01   4.0511100e+01   4.0344240e+01   4.4237258e+01   4.4128861e+01   4.2611787e+01   3.1889246e+01   3.1101412e+01   4.1897943e+01   3.1729706e+01   3.1852406e+01   4.6838829e+01   4.0137605e+01   4.3848679e+01   4.1999543e+01   3.9539934e+01   4.4736769e+01   4.3823518e+01   3.1565715e+01   3.0789109e+01   3.1622378e+01   4.1250552e+01   4.9605992e+01   3.3599615e+01
   3.8430531e+01   3.8187679e+01   3.8541243e+01   5.2114055e+01   3.9286790e+01   2.9170268e+01   3.8368699e+01   3.9286073e+01   3.9186187e+01   4.1990196e+01   3.6867239e+01   3.0931130e+01   2.9459709e+01   2.5869612e+01   4.0113394e+01   3.8351396e+01   4.0572399e+01   3.9958128e+01   4.1224294e+01   4.1614192e+01   3.0532705e+01   2.9306165e+01   3.8011483e+01   4.1584330e+01   3.8408735e+01   3.8698223e+01   3.8367328e+01   3.9711487e+01   5.0271436e+01   2.8943389e+01
   4.1597203e+01   4.1475063e+01   3.2086923e+01   5.3580420e+01   4.2114010e+01   4.0698165e+01   4.1579971e+01   3.2487956e+01   3.2425207e+01   4.4220841e+01   3.1386766e+01   4.2468377e+01   3.1768279e+01   4.2356742e+01   4.4797024e+01   4.3705015e+01   4.2992224e+01   4.4691021e+01   4.7258998e+01   4.3856398e+01   4.0296417e+01   4.0651675e+01   4.1411206e+01   3.8866077e+01   3.2016094e+01   3.2162014e+01   4.1534501e+01   4.2396543e+01   5.0622123e+01   4.0763737e+01
  -8.6974763e+01  -8.7050512e+01  -8.8678694e+01  -7.7034368e+01  -9.6284234e+01  -8.7511473e+01  -8.4844386e+01  -8.8746944e+01  -8.8778260e+01  -8.4919981e+01  -8.8437688e+01  -9.1166224e+01  -8.6306466e+01  -8.6484550e+01  -9.4214385e+01  -8.3285359e+01  -8.2248112e+01  -8.9588151e+01  -8.7347237e+01  -9.5023557e+01  -8.7733918e+01  -8.7524982e+01  -8.4951150e+01  -8.8366590e+01  -8.6384566e+01  -8.6430181e+01  -9.8806793e+01  -8.6423125e+01  -8.1731572e+01  -8.5374687e+01
  -4.5238072e-01   9.1591628e+00   8.1608866e+00   1.6040855e+01   9.1952162e+00   8.8505783e+00   1.0928162e+01   1.0275807e+01   1.0253891e+01   1.0890559e+00   8.2953376e+00   7.1550409e+00  -2.6618535e-03   9.5614871e+00   6.7430653e+00   7.6334186e+00   8.6720074e+00  -1.7928863e+00   8.9300558e+00   1.0632797e+01  -3.0511448e+00   1.0977834e+01   1.2937492e+01  -1.2408571e+00   4.7451448e+00  -8.9874072e-02   7.8060568e+00   4.6823764e+00   1.7907841e+01   1.2570978e+01
   2.1381193e+01   1.4200030e+01   2.3196638e+01   3.3288685e+01   1.4221395e+01   1.3993164e+01   2.7442564e+01   2.4758843e+01   1.9680608e+01   9.8605782e+00   2.5421375e+01   1.3054711e+01   1.2304868e+01   2.6298530e+01   2.6184320e+01   2.2884149e+01   2.3536833e+01   2.1772938e+01   2.3678326e+01   2.5024922e+01   2.2261710e+01   2.7481656e+01   2.2583611e+01   2.1578083e+01   2.1608957e+01   2.3552785e+01   1.1248942e+01   2.3760251e+01   3.4007120e+01   2.2440491e+01
   4.0020354e+01   4.8392480e+01   4.0997959e+01   5.6620813e+01   5.0643045e+01   3.9503299e+01   4.9862601e+01   5.1865331e+01   3.9379558e+01   4.1645897e+01   5.2440372e+01   3.9818510e+01   4.8936085e+01   4.3464638e+01   5.3183570e+01   5.2588323e+01   4.1225209e+01   4.9813430e+01   5.0976669e+01   5.2074586e+01   4.0457628e+01   4.4662980e+01   5.0263861e+01   5.1820341e+01   3.7974843e+01   5.4659749e+01   4.9390586e+01   3.9232516e+01   5.9475968e+01   4.5484610e+01
   5.9268215e+01   6.0096549e+01   6.1268295e+01   6.9671278e+01   5.1810150e+01   5.9428473e+01   5.1319976e+01   6.4572346e+01   5.9505950e+01   5.8927465e+01   5.3184705e+01   5.9355072e+01   6.0396915e+01   5.8794112e+01   6.3651286e+01   5.8278392e+01   6.1211282e+01   6.0970212e+01   6.1746143e+01   6.4751516e+01   6.3066349e+01   6.1089027e+01   6.1216021e+01   5.7518029e+01   4.9194057e+01   6.5204030e+01   5.5895802e+01   5.9615354e+01   6.7197689e+01   4.9736786e+01
  -6.6624747e+00  -6.1804203e+00  -5.3760148e+00   4.2353482e+00  -1.6926580e+01  -6.5867505e+00  -7.8506424e+00  -7.4953622e+00  -6.5165536e+00  -6.7814498e+00  -8.1221493e+00  -6.5827675e+00  -1.0795841e+01  -4.7467794e+00  -8.4099108e+00  -1.6640645e+01  -1.5104967e+01  -3.4510807e+00  -4.9959377e+00  -1.2587157e-01  -1.7941315e+00  -3.3694213e+00  -3.2947235e+00  -7.4484230e+00  -7.1270309e+00  -6.5410288e+00  -1.7241368e+01  -4.3171945e+00   6.9061966e-01  -5.1083403e+00
