  -1.3005080e-07  -9.0057303e-06  -2.5672339e-06  -6.4077168e-06  -8.5064243e-06  -2.8780774e-05  -1.2772132e-05  -8.2201009e-08   3.2097926e-06  -2.6276927e-06  -3.8353370e-06  -3.8044816e-06   8.4003263e-06  -1.0174539e-04  -1.0070496e-05  -1.5499279e-05  -8.3085789e-07   2.2764663e-06  -1.4426485e-05   1.9122846e-06   1.0261508e-05  -4.3820364e-05   1.9709273e-05  -1.5315841e-05  -2.9425574e-05   4.1219815e-06  -2.0198843e-06  -3.5601209e-07   1.8259691e-05   4.5800627e-06
   6.6861259e-08   9.4373808e-06   1.3266909e-06   9.7720951e-07  -2.1786936e-07  -1.4481597e-06  -4.2971645e-05   4.0281351e-06  -1.4716324e-06  -3.5214505e-05   1.8712818e-05   1.0647943e-05  -1.0275698e-05  -3.6489667e-05   4.3945872e-06   7.3757041e-06  -1.7980345e-06   4.2363062e-06   3.6666958e-06   1.6753116e-06  -1.3920547e-06  -2.3645883e-06   1.2339091e-05  -1.1388987e-07  -3.4481435e-05  -2.1394930e-06   2.2930954e-05  -3.0640540e-06   5.0515203e-06   1.6452762e-05
  -2.9589690e-07   4.8174138e-06   7.9444984e-07  -2.2626632e-06  -2.0918447e-05   1.4550543e-06   1.8294708e-05   4.2557799e-06  -7.6356712e-06   3.5080128e-06  -6.8663509e-06   1.9627795e-05   2.0528101e-06  -2.6985327e-05   3.7311967e-06  -2.5416035e-05  -3.4116903e-05   5.0223863e-06   5.8207858e-08   4.8897322e-05   5.3190368e-05  -5.9129662e-06  -6.5033132e-07   4.9353592e-07  -6.7685432e-06  -1.7163583e-06  -9.2373824e-06  -3.7996745e-08   3.2028123e-05   6.0230844e-06
   6.5620806e-07   1.4830212e-06   2.4712299e-05  -5.4987517e-06   1.5383348e-06  -1.1800799e-06  -2.0643632e-05  -5.5538034e-06   1.2250493e-05   1.6472062e-05   1.9946457e-07   3.0240856e-06  -2.1206834e-05  -2.0465945e-06   2.7571313e-06  -1.2286120e-05  -1.4876493e-06   1.1001559e-04   6.8401479e-05  -2.7310614e-07   3.9152328e-05   7.8277260e-06  -7.2212099e-06  -5.9838421e-06  -2.0023981e-05   1.0817100e-06   2.7421626e-05   4.0589619e-05  -3.3049986e-06   4.6045580e-06
  -2.5958908e-07  -9.9921945e-06   7.5959113e-06   4.8724676e-07  -3.6181372e-06  -2.2190120e-06  -2.9325636e-05   1.1861115e-05   1.6661575e-06   1.6761400e-05  -1.8804768e-05  -3.1246118e-05  -9.4849012e-06   6.5601472e-05   2.6285390e-07  -7.9466604e-05  -2.8246214e-05   2.4330622e-05  -8.0859410e-06  -9.2270935e-07  -8.1059618e-06  -5.6716911e-06  -2.2863159e-05  -1.4824747e-05   1.4617978e-06   4.4114142e-06   4.7268826e-06  -1.6167028e-06   3.4554400e-06  -7.1931745e-05
   7.6573332e-08   2.7753215e-06  -2.8495405e-07   8.1086302e-10   1.9317507e-06   4.7564288e-06   2.7072115e-05   1.5375254e-05   8.6540272e-06   1.6412332e-05   6.9908271e-06  -1.8536071e-05  -1.2467328e-06  -5.8389716e-05  -1.5594678e-06  -4.9481341e-05  -1.4151155e-05  -8.8229042e-07   1.1516598e-06   4.0503157e-06   1.7314007e-05  -1.2916896e-06   5.6811768e-07   2.9694122e-06   5.8722888e-06   1.8132468e-05  -4.0506074e-05  -5.4061365e-05   3.6853019e-06   1.5039557e-05
   3.5499799e-07   9.0185393e-06  -4.6011460e-06   1.1672267e-06  -6.4064767e-06   2.2733202e-06   5.1512692e-05   3.6732545e-06  -5.4338000e-06   5.3634124e-05   1.0852834e-05  -1.6021699e-05  -2.4272939e-06   4.4677857e-05   6.1040608e-07  -9.5696795e-06   1.2844114e-05   1.7896169e-05  -2.3723429e-06  -9.1718404e-07   1.6785849e-05  -7.1203611e-06  -4.2277240e-05   2.0299398e-05   2.7019226e-06   2.3672383e-06   2.9381826e-05   5.4472973e-06   2.1224286e-05  -1.0352732e-07
   8.8175581e-11   4.5173100e-06  -4.5798003e-06   2.7437551e-06  -2.8035923e-06  -3.1241416e-05  -1.3236955e-05  -8.0425471e-06   3.3533653e-06   2.3745240e-06  -1.3111466e-06  -5.9176987e-05  -1.1307733e-05  -6.2785266e-05   3.9213622e-06  -8.2335722e-06   1.2504805e-05   3.9565757e-06   4.6360705e-06  -1.5400164e-06  -6.0332469e-06   3.4901272e-05   1.0901685e-05  -5.8228006e-06  -8.3359415e-06   2.1754031e-06  -1.0269703e-05  -1.4031483e-05  -4.4046827e-06   3.1963329e-05
   1.4869529e-07   6.7339694e-06   1.5213444e-05   6.7462811e-07  -5.3779754e-06   2.6631077e-06  -2.3341116e-05   2.5438028e-05   2.8186634e-05  -1.3728343e-05  -9.1738830e-06  -5.5930946e-05  -2.9082013e-05  -2.8641491e-05   3.8250196e-06   1.8715027e-05  -3.6620419e-05  -3.3795163e-05   3.5051671e-06  -2.7348663e-06   1.9838664e-05  -8.1776412e-05   5.8213587e-06   2.8173121e-06  -2.4277998e-05  -2.6679712e-05  -2.9211777e-05   2.8183720e-05   5.1347066e-07   1.8136600e-05
  -7.0420006e-08  -3.2394485e-06   2.9430600e-06   5.1445669e-07  -4.9306380e-06   1.8388328e-05   2.7249240e-06   1.6549961e-05  -2.6118278e-05   2.0686235e-05   3.6172552e-05  -3.9035481e-05   2.9590854e-05  -4.2891854e-05  -3.5302721e-07  -1.9965014e-05   3.1395624e-05   4.0178051e-06  -2.3160650e-08  -2.9727473e-05  -1.0805134e-05   6.1022716e-06   5.5992941e-06  -7.4515774e-07   1.0032593e-05   2.5897357e-06   4.9233698e-05  -4.6537722e-05  -3.0862832e-06   1.3467586e-05
  -3.8089549e-07   1.6881945e-05  -3.2582418e-06   1.3209904e-07  -4.3593324e-06   1.2807644e-06  -5.0349227e-05   4.9856898e-06   1.2608514e-05  -7.4465450e-05   1.4308439e-05  -5.3942028e-06   6.4266925e-06   6.4022624e-05   5.1651696e-06   3.4552461e-07  -7.2733512e-06   1.9645638e-05   3.3145302e-06   8.1716215e-06   1.0142840e-05  -1.3530136e-05   1.1619347e-05  -2.5973806e-06  -2.9985421e-06  -7.1112150e-06  -3.8589903e-05  -4.5338383e-06   1.0789664e-05  -2.4227097e-06
   6.4352244e-07  -1.7671133e-05   1.7199677e-07   1.5052080e-05   1.1127056e-05  -8.7767486e-07   5.0532319e-05   3.8050202e-05   5.9068324e-06   1.1785454e-05  -2.5765477e-06  -1.9240755e-05   3.1419640e-06   4.8214584e-05   2.8364549e-06   5.5393095e-06   2.2356170e-05   3.6999794e-06  -3.2675723e-06   2.7251893e-06  -9.3356329e-06  -1.3935187e-05   3.0799655e-06  -3.3131038e-06  -8.6240422e-06  -1.4246011e-07   1.1617504e-05   7.4216178e-05   2.7421475e-07   1.2889745e-05
   3.8319911e-07  -3.1330331e-06   5.6368335e-05   1.2014989e-06   5.2354081e-06   3.2404303e-06  -6.4462743e-06   2.3228012e-06  -2.0863102e-05  -2.5108538e-05   1.3829100e-05   4.6627129e-05   3.1166947e-05   1.7529038e-06   3.2335561e-06  -1.4236108e-07  -2.5098387e-05  -1.8082139e-05   2.1378956e-07  -1.1073691e-06  -4.1363121e-05   1.4712925e-06  -6.8381633e-06   9.1524434e-07  -4.8520635e-06   5.3186310e-07   4.1073779e-06   3.3242670e-05  -2.1887603e-05   8.4358370e-06
  -3.3991666e-07   2.8253357e-06   1.0508217e-05   1.0129413e-06  -1.3598839e-05  -6.7138387e-06  -1.6215248e-05  -1.1896176e-05   1.4183873e-07   3.4987352e-05   1.5104870e-05  -9.5545928e-06   4.2237972e-05  -1.3879816e-05  -4.1663932e-06  -6.6165886e-05  -2.0718518e-05  -1.2234460e-05   7.7254036e-07  -6.8650811e-05   1.9587108e-05   1.0828165e-05   5.9926254e-06   2.9601743e-05  -2.6605653e-06   7.6357719e-06  -2.1491783e-05  -1.6008660e-05  -1.2381440e-05   1.7185356e-06
  -1.3660559e-07   4.4161981e-06   1.7526707e-06   1.8679083e-06   2.0810837e-06   2.8117797e-06  -5.1210843e-05   7.8213667e-06   1.6613202e-06   8.7992822e-06   1.8564267e-06   4.6577667e-06   1.2667513e-06  -1.0904841e-05  -6.6272085e-06   5.2350340e-05   1.1012112e-07   9.5671308e-06  -5.6976664e-07   1.4582170e-06   2.2204703e-05  -7.0670415e-06  -3.4007500e-06  -3.7303235e-07  -7.8057202e-06  -1.9492212e-05   7.8076010e-05  -4.0557859e-05   1.9094919e-05   1.4356448e-05
  -1.0640483e-06   3.3664002e-06   1.9204446e-06   2.0484412e-05   4.0104160e-06  -6.5909965e-06   3.3818396e-06   8.4993471e-06  -2.8561884e-05   7.9023437e-06   1.0475104e-07  -7.1203454e-06   9.1255130e-06   5.1821687e-05   6.0039361e-08   1.2250642e-05  -1.6079435e-06   7.3747073e-06   5.8062107e-06   1.3985945e-06  -8.7235195e-06   6.3634194e-07  -1.4421419e-05   2.9351766e-05   5.5465799e-06   4.5270536e-06   2.6737984e-05  -1.4923630e-05   7.2557010e-05   2.7666178e-06
  -7.3930238e-07   1.3084370e-07   7.6291786e-08   4.0841532e-06  -1.6266493e-05  -2.3360926e-05   5.2876712e-05  -9.5431797e-06  -2.8073920e-05   8.8889822e-06   3.3402607e-07  -4.4987054e-05  -2.7003961e-06  -2.2968158e-05   5.4906196e-06  -2.9214254e-05   3.3773456e-07  -1.1656999e-05   3.1194667e-06   6.9296489e-06  -6.4356145e-06   1.0342714e-05  -7.3801717e-06  -7.4821775e-06   3.1182613e-06  -6.1091127e-06   1.3166926e-06  -4.9430396e-06   2.9680540e-06   8.7649776e-06
  -2.7296962e-07   1.4897523e-05  -2.0189651e-06   8.9997521e-07   9.7456264e-07   7.5935903e-06  -2.0520333e-05   1.3333547e-06  -7.0706309e-06  -2.5165880e-06  -5.8102076e-07  -9.7883275e-06   4.9939440e-05  -6.1107223e-05  -5.1617011e-07  -2.4586035e-05   2.4976209e-06  -1.0723410e-05  -1.4624347e-06   3.7417066e-06  -4.3317951e-05   9.1010454e-06   7.3093014e-06  -9.0452144e-07   5.5367123e-06   2.2856862e-06  -3.0993946e-05   3.6527685e-05   8.5925335e-06  -1.2085510e-05
   9.3387490e-07  -2.4403927e-06   1.1549557e-05   3.9847209e-06  -2.1798740e-06  -2.7906829e-06  -9.6140068e-05  -3.2736260e-05  -4.7518142e-07   5.9930113e-05   2.4875822e-06  -2.5411556e-05  -3.0259346e-05   2.1130994e-05  -8.6499201e-07  -1.6542606e-05   2.9697965e-06   7.0305273e-06  -9.4835963e-07  -2.7527672e-06   1.8656276e-05   5.4810706e-06  -3.5942060e-06   5.8552608e-06  -6.9462888e-06   4.6296029e-06   7.1519712e-05  -1.9196572e-05  -1.1983150e-05  -1.4339133e-05
  -3.0786502e-07   9.7046258e-06   7.8193947e-08   6.4171200e-07  -6.9482293e-06  -1.5593185e-05  -9.7401915e-06   2.3542664e-06  -1.1668301e-05  -1.7359735e-05  -9.2949241e-06   2.4279497e-05   1.4692082e-05  -2.2739567e-05   1.0257815e-06  -9.7430250e-06   6.4941783e-06  -4.3892317e-07  -1.5529867e-06   1.9714684e-05  -5.3608051e-05  -9.1790034e-05   4.7936776e-06  -9.7526409e-07  -2.0159889e-07   1.2912657e-07   9.6775570e-05  -1.3913066e-05  -1.8939735e-05   5.9173313e-06
