  -4.6715594e-10   2.7851003e-10   2.7983752e-10  -5.6035058e-11  -4.3499739e-11  -6.5587740e-12   1.2886157e-09  -5.6263389e-10   4.6874992e-10   2.6878621e-10   2.9373741e-10  -1.3130558e-10  -4.7054470e-10   2.0337137e-10   2.0392378e-10   5.8465299e-10   1.1237259e-11  -4.6578673e-10  -1.6344575e-10   3.4852878e-12  -1.3420503e-11  -2.2990953e-10   2.1954496e-10  -1.4077538e-11   1.0856871e-09   5.5672493e-12  -4.8306138e-10  -1.4814750e-12  -3.3997202e-10   2.4231298e-10
  -4.6023970e-11  -1.9243570e-10  -2.3619007e-09   1.1928365e-11  -2.3544692e-10  -1.8710676e-09   6.2640998e-11   2.3146743e-11   6.8382808e-10  -3.2416502e-10   7.5982057e-10  -4.4127258e-10  -8.9102095e-10  -1.4818211e-09   2.8888247e-10   3.8272423e-11   1.1639157e-10  -5.8467520e-10   2.3022733e-10  -3.4358840e-10  -1.1774807e-11   1.0042742e-09  -5.6447378e-10   2.5315877e-11   1.4232445e-10   1.2685846e-12  -3.1955525e-11  -1.2007758e-11   5.2763656e-11   1.5657363e-11
   2.0670130e-10   2.4785488e-10  -7.5807326e-11  -8.9308969e-11   1.8552875e-10  -5.4123009e-10   2.1325223e-10  -6.1008879e-11  -1.2660288e-10  -3.9904584e-10   7.3981232e-11   3.7593361e-10   1.6837206e-10   1.9007808e-10  -6.0465034e-11   7.2149204e-10   1.3627362e-10   2.7245991e-09   3.0316518e-09   1.8782794e-09   2.5186139e-10   1.0073236e-09  -2.8043381e-10   1.9094793e-11  -2.2139522e-10   1.0403908e-11   5.3532030e-10   2.8502509e-10  -4.4746627e-10   7.6972763e-11
   1.4479152e-09  -4.7964482e-11   7.0724281e-10   1.6394671e-10  -1.4435328e-09   6.8061042e-10  -1.7119482e-10   1.2245720e-11  -6.8110487e-10   6.0498141e-11   3.1247392e-10   1.9861768e-09  -1.6025786e-09  -9.2389736e-11   2.3455378e-11   3.3919825e-10  -2.7488867e-11  -6.1805468e-11   2.8730748e-10  -1.8729098e-11   8.0451816e-10  -3.0679329e-10  -3.8089999e-10   3.1032727e-11   1.5823498e-10  -2.4082768e-11  -3.5370708e-10   3.5765700e-10  -9.1933256e-10   1.2081583e-09
   5.2815714e-10  -5.5254864e-10   9.5553380e-11  -2.2716045e-10  -6.1786408e-10  -8.4038257e-10  -8.9075223e-10  -1.8379339e-09  -5.2689713e-10   6.1651226e-10   1.0766653e-09  -5.2437508e-10   1.8490818e-09   1.0495896e-09   2.3552474e-10  -1.5097794e-12   7.8309666e-11   1.8617531e-09   1.6112184e-09   3.3252478e-10   3.7115015e-11   3.0906841e-10   3.7285490e-10   1.8859688e-10   2.1823389e-10   1.6867356e-09  -4.2723869e-10  -1.1977501e-10  -2.6261035e-09  -6.3875822e-11
  -4.1943902e-10   2.0858885e-09  -9.8093152e-11   7.8551945e-10   1.8810661e-09   1.7352928e-09   4.6665524e-10   6.9309654e-10  -3.4271071e-09  -5.1293450e-10  -6.7370015e-10  -3.0602039e-10  -2.1730263e-09   5.0430104e-10   1.4047722e-10   1.3759464e-10  -8.0048606e-11  -3.7108429e-10  -1.3946344e-09  -3.5236630e-11   2.3733029e-09   4.1118314e-10   2.5462896e-10  -1.2378635e-09   1.1274368e-09  -4.2921295e-11   2.2631644e-10   3.3581808e-10  -7.1603570e-10   4.4495324e-10
  -2.4167159e-11   3.6788955e-10   5.8443759e-10  -3.0167364e-10  -3.0273846e-10  -2.0245141e-09   9.4871187e-11   1.6043418e-10  -5.3848086e-11  -2.2327135e-10   1.7331070e-09   2.0698212e-09   5.6468427e-10  -8.4012890e-10  -3.2967225e-10  -1.3709375e-09   3.4168633e-10  -5.2759064e-10  -2.4336757e-11  -7.4553071e-10   1.2508154e-10  -7.7411067e-10  -4.4846543e-11  -2.2793751e-10  -2.6972908e-10  -2.7420082e-11   9.0408627e-10   1.5634721e-10   3.9010183e-10   5.8575846e-10
   1.0529832e-09  -2.5534627e-10   2.9985604e-11  -8.0359148e-10  -1.7192076e-10   4.6197877e-10   4.8780713e-10  -5.9606814e-10   3.2694573e-10   9.5907368e-10  -8.3357885e-10   8.7252011e-11   4.5030262e-10   1.2684588e-09  -4.0711188e-10   2.5035185e-09  -5.1128736e-10  -1.5523872e-09   4.8630367e-11   2.1545075e-10   1.2249679e-10  -1.7659805e-09   1.7632615e-09  -3.0998773e-10  -1.2448615e-10  -2.0969059e-11  -5.1203515e-10   9.4970759e-11  -7.5956509e-10  -8.4157480e-11
   1.4190563e-10  -1.8414831e-10  -3.3957921e-10  -1.5215597e-09  -1.6975596e-09  -9.1309353e-10  -9.9888342e-11  -3.7337643e-10   1.6835459e-09  -2.7969566e-10  -5.5962016e-11  -6.1443156e-11   3.7273911e-09   2.7013661e-11  -1.1943654e-10  -1.5870486e-09   2.7321574e-10   1.5501024e-09   2.2801919e-10  -3.2169223e-10  -4.0236506e-11   7.3764400e-10   3.5498388e-10  -3.5558693e-10  -1.4645544e-10  -1.3848882e-11  -1.6632103e-10  -9.6805112e-10  -6.9700897e-11  -1.7582287e-09
   1.0774221e-10  -2.8465997e-10  -1.0176011e-09   6.8574884e-10  -1.1323550e-10  -3.3901634e-10  -1.3429639e-09  -4.1728701e-10   3.9202954e-10  -8.5689946e-10  -4.2035596e-10  -1.1127301e-10   1.9238775e-09   1.4796221e-11  -5.7203371e-11  -1.3949668e-09  -2.1219652e-10   2.2944793e-09  -8.5340963e-10   1.6937829e-10  -2.9402925e-11  -1.2051554e-09   1.7145795e-10   2.4273610e-09   2.7097290e-10   2.4055840e-11   5.5205453e-11   4.1903186e-10  -1.0723168e-09  -1.3690608e-09
   1.9679834e-10   4.4569437e-09  -8.0628870e-11   6.8311893e-10  -3.5665225e-11   2.6042992e-09  -1.2239561e-09  -6.8178330e-10  -2.7744734e-09   2.1798508e-09   4.1689664e-10  -3.2828385e-09   7.6931413e-10   3.0218400e-09  -4.5011025e-10  -7.7298378e-10   8.8791772e-11   4.0169021e-11   1.9462717e-09  -8.4461096e-10   3.7234520e-10  -3.7488374e-10   2.3918396e-10  -3.5655310e-10  -2.7117627e-10  -8.7188247e-12   1.0538976e-10  -3.9978249e-10  -3.9749763e-10  -7.7983434e-10
  -5.1487400e-10   1.1578811e-10   1.0865222e-09   1.4499931e-09   3.1572827e-10   1.5026256e-10  -3.4001817e-10   5.7884310e-10   3.6667459e-09   3.1199113e-09  -7.3274623e-10  -2.5444295e-10  -1.6665184e-09  -3.2857625e-10  -3.8070374e-10  -4.3387283e-10  -3.2107018e-10  -2.1852261e-10   2.9903391e-10  -8.0141170e-10  -1.9953874e-12   6.0651451e-10   3.8746791e-10   5.3543360e-10  -2.8317627e-10  -3.0002844e-11   2.7478168e-10  -1.6813052e-10   6.4509395e-10  -4.8954672e-10
  -3.9983566e-10  -7.3211503e-10  -1.3552326e-09   9.9313465e-10   4.0969486e-10  -1.5121537e-10  -2.7188131e-10   4.5726752e-10  -2.3326599e-09   8.0221999e-10   2.6210390e-12   1.5155252e-10   2.4411722e-09   4.1417955e-10   1.6829178e-10   1.1292820e-10   4.6973420e-11   2.5151875e-09  -1.5645504e-09  -1.7886250e-10   1.5628146e-10   6.6057972e-10  -7.7693016e-10  -1.2464359e-10  -4.0464477e-11  -8.6045262e-10   1.3698453e-10   2.6030829e-10  -1.2957513e-09   1.4437018e-10
   1.3658225e-10  -2.7405488e-09   2.2378222e-10   3.8351351e-10  -7.3615251e-10   5.9942144e-10   2.6097008e-11   1.3426619e-09   1.9783938e-09   6.0187222e-10  -3.3757355e-09  -6.5987204e-10   1.1124766e-09   1.3294930e-10   2.9044035e-10  -1.8313078e-09   3.5297589e-10   1.3048857e-09   5.2042300e-09  -2.5274753e-09  -9.1454772e-10  -3.9581114e-09   7.1147532e-11  -3.0162667e-10   2.5556178e-10   7.4267762e-12   1.0872581e-10  -1.7318137e-12   1.2983540e-09   2.6457250e-09
  -1.6611330e-10  -1.1623214e-10   4.1995865e-09  -4.7221650e-09  -6.7616948e-10  -1.9599149e-09   1.1642862e-09   3.1318182e-10  -1.0350700e-09   1.4019762e-09   1.9417600e-09   1.4057062e-09  -2.1157441e-10  -3.9361661e-11  -6.8712985e-11   1.4179127e-09   1.6910981e-10   4.0984049e-09  -3.9197990e-09   1.1199832e-09  -1.8670437e-09   7.2220017e-11  -1.3540761e-09  -5.5916312e-10  -8.3083920e-11   2.6764057e-12  -1.0666428e-10   6.9343190e-11  -9.9880042e-11  -1.2846069e-09
   3.6238751e-10  -1.3210284e-09   5.4193270e-10   7.3315125e-10   2.8558054e-10  -5.8676659e-09   4.8671042e-09  -5.3577762e-10   2.0674603e-10   3.7685796e-09  -5.8093940e-10   1.3265589e-09  -9.7249593e-10  -2.5443900e-10  -1.9826257e-10   5.7743908e-10  -8.0558958e-11  -5.9707760e-09  -1.2019799e-09   2.0558882e-11  -4.5130890e-10  -1.8820690e-10   4.2957591e-10   3.1130775e-10  -1.1839663e-09   1.6446538e-11   2.9699074e-11   2.0194647e-10  -2.1833342e-09   3.0563452e-09
  -1.7250178e-10  -2.8689804e-10   1.2515357e-09   1.5057651e-10   1.5990715e-09   2.5807687e-10   7.0670916e-09  -5.3189180e-10  -9.6454724e-10   5.3290310e-10   2.7552081e-10   1.4767109e-09   1.2794269e-09  -1.2573297e-09  -3.2934088e-11  -1.1265353e-09   2.4143142e-10   1.5608784e-10   2.5626752e-09  -1.2724928e-09  -1.1424871e-09   2.0617552e-11  -1.1819666e-11  -5.7816474e-11   1.3920692e-09  -1.0493076e-09   9.8462933e-10   6.6125158e-12  -1.0359085e-09   4.8233290e-10
  -1.5518617e-10   2.3503180e-10  -1.5723797e-09  -3.6327978e-09   1.2587797e-11   5.3236078e-10   7.6847980e-11   5.8199509e-10   1.8244129e-09   1.1788445e-09   9.7702300e-11   3.5059774e-10   4.5533354e-09   1.8218160e-12   1.9825478e-10   7.7376651e-10  -4.1324021e-10  -2.3430333e-09  -7.9499087e-10   3.3405268e-10  -6.1659260e-11  -1.6405529e-10  -7.5040935e-10   1.2391573e-09  -1.2016061e-10  -1.3134789e-10  -3.9479053e-10   6.3570061e-10   2.5064675e-09  -4.4205052e-10
  -5.5561662e-10   5.8164187e-10   4.7751979e-09  -3.6373306e-10  -1.0027527e-09  -2.3531942e-09   1.4932508e-09  -7.2046183e-10  -1.9193687e-09  -1.9403643e-09   2.7266771e-10   2.0274746e-10   1.9711560e-09  -5.8667786e-10   2.2508339e-10  -4.2984095e-10  -3.6389504e-10   3.7297430e-10   2.1158551e-09   5.2372091e-11   1.6662386e-10  -1.2100932e-09  -6.8226410e-09   1.5572086e-10  -1.9419170e-09   1.9477895e-10   1.9053848e-10  -1.0414421e-09   5.6342479e-11   2.0717378e-10
  -5.7335529e-10  -4.8370615e-10  -7.3863094e-10  -5.4701978e-10   7.8119765e-10   6.6442655e-10   2.3433981e-10   5.3701716e-10  -2.8168066e-09  -1.9601480e-09   1.2651088e-09   8.4736432e-10   1.5176473e-09   2.5347961e-09  -2.9311190e-10   2.0764977e-09   3.2803044e-10  -9.1343041e-10   1.0455167e-11   2.3703840e-11   4.1736978e-11   7.1407173e-10   1.1108882e-10   1.1922538e-09   3.5754808e-10  -1.0931989e-10   8.7504485e-11   4.7464472e-10   6.3363053e-10  -4.0831929e-12
