  -3.2448219e-09  -2.3914559e-09  -1.8687245e-08  -1.2673319e-09  -2.5582032e-08   4.8899343e-10  -1.1847881e-08  -2.0332619e-08   9.2277868e-09   3.3540357e-09  -1.6578282e-08  -6.7617748e-09  -1.2427031e-08  -4.0356870e-09  -5.8786580e-09   4.3502071e-09   1.0853740e-10  -3.5835950e-10  -1.2618509e-08  -6.4766482e-09   9.4382416e-09  -2.0212238e-08   4.1306921e-09  -4.8468463e-09  -2.2674947e-09  -9.7374117e-10   2.1120331e-09  -5.1983254e-09   6.1653251e-09  -2.3490865e-08
   2.7322171e-09   6.2060706e-10   3.1159212e-08  -1.7791670e-09  -3.6217335e-08  -3.0250319e-09  -1.8182909e-09  -6.3513178e-10   1.9964589e-09  -1.8120426e-09  -6.7080089e-10   5.0653044e-10   9.4651296e-09   4.9029286e-10   1.8146968e-09   4.9517007e-09   1.3128631e-10   5.1241452e-08   6.0933373e-09   1.3043670e-09  -9.2120709e-11  -1.8308088e-08  -6.0058767e-09   4.9519768e-12  -2.5646390e-10   1.7312546e-10  -2.0560799e-08  -2.7242809e-10   7.4782120e-10   1.1049441e-08
  -1.4222056e-09   2.4896112e-09   2.9888917e-08   1.4486739e-09   4.2889110e-09  -4.2695173e-09   1.7804436e-08  -4.5347537e-09  -2.2321692e-08  -1.1706615e-09   7.5039851e-09  -3.1751450e-09   3.9097529e-08   1.0975338e-08   1.3886255e-08  -6.4115843e-09   8.5312631e-10  -1.0880976e-09   2.0852385e-08   6.9816380e-09   2.6906510e-09   1.9306919e-09  -2.2485704e-08  -8.7670729e-09   2.7729001e-09  -3.0332601e-09  -1.7120672e-08   9.4286008e-09  -7.9365010e-09   2.8141303e-08
  -1.6510609e-10  -5.6572433e-11   2.3864526e-10   9.4970484e-10  -2.3591517e-10   1.0578359e-09   5.7263574e-11  -1.5789849e-10   5.7608111e-11  -4.6274684e-10  -3.9847111e-10  -2.2778067e-10  -1.0061676e-09  -5.1501804e-11   1.1772763e-10  -8.5259249e-10  -4.6901589e-12  -1.3021843e-11   3.4828291e-09   4.6717983e-10  -3.0878602e-12  -2.0606496e-09  -4.5666937e-10  -4.7561696e-11   5.3721458e-11  -3.1733795e-11  -5.4309948e-10  -1.4175098e-10   7.2154766e-11   2.2383256e-10
   1.1104168e-08  -1.0560254e-08  -3.0967809e-08  -7.1229474e-09   4.4496725e-08  -2.0499300e-08  -5.5580864e-08   6.4732971e-09  -8.2058983e-08   9.2517581e-09  -1.0240398e-07  -3.6578038e-09   1.8813324e-08  -3.5492521e-08  -2.6965928e-08   4.3365766e-09  -1.0526384e-09   1.5888640e-08   4.4535775e-09  -3.6370200e-08   3.7016070e-08  -1.0303655e-07  -6.3989721e-08  -1.6941981e-07   7.2370123e-09   1.6364998e-09  -4.8858270e-09   1.9478227e-08   4.2842849e-08   5.3135041e-08
  -2.9808374e-08  -6.1065347e-07   4.1946840e-07   1.8255469e-07  -2.2532559e-07  -3.7771597e-07   6.0209024e-07  -6.6127863e-07  -2.3607847e-07   8.0096904e-09   1.1650449e-06  -6.7080563e-08   8.3983035e-08  -1.9736199e-07  -7.5769025e-09  -1.1334552e-07   7.2140650e-09   4.9885698e-07   7.3717976e-07   2.2512531e-07  -9.0116749e-08  -5.9976798e-07   1.2170999e-06   2.0861315e-07  -1.4303921e-08  -3.1264410e-08  -6.0563160e-07  -1.4847657e-08  -2.7438541e-08   2.2255884e-07
  -1.4737719e-09  -5.3054223e-10  -9.6931440e-09   3.1602504e-11   1.3303122e-08   1.8039152e-09   4.2137759e-09   4.8220196e-10   2.8572230e-10  -4.7825469e-10   2.4448451e-09  -5.8965495e-10  -5.5307764e-09   8.0912454e-11  -2.9972039e-10  -4.8524616e-09  -1.7951647e-12  -1.6262264e-08  -1.6269380e-10  -5.4917283e-10  -2.4355022e-11   1.0049853e-08   2.2719245e-09   2.3542749e-10   1.3031753e-10  -1.8796345e-10   8.9795130e-09   9.6703896e-11  -4.5256775e-11  -2.3169072e-09
   3.0098466e-10   1.7942009e-10  -6.3616831e-10   3.6550156e-10  -3.0819789e-10  -2.4247167e-10  -2.1944861e-09  -5.4559475e-11  -6.6983379e-10   6.4745462e-10  -1.3227540e-09   1.5896934e-10   1.3452761e-09  -1.6120905e-11  -1.9394865e-10   1.9187409e-09  -2.3463627e-11  -1.0598157e-09  -1.3185018e-09   2.1914793e-10   1.6212353e-11  -2.1241646e-09  -4.0342596e-10  -4.4345039e-11  -1.3993969e-11   6.9746420e-11  -9.3749923e-10   7.4394482e-14  -3.0775870e-10  -1.1001446e-09
   2.7996729e-10   9.5928808e-11  -4.0466628e-10  -1.6103965e-09   4.0003691e-10  -1.7937525e-09  -9.7100719e-11   2.6774551e-10  -9.7684997e-11   7.8467114e-10   6.7568003e-10   3.8624338e-10   1.7061395e-09   8.7330635e-11  -1.9962851e-10   1.4457248e-09   7.9530144e-12   2.2080739e-11  -5.9057675e-09  -7.9218804e-10   5.2360323e-12   3.4942046e-09   7.7436560e-10   8.0649493e-11  -9.1094451e-11   5.3810405e-11   9.2092357e-10   2.4036458e-10  -1.2235146e-10  -3.7954861e-10
  -6.2195434e-08  -6.3985636e-07  -3.0427734e-07   1.8073914e-07  -5.1421663e-07  -4.5382284e-07   2.2463898e-07  -1.4003197e-07  -4.6211858e-07   3.6768617e-08   2.4024176e-06  -4.3408500e-09  -5.4306304e-08  -1.4427121e-07   3.1964005e-07  -3.0155329e-07  -1.1226062e-08   9.1036882e-07   9.8731788e-07   1.0257863e-07   3.8546402e-08  -6.0080059e-07   1.3767961e-06  -4.8630674e-07   1.0478192e-08   1.6555877e-08  -1.2568851e-06   3.3393096e-08  -1.8914336e-07   5.5258534e-07
