   4.6154892e-18  -8.6728365e-14   3.3600791e-13   2.1316571e-13   1.9837853e-13   1.0991855e-13   7.7212679e-13  -6.7794724e-13  -7.8146990e-14  -2.1372225e-11   1.1928316e-12   1.2225406e-13   9.1880333e-13   2.2288762e-18  -5.2625651e-14   2.5346652e-12   1.2443320e-13  -7.3326385e-18   1.3887552e-14   3.5526705e-14  -9.2968460e-18   1.5025908e-18  -4.7493221e-15   4.3976933e-14  -1.5733483e-13   1.5193279e-12   5.2290687e-13   7.4453221e-14  -2.3410197e-16   3.4596105e-13
   2.7856113e-15  -1.2450090e-10  -2.1126510e-09   2.0607909e-12   4.8918206e-09   4.0301740e-12   1.0997898e-09  -2.0244797e-09   2.6970151e-09  -2.0836442e-09   2.9348132e-10  -6.4550512e-11  -5.1857691e-09   2.7420619e-16  -4.2006773e-09  -3.4869278e-10  -2.0436702e-11   4.0740506e-13   2.5457696e-11  -3.1370932e-12   1.5668234e-14  -3.6026112e-15   9.6519278e-13  -5.7000099e-12  -5.6537680e-10   1.6407654e-11  -8.4579365e-12  -1.1447991e-11  -5.4975413e-10  -5.3236525e-10
  -1.2254729e-18   4.7766009e-14  -3.8675450e-14   3.0119616e-14  -1.8071074e-13  -1.0961977e-13  -7.0732414e-14   8.5185297e-13   6.2675182e-14   2.5805250e-11   1.6137844e-12  -1.6532103e-13   4.3658545e-13  -1.9151518e-18   3.5355703e-14  -5.3363598e-12   1.9056919e-13   1.3908034e-17   3.9326327e-13  -6.6753827e-14   5.0236354e-17  -1.3575749e-17   4.4629818e-15   2.9413441e-13  -7.2557245e-14   1.3062415e-12   4.5528095e-13  -7.9770426e-14   5.4748619e-15  -4.2622397e-13
  -7.3760218e-18  -3.6492916e-14   3.9661133e-15  -1.2275397e-16   4.4686580e-13  -2.6244174e-14  -1.9942866e-13   4.4488860e-13  -8.1181406e-14   7.6298645e-11  -4.3260213e-13  -1.6918506e-13   6.8564371e-15  -1.0442176e-18  -1.4736083e-13  -2.1536726e-11   1.0167662e-16  -7.9911460e-18  -1.7341399e-17   2.7227337e-14  -1.8918951e-17  -5.2681118e-19   4.9144466e-18   2.2443578e-14  -6.8793261e-14  -2.4950405e-12   5.2646598e-13   2.8015206e-15  -1.1065081e-16   6.0529125e-14
   6.2143614e-18   1.4339254e-14  -1.5482049e-15  -1.0725490e-16  -1.8613279e-12   2.4474080e-14   3.0690818e-13  -6.7725281e-13   2.1230319e-14  -2.3457676e-11   1.7794315e-12   5.6054980e-14   4.0855450e-13  -5.5805307e-19   1.4920163e-14   1.4176354e-12   2.5178641e-18   3.2461577e-18   7.5065246e-18  -3.4633815e-14   7.6222591e-18   1.2243890e-18  -1.9499905e-18   5.2604907e-14  -2.3097741e-14  -5.5122408e-13  -4.6739783e-13  -8.0345628e-16  -9.6063384e-18  -2.6837665e-13
   1.1554303e-15   2.2569573e-12  -3.2995859e-11  -1.6098061e-12  -1.2083377e-10   3.6343932e-12  -3.0543433e-12  -6.7134440e-11  -7.3583743e-12   2.2632354e-09  -3.6753112e-11  -2.8882836e-11  -1.6071128e-11   5.6182728e-16  -1.1682064e-11  -6.8705073e-10  -4.0183373e-15  -1.4243930e-15  -1.3512731e-15  -4.3846589e-12   2.7008844e-15  -5.1007990e-16  -3.4851112e-16   3.3108592e-12   1.3161318e-11   8.4589508e-11   4.4575686e-11   6.8826202e-14   1.4875002e-13  -9.6579965e-11
   1.3828659e-17   7.7351798e-14  -3.6565970e-11  -6.8559618e-13  -1.5964991e-11  -2.2053236e-12   2.7090231e-12  -9.9470552e-12  -4.8185870e-13   1.1511139e-10   1.5546879e-11  -1.0705473e-13  -6.9940056e-11   1.5396775e-17  -8.3322833e-13   7.4442307e-11   1.9135241e-12   1.1473398e-16   1.0993627e-12  -1.2033312e-13   4.9268526e-17   2.9501772e-17   4.7315188e-14   2.3149666e-13   4.2971661e-13   2.5940545e-11   5.7229927e-12  -1.5234116e-11  -5.1776866e-16   9.7392092e-12
  -4.1539955e-15  -1.1774523e-13   9.1572464e-13  -3.7751989e-13   5.1514369e-13   3.2053572e-14   2.6701152e-13  -2.8002302e-13  -1.1103196e-13   2.6044863e-11  -2.0858341e-12  -2.6744870e-13  -5.6581920e-13   2.1219095e-16  -2.6675127e-13  -1.6198825e-13  -2.7186312e-14  -7.5210850e-15  -1.9131026e-13  -3.3048888e-14  -2.0940060e-14  -1.2040168e-19  -1.0185187e-14  -4.9854452e-13  -1.6851447e-13  -6.5099281e-13   2.6287401e-13  -5.4765702e-14  -1.0292048e-14  -1.6615593e-12
   1.0310368e-15   1.5835864e-12  -2.3187657e-11  -1.1334818e-12  -8.4499676e-11   2.5559432e-12  -2.1527126e-12  -4.7758651e-11  -5.1846006e-12   1.5873712e-09  -2.5943642e-11  -2.0244092e-11  -1.1729321e-11   3.8737685e-16  -8.1607194e-12  -4.8213361e-10  -5.4249680e-16  -1.3770863e-15  -2.5145643e-16  -3.0433459e-12   1.7546239e-15  -6.0724687e-16   1.2496684e-15   2.3575439e-12   9.2470061e-12   5.9239818e-11   3.5386349e-11   5.0878375e-14   1.0074574e-13  -6.7918944e-11
   2.9819582e-18   2.6945248e-14  -2.9957809e-15   2.1898068e-16   1.0774864e-12   7.7116854e-15  -4.6217755e-14   9.6760431e-14   6.8859821e-14  -6.1735890e-11  -1.0231227e-12   1.3342307e-13  -3.5184639e-13   1.6538813e-18   1.4478408e-13   2.1807382e-11  -1.1018141e-16   5.8669820e-18   1.1812601e-17   3.3495633e-17   1.3985259e-17  -4.5888485e-19  -3.5675688e-18  -6.8413916e-14   9.3083453e-14   3.1286724e-12  -1.6492938e-13  -2.3190476e-15   1.2649200e-16   1.6189313e-13
   4.8118135e-18  -7.6013251e-16  -1.0541894e-15  -2.1794280e-16  -2.0169443e-12   1.9000155e-14   2.1867975e-13  -4.5757067e-13  -1.5093074e-14   1.0297337e-11   1.9022455e-12  -1.9434112e-14   4.4100711e-13  -8.0615766e-19  -5.5509522e-14  -8.3198928e-12   5.2510470e-17   8.7110079e-19  -2.3013000e-18  -2.2477334e-14   1.0782578e-18  -7.3839268e-20  -1.4278263e-18   6.6309390e-14  -5.3547067e-14  -1.7712560e-12  -2.4873961e-13   3.7342590e-16  -6.1957164e-17  -2.4837974e-13
   1.3018776e-17   1.1718961e-13  -7.6959321e-13   1.3492925e-13  -4.8774626e-13  -1.1587290e-13  -5.8199069e-13   7.4992771e-13   1.1672909e-13   1.5837717e-12   1.1958436e-12   5.1404695e-14   2.0655214e-14  -1.2531154e-14   1.9420515e-13  -2.7261656e-12   2.6847990e-16   2.0971363e-18   2.1409767e-13  -2.8803759e-14   1.5668515e-17  -1.1863640e-14   2.0114746e-15   3.6962078e-13   1.5235927e-13   3.2419391e-14  -3.0169890e-13  -3.5724085e-14  -4.5149121e-16   7.5841994e-13
   2.4274920e-17   9.3939013e-14  -1.1895299e-14   1.2772302e-16  -2.7348639e-12   8.4571617e-14   6.5737455e-13  -1.4297101e-12   1.9832263e-13  -1.8895854e-10   2.6262056e-12   4.2068186e-13   2.9363658e-13   2.4921384e-18   3.3762289e-13   4.9618437e-11  -2.1678070e-16   2.1422273e-17   4.0668964e-17  -8.5438850e-14   5.0220755e-17   1.0091332e-18  -1.3496898e-17  -1.2652142e-14   1.4071570e-13   5.1522254e-12  -1.4893706e-12  -6.9897973e-15   2.4024314e-16  -3.2329358e-13
  -5.5885095e-16  -9.2370391e-13   1.3440334e-11   6.5069894e-13   5.2196010e-11  -1.4543955e-12   1.2771116e-12   2.5703484e-11   3.0283833e-12  -9.2241348e-10   1.4973947e-11   1.1751741e-11   6.8923601e-12  -2.3439180e-16   4.7476099e-12   2.7865530e-10  -6.8562653e-16   8.0023309e-16   2.4519067e-15   1.7193801e-12  -1.2183777e-15   2.9466344e-16   9.7522017e-16  -1.2623343e-12  -5.3778794e-12  -3.4003286e-11  -2.0903297e-11  -3.4131032e-14  -6.0457510e-14   3.9512837e-11
   5.0481878e-17   2.1112188e-13  -4.9045873e-12   1.1254031e-12  -9.5664913e-12   2.2645728e-12  -5.2141049e-12  -5.7052807e-12  -3.7846868e-13  -2.3218445e-10  -2.0972948e-11  -1.1022196e-12   4.8386936e-09  -3.2443948e-17   7.1222769e-13   2.5371582e-11   2.5756146e-13  -9.2606719e-17   3.7649223e-13   4.8118333e-12   1.0608532e-16   1.7566134e-17  -7.5302233e-14  -3.1896063e-11   5.7172931e-13   6.0122400e-12  -2.4818862e-12   1.3495972e-12   3.3847058e-16  -2.2056745e-11
   3.3591550e-15   5.1761221e-09  -4.7668937e-09   3.8694439e-13   1.7563240e-09   2.0355660e-13  -2.9262592e-09   4.8260648e-09   4.1908385e-09   4.7732456e-09  -5.2230352e-09   6.6932354e-12  -9.2735526e-11   2.3459779e-15   2.8862484e-11   4.9426202e-09   8.7199583e-11  -1.2220679e-16   2.4501992e-11   5.2622844e-09  -3.3446944e-13   2.6177094e-17   6.7688780e-14  -2.9025036e-10   4.9685159e-09  -5.2538947e-09  -1.1351666e-12   3.1963671e-12   1.3186038e-09  -3.4168086e-11
  -4.2260172e-16  -7.7110896e-13   1.1689278e-11   5.6310890e-13   4.2279416e-11  -1.2868291e-12   1.0594097e-12   2.4283998e-11   2.5802454e-12  -7.9398774e-10   1.3321078e-11   1.0163113e-11   5.0278481e-12  -2.1753083e-16   4.1315916e-12   2.4211874e-10  -3.7792168e-16   4.4191982e-16  -2.5104157e-15   1.5131059e-12  -1.0168952e-16   2.4114191e-16  -7.4731552e-16  -1.1877340e-12  -4.6734710e-12  -2.9704021e-11  -8.4848906e-12  -2.9722251e-14  -4.9523984e-14   3.3982017e-11
  -8.0203661e-18   2.9429936e-13  -1.6173932e-13  -8.6082127e-13   6.0931885e-12  -5.3991935e-12   9.4678682e-13  -7.5197499e-12   9.2297394e-13   2.4574354e-10  -8.7372257e-12  -2.1106539e-12   4.5702242e-11  -1.1625307e-17   2.6775560e-13  -6.7927787e-11   2.5060761e-13  -2.7347067e-17  -7.1409233e-13  -4.5049200e-14   1.5506188e-16   1.7239853e-17   8.2698543e-13   2.1483210e-13  -8.7378963e-13   1.1454002e-11   6.0468095e-12  -1.1338717e-12   7.9829970e-17   1.8780924e-11
  -1.2087921e-17   3.6374212e-13   3.6625312e-12  -2.1473944e-11  -5.0370825e-12   2.3282847e-12   6.0443755e-12   1.4757372e-12  -7.4328229e-13  -2.1421396e-12  -6.6673827e-12  -2.8852791e-12   1.3048399e-11   2.8851427e-18   4.7119491e-13  -6.5109577e-11  -7.2931935e-13  -2.6584760e-17  -2.3118579e-12   3.2657422e-13  -3.9068013e-17   2.3260933e-16   8.5611148e-14   8.1014751e-13  -1.7715191e-14  -2.2292567e-13  -4.6687923e-12   1.9164152e-12   1.3122669e-15  -8.3169702e-12
   1.4623575e-18  -5.8351252e-15   1.6733407e-15  -1.5594419e-16  -1.6820709e-12   8.2872761e-15   2.5336685e-13  -5.7649336e-13  -2.3543904e-14   1.8210918e-11   1.6308991e-12  -3.4851388e-14   4.7816524e-13  -1.5130168e-18  -6.7653566e-14  -1.1320063e-11   6.1676686e-17  -2.0765789e-18   5.6191372e-19  -2.5839120e-14  -3.9613429e-18   2.1593004e-18   2.0104689e-18   7.4659654e-14  -7.0655542e-14  -2.1047789e-12  -2.3236178e-13   7.9611962e-16  -7.6894633e-17  -2.8523575e-13
