   4.9421114e-09   6.5010935e-08  -1.3060411e-08   5.3454918e-09   1.9794676e-08  -1.2650274e-09   1.6755312e-10  -3.1005956e-08   1.5953324e-08  -4.0606459e-08   1.7073079e-08   2.1571324e-08   9.7440352e-09  -1.2650274e-09   4.0906913e-08   1.5674082e-07   9.8130268e-09  -1.8045854e-08  -1.4471263e-07  -6.0459679e-08   1.1716142e-08  -6.7566900e-08   6.0332604e-09  -1.6273553e-07  -3.1203622e-08   2.9757425e-08   4.9855452e-08  -4.4233761e-09  -1.4632622e-08  -1.3196194e-09
  -2.6534792e-09  -5.0917397e-08  -3.5739655e-08  -7.7582016e-11   3.7511029e-08   4.0921000e-08   8.6812593e-11  -4.9942598e-08  -5.3055773e-08   8.8106961e-09   2.3838815e-08   5.1084768e-09   3.0826385e-08   4.0921000e-08   1.4926978e-07  -2.9406577e-08   2.0833909e-08   7.8260035e-08   2.7678588e-08  -1.5969802e-08   1.3980105e-07  -5.4650454e-08  -3.2846553e-08   1.6930520e-09   3.2058060e-08   4.9048367e-08  -2.6009869e-08   1.0159695e-08   1.4326932e-08  -9.9803272e-09
   2.4168797e-09   7.0050451e-08   4.3564838e-09   2.2891225e-09   3.0845953e-08   2.9283231e-08  -5.2740754e-11   1.0893371e-08  -3.1201815e-08  -6.3745654e-08   1.9408865e-08   5.1862852e-08   1.0962135e-08   2.9283231e-08  -1.7764369e-08  -4.5000513e-08  -3.1060260e-08  -1.6060090e-08  -8.2237717e-09   3.6729090e-08   8.8044867e-09   1.2636780e-08   1.5448549e-08  -2.1891953e-09   2.0721163e-08   2.4875848e-08   1.6233832e-08   1.6543979e-08   6.9295285e-09  -1.1305942e-08
  -1.6241798e-08   5.2394588e-08   3.0721678e-08   8.2110832e-08  -5.5762783e-09   1.1813358e-09  -1.5211314e-10  -1.3926451e-08   4.5278940e-08  -7.3255096e-09   1.8113356e-08  -7.0394285e-09  -2.2608416e-08   1.1813358e-09  -2.8787720e-08  -2.9257246e-09  -6.8616497e-09   5.9651604e-09   1.1512816e-08   7.6408739e-08  -3.0506900e-09   2.4819887e-08  -4.9680771e-08   4.0087059e-09  -3.4230333e-08   3.3515335e-10   6.2521290e-09  -5.9661125e-09   1.8842134e-08  -4.3792062e-08
   1.2805794e-07  -5.2414621e-08   2.2157130e-08  -4.8223023e-10  -7.3192028e-09  -2.5582786e-09  -1.9861797e-08  -1.9112236e-09  -4.9335246e-08  -2.5099553e-08   1.3439566e-08  -1.5906735e-08   1.2479262e-08  -2.5582786e-09   7.1858355e-08   2.3778881e-08  -3.4322125e-08   1.0227648e-07   6.8012037e-08   1.3161558e-07   4.1432403e-11   2.7423932e-08  -5.2348104e-08   3.2000370e-09   1.2815444e-08   3.1374188e-08  -7.1541421e-10   1.9391081e-08   4.0843771e-09  -5.7751696e-08
   8.7110948e-08   3.6104107e-08   7.2287928e-09  -6.7219980e-09   2.0291030e-08   1.4137474e-08   2.6008491e-08   5.5355740e-09   5.3531216e-08  -1.5843312e-08   9.7087721e-09   1.1888699e-07   1.5521328e-08   1.4137474e-08  -4.2548710e-08  -2.4889324e-08   2.4593140e-08   3.6179640e-08  -7.6006284e-08  -1.1682790e-08  -3.3562203e-10   5.0925931e-08  -3.7868922e-08   1.9812238e-09   1.0720908e-07   7.6161883e-08   2.7729078e-08  -4.8396981e-09   4.3171962e-09   5.6164390e-08
  -2.2238963e-08   3.5315013e-08  -1.3871021e-08  -7.8508018e-09   7.6602000e-10   2.1867091e-08  -1.2972871e-10   2.8713385e-08   2.5283954e-08   5.4347556e-08   3.1680115e-08  -2.4559727e-08  -8.6700911e-08   2.1867091e-08   7.7408895e-08   3.8434369e-08  -1.5848348e-09  -2.8340372e-08  -2.6730613e-08  -3.7567934e-08  -7.8880322e-10   3.5343696e-08  -4.7983783e-10  -1.1919859e-09  -1.1874959e-08  -5.2277364e-08   9.7739557e-08  -7.7962078e-09  -1.7616874e-08  -5.2080325e-08
   6.0651181e-09   5.8205937e-08   3.2228212e-10   4.7631379e-09   3.8894375e-08  -7.1544751e-08  -6.3597945e-11  -1.0499413e-08   8.1174325e-08  -1.7149834e-08   3.3586148e-08   1.1037733e-08  -2.8744601e-09  -7.1544751e-08   1.5804529e-08  -8.1477065e-09   2.4524486e-08   8.5791836e-08  -2.7375344e-08   2.5346794e-08   1.7131178e-08  -8.3787556e-09  -8.0571698e-09  -4.0702328e-09  -6.2806081e-08  -6.8631828e-08   4.0778859e-08  -1.8355669e-08  -6.4009864e-08   7.5768984e-08
  -6.0194540e-08  -2.8305347e-08   9.9777811e-08   5.1367957e-09   3.6797578e-08  -9.4993219e-08  -4.4607207e-08   3.6725958e-08   1.1862465e-08   5.6695890e-08  -2.4997050e-09   6.3153163e-08  -5.8085869e-08  -9.4993219e-08   1.9393060e-09  -1.2491664e-08  -6.3996936e-08  -6.9139905e-09   4.5640357e-09  -5.3732941e-08   1.4414217e-08  -3.5363702e-08  -3.1153232e-08   3.1895128e-09   7.6101293e-09   4.6506037e-08   1.1989299e-08  -2.2184053e-08  -5.3395452e-10  -2.9276811e-08
   6.2893869e-08   2.6800795e-09  -6.7903685e-08  -1.0695657e-07  -1.3615247e-08   3.7420224e-08   7.1404266e-11   2.8751082e-08  -1.7245740e-08   4.5578155e-08  -4.6277985e-08  -3.9197663e-08   1.0642569e-08   3.7420224e-08  -3.0138413e-09   3.0944105e-08  -4.2608536e-09   2.7017764e-08   2.6225241e-08  -1.8194694e-08   1.1138616e-08   3.1838740e-08   3.0593928e-08   1.7486553e-09  -2.8213105e-08  -1.5545061e-08  -1.5058335e-08  -1.4449446e-08  -6.6426301e-09   2.8359212e-08
