  -2.0217373e+01  -1.5732104e+01  -1.9606999e+01  -2.0217373e+01  -1.8464870e+01  -1.7484607e+01  -2.0217373e+01  -2.4178989e+01  -1.7484607e+01  -2.1977978e+01  -1.6263860e+01  -1.7484607e+01  -2.0749128e+01  -1.9606999e+01  -1.6874233e+01  -1.8016362e+01  -1.8626735e+01  -1.3522991e+01  -2.2426487e+01  -2.4178989e+01  -1.6255757e+01  -2.1359501e+01  -2.2339763e+01  -1.6787512e+01  -1.6263860e+01  -1.7854497e+01  -1.3522991e+01  -2.6388101e+01  -2.2588352e+01  -1.9606999e+01
   1.5311294e+01   1.5056055e+01   1.8291931e+01   1.5311294e+01   1.8567640e+01   1.1799709e+01   1.5311294e+01   1.3427683e+01   1.1799709e+01   1.2621028e+01   1.7760984e+01   1.1799709e+01   1.8016223e+01   1.8291931e+01   1.4780347e+01   1.4504638e+01   1.1524001e+01   1.3683318e+01   1.6684030e+01   1.3427683e+01   1.7194903e+01   1.5035585e+01   2.1803514e+01   1.9899833e+01   1.7760984e+01   2.1548277e+01   1.3683318e+01   1.4800421e+01   9.6403905e+00   1.8291931e+01
  -2.6863643e+01  -2.5816130e+01  -2.8802355e+01  -1.8979632e+01  -2.4768618e+01  -2.3877417e+01  -2.8802354e+01  -2.5816130e+01  -2.6680178e+01  -3.0713916e+01  -2.8802354e+01  -2.3013370e+01  -2.3877417e+01  -2.5816130e+01  -2.6680178e+01  -2.0027144e+01  -3.0713916e+01  -2.5816130e+01  -2.3013370e+01  -2.4952082e+01  -2.3877417e+01  -2.0027144e+01  -2.5816130e+01  -2.0027144e+01  -2.9666404e+01  -2.5816130e+01  -2.3013370e+01  -2.3877417e+01  -2.8618892e+01  -2.4952082e+01
  -8.8768857e+00  -7.6271974e+00  -8.8768857e+00  -8.8768857e+00  -1.0176843e+01  -1.4614725e+01  -1.5864413e+01  -6.3775092e+00  -1.1695536e+01  -8.9271545e+00  -1.1745805e+01  -7.6271974e+00  -1.5545139e+01  -1.0765122e+01  -1.2065079e+01  -7.6271973e+00  -1.3314767e+01  -1.5545139e+01  -7.6271973e+00  -1.2995493e+01  -7.3581923e+00  -7.6271974e+00  -8.5576115e+00  -8.8768857e+00  -3.5085898e+00  -3.5085898e+00  -9.1961597e+00  -8.8768857e+00  -1.0227112e+01  -3.2395813e+00
   1.5574596e+01   1.2314032e+01   8.9578778e+00   1.3954269e+01   9.0534685e+00   1.8930751e+01   8.9578778e+00   1.2314032e+01   1.7386105e+01   1.7290514e+01   8.9578777e+00   1.3858678e+01   1.8930751e+01   1.2314032e+01   1.7386105e+01   1.7214833e+01   1.7290514e+01   1.2314032e+01   1.3858678e+01   7.2419600e+00   1.8930751e+01   1.7214833e+01   1.2314032e+01   1.7214833e+01   1.4029950e+01   1.2314032e+01   1.3858678e+01   1.8930751e+01   1.0769387e+01   7.2419600e+00
   1.2152415e+01   1.5798409e+01   1.5808805e+01   1.2152415e+01   1.3632712e+01   1.4318112e+01   1.2152415e+01   1.3582318e+01   1.4318112e+01   2.1580497e+01   2.1630890e+01   1.4318112e+01   1.7984898e+01   1.5808805e+01   1.7974502e+01   2.0150599e+01   1.6494205e+01   1.2888209e+01   1.5062615e+01   1.3582318e+01   1.0722513e+01   1.4328508e+01   1.3643109e+01   1.6554995e+01   2.1630890e+01   1.7289101e+01   1.2888209e+01   1.6492517e+01   1.7924108e+01   1.5808805e+01
  -1.8068272e+01  -2.1689165e+01  -1.9530900e+01  -2.1188400e+01  -2.5310057e+01  -2.0226538e+01  -1.9530900e+01  -2.1689165e+01  -2.6506463e+01  -2.0727303e+01  -1.9530900e+01  -1.5409241e+01  -2.0226538e+01  -2.1689165e+01  -2.6506463e+01  -1.7567507e+01  -2.0727303e+01  -2.1689165e+01  -1.5409241e+01  -1.6871869e+01  -2.0226538e+01  -1.7567507e+01  -2.1689165e+01  -1.7567507e+01  -2.4348197e+01  -2.1689165e+01  -1.5409241e+01  -2.0226538e+01  -2.7969089e+01  -1.6871869e+01
   2.8292712e+01   2.5021011e+01   2.8292712e+01   2.8292712e+01   2.8113683e+01   2.2042114e+01   2.5313816e+01   2.1749310e+01   2.8618144e+01   2.4841982e+01   2.5167413e+01   2.5021011e+01   3.1531786e+01   1.9128472e+01   1.8949443e+01   2.5021011e+01   2.2221144e+01   3.1531786e+01   2.5021011e+01   2.8439115e+01   2.7788252e+01   2.5021011e+01   3.4510683e+01   2.8292712e+01   2.4874609e+01   2.4874609e+01   2.2074741e+01   2.8292712e+01   2.4662953e+01   2.7641840e+01
  -3.0485965e+00  -9.4550181e+00  -4.5363757e+00  -3.0485964e+00  -8.8634499e+00  -3.6401647e+00  -3.0485965e+00  -4.9333812e+00  -3.6401646e+00  -2.6856540e+00  -6.6157228e+00  -3.6401647e+00  -2.0930108e-01  -4.5363757e+00  -5.1279439e+00  -8.0086922e-01   6.8690997e-01  -1.7553806e+00  -1.0748235e+01  -4.9333812e+00  -1.1638124e+00   1.2784782e+00  -3.9448078e+00   1.6754830e+00  -6.6157227e+00  -1.0351229e+01  -1.7553806e+00  -1.2633018e+01  -1.1978747e+00  -4.5363757e+00
   3.2332386e+01   3.3008716e+01   3.2332386e+01   3.2332386e+01   3.6072172e+01   3.5735451e+01   3.5059120e+01   3.3685047e+01   2.9617803e+01   3.6748502e+01   3.4033918e+01   3.3008716e+01   3.6421044e+01   2.8932209e+01   3.2671995e+01   3.3008716e+01   3.1995665e+01   3.6421044e+01   3.3008716e+01   3.3357588e+01   3.8786756e+01   3.3008716e+01   3.3694309e+01   3.2332386e+01   3.1983515e+01   3.1983515e+01   3.0970463e+01   3.2332386e+01   4.0488288e+01   3.7761556e+01
