  -5.0840116e-10  -2.5122695e-10  -1.0046403e-11  -1.4669193e-10   9.2134745e-10   3.5672117e-10  -1.5861453e-09  -6.4255452e-09   1.2162257e-09  -6.4024113e-10  -5.4743219e-10   4.6897216e-10  -1.0850508e-09  -2.3558068e-10   1.0761948e-10   3.6483543e-11   5.8234497e-10  -1.2861045e-10   4.5631801e-11   1.2707917e-09   2.8305383e-10   1.3871185e-12   1.7729636e-09   5.4043022e-11  -2.8133241e-10  -6.9013487e-11  -1.4142405e-10  -1.5672776e-09  -5.8672584e-10   2.7426102e-10
  -1.0662187e-08   1.9193200e-08  -1.0885565e-09   2.6330508e-08   7.1265089e-08   1.8743021e-08   1.1204030e-07  -4.8844434e-08   1.4286880e-07  -2.6851162e-09  -8.6038621e-08  -9.0274657e-08   1.1052809e-09  -4.1921303e-08   3.4885419e-09   1.1907740e-08   2.3279635e-08  -3.8213949e-08   8.1318754e-10  -6.6543024e-08   1.3046232e-09   2.9035027e-10   1.1815712e-07  -2.1129208e-08   1.0366826e-07   2.1642282e-08  -2.2669975e-08  -2.8733166e-08  -1.0201501e-08  -3.9408746e-08
   6.2373553e-10   5.3763108e-10  -1.1639422e-10   4.7645498e-10  -1.2500923e-09   2.0370445e-09   7.2085436e-10   3.8741617e-09   9.1299214e-11   7.0789528e-10   1.1040643e-09  -2.0732072e-09   2.0560055e-09   1.3177239e-11  -4.6333047e-11   2.6115885e-10  -1.1288146e-09   1.6935910e-10  -3.1157586e-11   7.9240510e-10  -2.5756604e-11  -5.5115782e-12  -1.6241848e-11   4.2043398e-11  -1.4489820e-09  -4.3687308e-11   1.1008768e-09  -3.2635754e-10  -1.6883801e-09  -1.1384595e-09
   8.2727324e-09  -1.9242199e-08   1.3591248e-09   2.0554536e-08  -3.5306587e-08   3.8925488e-08  -1.3885849e-07  -2.4665452e-08   1.1252700e-08   6.5167758e-08   1.0803847e-07   6.4234861e-09   1.3137647e-08  -6.0689874e-09  -1.5720546e-09  -1.7282918e-08  -1.4318070e-07   1.1851612e-08  -4.6402521e-09   6.6949289e-08   4.3889444e-10   8.5192690e-10  -2.9317589e-08  -9.8646928e-09   1.1112553e-08  -1.6835693e-07   1.5616689e-08  -5.7063449e-08  -6.1107322e-08  -1.8411253e-08
   6.8276967e-11  -1.1029195e-10   2.6528850e-12   1.1734906e-10   1.4377758e-10   2.8346346e-11  -1.1327469e-10   2.3933448e-10  -2.9874208e-11   2.8711766e-11   1.5871851e-10  -3.8082600e-11  -1.0678603e-10   8.9632834e-11  -1.1550286e-12  -1.3276095e-11  -1.5652862e-10   2.8349224e-11   1.3441820e-11   4.6106859e-11  -1.0460715e-12  -6.6218066e-13   1.8836654e-11  -1.9350126e-10  -3.5327705e-11  -4.7061273e-11   9.9164485e-11   2.9708406e-11   1.1756237e-11  -3.9873241e-10
  -3.7854746e-08   8.0973954e-08  -1.7302448e-09   7.5965126e-08   3.6066438e-07  -8.4129002e-07   2.2906394e-07   7.8807968e-08   4.5496355e-07   4.5154557e-08  -4.5661611e-08   1.5890627e-07   2.8261826e-07  -9.0750102e-08  -2.0625716e-08   5.2950586e-08   7.2962364e-07   6.1876326e-08   2.2106337e-09   3.1624054e-07   1.4619685e-09   2.4477945e-09  -7.6630184e-08   3.0654400e-08  -4.1960844e-07   4.6689056e-08  -1.5364559e-07   6.0931630e-08   3.2532083e-08   3.4982494e-07
   5.7666854e-10  -1.1053754e-08  -5.4220701e-10  -1.1978649e-08   1.8770966e-08  -1.3550382e-08   9.0616176e-09  -1.4922633e-08   2.1453132e-08   7.5421123e-09   1.7002628e-08   2.4432092e-09   3.1214217e-08  -2.5554688e-08  -2.8097659e-09   2.0245621e-08   2.0899483e-08   3.6239281e-10   2.9730545e-10  -2.9976911e-08   9.7211106e-10   7.9629045e-11  -4.6843291e-09   1.1576626e-08  -2.4586215e-08  -3.2305556e-09  -1.1852169e-08   6.7642400e-09  -2.2896953e-08   2.8663029e-08
   2.0221557e-10   3.9085709e-10   8.3932618e-11  -6.7911412e-10   4.5345202e-10  -1.1606105e-10   7.1000196e-10   1.1334056e-09  -1.3552699e-09  -1.7313608e-09   5.0356187e-10   1.7760147e-09  -1.2286652e-09  -1.6659416e-10   7.7787982e-12  -2.8389367e-10   6.1476961e-11  -1.8485494e-10  -1.6532530e-10  -9.2164506e-10  -1.9209364e-10   1.7943663e-12  -7.7128864e-10  -7.7332970e-11   2.8358745e-09   1.5924914e-11  -1.3555049e-09   1.9628428e-09   2.5095455e-09   3.5412633e-10
  -8.4217085e-08  -4.3204287e-07   4.9052456e-09   1.2486855e-07   3.0871986e-08  -1.4347558e-07  -5.9053038e-08   3.5749139e-08  -4.0065847e-07   5.8389735e-08   2.4552215e-07   4.3072978e-08   1.1661050e-07  -6.8793209e-08   7.1835059e-09   5.9944076e-09   1.5120945e-07  -4.9058781e-08  -7.8425992e-09  -4.9970757e-07   2.8824236e-08   6.0465482e-10  -1.6550566e-07  -2.6874207e-07  -3.0303772e-07   1.0781473e-08  -5.9795586e-08   4.2849002e-08   2.9260473e-08  -3.8014326e-09
   1.8699589e-09   8.9594932e-10  -1.2064907e-10  -1.4594639e-09   6.9728279e-10   8.1486699e-10  -4.9332208e-10   4.8838605e-09  -8.0986864e-10   3.9873706e-10  -7.4740632e-10   4.6313109e-11   2.2924286e-09  -9.7039155e-10  -9.2125762e-11   2.9849578e-10  -3.0560000e-10   3.4075747e-10   5.4392780e-11  -2.7019170e-09   2.0078042e-10  -8.8029917e-12   2.5484465e-09  -6.9081658e-11  -2.6667130e-09  -1.6673183e-09   2.2001765e-09  -3.4171303e-10   7.7835029e-10   1.8667923e-10
  -6.6346819e-09   1.8453646e-08  -1.2185164e-11   7.9455042e-10  -3.4879694e-09   5.1425465e-09  -8.2611050e-09  -1.8454023e-09  -2.8103349e-10  -1.2500536e-08   1.0959033e-08   1.6166074e-08  -1.0427418e-08  -1.8366224e-09  -3.4055611e-10   2.6486982e-10  -1.7832687e-09   7.4745126e-11   2.8723761e-10   8.1235879e-09  -1.1479429e-09  -7.8324034e-12  -4.1783009e-09   2.3342310e-08   3.2075445e-09   2.4327630e-09  -4.0874797e-09  -5.0102256e-09   1.0317231e-08   5.8940726e-09
  -3.1755490e-10  -6.7726113e-10   4.2508001e-11   3.4935102e-10  -1.2470739e-10  -2.2777045e-09   1.5528895e-10   1.4179777e-09   4.7744883e-11   1.6637066e-09  -1.0601940e-09  -1.7177947e-10   2.5771066e-10   3.8899771e-10  -6.9065234e-11  -1.3748716e-11   4.8499260e-10   1.4410624e-10   1.5085109e-10  -1.1415517e-09  -6.5203689e-11   2.3300931e-12  -9.8543296e-10  -1.8753463e-11  -1.1055599e-09   9.6775857e-11   3.9605224e-10  -6.9207819e-11  -2.3443926e-10   5.1007234e-10
  -1.1600525e-08  -5.1952261e-09   4.4048419e-10  -1.7256068e-08  -6.5703181e-08   3.2200330e-08   2.1621721e-09   7.2235437e-09  -4.2499917e-08   9.2941732e-09   1.8383041e-08   1.6832037e-08   9.0374547e-09   3.8961334e-08   2.2961225e-09   6.7696582e-09  -5.0261401e-09   7.4648692e-09  -6.4206874e-10   2.9136031e-08   2.8250974e-09   2.7370639e-10   6.5824206e-09   4.1408176e-09   8.1592740e-09  -7.5253513e-09  -6.4360213e-09   6.1411452e-09  -7.1904610e-09   3.8970724e-08
   2.9388771e-08  -1.0407672e-08   4.3838676e-09  -6.7658363e-08   1.0740369e-07   1.2407388e-07  -2.0763713e-07  -2.7978590e-08   3.9522631e-08  -9.7648075e-08   2.0448757e-07   7.3079720e-08  -4.3176906e-08   2.3219892e-08   1.5583528e-08  -1.0353163e-08  -1.8711131e-07   1.7629453e-07  -1.7256644e-09  -3.2202528e-07   1.0489864e-09   6.8676295e-10   4.3582243e-08  -8.9040920e-08   5.2642425e-08   7.6845758e-08   1.3463318e-07  -9.7935323e-08   3.8322470e-08   1.4922237e-07
   2.3197448e-08  -8.8046194e-09   9.9988208e-10  -1.7413881e-08   3.2416036e-08   2.5952323e-09   2.3187666e-08  -1.1084720e-08   4.7570906e-09  -5.6285851e-09   3.4058768e-09   1.3232535e-08  -1.3494848e-08   1.3379605e-08   1.2737590e-09   1.9487268e-09   2.0099990e-08   2.0443584e-08  -4.7423294e-11   3.5097653e-09   2.7561676e-08  -2.3851973e-10   3.5056397e-08   1.7157684e-09   1.9362395e-08  -5.3148561e-09   1.9371632e-08  -1.3939591e-09   1.7530913e-08   5.9618631e-09
   4.3986424e-09  -4.9985688e-08  -4.3637715e-09   9.5988619e-09  -9.8675004e-08  -2.9207225e-08   1.9684536e-07  -3.5354058e-09  -2.9223958e-08   5.9824937e-08   3.3352942e-08   8.2861328e-09   9.3506403e-08  -6.9550371e-08  -7.7700976e-09   1.2797804e-08  -2.3010354e-08  -2.8090172e-08   2.3864064e-09   7.8196578e-08  -2.7287713e-08  -2.0280738e-09  -1.0016567e-08  -1.1689931e-08   8.5704914e-08   7.3855744e-08  -2.4894469e-08  -4.7819041e-08  -6.1488666e-08   6.7980831e-08
   2.9733135e-07  -1.1777034e-07  -1.2393763e-09   7.2637911e-08   1.9570461e-07  -5.1536757e-08  -7.4474781e-08   2.4402952e-07   5.4101329e-08  -1.8067761e-08   3.4354993e-08  -7.6299034e-08  -1.2838887e-07   6.6274345e-09  -2.0571967e-08  -9.3144984e-09  -3.5214646e-07   9.7568430e-09   2.2665224e-09   4.0846376e-07  -1.4226908e-08  -3.4798470e-10  -8.1535090e-08  -4.6038468e-08  -3.4919851e-07   4.5750262e-08  -1.4235671e-07   1.1210753e-07  -2.1194752e-07  -4.9283434e-08
  -1.6468869e-08   7.5072087e-08  -8.8763326e-10  -5.0437278e-09   2.2702827e-08   1.2165434e-08   7.4178785e-09   1.3880165e-10  -1.4350544e-08  -2.6888758e-08  -5.8555392e-08   1.3181388e-08  -1.6002840e-08  -3.0515721e-08   2.0881152e-09   9.2526182e-10   1.4886797e-08   1.0069932e-08  -6.9744111e-10   3.4135502e-08   2.1808191e-09   3.3610933e-11   3.3434134e-08  -1.9645729e-08  -4.3603975e-08   7.3508528e-09  -2.1741912e-08   4.7943910e-09   2.9227108e-09  -3.8187558e-09
  -9.7308127e-09   2.0691632e-08   6.2077707e-10  -7.4867299e-10  -6.7230299e-09  -1.3415105e-09   3.7978038e-09  -5.7538518e-09   5.0681265e-09   9.5754286e-09   5.6129640e-08   4.4858658e-08   2.6780538e-08   5.2766551e-10   5.0772059e-09   2.1818305e-08  -1.5264294e-08  -6.5952434e-09   7.9133972e-10  -6.4124411e-08  -1.0975590e-10   3.8362735e-11  -1.5492426e-08  -2.4339996e-08  -5.6231248e-08   1.0548583e-08  -3.0009405e-10  -5.7473317e-08  -6.1472114e-08   3.9290819e-09
   8.1099159e-10  -1.1515072e-10   1.1071000e-11  -5.3668792e-10   9.4110993e-11  -6.7137946e-12   1.4921631e-10  -4.0800524e-10   7.6791833e-11  -1.8126211e-10   1.6716512e-10   4.3422538e-10  -8.5158156e-10  -9.4232245e-11   2.3564420e-11   7.2612254e-11  -5.2654203e-10   4.4289476e-10  -3.5909167e-10  -5.3720593e-11   3.9103015e-10   3.5497629e-12   8.5597815e-10   4.3949487e-10  -3.6819427e-10  -1.5080745e-09   5.3399289e-10  -7.0203541e-10  -2.6193627e-10   2.7082971e-10
