   3.6306892e+01   3.6795096e+01   4.2345452e+01   4.3567327e+01   3.9207256e+01   4.2897791e+01   4.7247865e+01   3.7632456e+01   3.5703962e+01   4.3868314e+01   4.2107956e+01   3.1098136e+01   3.4834754e+01   3.0091440e+01   4.2869619e+01   3.6758811e+01   4.5743868e+01   3.9122861e+01   4.6791013e+01   3.8284978e+01   3.6128254e+01   3.1135532e+01   4.1184493e+01   5.7342887e+01   3.8675577e+01   4.3099149e+01   3.4233041e+01   6.2265541e+01   4.3921715e+01   3.6772867e+01
   6.2762753e+01   5.9977334e+01   6.2762769e+01   6.3983494e+01   6.1497661e+01   6.2762751e+01   6.1789681e+01   6.5295910e+01   6.3769529e+01   6.2762749e+01   6.1796862e+01   6.5675100e+01   6.2866584e+01   5.9894360e+01   5.9770370e+01   6.5456097e+01   6.1381197e+01   6.0704612e+01   6.0751546e+01   6.2762805e+01   5.7586911e+01   6.0738460e+01   6.5124268e+01   6.5049384e+01   6.5182494e+01   6.1641415e+01   6.3062648e+01   6.5359236e+01   6.5366222e+01   6.4551775e+01
  -3.7897529e+01  -4.5102539e+01  -3.7047236e+01  -4.6537140e+01  -3.6271791e+01  -3.4469673e+01  -4.3508283e+01  -3.4960983e+01  -4.4468471e+01  -5.0370206e+01  -3.4987188e+01  -3.6254621e+01  -4.4231022e+01  -3.4146134e+01  -3.2143788e+01  -3.4905317e+01  -3.2380990e+01  -4.0624274e+01  -3.3712835e+01  -2.5433332e+01  -3.6298788e+01  -3.7011957e+01  -4.4935636e+01  -3.6321774e+01  -4.3247421e+01  -2.0843127e+01  -3.1529938e+01  -3.8007803e+01  -3.9539084e+01  -4.2669767e+01
  -5.9264507e+01  -5.9264484e+01  -5.9264484e+01  -5.9264450e+01  -5.9264484e+01  -5.9264484e+01  -5.9264505e+01  -5.9264484e+01  -5.9264487e+01  -5.9264542e+01  -5.9264478e+01  -5.9264487e+01  -5.9264483e+01  -5.9267324e+01  -5.9264484e+01  -5.9264484e+01  -5.9264435e+01  -5.9264482e+01  -5.9264485e+01  -5.9264714e+01  -5.9266644e+01  -5.9264483e+01  -5.9264472e+01  -5.9264484e+01  -5.9263443e+01  -5.9264587e+01  -5.9264368e+01  -5.9263998e+01  -5.9264484e+01  -5.9264478e+01
  -4.3989139e+01  -4.3989139e+01  -4.3989139e+01  -4.3989139e+01  -4.3989139e+01  -4.3989139e+01  -4.3989139e+01  -4.3989139e+01  -4.3989139e+01  -4.3989139e+01  -4.3989139e+01  -4.3989139e+01  -4.3989139e+01  -4.3989139e+01  -4.3989139e+01  -4.3989139e+01  -4.3989139e+01  -4.3989139e+01  -4.3989139e+01  -4.3989139e+01  -4.3989139e+01  -4.3989139e+01  -4.3989139e+01  -4.3989139e+01  -4.3989139e+01  -4.3989139e+01  -4.3989139e+01  -4.3989147e+01  -4.3989139e+01  -4.3989139e+01
  -3.0431560e+01  -3.0148136e+01  -3.2216566e+01  -2.5019533e+01  -2.8145343e+01  -3.8961951e+01  -1.2052162e+01  -3.8667282e+01  -3.5858651e+01  -2.5195146e+01  -3.5169388e+01  -3.4778897e+01  -3.6345128e+01  -3.1452225e+01  -2.1135491e+01  -4.3544140e+01  -3.5725998e+01  -4.5699376e+01  -3.6810449e+01  -3.3701934e+01  -3.6209047e+01  -3.5340264e+01  -4.6468793e+01  -3.1623646e+01  -4.7679390e+01  -2.9957384e+01  -4.6468626e+01  -2.5025170e+01  -3.3388166e+01  -4.9326112e+01
  -3.4066444e+01  -3.4066581e+01  -3.4066462e+01  -3.4066565e+01  -3.4066461e+01  -3.4066445e+01  -3.4066459e+01  -3.4066463e+01  -3.4066461e+01  -3.4066461e+01  -3.4066462e+01  -3.4066462e+01  -3.4066462e+01  -3.4066455e+01  -3.4066462e+01  -3.4066462e+01  -3.4066462e+01  -3.4066462e+01  -3.4066461e+01  -3.4066727e+01  -3.4065982e+01  -3.4066458e+01  -3.4066462e+01  -3.4066456e+01  -3.4066462e+01  -3.4066444e+01  -3.4066465e+01  -3.4066319e+01  -3.4066485e+01  -3.4066462e+01
   6.8398285e+01   7.4169768e+01   6.0909804e+01   7.5842562e+01   6.2151599e+01   6.5749161e+01   7.0496807e+01   6.9860261e+01   7.2287671e+01   7.6719595e+01   6.0629544e+01   7.3273718e+01   7.6794485e+01   7.3831840e+01   7.7007921e+01   7.0061097e+01   7.2826399e+01   6.4610649e+01   7.5047862e+01   7.6444217e+01   6.4575311e+01   8.1899610e+01   6.6545333e+01   6.5943111e+01   6.6725019e+01   7.4121993e+01   7.8570436e+01   6.5471576e+01   9.4251158e+01   7.1828217e+01
  -7.2643697e+01  -7.2606085e+01  -7.2907764e+01  -7.1919897e+01  -7.2327669e+01  -7.3956319e+01  -7.0318075e+01  -7.3952803e+01  -7.3443991e+01  -7.1939356e+01  -7.3333267e+01  -7.3292557e+01  -7.3637885e+01  -7.2802148e+01  -7.1443683e+01  -7.4791854e+01  -7.3427830e+01  -7.5283280e+01  -7.3598826e+01  -7.3116798e+01  -7.3504310e+01  -7.3360100e+01  -7.5431962e+01  -7.2804754e+01  -7.5684687e+01  -7.2575170e+01  -7.5390312e+01  -7.1919677e+01  -7.3069860e+01  -7.6039178e+01
   1.4826681e+01   1.4826683e+01   1.4826681e+01   1.4826681e+01   1.4826679e+01   1.4826681e+01   1.4826680e+01   1.4826681e+01   1.4826681e+01   1.4826681e+01   1.4826681e+01   1.4826681e+01   1.4826681e+01   1.4826681e+01   1.4826681e+01   1.4826681e+01   1.4826682e+01   1.4826681e+01   1.4826681e+01   1.4826690e+01   1.4826683e+01   1.4826681e+01   1.4826682e+01   1.4826681e+01   1.4826681e+01   1.4826681e+01   1.4826681e+01   1.4826683e+01   1.4826682e+01   1.4826681e+01
  -5.3936173e+01  -5.3936172e+01  -5.3936174e+01  -5.3936173e+01  -5.3936176e+01  -5.3936176e+01  -5.3936176e+01  -5.3936178e+01  -5.3936176e+01  -5.3936178e+01  -5.3936180e+01  -5.3936176e+01  -5.3936176e+01  -5.3936171e+01  -5.3936176e+01  -5.3936176e+01  -5.3936176e+01  -5.3936180e+01  -5.3936174e+01  -5.3936187e+01  -5.3936176e+01  -5.3936177e+01  -5.3936177e+01  -5.3936176e+01  -5.3936176e+01  -5.3936176e+01  -5.3936174e+01  -5.3936175e+01  -5.3936176e+01  -5.3936135e+01
   5.4698388e+01   5.8226899e+01   6.0528178e+01   5.2909065e+01   6.0869581e+01   5.0369807e+01   5.0656415e+01   5.0746544e+01   6.2000493e+01   6.3223226e+01   5.9693732e+01   5.9550164e+01   5.9514990e+01   6.1686770e+01   4.5241517e+01   5.1401889e+01   4.5284299e+01   5.9711566e+01   4.4736768e+01   4.8510288e+01   6.0617008e+01   5.8834010e+01   6.1599317e+01   5.1823395e+01   6.1337518e+01   4.8723192e+01   5.0860616e+01   6.0262596e+01   5.6987694e+01   7.2570658e+01
  -5.3190181e+01  -5.3190251e+01  -5.3190251e+01  -5.3190250e+01  -5.3190251e+01  -5.3190251e+01  -5.3190251e+01  -5.3190175e+01  -5.3190233e+01  -5.3190251e+01  -5.3190251e+01  -5.3190251e+01  -5.3190241e+01  -5.3190251e+01  -5.3190251e+01  -5.3190253e+01  -5.3190275e+01  -5.3190251e+01  -5.3190123e+01  -5.3190381e+01  -5.3190251e+01  -5.3190255e+01  -5.3190251e+01  -5.3190251e+01  -5.3190251e+01  -5.3190272e+01  -5.3190246e+01  -5.3190035e+01  -5.3190249e+01  -5.3190251e+01
  -1.3203742e+00  -1.2536047e+00  -1.8438823e+00   9.1867941e-02  -7.2040350e-01  -3.8961454e+00   3.1373392e+00  -3.8201144e+00  -2.9088013e+00   5.2307430e-02  -2.6939230e+00  -2.5953937e+00  -3.1157345e+00  -1.6085242e+00   1.0483478e+00  -5.4834025e+00  -2.8657606e+00  -6.3213785e+00  -3.2117767e+00  -2.2726824e+00  -3.0259658e+00  -2.7461405e+00  -6.6135656e+00  -1.6618808e+00  -7.0694639e+00  -1.2075225e+00  -6.6029255e+00   9.2209528e-02  -2.1785805e+00  -7.7766264e+00
   7.9891721e+01   7.9892703e+01   7.9892714e+01   7.9892562e+01   7.9892712e+01   7.9892717e+01   7.9892745e+01   7.9892717e+01   7.9892717e+01   7.9892717e+01   7.9892708e+01   7.9892717e+01   7.9892714e+01   7.9892745e+01   7.9892717e+01   7.9892717e+01   7.9892719e+01   7.9892748e+01   7.9892717e+01   7.9892717e+01   7.9892728e+01   7.9892718e+01   7.9893340e+01   7.9892717e+01   7.9892717e+01   7.9892717e+01   7.9892716e+01   7.9892765e+01   7.9892717e+01   7.9892742e+01
  -2.3187086e+01  -2.4581046e+01  -2.3134879e+01  -2.6026203e+01  -2.0262575e+01  -2.3134842e+01  -2.6118061e+01  -2.1281270e+01  -2.6107857e+01  -2.3134874e+01  -2.0148699e+01  -2.4304614e+01  -2.6271624e+01  -2.4408677e+01  -2.4080054e+01  -2.1523655e+01  -2.0316804e+01  -2.0765439e+01  -2.5544225e+01  -2.3134280e+01  -1.9583327e+01  -2.0736454e+01  -2.1068900e+01  -2.5284077e+01  -2.5132477e+01  -2.0203527e+01  -2.6259253e+01  -2.4898378e+01  -2.1382140e+01  -2.0556135e+01
  -7.5753308e+01  -7.5646201e+01  -7.6758873e+01  -7.2981437e+01  -7.4584748e+01  -8.0606901e+01  -6.6821242e+01  -8.0433834e+01  -7.8784048e+01  -7.3067796e+01  -7.8389922e+01  -7.8182882e+01  -7.9090387e+01  -7.6297739e+01  -7.1061087e+01  -8.3483363e+01  -7.8708818e+01  -8.4900140e+01  -7.9361580e+01  -7.7588395e+01  -7.8989894e+01  -7.8488262e+01  -8.5418819e+01  -7.6426442e+01  -8.6192454e+01  -7.5545877e+01  -8.5421639e+01  -7.2983374e+01  -7.7413294e+01  -8.7422069e+01
  -4.5814302e+01  -4.5814300e+01  -4.5814301e+01  -4.5814312e+01  -4.5814306e+01  -4.5814304e+01  -4.5814307e+01  -4.5814213e+01  -4.5814301e+01  -4.5814308e+01  -4.5814389e+01  -4.5814306e+01  -4.5814306e+01  -4.5814306e+01  -4.5814306e+01  -4.5814306e+01  -4.5814307e+01  -4.5814307e+01  -4.5814305e+01  -4.5814275e+01  -4.5814309e+01  -4.5814337e+01  -4.5814306e+01  -4.5814314e+01  -4.5814301e+01  -4.5814256e+01  -4.5814308e+01  -4.5814300e+01  -4.5814306e+01  -4.5814301e+01
  -1.6345740e+01  -1.6345736e+01  -1.6345740e+01  -1.6345872e+01  -1.6345740e+01  -1.6345738e+01  -1.6345744e+01  -1.6346077e+01  -1.6345116e+01  -1.6345740e+01  -1.6345689e+01  -1.6345740e+01  -1.6345740e+01  -1.6346053e+01  -1.6345740e+01  -1.6345689e+01  -1.6345740e+01  -1.6345740e+01  -1.6345740e+01  -1.6345740e+01  -1.6345740e+01  -1.6345740e+01  -1.6345741e+01  -1.6345740e+01  -1.6345741e+01  -1.6345739e+01  -1.6345742e+01  -1.6347279e+01  -1.6345740e+01  -1.6345740e+01
  -2.6613096e+01  -2.6613091e+01  -2.6613091e+01  -2.6613091e+01  -2.6613091e+01  -2.6613091e+01  -2.6613091e+01  -2.6613110e+01  -2.6613092e+01  -2.6613091e+01  -2.6613091e+01  -2.6613091e+01  -2.6613091e+01  -2.6613091e+01  -2.6613091e+01  -2.6613091e+01  -2.6613091e+01  -2.6613091e+01  -2.6613093e+01  -2.6613089e+01  -2.6613091e+01  -2.6613091e+01  -2.6613091e+01  -2.6613091e+01  -2.6613091e+01  -2.6613091e+01  -2.6613091e+01  -2.6613091e+01  -2.6613091e+01  -2.6613091e+01
