   1.0777864e-08   2.4322654e-08   3.2712792e-08  -1.9930418e-08   1.7603671e-07   2.5487695e-08   1.8771420e-08  -2.5231487e-08   2.0241289e-08   1.5318513e-08   9.5049471e-09   7.0863283e-09   1.2550548e-07   2.5487695e-08   2.4971899e-08   2.6525304e-09   3.5662434e-08  -1.5037355e-09  -4.2285598e-09   2.5169751e-08   1.8185117e-08   4.6022220e-09  -9.1094358e-10  -6.2503214e-08   2.2799612e-08   4.4406497e-09  -1.5733153e-08   8.4266199e-08  -4.7600366e-08   1.3549183e-08
   2.0897061e-09   4.9039851e-09   1.5935479e-08  -1.2591845e-08   4.2095317e-09  -1.0031532e-08  -3.7905047e-08   5.9050454e-10   2.1054164e-08  -3.4750211e-08  -4.1764541e-08   6.9689461e-09  -1.5115169e-08  -1.0031532e-08   1.6828124e-08  -1.0432232e-08   1.6172318e-08   1.3447180e-08  -5.4059571e-09   8.5802421e-08  -8.4870186e-08   2.0194845e-08   2.7472295e-08   1.3183952e-07   9.5654953e-09   9.2417447e-09   1.5161265e-09  -1.4239673e-08  -2.9227090e-08   5.4606986e-09
   6.8957816e-08  -9.1172115e-08  -3.2051463e-09  -2.3983211e-09  -1.3976446e-09  -3.6524100e-08   4.0275120e-08  -1.4003730e-08   1.2718397e-07   5.1187893e-08   1.1900144e-07  -3.5165936e-08   7.0377280e-08  -3.6524100e-08   1.2779411e-08  -9.3711114e-09   4.9708760e-08  -2.5603742e-08   1.0248522e-08  -5.3685204e-08   1.7294575e-09  -2.1926573e-08   2.5381255e-08   1.8134918e-08   2.5584851e-09  -2.5373324e-08  -2.8157186e-08   1.6314359e-08   3.2362647e-08  -1.3625575e-08
   4.2157982e-08   4.7276865e-08  -3.4800915e-08   2.5182532e-08   1.2274150e-09  -1.6957103e-08   2.7698855e-08   2.2458862e-08  -4.1656149e-08  -3.4025584e-08  -2.8710444e-09  -3.0297349e-09   6.8250508e-08  -1.6957103e-08  -4.2136397e-08   1.5895818e-08  -4.6610598e-08   1.4674573e-08   7.0906299e-08  -2.9014213e-08  -7.3025266e-09   1.4580455e-09   5.1589633e-09   3.8617188e-08  -1.7242829e-09   4.2977824e-08  -1.4349186e-08  -4.6544630e-08   2.0830341e-08   5.6760096e-08
   5.8193124e-08   8.6394866e-08  -5.6379720e-08   1.0370249e-07   1.2641891e-09   2.1703496e-09  -1.0094010e-07  -5.4543690e-09  -8.2432567e-08   5.7375777e-08   3.8330265e-08   3.8426881e-09   8.6809343e-08   2.1703496e-09  -3.1005265e-08  -1.7068857e-08  -6.7125862e-08   3.0086030e-08   5.8860891e-09   1.2860573e-08   8.4989202e-09  -7.8910350e-09   4.7000996e-08   9.0170883e-08  -5.9961616e-08   9.4023303e-08   3.9265853e-08   5.8924041e-08  -5.5251775e-08   4.2526100e-08
   4.4339885e-08  -5.4957154e-08   8.6568406e-08   2.1924707e-09  -2.8828210e-10  -1.9320209e-08  -5.1941521e-08   9.9632237e-09  -6.9289691e-09   7.4795527e-08  -2.2368616e-08   5.1949348e-09  -1.4518714e-08  -1.9320209e-08   6.1954248e-08   1.3296131e-08   2.2914616e-08  -3.0384743e-08   4.7860033e-09  -3.3333720e-08   6.2107039e-09   4.4883040e-10   9.1099763e-09  -3.9223387e-08   8.5743109e-09   4.6372258e-08   1.8783438e-08   3.5495219e-08   1.0716507e-08  -2.4930029e-09
  -4.7907058e-08  -5.9661680e-08   9.4132602e-09  -5.6824894e-08   1.7058433e-09   4.4872998e-08  -2.1204196e-08   4.9516913e-09  -8.9390140e-09  -2.2952034e-08  -6.8141611e-08   4.8179269e-09   4.9333064e-08   4.4872998e-08   4.8949113e-08  -2.2940296e-09   1.5139330e-08  -1.8982242e-09   1.1470196e-08   2.5372429e-08  -3.2955012e-08   2.3900987e-08   1.2980869e-08  -1.0720877e-08   1.2330179e-08   4.6412902e-08  -2.1312100e-09   4.4576442e-08   4.1026359e-09  -3.1288781e-08
  -3.3691364e-08   4.7661493e-08  -3.5901439e-08  -2.1801538e-09  -4.8712485e-09   3.2984766e-08  -3.6180011e-08  -1.6944410e-08   7.6656199e-08   1.2868044e-08   7.9247211e-08   2.4424998e-08   3.2138308e-08   3.2984766e-08   9.6102555e-08  -8.3944437e-09  -3.2645776e-08  -6.3128616e-09  -4.2350406e-08   4.1155037e-09  -9.9783272e-09   5.0221335e-09  -3.0795503e-08   4.9251150e-08   2.6484534e-08   5.5636020e-08  -1.4050610e-08  -3.6584300e-09   1.8077852e-08   9.6987920e-08
   1.1368948e-07   4.0449150e-08  -4.9805180e-08  -5.6602020e-09   3.5684554e-10  -3.5231414e-08   4.3211493e-08  -1.6712063e-08   4.3772720e-08   3.8181648e-08  -4.9235342e-08   3.9339089e-09   4.3812700e-08  -3.5231414e-08   6.2825282e-08  -3.6750484e-10   2.5966558e-08  -7.1422065e-09  -2.1429209e-08   2.0929910e-08   4.6557810e-08  -2.8549837e-09  -2.7267111e-08   1.4332038e-08   2.1491050e-08  -4.6876222e-08  -3.3669262e-08  -6.7616480e-08  -5.8596181e-08  -2.9874819e-08
   3.2910282e-08  -1.1191229e-08   9.5941069e-08   1.5243404e-08  -8.7539912e-10   7.1884369e-08  -2.5984158e-08  -1.5275565e-09  -2.0705931e-09   1.1244204e-07   3.1089224e-08   2.0039549e-08  -1.1445955e-09   7.1884369e-08   6.6167441e-08  -4.6279965e-09  -2.3474754e-08   3.4818220e-09  -7.9066781e-08   5.6232656e-09  -1.3578136e-08   8.2870448e-10   7.7916884e-08   4.0728211e-08  -4.2816870e-08   1.8495098e-08  -1.2338401e-08   2.1306792e-08   1.1667324e-08  -1.9968621e-08
