   5.6527560e-08  -1.7756920e-08  -1.4477162e-08   4.2570605e-08   1.2705591e-07   8.4842983e-09   1.4129214e-08  -4.0064108e-08   2.5559768e-08  -1.5127749e-08   5.8868332e-10  -1.5779050e-08  -9.1377379e-09  -1.7677915e-08   1.6200987e-08  -3.2117442e-08   2.3115884e-08   8.6368710e-10  -5.2307935e-09  -2.6338083e-08  -1.6275878e-08   1.9034099e-08   4.4839467e-08   4.9153507e-08  -1.3509055e-08   5.1706782e-09   2.6008377e-08  -1.2293127e-08  -1.9671170e-09   5.3133464e-09
   2.1559546e-08  -1.6307093e-08   1.0077119e-08  -5.8874603e-09  -2.7162937e-08   1.8049863e-08  -1.3227854e-08  -7.4826086e-09   1.7661426e-08  -4.5585995e-08   1.8761169e-11   1.0918266e-08  -8.8051226e-10  -1.3453615e-07   1.4661923e-08   1.0628983e-08  -2.6691667e-09   1.5728008e-08   4.4411576e-08   5.3793802e-09  -1.3368886e-07  -3.6287537e-09  -3.8333842e-08  -8.4051157e-09   2.0312811e-08   1.1720074e-07  -2.9961553e-08   1.7540228e-09   3.2759244e-09   7.1809615e-09
  -7.3663825e-09  -1.6361614e-08  -6.4803349e-09  -1.9300699e-08   2.2318561e-08   3.4208227e-09  -6.1656085e-09  -1.5698988e-08  -3.2473041e-08   9.7091675e-09   1.3433286e-10  -8.1288500e-09   9.2549852e-10   9.1604221e-09  -1.8772450e-08  -6.1957381e-09  -4.1746240e-08   1.6643975e-08  -1.4142344e-08  -1.6390219e-08   5.4796260e-09  -2.0877155e-08  -6.8257285e-09   1.0991455e-08  -2.1144116e-08  -9.8158225e-09  -6.0323074e-08   1.4809261e-08   3.6829799e-10  -1.7418135e-08
   8.5984417e-09   2.8344263e-09   1.3690478e-08   1.6023516e-09   1.2081534e-08   4.5109202e-09  -2.9967241e-10  -1.6206343e-08  -1.7201453e-08  -1.9113028e-10  -1.3534328e-10  -1.0957882e-08   3.4270323e-10  -2.3226065e-08  -6.6633375e-08  -9.0087622e-09  -1.1183266e-08   1.3722435e-08   6.2833486e-08  -3.5417742e-09   1.4997074e-09   3.3180148e-09  -3.9499091e-08  -1.2089655e-08  -8.8679543e-09   2.7369531e-09  -2.0845070e-09   3.9511627e-08  -8.4404739e-09  -4.7228284e-08
   2.2471288e-08   2.3335503e-08   7.9400991e-09   1.2470294e-08   1.1294222e-08  -9.3590468e-10  -6.4137502e-09   3.0940409e-08   1.1791061e-08  -1.4159515e-08   1.1746681e-11   3.3883604e-09  -9.9909780e-10  -2.3398376e-08   1.4900562e-08   8.6625010e-09  -2.3072109e-08   3.5972392e-08   6.1700248e-09   5.4213042e-09   2.2831220e-08  -3.1763209e-08  -2.2480072e-08   9.2020523e-09  -5.2016172e-09   9.7896108e-09   2.3491209e-08   5.0151218e-09  -2.8735769e-09   1.3288163e-08
   1.9904561e-08  -9.9895091e-09  -1.2353859e-08   1.4895264e-08   6.7482990e-09  -2.9013499e-09   6.5933198e-09  -1.6605402e-08   1.4950529e-08   4.0514395e-08   1.3789457e-11   4.4629974e-08   3.2525678e-08   2.4988108e-08  -1.1937456e-08  -1.1896856e-08  -2.2220493e-08   6.9646958e-09   3.2681687e-08  -1.5014955e-08  -1.1130094e-08   8.3529091e-09   2.1636568e-08   1.4011846e-08  -4.3163508e-08  -3.1920760e-08  -4.0854692e-09  -6.0554602e-08  -5.4255391e-10   1.1633733e-08
   2.8394924e-08   1.3049231e-08  -1.6556380e-08  -3.9488343e-08   2.2494720e-08  -9.3041685e-09  -1.4401135e-08   2.2036450e-09   8.2070814e-09  -5.7596421e-08   9.7188670e-10  -1.2739643e-09   5.8609289e-10   1.0068976e-08   1.4720403e-08  -1.3799561e-08  -5.7928841e-08  -2.0925826e-08  -1.9619467e-08  -8.6436681e-08   1.2704907e-08  -8.1314061e-08   5.2593311e-10   2.0295036e-08   3.6017509e-08   3.1100880e-09   1.9601979e-08   1.2601315e-08   5.1032836e-09  -1.0461276e-09
   1.7186335e-08   4.6333633e-09  -1.5738264e-09  -4.8019873e-08   2.9470132e-08   2.9455976e-08  -5.1623899e-09   5.2660971e-08  -1.4948988e-08   3.4401096e-09   1.2326388e-09   1.7758058e-08   4.5176157e-10   1.7094981e-08  -3.5932143e-09  -6.1810877e-08   1.0560728e-08   6.5296268e-09   8.0527337e-08  -1.9469364e-08   1.0814977e-09   6.5916534e-09   1.7497610e-08   2.0545722e-08   3.0061071e-08  -1.6994559e-08  -2.9429940e-08   5.0474197e-08   1.6127206e-09   1.0012983e-09
   1.7255704e-08   1.9938865e-09  -6.3912444e-09   7.4535565e-09   1.2942334e-08  -4.2075076e-08  -1.0715343e-08   1.1217709e-08  -2.0726508e-08  -2.3517234e-08  -3.3854152e-10   9.1174570e-09   1.0536344e-09   9.3942559e-09  -2.0292683e-08  -6.9908583e-08  -1.9236411e-08   2.6040278e-08   2.2128592e-08  -4.4361027e-09  -3.0282915e-08   4.4091956e-08   7.3520981e-09   6.1910375e-08  -6.9606868e-08  -3.8270017e-08   6.0827956e-08   1.6793860e-08   4.9511592e-08   1.7917581e-09
  -2.9880233e-08   7.7979891e-08   1.3869037e-08   2.5904931e-08  -3.3292425e-08   4.1590660e-08   4.4650216e-09  -2.0014106e-08   4.5194035e-09  -9.3117350e-09  -2.1830462e-08  -1.0274472e-08   2.3456878e-09   1.7952971e-08   3.3295765e-08   2.0035815e-08   6.3354128e-09  -1.0471456e-08   7.0135635e-09   3.3340229e-08   3.3805720e-08  -4.3780248e-08   9.6245481e-08  -3.5789753e-08   2.6042069e-09   3.5580125e-08   3.4439801e-08   4.0007906e-08  -1.0398391e-07  -2.0858373e-08
   5.1933517e-09  -1.8423916e-08  -2.8402164e-09  -5.6660385e-08  -3.6475385e-08   1.3966857e-08   6.6824592e-08  -2.0398463e-08   6.2841175e-09  -7.8811224e-09   3.7623080e-10  -1.0844121e-08  -1.5276716e-10   1.2396895e-08   3.9635343e-08   7.9885764e-09  -4.2730812e-09   2.6316558e-09  -3.3639989e-09   1.8137619e-08  -2.0475271e-08  -3.7347532e-08   2.7946291e-08  -1.2749672e-08  -1.6144244e-08  -9.7200873e-10   3.6906948e-09   2.1398016e-10  -3.1391631e-08  -1.1169113e-08
  -7.5731124e-09   9.3512312e-10  -3.9116975e-08   5.5654459e-10  -1.3794711e-08  -2.8666871e-09  -6.4532172e-09  -7.9810350e-10   7.7429686e-08   2.9889067e-08  -4.0098091e-10   1.7280532e-08   1.9262010e-09   1.1798967e-08   5.9921164e-08   1.3302281e-08  -1.0573881e-08   6.8875951e-09  -9.1555757e-09   5.3768633e-09  -7.5822851e-08  -3.8234275e-09   6.3319765e-08   3.4459070e-09  -4.0412444e-08   6.8031763e-09   2.6772780e-08  -6.2033187e-12  -5.0233606e-09   3.3476428e-09
   1.9949107e-09   5.0688892e-09  -6.9905828e-09   6.8213264e-08  -4.9872155e-08   9.4293274e-09   1.1401445e-07  -1.0086067e-08   8.2015942e-08   4.2760434e-08   3.9650928e-10  -2.6876428e-08  -1.3492430e-09   1.3302783e-08  -4.3448457e-09   1.4874294e-08  -1.2118770e-08   6.4915433e-08  -1.6894184e-08   2.0172222e-08   9.1756483e-09   1.0391457e-07   1.7285232e-08   3.7200247e-08   3.7643264e-08   1.0226845e-08  -1.2478338e-08   2.7165130e-08  -1.0877400e-09  -2.8667395e-09
   1.0511846e-08  -2.1174392e-09  -1.0288691e-08   5.9567869e-08  -2.1054286e-08  -8.7645387e-10  -8.3953462e-09  -1.7547577e-08   1.0616741e-09  -9.2208319e-09  -3.3221649e-10   1.0190145e-08  -1.4432689e-09   5.1829867e-09   1.4383856e-08   1.7961810e-08  -1.2591411e-08  -1.2559671e-09  -1.8055153e-08   3.2658357e-08   1.4966971e-08  -6.5028403e-09   4.3134544e-09   2.1519062e-08  -3.2623189e-08   3.6088749e-08   4.8339724e-09  -1.6720380e-09  -2.9326045e-09   9.1151267e-09
   2.2182168e-08  -2.7950086e-09   7.9460219e-09  -6.9761916e-09  -2.4910851e-10  -6.2991395e-09  -1.0813871e-09  -4.6397210e-09  -1.4051826e-08   3.8850363e-09  -3.8537558e-10   2.4333786e-08  -1.0239064e-10  -6.2482094e-09  -7.6391446e-09  -3.9633486e-08   9.3075702e-09  -1.8420256e-08   3.3039872e-08  -5.2546018e-08   2.0306430e-08   1.0794684e-08  -2.7534960e-09   3.1740231e-08  -8.2930904e-09  -1.1740746e-08   1.1024614e-09   2.5200137e-09   2.3158956e-08  -5.8438228e-10
   2.4447575e-08  -1.2021401e-09   6.5073738e-09  -1.0842898e-08   1.2113922e-08  -1.1181944e-09  -3.7737309e-09  -2.1303842e-08   8.1389678e-09   2.2276835e-08  -4.5290917e-10   2.1770932e-09   1.5401013e-08  -4.9069576e-09   6.2976458e-09  -2.0861035e-08  -8.8145085e-10  -4.1753547e-09   3.0594275e-09  -8.8013378e-09   1.1650608e-08  -6.8806412e-09  -5.4479906e-09  -6.4185837e-09  -6.7176002e-09  -6.3026615e-09   6.9115228e-09   2.0577241e-09   1.9913320e-09   1.3424072e-08
   3.6893918e-08  -3.5734068e-09   1.1021903e-09  -2.8577946e-09   3.4783083e-09  -1.9949140e-08  -2.4762754e-09   2.7547023e-08  -4.2159563e-09  -3.8074928e-08  -2.2940565e-10  -9.8531359e-10  -5.0100321e-09   7.3041238e-09   4.9220624e-09   1.1252243e-08  -9.9340409e-09  -2.8057184e-09  -1.1694014e-08  -3.8325777e-08  -4.9346914e-09  -2.8415689e-08  -2.1030301e-08  -1.2745513e-08   2.5331230e-08  -2.0448540e-09  -3.7528730e-09  -1.1517353e-08   2.6465120e-09   1.3204745e-08
  -7.6288933e-08  -7.0708044e-09  -2.5054229e-09  -2.5211542e-08   5.1108224e-09  -1.7199484e-09   8.9363309e-09   4.2354339e-08  -3.8296980e-08  -7.9678261e-09  -2.6167703e-10   9.4174405e-09   7.8121067e-10   1.1993002e-08   1.9560568e-08   3.4602065e-08   1.1963917e-08   7.6127858e-09   2.3213450e-08  -5.6157280e-08  -1.7317851e-08  -1.2985210e-08   7.3747560e-09  -1.5059296e-08   1.1178848e-08   6.0611932e-10   2.2265595e-08   3.3275192e-08   5.5797663e-08   3.2993033e-09
   4.0885210e-08   1.0291047e-08   1.9543192e-08  -5.6058718e-09   1.0935961e-08   9.8862654e-09  -8.6150924e-09   7.0571809e-08   1.6173377e-08   5.7780720e-09  -4.2356770e-10   6.4120987e-08  -3.7631740e-09  -3.2234405e-09   1.7337932e-08   5.7143818e-09   3.3208294e-08  -6.9952168e-09   1.9633773e-08   2.1369335e-08   1.3331899e-08   2.1232936e-08  -3.0573897e-08  -1.1164335e-07  -1.5086439e-09   4.3158786e-08   5.9221101e-08   1.3421926e-08   3.5915370e-08  -1.7758519e-08
  -6.6855112e-08   3.2183943e-09  -5.6360481e-10  -2.1712414e-08  -2.6019591e-08  -3.3704600e-09   1.0715280e-08   7.6739543e-09  -3.3664899e-08  -3.6540628e-08   6.0514380e-10  -3.9030279e-08   1.2838579e-09  -1.9329043e-08   4.3728207e-08   6.5720223e-08  -2.8707464e-09  -2.5120010e-08  -3.6563471e-08   3.1262066e-08  -9.6193056e-09  -1.6566465e-08  -2.2120073e-09   1.5039589e-08   2.6189619e-08   1.7634976e-08  -1.0059639e-08   2.2682930e-09  -3.3830770e-09  -9.8427063e-09
