  -1.1251243e-15  -1.5664593e-15  -6.8963633e-17  -7.8266103e-15  -1.4422391e-14  -2.3037998e-17  -5.5836811e-15   2.6670204e-15  -1.2588333e-17   6.4385410e-17  -7.0615614e-15   2.0029459e-15  -8.7166194e-16   5.4813481e-15  -5.3408057e-17  -1.0861953e-14  -2.2469950e-15   9.4957265e-15   8.8184437e-15   2.9023361e-15  -3.4843576e-15  -1.4782737e-14   6.3058474e-15  -5.4274928e-15   4.0081323e-15   2.7760436e-15  -4.3491087e-15   1.3067942e-15   8.5683634e-15   4.3987805e-18
   7.2542162e-16   4.5776528e-16   1.3130883e-16  -2.5333214e-14  -8.4924966e-15   2.5212682e-16   1.9328652e-14  -3.8307148e-16  -6.8483646e-17  -1.5896869e-17   1.2335109e-14  -1.4404972e-14   1.3647507e-15  -3.0686776e-17  -5.3164274e-16   4.0900927e-15  -3.2914975e-15   2.0979030e-15  -3.8747673e-15  -6.6670646e-15   9.1021030e-15   7.1629321e-16  -3.3650793e-14   1.5531262e-14  -1.5179642e-14   4.2017645e-15   3.3437594e-15  -2.1820075e-16   1.4257755e-14   8.6613233e-17
  -1.4770833e-15  -1.9482691e-15  -3.1144512e-15  -7.4838408e-15  -9.2513937e-15   3.1995709e-15  -8.1951878e-15   8.3344578e-16  -3.9690666e-17  -3.7728570e-18   1.7634354e-14   1.5732626e-14  -4.7388444e-15   1.0911811e-14  -4.2216703e-17   1.9542198e-14   6.5261106e-15   6.6731446e-15   9.4413899e-16  -8.6043131e-15  -1.5338471e-14   4.2228256e-15  -8.0607601e-15   1.2054060e-14  -1.1476120e-14   6.8378491e-15   8.9396216e-16  -1.8144843e-15   7.8689544e-15   2.4413494e-17
   5.4450047e-16  -1.0690809e-15  -1.3491271e-15  -8.6994117e-15  -5.9752167e-17   1.2707749e-14  -1.0095460e-14  -1.6854333e-15   2.7221189e-17  -6.0707469e-18   3.9088665e-15   1.0457719e-14  -2.4817153e-14  -3.8602366e-15  -6.0207115e-16   1.7939179e-14   3.0622058e-15   1.2228493e-14  -4.2058387e-16   3.4435791e-15  -9.8825920e-16   1.1960965e-14  -6.7987707e-16   1.9890218e-14   3.2588161e-15   7.0295212e-15   7.8755772e-15   4.5046794e-16   1.0470859e-14   1.7010564e-16
   1.5410691e-15   7.7111416e-17  -1.9518385e-15   3.2682779e-14  -6.3369700e-15  -1.5641221e-14   3.6051708e-15  -2.2647617e-16   3.0538321e-17   3.3460474e-18   2.0376620e-15  -5.0065373e-15   1.0737638e-14   1.0325981e-15   2.2005466e-16   1.2346903e-14  -8.9794275e-15  -9.8151671e-15   2.1659080e-15  -2.2457931e-14  -9.4267578e-15  -1.3437115e-16   6.7572727e-15  -5.7935486e-15  -8.2242062e-14   2.5949481e-15  -9.6120914e-15  -5.4333725e-16  -1.0052180e-14   1.3562841e-16
   8.5474864e-17  -5.3874571e-16  -3.2377996e-16  -6.6769441e-16   5.4725702e-15  -1.3849795e-14   9.9279561e-15   4.7058893e-15  -5.0936395e-17  -6.4331080e-18  -5.9401175e-15   4.0010968e-15  -1.2745839e-14  -4.2143024e-15  -4.0944281e-14   2.6770120e-14  -2.9836054e-15  -1.0850024e-14   1.1270979e-14   7.6638280e-17   6.9437789e-15   2.5500509e-14  -3.7596865e-15  -1.1270201e-14   7.0185411e-15  -5.2068606e-15   1.3498714e-14  -2.7277802e-15   1.4046788e-14   2.0411695e-16
   4.5408818e-15   1.6820608e-16  -1.0296667e-15  -9.7658176e-16   3.3097897e-14   4.1705361e-15   2.3499877e-15   1.5074709e-15  -6.3647654e-19   7.8112835e-18   3.8274588e-15   1.4462300e-14   1.4816692e-14   3.7287520e-15  -6.8584420e-17  -4.9862852e-15   4.3587297e-15  -5.9590246e-15   1.3900707e-15  -4.3174388e-15  -3.1817661e-15   9.1804693e-15   2.7574035e-15   1.0477680e-14  -1.0047052e-14  -1.0563533e-15   8.9386894e-15   1.2208233e-15  -4.6170060e-15  -6.3561436e-17
   8.9954342e-15  -8.0223310e-15   8.7949408e-15  -8.0611229e-15  -1.6439797e-15  -5.1722260e-15   8.0312415e-15  -5.0935531e-17   1.5020545e-17   7.6078751e-19  -1.9483445e-15   5.3049481e-15  -1.1336039e-14  -7.3974572e-15  -1.3346076e-15  -3.2817597e-14   3.3201321e-15   1.8050136e-15   1.0666398e-14  -6.6510322e-15  -4.7979335e-15   3.3926935e-15   3.3849838e-15   9.6284347e-15  -2.5845330e-14   8.0056891e-15   3.1953938e-15  -1.4944172e-15   1.0074675e-15  -3.6865183e-17
   3.7101344e-16  -2.4286862e-15  -1.1029528e-16  -5.3619277e-15   1.6357122e-14   2.7445612e-15   3.4281470e-15   3.5330849e-15   2.7157627e-17   2.6965449e-18  -4.2525714e-15  -1.7995998e-15  -3.6438577e-15   1.6170384e-15  -3.6264983e-16   1.0963430e-14   2.7101007e-15  -1.2882676e-15  -1.5046881e-15  -5.7854533e-15  -1.3145092e-14   2.5466032e-15   1.4004003e-14   3.3909157e-14   3.7038398e-16   7.2456355e-15   6.1137784e-15  -8.2778593e-16   1.0394143e-14  -1.4640643e-17
  -1.3204380e-15   5.8251106e-16   1.7504812e-15   5.7835819e-15  -9.9562467e-16   3.7346884e-15   1.2340091e-14  -6.1557893e-16   2.0678612e-18  -8.1944051e-18   8.1703807e-14   1.9555120e-15  -1.0034730e-14  -1.7098786e-15   2.6254178e-16  -8.0660544e-15   1.7353265e-15   8.4714452e-16  -4.0952072e-16   5.5778203e-15   4.8688930e-14   2.5515289e-16  -2.7285980e-14  -1.3925721e-14   2.5795419e-15   6.4341730e-15  -3.4616414e-15   3.1461929e-15  -1.3486803e-15   3.5849034e-17
  -3.2470237e-16   3.7628102e-15   1.7427930e-14  -6.9516004e-15  -5.7536645e-14  -2.9680383e-15  -3.7530928e-15   2.1603306e-15   2.1992299e-17   2.6947134e-18   1.3182823e-14  -1.1031248e-14  -3.7514743e-14   4.5903003e-15  -8.9365204e-16  -4.9370580e-15  -1.5082666e-15  -1.2928462e-15   5.3313212e-15   4.3081338e-15   1.4859958e-14  -5.9592869e-15  -7.1329568e-15  -3.3305167e-14   1.0891369e-14  -8.7887066e-15  -1.3628035e-15   7.6622845e-17   1.2642130e-14   7.5666575e-17
   8.3078703e-16   3.2779958e-15  -3.0268916e-15   4.1155286e-17  -4.1748934e-15   2.5761713e-15   5.0259929e-15  -9.3466204e-16   3.2158322e-17  -9.3001566e-18  -1.4533674e-14  -8.9787133e-15   8.9875410e-15  -1.3654982e-14  -8.8559675e-17  -5.6449591e-15  -1.4162744e-14   1.6726299e-14  -1.5675916e-15   2.5609293e-15   6.3997825e-14  -1.3258289e-14  -2.7631106e-15  -6.9407131e-15   4.2835909e-15   6.7732402e-17  -2.2426734e-15  -4.0470263e-15   2.1639557e-14   1.6656421e-17
  -6.6289444e-16  -3.7939282e-15  -5.7775104e-16   3.9646580e-15  -2.2370285e-14  -1.8216660e-15   9.5899590e-18  -4.4548244e-16  -1.4156888e-16  -3.6100878e-17   2.9689206e-16   6.4792452e-15  -1.9892297e-14  -4.6481217e-15   4.1172494e-16  -9.9785735e-15  -1.1901299e-15   9.5010003e-16  -2.0573016e-15   1.8092098e-15  -7.1370019e-15   2.3259598e-15  -1.8948114e-15   2.4191857e-14   6.5330713e-15  -1.4720104e-14  -5.6160588e-15   8.9127268e-16  -3.8080138e-15  -2.8019850e-17
   7.4434466e-16  -1.4740384e-14  -8.4781704e-15   1.5450022e-14   2.1362833e-14   4.4385616e-15   3.6757394e-15  -5.8491718e-16   3.8762789e-17   9.2829122e-18   5.0747092e-15   4.7642392e-15   2.5801718e-16  -2.1057876e-15   3.0109366e-16   3.4211693e-14   5.1913968e-16  -1.9435409e-16   2.7068253e-16  -5.0871923e-16  -7.2873133e-16   5.2515776e-15   2.5772446e-14  -1.0505152e-14  -1.7554745e-14  -9.4701261e-15  -1.9964283e-15   9.6669368e-16   1.6639831e-14  -1.9035927e-16
   1.4095298e-15   2.2578122e-15  -2.7065529e-15  -7.1453005e-15   8.1368259e-16  -2.7532081e-16  -5.5343153e-15  -1.4336272e-15   2.6015193e-17   1.2527525e-17  -6.2982279e-15  -2.2545815e-16  -7.4427725e-15  -2.5710891e-14   5.3193494e-16   1.2436243e-14   1.3185162e-14  -6.3758129e-15   9.0135366e-15   3.4800512e-16  -5.4548453e-16   1.8106404e-14   5.2720308e-15  -2.1327710e-16  -2.2023637e-14  -1.8166783e-16  -6.8034266e-15   1.1334801e-16   2.9307031e-14  -1.1855633e-16
   1.1276639e-14  -2.7259314e-16  -9.1566286e-16  -5.4180950e-16  -3.7275929e-14   3.2789547e-15   1.1270112e-14   9.3922859e-16  -6.8976798e-18  -3.8799025e-18   1.3736493e-14  -3.9518995e-14   1.7437110e-14  -4.7675271e-15   2.0430284e-16  -4.9603677e-15  -7.2051005e-15  -2.6257921e-15   9.5815278e-15   6.0688619e-15  -4.6104661e-15  -3.0573961e-14  -2.2703982e-14  -1.0811456e-15   1.8251545e-16   6.6058309e-15   6.0639886e-15  -4.7883894e-16   5.4541041e-15  -1.2810751e-17
   2.6493251e-16  -7.4706545e-15  -7.6878700e-17  -2.4503985e-15   1.8371576e-15   8.1130370e-15  -1.0865643e-14   4.4114906e-15  -4.9315679e-17  -1.2334282e-17  -7.7422485e-15   2.4654285e-14  -2.5244693e-14   2.8711784e-15  -1.1071825e-15  -1.1216467e-14   1.2542804e-14  -8.2722793e-15  -6.0519548e-16   1.0581207e-14   2.0921960e-14  -9.9551028e-16  -2.6411442e-15   8.1948341e-15   7.5774879e-15  -1.7461264e-14   1.9315542e-15   1.6476628e-15  -2.0488848e-14  -6.2195552e-18
   1.2955504e-16   2.4736855e-15   3.4195690e-15  -9.2769185e-18  -7.9505343e-15   5.0003812e-14  -3.3622066e-15   1.1905115e-15  -4.3322411e-17  -1.1259053e-17   3.1473846e-15  -1.4348356e-14  -9.6109966e-15  -2.7829218e-15  -1.8491938e-15  -2.5724865e-14   1.3701665e-16  -1.0585989e-15  -4.1951553e-15  -1.8621845e-14  -7.7531270e-15  -4.6887800e-16   2.2798547e-14  -1.4711618e-15   3.1778365e-15  -8.4385706e-15  -1.0173377e-15  -3.4806935e-16  -1.9042863e-14  -6.6491339e-17
   9.2864282e-16   1.2911536e-15  -1.4950385e-15   2.4433978e-15  -1.1936012e-14  -2.8075175e-14   6.2963940e-15  -4.2058938e-17  -2.9241116e-16   1.0570044e-17  -4.9696745e-15   1.1119517e-14  -1.1006905e-14   2.6713250e-15  -4.5664310e-16  -2.3911300e-15  -2.5758833e-14  -3.5010218e-15   2.9846656e-15   8.8428832e-14   1.9925040e-14  -4.3419730e-14  -1.4587472e-14   1.8639654e-14  -2.1967672e-14   5.2633745e-15   3.5658274e-15   5.6569245e-16  -2.8694944e-14  -4.0919860e-17
  -5.3069944e-16   1.0924309e-15   2.0006005e-15  -1.0584297e-14  -5.8931858e-15  -3.4412722e-16   6.6065686e-16  -6.7322576e-16  -2.7023866e-17  -1.2243223e-17  -1.4653927e-14  -1.7714047e-14   4.0412597e-15   3.7457792e-16   1.0709160e-15  -1.3032803e-14   1.3784354e-14   5.9863616e-16  -1.6382782e-15   1.4004315e-14  -1.0299682e-14  -1.2756792e-15   1.5711800e-16  -4.3562657e-15   1.7892118e-14  -5.0644631e-15  -2.0430957e-15  -1.0923635e-16  -9.6381565e-15  -3.6382729e-17
