   3.3642908e-08  -1.4593003e-07   4.2056006e-08  -5.0381858e-08  -3.2385597e-09   3.5947347e-08   3.2680855e-09  -2.6591743e-08  -7.5508225e-09   3.5587993e-08  -1.3382419e-10   4.9559191e-08   1.2313310e-08  -6.5065064e-08   6.8018174e-09  -3.1828058e-09   2.3619157e-07  -5.9433280e-08  -3.2823479e-08  -2.8558382e-09  -1.3818822e-07   5.6444418e-08   1.5356333e-08  -2.9903182e-08  -4.9731166e-08   6.1678942e-10   2.7192644e-07   1.2366953e-08   1.1273645e-08   2.9290880e-08
   4.6549243e-09  -2.3306728e-09   6.8575400e-10   3.1283892e-08   2.8294638e-09  -2.3512007e-09  -9.0701544e-10   5.8061495e-09   1.0148412e-08   2.4311828e-08   1.1372188e-09  -1.0683509e-09   1.9583285e-09  -7.0338051e-10   1.0361194e-09   1.3693961e-09  -2.9181627e-09   3.6748007e-09   3.0144011e-08   3.5781915e-09   1.7331333e-08  -9.6891120e-11  -5.9146628e-09   1.2393116e-08  -2.1355145e-08  -3.6944960e-08  -3.6280519e-09  -7.5749460e-09   9.7046325e-10  -1.3262506e-08
  -9.0531401e-09   1.4597967e-08   3.1708492e-08   1.2184635e-08   2.5142454e-10   4.0825364e-09  -2.2819518e-08  -2.6831416e-09   3.7737157e-08   3.8314661e-08   6.3199068e-09   7.8529336e-08  -1.2586594e-08   3.5976211e-08  -8.0595549e-10   5.2056621e-08  -1.6794368e-07  -1.4278286e-08   1.0093622e-07  -2.3603564e-08   3.9343686e-08   9.3747982e-08   4.7417071e-09  -1.1701940e-07   9.2004792e-08  -3.9272352e-07   2.7132547e-08  -3.3292905e-08  -6.4585121e-10  -1.1340366e-07
   1.2694528e-08  -1.5532370e-09   5.3462982e-08  -1.9480623e-10   3.6133150e-09  -3.5094720e-09  -3.6468734e-10  -1.0213764e-08   8.1904765e-09   3.3805916e-09   7.9729627e-10  -8.1597252e-10   1.2198664e-08   4.6322794e-08   3.0833051e-09   1.1016544e-08  -2.5377499e-08   4.5592058e-08   1.1726547e-08   2.7280412e-09   2.9464336e-08  -7.1261224e-10   6.9350151e-09   8.1260623e-09  -1.6114216e-08  -1.4150174e-08   8.7399840e-10  -2.4279241e-08   3.0998001e-10   6.9567791e-10
  -5.0408213e-08  -6.4893992e-09   2.6863855e-08  -5.4018892e-09   3.6758646e-08   1.1079764e-08  -2.2144587e-08  -2.8114936e-08   2.1121708e-08   2.4290622e-08   6.7852358e-09  -8.6261887e-08   1.4143628e-07  -1.9907393e-08  -3.7077258e-09  -1.9684608e-08  -9.6964667e-08  -4.9245807e-08  -1.6745494e-08  -2.6323413e-08   5.6401345e-08  -5.9737028e-09  -4.2084072e-09   4.3720784e-08  -1.0131968e-07   1.0807941e-09   1.5484936e-09  -1.9498243e-08   2.9619402e-09   2.2294444e-08
   4.4306936e-09  -2.3330398e-09   1.4709277e-08   1.0397257e-08   3.6230331e-09   2.0372430e-07  -8.7256116e-09   1.2961554e-08   8.1484527e-10  -7.9301522e-08   6.8793324e-10  -1.3005996e-07  -1.3863742e-08  -4.4556240e-09   5.7806591e-09   3.5613583e-08   4.9219867e-08   2.5860308e-07   3.6797692e-08  -6.3386553e-09   7.8852260e-09   3.8957905e-09   2.9784918e-08   1.2081009e-08  -2.5124019e-09   6.9342222e-10  -8.0077002e-09  -1.2079293e-07   1.0377423e-07  -4.1073973e-09
   1.6270145e-08   6.1860113e-10   1.5257908e-09   1.2404077e-08   1.0746023e-09   8.3319368e-10   5.2206338e-09   4.5802368e-09  -1.4880007e-08   5.1534612e-08  -8.2255157e-10  -1.5381541e-08  -1.0093084e-08  -1.5425017e-09  -2.8662476e-09  -2.2929235e-09  -2.1335399e-08   6.0761260e-08   1.9282647e-09  -4.2117230e-09  -1.9441888e-08   1.2594822e-09   3.3868312e-09  -6.7178648e-09   4.8341955e-09   2.2418708e-11  -4.7339627e-10  -3.8054517e-09   1.7488418e-09   5.9696323e-09
  -1.7212865e-08   7.9426527e-10   3.5521837e-09  -4.5757823e-10   6.9017105e-09  -1.9517967e-08   5.0968304e-09  -2.7723864e-09   5.0351620e-09   1.0310536e-08  -2.3712109e-10  -5.2959325e-09  -9.3045478e-10   6.5209266e-11   2.1825842e-10   7.2086834e-09   7.5477671e-09   2.2135937e-08   4.8104770e-09   1.3079995e-08  -7.8132117e-09  -3.8885451e-09  -1.7788530e-09   1.4671893e-08   5.8937170e-09  -5.3965276e-10   4.8564762e-09  -8.8491976e-09  -1.4261972e-08  -2.8222803e-09
   1.6863002e-08   5.7780647e-08   5.7219444e-08   2.7846862e-09   9.3957295e-09   2.5509144e-08  -2.4992947e-08   2.1091464e-08   3.9695218e-09   7.7013969e-09   2.1314055e-10  -1.6776846e-08   4.7729898e-10   2.4755185e-09  -5.2591497e-10  -5.2372900e-08  -7.1915088e-09  -2.8821559e-08  -6.7413509e-09   1.8226687e-08   3.2086326e-08   4.7000088e-09   3.0801402e-10  -3.2176954e-08   4.3827727e-09   8.6254860e-11   6.4779495e-09  -8.3339704e-09   1.7202458e-09   2.9550190e-08
   1.4838732e-08   1.6289545e-09  -1.0844627e-07  -2.2812752e-09   1.0504753e-08   1.2356520e-08   4.3551717e-09  -1.9351192e-10  -2.7495925e-08  -6.6709123e-08   2.1560972e-09   4.6387070e-08   1.2137738e-08  -3.9606949e-09  -1.3861475e-08  -9.3136909e-08   6.0353271e-08   3.8558478e-08   2.2863497e-08  -1.4987667e-08  -1.9821771e-07   1.0341935e-08   1.3482770e-08  -3.6616034e-08  -3.4242435e-08   1.3306235e-10  -4.6382986e-09   3.7653970e-08  -6.8107920e-09  -2.6015510e-09
  -4.3179689e-08   3.2366304e-09  -1.5364147e-08   2.6593958e-08  -1.7383678e-08  -3.6044060e-08  -6.0667652e-08  -1.3169541e-07   2.8757864e-08  -2.5705330e-08   2.9933482e-08   2.3426894e-08  -1.3450564e-08  -7.8944872e-10  -1.3675367e-09  -4.6933208e-09   1.0733925e-09  -1.4590099e-08   3.5801354e-08   8.8393362e-09   3.8590245e-08   2.9144468e-08  -4.2869820e-08   5.3990138e-08   9.9668039e-09   7.9191633e-11   9.4674573e-09  -3.2251062e-08   6.0605129e-09  -2.3386780e-09
  -1.2485874e-10  -8.1972935e-11  -6.6565876e-10  -5.9034400e-09  -1.7238409e-10  -2.4223122e-09   1.3429978e-10   9.0699610e-10   1.8225768e-11  -3.5004747e-10   7.1466090e-11   4.4382819e-10   2.0352087e-10   1.2463790e-09  -1.1875338e-10   2.3585351e-10  -1.4746640e-09  -2.1997686e-10   1.6993322e-09  -1.8417075e-10   1.5262975e-10   3.4538503e-10   2.2422839e-10   3.2398719e-10   1.6218767e-10   2.0189186e-11  -7.2332037e-11   3.1004120e-11  -5.9880523e-10   1.2712043e-10
   4.7661501e-10  -8.4888080e-10  -4.2785723e-09   1.8987235e-09   2.7643284e-09   5.7179667e-09  -1.8012150e-09   9.7621723e-09   2.5555606e-09  -1.3447691e-08   1.2178806e-08  -8.3918318e-10  -2.2099994e-08   1.4046422e-09  -2.0090219e-09   7.8846345e-10  -9.5254387e-09  -1.3470512e-09  -2.2074208e-09   1.5059127e-09  -3.0379161e-09   4.2178972e-10  -3.3867245e-10   7.5131697e-09   1.9987897e-09   2.5498788e-10  -5.8926175e-11  -5.2013019e-09  -2.4929244e-09   3.3538663e-09
  -1.3514874e-11   8.7952077e-12   8.0322447e-11  -1.1457001e-11  -1.8524045e-11   5.6106794e-11  -2.0389091e-11   4.7097875e-11   3.1647469e-11   3.1521401e-11   8.3131033e-12  -1.0628384e-11  -1.7879696e-11  -1.3629470e-11  -1.0870177e-11  -5.3078366e-11   7.4427202e-11  -5.7164975e-11  -4.8572219e-11   1.3043955e-11  -9.5977883e-11  -7.4245698e-12  -9.4598915e-12  -2.9189623e-11  -1.2366231e-11  -5.1987322e-12   1.4902818e-12   2.2705420e-12   1.1886397e-12   5.2031825e-12
  -4.5238682e-09  -9.1731993e-10  -1.6576764e-08  -8.4405245e-10  -4.1245283e-09   1.9693539e-08   2.7947952e-09  -2.1614945e-09   2.4437863e-09   5.2032675e-09  -1.1196776e-10  -2.4531087e-11   1.4946927e-09   5.0612354e-10   3.8131263e-09   1.1345696e-09  -1.8462130e-09   3.6498997e-09   1.1984948e-08   1.2342491e-09   1.4915451e-11  -1.4430903e-09  -1.4517947e-10   1.8031455e-08   5.2487341e-09   6.9779581e-11  -2.1065002e-09  -2.7293623e-09  -6.2631885e-08   1.4333932e-09
  -9.5860199e-11  -5.8774399e-14  -1.9725259e-11   4.3736343e-11  -1.0863653e-11  -2.9946627e-10   4.8639540e-11  -6.6766287e-10   1.4385474e-10   6.0339174e-10  -8.7184749e-10  -1.6603775e-10  -7.0935835e-11   1.4711309e-12   5.4266266e-11  -7.9707879e-10  -2.9585929e-10   7.4561203e-10   2.2976390e-10  -1.6240828e-11  -3.3131041e-11  -2.8943833e-11  -1.1990728e-09  -1.9002850e-09   1.4662698e-10  -1.7171417e-11  -6.7865165e-11   3.8532961e-10   2.6476336e-11  -7.9951345e-11
  -5.3535806e-10  -4.3235366e-11   2.9847235e-10  -1.2681983e-09  -5.2086859e-09   1.0174602e-07   9.3932426e-10   1.7857787e-09  -9.9260142e-09   6.9920376e-09   9.2004791e-09  -2.9131136e-09  -3.1897958e-08   4.7640443e-09  -8.3156329e-10   1.7169124e-09   5.0083917e-09   5.1990419e-09  -8.8975317e-08  -3.2372077e-09  -9.6530148e-09   1.3327425e-08   6.2600733e-09   1.7547865e-08  -4.7966608e-09   8.6697210e-09   1.0568879e-09  -1.2130996e-08   3.7951168e-10  -8.1726445e-09
   1.7618438e-08   7.1341980e-09   9.2126825e-08  -2.9668690e-08   1.0963835e-07   1.1018534e-08  -3.2391556e-09  -5.4553034e-08   4.0570268e-08  -4.8828369e-08  -4.2849448e-09  -2.2597688e-08  -3.1255223e-08   4.6096700e-09  -1.1715380e-08  -1.3166199e-08   9.2759115e-08   1.2338209e-07   2.2267717e-08  -1.9532289e-08   8.3154428e-08  -9.2588719e-10   8.0147718e-09  -4.4683364e-08  -3.8686627e-09   6.7810948e-10  -7.8249037e-09   8.1770485e-08  -5.3589379e-09   6.4819817e-09
   7.4288684e-10   1.4413970e-10  -3.3865172e-09   1.2716671e-09  -1.5674861e-09  -1.7350814e-09   7.6538287e-10  -3.3030818e-10  -8.5327629e-10  -1.1627515e-09   1.2548638e-10  -1.1039607e-09  -2.5568588e-09  -6.4869642e-09  -5.7611126e-11  -4.5370445e-10   5.3551087e-09  -3.5812706e-09   5.9535696e-10  -6.8199557e-10  -2.0216520e-10  -4.0993833e-09   8.8141219e-10  -1.3194267e-09   9.6364785e-10   7.0911156e-09  -1.0736152e-10   5.5787368e-10  -1.3534587e-08  -6.9933927e-09
  -2.2616293e-10  -4.1133372e-10  -4.3486967e-12   9.2614455e-11  -8.2781134e-11   6.9485428e-11   3.5625635e-10   9.1709341e-11  -2.3193100e-10  -1.9792428e-10   1.1839270e-11  -6.6711201e-11  -1.2127920e-10  -6.4609691e-12  -1.0136373e-11   3.6469209e-11   4.5966237e-10  -2.1669510e-11  -1.6070669e-11   5.1051896e-12  -3.0718841e-11  -3.2713465e-11  -7.0573938e-11   8.5471638e-11  -2.5307308e-11  -1.3940459e-11   4.0495362e-11  -1.3702680e-10   4.6130372e-13  -8.7715198e-12
