  7.4583407e-155  7.4583407e-155  7.4583407e-155 -7.4583407e-155 -7.4583407e-155  7.4583407e-155  7.4583407e-155 -7.4583407e-155  7.4583407e-155 -7.4583407e-155  7.4583407e-155  7.4583407e-155 -7.4583407e-155  7.4583407e-155 -7.4583407e-155 -7.4583407e-155  7.4583407e-155 -7.4583407e-155  7.4583407e-155 -7.4583407e-155 -7.4583407e-155 -7.4583407e-155  7.4583407e-155 -7.4583407e-155  7.4583407e-155  7.4583407e-155  7.4583407e-155  7.4583407e-155 -7.4583407e-155 -7.4583407e-155
 -6.2420529e-160  1.4803030e-160 -8.0382961e-161 -5.9435321e-160  1.7377988e-160 -7.6145883e-160 -1.0423683e-160  7.9079109e-160 -8.4330095e-161  1.5223120e-159 -2.5223389e-160 -1.0364084e-160 -9.6943701e-160  1.2048824e-161  1.4361852e-160  1.0112109e-160  1.6759661e-159 -7.2807377e-161  2.9436603e-160 -5.9663305e-161 -5.5651548e-160 -5.4424275e-161  3.9101399e-160  7.7827423e-161 -2.9264787e-161  9.5527049e-160  1.4169946e-160 -3.3703746e-160 -4.7486788e-160  7.9318017e-160
 -4.9681652e-161 -9.7064808e-161 -2.4590137e-160  1.6585370e-160  3.8632661e-161 -1.3485528e-160 -1.7593249e-160  2.0589103e-160 -3.3544530e-160  1.0061449e-160 -5.5878165e-161 -5.1285534e-162  5.3773649e-160 -1.7375835e-161  8.7691565e-161  2.1136702e-160  2.8927457e-160  1.8884104e-162  2.0791353e-160  7.7053384e-161  3.2668211e-160  5.2589460e-160  6.6804341e-161  3.5869466e-160  1.0710330e-160  2.6950456e-160  1.0852176e-160 -1.0074130e-161 -4.2888605e-161  4.3004790e-161
 -2.2915152e-160 -1.4283045e-160 -1.9128836e-160 -1.8250918e-160  2.2305776e-161 -2.2249947e-160  3.3600840e-160 -4.7813235e-160  4.5003691e-161  6.6685544e-160  1.7909485e-160  3.7360655e-160  1.5536509e-160 -3.4736298e-161 -2.9018696e-160 -1.0381810e-160  7.6774665e-161  1.6723534e-161 -6.6010754e-161 -2.4093664e-161  3.3640277e-161  6.3710370e-161 -2.1326218e-161 -4.5168266e-161  2.9440907e-161 -6.5077701e-161  2.2670464e-160  6.4062985e-161 -2.3341147e-160 -3.8539011e-160
  4.3797182e-161  1.0755224e-160 -2.8673017e-160 -1.3169517e-160 -1.3956457e-161 -6.5398595e-161  1.3255317e-160 -2.1971686e-160  1.0621125e-160 -8.3807737e-161  1.4181812e-160 -7.4476207e-161 -1.7588357e-160  1.9119832e-162  1.3674294e-160  2.0371550e-160 -1.6618886e-161 -4.0883241e-162 -6.8065856e-161 -3.0120580e-161 -8.1065092e-161  2.0136095e-160  9.1544285e-162 -3.0845479e-160 -1.1270561e-161 -1.0255615e-160 -1.3880007e-161 -8.6361108e-162 -1.8610745e-161  9.9378767e-161
  1.6863084e-160 -1.2977793e-160  7.0408466e-161 -5.3228513e-161 -1.6228365e-160 -9.9789453e-161  7.1327698e-161 -6.3922063e-161  1.6438628e-161 -5.3727777e-161  6.5203279e-161  8.6011576e-162  7.0000390e-161  3.0716931e-162 -3.1873550e-161  5.3758337e-161 -2.1745368e-160 -3.1963930e-161 -6.9838372e-161 -5.3929651e-161 -8.5947531e-161  3.8182233e-161 -1.5349050e-161  6.0469253e-161  8.9927872e-162 -1.9141952e-160  6.5876081e-161  5.2553686e-161  5.8838276e-161  2.9827224e-161
  1.1039126e-160  9.2925567e-161  7.3397433e-161 -8.3838452e-161  9.5380580e-161  2.4156126e-161  1.8674353e-160 -4.1014285e-162  1.1332900e-160  7.7478479e-161  4.6206632e-161  3.5584202e-161 -1.5265003e-160  6.1677215e-162 -7.5525920e-161  2.2531989e-161  4.7846543e-161  5.1617170e-162 -8.1146134e-161  1.4459856e-161  2.0794694e-161 -2.3795328e-162 -5.9621150e-161  1.3503081e-160 -8.4632353e-161 -5.4901335e-161 -3.6910920e-161 -2.2510297e-161  4.9777707e-161 -1.7159215e-161
 -1.2960417e-161 -3.4185266e-161  5.0572878e-163  7.0909707e-161  1.1169886e-161  1.2612292e-161 -1.0344768e-160  8.7155050e-162 -1.5565445e-160 -2.3894053e-161 -3.3384328e-162  2.3722664e-161 -7.0935135e-161 -1.0760311e-162 -3.5543456e-161 -7.2404828e-161 -8.6685095e-162 -1.8599786e-162  5.1522968e-162 -1.6132167e-161  1.2972636e-161 -6.0916706e-162  4.4519852e-162  2.4274788e-161  1.8843541e-161  3.8211041e-162  2.4127310e-161  3.2680933e-162 -8.0126000e-161 -1.5294180e-161
  3.2130099e-161 -4.4625836e-162 -4.8122997e-161 -4.6901373e-162 -2.6431224e-162  5.3289518e-161 -2.6421867e-161  2.1824616e-161 -4.0335736e-162  3.9901492e-161  3.7981208e-161 -1.0945320e-161  3.5324901e-161  3.6038344e-162  3.8294187e-161 -1.2186524e-161  8.8307049e-162  8.4127237e-162  2.5504173e-161 -1.0345086e-161 -1.3401188e-162 -4.4089892e-161  3.6511400e-161  2.4835442e-161 -3.7011715e-162 -1.8346424e-161  5.6258588e-163  3.6118425e-161 -5.5667911e-161  1.9705373e-161
 -3.5790823e-161  2.3672042e-161  6.0042355e-162 -1.7881957e-161 -7.1583909e-162  2.1362836e-161 -2.6305623e-161 -2.7695336e-162 -2.9995802e-162  1.4457488e-161  1.0925278e-161  1.6605952e-161 -9.5014814e-162 -1.7640946e-162 -2.7389497e-161  3.8541177e-161 -2.7517571e-162 -7.2966092e-163  9.0255458e-162 -1.0653801e-161 -8.6964281e-163 -1.9049264e-161  3.9348049e-161  1.8345477e-161  1.3009787e-161 -2.0383151e-161 -9.7586980e-162  5.9014179e-163 -2.4219325e-161  5.7141144e-161
  2.4494815e-161 -2.7684054e-161 -1.9744353e-161  3.7403257e-162 -7.0004291e-162 -6.6538818e-162  7.9712912e-162  1.0213058e-161  6.6183999e-162 -1.0222330e-161  6.0322410e-162  2.9502376e-162 -3.8303980e-162 -1.2810287e-161 -1.8450625e-161  5.5692251e-162 -2.8026953e-162  1.3169625e-162 -8.9114547e-162  3.3751412e-161 -5.2128445e-163  1.8388854e-162 -7.5361025e-162 -1.3924596e-161  2.5098021e-162 -1.4964456e-161 -2.1338166e-162  1.1645486e-161  4.0731297e-161  2.0521788e-162
  1.1847436e-161 -2.5266007e-161 -1.2125086e-163  2.9709438e-162 -6.1696160e-162 -6.9363549e-162 -9.8149776e-162  1.2707894e-161  4.1724390e-162 -2.5896187e-161  6.3459535e-162 -2.6899813e-162  5.1110249e-162 -5.9311585e-163  5.5497013e-162  3.5907144e-161 -1.1218494e-161  3.4964949e-163  1.1191908e-161 -1.3121485e-161 -1.1902441e-161 -1.0910149e-161 -7.9025580e-164 -2.9127431e-162  3.2745874e-162 -7.2830481e-162 -1.7548555e-162  7.7208436e-162 -1.1269229e-162  8.6165877e-163
  1.1378110e-161  1.2467565e-161 -3.0202317e-162  1.6292713e-161 -1.7837106e-162 -2.2747228e-165  1.5591343e-162  2.2303083e-162  3.1502050e-162  4.5289760e-163 -1.8422419e-161 -9.1152646e-163 -3.9208957e-162  4.3286131e-164 -1.1109677e-161  4.7376516e-162  3.5715648e-162  3.0929029e-162  3.7429240e-162 -2.1381880e-162 -3.4869267e-161 -5.6422648e-162 -4.5757126e-162 -1.2543531e-162 -1.7769151e-162  3.5772620e-162 -3.2110427e-162  1.2983402e-161  4.8086217e-162  5.2179275e-162
  1.2827592e-162  9.2450672e-164 -5.7351738e-162  5.1334064e-162  1.4454966e-162 -8.4853428e-162  2.6568602e-162 -5.4650073e-163 -2.2624635e-162  9.0813470e-164  2.6870931e-163 -2.4873723e-162 -6.2172570e-162 -5.3439849e-162 -9.9822812e-162 -8.2325050e-163 -9.5560806e-162 -3.5387101e-163  3.9030116e-162 -3.6028909e-162  1.8680143e-162 -5.2397613e-163 -7.5314544e-162  3.7559099e-162  7.4627173e-163  1.4216462e-161 -3.3141827e-162  2.9781046e-162  4.9444635e-163 -2.0701622e-162
 -3.9550621e-162 -1.1105232e-162 -2.7965846e-162  3.8278463e-162  6.7991997e-162 -7.7194208e-162  2.6934427e-163  8.5523251e-163 -9.1859596e-163 -4.1891160e-162 -2.5153421e-162 -1.5230121e-162  3.0208518e-162  3.8268731e-163 -6.1221145e-162 -7.8422121e-162 -6.2593391e-163 -6.7425635e-163  7.6555509e-163  6.9336739e-162  1.3764901e-162 -2.6432251e-162  1.2100476e-162  6.3381272e-162  2.2768867e-162 -4.5433604e-162 -1.4536478e-162 -2.8550563e-163 -4.1513665e-162  1.4436933e-162
  2.5853750e-162 -3.5368008e-162 -6.2368591e-163  1.7132026e-162  5.6408057e-163 -7.4978525e-163 -2.7426178e-162 -4.5087475e-162  1.2039131e-162  3.4904739e-163 -2.5881036e-162  1.7877798e-163  1.1592193e-162 -3.0789436e-163 -2.3053251e-162  4.4650015e-162  3.3103347e-162 -1.5113290e-162 -6.0410462e-162 -1.2542564e-162 -4.7529273e-163  2.8953578e-162 -5.7942999e-162  1.0202440e-162  1.4429662e-163 -4.9485758e-162 -6.6108222e-164  1.0909795e-162 -1.0161822e-162 -1.7254855e-162
  2.9580291e-162  5.4492442e-163  2.5775890e-162  1.4900536e-162  1.6137759e-162  2.1756240e-162  4.6180163e-162  2.3778199e-162 -1.1302850e-162  6.0926980e-163  1.4192640e-162  7.6989666e-163  1.5966268e-163 -1.3455503e-163 -2.4404711e-162  1.3374049e-162  2.0005390e-164  1.1269816e-163 -2.9861892e-163  6.8923714e-163  3.4973949e-163  1.6764490e-162 -2.1974344e-162 -9.1899773e-163  1.8584968e-163  6.6293331e-163  2.3455051e-163 -2.2597224e-163 -2.8260857e-162 -2.4237976e-162
  1.2109179e-162 -1.5665277e-162 -1.7418324e-162 -8.6995611e-163  1.9820665e-163 -2.2507001e-163  1.0103924e-162  5.4052749e-163  3.8180281e-163  1.2187414e-162 -3.4873416e-163  4.2930408e-163  3.6427856e-162  3.7563145e-164  7.2544876e-163 -2.8222895e-163  1.4165832e-164 -1.1647212e-163 -1.3221575e-162  4.9170846e-163  4.6381335e-163  9.3756781e-163  5.9912035e-163 -3.3625454e-162 -1.7940306e-164  1.8754508e-162  5.3859221e-163 -4.3020939e-163 -1.0126793e-162 -6.0815710e-163
  2.7861590e-163  1.2034303e-162  3.8533454e-163 -4.0340297e-163  6.3339377e-163 -8.2802325e-165  9.5056842e-163 -3.8253810e-163  8.9860228e-163 -1.8181050e-163  1.4767132e-162 -1.7737159e-162  9.2422775e-163  6.9416130e-163  3.4657999e-163 -7.2115965e-163  7.0636978e-163 -2.5332840e-163 -1.1178632e-162 -1.4576560e-162 -2.6169532e-163 -4.8788698e-164  2.0442852e-164  2.3969576e-164  2.3598676e-163 -6.1147979e-163  2.5325858e-163 -7.5796768e-163  4.9153063e-163 -6.2503835e-163
 -2.4850263e-163  3.8194810e-163  8.1746589e-163 -1.7072522e-165 -5.8693436e-163  3.2352780e-163 -2.8364926e-163 -1.9069953e-163  2.1897606e-163  1.5150302e-163  1.2579836e-163 -2.4069665e-165 -6.2803732e-163  2.6818918e-164  7.2953481e-163  5.0679927e-164  6.5657233e-163  1.1922615e-163 -1.1924508e-162  5.0358368e-163 -1.8499397e-163 -1.0511332e-162 -2.4502393e-164 -4.5568681e-163  1.6766625e-163  4.5490931e-163 -9.5300576e-164 -5.3830404e-163  3.6518893e-163  2.0333186e-163
