  -2.5472539e-08   3.7824418e-09   3.8645956e-08   6.0196235e-10   9.4626573e-10   3.3672287e-08   2.8750264e-08   4.3083262e-09   6.5511679e-08  -6.7942173e-09  -5.1140922e-09  -3.4421642e-08  -1.4974312e-08   1.7619178e-10  -2.4904828e-08  -6.8596173e-11  -1.3249567e-08   1.9946929e-09   6.2661508e-08   8.9667154e-09   5.0841333e-10   3.5644777e-08   7.3108664e-09   2.6650977e-08   4.2531360e-09  -9.9110809e-10   8.2620001e-09  -1.3037388e-08   7.8394567e-10  -1.8804933e-10
  -2.0565004e-11  -1.7533158e-10  -4.3600701e-11  -1.7176092e-10  -2.4478048e-11  -2.1076231e-10   1.4029609e-10   2.8701885e-11  -1.1957251e-11  -1.1618161e-11  -1.6790221e-11  -3.3612006e-11  -1.9949923e-11  -3.5371883e-14   1.5335159e-10   1.4714099e-11  -1.9310912e-10   1.8875458e-10  -1.0187190e-10   1.6880334e-11   1.3262255e-11   1.6525507e-10   2.9237578e-11   9.5932196e-11  -2.0388168e-11  -3.3266503e-12   4.1319598e-12  -1.1681927e-10   5.8041132e-11   6.1201216e-11
   1.4864547e-08   3.1923619e-08   6.5791047e-08   1.7839121e-08  -2.6651818e-09   8.5396171e-08   3.2531040e-08  -2.1028283e-08  -4.2279011e-08  -1.7627802e-08   3.4917572e-09   1.3977121e-08   2.3670606e-10  -5.1044918e-11  -4.7438238e-08   1.9598521e-09   1.9980740e-08   3.5936278e-08  -3.5975027e-08  -2.0859755e-10   6.1923254e-09   2.8353685e-08   9.7257969e-10  -3.2623882e-08   1.4171902e-09   2.6348692e-09   4.9891656e-09  -9.0026107e-09   5.0679903e-09  -5.4566001e-10
   2.9746184e-09  -1.5108039e-09  -3.6005489e-09  -3.2325588e-09  -1.0866065e-10   6.2869365e-09   4.7840484e-09  -6.7284627e-11  -2.9987349e-09  -2.0237980e-09   2.1795020e-10   3.4869979e-10  -9.1571020e-11  -2.8222509e-12  -1.6471075e-09  -1.9133685e-10  -2.1246822e-09  -7.5008248e-10  -6.4412389e-09   4.0483448e-11  -6.5966433e-10   8.7202190e-09  -6.1672896e-11  -2.9353038e-09   5.5661774e-10  -3.2900641e-10  -8.8685242e-11  -5.3683575e-09  -9.9061047e-10   1.2913140e-09
  -2.2014911e-08   4.7799030e-08   4.6674671e-08   9.5732450e-08  -1.2345521e-08  -3.9642143e-08  -3.6740033e-09  -3.5946887e-08   5.7990080e-09  -2.0010894e-08  -8.5856007e-09  -2.9704083e-08   5.8434163e-09  -3.2989655e-10   8.4247444e-08  -2.5846769e-09   1.8862846e-08  -3.4665942e-08   6.9274571e-08  -5.2750424e-09  -1.1530052e-08  -1.6491450e-08   3.6390847e-08  -9.8268330e-08   2.7994412e-08   2.6514846e-08   1.7252677e-08   1.1509589e-07   3.7399721e-08   2.1089852e-09
   7.3047115e-07   3.6022530e-07   6.6711626e-07   1.2145372e-06   5.1818666e-08   5.4408505e-07  -3.1586548e-06   1.7241724e-09   1.9438363e-07   1.2057484e-06  -1.5077800e-07   7.2757949e-07   2.0275214e-07   1.2284092e-09  -2.6869723e-07  -2.4777554e-07   4.2006947e-08  -3.9558977e-06  -7.8217514e-08   4.9495785e-08   1.8288874e-07  -2.5919678e-06  -5.2947028e-07  -3.4881219e-07   1.4230131e-07  -2.0696774e-08  -1.2989016e-07  -1.5238904e-07  -7.5185610e-07   1.4466148e-07
  -3.2518140e-09  -2.6980424e-09   5.3475755e-10  -3.3889731e-09  -9.7455385e-11   7.4693993e-10   3.0190711e-09   1.5879834e-10  -9.3669072e-09   1.6973666e-09   1.9962307e-10  -1.3111798e-10   1.1395995e-09  -1.8100766e-11  -1.6043997e-09  -8.0491295e-10  -5.8048615e-09   1.6467163e-09  -7.2935109e-09  -3.9938827e-10   7.8971267e-11  -6.9769231e-09   1.3811531e-09   1.0798401e-09  -6.9520547e-10   3.2323773e-10  -4.0062989e-10   2.8833435e-09  -1.8921305e-10  -6.0857928e-10
  -7.6523954e-08  -6.1632835e-08   2.0388733e-07  -2.1343246e-07   3.0475754e-08   2.3769820e-08  -1.4367049e-08   5.9703766e-10   1.1989898e-08  -6.0943908e-09  -2.6978120e-08  -2.4192893e-08   3.3506617e-08  -1.5674040e-10   6.5238881e-09   1.1317298e-09   3.0992264e-08  -1.3974007e-07  -1.3042034e-07  -9.4732693e-09   8.5841372e-09  -3.2998575e-08  -5.7104143e-08  -4.9160709e-09  -1.2157930e-08   4.2174991e-09  -9.9554488e-10  -1.7942502e-07  -1.8692949e-07  -3.9128145e-09
  -2.9746184e-09   1.5108041e-09   3.6005489e-09   3.2325588e-09   1.0866065e-10  -6.2869364e-09  -4.7840484e-09   6.7284629e-11   2.9987353e-09   2.0237980e-09  -2.1795020e-10  -3.4869977e-10   9.1571010e-11   2.8222511e-12   1.6471074e-09   1.9133685e-10   2.1246823e-09   7.5008235e-10   6.4412390e-09  -4.0483439e-11   6.5966432e-10  -8.7202191e-09   6.1672891e-11   2.9353038e-09  -5.5661775e-10   3.2900640e-10   8.8685226e-11   5.3683576e-09   9.9061047e-10  -1.2913140e-09
  -2.8016696e-07  -2.5223950e-07   7.2234361e-08   6.9294044e-07  -1.8734829e-08   1.7217053e-07  -1.1886868e-06   5.7419290e-09   4.1279489e-07   4.9568589e-07  -5.9881753e-08   8.7699999e-08   1.1952107e-07  -2.2940854e-09   1.5843286e-07  -4.2564343e-08   1.8094276e-07  -2.4688860e-06  -9.4018442e-08   4.2720570e-08   5.0287822e-08  -1.1852883e-06  -1.6361130e-08   3.0934663e-07   2.8198832e-08   3.2624706e-08  -4.6428635e-08  -5.1833927e-07  -1.9392176e-07  -8.6019778e-08
