   3.9178857e+01   3.9178857e+01   3.9178857e+01   3.9178857e+01   3.9178857e+01   3.9178857e+01   3.9178857e+01   3.9178857e+01   3.9178857e+01   3.9178857e+01   3.9178857e+01   3.9178857e+01   3.9178857e+01   3.9178857e+01   3.9178857e+01   3.9178857e+01   3.9178857e+01   3.9178857e+01   3.9178857e+01   3.9178857e+01   3.9178857e+01   3.9178857e+01   3.9178857e+01   3.9178857e+01   3.9178857e+01   3.9178857e+01   3.9178857e+01   3.9178857e+01   3.9178857e+01   3.9178857e+01
   6.2762750e+01   6.2762750e+01   6.2762750e+01   6.2762750e+01   6.2762750e+01   6.2762750e+01   6.2762750e+01   6.2762750e+01   6.2762750e+01   6.2762750e+01   6.2762750e+01   6.2762750e+01   6.2762750e+01   6.2762750e+01   6.2762750e+01   6.2762750e+01   6.2762750e+01   6.2762750e+01   6.2762750e+01   6.2762750e+01   6.2762750e+01   6.2762750e+01   6.2762750e+01   6.2762750e+01   6.2762750e+01   6.2762750e+01   6.2762750e+01   6.2762750e+01   6.2762750e+01   6.2762750e+01
  -4.1183458e+01  -4.1183458e+01  -4.1183458e+01  -4.1183458e+01  -4.1183458e+01  -4.1183458e+01  -4.1183458e+01  -4.1183458e+01  -4.1183458e+01  -4.1183458e+01  -4.1183458e+01  -4.1183458e+01  -4.1183458e+01  -4.1183458e+01  -4.1183458e+01  -4.1183458e+01  -4.1183458e+01  -4.1183458e+01  -4.1183458e+01  -4.1183458e+01  -4.1183458e+01  -4.1183458e+01  -4.1183458e+01  -4.1183458e+01  -4.1183458e+01  -4.1183458e+01  -4.1183458e+01  -4.1183458e+01  -4.1183458e+01  -4.1183458e+01
  -5.9207162e+01  -5.9465746e+01  -5.9428623e+01  -5.8952503e+01  -5.9527551e+01  -5.8916567e+01  -5.9134528e+01  -5.8760700e+01  -5.9237037e+01  -5.8670108e+01  -6.0029723e+01  -5.8383802e+01  -6.0105380e+01  -5.8157947e+01  -5.8056887e+01  -5.8021522e+01  -6.0334968e+01  -5.9557260e+01  -6.0397493e+01  -6.0368317e+01  -5.8743465e+01  -5.9425711e+01  -6.0475727e+01  -6.0669092e+01  -6.0768561e+01  -5.7397463e+01  -5.7251305e+01  -5.7219428e+01  -6.1225533e+01  -5.6696837e+01
  -4.3989139e+01  -4.3989139e+01  -4.3989139e+01  -4.3989139e+01  -4.3989139e+01  -4.3989139e+01  -4.3989139e+01  -4.3989139e+01  -4.3989139e+01  -4.3989139e+01  -4.3989139e+01  -4.3989139e+01  -4.3989139e+01  -4.3989139e+01  -4.3989139e+01  -4.3989139e+01  -4.3989139e+01  -4.3989139e+01  -4.3989139e+01  -4.3989139e+01  -4.3989139e+01  -4.3989139e+01  -4.3989139e+01  -4.3989139e+01  -4.3989139e+01  -4.3989139e+01  -4.3989139e+01  -4.3989139e+01  -4.3989139e+01  -4.3989139e+01
  -2.3997773e+01  -2.3997772e+01  -2.3997773e+01  -2.3752646e+01  -2.3997773e+01  -2.3997773e+01  -2.3982686e+01  -2.3907150e+01  -2.3997773e+01  -2.3997773e+01  -2.3997751e+01  -2.3739828e+01  -2.3997773e+01  -2.4040237e+01  -2.3997773e+01  -2.3994948e+01  -2.3997773e+01  -2.3997773e+01  -2.3997772e+01  -2.4019704e+01  -2.3997773e+01  -2.3997888e+01  -2.3997773e+01  -2.3997773e+01  -2.3997773e+01  -2.3997773e+01  -2.3997773e+01  -2.3997773e+01  -2.3997773e+01  -2.3997773e+01
  -3.4066462e+01  -3.4066462e+01  -3.4066462e+01  -3.4066462e+01  -3.4066462e+01  -3.4066462e+01  -3.4066462e+01  -3.4066462e+01  -3.4066462e+01  -3.4066462e+01  -3.4066462e+01  -3.4066462e+01  -3.4066462e+01  -3.4066462e+01  -3.4066462e+01  -3.4066462e+01  -3.4066462e+01  -3.4066462e+01  -3.4066462e+01  -3.4066462e+01  -3.4066462e+01  -3.4066462e+01  -3.4066462e+01  -3.4066462e+01  -3.4066462e+01  -3.4066462e+01  -3.4066462e+01  -3.4066462e+01  -3.4066462e+01  -3.4066462e+01
   6.8398081e+01   6.8398081e+01   6.8398081e+01   6.8398081e+01   6.8398081e+01   6.8398081e+01   6.8398081e+01   6.8398081e+01   6.8398081e+01   6.8398081e+01   6.8398081e+01   6.8398081e+01   6.8398081e+01   6.8398081e+01   6.8398081e+01   6.8398081e+01   6.8398081e+01   6.8398081e+01   6.8398081e+01   6.8398081e+01   6.8398081e+01   6.8398081e+01   6.8398081e+01   6.8398081e+01   6.8398081e+01   6.8398081e+01   6.8398081e+01   6.8398081e+01   6.8398081e+01   6.8398081e+01
  -7.1846795e+01  -7.1584402e+01  -7.1622920e+01  -7.2092337e+01  -7.1519622e+01  -7.2126011e+01  -7.1918088e+01  -7.2269392e+01  -7.1817170e+01  -7.2350776e+01  -7.0960929e+01  -7.2598964e+01  -7.0871372e+01  -7.2785540e+01  -7.2866516e+01  -7.2894496e+01  -7.0590048e+01  -7.1488203e+01  -7.0510815e+01  -7.0547932e+01  -7.2284971e+01  -7.1625950e+01  -7.0410010e+01  -7.0152510e+01  -7.0015139e+01  -7.3359356e+01  -7.3460732e+01  -7.3482483e+01  -6.9335216e+01  -7.3821429e+01
   1.4826681e+01   1.4826681e+01   1.4826681e+01   1.4949091e+01   1.4826681e+01   1.4826681e+01   1.4834224e+01   1.4871859e+01   1.4826681e+01   1.4826681e+01   1.4826692e+01   1.4955483e+01   1.4826681e+01   1.4805444e+01   1.4826681e+01   1.4828082e+01   1.4826681e+01   1.4826681e+01   1.4826682e+01   1.4815742e+01   1.4826681e+01   1.4826624e+01   1.4826681e+01   1.4826681e+01   1.4826681e+01   1.4826681e+01   1.4826681e+01   1.4826681e+01   1.4826681e+01   1.4826681e+01
