  4.1364603e-157 -1.7032227e-156  1.6559679e-155  1.1041583e-155 -1.5719874e-155 -3.9107963e-156 -1.3388863e-156  1.7628135e-156 -3.1391503e-157  3.0353413e-155  1.9882272e-155 -3.0085710e-156 -2.8748560e-156 -2.2110286e-156  6.6398777e-156  2.9867567e-156 -1.1991159e-155 -1.1855653e-155  1.9332690e-155 -8.5866404e-156 -9.7760614e-156 -1.0613820e-155 -3.9306194e-156 -1.0559936e-156  2.3487060e-156  3.6215125e-156  9.9609030e-157 -8.1484781e-156  6.6619268e-157  1.2306002e-155
  6.6706798e-157 -2.1115996e-156 -4.9977581e-156  1.5549818e-156 -4.8743915e-156 -3.7061879e-156  1.4385682e-157  1.0870128e-156  2.5265902e-156  3.4559922e-156 -7.1365231e-156 -5.1932300e-157 -8.7379393e-157  1.4686107e-156  6.2930952e-156  9.6328413e-156  9.0750596e-156  5.6184910e-157  4.7295496e-157  4.3294395e-156 -4.6288389e-156  5.1116097e-156  2.8162139e-158 -5.1553644e-157  9.6429108e-156 -2.6801720e-156  3.3346412e-158 -5.6976656e-156 -3.8680564e-156  1.3112507e-155
  1.6132963e-155 -1.4979363e-155 -6.8105976e-156  1.6821893e-155  2.3805463e-156  1.6471177e-155  2.7891628e-155 -4.1517326e-155  5.6956710e-155 -1.4662480e-155 -1.6412723e-155  5.9493652e-156 -1.2947434e-155 -5.5075636e-155  1.9300262e-155  9.8312588e-156  4.5782562e-155 -1.1571060e-156  9.7780816e-156  2.6902893e-155  1.6260607e-155  6.3842761e-155 -2.5902383e-155 -6.3664687e-155  3.7118533e-155  1.0703214e-155  4.9105370e-156  1.1966847e-155  2.4433561e-155 -3.8458411e-155
  3.9371769e-155 -8.2065644e-157 -5.5372147e-155 -3.7739646e-155  4.2962245e-157 -1.2760256e-156 -1.4941118e-155  1.0063195e-155 -6.5154701e-156  6.9545341e-156 -1.7349829e-156 -6.1495694e-158  5.8665811e-156  2.9472008e-155 -4.6188256e-155  7.9996146e-156  1.2846421e-156 -2.3458038e-155  5.6410458e-155  3.3232853e-155  3.8617838e-156 -2.2382188e-155 -2.2875117e-155  1.2317419e-155 -1.7874971e-155 -2.4001435e-155  9.1030786e-156 -9.3575624e-156 -2.0689650e-155  3.4764145e-155
 -9.5650047e-157 -9.2881316e-157  2.6970991e-157 -2.8406498e-156 -3.3040065e-156 -4.5860692e-156 -2.2298355e-156  2.1248088e-156  2.3459962e-156 -4.9417060e-157  3.1345323e-156 -2.3910205e-156  1.5186398e-156 -4.2600038e-157 -5.7832550e-158 -1.0927474e-156 -2.1739622e-156 -4.7804160e-157 -1.3642997e-156  5.0342608e-157  8.3873394e-156  1.9266273e-156 -1.2983487e-156  1.3037746e-156  1.7011092e-157  1.8498941e-156 -1.6071351e-157  1.2116009e-157  1.1230833e-156 -3.0639491e-156
  2.0318700e-156  2.7512712e-156 -7.6080492e-157  6.5332843e-156  7.2121474e-156  9.6559260e-156  6.9339972e-156 -5.4986330e-156 -5.4101750e-156  6.0627508e-157 -7.6897497e-156  6.1905952e-156 -3.5154361e-156  1.1388853e-156  6.4113627e-157  2.4818119e-156  1.8955908e-156  1.1597045e-156  4.8047055e-156 -1.2157774e-156 -1.9604862e-155 -4.2794088e-156  3.4629590e-156 -3.3162439e-156 -4.0551286e-157 -4.9502912e-156  4.4187881e-157  8.8166125e-157 -2.4952031e-156  7.3689144e-156
 -6.9155177e-157  1.2953294e-156  1.2644784e-155  1.5167756e-156 -3.6374564e-156  2.1094304e-156 -4.5142557e-157 -5.1563958e-157 -2.7180319e-159  3.4260720e-156  1.6975757e-155  9.4618698e-157 -9.8481682e-158 -1.6575385e-156 -1.9833555e-156 -9.2855435e-156 -1.3912133e-155 -1.7407226e-156  1.0013684e-155 -1.4874889e-156 -5.8567178e-157 -9.1270690e-156 -1.0834210e-156  4.2152680e-157 -5.5098927e-156  2.8467201e-156 -1.0398209e-157  4.1688055e-156  4.6000015e-156 -7.7896249e-156
 -1.2854532e-158 -3.6530435e-157  7.9037618e-157  4.5968526e-156  4.1878950e-156  5.7114586e-156 -1.6424524e-156  7.6869042e-157 -1.0528710e-156  1.1717882e-156 -3.4770964e-156 -5.6147151e-158 -4.6994408e-157  3.1014849e-158 -3.2139048e-156  2.4260964e-156  2.4096884e-156  4.4686775e-157  1.8502433e-156 -1.4239515e-156 -5.8366689e-156 -1.8815789e-156  5.3878116e-157  4.5714369e-157 -7.0421850e-157 -1.1996634e-156  2.3632504e-158 -2.9804611e-156 -9.6242913e-157  3.5092758e-156
 -3.4466821e-156 -4.9980961e-156  2.2590157e-156 -7.5361606e-156 -7.7446204e-156 -1.1066616e-155 -1.2833115e-155  1.0636917e-155  8.1480497e-156 -1.1513183e-157  7.5387093e-156 -1.1101754e-155  5.4678548e-156 -1.9544206e-156 -4.5367796e-156 -1.3395790e-156 -1.4613258e-156 -1.5573427e-156 -6.1296061e-156  1.0940524e-156  2.8731330e-155  5.2626040e-156 -5.3750477e-156  6.1328176e-156  2.0094406e-157  7.5673744e-156 -6.7381548e-157 -4.8666307e-156  3.0883362e-156 -9.3727875e-156
  2.6398311e-155 -3.6870153e-155 -2.3903081e-155 -1.0905947e-155  2.4936681e-155 -4.5514569e-155  4.6406325e-156  4.9824506e-156 -2.4581535e-155 -7.0791512e-156  5.0434865e-155 -1.6956794e-155 -2.1459016e-155  2.4365204e-155  2.3519653e-156 -6.1123730e-156 -2.7133330e-155  5.9245591e-155  1.4041437e-155 -1.0005367e-157 -2.0571278e-155  1.1223101e-155  5.2566778e-155  2.2431666e-155 -1.3973216e-155 -2.0875676e-156  1.2830959e-155 -2.9621211e-155  1.0783461e-155  1.2355916e-155
 -1.0309711e-156 -4.3715619e-156 -6.4423674e-156  2.4504310e-156  1.6718469e-156 -4.5623244e-156 -8.4603932e-157 -7.0567749e-156  5.9028483e-156  7.0253520e-156 -2.5662565e-156  8.0744424e-156  3.7958393e-156  6.6667611e-156  3.7911934e-156 -1.0451567e-155  1.8053339e-155 -2.7383931e-156 -1.4961089e-155  2.3450584e-155 -1.5344210e-156 -1.2936253e-156  4.4968973e-156  1.3379208e-156 -2.0192360e-155 -9.3004294e-156  2.2490375e-156  7.9676264e-156 -9.2675874e-156 -8.2693261e-156
 -9.6555872e-156  5.8080874e-155  8.6820678e-156  1.5125537e-155  5.4691484e-156 -3.9023354e-155  3.7235401e-156  5.3118374e-155  2.3277726e-155  2.0311185e-156  7.8236092e-156 -4.9459864e-155 -9.7142419e-156 -1.0230541e-155  1.7607916e-155 -2.7496966e-155  9.5830760e-156  1.6228802e-155 -5.3054685e-156 -1.5792560e-155 -7.2043210e-156 -2.9816984e-156 -2.2013427e-155  2.7679677e-156 -2.1951572e-155 -6.1933939e-155  4.2108010e-155 -4.4528859e-155 -2.9934249e-155  9.8339991e-156
  1.7606002e-155  1.4624107e-156 -2.0828426e-155  3.3665675e-155  2.2349379e-155 -2.5680614e-155 -5.8510390e-155 -1.2170350e-156 -2.7362307e-155  4.2071279e-155 -3.7425156e-155  8.9756514e-156  6.4880473e-155  2.8712313e-155 -3.2784684e-155  3.8802062e-155  1.4340472e-155 -1.3509601e-155  6.9861282e-156  2.6720218e-155  1.9299092e-155 -3.3885045e-156  2.1687367e-155 -2.5960944e-155 -2.6826416e-155 -8.7620517e-156 -3.9300452e-156 -3.0206198e-155  5.5133077e-156 -3.1075303e-155
  1.8053555e-156 -2.4029814e-156 -6.6171699e-156  1.2002189e-155 -1.3262147e-156 -3.0251595e-156  3.6176783e-156  1.7233796e-156 -6.3936971e-156  3.8685770e-155  6.0668762e-156 -5.5387092e-156  3.4045104e-157  1.7695645e-156 -7.3888532e-156  3.7847523e-156  9.8336258e-156 -2.3283829e-155 -4.3729697e-156 -8.1485542e-156 -1.4403428e-156  7.3383613e-156  3.4681549e-156 -1.9207257e-156 -2.5494804e-155  4.5800325e-156  2.8095086e-156 -1.6366789e-155 -8.0708995e-156  4.8694178e-157
 -1.8915823e-156  4.1367300e-156  1.5409559e-155 -2.1234508e-156  4.7584568e-156 -7.0667671e-156  1.3146645e-156  3.3231124e-156 -1.9471934e-156  1.0209865e-155 -6.1818194e-157  4.4085486e-156 -1.8316848e-156  7.5910040e-156 -3.2215573e-155 -9.5389415e-156  1.2074980e-156  1.3433603e-155 -4.1176297e-156  4.1030727e-155  1.0473529e-155  1.9565196e-156  7.4787062e-156 -5.6278137e-156 -6.4449688e-156  8.4270899e-156 -1.0710441e-157 -8.7791459e-156 -5.9726174e-156 -3.2692911e-156
 -1.0765890e-156 -1.4305660e-156  1.9689247e-157 -6.8042089e-156 -6.3950300e-156 -9.0470531e-156 -3.3432698e-156  3.0868951e-156  3.2091602e-156 -7.8462614e-157  5.2153336e-156 -3.4464056e-156  2.0615882e-156 -6.4206394e-157  1.9861165e-157 -2.3563830e-156 -2.5560689e-156 -9.3637859e-157 -3.0462210e-156  1.2770310e-156  1.3304699e-155  3.1668174e-156 -2.1291138e-156  1.8829019e-156  4.5367378e-157  3.5907790e-156 -2.1709157e-157  1.9782575e-156  1.8869371e-156 -5.5622656e-156
 -4.6304110e-156 -6.2905777e-156  2.9064665e-156 -9.4339488e-156 -1.0687681e-155 -1.4196887e-155 -1.6482375e-155  1.3601654e-155  1.0013571e-155 -2.0391942e-157  1.0529782e-155 -1.3793951e-155  7.2570330e-156 -2.5062027e-156 -6.4029011e-156 -1.9820331e-156 -2.0001514e-156 -1.8694821e-156 -7.9918613e-156  1.0944647e-156  3.6350456e-155  6.6199059e-156 -6.6986569e-156  7.9360589e-156  2.2941345e-157  9.9094326e-156 -8.2985815e-157 -5.6168311e-156  4.0797110e-156 -1.2245817e-155
  5.0908339e-155  2.1649159e-155  5.2086611e-156  4.2124920e-155 -6.0218986e-155  1.3648478e-155  2.1271240e-155 -1.6063682e-155 -8.2925924e-156  7.1196284e-156 -1.1176754e-156 -4.7047424e-155 -2.1335931e-155  3.1176526e-156  1.8979948e-155 -4.4561001e-155 -3.8161269e-155 -1.2243572e-155 -2.8297938e-155  1.8848326e-155  3.7304302e-155  2.1167243e-156 -2.0191116e-155  3.4605115e-156  3.3766456e-155 -2.3249549e-155  5.8976438e-155  2.9734152e-155  5.6129055e-155 -2.4027609e-155
  8.9345293e-157  1.6885211e-156 -1.9419390e-155 -7.3287535e-156 -6.7470590e-156  1.2924226e-155  6.9539498e-156 -7.9266839e-158  3.0760351e-156 -2.6582290e-155  1.4239907e-155 -1.8121046e-156  1.5523031e-156 -4.3130116e-158 -6.0167065e-156 -9.0334821e-156  2.5701734e-156  4.4699011e-157  6.9093314e-156  3.5245498e-156  3.4699254e-158  2.0398580e-155  6.3588173e-156  1.2158297e-156 -6.6043344e-156  3.1526760e-156 -2.9662111e-156  7.9358387e-158  3.6595898e-156 -1.5841824e-155
  3.3509182e-156  2.2267956e-156  1.2989290e-155 -9.6897131e-157  1.1263616e-155 -4.0501216e-156  8.9989903e-156  1.4846891e-155  2.0729552e-156 -1.0951646e-155  5.1579422e-156 -1.0954681e-156  3.1707597e-156 -1.1524865e-156  1.7871270e-156  2.4671984e-155 -9.8911244e-156  4.7400677e-156  1.7001773e-155  1.0557090e-156  3.5818299e-157  5.5100417e-156  2.2573235e-156  1.9375333e-156  7.4640375e-156  1.3724741e-157 -3.8046630e-157 -9.0360143e-156  8.3426837e-156  4.8617796e-156
