  -2.4329575e-09  -5.6301000e-09  -2.7623812e-09   1.0173462e-09   1.9949504e-08   1.2113017e-08   1.6060648e-09  -6.1369933e-10   5.7246568e-09  -3.4639149e-09  -4.6902355e-09  -9.1473295e-09   3.2409367e-10  -6.8080164e-09   1.0592767e-08  -3.1328510e-09   1.0695984e-10  -4.3941091e-09   1.1011763e-09  -1.1738285e-08  -6.9267783e-09   2.3158056e-09  -2.3432151e-09   7.8502249e-09  -8.3171101e-09   6.7034826e-10   1.4876199e-08   6.2737747e-09  -5.6147767e-09   2.8816625e-09
  -9.9065297e-09   3.2295583e-09  -1.3740831e-08   5.8738842e-08   2.9966761e-08   1.1903539e-09  -5.7034336e-10  -3.0221673e-08   3.9959712e-09  -2.5421414e-09   9.1415171e-10  -2.8633522e-09  -1.1861224e-09   4.6033743e-09   7.7035046e-10   3.2338965e-08  -2.3502648e-09   7.1265022e-10  -4.2424888e-10   5.5809835e-09  -4.3400154e-11   2.5988161e-09   2.5690939e-09  -1.2616809e-08   7.0877194e-09   1.2140309e-08   4.4890068e-08   6.6882402e-09  -6.9208282e-10   2.9980384e-09
  -2.3179889e-08   1.6827224e-08   1.7294643e-08   2.2273425e-08   3.4296706e-09   1.8417021e-08  -2.3255031e-08  -1.7258456e-08   4.4120502e-08  -2.7975663e-10   2.0519954e-09  -7.8933514e-09  -4.0529098e-10  -1.3619286e-09  -3.8339144e-08   1.1925312e-08  -8.2067275e-10   2.0019750e-08  -1.9326767e-09  -2.5313089e-08   2.4642705e-08   2.8604978e-09   2.3210253e-08  -4.8757040e-08  -2.1371471e-08  -1.2274027e-09  -3.3372206e-09   5.3044297e-09  -9.5330264e-09   2.4832257e-09
  -1.8475631e-08  -3.5934985e-10  -2.9339419e-09  -1.0483799e-08   4.2293726e-08   2.2830767e-08  -1.5439130e-08   1.0923402e-08   9.4617451e-09   3.7555411e-09   7.5157785e-10   1.3874903e-08   3.8690292e-10  -3.5230794e-08  -3.9692721e-08  -7.9426301e-09   5.1217305e-08  -1.1307857e-08   1.2812007e-09  -6.8093776e-09   2.0581294e-08   6.0425329e-09   4.5085416e-09  -1.1067634e-08  -3.5885408e-08  -1.0291503e-10   1.2077942e-08  -1.0177350e-08  -4.1513806e-09   1.1632786e-09
  -4.4589770e-08  -5.5643233e-09  -7.1015185e-08   9.7771147e-09  -1.3614653e-08   3.6356834e-08  -2.3443485e-08   3.1437589e-09   7.4152347e-09   5.0368559e-09  -3.1533102e-09  -3.9191390e-08   8.9058587e-10   1.3440847e-08  -5.9425619e-08  -2.0189345e-08   8.2773929e-09  -8.9416146e-09   1.0165723e-08   4.6139929e-08  -1.6171877e-08   3.8331966e-08  -2.1067649e-09   1.2220564e-09   1.4199267e-08  -7.3283335e-09   1.0820240e-08  -1.7298264e-08   1.3503671e-08  -1.7398015e-08
  -2.5480489e-09   2.0169515e-08   2.8870226e-09   3.2526939e-08  -6.2278148e-08   9.8728162e-09  -1.9651492e-08   3.1912901e-09   2.2071197e-08   3.7870958e-10   6.3101887e-09   2.5412905e-08  -3.0043514e-10  -1.2257548e-09  -4.1967640e-09   8.6682932e-09   3.3126583e-09  -3.8053223e-09  -2.6525269e-08  -3.5087841e-08   1.1496210e-08  -1.6859949e-08  -3.1178265e-08   4.2944032e-08  -7.3512764e-10   2.0960475e-10   1.9877243e-08  -8.9223067e-09  -1.3720218e-08   1.4794234e-09
   1.0804541e-08   9.8900945e-08  -3.6526287e-09  -3.3555850e-08   3.0703655e-08   5.1618668e-08  -6.5927203e-09   7.4671571e-09  -7.8737175e-08  -7.0819595e-10  -1.5150118e-08  -1.1358764e-08  -2.0916091e-11   5.8800441e-08  -1.7697762e-08   2.6907371e-08   6.9832651e-09  -3.9886236e-09  -1.9585380e-10   3.2355001e-08  -1.1308563e-08  -1.7330147e-09  -2.0220421e-09   4.2449453e-09   2.1247497e-09   1.0944182e-09   1.2794630e-08  -2.2155286e-09   3.4580139e-08   5.6914734e-09
  -3.0942548e-08   4.6129616e-08  -5.6372999e-09  -1.5209942e-08   2.8711127e-09   2.8153760e-08   7.7252873e-08  -1.5354838e-08   4.1738761e-08  -6.3457266e-09   4.4818223e-08  -2.3539578e-08   5.8417252e-10   1.8510539e-08  -1.9882979e-09  -6.0144089e-09   1.5735495e-08  -2.8609967e-09  -2.5458467e-08  -3.9751899e-09  -8.2702965e-09   7.6836812e-08  -1.9085513e-08   3.1883788e-08  -1.4804024e-08  -3.1059508e-08   1.6745421e-08  -4.5446753e-08   3.5669508e-08   4.4320849e-09
  -1.7261603e-08  -7.1197032e-08   5.4739287e-10   1.5594802e-08   6.7436915e-09   3.5089266e-08  -1.4859927e-08   3.2953961e-08  -5.4689602e-09   8.8222247e-08  -3.2542988e-09   9.2240709e-10  -7.5804241e-10   6.5758898e-08  -5.3641116e-09  -3.1844965e-08  -8.9275380e-09  -5.7839006e-10   1.3749388e-09   2.8343365e-08  -8.1642247e-08  -7.3539909e-09   8.1917235e-09  -1.3446049e-08  -7.9838438e-09  -2.4448825e-09   4.9577119e-08  -1.3827688e-08   2.1524708e-08  -4.5971326e-09
  -2.4315284e-08  -4.3463646e-08   3.0432646e-08  -1.6480464e-08  -3.7942565e-08  -4.0847661e-08   5.9662157e-09   9.2686115e-08  -5.9836439e-09   8.2318108e-08   4.4270886e-09  -4.0770476e-09   5.1260003e-10  -6.0473511e-09   2.1690451e-08  -1.8781563e-08  -3.7946267e-09   1.5201647e-08   8.3001443e-10  -3.4861222e-09   5.5904045e-08   3.9363104e-08  -1.0543113e-08   9.2441131e-09   6.7694824e-11   1.6034062e-09   3.4125312e-08  -5.7390793e-08   2.4716053e-08  -1.5752713e-09
   2.3070661e-08   3.3124330e-09  -1.2370025e-08   5.8996946e-08   3.9585341e-08   8.1162687e-09   1.9398359e-08   1.8061213e-08   1.8323935e-08   4.3368869e-08   3.4589995e-09   9.8938162e-09  -8.2181403e-10   1.3379434e-08   2.8883751e-08   3.1314748e-08   4.8383770e-09  -1.5585080e-08  -1.6583292e-09  -1.6571109e-08  -2.1969538e-08   9.7702482e-09  -5.6445933e-09   6.6765837e-09   3.3755071e-08   3.7600571e-10   3.4171835e-08  -4.6985796e-08   4.9571178e-10  -8.6071041e-08
  -7.9049103e-09  -6.0782223e-08  -4.6141966e-08  -1.8798751e-08  -4.2820415e-09   1.7314736e-08  -3.5626801e-09  -1.0325691e-08   5.5902660e-09  -4.8596413e-09   8.8229513e-09  -1.9266366e-08   2.7952557e-09   1.9080110e-08  -2.8748196e-08  -1.4271149e-08  -2.5910478e-08  -3.5912332e-09  -2.1020249e-09  -5.8029086e-08   4.0253235e-08  -2.4449340e-08   5.6242857e-08   7.3882968e-09   5.3461272e-09   2.4185735e-08   1.1357801e-07   1.1782358e-08  -2.3602767e-08   4.5814859e-09
  -4.0468913e-08  -1.7515635e-08  -1.3048095e-08   9.1506549e-09  -2.8960968e-08   2.3341149e-08  -3.3136457e-08  -4.1036726e-08   4.6468712e-09  -1.3141435e-08  -4.0115387e-09   5.3477090e-08  -2.1190377e-08   8.5935584e-08  -2.0490861e-08   4.2140670e-08  -5.9105715e-09  -1.1816209e-08   5.8007889e-08  -1.0941643e-08  -7.1555305e-08   1.9292099e-08   1.4505173e-11  -1.0953239e-08   4.1164021e-09   2.4357486e-08   1.2073412e-08   1.5954207e-08   4.1573501e-09   5.5995881e-09
  -8.1401301e-09  -2.9994621e-08  -6.6372142e-10   4.6484775e-08  -1.8350854e-08  -1.1775193e-08   6.8384665e-09   2.7265741e-08  -3.0733071e-09   6.4240595e-08  -3.9104120e-08  -1.3601408e-09   1.7399692e-09  -2.6586793e-08  -6.9987384e-08  -7.6650996e-09   6.3067648e-09  -2.4458011e-08   1.2345678e-07  -1.7567210e-08   1.2858281e-08   5.6303504e-08   2.7015632e-08  -1.1526998e-09  -2.3336336e-08   1.7548915e-08  -7.3216598e-09   4.1759396e-08  -3.9236073e-08   2.5737490e-09
   2.4729440e-11   4.8117289e-09  -1.9278035e-08   2.6623280e-08  -4.3464229e-08  -7.5227485e-08  -7.2505392e-08   1.0028279e-08  -3.2486763e-08   1.0194713e-08   1.3636738e-07  -2.8019854e-08   9.8134274e-10   2.0217576e-09   1.1826563e-07   1.4877543e-08  -1.0382685e-08   4.2771889e-09   8.6011534e-10   7.6575889e-08  -4.5712892e-08   8.1335640e-09  -6.0308001e-09   7.9678212e-08  -1.6262048e-08  -3.5171478e-08   1.3900054e-08   5.2868447e-08  -1.4496150e-08   1.0522430e-08
   2.2095428e-08   1.0988292e-08   2.6793146e-09  -6.2109927e-08   3.2169200e-08  -1.7517960e-08  -1.2809575e-08  -3.4348777e-08   6.4722587e-09  -1.1019371e-07   1.0113176e-08   1.0067007e-08   1.2299908e-09  -7.4901858e-09   4.6753676e-08   4.3574162e-08   2.1118893e-08  -1.3760886e-08  -4.9872341e-10   1.2080215e-08   1.2660050e-07  -3.4417941e-09   5.3340471e-09  -2.2384725e-08  -1.1553638e-07  -5.8927960e-09   3.2488357e-08  -8.9337369e-09  -8.6616595e-09   1.7911316e-08
  -5.3518973e-09  -8.4286336e-09  -1.0562852e-08  -1.1128006e-08  -3.4830207e-08  -9.9765668e-08  -1.5744463e-08  -6.8288611e-08   1.0677478e-08   4.9943983e-09   1.1774329e-08   2.7294088e-09  -2.8481208e-08  -5.7657969e-08  -2.9081049e-09   1.3765011e-08  -2.9406259e-08  -6.1246150e-09   5.1910299e-09   3.7496192e-08   1.8856015e-08   8.6766484e-09  -6.6134827e-09  -2.9144365e-08  -1.1848022e-08   1.0369132e-09  -1.9963166e-09  -4.5219784e-08  -3.1440744e-09   9.9685520e-09
  -5.2174295e-08   1.6291541e-09  -2.2492639e-08   1.8468402e-08  -6.9425812e-08   7.4774226e-08   3.4061589e-08   3.6737051e-08  -1.1400192e-07   3.9347236e-08  -3.2133158e-09   7.4852589e-08  -5.5362771e-11  -6.0739086e-08   4.3772329e-08  -1.0168789e-09   1.3682576e-08   1.0121296e-08   5.9903834e-10  -1.0496035e-07   5.3143528e-08  -4.8576399e-09  -8.2191503e-09  -2.9060803e-08   1.2271924e-08  -7.0098689e-10   3.8799142e-08   1.0372150e-08   7.1491718e-08  -5.6137126e-09
   2.1190945e-09  -1.1948293e-08   8.2870917e-09  -2.6667700e-08   3.0281762e-08  -6.5560208e-08   2.1443307e-08   9.8430510e-08   6.0276265e-09   1.1479740e-08   1.1535584e-10   6.6248341e-08   1.1853983e-07  -5.5314031e-08   4.9481477e-08   7.0137115e-09   5.1780198e-09  -2.3726353e-08   2.5554947e-09   3.9970622e-08  -8.0603969e-09   3.6876331e-08   7.2218817e-09  -5.4440395e-08   1.4980238e-08  -2.6971084e-08   6.2825956e-08   1.9519700e-08  -2.6931710e-08   9.4116829e-09
   1.6999219e-08   1.0650800e-08  -9.9643493e-09  -1.3314346e-09   1.2561386e-08   2.8243366e-08  -1.9580367e-08   1.2421411e-08  -7.6230521e-08   9.3036761e-09   4.0045566e-08  -1.2308423e-08   3.7776882e-09  -2.5989642e-09  -4.9682911e-09   1.4293858e-08  -9.6652008e-10  -1.5071668e-08  -5.6879507e-10   1.1577941e-08   5.7516046e-08  -7.0403458e-09   2.7693107e-10  -2.3827708e-08  -1.7380706e-09   2.7008778e-11   3.7466315e-08  -1.0439222e-08  -8.0056675e-08  -2.8180110e-09
