  -1.9445169e-16   7.5881319e-17   1.9296082e-16  -1.0050443e-15  -2.8450305e-18  -7.5510161e-16  -5.0020557e-16   1.0162265e-17   6.5272849e-16  -4.9432614e-16   4.9980285e-17   1.9564526e-16  -8.2741987e-17  -2.7892772e-16  -6.2415313e-16   1.0020901e-16  -2.1844073e-16   6.5504223e-19   2.7257007e-17   7.8196594e-17  -1.2192429e-17  -6.4707787e-17  -5.3440309e-16   9.2693425e-19  -2.5802348e-16   3.9991058e-16  -2.5876987e-16   9.1266360e-16  -3.2734684e-16   6.2861733e-17
   3.0031736e-16  -6.7520872e-17   2.1858951e-17  -1.3376083e-17  -4.8808101e-19   6.1642639e-17   5.2323434e-16  -1.0915640e-15  -1.3024642e-16   4.4370548e-16  -1.6313571e-16   3.6532068e-17   3.7108180e-16   2.1939350e-16  -2.0550881e-16  -2.3126238e-16  -3.1739200e-16  -5.4404811e-17   6.2353483e-17  -7.9645101e-17  -6.3884833e-17  -1.0153417e-16   3.0655346e-16   8.4918236e-19   6.4370000e-16  -1.8807700e-16  -6.6930313e-16   1.5732869e-17   8.6157248e-16  -7.0151046e-17
  -1.0846873e-16  -3.2718559e-17  -1.6610490e-16   7.8289731e-16   2.8629977e-18  -2.9367716e-17   1.4305137e-16  -5.4572793e-16   7.0998532e-16  -2.3804650e-16  -6.2422804e-17  -2.2558013e-16   1.9305301e-16   5.3919598e-18  -6.9163400e-16   8.6797961e-17   5.5746288e-17  -3.1140133e-17  -2.9884047e-17  -5.5786819e-17   2.4137962e-17   1.8937374e-17  -1.3978182e-16   1.2625907e-18  -5.6010048e-16   2.2146484e-16  -3.0887354e-16   9.1550897e-17  -3.3262449e-16   2.8565088e-17
  -9.9438525e-18  -4.3286067e-17   1.2716134e-17  -1.1557872e-16  -3.2479519e-18  -2.5881977e-16   2.3675191e-16  -9.2180806e-17   1.4310298e-17  -4.8952001e-17   2.0673438e-17  -2.6625238e-17  -2.1119986e-16   1.1132099e-17   1.3267917e-16   4.3199001e-16   2.1015978e-17  -1.0349754e-16  -1.4809197e-17  -1.3442912e-16   1.5772408e-17   3.5032296e-17  -2.0517190e-16   8.2415763e-19  -1.4846111e-16  -1.0609395e-17  -1.7367109e-16   5.6981828e-17   7.9178413e-16   1.5235672e-17
  -1.6927349e-16  -7.4515051e-17   2.7251014e-16  -7.8808332e-17   2.5197646e-18   3.1579757e-16   2.6699796e-16  -1.6429512e-16   4.0385078e-16   2.5819245e-16   3.8367860e-18  -2.5477387e-16   8.5913805e-16   2.5869484e-16   1.0742738e-16  -1.9669154e-16  -7.1149213e-17  -1.3071793e-17   3.0039697e-17   7.5781092e-17  -8.5134892e-17   4.8722835e-16   4.6571657e-16  -2.3430507e-18   8.1990918e-16   2.0289304e-16  -2.5793788e-16   2.1205270e-17   2.6087493e-16   1.4290454e-17
  -3.1807625e-17   9.3850944e-17   9.2190676e-17   2.9842713e-16   1.3536772e-18  -1.7086421e-16  -4.6381631e-17  -1.7163429e-16   1.7912750e-16  -4.7678672e-16   2.9002027e-16  -5.2777972e-17  -2.8575830e-16  -3.2334599e-16  -3.2626462e-16   1.8301833e-16  -9.0933705e-17  -4.6963782e-17   8.5822140e-17  -1.8947117e-16  -1.3120949e-16  -4.3945153e-17   1.9700818e-16  -1.5310880e-19   2.9659562e-16  -3.0801985e-16   3.0769698e-16   1.4969378e-16   2.5893615e-16  -6.2404154e-16
  -6.0066162e-17   1.1533710e-16   3.6817036e-16  -7.3470741e-16  -8.8775603e-19   7.4054733e-16   2.4995930e-17  -5.6563893e-17   5.5839166e-16   6.4242389e-17  -4.2441907e-17  -4.8431019e-17   8.0588032e-17   2.1542276e-16   5.2418348e-16   3.1588566e-16   1.2325606e-16   3.3958893e-17  -4.2665460e-18  -1.0586776e-16   3.8458010e-17   6.0510818e-16  -3.3543627e-17   1.1319328e-18   8.0448543e-16  -2.2496471e-16  -3.0790242e-17  -4.9650989e-17  -5.6535494e-16   3.2133118e-17
  -1.1059699e-15  -1.5190011e-16  -4.2609154e-16  -1.1887529e-16   1.4378105e-19   3.1560335e-16  -3.0829155e-16   4.4305195e-17   1.0790703e-16   4.4556138e-16  -2.3194779e-16  -1.3464791e-16  -4.9161055e-16  -1.0168223e-16  -2.0032724e-16   2.1346949e-16   2.9399778e-16  -3.9303943e-17  -8.4815696e-17   9.4751513e-17  -1.5517706e-16   5.5281157e-17   3.9869263e-16  -1.1057858e-18   3.7883701e-16  -3.2911345e-16   9.3702145e-17  -1.3821968e-16   5.2524503e-16   3.5556289e-17
  -2.4506220e-17  -1.1388773e-17  -2.9072404e-17   3.2707786e-16   2.3137046e-18  -1.2202410e-16  -1.0316802e-16  -2.4531904e-16  -3.7707140e-16  -9.5150006e-16   8.7072461e-17  -7.2557073e-17   3.5717449e-16   4.3798861e-16   1.3047822e-16  -2.4586590e-16   1.4873507e-16  -2.6901416e-17  -2.6503846e-18   1.4429992e-17   1.4112873e-16   7.5155265e-17   1.7961199e-16  -5.0769019e-19  -3.1546440e-16  -7.9183490e-17   1.2397821e-16   2.1961168e-17  -1.0711435e-15  -6.6817197e-17
  -4.6596240e-17  -5.1756729e-17  -6.7214976e-17  -5.9153613e-16   6.3972730e-18   6.5306068e-16   3.2086065e-16   1.8206134e-16   5.7978379e-16  -1.7426489e-16   1.5143052e-16  -4.5775824e-17   7.8350063e-17  -7.6196641e-16  -1.7719099e-16  -1.1568080e-16   1.6579528e-16   2.9644943e-17  -4.5553552e-18   4.7005101e-17  -2.4730767e-16  -5.9885758e-16  -1.7744074e-16  -1.5482336e-18   2.2995781e-16   1.2372763e-16   9.5711614e-16   1.7521800e-16  -5.7172936e-16   5.7428067e-18
  -1.0898020e-16   5.8378833e-16  -3.4671949e-16  -8.2970409e-16  -1.6305642e-18  -4.2211435e-18   1.8169600e-16   3.3304974e-17   7.2430222e-17  -3.1065370e-16  -6.4911478e-19  -7.1292003e-17  -2.2171653e-16   6.3741977e-16  -3.5094880e-16   2.3488745e-16   1.8240007e-16   3.4704482e-17   3.4230078e-17  -6.0258909e-17  -1.5148042e-16   1.1473270e-16   3.4504640e-16   1.7830840e-19   1.2564360e-16  -1.1200092e-16  -2.4525098e-16  -1.9623431e-16  -8.7119159e-16  -1.5391782e-17
  -8.8778589e-17  -6.0641035e-16  -1.0888528e-16  -5.9002379e-17   2.1055803e-18  -1.4295887e-16  -1.6826186e-16  -5.2283034e-17  -4.6890069e-16  -3.5399328e-16   2.0581190e-17  -2.2759213e-16  -7.8396402e-16  -2.8593922e-16  -6.5666645e-16  -8.1865328e-17   1.0917079e-16   4.6261964e-18   3.9442537e-17   6.3810937e-17   1.1730848e-16   5.8542583e-18  -2.1306204e-16   1.2693868e-18   5.9590563e-16  -1.3252899e-16  -2.7035675e-16   4.6791769e-16  -1.3372645e-16   1.6108553e-17
   2.7398403e-17  -1.1657982e-16  -1.1180118e-16  -1.1958254e-16  -2.0289374e-18  -4.4529444e-17   1.0821394e-16   1.4283015e-16   1.5635209e-16   5.4073923e-17   4.1310412e-17   2.3638779e-16  -4.2019628e-16   7.8110958e-16  -5.9480661e-16   5.5445298e-16  -2.0863209e-17  -1.5935594e-17  -1.2051131e-17   1.2877710e-16   1.7054084e-16   6.8644953e-18   1.9690520e-16   9.7011379e-20  -1.1221667e-16  -1.1533132e-16  -9.0739996e-17   3.7534668e-16  -6.0018178e-16   7.2870991e-17
   1.2223176e-16   7.0244485e-18   1.1357058e-16  -1.3220948e-16  -1.6752958e-19  -1.0531227e-15   6.5357652e-17  -1.3698385e-17   4.1879652e-17  -8.3587961e-17  -8.2384556e-17   1.5512604e-16   1.5029055e-16   7.7833701e-17  -1.0909439e-15  -2.2825407e-16  -1.6831018e-16  -1.0477855e-17   2.2440288e-17   2.3877491e-16   1.7182544e-17   5.4248330e-18  -1.0484656e-16  -1.0027042e-18   1.2000245e-16  -3.0548669e-16  -8.9126927e-17  -3.1135021e-16   5.6070587e-16   5.6905220e-17
  -1.1114431e-16  -1.6013872e-17  -2.2526947e-16  -1.0022187e-15   2.8872794e-18   8.3785796e-17  -2.7827018e-16   3.8819538e-16  -4.8655578e-16   4.7113613e-16  -1.7123308e-16  -3.4016380e-16   8.7245925e-16   2.1289785e-17  -6.9024413e-16  -3.2379789e-16  -1.7317820e-16   6.7042308e-16  -1.9208912e-17  -6.3479524e-17   8.9459923e-16   5.3613518e-17  -1.9714316e-16   2.2840807e-18   1.9527005e-16  -5.8186648e-16   7.6806120e-16   3.1868952e-16  -9.7229790e-16   9.0890355e-18
   1.1211904e-17  -6.7243712e-16   1.3894792e-16   5.5898829e-16   3.1556652e-18  -1.1737110e-16  -3.9929571e-18   8.3784473e-17   2.8480102e-16   3.1693581e-16   4.5223512e-17  -1.2549300e-16  -1.3324627e-16  -2.5281722e-16   9.7860973e-16   6.5414974e-16  -1.2468446e-17  -9.3920659e-18  -1.9484966e-16   2.2634315e-16   1.4342687e-16   3.9474837e-17  -3.2275387e-16   8.4171554e-19   4.3194109e-16   2.7852525e-16  -3.4695509e-16  -3.5712736e-17   3.4221907e-16  -6.5647742e-17
   2.0641786e-16  -3.5900010e-17   4.5973573e-16  -1.6795422e-16   2.4926204e-18   2.8391978e-17   7.4233664e-16   1.2839803e-16  -4.0399316e-16  -9.7997464e-16   1.5292054e-16  -1.1453708e-18  -3.1449296e-16   3.9824512e-16  -3.6945712e-16   2.5891460e-16   1.6505134e-16  -4.8937791e-17  -2.9467505e-18   3.9391944e-17  -5.1701646e-17  -6.6421516e-16  -2.0845734e-16   2.1217532e-18   5.1671073e-16  -5.1684327e-17  -3.8225140e-16   2.8317374e-16  -1.4810758e-16  -1.1733939e-16
  -1.4217326e-17  -6.4275770e-17  -3.7256366e-16  -1.4650732e-16  -1.4674034e-18  -3.8496705e-17   1.0175774e-16  -1.0954881e-16   1.8823294e-16  -1.9146108e-16   7.6643479e-16   2.7548592e-16  -1.9855082e-16   1.4749809e-16   8.4094165e-16   2.6115221e-16   3.7411296e-16   1.7419400e-17   3.7741832e-17  -1.7654532e-17   9.1777224e-17  -1.8179081e-17   8.4442577e-17   1.4033189e-18  -1.0255177e-15   3.8916061e-16  -2.2069812e-16   9.0558694e-17  -3.2822461e-16   8.4517787e-17
   8.0790055e-17   1.9805740e-17   1.4511158e-17   3.3443049e-16   5.0699340e-19  -7.5400041e-16   1.9961433e-17  -2.7063833e-16  -6.2891719e-16   1.8711109e-16   6.2474735e-17  -1.5467256e-16   2.9252515e-16   2.1594448e-16  -1.1052822e-15  -8.0556185e-17  -1.0843797e-16   5.1064893e-17  -2.9839053e-17  -9.7580099e-17   1.0432226e-16  -1.5332151e-16   6.0080840e-16  -2.5674960e-19  -2.2146854e-16   2.6996255e-17  -7.7558598e-18  -3.9357167e-17  -8.4010695e-16   8.2905366e-17
   9.7899795e-17   2.9554904e-16  -2.7619461e-17   3.4187319e-16   6.9584013e-18   5.2112960e-17  -2.8186043e-16  -3.6901568e-16  -1.8347071e-18   6.3118795e-17  -2.0992147e-17  -3.7412350e-18  -3.9705455e-16  -3.4225389e-17   3.6755913e-16   6.3130730e-16   2.0508588e-16  -7.5168258e-18  -5.4806734e-17  -1.2325634e-17  -1.3567298e-16   1.1693728e-16  -2.3064469e-16   2.8397751e-19  -6.4631816e-17   6.5775318e-16   9.2806884e-17  -5.9894982e-16   8.7178520e-16   3.0611160e-17
