   4.6345615e-17  -1.6114395e-16   5.3281009e-17  -2.1538949e-17   2.4601614e-16  -2.3338908e-16  -4.0593230e-16  -1.3764894e-16  -1.1006686e-16  -7.8752344e-18   7.6506136e-17  -6.3823264e-17  -3.9463475e-16  -2.6589731e-16  -5.9391332e-17  -1.8439177e-16  -7.2035141e-17  -1.8849803e-16   6.9015630e-18   1.0178411e-15  -5.3287480e-16   1.4845938e-16   6.9632260e-16   2.9594907e-17   1.5287689e-17  -8.4900528e-17   5.1154652e-16   8.4234432e-17   7.0854644e-16  -7.2851885e-16
  -7.8486441e-16   1.1165576e-16   9.6281786e-17   1.0278851e-15  -4.5594993e-16  -5.3519130e-16  -6.3361154e-17  -2.6325111e-16  -1.7404022e-17   6.8710650e-16  -7.7794220e-17  -3.1471333e-16   4.1166308e-16   8.0120983e-17   1.2995967e-16  -1.3426866e-17  -4.6273516e-16   6.5286499e-17   3.7880839e-17  -6.3802842e-16   3.8036438e-16  -2.6782389e-16   4.6282242e-16  -2.8311683e-17  -4.1899342e-18   1.1181394e-16  -1.9158353e-16  -4.1692030e-16   5.0863641e-17  -3.5184014e-16
  -7.2132047e-16   7.8901370e-17   4.0643785e-16   1.0396520e-15  -4.7093051e-17  -1.0952423e-16  -6.6911040e-16  -9.2844249e-18  -3.0479414e-17   2.9700232e-16  -2.2240404e-17   1.6304048e-16   5.0802973e-16  -9.7656746e-17  -1.9136951e-16  -4.9264532e-17   1.5593416e-16  -3.2222371e-17   1.4020522e-16   2.7821085e-17   3.5421300e-16   2.6502250e-16   4.0652620e-16  -8.7857618e-17   3.8949646e-17  -1.1014452e-16   5.5464017e-16  -1.5640232e-16  -3.4600702e-16  -1.6845422e-16
   9.3504923e-16   1.7277578e-16   3.2692353e-16   9.2755859e-16  -1.0530382e-16   1.5929161e-17  -1.6899026e-16  -2.8856537e-18  -2.0642037e-17  -8.6358352e-16  -8.9840384e-17  -2.0234576e-16   9.2474878e-16   8.1936821e-16   2.8657153e-16   2.0823545e-16   1.4240445e-16  -1.5626956e-16  -6.0108521e-17  -2.8570377e-16  -9.5248158e-16  -1.8526299e-16  -6.9928071e-16   3.4991222e-17   8.7678023e-21   2.9640146e-18   2.5600916e-16  -1.7515196e-16  -2.2967987e-16   1.4886688e-16
  -9.1418057e-16   6.2745143e-17   3.7714387e-16  -3.8501767e-16   8.6540286e-17   9.2518407e-18   1.6105933e-16  -9.6102949e-17   1.6268458e-16  -2.7232495e-16  -1.0546547e-16   4.5524900e-18   2.8977462e-16  -1.9076036e-16  -1.5260802e-16   2.9924166e-16   4.2186669e-16   1.8100508e-16  -3.7071597e-18   4.5267488e-16  -3.4610394e-18   1.6105352e-16   4.6003509e-16   8.4544932e-17  -1.7829995e-17   1.8985094e-16   1.7814037e-16  -7.9752897e-16   3.8466511e-16  -1.0133864e-15
   6.8801586e-17  -2.3286015e-16   7.4762414e-17   4.6004542e-19   3.1548239e-16  -8.1442613e-16   1.3739632e-16  -5.4816511e-17  -8.5612581e-17  -1.2602523e-16  -1.3364631e-16   8.3664295e-17   4.5366301e-16   3.5562583e-16  -1.2550453e-16   5.9460824e-16  -7.3471797e-17  -4.2561693e-17   5.5143534e-17  -4.7022978e-16   1.9112088e-16   1.3521505e-16  -5.4143610e-16  -1.9179969e-17   8.5757848e-18  -1.3219101e-17   8.7149287e-16  -4.7625604e-16  -4.1888825e-16  -2.0591693e-16
   4.9219963e-16   1.8235162e-16  -4.8576032e-16  -3.1680294e-16  -9.4936193e-17   2.1536728e-16   1.5339433e-16  -9.4823465e-19  -5.9930766e-17   8.7845059e-17  -2.3347505e-16   1.1151263e-16  -7.1328975e-16  -6.2004568e-16   7.2301943e-16   3.0611845e-16  -7.5088279e-17   2.8701275e-16  -8.9937809e-17  -1.9816942e-16   1.1958716e-16   2.4584820e-17  -4.1945786e-16   2.1914860e-18  -2.3945767e-17  -3.0432213e-17  -9.7541293e-17  -2.6615434e-16  -2.2898993e-16  -1.1892098e-16
   3.0388343e-17   2.0526150e-16   4.7882337e-16   1.8501461e-16   2.9140875e-16   1.7112176e-16  -4.4496062e-16  -1.5776465e-16   8.3980336e-18   1.1758768e-16  -5.8817472e-18   1.3676136e-16   3.1690028e-16   2.3054251e-16  -2.3574599e-17  -8.5593677e-17  -1.1909689e-16   2.3885405e-16   2.2050826e-16   2.4100558e-16  -4.3921714e-18   1.6916293e-16   5.7896566e-16   2.2156995e-16   2.2522328e-17   6.7570012e-17  -1.1940687e-16   3.0570541e-16   1.0141425e-16  -2.6709563e-16
   2.1674772e-16   2.1049982e-16  -3.3196984e-16  -2.5628141e-16   1.0569839e-15  -2.2324230e-16   1.1771825e-16   1.1803179e-16  -3.6738322e-17   3.0523407e-16   1.3658149e-17   3.0844215e-16  -4.5164527e-17   4.5426608e-16  -7.4503813e-16  -2.5716153e-16   2.5644837e-16   9.8885125e-17   1.4827989e-16  -7.8666978e-16  -2.6286813e-16   9.7385501e-18  -4.5770449e-16  -1.6385639e-17   4.5235229e-18   1.1961019e-16  -6.9263375e-16   5.1965878e-16   1.0748419e-16   6.3072452e-17
  -3.3143155e-16   1.8228882e-16  -5.8603317e-16   1.9073661e-16  -4.9439898e-16   2.7348137e-17  -1.4553859e-16  -7.3486417e-18  -1.6199986e-16   2.0845456e-16   8.5454139e-17  -1.2181751e-17  -2.0951332e-16   6.8803252e-16  -1.3702279e-16   2.2128259e-16   4.9831471e-16   2.0345547e-16  -7.9648652e-17   4.4701379e-16  -2.5201942e-16  -8.3698291e-17  -6.4297971e-17  -2.9575238e-17  -7.4987108e-18   7.0584545e-17  -6.1269594e-16   3.6118471e-16   1.9035746e-16  -3.9850136e-16
