  -4.7295690e-10  -6.4470367e-10  -2.3033723e-10   1.3011288e-09   5.5637475e-11  -5.1873101e-10   5.5085163e-09  -1.0409757e-10   3.5885008e-09   2.1537605e-10   9.6044883e-11  -2.1605469e-09   2.2479508e-10   6.9417105e-09   8.3997584e-09  -1.5205716e-09   8.3571230e-10   4.3376323e-10   1.8132202e-09  -7.6399583e-10  -6.2011420e-09   1.4826538e-09  -2.0144817e-09   1.9082473e-09  -1.8800384e-09   2.2841599e-09   5.2347329e-09  -4.2634681e-10  -1.4615423e-08  -1.4851431e-09
  -1.1878923e-12  -4.9803627e-12   1.6793277e-11   2.5053595e-12   1.0623443e-12   9.9137217e-13   7.9860771e-12  -1.1697816e-12   1.3629426e-12   1.0446663e-11   1.0121255e-12   1.1927502e-11  -6.7832338e-12  -1.5053599e-11  -3.5663855e-11  -7.5574369e-12  -1.0970781e-11   9.0571620e-13   1.9275602e-12   9.6051467e-12   1.3598675e-11   1.6355690e-11   4.9782768e-12   2.5089330e-11   1.0093579e-11  -1.0267442e-11   2.6497966e-11   4.8236132e-12  -1.1165213e-11   3.5682087e-12
  -1.6837972e-13   4.6999156e-12  -8.3772195e-12   4.4973409e-12   4.2258618e-13  -4.7604738e-13  -3.6127845e-12  -1.1403141e-11   2.7954026e-12  -1.3491655e-11   1.1501618e-13   1.1650836e-11  -3.1355016e-12  -2.2817372e-11  -8.6970975e-12  -3.3227612e-11  -4.5496317e-12   1.0479267e-12  -3.4232782e-12  -2.3549978e-12   3.3971830e-11   8.0793223e-12   3.9468035e-12   3.3528586e-12   1.0746465e-11   8.4310180e-12   2.6748105e-13  -1.1556666e-12  -2.9461247e-12   1.9036728e-12
   1.5918128e-12   1.8788197e-11   4.4075379e-11  -1.3028271e-11  -4.6296505e-11   2.4116791e-11  -7.8030159e-12  -1.3795258e-11  -4.3539193e-12   2.8942333e-11   7.2146226e-13   3.3188499e-11  -7.3723505e-12   5.1558141e-11  -4.1154186e-11  -4.0313618e-11   1.2425180e-12  -3.1685800e-13  -2.2355163e-12   1.6547594e-11   1.6389506e-12   1.1782245e-12   1.3318525e-11  -2.0532655e-11  -6.6252294e-12   2.9638893e-11   3.1658779e-11   3.9232054e-12  -3.6054660e-13   3.0382840e-12
   6.4795299e-13  -1.8248612e-12  -7.2738941e-12  -7.7837454e-13   6.4932650e-13   4.0428400e-13   1.3538495e-12  -1.8799429e-11   5.6797935e-12  -1.7943265e-12   1.1225479e-13   3.2702958e-11  -2.6946725e-12  -1.2620716e-12   9.8248248e-12  -4.5284173e-12   7.8339384e-12  -2.6327522e-12   3.9585403e-12  -2.5233235e-11  -8.5924755e-12  -3.9265384e-12   9.8350161e-12  -6.1951861e-12   1.2225473e-11  -2.1552528e-11  -1.2400059e-12   4.3995528e-12  -8.7394216e-12   9.2729677e-12
  -3.6361737e-12   9.2608746e-12  -3.2910830e-11   3.1150615e-12  -1.5237432e-12  -1.9963620e-11  -1.1414975e-11   1.8323221e-11  -7.2733960e-12   3.1604470e-13  -2.2342009e-12   1.8093845e-11  -5.8414595e-12  -2.8667003e-11  -1.0049477e-11  -1.5507689e-11  -1.9056526e-12   6.0625126e-12   4.7394166e-12   7.7622777e-12  -2.8777320e-11   2.4402975e-11   6.2243557e-12  -8.1661127e-12  -3.0313738e-11  -2.3550630e-11   1.2660557e-11   8.6109232e-12  -1.7530921e-11  -1.0489373e-11
  -4.8273696e-10  -6.5697339e-10  -1.9589983e-10   1.3485437e-09   5.9889300e-11  -5.5138619e-10   5.6892719e-09  -1.0960398e-10   3.6867400e-09   2.3232331e-10   9.9387181e-11  -2.2016468e-09   2.2933998e-10   7.1006427e-09   8.6310162e-09  -1.6251776e-09   8.5099333e-10   4.4327495e-10   1.8504670e-09  -7.6201306e-10  -6.4073097e-09   1.5181275e-09  -2.0729868e-09   1.9827124e-09  -1.9369233e-09   2.3569904e-09   5.3740079e-09  -4.3308632e-10  -1.5021596e-08  -1.5360623e-09
   3.1569830e-13  -8.3852440e-12  -1.0603849e-12   6.7068760e-11  -1.1387803e-12   1.9644341e-11  -4.9719374e-11  -1.6717028e-12  -5.8371748e-12  -4.6360917e-11   3.7946205e-13   1.7947174e-11   1.1219166e-11  -2.4827828e-11  -4.3801908e-12  -2.8743059e-11   2.8426969e-12   1.0283722e-12   9.2656332e-13  -8.1211108e-12  -1.6096490e-12   6.5502890e-12  -9.2962440e-12  -3.0292365e-11   4.8526596e-12  -3.2687355e-11  -2.4342227e-11  -7.8409545e-12   1.3418630e-11  -2.1031313e-11
  -1.0354869e-12   1.3364822e-11  -2.5657169e-11  -7.8441926e-13   7.6855751e-13   7.8563034e-12  -6.7905179e-12   5.1975585e-12   6.2480148e-13   2.9220784e-12  -6.6983966e-13  -2.2263151e-11   1.9373383e-12   1.3876270e-11  -8.9690714e-12   1.2393739e-11   6.0257707e-12   1.3845506e-13   2.1745914e-12  -4.6192530e-12  -1.0569806e-11  -1.1055532e-12   1.2918401e-11  -1.3104770e-11  -1.6862169e-11  -3.9777645e-14   3.7103714e-12   4.7488900e-12   5.7314104e-12   1.6532075e-12
   3.9886128e-10   5.2351158e-10   1.9057536e-10  -1.1197824e-09  -4.9564270e-11   4.7788673e-10  -4.6380593e-09   8.1336530e-11  -3.0260329e-09  -1.6260066e-10  -8.1624391e-11   1.8067501e-09  -1.9346484e-10  -5.8236167e-09  -7.0965795e-09   1.3281796e-09  -7.1564495e-10  -3.6294452e-10  -1.5149065e-09   6.5760963e-10   5.2322382e-09  -1.2582981e-09   1.6843690e-09  -1.6474048e-09   1.5600193e-09  -1.9337237e-09  -4.3891776e-09   3.6053014e-10   1.2344213e-08   1.2693560e-09
