   2.7563238e+01   2.7563238e+01   2.7504282e+01   2.7563238e+01   2.7563238e+01   2.7563238e+01   2.7563238e+01   2.7563238e+01   2.7563238e+01   2.7563238e+01   2.7563238e+01   2.7563238e+01   2.7563238e+01   2.7563238e+01   2.7563238e+01   2.7563238e+01   2.7563238e+01   2.7563238e+01   2.7563238e+01   2.7563238e+01   2.7563238e+01   2.7563238e+01   2.7563238e+01   2.7563238e+01   2.7563238e+01   2.7563238e+01   2.7563238e+01   2.7563238e+01   2.7563238e+01   2.8660030e+01
  -1.0958211e+01  -1.0958211e+01  -1.0980217e+01  -1.0958211e+01  -1.0958211e+01  -1.0958211e+01  -1.0958211e+01  -1.0958211e+01  -1.0958211e+01  -1.0958211e+01  -1.0958211e+01  -1.0958211e+01  -1.0958211e+01  -1.0958211e+01  -1.0958211e+01  -1.0958211e+01  -1.0958211e+01  -1.0958211e+01  -1.0958211e+01  -1.0958211e+01  -1.0958211e+01  -1.0958211e+01  -1.0958211e+01  -1.0958211e+01  -1.0958211e+01  -1.0958211e+01  -1.0958211e+01  -1.0958211e+01  -1.0958211e+01  -1.0583272e+01
   3.1104626e+01   3.1104626e+01   3.1104626e+01   3.1104626e+01   3.1104626e+01   3.1104626e+01   3.1104626e+01   3.1104626e+01   3.1104626e+01   3.1104626e+01   3.1104626e+01   3.1104626e+01   3.1543568e+01   3.0665684e+01   2.5920744e+01   3.0665684e+01   3.0665685e+01   3.1543568e+01   4.9828083e+01   3.0665684e+01   3.0665684e+01   1.2381168e+01   4.9828084e+01   3.6288510e+01   3.6288508e+01   2.6359686e+01   3.5849566e+01   2.5481803e+01   7.1972866e+00   3.1543567e+01
  -3.8914470e+01  -3.8914470e+01  -3.8952968e+01  -3.8914470e+01  -3.8914470e+01  -3.8914470e+01  -3.8914470e+01  -3.8914470e+01  -3.8914470e+01  -3.8914470e+01  -3.8914470e+01  -3.8914470e+01  -3.8914470e+01  -3.8914470e+01  -3.8914470e+01  -3.8914470e+01  -3.8914470e+01  -3.8914470e+01  -3.8914470e+01  -3.8914470e+01  -3.8914470e+01  -3.8914470e+01  -3.8914470e+01  -3.8914470e+01  -3.8914470e+01  -3.8914470e+01  -3.8914470e+01  -3.8914470e+01  -3.8914470e+01  -3.8287442e+01
  -7.8438616e+01  -7.8438616e+01  -7.8438616e+01  -7.3722475e+01  -7.3722475e+01  -7.2556323e+01  -8.7612336e+01  -6.7840182e+01  -8.6446184e+01  -8.7612336e+01  -8.7612336e+01  -8.1730042e+01  -7.8438616e+01  -7.8438616e+01  -7.8438616e+01  -7.8438616e+01  -7.8438616e+01  -9.2328477e+01  -9.2328477e+01  -7.2556323e+01  -6.7840182e+01  -8.7612336e+01  -8.7612336e+01  -6.7840182e+01  -8.1730043e+01  -9.2328477e+01  -6.7840182e+01  -8.7612336e+01  -8.1730042e+01  -7.2556320e+01
   5.1652912e+00   5.1652914e+00   5.1652911e+00   5.1652913e+00   5.1652915e+00   5.1652910e+00   5.1652916e+00   5.1652915e+00   5.1652914e+00   5.1652914e+00   5.1652913e+00   5.1652914e+00   1.4358378e+01  -4.0277952e+00   2.1719530e+01  -4.0277948e+00  -4.0277946e+00   1.4358377e+01   9.5330737e+00  -4.0277954e+00  -4.0277947e+00   7.9750928e-01   9.5330738e+00  -1.1388947e+01  -1.1388947e+01   3.0912616e+01  -2.0582034e+01   1.2526445e+01   1.7351748e+01   1.4358378e+01
  -3.5297286e+01  -3.5297286e+01  -3.5297286e+01  -2.7196850e+01  -2.7196850e+01  -2.4008518e+01  -1.9665698e+01  -1.5908082e+01  -1.6477367e+01  -1.9665698e+01  -1.9665699e+01  -8.3769307e+00  -3.5297286e+01  -3.5297286e+01  -3.5297286e+01  -3.5297286e+01  -3.5297286e+01  -2.7766135e+01  -2.7766135e+01  -2.4008518e+01  -1.5908082e+01  -1.9665698e+01  -1.9665698e+01  -1.5908082e+01  -8.3769307e+00  -2.7766135e+01  -1.5908082e+01  -1.9665699e+01  -8.3769307e+00  -2.4008518e+01
   7.1396825e+01   7.1396825e+01   7.1396825e+01   5.8672339e+01   5.8672340e+01   8.0763464e+01   5.8318618e+01   6.8038979e+01   8.0409742e+01   5.8318618e+01   5.8318618e+01   6.7685257e+01   7.1396825e+01   7.1396825e+01   7.1396825e+01   7.1396825e+01   7.1396825e+01   7.1043103e+01   7.1043103e+01   8.0763465e+01   6.8038979e+01   5.8318618e+01   5.8318618e+01   6.8038979e+01   6.7685257e+01   7.1043103e+01   6.8038979e+01   5.8318618e+01   6.7685257e+01   8.0763483e+01
   6.5030923e+01   6.5030923e+01   6.5051257e+01   6.5030923e+01   6.5030923e+01   6.5030923e+01   6.5030923e+01   6.5030923e+01   6.5030923e+01   6.5030923e+01   6.5030923e+01   6.5030923e+01   6.5030923e+01   6.5030923e+01   6.5030923e+01   6.5030923e+01   6.5030923e+01   6.5030923e+01   6.5030923e+01   6.5030923e+01   6.5030923e+01   6.5030923e+01   6.5030923e+01   6.5030923e+01   6.5030923e+01   6.5030923e+01   6.5030923e+01   6.5030923e+01   6.5030923e+01   6.4791343e+01
  -1.7170468e+01  -1.7170468e+01  -1.7170468e+01  -1.7170468e+01  -1.7170468e+01  -1.7170468e+01  -1.7170468e+01  -1.7170468e+01  -1.7170468e+01  -1.7170468e+01  -1.7170468e+01  -1.7170468e+01  -3.4285598e+01  -5.5338090e-02  -8.4116030e+00  -5.5338632e-02  -5.5338267e-02  -3.4285598e+01  -1.4344202e+01  -5.5338709e-02  -5.5338487e-02  -1.9996734e+01  -1.4344202e+01  -2.5929333e+01  -2.5929334e+01  -2.5526732e+01  -8.8142039e+00   8.7035276e+00  -1.1237869e+01  -3.4285586e+01
