  -2.1585582e+01  -2.1585582e+01  -2.1585582e+01  -2.1585582e+01  -2.1585582e+01  -2.1585585e+01  -2.1585582e+01  -2.1585582e+01  -2.1585582e+01  -2.1585582e+01  -2.1585582e+01  -2.1585582e+01  -2.1585582e+01  -2.1585582e+01  -2.1585582e+01  -2.1585580e+01  -2.1585582e+01  -2.1585587e+01  -2.1585582e+01  -2.1585582e+01  -2.1585582e+01  -2.1585582e+01  -2.1585582e+01  -2.1585582e+01  -2.1585583e+01  -2.1585582e+01  -2.1585582e+01  -2.1585582e+01  -2.1585583e+01  -2.1585582e+01
   1.5739828e+01   1.5739828e+01   1.5739828e+01   1.7158566e+01   1.5739828e+01   1.6939116e+01   1.5739828e+01   2.0242243e+01   1.5739828e+01   1.5739828e+01   1.8823504e+01   1.5520334e+01   1.7158566e+01   1.5898866e+01   1.6939071e+01   1.5898861e+01   1.5739846e+01   1.8823506e+01   1.5361294e+01   1.3280884e+01   1.7979275e+01   1.4321089e+01   1.3280884e+01   1.7979275e+01   1.5959322e+01   1.1237415e+01   1.5898757e+01   1.4540585e+01   1.9042625e+01   1.3280884e+01
  -2.7641807e+01  -2.7641807e+01  -2.7641807e+01  -2.7641807e+01  -2.7641807e+01  -2.7641809e+01  -2.7641807e+01  -2.7641807e+01  -2.7641807e+01  -2.7641807e+01  -2.7641806e+01  -2.7641807e+01  -2.7641807e+01  -2.7641807e+01  -2.7641807e+01  -2.7641807e+01  -2.7641808e+01  -2.7641822e+01  -2.7641807e+01  -2.7641807e+01  -2.7641807e+01  -2.7641807e+01  -2.7641807e+01  -2.7641807e+01  -2.7641808e+01  -2.7641807e+01  -2.7641807e+01  -2.7641807e+01  -2.7639482e+01  -2.7641807e+01
  -9.2057671e+00  -9.2057671e+00  -9.2057474e+00  -9.1949360e+00  -9.2057671e+00  -1.3892221e+01  -9.2057671e+00  -7.7604540e+00  -9.2057671e+00  -9.2057672e+00  -7.7712754e+00  -1.3903052e+01  -9.1949361e+00  -1.3024538e+01  -1.3892221e+01  -1.3024528e+01  -9.2057669e+00  -7.7712850e+00  -1.0084281e+01  -8.3489151e+00  -1.4759904e+01  -9.2165982e+00  -8.3489151e+00  -1.4759904e+01  -4.5084807e+00  -1.0651079e+01  -1.3024538e+01  -4.5193159e+00  -3.0738744e+00  -8.3489151e+00
   1.7298699e+01   1.3201320e+01   1.5605683e+01   1.7298699e+01   1.5605683e+01   1.7298699e+01   1.5029348e+01   1.1508303e+01   1.9568048e+01   1.7875032e+01   1.5605672e+01   1.7298699e+01   1.3201320e+01   1.7298699e+01   1.9568048e+01   1.5605680e+01   1.9568047e+01   1.5026944e+01   1.5605683e+01   1.7298699e+01   1.5029348e+01   1.9568048e+01   1.5605683e+01   1.9568048e+01   1.7298773e+01   9.2389532e+00   1.7875032e+01   1.3201320e+01   1.3187847e+01   1.5605683e+01
   1.5029372e+01   1.2670551e+01   1.4862814e+01   1.5029372e+01   1.4862707e+01   1.5029370e+01   1.9412631e+01   1.2503886e+01   1.0646115e+01   1.0479450e+01   1.4862537e+01   1.5029372e+01   1.2670551e+01   1.5029372e+01   1.0646115e+01   1.4862772e+01   1.0596085e+01   1.9412630e+01   1.4862707e+01   1.5029372e+01   1.9412631e+01   1.0646115e+01   1.4862707e+01   1.0646115e+01   1.5029372e+01   1.6887145e+01   1.0479450e+01   1.2670551e+01   1.2670576e+01   1.4862707e+01
  -2.3558732e+01  -2.3558732e+01  -2.3558732e+01  -2.3558732e+01  -2.3558732e+01  -2.3558722e+01  -2.3558732e+01  -2.3558732e+01  -2.3558732e+01  -2.3558732e+01  -2.3558731e+01  -2.3558732e+01  -2.3558732e+01  -2.3558732e+01  -2.3558732e+01  -2.3558732e+01  -2.3558715e+01  -2.3558732e+01  -2.3558732e+01  -2.3558732e+01  -2.3558732e+01  -2.3558732e+01  -2.3558732e+01  -2.3558732e+01  -2.3558732e+01  -2.3558732e+01  -2.3558732e+01  -2.3558732e+01  -2.3557976e+01  -2.3558732e+01
   2.4743091e+01   2.4743091e+01   2.4743076e+01   2.4743091e+01   2.4743091e+01   2.4743094e+01   2.4743091e+01   2.4743091e+01   2.4743091e+01   2.4743091e+01   2.4743091e+01   2.4743091e+01   2.4743091e+01   2.4743091e+01   2.4743091e+01   2.4743084e+01   2.4743112e+01   2.4742872e+01   2.4743091e+01   2.4743091e+01   2.4743091e+01   2.4743091e+01   2.4743091e+01   2.4743091e+01   2.4743091e+01   2.4743091e+01   2.4743090e+01   2.4743091e+01   2.4743102e+01   2.4743091e+01
  -6.5050124e+00  -6.5050124e+00  -6.5050111e+00  -6.5050124e+00  -6.5050124e+00  -6.5050123e+00  -6.5050123e+00  -6.5050124e+00  -6.5050124e+00  -6.5050124e+00  -6.5049916e+00  -6.5050124e+00  -6.5050123e+00  -6.5050124e+00  -6.5050124e+00  -6.5050213e+00  -6.5050119e+00  -6.5050124e+00  -6.5050124e+00  -6.5050124e+00  -6.5050124e+00  -6.5050124e+00  -6.5050124e+00  -6.5050124e+00  -6.5050116e+00  -6.5050124e+00  -6.5050125e+00  -6.5050124e+00  -6.5011510e+00  -6.5050124e+00
   3.6192499e+01   3.6192499e+01   3.6192498e+01   3.3118388e+01   3.6192499e+01   3.5548109e+01   3.6192499e+01   3.6441688e+01   3.6192499e+01   3.6192499e+01   3.9513852e+01   3.8622223e+01   3.3118388e+01   3.1691005e+01   3.5548112e+01   3.1677264e+01   3.6192495e+01   3.9515798e+01   4.3123717e+01   3.5409503e+01   3.9405219e+01   3.9266610e+01   3.5409503e+01   3.9405219e+01   3.3710612e+01   3.5943309e+01   3.1691005e+01   3.6836885e+01   3.7086067e+01   3.5409503e+01
   1.3126482e+01   1.3126482e+01   1.3126482e+01   1.3126482e+01   1.3126482e+01   1.3126481e+01   1.3126482e+01   1.3126482e+01   1.3126482e+01   1.3126482e+01   1.3126602e+01   1.3126482e+01   1.3126482e+01   1.3126482e+01   1.3126482e+01   1.3126481e+01   1.3126616e+01   1.3126414e+01   1.3126482e+01   1.3126482e+01   1.3126482e+01   1.3126482e+01   1.3126482e+01   1.3126482e+01   1.3126474e+01   1.3126482e+01   1.3126482e+01   1.3126482e+01   1.3128162e+01   1.3126482e+01
  -4.6864206e+01  -4.6864206e+01  -4.6864206e+01  -4.6864206e+01  -4.6864206e+01  -4.6866815e+01  -4.6864206e+01  -4.6864206e+01  -4.6864206e+01  -4.6864206e+01  -4.6864198e+01  -4.6864206e+01  -4.6864206e+01  -4.6864206e+01  -4.6864206e+01  -4.6864206e+01  -4.6864202e+01  -4.6864154e+01  -4.6864206e+01  -4.6864206e+01  -4.6864206e+01  -4.6864206e+01  -4.6864206e+01  -4.6864206e+01  -4.6864207e+01  -4.6864206e+01  -4.6864206e+01  -4.6864206e+01  -4.6864194e+01  -4.6864206e+01
   9.6401686e+00   9.6401686e+00   9.6401687e+00   9.6401687e+00   9.6401686e+00   9.6401659e+00   9.6401686e+00   9.6401686e+00   9.6401686e+00   9.6401686e+00   9.6401663e+00   9.6401686e+00   9.6401686e+00   9.6401686e+00   9.6401686e+00   9.6401673e+00   9.6401700e+00   9.6401699e+00   9.6401686e+00   9.6401686e+00   9.6401686e+00   9.6401686e+00   9.6401686e+00   9.6401686e+00   9.6401688e+00   9.6401686e+00   9.6401686e+00   9.6401686e+00   9.6400992e+00   9.6401686e+00
   2.8677932e+01   2.8677932e+01   2.8677932e+01   2.8677932e+01   2.8677932e+01   2.8677931e+01   2.8677932e+01   2.8677932e+01   2.8677932e+01   2.8677932e+01   2.8677932e+01   2.8677932e+01   2.8677932e+01   2.8677932e+01   2.8677932e+01   2.8677931e+01   2.8677932e+01   2.8677925e+01   2.8677932e+01   2.8677932e+01   2.8677932e+01   2.8677932e+01   2.8677932e+01   2.8677932e+01   2.8677927e+01   2.8677932e+01   2.8677932e+01   2.8677932e+01   2.8676836e+01   2.8677932e+01
  -1.6783216e+01  -1.6783216e+01  -1.6783216e+01  -2.0435840e+01  -1.6783216e+01  -1.5788991e+01  -1.6783216e+01  -1.5239841e+01  -1.6783216e+01  -1.6783216e+01  -1.1587006e+01  -1.2136356e+01  -2.0435840e+01  -1.2944233e+01  -1.5788981e+01  -1.2944235e+01  -1.6783218e+01  -1.1587233e+01  -1.5975338e+01  -1.0285843e+01  -1.8633728e+01  -1.3130591e+01  -1.0285843e+01  -1.8633728e+01  -2.1430066e+01  -1.8326589e+01  -1.2944234e+01  -1.7777450e+01  -1.6234071e+01  -1.0285843e+01
  -3.6692142e-01  -3.6692141e-01  -3.6251389e+00  -3.6692146e-01   1.7569768e+00   2.8913756e+00  -2.4908197e+00  -3.1064876e+00  -3.6251857e+00  -3.1064876e+00  -3.6746055e-01   1.5177661e-01  -3.6692145e-01  -3.6251857e+00  -9.8258928e-01   1.5177182e-01   2.8913262e+00  -9.8257760e-01  -3.1064876e+00  -2.4908197e+00  -4.2408533e+00   7.6744432e-01  -2.4908198e+00  -3.1064876e+00   1.5178677e-01  -3.6692149e-01  -9.8254440e-01   3.5070097e+00  -2.4877675e+00  -4.6389117e-01
   6.4833829e+00   6.4833829e+00   8.5313075e+00   6.4833829e+00   4.1582510e+00   4.4355518e+00   8.8085148e+00   5.5562423e+00   8.5312294e+00   5.5562424e+00   6.4830078e+00   3.5083958e+00   6.4833829e+00   8.5312294e+00   3.2311105e+00   3.5083893e+00   4.4355258e+00   3.2311348e+00   5.5562423e+00   8.8085147e+00   5.2789571e+00   6.7606683e+00   8.8085148e+00   5.5562423e+00   3.5083999e+00   6.4833829e+00   3.2311813e+00   7.6878086e+00   8.8100777e+00   2.5612369e-01
  -1.3751614e+01  -1.3751614e+01  -1.3751621e+01  -1.3751614e+01  -1.3751614e+01  -1.3751609e+01  -1.3751614e+01  -1.3751614e+01  -1.3751614e+01  -1.3751614e+01  -1.3751620e+01  -1.3751614e+01  -1.3751614e+01  -1.3751614e+01  -1.3751614e+01  -1.3751614e+01  -1.3751614e+01  -1.3751614e+01  -1.3751614e+01  -1.3751614e+01  -1.3751614e+01  -1.3751614e+01  -1.3751614e+01  -1.3751614e+01  -1.3752504e+01  -1.3751614e+01  -1.3751614e+01  -1.3751614e+01  -1.3751602e+01  -1.3751614e+01
  -1.0539733e+01  -1.2105689e+01  -5.8588540e+00  -1.0539733e+01  -5.8588471e+00  -1.0539733e+01  -1.1204460e+01  -7.4248032e+00  -9.8750066e+00  -5.1941205e+00  -5.8588471e+00  -1.0539733e+01  -1.2105689e+01  -1.0539733e+01  -9.8750066e+00  -5.8572738e+00  -9.8750074e+00  -1.1204456e+01  -5.8588470e+00  -1.0539733e+01  -1.1204460e+01  -9.8750066e+00  -5.8588470e+00  -9.8750066e+00  -1.0539734e+01  -8.0895299e+00  -5.1941206e+00  -1.2105689e+01  -1.2132557e+01  -5.8588470e+00
  -2.2612070e+00  -2.2612070e+00  -2.0325522e+00  -2.2612070e+00  -5.4217035e+00  -2.4898220e+00   8.9928952e-01   1.6560660e-01  -2.0325807e+00   1.6560660e-01  -2.2621941e+00  -6.3019708e-02  -2.2612070e+00  -2.0325807e+00  -2.9948899e+00  -6.3026457e-02  -2.4898586e+00  -2.9948883e+00   1.6560659e-01   8.9928952e-01  -2.7662635e+00   6.7066316e-01   8.9928950e-01   1.6560659e-01  -6.3016376e-02  -2.2612070e+00  -2.9948543e+00  -1.7561505e+00   9.0177330e-01  -7.9670258e-01
