 -1.1430852e-164  3.7469128e-163 -4.5268204e-163 -5.0348760e-164  4.4907080e-163  1.4769817e-162 -4.1521154e-163  7.4664757e-163 -4.5320435e-163 -1.2320728e-163 -2.4447367e-163  5.3735778e-163  9.5657537e-163  2.2822169e-163  2.6840732e-163  2.7177462e-165 -8.8801751e-164 -1.4522114e-162 -4.6836006e-163  6.7091570e-165  1.2472614e-162 -6.8601252e-164  6.5711421e-163  6.6245499e-163  2.4332097e-163  1.3307863e-162  9.7995393e-165  3.9703419e-163 -4.5742635e-163  1.3210248e-162
  7.0658432e-167 -6.0445961e-166 -4.5468813e-168 -4.4633987e-166  7.6159799e-166  2.4606485e-166  8.5764642e-166 -6.3696163e-166 -2.7604364e-167  1.9671240e-166 -1.5180436e-168  1.5128614e-166  3.8570946e-166  1.0335052e-166  2.4854508e-166  7.4426522e-169 -4.3383091e-166 -4.9239215e-166  7.8036929e-166 -2.0116112e-167  7.2238389e-166  3.8674474e-166 -3.1806565e-167 -3.2544967e-166 -7.5886052e-166  1.1523407e-165 -5.5007267e-166 -5.9915231e-166 -3.1868491e-167 -1.0847602e-165
 -1.2423452e-166  6.3760183e-166  1.1076338e-165 -1.4993226e-165 -4.6787291e-166 -3.8675256e-167  2.4778057e-166 -5.9288580e-167 -2.4473818e-166 -9.6813855e-167 -2.3414478e-166  1.2963321e-165 -5.9662858e-166  2.4962722e-166 -2.4763588e-167 -1.1244011e-166  2.9132683e-166  8.1594742e-166 -5.9535747e-166 -9.8476566e-168 -2.8003516e-166 -1.2220788e-165 -7.0465497e-166 -1.9973017e-167 -1.5706555e-166 -5.6350047e-166  7.3517348e-167  2.8178375e-166 -2.1734025e-166  2.2702134e-166
 -1.2986074e-166  2.6767341e-166 -1.4508359e-165 -2.0130701e-166 -4.1376943e-166 -4.9803653e-167  6.1631471e-166  1.4616466e-165  9.4620619e-167 -3.0278331e-166 -1.2651786e-166  9.1388915e-166  2.0477379e-166 -2.9077031e-166  1.3958892e-165 -2.4849822e-168 -1.4924199e-166  4.8885685e-166 -1.3264151e-165 -5.2487399e-167  3.7006107e-166  1.1331834e-165  2.0661774e-166 -6.8838262e-166  1.4876016e-165 -5.4944110e-167 -2.5068687e-166 -9.4417564e-166 -7.1113145e-166 -1.5577598e-166
 -2.8169095e-167  1.1143025e-166  2.8199567e-166 -1.2459069e-165  8.0214524e-167  2.9863178e-167  2.9520345e-167  1.1658158e-165  7.6521065e-166  2.0342611e-166 -1.2323460e-166  1.0892062e-165 -3.6892174e-167  4.9239544e-166  4.1976656e-166 -5.7419157e-169  1.1244974e-166 -2.5343969e-166 -8.5259728e-166  4.8592696e-166 -1.0444878e-165 -1.1849331e-165 -1.1624844e-165  1.2850987e-165 -2.8308877e-166  2.9773257e-166 -3.1953212e-166  1.1311387e-165  2.3430081e-166 -1.2969051e-165
 -8.8961588e-167 -7.1916070e-166  3.7607458e-166 -5.1007562e-166 -1.2471006e-166 -7.2674747e-168 -1.3707613e-165  8.5162419e-166 -4.6153562e-166 -3.1990304e-167 -4.5049272e-166 -4.5632874e-166  7.1604241e-166 -4.6767019e-167 -2.7343978e-166  1.4790667e-168  2.0052490e-167 -3.5992988e-166  1.1504085e-165  1.0457905e-167  1.3252053e-166  7.9496070e-167 -6.4726107e-166  2.5315368e-166  9.0354438e-166  4.3032070e-167  4.1883584e-166  3.3957408e-166 -4.8602816e-166 -6.5575844e-166
  1.2844694e-166 -3.6763381e-166 -5.7397706e-166  2.7205791e-166  7.7175341e-166 -6.3813706e-166 -9.4740999e-167  3.0628426e-167  5.4951062e-166 -1.0772233e-166  8.0688104e-167 -1.1724496e-166 -8.2136677e-166  3.8216657e-168 -1.3433565e-165  3.4137093e-168  1.6098187e-169 -1.0222552e-165  7.0778221e-166 -7.3934460e-167 -1.1612581e-165 -4.1967890e-166 -1.5302045e-165  2.2869219e-166  1.3093205e-165 -3.1803435e-166  5.9346166e-166  1.7656984e-166 -1.5358678e-166  1.5483214e-165
 -6.2649421e-168  8.2720401e-166 -1.0649890e-165 -8.8621379e-166  5.5542430e-166 -1.5661550e-166  1.3282586e-166 -3.9067432e-166  3.3575159e-166  6.2263731e-167  6.3600607e-167  1.1774426e-165  1.4644038e-165 -1.1119542e-165  1.0566668e-165 -2.8776111e-168  5.2791908e-166  1.9521810e-166 -8.4891291e-166  9.4568447e-168  2.3891996e-166 -3.9901748e-167 -2.8232486e-166 -5.1641130e-166 -3.2691269e-166 -8.2802835e-166  1.6703428e-166 -4.9391655e-166 -1.5891050e-166 -4.8643770e-166
  1.1971183e-168 -8.6227663e-167 -1.0841219e-165 -1.1065098e-166  3.6695164e-166 -3.1561464e-166 -5.5671520e-166 -1.8562479e-166  1.0579933e-165  4.0550478e-166  1.1527440e-166 -1.3796587e-165  4.9611554e-167  4.7321929e-166  3.1221898e-166 -6.6656239e-170 -2.6529479e-166 -5.6803223e-167 -1.5373180e-165  8.8436761e-169 -6.9004241e-166  4.8932305e-166  7.8995524e-166  9.3482048e-166  3.4757728e-167 -2.7381158e-167 -1.1712445e-166  4.3378157e-166 -4.4939540e-166  1.4340760e-165
 -8.3322517e-167  3.4173978e-166 -1.7185324e-166 -2.1699790e-166 -2.4396173e-166  4.0464470e-166 -8.4962436e-166  2.3268664e-166  5.2230904e-166  3.4101662e-167  2.4728218e-167  1.8776254e-166  6.5809072e-167  2.2862716e-166 -6.9599886e-166 -2.6078302e-168  1.1360628e-166 -2.4084001e-166 -1.4694724e-166  8.5688823e-167 -6.9807191e-167 -5.4805924e-166  5.4949701e-166 -5.4222715e-166 -1.0294400e-165  1.4545856e-165 -5.2725649e-167 -4.1194898e-166 -9.2346832e-166  1.1651416e-165
