   8.1856573e-06   4.1410448e-05  -4.3962564e-05  -2.1768640e-05  -2.9847184e-05   1.8831806e-05   2.3006018e-05   1.3525690e-04  -3.9016338e-06  -3.1671860e-06  -9.1181404e-07   1.5497400e-05  -8.3805345e-06  -1.7879211e-05   3.7230355e-06   1.0992689e-04  -3.0367106e-05   1.2813638e-05  -1.1812666e-07  -4.8597438e-06  -3.4359142e-07   7.3920694e-06   9.2052905e-05  -3.0902025e-08  -3.4240999e-05   1.5415461e-05  -9.5228235e-07   2.7755424e-05  -4.4202755e-05  -8.5650069e-06
   2.1783872e-05   4.5011650e-05  -1.0075911e-05   8.5500359e-06  -9.3179567e-06   2.8678272e-06   4.8463632e-06  -2.4634477e-05   6.7941849e-05  -1.0021793e-05  -1.0832814e-06   2.8110465e-05   7.2515919e-06  -1.5629888e-05  -2.7222044e-06   1.2038570e-06   3.0094963e-05  -1.3548017e-05   1.4841535e-06   3.8918094e-06   2.6423680e-07   3.5888705e-06  -4.5460100e-05  -1.2357713e-08  -1.4268301e-06  -7.1838790e-06  -4.6219818e-06  -2.1848989e-05   2.1502561e-06  -9.4269653e-07
  -2.6931529e-05   2.3109969e-05  -4.5622838e-05  -1.5122402e-05  -1.7704507e-06   4.1334512e-06  -7.1305887e-05   2.5792388e-06   4.5601289e-07  -5.3273147e-07  -3.3943328e-05   5.4746246e-05   4.4063450e-06  -1.2778100e-05  -1.6603947e-07   1.9336309e-06  -2.6010462e-06  -2.7695209e-05   6.5172555e-06   4.6463830e-06  -8.3839147e-06   2.0926667e-05  -1.7610884e-05   5.6524637e-08   1.4756406e-05   1.3462344e-05  -1.0003098e-05  -2.8136144e-06   4.1633606e-06  -4.7042569e-06
   5.5011494e-05  -6.4913088e-06  -8.1696871e-05   2.5637702e-06  -5.5256347e-07  -5.9883183e-06   1.8463321e-05   9.8908232e-06  -1.3215153e-05  -6.7209280e-07  -5.7748538e-06  -5.7742902e-06  -5.7807616e-06  -7.5593515e-06   1.5755702e-06  -1.1202178e-05  -3.8139097e-05   4.3313727e-05  -6.6485209e-06   6.3701352e-06   1.1409492e-06   6.8593438e-05   2.1154974e-05   6.4559432e-09   8.7723733e-06   1.1393805e-05  -4.7961961e-06   3.5636191e-05  -1.1781676e-05  -9.4156895e-07
   4.5684127e-05   2.8581127e-05   1.5880856e-05  -2.2793792e-05   2.3387816e-05  -6.7356189e-05   3.0308619e-05  -1.7821483e-05  -9.2740599e-05   5.7865029e-07  -8.5394776e-06  -1.6874774e-05  -8.7954922e-07  -1.5582601e-05  -1.9926257e-06  -2.1804895e-05  -1.1136319e-04  -1.1029860e-05  -8.8824298e-07  -2.2902568e-06   3.2170892e-07  -3.2839060e-05  -3.2085479e-05   1.7910078e-08  -1.8375633e-05   5.2271638e-05   2.0584690e-05   2.0691309e-06  -7.4539207e-06   7.7067898e-06
  -2.0960396e-05  -3.9290541e-05   1.2041105e-05   2.8156596e-05  -1.6104412e-06  -2.3889270e-05   2.6570872e-06   4.8438965e-05   7.5578236e-05   7.4511219e-07  -1.8500505e-05   5.6445994e-05  -4.8448702e-06   7.8769510e-06  -2.7545913e-06   4.8005136e-05   2.9441661e-05   5.8338493e-06  -6.7017690e-07   5.2270936e-06   5.2733594e-07   5.7186120e-05   4.7237548e-06  -7.3901178e-08  -3.8250866e-05   3.3933160e-05  -1.0361112e-04   3.3410062e-06  -5.3629064e-05   2.2293026e-06
  -6.2596207e-05  -7.3662251e-06  -6.9152465e-05  -4.2306402e-05  -1.4328094e-06  -2.4897946e-05  -6.5894568e-05   9.7597780e-06  -1.0675284e-04  -5.1433668e-07  -1.8055082e-05  -8.4162953e-06   1.5850096e-06  -3.2078415e-06   3.5291992e-07   1.1799448e-05   6.2801713e-05   2.2434950e-05   1.1919562e-06   1.0961419e-06   1.0189091e-05  -2.8855926e-05  -3.4402325e-05   7.9826851e-08  -1.0172237e-05  -1.5194307e-05  -1.0009155e-05   2.0387064e-05  -4.6392971e-06  -3.4166471e-06
  -2.7011879e-05  -1.3355273e-05  -6.7136968e-05  -2.2734623e-05   1.5426138e-05   2.2698995e-05  -5.6525536e-06  -1.7026618e-05   5.4156469e-05   1.3953558e-06   3.8358205e-06  -7.1675874e-06  -1.4951200e-06   1.8437638e-06   6.2235431e-07  -4.9801284e-06   3.6578891e-05   1.2495751e-05   1.8144760e-07   5.8287994e-06   1.5656917e-05   2.1481437e-05  -3.4718681e-05  -7.0253124e-08  -2.2220429e-06   1.2261475e-05   9.9596245e-06  -7.8259048e-06   1.3432084e-06  -6.2230951e-06
  -4.3123096e-05  -7.3097239e-06   2.6142358e-05  -3.0239546e-05  -5.4391055e-06   5.0196287e-06  -5.0821239e-05   1.9166799e-05   1.0373981e-05   6.8107638e-05  -2.0628159e-05  -1.1894271e-05  -7.0984938e-06  -3.0019980e-06   3.6118174e-06  -1.5924309e-05  -2.9375320e-07   3.5348436e-05  -5.7598259e-06   4.8207156e-06  -3.0351900e-06   3.1125844e-05   6.2233726e-05   4.8987928e-08   8.4664227e-06   5.0907649e-07  -4.5685018e-06  -2.2305925e-05  -3.1753547e-06  -5.9378863e-06
  -3.4976336e-05   2.1986603e-05  -2.6465439e-06   5.4552079e-06  -2.2262758e-05   2.6327726e-05   8.5006338e-05   1.9380682e-05   9.7465956e-06   6.4183954e-06   1.6653953e-05  -8.4681813e-06  -4.2518352e-06  -3.3994988e-06   2.6701878e-07  -1.2057209e-05   7.7883117e-05  -7.3401068e-06  -4.1792763e-06  -1.6875282e-06   4.5686663e-06   9.0895721e-07   1.7381699e-05   1.3270344e-09   1.6974348e-05  -1.0841882e-05   4.8342894e-05   1.0033061e-05   8.7082459e-05  -1.3814744e-06
