   6.9657325e-15  -1.7530299e-14   3.0772007e-16   2.3163259e-16  -3.7366947e-15  -1.2588398e-15   4.5895981e-15  -2.0042983e-15   5.2169702e-16   2.1913898e-14   5.1630367e-16  -2.5820512e-14  -3.7702682e-14   1.9632740e-14  -4.1976421e-15   1.9783656e-15   8.5567904e-17  -1.7850019e-15  -3.1213719e-15   3.1966955e-15  -8.9071822e-15   1.2068400e-14  -4.9142831e-15  -2.6671210e-15  -8.4758963e-15  -4.3370922e-16   1.3250336e-14   1.3456148e-14   3.3694592e-16  -1.1236166e-15
  -7.0730991e-15   2.5210284e-14  -8.3381269e-17  -4.7456500e-14   4.5729055e-16  -1.0712423e-15  -6.7933014e-15   1.1357250e-15  -3.8575547e-14   5.8436901e-15   7.8928571e-15   1.4630917e-14  -2.4228521e-14   9.7906082e-15   5.0508868e-15  -1.5964465e-15   2.2186341e-15  -4.5305778e-15  -2.7320509e-15   3.7026549e-15   9.1941474e-15   8.2949045e-15  -2.9266585e-14   1.8944655e-14   8.3706636e-15  -2.1029094e-15   4.5563177e-16   5.5838737e-15  -2.0399562e-15   4.9378908e-15
   5.2498939e-15  -3.1538060e-14   4.8641029e-15  -2.2952120e-14  -1.0490343e-14   5.5372909e-15  -2.4536599e-14  -5.1381593e-15  -1.4631891e-14  -1.9741066e-14   2.4941377e-15   5.1839198e-15  -8.0776051e-15   1.4700436e-14   1.2707798e-14   6.4782381e-15  -9.9571857e-16   1.8545739e-15   7.2747827e-16  -5.9774358e-15  -3.8247648e-15  -2.1771119e-15   4.6443383e-15  -1.4398475e-14  -3.3187017e-15   6.9964132e-16   6.5160753e-15   5.5418050e-15  -3.7273544e-15  -8.4544884e-15
  -1.5338388e-14   1.1520173e-14   1.7373644e-15  -1.9850829e-14   4.4252059e-15   1.4015057e-14   7.3192159e-15   3.0997834e-15   1.9243220e-14   1.1655173e-14  -3.5011259e-15  -3.3893238e-15  -4.9811093e-14   4.5429901e-15  -3.8775789e-15   4.0391639e-15   8.4771041e-16   3.4700651e-16   5.0345067e-15   6.3236590e-16  -3.7377343e-15   4.7593696e-16  -9.8720069e-15  -1.0411099e-14   5.9906943e-15   1.2748329e-15   4.2145401e-15  -1.2169697e-14   2.4998102e-15  -5.3094153e-15
   7.2202408e-15   2.2060523e-14  -2.2315019e-15  -5.5362524e-15  -5.6513840e-15  -3.1814181e-15  -2.2464964e-15  -5.1581161e-15   9.2243177e-15   1.9892303e-14   2.9989479e-15  -1.2391351e-15  -9.6532700e-15  -5.2892322e-15   3.4972502e-15  -7.8308949e-15  -2.0595435e-15  -1.4258688e-15   7.5659315e-15   5.6045266e-15  -1.5114239e-15   1.3913208e-14   3.7578070e-14   5.5628209e-14  -2.3282858e-15   8.3562347e-16   3.3649316e-14  -3.0157584e-14   5.1653345e-15  -3.7184170e-15
  -3.8986930e-14  -8.6970522e-15   9.5270164e-16   1.6758306e-14   1.4407649e-15   4.1617597e-15  -8.1482723e-15  -1.9710619e-14  -2.4615469e-14   5.2494366e-15   5.7930131e-16  -1.9355721e-15   1.5648957e-15   1.8731847e-14  -1.9036880e-15  -2.6956613e-15   1.2944965e-15   5.4965613e-15  -3.2227369e-15   2.5485525e-15  -1.4465788e-14   1.7290400e-14   2.2038779e-15  -1.6491093e-14   1.7968333e-15  -1.2202488e-15  -1.8989447e-14  -6.0706288e-15  -1.0591228e-14  -1.0182192e-14
   1.3092862e-16   1.2233648e-14   2.4376086e-15  -1.3119689e-14  -2.2185199e-15   7.4789142e-15   1.5657173e-14  -2.5671530e-15  -1.2599666e-14  -1.4309891e-14   4.1025402e-15  -3.8041652e-15  -4.6037532e-14  -1.2446642e-14   1.0066752e-15   6.1460987e-15  -1.4313399e-15   8.4305948e-15  -3.7491973e-15  -3.4592630e-16   2.3996429e-14  -6.7541488e-15  -8.7175509e-15  -2.1470697e-14  -5.1095812e-15  -2.5050117e-15   6.1151211e-15  -6.4106999e-15  -2.6988312e-15  -1.1528103e-15
  -2.6728960e-14  -1.1774755e-14  -2.8516994e-15   1.5893395e-14   7.2923883e-15  -3.1600381e-16  -1.0369619e-14   2.1517844e-14   1.7425407e-14  -2.5403587e-14  -1.9958105e-15   1.1191588e-14   2.6652394e-14   4.4081997e-15  -3.4070742e-15  -3.9614496e-15   2.5713200e-15   8.8596736e-16  -4.9001419e-15   7.2165605e-15  -2.2941556e-15   8.6881367e-15  -3.4723450e-14  -5.3507183e-15  -4.5378327e-17  -1.0480807e-15  -1.3252888e-14  -9.6110635e-15   8.0168250e-15   4.0457008e-15
  -1.5601238e-14   1.5054684e-14  -4.1424777e-15   2.8466611e-14  -5.8932570e-15  -3.2767560e-15   3.0851980e-14  -1.3190196e-14  -3.6500121e-14  -6.1121267e-15   4.7782305e-15   5.5682896e-15  -8.7700092e-15  -7.5444052e-15   1.0956508e-14  -1.4048821e-15   3.3795257e-16   2.0286308e-15   6.5117222e-15   3.8494712e-15   3.0973925e-15  -2.6446140e-14  -3.7232002e-14  -1.9400154e-14  -2.4864806e-15  -3.8564998e-16  -4.1037762e-15   1.5665681e-14   1.3332856e-14   4.9716373e-15
   2.8602951e-14  -2.0222018e-14  -6.2536005e-15   4.6699390e-14  -7.8516541e-15  -7.6479317e-16  -5.7733096e-15  -9.9384732e-15   7.4935576e-15   3.2780061e-14  -3.8979640e-15   9.5603526e-15   4.9866254e-14  -4.9454966e-15   1.2387389e-15   1.8662010e-15   1.4574462e-17  -8.4153516e-15   9.4845994e-16  -2.5465228e-16   1.9797099e-14   5.6629517e-15   3.8189083e-14   2.8247073e-14  -2.1345959e-16   8.3439447e-16  -5.1994793e-15  -5.9010499e-16  -8.2496902e-15   7.8027332e-15
   2.3998760e-14  -1.4367494e-15   3.0460349e-15   2.5752139e-14  -8.5145118e-15  -1.4395159e-14  -1.7242373e-14  -2.3931223e-14  -1.7139292e-14  -3.7749472e-14  -6.2559323e-15   8.5950876e-15   5.2510411e-15   2.8735547e-14  -5.4343456e-15   2.7174032e-15  -2.8431218e-15   7.1134792e-15  -1.7012744e-15  -5.0369082e-15   8.7678134e-15   1.3429094e-14  -3.1106849e-15  -6.9585453e-15   8.7701151e-15   1.1812284e-17   6.3623584e-15   2.7359434e-14  -1.0240443e-14   8.7861482e-15
  -7.3443196e-15  -1.8487352e-15   4.7059034e-15   2.6095791e-15   1.4747588e-14   1.3237350e-14   3.0569823e-14   3.9966022e-14   2.5570191e-14   1.1590394e-14   7.2221649e-15  -5.1210938e-15  -9.7726340e-15  -5.5897137e-15   8.0791509e-15   1.6258143e-15  -1.1156399e-15  -1.4983324e-15  -6.0951030e-16   1.3422090e-15  -7.5418347e-15  -4.3634129e-15   2.6912635e-16  -1.0667214e-15   5.9402636e-15  -5.2552926e-16   2.8738060e-14   4.3549305e-15   3.9576515e-15   1.4795317e-14
   1.1777165e-15  -8.9281072e-15   5.5132894e-17   2.2119476e-14  -3.1603571e-14   4.1722431e-15   1.7409800e-15   1.6431489e-14  -9.6318796e-15  -3.0788787e-16  -1.7926208e-15   2.2696362e-15   2.7684283e-14  -2.0455974e-14   1.4133991e-14   3.7765195e-15   4.1508996e-16   4.4802574e-15   3.9584705e-15   7.1767402e-15  -3.4801940e-15  -9.5899750e-16   1.5955559e-14  -8.0329009e-15   9.1884380e-15   1.3715552e-15   7.9864786e-16  -1.0943034e-14   9.5594176e-15   7.3820054e-15
  -2.1533842e-15   4.2783693e-14  -2.0932803e-15  -5.5018081e-15   2.4524144e-15   7.4492470e-15   2.6809255e-14   1.1320271e-14   1.0077463e-16  -9.4415162e-15   1.0959758e-15   2.6216251e-14   2.0598717e-14  -2.1240261e-14  -1.0555853e-15   2.6753617e-15   1.2273402e-15   5.7951415e-15  -4.8033303e-15  -1.5569297e-15  -2.8969678e-15  -6.5274881e-15   2.5979292e-14   6.3935105e-15  -1.3841664e-14   1.0558375e-15  -1.7150862e-14  -8.2371448e-15   2.0846271e-15   6.5830923e-15
   8.1593072e-15  -2.2054589e-14  -1.7859653e-15  -1.9857342e-14   2.5544130e-14  -1.2468159e-14  -8.2049160e-16   9.5685490e-15   8.2288694e-15   2.8451587e-17  -1.4510074e-15   7.4222713e-15   2.2629300e-14  -1.6461723e-14  -1.6803814e-15   4.1026970e-15   2.6856793e-15  -1.0584213e-15  -5.6922754e-15  -6.3233325e-15  -2.2910446e-14  -1.8329132e-14  -1.1682831e-14  -2.4261191e-14   1.1644141e-14   7.0384557e-16  -3.0260363e-14   1.5473101e-14  -4.6939433e-15  -4.5473058e-15
  -1.5149621e-14   5.0493039e-14   1.8229948e-15   1.5096325e-14   2.2614457e-15   6.3238496e-15  -1.2707928e-14  -2.8104621e-14   2.8325555e-14  -9.0756215e-16  -4.2089345e-15  -1.6939711e-14   3.6353048e-14  -5.4760095e-15  -9.8641053e-15  -2.5599235e-16  -2.1624601e-15  -3.9279549e-15   8.8916306e-16  -1.0357742e-14  -4.6512900e-15   1.0318568e-15   5.3481062e-15   3.6603695e-14  -6.9875938e-16   1.2456712e-15   1.7735490e-15  -1.8058338e-14   5.7869475e-15   1.8518042e-15
   7.4040422e-14  -1.0311915e-14  -5.6392523e-16   2.2714721e-14  -3.7458804e-16  -2.8459707e-15  -1.9927043e-14  -2.0933279e-15  -6.5130488e-15   5.0228235e-14  -1.0082434e-14  -1.1584313e-14  -3.1726784e-14   2.1916918e-14   2.5908392e-15  -2.7279063e-15   1.8286933e-15   3.6931176e-16   2.9401149e-15  -1.0823861e-14   6.6025982e-16  -6.3729948e-15  -3.0791488e-15   1.6663486e-14  -9.1408166e-15  -1.7190934e-15   2.7120310e-14  -2.5889149e-14  -2.5495778e-15  -1.5336979e-14
  -4.3517460e-15  -3.2366867e-14   3.9590175e-15  -3.4792559e-14   1.0146589e-14  -2.6356054e-15   1.1705067e-14   2.0306604e-14   9.6210747e-15  -2.1560441e-14   2.0099943e-16  -1.2971798e-14   1.4096849e-14  -5.4155000e-16  -8.7497624e-15  -3.0857279e-15  -2.9235314e-15  -5.3379987e-15   3.9838357e-15   5.6770489e-15  -9.5152631e-15  -2.1843300e-14   6.6700979e-15  -2.6686268e-14   1.1161983e-14   1.4177771e-15  -2.4407219e-15   8.3769970e-15  -3.7092726e-15  -1.0914236e-15
   1.2872633e-14  -1.5451550e-14  -4.6078430e-15  -1.7061091e-14   1.9073131e-14  -9.5949471e-15  -1.1192293e-14   9.8547691e-15   2.9028544e-14  -1.9234112e-14  -7.1413793e-16  -1.6230790e-15   1.7105998e-15  -2.0101524e-14  -3.2946938e-15  -4.9633910e-15   1.7693284e-15  -8.2521544e-15   1.2316673e-17  -5.0911653e-15   7.5814559e-15   9.2389585e-16   9.9115754e-15  -5.5295659e-15  -5.7859469e-15   6.4759598e-17  -5.1718973e-14   1.2302897e-15   5.6176763e-15  -9.7851669e-15
  -3.5692750e-14   2.8046454e-15   7.5041711e-16  -1.0213141e-14  -1.1506389e-14  -1.0566831e-14  -9.4853645e-15  -2.1364868e-14   5.4237063e-15  -4.4149098e-15   2.0186426e-15  -6.2096044e-15   1.9372699e-14  -2.3667456e-15  -1.5796974e-14  -6.8834920e-15  -1.7650377e-15  -5.6986751e-16  -2.0401117e-15   4.8211332e-15   1.2642441e-14   1.1992967e-14  -4.1505861e-15   2.4392763e-16  -1.1418166e-14   4.2448254e-16   1.4122580e-14   3.1095188e-14  -7.8577961e-15  -4.5451878e-16
