   5.0319666e+00   5.0319666e+00   5.0319666e+00   5.0319666e+00   5.0319666e+00   5.0319666e+00   5.0319666e+00   5.0319666e+00   5.0319666e+00   5.0319666e+00   5.0319666e+00   5.0319666e+00   5.0319666e+00   5.0319666e+00   5.0319666e+00   5.0319666e+00   5.0319666e+00   5.0319666e+00   5.0319666e+00   5.0319666e+00   5.0319666e+00   5.0319666e+00   5.0319666e+00   5.0319666e+00   5.0319666e+00   5.0319666e+00   5.0319666e+00   5.0319666e+00   5.0319666e+00   5.0319666e+00
   3.5219997e-01   3.5219997e-01   3.5219997e-01   3.5219997e-01   3.5219997e-01   3.5219997e-01   3.5219997e-01   3.5219997e-01   3.5219997e-01   3.5219997e-01   3.5219997e-01   3.5219997e-01   3.5219997e-01   3.5219997e-01   3.5219997e-01   3.5219997e-01   3.5219997e-01   3.5219997e-01   3.5219997e-01   3.5219997e-01   3.5219997e-01   3.5219997e-01   3.5219997e-01   3.5219997e-01   3.5219997e-01   3.5219997e-01   3.5219997e-01   3.5219997e-01   3.5219997e-01   3.5219997e-01
   7.9042226e+00   7.9042226e+00   7.9042226e+00   7.9042226e+00   7.9042226e+00   7.9042226e+00   7.9042226e+00   7.9042226e+00   7.9042226e+00   7.9042226e+00   7.9042226e+00   7.9042226e+00   7.9042226e+00   7.9042226e+00   7.9042226e+00   7.9042226e+00   7.9042226e+00   7.9042226e+00   7.9042226e+00   7.9042226e+00   7.9042226e+00   7.9042226e+00   7.9042226e+00   7.9042226e+00   7.9042226e+00   7.9042226e+00   7.9042226e+00   7.9042226e+00   7.9042226e+00   7.9042226e+00
   6.8581211e+01   6.8581211e+01   6.8581211e+01   6.8581211e+01   6.8581211e+01   6.8581211e+01   6.8581211e+01   6.8581211e+01   6.8581211e+01   6.8581211e+01   6.8581211e+01   6.8581211e+01   6.8581211e+01   6.8581211e+01   6.8581211e+01   6.8581211e+01   6.8581211e+01   6.8581211e+01   6.8581211e+01   6.8581211e+01   6.8581211e+01   6.8581211e+01   6.8581211e+01   6.8581211e+01   6.8581211e+01   6.8581211e+01   6.8581211e+01   6.8581211e+01   6.8581211e+01   6.8581211e+01
   2.4980952e+01   2.4980952e+01   2.4980952e+01   2.4980952e+01   2.4980952e+01   2.4980952e+01   2.4980952e+01   2.4980952e+01   2.4980952e+01   2.4980952e+01   2.4980952e+01   2.4980952e+01   2.4980952e+01   2.4980952e+01   2.4980952e+01   2.4980952e+01   2.4980952e+01   2.4980952e+01   2.4980952e+01   2.4980952e+01   2.4980952e+01   2.4980952e+01   2.4980952e+01   2.4980952e+01   2.4980952e+01   2.4980952e+01   2.4980952e+01   2.4980952e+01   2.4980952e+01   2.4980952e+01
  -5.5595818e+01  -5.5595818e+01  -5.5595818e+01  -5.5595818e+01  -5.5595818e+01  -5.5595818e+01  -5.5595818e+01  -5.5595818e+01  -5.5595818e+01  -5.5595818e+01  -5.5595818e+01  -5.5595818e+01  -5.5595818e+01  -5.5595818e+01  -5.5595818e+01  -5.5595818e+01  -5.5595818e+01  -5.5595818e+01  -5.5595818e+01  -5.5595818e+01  -5.5595818e+01  -5.5595818e+01  -5.5595818e+01  -5.5595818e+01  -5.5595818e+01  -5.5595818e+01  -5.5595818e+01  -5.5595818e+01  -5.5595818e+01  -5.5595818e+01
   1.8159602e+01   1.8159602e+01   1.8159602e+01   1.8159602e+01   1.8159602e+01   1.8159602e+01   1.8159602e+01   1.8159602e+01   1.8159602e+01   1.8159602e+01   1.8159602e+01   1.8159602e+01   1.8159602e+01   1.8159602e+01   1.8159602e+01   1.8159602e+01   1.8159602e+01   1.8159602e+01   1.8159602e+01   1.8159602e+01   1.8159602e+01   1.8159602e+01   1.8159602e+01   1.8159602e+01   1.8159602e+01   1.8159602e+01   1.8159602e+01   1.8159602e+01   1.8159602e+01   1.8159602e+01
   3.4170121e+01   3.4170121e+01   3.4170121e+01   3.4170121e+01   3.4170121e+01   3.4170121e+01   3.4170121e+01   3.4170121e+01   3.4170121e+01   3.4170121e+01   3.4170121e+01   3.4170121e+01   3.4170121e+01   3.4170121e+01   3.4170121e+01   3.4170121e+01   3.4170121e+01   3.4170121e+01   3.4170121e+01   3.4170121e+01   3.4170121e+01   3.4170121e+01   3.4170121e+01   3.4170121e+01   3.4170121e+01   3.4170121e+01   3.4170121e+01   3.4170121e+01   3.4170121e+01   3.4170121e+01
  -4.5829715e+00  -4.5829715e+00  -4.5829715e+00  -4.5829715e+00  -4.5829715e+00  -4.5829715e+00  -4.5829715e+00  -4.5829715e+00  -4.5829715e+00  -4.5829715e+00  -4.5829715e+00  -4.5829715e+00  -4.5829715e+00  -4.5829715e+00  -4.5829715e+00  -4.5829715e+00  -4.5829715e+00  -4.5829715e+00  -4.5829715e+00  -4.5829715e+00  -4.5829715e+00  -4.5829715e+00  -4.5829715e+00  -4.5829715e+00  -4.5829715e+00  -4.5829715e+00  -4.5829715e+00  -4.5829715e+00  -4.5829715e+00  -4.5829715e+00
   3.9201749e+01   3.9201749e+01   3.9201749e+01   3.9201749e+01   3.9201749e+01   3.9201749e+01   3.9201749e+01   3.9201749e+01   3.9201749e+01   3.9201749e+01   3.9201749e+01   3.9201749e+01   3.9201749e+01   3.9201749e+01   3.9201749e+01   3.9201749e+01   3.9201749e+01   3.9201749e+01   3.9201749e+01   3.9201749e+01   3.9201749e+01   3.9201749e+01   3.9201749e+01   3.9201749e+01   3.9201749e+01   3.9201749e+01   3.9201749e+01   3.9201749e+01   3.9201749e+01   3.9201749e+01
