  -7.6762310e+00  -7.6762310e+00  -7.6762310e+00  -7.6762310e+00  -7.6762310e+00  -7.6762310e+00  -7.6762310e+00  -7.6762310e+00  -7.6762310e+00   3.0876933e+00   3.0876934e+00   3.0876934e+00   3.0876934e+00   3.0876934e+00   3.0876934e+00   3.0876934e+00   3.0876934e+00   3.0876934e+00   3.0876934e+00   3.0876934e+00   3.0876934e+00   3.0876934e+00   3.0876933e+00   3.0909501e+00   3.0909501e+00   3.0909501e+00   3.0909501e+00   3.0909502e+00   3.0889364e+00   3.0890325e+00
   5.2469167e+01   5.2469167e+01   5.2469167e+01   5.2469167e+01   5.2469167e+01   5.2469167e+01   5.2469167e+01   5.2469167e+01   5.2469167e+01   5.7279548e+01   5.7279548e+01   5.7279548e+01   5.7279548e+01   5.7279548e+01   5.7279548e+01   5.7279548e+01   5.7279548e+01   5.7279548e+01   5.7279548e+01   5.7279548e+01   5.7279548e+01   5.7279548e+01   5.7279548e+01   5.7320738e+01   5.7320738e+01   5.7320738e+01   5.7320738e+01   5.7320738e+01   5.7320724e+01   5.7320943e+01
   1.2772541e+01   1.2772541e+01   1.2772541e+01   1.2772541e+01   1.2772541e+01   1.2772541e+01   1.2772541e+01   1.2772541e+01   1.2772541e+01   1.3587258e+01   1.3587258e+01   1.3587258e+01   1.3587258e+01   1.3587258e+01   1.3587258e+01   1.3587258e+01   1.3587258e+01   1.3587258e+01   1.3587258e+01   1.3587258e+01   1.3587258e+01   1.3587258e+01   1.3587258e+01   1.4477122e+01   1.4477122e+01   1.4477122e+01   1.4477122e+01   1.4477122e+01   1.4476999e+01   1.4476832e+01
   1.4794652e+00   1.4794652e+00   1.4794652e+00   1.4794652e+00   1.4794652e+00   1.4794652e+00   1.4794652e+00   1.4794652e+00   1.4794652e+00   3.3079312e-01   3.3079307e-01   3.3079307e-01   3.3079311e-01   3.3079307e-01   3.3079311e-01   3.3079307e-01   3.3079310e-01   3.3079311e-01   3.3079297e-01   3.3079308e-01   3.3079308e-01   3.3079308e-01   3.3079308e-01   3.6966172e-01   3.6966172e-01   3.6966171e-01   3.6966172e-01   3.6966171e-01   3.6974802e-01   3.6985397e-01
   1.1484888e+01   1.1484888e+01   1.1484888e+01   1.1484888e+01   1.1484888e+01   1.1484888e+01   1.1484888e+01   1.1484888e+01   1.1484888e+01   7.4935941e+00   7.4935942e+00   7.4935941e+00   7.4935941e+00   7.4935941e+00   7.4935941e+00   7.4935941e+00   7.4935941e+00   7.4935941e+00   7.4935941e+00   7.4935941e+00   7.4935941e+00   7.4935941e+00   7.4935941e+00   7.4951376e+00   7.4951376e+00   7.4951376e+00   7.4951376e+00   7.4951376e+00   7.4950645e+00   7.4950375e+00
   6.0167492e+01   6.0167492e+01   6.0167492e+01   6.0167492e+01   6.0167492e+01   6.0167492e+01   6.0167492e+01   6.0167492e+01   6.0167492e+01   5.0552791e+01   5.0552791e+01   5.0552791e+01   5.0552791e+01   5.0552791e+01   5.0552791e+01   5.0552791e+01   5.0552791e+01   5.0552791e+01   5.0552791e+01   5.0552791e+01   5.0552791e+01   5.0552791e+01   5.0552791e+01   5.0553177e+01   5.0553177e+01   5.0553177e+01   5.0553177e+01   5.0553177e+01   5.0553312e+01   5.0553435e+01
  -1.6840449e+01  -1.6840449e+01  -1.6840449e+01  -1.6840449e+01  -1.6840449e+01  -1.6840449e+01  -1.6840449e+01  -1.6840449e+01  -1.6840449e+01  -3.4440484e+01  -3.4440484e+01  -3.4440484e+01  -3.4440484e+01  -3.4440484e+01  -3.4440484e+01  -3.4440484e+01  -3.4440484e+01  -3.4440484e+01  -3.4440484e+01  -3.4440484e+01  -3.4440484e+01  -3.4440484e+01  -3.4440484e+01  -3.4440636e+01  -3.4440636e+01  -3.4440636e+01  -3.4440636e+01  -3.4440636e+01  -3.4440599e+01  -3.4440646e+01
  -7.0556148e+01  -7.0556148e+01  -7.0556148e+01  -7.0556148e+01  -7.0556148e+01  -7.0556148e+01  -7.0556148e+01  -7.0556148e+01  -7.0556148e+01  -9.9389015e+01  -9.9389015e+01  -9.9389015e+01  -9.9389015e+01  -9.9389015e+01  -9.9389015e+01  -9.9389015e+01  -9.9389015e+01  -9.9389015e+01  -9.9389015e+01  -9.9389015e+01  -9.9389015e+01  -9.9389015e+01  -9.9389015e+01  -9.9389485e+01  -9.9389485e+01  -9.9389485e+01  -9.9389485e+01  -9.9389485e+01  -9.9389454e+01  -9.9389615e+01
  -5.0390108e+01  -5.0390108e+01  -5.0390108e+01  -5.0390108e+01  -5.0390108e+01  -5.0390108e+01  -5.0390108e+01  -5.0390108e+01  -5.0390108e+01  -9.0288469e+01  -9.0288469e+01  -9.0288469e+01  -9.0288469e+01  -9.0288469e+01  -9.0288469e+01  -9.0288469e+01  -9.0288469e+01  -9.0288469e+01  -9.0288469e+01  -9.0288469e+01  -9.0288469e+01  -9.0288469e+01  -9.0288469e+01  -9.0288511e+01  -9.0288511e+01  -9.0288511e+01  -9.0288511e+01  -9.0288512e+01  -9.0288427e+01  -9.0288449e+01
  -2.0118641e+01  -2.0118641e+01  -2.0118641e+01  -2.0118641e+01  -2.0118641e+01  -2.0118641e+01  -2.0118641e+01  -2.0118641e+01  -2.0118641e+01  -6.4984008e+01  -6.4984008e+01  -6.4984008e+01  -6.4984008e+01  -6.4984008e+01  -6.4984008e+01  -6.4984008e+01  -6.4984008e+01  -6.4984008e+01  -6.4984008e+01  -6.4984008e+01  -6.4984008e+01  -6.4984008e+01  -6.4984008e+01  -6.4984025e+01  -6.4984025e+01  -6.4984025e+01  -6.4984025e+01  -6.4984025e+01  -6.4984038e+01  -6.4984050e+01
  -5.1667327e+01  -5.1667327e+01  -5.1667327e+01  -5.1667327e+01  -5.1667327e+01  -5.1667327e+01  -5.1667327e+01  -5.1667327e+01  -5.1667327e+01  -1.0000000e+02  -1.0000000e+02  -1.0000000e+02  -1.0000000e+02  -1.0000000e+02  -1.0000000e+02  -1.0000000e+02  -1.0000000e+02  -1.0000000e+02  -1.0000000e+02  -1.0000000e+02  -1.0000000e+02  -1.0000000e+02  -1.0000000e+02  -1.0000000e+02  -1.0000000e+02  -1.0000000e+02  -1.0000000e+02  -1.0000000e+02  -1.0000000e+02  -1.0000000e+02
   3.7456760e+01   3.7456760e+01   3.7456760e+01   3.7456760e+01   3.7456760e+01   3.7456760e+01   3.7456760e+01   3.7456760e+01   3.7456760e+01  -8.3395362e+00  -8.3395362e+00  -8.3395361e+00  -8.3395362e+00  -8.3395361e+00  -8.3395361e+00  -8.3395361e+00  -8.3395361e+00  -8.3395362e+00  -8.3395362e+00  -8.3395361e+00  -8.3395362e+00  -8.3395361e+00  -8.3395362e+00  -8.3394258e+00  -8.3394258e+00  -8.3394258e+00  -8.3394258e+00  -8.3394258e+00  -8.3394496e+00  -8.3366149e+00
   5.0326056e+01   5.0326056e+01   5.0326056e+01   5.0326056e+01   5.0326056e+01   5.0326056e+01   5.0326056e+01   5.0326056e+01   5.0326056e+01   2.4568418e+00   2.4568418e+00   2.4568417e+00   2.4568418e+00   2.4568418e+00   2.4568418e+00   2.4568418e+00   2.4568418e+00   2.4568417e+00   2.4568418e+00   2.4568418e+00   2.4568418e+00   2.4568418e+00   2.4568418e+00   2.4570483e+00   2.4570484e+00   2.4570484e+00   2.4570484e+00   2.4570483e+00   2.4571526e+00   3.4339291e+00
   2.3513872e+01   2.3513872e+01   2.3513872e+01   2.3513872e+01   2.3513872e+01   2.3513872e+01   2.3513872e+01   2.3513872e+01   2.3513872e+01  -2.4857655e+01  -2.4857655e+01  -2.4857655e+01  -2.4857655e+01  -2.4857655e+01  -2.4857655e+01  -2.4857655e+01  -2.4857655e+01  -2.4857655e+01  -2.4857655e+01  -2.4857655e+01  -2.4857655e+01  -2.4857655e+01  -2.4857655e+01  -2.4857644e+01  -2.4857644e+01  -2.4857644e+01  -2.4857644e+01  -2.4857644e+01  -2.4857553e+01  -2.4856203e+01
   5.9553777e+00   5.9553777e+00   5.9553777e+00   5.9553777e+00   5.9553777e+00   5.9553777e+00   5.9553777e+00   5.9553777e+00   5.9553777e+00  -4.2964319e+01  -4.2964319e+01  -4.2964319e+01  -4.2964319e+01  -4.2964319e+01  -4.2964319e+01  -4.2964319e+01  -4.2964319e+01  -4.2964319e+01  -4.2964319e+01  -4.2964319e+01  -4.2964319e+01  -4.2964319e+01  -4.2964319e+01  -4.2964335e+01  -4.2964335e+01  -4.2964335e+01  -4.2964335e+01  -4.2964335e+01  -4.2964228e+01  -4.2964230e+01
   3.3991642e+00   3.3991642e+00   3.3991642e+00   3.3991642e+00   3.3991642e+00   3.3991642e+00   3.3991642e+00   3.3991642e+00   3.3991642e+00  -3.9989188e+01  -3.9989188e+01  -3.9989188e+01  -3.9989188e+01  -3.9989188e+01  -3.9989188e+01  -3.9989188e+01  -3.9989188e+01  -3.9989188e+01  -3.9989188e+01  -3.9989188e+01  -3.9989188e+01  -3.9989188e+01  -3.9989188e+01  -3.9989033e+01  -3.9989033e+01  -3.9989033e+01  -3.9989033e+01  -3.9989033e+01  -3.9989018e+01  -3.9988967e+01
  -6.6264203e+01  -6.6264203e+01  -6.6264203e+01  -6.6264203e+01  -6.6264203e+01  -6.6264203e+01  -6.6264203e+01  -6.6264203e+01  -6.6264203e+01  -1.0000000e+02  -1.0000000e+02  -1.0000000e+02  -1.0000000e+02  -1.0000000e+02  -1.0000000e+02  -1.0000000e+02  -1.0000000e+02  -1.0000000e+02  -1.0000000e+02  -1.0000000e+02  -1.0000000e+02  -1.0000000e+02  -1.0000000e+02  -1.0000000e+02  -1.0000000e+02  -1.0000000e+02  -1.0000000e+02  -1.0000000e+02  -1.0000000e+02  -1.0000000e+02
   3.0741799e+01   3.0741799e+01   3.0741799e+01   3.0741799e+01   3.0741799e+01   3.0741799e+01   3.0741799e+01   3.0741799e+01   3.0741799e+01  -9.7137637e+00  -9.7137637e+00  -9.7137636e+00  -9.7137637e+00  -9.7137638e+00  -9.7137637e+00  -9.7137638e+00  -9.7137637e+00  -9.7137637e+00  -9.7137637e+00  -9.7137638e+00  -9.7137637e+00  -9.7137637e+00  -9.7137637e+00  -9.7136728e+00  -9.7136728e+00  -9.7136727e+00  -9.7136728e+00  -9.7136728e+00  -9.7060326e+00  -9.7137045e+00
  -1.1802966e+01  -1.1802966e+01  -1.1802966e+01  -1.1802966e+01  -1.1802966e+01  -1.1802966e+01  -1.1802966e+01  -1.1802966e+01  -1.1802966e+01  -5.7991769e+01  -5.7991769e+01  -5.7991769e+01  -5.7991769e+01  -5.7991769e+01  -5.7991769e+01  -5.7991769e+01  -5.7991769e+01  -5.7991769e+01  -5.7991769e+01  -5.7991769e+01  -5.7991769e+01  -5.7991769e+01  -5.7991769e+01  -5.7991595e+01  -5.7991595e+01  -5.7991595e+01  -5.7991595e+01  -5.7991595e+01  -5.7014265e+01  -5.7991452e+01
   5.6938897e+00   5.6938897e+00   5.6938897e+00   5.6938897e+00   5.6938897e+00   5.6938897e+00   5.6938897e+00   5.6938897e+00   5.6938897e+00  -4.1749728e+01  -4.1749728e+01  -4.1749728e+01  -4.1749728e+01  -4.1749728e+01  -4.1749728e+01  -4.1749728e+01  -4.1749728e+01  -4.1749728e+01  -4.1749728e+01  -4.1749728e+01  -4.1749728e+01  -4.1749728e+01  -4.1749728e+01  -4.1749675e+01  -4.1749675e+01  -4.1749675e+01  -4.1749675e+01  -4.1749675e+01  -4.1746767e+01  -4.1749631e+01
