   2.1182780e+01   2.0318273e+01   4.6456659e+00   2.2162911e+01   2.2162911e+01   2.1970328e+01   2.2162972e+01   5.5101733e+00   2.0990197e+01   5.5101734e+00  -4.4065107e+01   2.0318273e+01  -4.3084976e+01   7.1622279e+00   1.7583681e+01   5.3175898e+00   7.3548112e+00   6.2977206e+00  -4.3277560e+01   2.1182780e+01   2.0318273e+01   2.1182780e+01   2.1970328e+01   7.1622279e+00   2.3636594e+01   2.1182780e+01   2.1791957e+01   5.3175898e+00  -4.3455931e+01  -4.4065107e+01
  -2.0018660e+01  -3.4719399e+01  -2.3289056e+01  -2.3289056e+01  -2.3289056e+01  -3.1549844e+01  -2.3165723e+01  -3.6803464e+01  -2.0018660e+01  -2.3188216e+01  -2.0018660e+01  -1.3263181e+01  -3.1449003e+01  -2.3289056e+01  -2.3289056e+01  -1.0020030e+01  -4.1894696e+01  -4.5064251e+01  -3.6803477e+01  -3.1868820e+01  -5.4409806e+01  -3.1549844e+01  -5.4409806e+01  -4.5064251e+01  -3.3633908e+01  -5.7999179e+01  -4.1894696e+01  -4.7148316e+01  -3.6803464e+01  -9.4155413e+01
   8.4468007e+01   6.8876734e+01   7.2086138e+01   7.2086138e+01   7.2086138e+01   7.3824218e+01   7.9516465e+01   2.7972571e+01   8.4468007e+01   7.9520523e+01   8.4468007e+01   8.7735921e+01   8.1258603e+01   7.2086138e+01   7.2086138e+01   1.0000000e+02   3.4658135e+01   2.9710651e+01   2.7972604e+01   5.0307919e+01   9.1703948e+01   7.3824218e+01   9.1703948e+01   2.9710651e+01   3.2920055e+01   5.5805779e+01   3.4658135e+01  -1.1193512e+01   2.7972571e+01   4.5653856e+01
  -4.2300864e+01  -4.4893108e+01  -4.6539673e+01  -6.0288943e+01  -6.0288943e+01  -6.2120639e+01  -6.0288960e+01  -4.3947430e+01  -4.4132560e+01  -4.3947429e+01  -4.9155813e+01  -4.4893108e+01  -6.7143892e+01  -6.1174961e+01  -5.3092843e+01  -4.5779126e+01  -5.9343265e+01  -6.3767205e+01  -6.8975596e+01  -4.2300864e+01  -4.4893108e+01  -4.2300864e+01  -6.2120639e+01  -6.1174961e+01  -5.1902715e+01  -4.2300864e+01  -3.6506880e+01  -4.5779125e+01  -4.3361828e+01  -4.9155813e+01
   2.8385248e+01   3.8248116e+01   2.3316136e+01   4.4393263e+01   4.4393263e+01   2.8385248e+01   3.8248104e+01   2.4392172e+01   6.0427776e+01   4.4419761e+01   3.9324152e+01   2.4392172e+01   2.3316136e+01   2.4981553e+01   2.8385248e+01   2.9461283e+01   2.9461283e+01   3.8248116e+01   2.4392171e+01   3.8248116e+01   4.4419761e+01   5.5948046e+01   5.9351740e+01   5.9351741e+01   4.5495796e+01   2.3316136e+01   5.9351741e+01   3.9324152e+01   6.0427776e+01   4.4419761e+01
   1.1347596e+01   2.5834890e+01   2.4620643e+01   2.2876968e+01   2.2876968e+01   2.8327876e+01   2.2877078e+01   1.0133349e+01   1.6798503e+01   1.0133349e+01   6.2924662e+00   2.5834890e+01   1.7821839e+01   1.2626334e+01   7.1660810e+01   1.5584256e+01   7.1754275e+00   2.7113628e+01   2.3272733e+01   1.1347596e+01   2.5834890e+01   1.1347596e+01   2.8327876e+01   1.2626335e+01  -8.8525271e+00   1.1347596e+01  -5.8946059e+00   1.5584256e+01  -1.0949736e+01   6.2924661e+00
  -3.3195497e+00   2.3786060e+00   2.3389044e+00   3.1748664e+00   3.1748664e+00  -1.1546315e+01   3.1748421e+00  -3.3592515e+00  -1.8040731e+01  -3.3592517e+00  -3.4848354e+00   2.3786061e+00   3.0095805e+00  -1.7284173e+01   2.0402900e+01  -1.8080433e+01  -2.5629915e+00  -1.1586017e+01  -1.1700293e+01  -3.3195498e+00   2.3786063e+00  -3.3195498e+00  -1.1546315e+01  -1.7284173e+01   4.4042459e+01  -3.3195498e+00   4.3246199e+01  -1.8080433e+01   4.3080913e+01  -3.4848355e+00
  -5.8733017e+01  -7.2959309e+01  -6.8735850e+01  -5.1470681e+01  -5.1470681e+01  -5.8733018e+01  -7.2959368e+01  -5.7250055e+01  -1.9829918e+01  -2.7092255e+01  -6.1473514e+01  -5.7250055e+01  -6.8735850e+01  -9.5064657e+01  -5.8733017e+01  -4.7247222e+01  -4.7247222e+01  -7.2959309e+01  -5.7250054e+01  -7.2959309e+01  -2.7092255e+01  -6.7647353e+01  -3.1315713e+01  -3.1315713e+01  -1.5606460e+01  -6.8735850e+01  -3.1315713e+01  -6.1473514e+01  -1.9829918e+01  -2.7092255e+01
  -5.4035483e+01  -6.8176628e+01  -6.5173939e+01  -6.7842635e+01  -6.7842635e+01  -5.4035483e+01  -6.8066187e+01  -7.5978402e+01  -3.2609691e+01  -1.8802539e+01  -7.8981091e+01  -7.5978402e+01  -6.5173939e+01  -1.9859020e+01  -5.4035483e+01  -6.4839946e+01  -6.4839946e+01  -6.8176628e+01  -7.5977459e+01  -6.8176628e+01  -1.8802539e+01   1.2371235e+01  -2.1805228e+01  -2.1805228e+01  -2.9607002e+01  -6.5173939e+01  -2.1805228e+01  -7.8981091e+01  -3.2609691e+01  -1.8802539e+01
   1.1325638e+00  -7.8976367e+00   7.9008622e+00   7.9008623e+00   7.9008623e+00   5.8569662e+00  -1.2614984e+01   1.5555606e+01   1.1325638e+00  -1.2622039e+01   1.1325637e+00   5.1409149e+01  -1.4665935e+01   7.9008621e+00   7.9008621e+00   4.4653374e+01   2.7266313e+01   1.3511711e+01   1.5555593e+01   7.0774600e+01  -7.3765439e+00   5.8569660e+00  -7.3765438e+00   1.3511710e+01   2.9310209e+01   6.4309389e+01   2.7266313e+01   3.6964954e+01   1.5555607e+01   1.4335890e+01
