   4.1862904e+01   4.4938613e+01   4.2316037e+01   3.2253018e+01   4.1267280e+01   4.1364800e+01   3.2327851e+01   3.2311931e+01   4.1571147e+01   4.1634705e+01   4.3407888e+01   3.3513196e+01   4.2776043e+01   2.7884043e+01   4.1814932e+01   4.2310519e+01   3.2118264e+01   3.1168897e+01   3.6911402e+01   4.5545442e+01   4.1770704e+01   4.6720810e+01   3.2056062e+01   4.5172162e+01   4.0900259e+01   3.3356374e+01   4.0855930e+01   4.1714084e+01   4.1288889e+01   3.9656351e+01
   3.2876177e+01   3.9966650e+01   4.4987574e+01   4.0370881e+01   2.8760092e+01   4.2214936e+01   3.1435880e+01   3.1442014e+01   4.2317482e+01   3.2725799e+01   4.5824107e+01   4.0150939e+01   4.6963695e+01   4.2382511e+01   3.2842599e+01   3.7980865e+01   4.0413079e+01   4.0677434e+01   3.0970518e+01   4.0760597e+01   4.2480360e+01   4.1795291e+01   4.2677296e+01   4.5361385e+01   3.2294043e+01   4.0166862e+01   4.4045269e+01   3.2796395e+01   3.7064800e+01   2.7945032e+01
   3.8052456e+01   3.8992991e+01   3.7458590e+01   2.9647354e+01   3.9735661e+01   4.2470589e+01   2.7387841e+01   4.0720727e+01   3.5536721e+01   3.8081304e+01   4.5605914e+01   3.9108343e+01   4.4792150e+01   4.0484539e+01   3.8069154e+01   3.8239633e+01   3.9231796e+01   2.6022767e+01   2.7594580e+01   3.9416173e+01   3.5672739e+01   4.0039116e+01   3.5677410e+01   3.8235991e+01   4.0469085e+01   2.9550961e+01   4.1818802e+01   3.8034322e+01   3.7959793e+01   4.0268821e+01
   4.1407846e+01   4.1929778e+01   4.1110798e+01   2.9433720e+01   3.2752762e+01   3.9770055e+01   4.1470244e+01   3.3412455e+01   3.1040244e+01   4.1416287e+01   4.3304927e+01   3.7259419e+01   4.7106251e+01   3.1127355e+01   4.1424700e+01   4.1526530e+01   4.4212142e+01   4.2285293e+01   4.1384913e+01   4.4322907e+01   4.0456422e+01   3.2944689e+01   3.1044819e+01   4.1504024e+01   3.8438776e+01   4.4509729e+01   3.2161275e+01   3.6743639e+01   4.5090500e+01   3.7863730e+01
  -8.4957773e+01  -9.6408879e+01  -8.5140612e+01  -8.3576236e+01  -8.8832271e+01  -8.7982242e+01  -9.6681597e+01  -8.6720477e+01  -8.6037924e+01  -8.4953969e+01  -8.3613986e+01  -9.8177540e+01  -8.6972493e+01  -9.9376174e+01  -8.4940610e+01  -8.6964424e+01  -8.4962515e+01  -8.6503315e+01  -8.4959798e+01  -8.4874153e+01  -8.5494664e+01  -8.4965260e+01  -8.8240086e+01  -8.7039314e+01  -8.6342656e+01  -8.4681486e+01  -8.8702149e+01  -8.8934919e+01  -8.8993731e+01  -8.8699448e+01
   1.0492492e+00   6.9842329e+00   5.6567663e+00   2.3130349e+00  -1.4675918e+00   8.5573912e+00   7.0462817e+00  -2.8965898e-01   1.8033684e-01   5.8799928e+00   6.9207748e+00  -1.2249029e+00   9.2067479e+00   8.0162357e+00   1.0844906e+01   9.2515533e+00   1.0801617e+01   4.4973626e+00   1.2933486e+01   1.0879157e+01   5.6116806e+00   6.1392139e+00   8.4099425e+00   1.4268069e+01   9.6725381e+00   6.4421081e+00   8.1506742e+00  -5.2866933e+00   1.0163803e+01   1.1916352e+01
   2.1181162e+01   2.2534436e+01   2.1919004e+01   2.1164496e+01   1.0536617e+01   1.3810525e+01   2.4707325e+01   2.1364323e+01   1.2262357e+01   2.5796960e+01   2.4639633e+01   2.1587030e+01   2.3888925e+01   2.3039138e+01   2.5263783e+01   1.2146786e+01   2.5201128e+01   2.1513402e+01   2.2852614e+01   1.9951834e+01   2.4071933e+01   2.2131566e+01   2.3361607e+01   2.4258709e+01   1.9349002e+01   1.7479241e+01   2.5329613e+01   2.7576694e+01   2.0522622e+01   2.6246785e+01
   5.1621189e+01   5.0236535e+01   5.2003029e+01   4.9438603e+01   5.2055478e+01   5.0733537e+01   4.6931027e+01   5.1722681e+01   4.0176997e+01   4.2985077e+01   5.1766677e+01   5.1825413e+01   5.3287217e+01   3.7139308e+01   4.7408640e+01   4.8936798e+01   5.2233445e+01   5.1759046e+01   4.0793105e+01   4.8901890e+01   3.9471124e+01   4.9991390e+01   5.4523528e+01   3.9616354e+01   5.0896493e+01   4.8306266e+01   4.7615085e+01   4.4743891e+01   5.2934145e+01   4.7822712e+01
   6.4369271e+01   6.1215024e+01   5.2818754e+01   6.2802616e+01   6.4732511e+01   5.1869212e+01   6.1625465e+01   6.4465727e+01   4.8110343e+01   6.0999967e+01   5.7597505e+01   5.7468612e+01   5.3939891e+01   6.0585585e+01   5.0164882e+01   4.7043566e+01   6.2759331e+01   5.2623990e+01   5.0132240e+01   6.4136159e+01   6.1744122e+01   6.1046457e+01   5.5191744e+01   5.9379166e+01   5.1993627e+01   6.0065598e+01   5.0263519e+01   5.8880543e+01   6.3415365e+01   5.9795766e+01
  -1.2463923e+01  -5.4080789e+00  -8.0949009e+00  -4.1371164e-01  -2.2538944e+00  -7.9626872e+00  -2.9915504e+00  -2.5411474e+00  -1.5153412e+01  -5.5720706e+00  -7.4087110e+00  -7.4710844e+00  -1.7296326e+01  -5.8506093e+00  -7.5102881e+00  -5.9482738e+00  -4.1781526e+00  -4.1915604e+00  -7.4916970e+00  -2.8756263e+00  -1.2814393e+00  -1.0230062e+01  -5.8434242e+00  -2.8271719e+00  -7.9906810e+00  -1.5805855e+01  -5.2906940e+00  -6.8652857e+00  -8.4222874e+00  -4.2350031e+00
   4.4596984e+00   2.8168167e+00   5.6949446e+00   7.7042944e+00   5.1215529e+00  -3.7835854e+00   4.4081103e+00   4.7730553e+00   4.6376987e+00   7.2569573e+00   6.0710298e+00   6.0069058e+00  -3.4832811e+00  -2.6335019e+00  -3.5843077e+00   2.0997584e+00   8.3777491e+00   8.3752738e+00   1.2844850e+00   9.6120944e+00   6.7102864e+00   7.0345939e+00   2.2482821e+00  -1.6096637e-01   7.8906974e+00   4.7597401e+00   7.4365972e+00  -3.2626942e+00   5.5392014e+00   3.0734818e+00
   3.6563086e+01   3.8067262e+01   2.7633698e+01   4.0802318e+01   2.7328282e+01   3.9741588e+01   2.6994444e+01   3.8867309e+01   2.7123519e+01   2.8701750e+01   3.7492069e+01   3.9570360e+01   2.6881841e+01   3.5543713e+01   2.0367938e+01   3.7848530e+01   3.4444032e+01   3.9252017e+01   2.6212299e+01   3.5568933e+01   4.0055892e+01   3.3467466e+01   3.5718036e+01   2.6139502e+01   2.9095428e+01   2.5012418e+01   3.8447297e+01   3.5674760e+01   4.0915962e+01   3.5941632e+01
  -9.3984591e+01  -8.3300181e+01  -8.5941188e+01  -8.0891603e+01  -8.5844979e+01  -7.9811475e+01  -8.5753522e+01  -8.7554739e+01  -8.3535914e+01  -9.7396852e+01  -9.3414719e+01  -8.2102129e+01  -8.3457959e+01  -9.4474147e+01  -8.1533110e+01  -8.8393359e+01  -8.1654270e+01  -8.2365544e+01  -9.4203914e+01  -9.4475693e+01  -7.9520053e+01  -9.7370364e+01  -7.9719000e+01  -9.4183696e+01  -8.6212402e+01  -8.4924781e+01  -8.0912343e+01  -8.4860054e+01  -8.5519511e+01  -8.4788928e+01
  -8.3865850e+01  -8.1093388e+01  -7.9054665e+01  -7.8939372e+01  -9.2339958e+01  -8.2719188e+01  -9.2289160e+01  -8.3540090e+01  -9.0976557e+01  -8.2450541e+01  -8.4052281e+01  -8.9872526e+01  -8.1238858e+01  -9.2572731e+01  -7.7459587e+01  -8.3823450e+01  -7.7551872e+01  -9.0082005e+01  -9.2731707e+01  -8.3760500e+01  -8.7316242e+01  -9.3280111e+01  -8.2843221e+01  -8.1575475e+01  -8.2956605e+01  -8.7068575e+01  -8.3790906e+01  -7.8441580e+01  -8.2592225e+01  -8.0065658e+01
   6.0229892e+01   6.2033836e+01   5.8945938e+01   5.8784570e+01   5.0381794e+01   6.0862724e+01   5.9219116e+01   6.0376691e+01   6.1151743e+01   6.1023284e+01   6.2244557e+01   4.7481234e+01   6.1926133e+01   5.0440990e+01   6.0329792e+01   6.2358559e+01   6.1355384e+01   4.7505271e+01   4.6616102e+01   6.2390856e+01   5.8946951e+01   5.9556056e+01   6.0777598e+01   6.1570097e+01   5.1105136e+01   5.9003959e+01   6.2389674e+01   6.4494482e+01   6.0943788e+01   5.8284515e+01
   2.2473160e+01   3.3344693e+01   2.1759201e+01   3.1213254e+01   3.2800855e+01   2.2795449e+01   3.1453587e+01   3.2140265e+01   2.7880857e+01   3.2552889e+01   2.3777521e+01   3.4213025e+01   2.1397258e+01   3.4426549e+01   3.4234168e+01   2.3866718e+01   1.9395293e+01   3.1874231e+01   3.2415604e+01   3.8719025e+01   1.9609469e+01   3.1625999e+01   3.4526023e+01   3.5044136e+01   3.0289271e+01   3.1341100e+01   2.9082963e+01   3.0606684e+01   3.4645211e+01   3.3154530e+01
   5.4814532e+01   4.8227937e+01   4.6176720e+01   4.6809030e+01   5.2545360e+01   5.4754433e+01   5.1748848e+01   5.2185530e+01   5.4946913e+01   5.7308997e+01   5.4582091e+01   6.0813879e+01   5.7509244e+01   5.3698648e+01   5.8717349e+01   4.5532300e+01   5.6023423e+01   4.7204174e+01   5.9356215e+01   5.8607423e+01   4.3324163e+01   4.7039020e+01   5.8973599e+01   5.9374790e+01   5.9669877e+01   5.1755689e+01   5.5375673e+01   5.6009197e+01   5.9106483e+01   6.1533336e+01
   4.6597376e+01   5.7079668e+01   5.5313677e+01   4.6233180e+01   5.5226232e+01   5.6132070e+01   4.5680043e+01   4.5756078e+01   5.6208278e+01   5.7761643e+01   5.8179377e+01   4.9070831e+01   6.1660014e+01   5.5613674e+01   4.7041019e+01   5.5535675e+01   5.1822812e+01   5.4997067e+01   4.9709041e+01   6.0942853e+01   4.8123971e+01   4.2253718e+01   5.9147382e+01   5.9422019e+01   5.0003087e+01   4.5698563e+01   5.1794459e+01   4.5026638e+01   5.4365191e+01   5.6758511e+01
  -3.5335249e+01  -3.3193824e+01  -3.4293577e+01  -3.5229252e+01  -4.3922214e+01  -3.1685025e+01  -3.5015018e+01  -3.5057100e+01  -4.5555019e+01  -3.2673442e+01  -4.4198942e+01  -3.5800572e+01  -3.3263881e+01  -4.3747133e+01  -3.5433515e+01  -3.4181061e+01  -3.5621857e+01  -3.0707828e+01  -3.5807527e+01  -2.9697710e+01  -3.5682829e+01  -3.0766527e+01  -2.9391604e+01  -3.6240026e+01  -5.0218395e+01  -3.2756839e+01  -3.1786822e+01  -2.9371541e+01  -4.4278585e+01  -3.1285342e+01
  -1.3767836e+01  -1.2399598e+01  -1.3133359e+01  -1.3723260e+01  -1.4788752e+01  -9.0379788e+00  -1.3592977e+01  -1.3619251e+01  -1.4202379e+01  -8.2566986e+00  -1.4737977e+01  -1.1864567e+01  -1.2450013e+01  -1.4855192e+01  -1.3826842e+01  -1.3087554e+01  -1.3950555e+01  -1.5866571e+01  -1.4009987e+01  -5.4800925e+00  -1.3938036e+01  -1.0324312e+01  -1.4067443e+01  -1.2079779e+01  -8.6074448e+00  -1.2064357e+01  -1.5647828e+01  -1.4008209e+01  -1.4696402e+01  -1.0789013e+01
