   1.3088754e-07  -3.6186614e-08  -2.2979814e-08   1.8495356e-07   5.1030587e-07   1.7156078e-07   9.5589262e-08  -5.5670777e-08   3.6022691e-07  -1.0466935e-07  -3.0359621e-07  -8.6465141e-08   1.0638039e-06   7.2302242e-08  -2.4143004e-08  -1.4033053e-07  -7.9088556e-07   2.3872017e-07  -1.8214226e-07   4.9481028e-08  -7.9692049e-09  -8.3865522e-08   1.2880067e-07   3.4185652e-10   1.7199264e-07   6.8156475e-07   9.7160004e-08  -6.6430533e-07  -5.9965011e-07   3.6548135e-08
  -1.1225360e-08  -1.2365766e-08   5.0010298e-10  -1.3851252e-08  -1.4560765e-09   3.8922610e-08   1.4273898e-08   1.3064823e-08  -1.3444340e-08   1.5236742e-08  -1.6102034e-09   9.7905363e-09   1.1468529e-08  -6.8881057e-09   4.4827521e-09  -1.3465083e-08   1.4833813e-08  -2.3072817e-08  -1.3041117e-08   4.0103360e-08   1.4725454e-08  -1.6847773e-08   1.5438623e-08   1.5040899e-10  -1.1467554e-08  -1.1840732e-08   2.0407751e-08  -3.5044404e-09   3.0442566e-09  -2.0550739e-09
   3.6236752e-10  -3.8707216e-09   2.8233598e-09   3.0407442e-09   6.3659730e-10  -3.2285151e-09   3.2871705e-09   1.6526551e-09  -5.1588400e-10   3.3580173e-10  -7.8142378e-10   8.6800958e-09  -1.0802570e-08   8.1233652e-10   9.6417905e-09   1.4907228e-09   1.6959997e-08   3.8968096e-09   7.9133062e-09   1.1307186e-08  -1.5342744e-10   2.4613259e-08  -8.0941449e-10  -2.0511796e-12   2.2055723e-09  -2.4302529e-09   4.9410042e-09  -4.2422844e-09   7.4165192e-09   3.0968719e-09
  -4.8239618e-07   7.2909241e-08   2.2802242e-07  -1.7731978e-08  -8.0551685e-08   4.3918129e-07  -9.3368123e-07   5.3202001e-08   7.4066243e-07   1.5254554e-09  -4.8790405e-07   1.7677558e-07   3.6962656e-06   3.4068717e-07  -1.5322760e-06  -4.7132525e-07  -5.9536952e-07  -1.4148381e-07   8.5012777e-07   5.2750533e-07  -1.0510843e-07   5.7201096e-07   5.4604499e-07  -3.3621281e-09   4.7131466e-07   1.5178826e-06   4.6493268e-07  -1.7028474e-06   2.1443332e-07  -7.3460594e-07
   2.7331839e-08   2.7713764e-08   1.4639013e-07  -1.1860775e-08  -6.5552286e-09  -2.8715207e-08  -1.1333480e-07  -4.5895196e-08  -4.9490918e-09  -6.0311310e-10   1.2575549e-08   2.7139657e-08  -1.7239053e-07  -2.6555798e-08   5.8956966e-08  -3.2719319e-08   8.2433314e-10   7.6311989e-08  -8.4205079e-10   1.5350732e-09  -1.1998334e-08  -1.1921558e-07   4.0740158e-08   3.3648760e-10   3.1111463e-08   4.6548603e-08  -6.2509822e-08   4.9502204e-08  -1.6286757e-07  -2.1904649e-08
  -1.5275845e-08  -2.5948259e-10  -3.3169254e-08  -1.7064881e-08  -2.0613042e-08   2.8396849e-08  -1.6676073e-08   4.7536927e-09  -1.6015921e-08   2.3956491e-08   1.8744419e-08  -4.7390394e-08   8.9091168e-09   6.7299347e-09   1.4673030e-08   6.4435996e-09   2.8991805e-08   3.8187896e-08  -3.8007547e-08   4.3265844e-09  -7.1617880e-09   2.2130074e-08   1.3969468e-08  -2.5779109e-11   1.0648363e-08  -1.4907536e-09   3.8412248e-08   5.3158138e-09  -4.4057276e-08   8.7985932e-09
  -1.8771217e-08   9.6713883e-09  -1.1676652e-08  -6.4762389e-08   2.1965386e-08   3.5983025e-08   3.1687821e-08   1.0896146e-07  -9.0046273e-08  -4.2121838e-08  -4.7532472e-09   2.0816530e-08   1.5428639e-07   4.4701639e-08   5.7374822e-08   1.0395414e-08  -8.1175146e-08  -8.4939762e-08  -2.5218426e-08  -6.9356641e-08   6.6222730e-09  -8.0294620e-08   4.6836158e-08  -2.4423146e-10  -1.2038282e-07   2.0598367e-09   4.9325734e-08   3.3174057e-08  -1.6690868e-08   2.1191745e-07
  -3.6236755e-10   3.8707216e-09  -2.8233598e-09  -3.0407443e-09  -6.3659729e-10   3.2285151e-09  -3.2871701e-09  -1.6526550e-09   5.1588383e-10  -3.3580184e-10   7.8142372e-10  -8.6800957e-09   1.0802570e-08  -8.1233651e-10  -9.6417904e-09  -1.4907228e-09  -1.6959997e-08  -3.8968096e-09  -7.9133062e-09  -1.1307186e-08   1.5342741e-10  -2.4613259e-08   8.0941451e-10   2.0511796e-12  -2.2055723e-09   2.4302525e-09  -4.9410042e-09   4.2422847e-09  -7.4165191e-09  -3.0968717e-09
  -1.8316289e-08  -2.0165146e-08   6.7719818e-08   1.5796794e-08   1.1151513e-08  -1.5762491e-08   8.9719243e-08   9.3080961e-08   1.0792347e-08   1.6216421e-08  -9.2569781e-09  -1.6614264e-08  -1.0616303e-08  -1.5518315e-08   1.8054708e-08  -1.6431721e-08   4.5664013e-09   3.3713641e-09  -2.5104975e-08  -8.9035204e-09   8.8645036e-09   5.0992902e-08  -7.6774486e-09  -6.5446768e-11   1.8903544e-09  -7.6653199e-10   1.4307729e-08   7.1356428e-08   5.7107751e-08   3.5304617e-08
   1.5126524e-08   3.0829814e-07   3.4818410e-07  -2.9388837e-07  -4.3460836e-08   3.6614213e-07  -2.2075418e-08   3.3752734e-07   4.9428839e-07  -1.7672221e-07  -2.7733659e-07   4.6301113e-08   1.9250642e-06   1.3329454e-07  -8.3963957e-09   2.3050916e-08  -8.4691830e-07   1.3720617e-07   5.6143832e-07   8.8718315e-07   2.7070357e-08   5.7073986e-07   1.8426806e-07  -4.4802836e-10  -1.0699685e-07   1.0539341e-06   3.9329265e-07  -6.5329724e-07  -2.1148848e-07  -8.8324088e-09
