   9.7131833e-09  -2.7056005e-09  -1.4559260e-08  -2.9269964e-08   2.2057280e-09   1.6740236e-08   3.1912666e-09  -1.0784359e-09  -6.3143659e-09  -9.9813523e-09   9.2148574e-09  -1.6591262e-08   9.5324020e-09  -1.8880892e-10  -1.6389451e-08  -6.8678693e-09   6.2469488e-10   6.1822889e-09   1.0015777e-08   3.3515993e-08   1.2757195e-11   1.3139868e-09  -2.1927177e-09   1.2865317e-08   1.1401757e-08   9.5146511e-09  -9.0794422e-09  -1.5904217e-09  -5.1833968e-10  -1.4451543e-08
  -3.1436720e-13  -3.5466933e-11   3.7817980e-11   3.9713575e-12   2.3129414e-11   7.3474005e-12   2.7624939e-12   1.0939037e-12   2.2203149e-11  -4.8917588e-12   1.0220396e-11  -1.5999964e-11   2.7147528e-12   6.5110568e-11  -5.9035820e-12  -3.8724020e-11  -6.3264606e-12   1.2724841e-11   1.1368700e-11  -5.1800334e-11  -1.9314733e-12  -3.9676446e-12   4.3445357e-12   2.1177061e-11   7.2224575e-12  -8.7876040e-12  -5.9943070e-12  -7.5393421e-12  -9.2105880e-12  -3.8410728e-11
  -9.9034256e-12  -6.4359109e-12   2.9480866e-13  -1.9456007e-11   2.1285383e-11   1.7494529e-12   1.2107923e-11  -1.3166267e-12   1.4597846e-11   2.4757615e-11   1.9303231e-12  -9.6593349e-12  -1.1718400e-13  -4.9240968e-12   1.3975584e-13  -1.8379513e-11  -7.9103686e-12  -1.9360436e-11   4.8877855e-11   1.4854934e-11  -2.1919213e-12   3.5964678e-12  -1.1929265e-11   1.3376532e-12  -3.4358703e-11  -1.3688864e-11  -3.2130755e-11  -3.1553794e-12   1.1557827e-11  -3.3946567e-11
   7.7376642e-12   9.3617211e-14   1.0806512e-12  -4.5720170e-11   4.0866383e-12  -3.5226336e-11   4.6303638e-12   2.5028827e-13  -3.7242955e-13  -1.4594628e-11  -5.7090879e-12  -8.5196272e-12  -2.3283310e-11   2.1025120e-11  -4.0307304e-11   1.7665445e-11  -1.9765377e-11  -4.0276261e-11  -1.6931708e-11  -1.9832964e-11  -4.3075708e-12   3.7307639e-12   2.2514487e-12   3.0576127e-11  -3.2537201e-11   6.7822542e-12  -2.0300226e-12   2.9101548e-12   1.1115364e-11  -1.0562048e-11
  -4.3178452e-13  -7.1728172e-12  -1.9572086e-11   5.2863622e-12  -9.0501631e-12   2.6120365e-12  -9.7595287e-12   1.6773476e-12   9.3462553e-13  -1.6690035e-11   3.6744310e-12   3.4707316e-13  -3.2062578e-12  -2.4797148e-11  -9.4367005e-12  -4.0514115e-11  -4.1363577e-12  -2.4888603e-11   1.3878877e-11  -7.9609193e-12  -2.1454512e-12   2.6369823e-12  -1.2416867e-11  -4.5438651e-11   2.2932339e-11   1.1233913e-11   7.9813305e-12  -6.1273291e-12   1.2544954e-11   3.0946534e-11
   8.4670907e-12  -2.1093415e-11   2.4603973e-11  -2.0262471e-11  -3.7698226e-12  -2.9289946e-11  -1.1294559e-12   1.2083183e-12   7.4068897e-12  -1.3491512e-11  -3.3849534e-12  -1.0551203e-11  -1.5001379e-11   1.7551438e-11   1.6206953e-11  -5.6524052e-11  -9.2299758e-12   6.4728885e-12  -1.6738978e-11  -6.2803020e-13   7.9260014e-13  -1.7918506e-11  -1.6915089e-12  -3.7890852e-11  -5.2522418e-12  -1.2311050e-11   1.3194023e-11  -7.5407621e-12  -3.3912805e-12  -3.4115828e-12
   1.2393468e-12  -6.9576001e-12   1.2952144e-12  -1.3123243e-11   2.1116655e-12   4.4596590e-11   3.2473816e-12  -1.0452725e-12  -2.1209965e-12   1.0086811e-11  -7.4237697e-12  -2.3480120e-12  -5.9916942e-12   1.1775926e-11   3.6497793e-11   7.4421931e-12  -6.7106125e-13   6.3012888e-12  -1.0912302e-11  -3.1546962e-11   5.4892604e-14  -2.4689494e-12  -1.0599216e-12   6.3325180e-12   6.5634675e-13  -1.8406734e-12  -1.3481235e-11  -3.3391515e-12   1.1777775e-11   1.9624816e-11
   2.9890187e-12   7.5064491e-13   2.8005124e-12  -1.0959378e-11  -3.7227573e-11  -2.2848718e-12  -3.6945453e-12   8.9589879e-14   1.0522828e-11   2.8010044e-12   4.5383068e-12   1.2986986e-12  -1.4754732e-11   2.6126785e-11   1.0794268e-11   2.5358802e-12   1.3277624e-12   4.9995801e-12  -9.5945387e-12  -2.0340177e-11  -2.0521786e-13   2.7931903e-12  -7.4965710e-13  -3.2074937e-11   1.4058478e-11  -1.3649205e-11   1.1851465e-12  -1.1338007e-11   5.8264786e-12   1.7081661e-11
   4.5673434e-11   1.1193954e-11  -2.2694387e-11  -3.2225451e-13  -1.9007470e-11   1.7625847e-11  -1.8127600e-11   7.3131507e-13  -7.0231293e-16  -8.3823418e-12  -1.3688898e-11   4.5059883e-12  -1.0102355e-11  -9.4562550e-12   6.0168617e-12  -2.1707629e-12  -9.9040062e-12  -7.0445793e-12   1.3594153e-11  -2.4676394e-12   3.2897803e-13   4.1462907e-12   6.4543657e-12  -2.2906152e-11  -7.9635745e-12  -2.5331161e-12  -7.9993126e-12   3.4578095e-12  -4.7153900e-12  -1.7535115e-11
  -4.7841940e-12  -5.1639365e-13  -2.5511190e-11   3.4188633e-11  -1.0495545e-12  -3.4336434e-11  -9.1430690e-12  -2.7953405e-13   1.1006869e-11   1.8676532e-11  -7.5485282e-12  -1.7725165e-11  -1.7291545e-11   1.9618735e-11  -4.2547258e-11  -1.3323823e-12   9.7089569e-14   2.0894454e-11   4.6749421e-11   1.3609702e-12  -3.6521907e-12  -2.8817806e-12   6.9633781e-12   4.7751318e-12   1.8258183e-11   7.7244227e-12  -6.6073838e-12   3.7598408e-12   5.9449275e-11  -7.7134868e-12
