  -1.3002784e-07  -1.8787047e-08   3.5592780e-08  -3.8643229e-08   1.3478899e-08  -3.1419676e-08   2.6623755e-09  -2.1739058e-09   1.0627675e-08  -1.2100793e-08   8.6078676e-09  -1.4982192e-08   6.7075979e-09   2.2300286e-07   4.9412548e-09   5.1836655e-09  -8.9173150e-09  -2.0321780e-08   1.1053154e-08  -1.8123136e-10   1.7233449e-08  -1.7386750e-07  -2.9695984e-08   1.6594943e-08  -1.0480435e-07   4.0677246e-08   2.0396450e-08   2.2507206e-08  -1.2397845e-08  -1.5508034e-08
   4.6896992e-08  -2.8219899e-09   2.2852388e-08  -7.6865204e-08  -7.2093999e-08   5.5799968e-08   3.2503222e-09  -9.5192128e-09  -1.3104325e-08   5.2604684e-08  -2.0534255e-09  -3.5503043e-08  -2.3565799e-08  -2.1781337e-08  -1.7842898e-08  -2.7042293e-09   1.8239271e-07   9.7072724e-08   7.0859077e-08   7.6767132e-10   1.6651464e-08  -7.5658070e-09  -5.6958708e-08   1.3082505e-08   3.6358164e-08  -4.4856853e-08  -1.5372164e-08  -6.5321836e-08   2.4902464e-08   2.5954631e-08
   1.2731376e-08  -1.8289441e-08   2.8209629e-08  -6.9080691e-09  -9.1892092e-10   2.0096625e-08  -8.7167054e-09  -7.7085667e-09  -9.8746191e-10   2.2603325e-08  -3.8003701e-08   6.3841135e-10  -8.7806082e-10  -2.4086812e-08  -7.7755861e-08  -1.3331894e-09   4.2828627e-08  -3.2323038e-08  -1.2360602e-08   2.2140244e-09  -6.6985323e-09  -9.4542999e-08   7.3308209e-08   1.0814645e-09   6.8322851e-08   2.3016437e-08  -1.6043184e-08  -1.1981137e-07  -1.2334982e-08  -1.9912549e-09
   4.6665196e-09   1.9709073e-08   5.7866736e-09  -2.5982588e-08   3.0983174e-08  -1.5056111e-07   1.3919233e-09  -1.5375273e-08  -9.3756535e-09   2.0801855e-08   1.2480201e-08   1.1788572e-08  -6.2505328e-09   2.4810507e-08   1.2451923e-08   6.2450935e-08   1.1030200e-07  -6.3071908e-08  -2.2538997e-08   2.1796988e-07  -5.1775693e-08   1.8116302e-08  -9.6737089e-09   2.3190345e-09   5.2381532e-08  -1.3163180e-08   3.2380718e-09   2.0594435e-09  -4.2269053e-08  -2.6588608e-08
  -8.9961376e-08   1.1633316e-08   6.0330304e-08   6.3421245e-09  -5.4097153e-09  -1.8668876e-08  -1.5038632e-08   1.4673545e-08  -1.3590590e-08   9.5385730e-08   3.2898713e-08  -3.5520422e-08   1.0860183e-07   1.6962011e-08   1.3373722e-07  -6.7753378e-08   2.0564353e-08  -1.1302401e-07   3.5573718e-08  -6.8218335e-11  -1.2263906e-07   7.1872528e-08   8.8396383e-08  -6.6838027e-10   2.3541384e-08   1.6870389e-08  -5.8474629e-08   1.2531610e-08   4.9025575e-08   1.8846722e-08
  -6.7540222e-08  -5.4286991e-09   9.6354586e-09   4.7930290e-09  -3.9414254e-08   6.7067368e-08   2.8485469e-08  -3.0508670e-08  -1.3361145e-09   5.5952288e-08  -3.5472481e-09  -7.3885896e-09   7.6133239e-08   3.0657390e-08   4.8226094e-08  -2.9425204e-08  -1.3897526e-08   3.4498385e-08   8.7748991e-08   2.6512078e-10   6.2118154e-08   6.7623669e-08   4.5878810e-08  -1.3005935e-08  -9.7643505e-08   2.3674924e-09  -2.2689149e-08   8.1408302e-09  -8.7517691e-09  -3.9764820e-09
  -9.1086672e-09  -8.9303811e-08  -7.5255502e-08  -1.3191774e-08  -4.0416523e-08  -1.8904482e-08   4.7229489e-09  -1.1687762e-08   8.5683495e-09  -1.0928015e-07   3.4337962e-08   3.2322805e-08  -1.6073900e-09  -6.3513447e-08   2.8424526e-08  -1.1842834e-08   6.3849530e-08   1.3591733e-08   2.5405846e-08  -2.4996783e-10   7.9044746e-08   3.0586249e-08  -1.3129700e-09   3.7782573e-09   9.9195933e-08   2.5688594e-08   3.8414732e-08   1.0202872e-09  -9.2037675e-08   1.0277369e-09
   6.9554763e-08   3.7781109e-08   1.8614248e-08  -2.0078200e-09  -8.8476582e-09  -3.9614093e-08   1.2481261e-08  -1.0371361e-09  -9.5185721e-09  -1.4058621e-09   2.0158261e-09   5.3832933e-08  -3.2687552e-08  -1.0853693e-08  -1.1489110e-08   3.9788919e-08  -3.2845158e-08   1.4770120e-07   6.5601421e-09   7.1506329e-08  -8.8118145e-08  -1.0747054e-08   6.6068382e-08  -2.1305132e-08  -1.5323737e-08  -6.3143483e-08  -2.1689849e-09   7.1491974e-09   6.5093271e-09  -7.6061191e-09
  -7.0734296e-09   2.0972876e-08   7.4468643e-10  -9.2456885e-09   6.4386369e-08   1.1484590e-07   1.0416135e-08   4.1757938e-08   5.0522934e-09   5.8643880e-08  -2.4084323e-10  -2.6138006e-08   5.7558866e-08  -2.3955709e-08  -1.0111594e-07  -1.3451988e-08   2.4941531e-08  -2.4704474e-08  -2.6490157e-08   4.0999601e-08  -1.2983637e-08  -2.3003741e-08   2.8383669e-08  -9.6749937e-09   3.3150756e-08  -2.0698879e-08   1.0566444e-07   2.7714871e-09   3.0452342e-10   2.1118736e-09
   6.9611097e-08   6.2207989e-09   1.2134338e-07   2.4963386e-08  -1.5295137e-08   8.4974869e-08   1.7640191e-09   1.7100330e-08   5.2739045e-08   2.2711044e-08  -3.7584423e-09   2.7554285e-08  -1.2827454e-09  -8.0661880e-10  -9.9833782e-08   6.7159962e-08  -1.6660903e-07  -8.6967267e-08   7.2265920e-09   2.6080124e-10  -4.7140377e-09   1.5824917e-08   1.2040831e-08   2.8584824e-08  -5.2831419e-08  -3.4623343e-08   2.9818516e-08  -3.3489715e-09   1.8622993e-08   1.2611729e-09
   2.4231785e-08   1.2947412e-11  -2.6620181e-08  -1.1680275e-07   4.9140230e-09  -5.5149419e-08   7.8183920e-09   5.5318741e-09   7.8160439e-08   2.3061306e-08  -6.2288079e-08   1.4148941e-08   2.8551396e-08  -6.6534367e-08  -1.4710504e-10   8.6469534e-08   6.7073555e-08  -5.2639504e-08  -5.0210224e-09   7.5431029e-10   3.8186501e-08  -5.0359840e-09  -8.5547420e-08  -1.7105531e-08   1.8858490e-07   4.6941834e-08   4.0389353e-09   1.7973669e-09  -6.1131351e-09   1.6602165e-08
   2.1791374e-08   2.2961549e-08   1.6741545e-08   3.8644523e-08   4.3945233e-08   2.2303626e-08  -9.3534433e-09   1.2628681e-08   1.3080751e-08   3.3570167e-08  -1.5802739e-10  -2.8916247e-08  -8.0561963e-08   7.9846170e-09   6.5285259e-08   3.6341184e-08   7.2739118e-09  -3.2323602e-08   2.5735905e-08  -7.1664231e-09  -1.6495911e-08   2.4129069e-08   1.5534696e-08  -1.4405308e-08  -7.5557440e-09  -4.5261450e-08  -1.7533136e-08   1.3653220e-09   1.3938363e-08  -1.0462815e-08
  -2.0369243e-08  -1.5825064e-08   2.0611734e-09  -2.1168895e-08   9.8772626e-09   3.8729579e-08   2.3351702e-08  -3.3906629e-08   4.2115126e-09  -2.2641099e-08  -2.0786526e-08  -4.0390521e-08  -1.9792075e-09  -2.2803669e-08   7.8722089e-08  -1.9796903e-08  -1.1209339e-09  -4.4749773e-08  -5.4981997e-08   8.4637117e-10   5.1116024e-09  -6.0739241e-08  -3.1155581e-08  -2.6192210e-08   6.0697916e-08  -5.1852891e-09  -6.5107071e-08  -8.8869365e-10   9.4542848e-10  -8.8106133e-09
  -3.4519085e-10   6.7710497e-08  -2.8887733e-08  -1.0319015e-07   2.7803402e-08  -6.5677893e-08   9.8917874e-09  -1.6818767e-08   2.5455633e-09   2.6401042e-08  -9.4135435e-10   2.3568172e-08   8.1352229e-08  -5.2440402e-08  -1.4501381e-07  -4.8173199e-08  -5.8675733e-08   1.2483678e-09   8.9198535e-08   6.1414981e-10  -8.2984199e-09  -7.8261049e-09   5.2925130e-08   1.0651285e-08  -9.8391627e-09  -1.0801139e-08   2.3903123e-08  -2.0652278e-09  -3.0837120e-09  -5.8294709e-08
  -3.4414684e-08  -5.2220543e-08   9.1087948e-09   4.3459415e-08  -2.1896401e-08  -6.7030866e-08  -9.4775585e-09   5.2655797e-08   1.5211026e-08   5.1383617e-08   6.0128886e-08  -6.2713666e-09   2.5786238e-09   1.4170477e-07   4.0814493e-08  -8.9026994e-08  -3.8120984e-08   3.0972199e-09  -1.0628183e-08  -2.3341579e-09   7.4477512e-09   5.4497759e-09  -1.0975533e-07   1.2028976e-08   8.3878896e-09   1.0283667e-07  -6.4033905e-08   8.8727784e-10   8.7570902e-10   3.9679520e-08
   1.0349341e-08  -7.6565033e-09  -5.1693088e-08  -1.4368913e-08   2.4606247e-08   8.8790728e-08  -8.5098344e-09   3.3647898e-08  -2.4109830e-09   2.5577375e-08   8.8613716e-11   7.6027364e-08   6.1969986e-09  -2.6205093e-08  -1.1867214e-08  -7.2905136e-09  -6.2640343e-09  -4.6533746e-08   1.1526501e-07  -1.9148236e-09   2.3158526e-08  -1.9735005e-09   4.8192441e-08  -1.3901204e-09  -1.0336969e-07   2.2162490e-08  -1.4395772e-08  -5.5941308e-10  -1.3669559e-09   1.9036157e-08
   1.4451168e-08   5.1563306e-08  -2.2906557e-09   2.6809952e-09   3.2468511e-08   6.8241432e-08   1.2248844e-08  -1.8359267e-08   1.7970917e-09   2.1805683e-08  -3.8229613e-10  -1.4149238e-08  -5.7148974e-08  -9.1212007e-08   1.7668990e-08  -1.4638262e-08  -3.8418775e-08  -4.4221999e-08   5.1244744e-09  -5.3381792e-10  -4.8175291e-09   5.7590060e-08  -5.1885522e-09   2.9262811e-08   1.0401265e-07  -8.3956865e-08  -3.6553094e-09  -3.5183175e-09   2.4734575e-09  -1.3037310e-08
   4.6047539e-08  -9.8546708e-09   1.7339253e-07  -3.6437325e-08  -4.0374801e-08  -2.2336008e-08  -1.1900925e-09   3.2857400e-08  -1.9760647e-08  -2.6672958e-10   9.4628320e-09   2.5662205e-08   9.7990127e-10   1.0975545e-07  -3.7763877e-08   1.4960958e-08  -2.9967210e-08  -4.8622067e-08  -1.1190883e-08  -4.9414343e-10   1.2576163e-08   8.4067735e-08  -8.7995755e-09  -8.8019445e-09   8.3990360e-08   3.2020496e-08   3.0722961e-08   1.9344470e-09  -1.4815712e-08  -1.7468642e-08
   1.3583853e-07   2.5087591e-09   1.0081389e-07  -6.7817449e-08  -1.3147643e-08   1.2693868e-07  -5.0044447e-08   9.0155435e-09  -4.5888572e-08  -4.4611727e-08  -2.1104143e-08  -2.8013696e-08  -9.6292130e-09  -2.1533137e-09   1.3609915e-07   3.1187270e-08   1.7803924e-08   1.4825113e-07  -1.4009839e-08   1.3345231e-09  -7.9343316e-09   1.9909154e-08  -5.5955802e-08   5.8876689e-08  -2.6217221e-08  -5.2275926e-08   3.8148353e-08   2.7218433e-09   7.8036134e-08  -3.0773756e-09
  -1.3213288e-07   3.8178190e-09   4.5528220e-08   7.7273606e-08  -2.2294473e-08   2.0416174e-08   3.2036538e-09   1.3773428e-08   4.4795784e-08  -2.6729383e-09   5.9359735e-10   5.0464126e-08   4.7003697e-08   1.6800507e-09   4.5451628e-08  -3.8798836e-08  -9.4375064e-09  -2.4124386e-08  -2.7222817e-08  -2.0671609e-11  -1.9130672e-08  -5.4305782e-09   1.6524942e-07   5.5465680e-10  -6.0076208e-08  -2.4734226e-08   1.2127194e-08   3.4704563e-10   1.0938240e-08   9.8561934e-10
