   3.8315661e+01   3.7713680e+01   3.7699071e+01   3.7550696e+01   3.8412152e+01   3.7330520e+01   3.7520592e+01   3.6701672e+01   3.6847346e+01   3.9846245e+01   3.5149204e+01   3.5564209e+01   3.8304409e+01   3.8620892e+01   3.7989489e+01   3.9996633e+01   3.6185107e+01   3.8008458e+01   3.4633995e+01   3.4723373e+01   3.8727440e+01   3.8137264e+01   3.7512641e+01   3.7530184e+01   3.7910678e+01   3.6568347e+01   3.3137113e+01   3.5023845e+01   3.5757329e+01   3.6417767e+01
   5.2267702e+01   5.2267702e+01   5.2267702e+01   5.2267702e+01   5.2267702e+01   5.2267702e+01   5.2267702e+01   5.2267702e+01   5.2267702e+01   5.2267702e+01   5.2267702e+01   5.2267702e+01   5.2267702e+01   5.2267702e+01   5.2267703e+01   5.2267702e+01   5.2267702e+01   5.2267702e+01   5.2267702e+01   5.2267702e+01   5.2267702e+01   5.2267702e+01   5.2267702e+01   5.2267702e+01   5.2267702e+01   5.2267702e+01   5.2267702e+01   5.2267702e+01   5.2267702e+01   5.2267702e+01
   6.4225816e+01   6.4529872e+01   6.4984136e+01   6.1523765e+01   6.1210642e+01   6.2192389e+01   6.1094778e+01   6.1060569e+01   6.6699870e+01   6.1099525e+01   6.3356600e+01   6.5529832e+01   6.7885078e+01   6.0137529e+01   6.0061497e+01   5.9577480e+01   6.0760215e+01   6.2439841e+01   6.1550787e+01   6.4109048e+01   6.9049020e+01   5.9823045e+01   5.9662228e+01   6.9601642e+01   7.0373148e+01   5.9803263e+01   6.5396551e+01   6.7375710e+01   7.0917887e+01   6.2973552e+01
  -6.7807009e+01  -7.0226452e+01  -7.0284330e+01  -7.0860990e+01  -6.7408454e+01  -7.1722484e+01  -7.0979246e+01  -7.4088011e+01  -7.3540640e+01  -6.1248989e+01  -7.9556344e+01  -7.8132188e+01  -6.7851450e+01  -6.6835962e+01  -6.9126618e+01  -6.0548937e+01  -7.5936735e+01  -6.9050620e+01  -8.1205899e+01  -8.0846580e+01  -6.6131874e+01  -6.8546109e+01  -7.0833030e+01  -7.0920037e+01  -6.9441848e+01  -7.4931203e+01  -8.5778053e+01  -7.9974464e+01  -7.7482456e+01  -7.5128967e+01
  -4.0347965e+01  -3.7875858e+01  -4.2513600e+01  -3.8529115e+01  -4.2099804e+01  -3.7017816e+01  -3.6641035e+01  -4.1779978e+01  -3.6963691e+01  -4.2695781e+01  -3.9072421e+01  -3.9244742e+01  -3.6995570e+01  -3.6923123e+01  -3.7785392e+01  -3.9578627e+01  -3.6540058e+01  -4.0423975e+01  -4.1488118e+01  -3.6901686e+01  -4.2652219e+01  -3.8484988e+01  -4.1574089e+01  -3.7017038e+01  -3.6443183e+01  -4.2446908e+01  -3.8313626e+01  -3.7998079e+01  -3.6705736e+01  -3.5901906e+01
  -7.7975746e+01  -7.7975746e+01  -7.7975746e+01  -7.7975746e+01  -7.7975746e+01  -7.7975746e+01  -7.7975746e+01  -7.7975746e+01  -7.7975746e+01  -7.7975746e+01  -7.7975746e+01  -7.7975746e+01  -7.7975746e+01  -7.7975746e+01  -7.7975794e+01  -7.7975746e+01  -7.7975746e+01  -7.7975746e+01  -7.7975746e+01  -7.7975746e+01  -7.7975746e+01  -7.7975746e+01  -7.7975745e+01  -7.7975746e+01  -7.7975746e+01  -7.7975746e+01  -7.7975746e+01  -7.7975746e+01  -7.7975746e+01  -7.7975746e+01
   2.4676878e+01   2.4270553e+01   2.0522368e+01   2.4591949e+01   1.9764984e+01   1.9819663e+01   2.2738968e+01   1.9397148e+01   1.9898608e+01   2.1999414e+01   1.8536749e+01   1.8513448e+01   2.3415628e+01   2.3306994e+01   2.4209931e+01   2.1638014e+01   2.2419742e+01   1.8613304e+01   1.9143373e+01   1.9995828e+01   2.2269019e+01   1.8692224e+01   2.4056613e+01   1.9820753e+01   2.1772270e+01   2.2908121e+01   1.8761885e+01   2.4345591e+01   2.2897702e+01   2.6721803e+01
  -7.5853134e+01  -7.6098797e+01  -7.6441017e+01  -7.2860132e+01  -7.2372490e+01  -7.3774725e+01  -7.2180242e+01  -7.2122133e+01  -7.7502732e+01  -7.2188256e+01  -7.5067672e+01  -7.6816048e+01  -7.8055624e+01  -7.0237439e+01  -7.0043600e+01  -6.8534513e+01  -7.1581940e+01  -7.4080984e+01  -7.2900227e+01  -7.5755292e+01  -7.8475840e+01  -6.9372057e+01  -6.8845910e+01  -7.8636158e+01  -7.8820031e+01  -6.9308418e+01  -7.6727895e+01  -7.7836103e+01  -7.8922718e+01  -7.4676721e+01
   2.7058564e+01   2.7058564e+01   2.7058564e+01   2.7058564e+01   2.7058564e+01   2.7058564e+01   2.7058564e+01   2.7058564e+01   2.7058564e+01   2.7058564e+01   2.7058564e+01   2.7058564e+01   2.7058564e+01   2.7058563e+01   2.7058550e+01   2.7058564e+01   2.7058564e+01   2.7058564e+01   2.7058564e+01   2.7058564e+01   2.7058564e+01   2.7058564e+01   2.7058564e+01   2.7058564e+01   2.7058564e+01   2.7058564e+01   2.7058564e+01   2.7058564e+01   2.7058564e+01   2.7058564e+01
   5.3918456e+01   5.2712066e+01   5.2681497e+01   5.2390146e+01   5.4115376e+01   5.1952060e+01   5.2327913e+01   5.0715533e+01   5.1007335e+01   5.7054829e+01   4.7733847e+01   4.8541210e+01   5.3896623e+01   5.4407006e+01   5.3263476e+01   5.7369266e+01   4.9731073e+01   5.3301466e+01   4.6811653e+01   4.6995625e+01   5.4739374e+01   5.3554338e+01   5.2370364e+01   5.2357733e+01   5.3105827e+01   5.0351618e+01   4.4070395e+01   4.7497361e+01   4.8902025e+01   5.0162926e+01
