   3.7996803e+01   3.7996803e+01   3.7996803e+01   3.7996803e+01   3.7996803e+01   3.7996803e+01   3.7996803e+01   3.7996803e+01   3.7996803e+01   3.7996803e+01   3.7996803e+01   3.7996803e+01   3.7996803e+01   3.7996803e+01   3.7996803e+01   3.7996803e+01   3.7996803e+01   3.7996803e+01   3.7996803e+01   3.7996803e+01   3.7996803e+01   3.7996803e+01   3.7996803e+01   3.7996803e+01   3.7996803e+01   3.7996803e+01   3.7996803e+01   3.7996803e+01   3.7996803e+01   3.7996803e+01
   5.1923836e+01   5.3803734e+01   5.3348168e+01   5.2764322e+01   5.4549983e+01   4.4497415e+01   5.6662698e+01   4.1928083e+01   5.7595800e+01   4.7590367e+01   5.5924258e+01   5.4764274e+01   5.0852660e+01   6.1591019e+01   5.3224078e+01   5.1025479e+01   4.3430400e+01   4.5450745e+01   4.7340183e+01   5.0279182e+01   4.6255211e+01   5.2091364e+01   5.2091364e+01   5.1955396e+01   3.9947396e+01   4.2408158e+01   3.1262178e+01   5.1829711e+01   6.6854487e+01   6.4273350e+01
   6.1252950e+01   6.6559096e+01   6.2462085e+01   6.6189161e+01   6.5283895e+01   5.6145150e+01   6.3625092e+01   5.7546758e+01   5.5190645e+01   6.5275497e+01   6.3932989e+01   6.2030770e+01   6.2915214e+01   6.1610579e+01   6.3817792e+01   6.5638559e+01   6.2379870e+01   6.0163613e+01   6.3901049e+01   6.8975506e+01   5.4208679e+01   6.8791855e+01   6.8791855e+01   7.1505812e+01   5.8718703e+01   6.1611327e+01   7.1542545e+01   4.9041371e+01   7.5745217e+01   6.4520982e+01
  -7.9269652e+01  -7.5685472e+01  -7.8006960e+01  -7.5141431e+01  -7.6764839e+01  -7.9577354e+01  -7.7280963e+01  -8.1562444e+01  -6.9902114e+01  -8.0436805e+01  -7.8469703e+01  -8.0400386e+01  -7.9323107e+01  -8.1860784e+01  -7.7295104e+01  -8.0489704e+01  -7.9806713e+01  -6.9667135e+01  -7.6260369e+01  -8.1816940e+01  -7.3689607e+01  -7.9417639e+01  -7.9417639e+01  -7.2427867e+01  -8.0742867e+01  -7.8026454e+01  -7.9521959e+01  -8.0918176e+01  -6.8978044e+01  -7.6096521e+01
  -3.4770303e+01  -4.0457713e+01  -4.0546832e+01  -4.8656747e+01  -4.9339813e+01  -3.5741888e+01  -3.9561828e+01  -3.8075328e+01  -4.5199326e+01  -5.4082017e+01  -6.4887743e+01  -5.0047436e+01  -6.3187123e+01  -4.3901126e+01  -6.8457061e+01  -4.2523032e+01  -3.6581552e+01  -6.9756055e+01  -6.7726806e+01  -5.3280396e+01  -6.3182662e+01  -6.0514779e+01  -6.0514779e+01  -5.3392479e+01  -5.5669089e+01  -6.2741001e+01  -5.3984191e+01  -5.6669467e+01  -6.6502051e+01  -6.6877792e+01
  -7.7600662e+01  -7.8158800e+01  -7.7831664e+01  -8.4171768e+01  -8.4099205e+01  -7.7893666e+01  -7.6631381e+01  -7.8224431e+01  -7.8311802e+01  -8.5356646e+01  -8.6151330e+01  -8.4786057e+01  -8.3962042e+01  -7.9888623e+01  -8.7851941e+01  -7.7752496e+01  -7.8855362e+01  -8.6942212e+01  -8.7122645e+01  -8.2152008e+01  -8.6067861e+01  -8.6118821e+01  -8.6118821e+01  -8.2867402e+01  -8.6819228e+01  -8.6935244e+01  -8.4156300e+01  -8.7658968e+01  -8.7011090e+01  -8.5730201e+01
   1.8702101e+01   1.9798482e+01   1.9099834e+01   1.9959042e+01   1.9476372e+01   1.8612174e+01   1.9320573e+01   1.7974621e+01   2.1417406e+01   1.8338864e+01   1.8959751e+01   1.8378195e+01   1.8692142e+01   1.7875181e+01   1.9365988e+01   1.8384740e+01   1.8475043e+01   2.1482267e+01   1.9626833e+01   1.7890528e+01   2.0339762e+01   1.8662452e+01   1.8662452e+01   2.0729298e+01   1.8240750e+01   1.9094107e+01   1.8700787e+01   1.8184262e+01   2.1673732e+01   1.9675418e+01
  -9.3200562e+01  -8.7263974e+01  -9.1170157e+01  -8.6315849e+01  -8.9107581e+01  -9.3687342e+01  -8.9970481e+01  -9.6724711e+01  -7.6573707e+01  -9.5022117e+01  -9.1923629e+01  -9.4970827e+01  -9.3286637e+01  -9.7166624e+01  -8.9994654e+01  -9.5097371e+01  -9.4012245e+01  -7.6109447e+01  -8.8251863e+01  -9.7102399e+01  -8.3719971e+01  -9.3435921e+01  -9.3435921e+01  -8.1409784e+01  -9.5490229e+01  -9.1201992e+01  -9.3600444e+01  -9.5756549e+01  -7.4741062e+01  -8.7971690e+01
   2.3972397e+01   2.7997296e+01   2.1378387e+01   2.1524381e+01   1.9507656e+01   2.5096404e+01   1.9208091e+01   2.4578532e+01   1.7334875e+01   2.8234966e+01   2.2298733e+01   1.8800874e+01   1.9422266e+01   2.8684399e+01   1.6756271e+01   2.2594484e+01   1.6411727e+01   1.5516771e+01   2.0324333e+01   1.8826130e+01   2.7774284e+01   2.4818998e+01   2.4818998e+01   1.1458232e+01   1.9308178e+01   1.6577768e+01   2.8003589e+01   1.7340447e+01   2.1059484e+01   1.8874018e+01
   5.3278094e+01   5.3278094e+01   5.3278094e+01   5.3278094e+01   5.3278094e+01   5.3278094e+01   5.3278094e+01   5.3278094e+01   5.3278094e+01   5.3278094e+01   5.3278094e+01   5.3278094e+01   5.3278094e+01   5.3278094e+01   5.3278094e+01   5.3278094e+01   5.3278094e+01   5.3278094e+01   5.3278094e+01   5.3278094e+01   5.3278094e+01   5.3278094e+01   5.3278094e+01   5.3278094e+01   5.3278094e+01   5.3278094e+01   5.3278094e+01   5.3278094e+01   5.3278094e+01   5.3278094e+01
  -7.3539221e+01  -7.4063725e+01  -7.1567805e+01  -8.1249948e+01  -7.6857835e+01  -6.9950740e+01  -7.1754721e+01  -7.3435863e+01  -7.4803870e+01  -7.6573960e+01  -7.9003169e+01  -6.7020475e+01  -7.0811757e+01  -6.8212762e+01  -7.9190310e+01  -7.0474505e+01  -7.6325323e+01  -7.6126970e+01  -7.6206812e+01  -7.2870895e+01  -6.7020925e+01  -8.6233703e+01  -8.6233703e+01  -6.9163210e+01  -7.2049437e+01  -7.1642936e+01  -7.5180533e+01  -7.6996462e+01  -7.7854732e+01  -6.5635489e+01
   8.8458978e+00   8.8458978e+00   8.8458978e+00   8.8458978e+00   8.8458978e+00   8.8458978e+00   8.8458977e+00   8.8458979e+00   8.8458978e+00   8.8458979e+00   8.8458978e+00   8.8458979e+00   8.8458969e+00   8.8458978e+00   8.8458977e+00   8.8458978e+00   8.8458979e+00   8.8458979e+00   8.8458977e+00   8.8458978e+00   8.8458978e+00   8.8458980e+00   8.8458980e+00   8.8458978e+00   8.8458983e+00   8.8458977e+00   8.8458980e+00   8.8458979e+00   8.8458979e+00   8.8458978e+00
   3.3004412e+01   3.3004414e+01   3.3004414e+01   3.3004414e+01   3.3004414e+01   3.3004414e+01   3.3004414e+01   3.3004414e+01   3.3004414e+01   3.3004414e+01   3.3004414e+01   3.3004414e+01   3.3004414e+01   3.3004414e+01   3.3004414e+01   3.3004414e+01   3.3004414e+01   3.3004414e+01   3.3004414e+01   3.3004414e+01   3.3004414e+01   3.3004414e+01   3.3004414e+01   3.3004414e+01   3.3004414e+01   3.3004414e+01   3.3004414e+01   3.3004414e+01   3.3004414e+01   3.3004414e+01
  -1.3712966e+01  -6.6669691e+00  -2.1249684e+01  -1.8133140e+01  -2.1131336e+01  -8.3824541e+00  -1.5878190e+01  -4.3534191e+00  -2.6809432e+01  -1.6116835e+01  -2.3650269e+01  -2.3371501e+01  -1.7945606e+01  -1.0219928e+01  -2.1502885e+01  -4.5691782e+00  -2.7685906e+01  -1.4310005e+01  -2.6311907e+01  -3.1036874e+01  -3.6118887e-01  -2.5338801e+01  -2.5338801e+01  -2.6501250e+01  -5.5834708e+00  -2.7643312e+00  -4.5982835e+00  -1.7619997e+01  -1.6015612e+01  -1.3230479e+01
   7.9584857e+01   7.9584857e+01   7.9584857e+01   7.9584857e+01   7.9584857e+01   7.9584857e+01   7.9584857e+01   7.9584857e+01   7.9584857e+01   7.9584857e+01   7.9584857e+01   7.9584857e+01   7.9584857e+01   7.9584857e+01   7.9584857e+01   7.9584857e+01   7.9584857e+01   7.9584857e+01   7.9584857e+01   7.9584857e+01   7.9584857e+01   7.9584857e+01   7.9584857e+01   7.9584857e+01   7.9584857e+01   7.9584857e+01   7.9584857e+01   7.9584857e+01   7.9584857e+01   7.9584857e+01
  -1.7314633e+01  -1.7314633e+01  -1.7314633e+01  -1.7314633e+01  -1.7314633e+01  -1.7314633e+01  -1.7314633e+01  -1.7314633e+01  -1.7314633e+01  -1.7314633e+01  -1.7314633e+01  -1.7314633e+01  -1.7314633e+01  -1.7314633e+01  -1.7314633e+01  -1.7314633e+01  -1.7314633e+01  -1.7314633e+01  -1.7314633e+01  -1.7314633e+01  -1.7314633e+01  -1.7314633e+01  -1.7314633e+01  -1.7314633e+01  -1.7314633e+01  -1.7314633e+01  -1.7314633e+01  -1.7314633e+01  -1.7314633e+01  -1.7314633e+01
   2.6537888e+01   3.4300801e+01   3.0547638e+01   3.4531051e+01   3.9384159e+01   2.9411541e+01   3.4313643e+01   3.0639085e+01   3.6480815e+01   3.9373396e+01   3.4894465e+01   2.9430591e+01   3.2072031e+01   2.8002189e+01   3.4505745e+01   4.0851334e+01   3.0217069e+01   3.1432317e+01   2.9912465e+01   3.6412039e+01   2.9199669e+01   2.9824418e+01   2.9824418e+01   2.5247820e+01   4.2080894e+01   4.2068825e+01   2.9757430e+01   3.9228484e+01   3.5933270e+01   3.7562364e+01
  -2.4029483e+01  -2.7461217e+01  -3.0193102e+01  -1.3075871e+01  -1.4081160e+01  -2.3460438e+01  -3.1229759e+01  -2.7167866e+01  -2.7311257e+01  -1.7944670e+01  -2.6657771e+01  -1.5199184e+01  -3.4134489e+01  -2.8501055e+01  -2.4054389e+01  -3.3075410e+01  -2.3518456e+01  -2.2781218e+01  -2.5090360e+01  -3.0632022e+01  -2.3309605e+01  -2.2911126e+01  -2.2911126e+01  -2.0314063e+01  -1.5300922e+01  -2.1333152e+01  -2.1908362e+01  -1.4114306e+01  -1.9641635e+01  -3.0907726e+01
   4.4306243e+01   4.6300432e+01   4.5020224e+01   4.6595987e+01   4.5709320e+01   4.4133191e+01   4.5422843e+01   4.2985353e+01   4.9338874e+01   4.3639810e+01   4.4761649e+01   4.3672381e+01   4.4278019e+01   4.2809730e+01   4.5438173e+01   4.3613972e+01   4.3972705e+01   4.9459772e+01   4.5986196e+01   4.2835747e+01   4.7365942e+01   4.4224223e+01   4.4224223e+01   4.8036605e+01   4.3462977e+01   4.5009278e+01   4.4190437e+01   4.3360650e+01   4.9811905e+01   4.6075758e+01
  -3.5229564e+01  -2.9907105e+01  -2.6772970e+01  -4.9989472e+01  -4.9317273e+01  -3.6306237e+01  -2.5605570e+01  -3.1726382e+01  -2.9694329e+01  -4.5125766e+01  -3.3641663e+01  -4.8410648e+01  -2.3492405e+01  -3.0288752e+01  -3.6852968e+01  -2.3521688e+01  -3.5965698e+01  -3.7676908e+01  -3.5435342e+01  -2.8163535e+01  -3.6871637e+01  -3.8431580e+01  -3.8431580e+01  -4.0428607e+01  -4.8669897e+01  -4.0454484e+01  -3.9184282e+01  -5.0208731e+01  -4.1163526e+01  -2.7095159e+01
