   3.6610385e-04   6.1014121e-06   2.2816801e-04  -2.5220806e-05   4.7396546e-05   9.4224041e-05   6.2342313e-04   1.1559179e-06  -5.5704198e-06   3.5633559e-04  -3.1178117e-04   1.9150011e-06   3.2369160e-05  -2.5922510e-06  -2.5460016e-04  -2.8912046e-06  -1.9973136e-04  -4.4152527e-05   2.1761718e-05  -2.0686763e-04   1.1630624e-04  -5.6379759e-05  -1.5131302e-04  -4.7781013e-04  -4.6732629e-06   5.4768101e-05   2.5849167e-05  -1.4474233e-04  -4.4065291e-05  -5.1256886e-04
  -3.3934163e-04   2.8900107e-06   1.5548740e-04  -5.0685586e-06  -9.5377203e-05   1.3317370e-04   2.3176108e-04   2.3303115e-04   7.8281717e-05  -9.2223216e-06   8.3226331e-05   4.8927232e-05  -5.9049251e-05  -5.7170593e-05   6.9840842e-05   5.8561428e-06  -1.9484056e-04  -1.6018422e-04   4.7573075e-05   4.1523071e-05   7.0882393e-05  -1.1995475e-05   1.5213957e-04  -8.9145861e-05  -8.1464031e-05   2.2908586e-05  -2.3964520e-06   8.3091751e-05   1.0944174e-04  -2.2967594e-04
  -5.3076190e-05  -9.4512038e-06  -1.2014299e-04  -8.5498561e-05   1.5941063e-04  -2.5145632e-05   2.5989111e-05  -1.4677892e-06  -1.8954980e-04   4.3046407e-05  -5.8533617e-05   1.0316183e-05  -5.0357682e-05  -3.9509982e-05   1.8975069e-05   7.0716358e-06   2.3702719e-04  -4.4384078e-05  -3.3033992e-05  -2.5132712e-04   1.3229480e-04  -6.1239539e-05  -3.6840855e-04  -3.0043184e-04  -9.8166047e-05  -1.6823003e-05  -1.3866126e-05   1.1658824e-05   6.4286824e-05  -5.5981930e-05
   3.0634329e-04  -1.8177812e-05  -2.8578657e-05  -3.2968298e-05   7.4372468e-06   1.0549931e-04  -5.0495894e-05  -3.5738450e-05  -6.0880748e-05  -3.0024403e-05  -1.5629933e-04   6.9990371e-06  -1.9998783e-05  -9.4681346e-06   1.0751291e-04   8.8010168e-07  -1.8398792e-04   3.8663737e-06   4.0050773e-05   3.9768819e-04   2.2772784e-05   7.2303959e-05  -1.3198750e-04   1.9727191e-04  -8.6456311e-06  -7.8202835e-05  -9.6042530e-08  -1.6573123e-05  -8.0511213e-05   1.9338810e-04
  -1.2194194e-04   3.6481720e-06   2.1705827e-04   6.7851616e-05  -8.2452670e-05   9.3113968e-05  -1.4144746e-05  -3.3291328e-05  -1.1349935e-05  -3.9855574e-05   2.9699601e-04   3.3076589e-06   3.3115735e-05  -1.6000576e-05   5.0582712e-05   4.1187093e-07  -9.7681257e-05  -2.2666872e-04   6.8804922e-06   7.6947411e-05   3.8151473e-05   5.0814401e-05   2.5844606e-05  -1.1324265e-04  -3.1818643e-04  -5.9313721e-05  -4.1108725e-06  -5.1454399e-04  -1.1151576e-04   1.3062618e-04
  -2.2692979e-04  -3.5976981e-07   2.2330081e-04  -3.7639138e-04  -1.5661432e-04   1.6029728e-04   2.6540511e-05  -5.7345034e-05  -5.4724188e-05   6.3516481e-06   3.7456267e-04   1.3705465e-05   4.2830435e-05   1.3268083e-05  -1.0746419e-05   1.0317806e-06  -3.3550983e-04   4.9360972e-05   2.6974252e-05   3.2398513e-05   4.2534855e-05  -2.8300790e-05   2.2935225e-04   4.2124947e-04   6.3829338e-05   2.7655221e-05   2.0887253e-05   2.3688335e-05   4.3780046e-04  -8.2421257e-05
   1.3956021e-04  -4.3735692e-06   1.8638295e-04  -3.8805112e-05   8.2892406e-05  -4.4108763e-05  -6.9595187e-05   3.8096446e-06  -7.3581818e-05   2.0446066e-05  -3.9808378e-04  -4.6083879e-05   6.7289910e-05   9.4868173e-05   2.7034475e-04  -9.9929035e-06   1.9213817e-04  -3.3403718e-04   4.8717625e-05  -1.6671560e-04   5.0704127e-05  -9.3916595e-05  -3.3503181e-04  -1.6266785e-04  -2.5778782e-05   5.7808794e-05  -9.8405032e-06  -1.8695842e-04  -5.7940828e-05   1.2682418e-04
   6.8336937e-05   3.9791673e-06   2.3005664e-04   2.4358505e-04  -3.8749024e-05  -1.0835289e-04  -3.5334677e-04   1.0013639e-05  -2.5638101e-05   5.3048365e-05  -4.6070932e-04  -2.1451127e-05   6.2895577e-05  -3.0652709e-07  -4.9343910e-05   3.5480343e-06  -8.2982356e-05  -1.1726475e-04   4.4361256e-06  -2.8175227e-04   4.1475861e-05   1.7508157e-04  -3.1700321e-04   4.4775577e-04   2.1732463e-05  -1.3072407e-05   1.3403878e-05  -1.8695894e-05  -6.1071503e-05  -3.9327995e-05
  -1.9677563e-05  -6.6823806e-06   1.5859987e-04   1.9496246e-04   3.9060641e-05  -6.7942317e-05   3.7166667e-05  -3.9469131e-06   1.3837953e-05   1.5101467e-04  -5.1536869e-04  -1.1922000e-05   1.8658304e-05   3.3709189e-05   9.5915636e-06   3.3629334e-06  -6.6895657e-04  -3.7296309e-04   5.6402108e-05  -3.8291235e-04   1.4013344e-04  -2.0635957e-05   4.4666217e-04  -9.0231913e-05  -7.0031884e-04   2.4242968e-04   2.8516117e-06   3.3399572e-05   2.7486071e-07  -1.5377488e-04
  -1.4072041e-04  -2.6242146e-06  -1.9522911e-04  -5.6467031e-06  -3.9160465e-05   5.7162403e-04   3.0007570e-05  -1.1879662e-06  -8.0906311e-05  -7.7886057e-05  -1.7661034e-04  -8.0500675e-06  -1.6872632e-04  -4.0478494e-07  -1.1031346e-04  -1.3621880e-06  -8.3299676e-05   3.2233461e-05   4.7889881e-05   1.9342855e-04  -3.3542484e-05   7.0385945e-05   1.2416330e-04  -3.3263228e-04  -3.2822583e-04   1.0011111e-04  -1.5589191e-06   2.7029513e-05  -5.5005652e-05  -2.9139753e-04
