  -1.2839928e-07   2.7711552e-08  -2.2971631e-08   2.4096499e-09   7.0351511e-10  -5.6766494e-08   7.7246126e-10  -1.0776107e-07   1.8958221e-08  -6.5000273e-10  -2.6212477e-08   2.4562313e-10   3.7511326e-08  -7.4555877e-09  -5.9390572e-09  -1.6216663e-08   1.0657748e-09   5.4446463e-10  -1.4663797e-08   6.3394633e-09   2.1843859e-08  -1.4752522e-08   4.0638947e-08   2.8595402e-08  -7.7090593e-08   2.0066962e-08  -1.5445491e-08   1.3012850e-09  -2.4194460e-09  -5.6708081e-09
  -1.1574631e-10  -3.9187961e-09  -4.5785589e-08  -2.5858575e-09  -1.4876990e-09   3.9271990e-09  -3.6786510e-11   2.2694040e-09   4.9943696e-08   8.5670580e-10   5.0576792e-08   3.8464984e-09  -2.7969955e-09  -1.8931975e-10   3.1348968e-08   2.1408963e-09   9.6278371e-09  -8.8753305e-09   1.7297946e-08   4.3125172e-09   3.2806148e-09  -1.1779380e-07  -1.3943311e-07   7.4707208e-09  -7.3301515e-09  -4.1991084e-08   4.8873740e-08   1.1330423e-09  -1.0878067e-08  -2.3690714e-08
  -2.1264713e-08  -9.8801490e-09   1.4379428e-07   6.7345500e-10  -2.8545778e-09  -1.5612017e-09   2.8300711e-08  -1.7997036e-08  -1.0768715e-07   1.0796234e-09  -4.4452985e-09  -1.6598307e-08  -7.9847256e-09  -6.5837761e-09  -7.3308882e-09  -2.8774306e-08   8.6320385e-09   9.1033646e-09  -1.9375045e-08  -1.0189384e-08   4.8351669e-08   1.9747773e-08  -8.9862824e-09   1.1260479e-08  -9.4809433e-10   2.6638794e-08   2.7798124e-08   3.0202345e-09  -4.9673011e-08   2.5788216e-09
  -5.4216977e-09   1.2995646e-08   4.8374412e-08  -7.9419683e-10   1.2102141e-07   6.0889857e-09  -2.7012145e-09  -5.2157769e-08   1.1120879e-08   3.6609129e-08  -4.0905754e-09  -5.8098887e-09   3.7230013e-08   6.6252017e-09  -3.1365524e-08   6.5795582e-09   3.7852957e-09  -3.7304850e-09   1.7140972e-08  -1.9976591e-09   2.2732516e-08  -6.6704326e-08   3.5514825e-08  -2.1854131e-08   8.8309612e-09   6.0701329e-08  -1.0643161e-07   1.5333236e-09   4.4333356e-09   6.2365486e-09
  -5.8020052e-09   7.1049764e-09   7.4271292e-08  -4.1215393e-10   2.2755253e-10  -3.8526417e-08   3.3108645e-09   4.8939228e-09   4.2180231e-08  -5.7021680e-09   5.0405556e-09   2.1547866e-08   3.2395266e-09  -1.0706884e-08  -5.6345032e-09   1.5567232e-08   9.1261546e-09   5.7932262e-08  -4.4790732e-09  -3.0019643e-08   6.6614708e-08   4.2588942e-08  -2.0014390e-10   6.6193182e-08  -1.2792610e-08  -1.3974946e-08  -1.2206903e-07   5.4580840e-10   4.8146351e-09  -4.8130896e-09
   2.9267103e-08  -2.3971368e-08  -7.5689131e-08  -5.3621995e-10   2.9623020e-08  -2.5455761e-09   5.4995550e-09  -1.3923436e-08   5.7903379e-09   4.0480153e-09   8.8045942e-09   1.2367047e-08   9.8621896e-08  -1.2536502e-08   4.2361183e-09  -8.9417679e-09   9.4371533e-10   6.6551260e-08   3.3934116e-09   5.8554383e-09  -1.9152776e-09   4.1821264e-08  -3.1611575e-08  -3.8312799e-08   2.1897436e-09  -3.7132471e-08  -1.6956779e-09   2.0408857e-11   1.2050845e-08   1.3116322e-08
   1.1773594e-07   3.9744737e-09   1.2379319e-08  -2.8930512e-10   7.2381759e-09   2.5353170e-08  -7.8493366e-09  -6.6361631e-09   8.0803580e-09  -2.5759664e-08  -1.9952431e-09   2.2801979e-08   3.0615487e-08  -1.8289984e-08   5.9400746e-10   3.5217326e-09  -1.9895336e-08  -2.3401224e-08   1.3984323e-08   5.1153062e-09  -7.7823609e-08  -1.6101324e-08   1.4390323e-08  -4.1552637e-08   1.5646093e-08   1.0937726e-08   6.3835604e-08  -1.7568549e-09  -3.5873234e-08  -6.5085812e-09
   5.5659580e-09  -6.8885602e-09   1.3932609e-08  -8.4037517e-08  -1.3645843e-09  -4.7603931e-08   1.4597960e-08  -1.8202392e-08  -1.8163935e-08   8.7495617e-10   1.2628705e-09   2.0654683e-09  -3.7734895e-08  -3.2364916e-09   2.6158795e-09  -4.3764275e-09  -6.4749638e-09   2.0192231e-08  -2.1831433e-08  -1.1597198e-08   1.9601896e-08   4.3475894e-09  -1.3783130e-08   9.8619039e-10   9.8252902e-09  -3.9145563e-08   7.6148528e-08   2.1019847e-09  -2.0307646e-09   1.9796888e-08
   2.5364105e-09  -1.7900836e-08   2.5588808e-08  -7.4545727e-08   6.0245127e-08   4.8246890e-08  -5.4965916e-09  -6.0899522e-10   4.9566831e-10   2.9435527e-09  -1.1714508e-09  -6.7582237e-10  -4.0655009e-08   7.0861164e-09  -1.9656018e-08   2.0713957e-08   1.4917526e-08  -4.0668319e-09  -2.4129662e-09   1.6848309e-08  -2.1401837e-08  -2.7585545e-08   2.4065581e-08   7.7580184e-09   1.6997540e-08  -2.6551061e-08   6.1291719e-08   1.7377021e-09   2.1705246e-09   1.6938042e-08
   3.0540863e-08  -3.0149068e-08   6.7958805e-08   6.3811781e-10   3.8922364e-09   1.5657549e-08   1.8586028e-08  -3.1290954e-08  -8.2543394e-09  -6.7345525e-10  -4.1074233e-09  -2.8123253e-08  -1.1343720e-07   3.1123727e-08   5.2323335e-08   1.1369517e-08  -3.4669781e-09   5.2454939e-09   2.3410892e-08   1.6154959e-08   2.2988653e-08   6.6005505e-08  -2.0736334e-08   4.9813062e-09  -3.8557121e-08  -2.7873253e-08  -3.7012729e-08   1.8881284e-09  -1.7654377e-08  -4.3534468e-08
   1.1403648e-08  -3.6651833e-09   2.4415069e-08   9.3377546e-10  -5.9445828e-09   4.3452177e-10   2.0106014e-08  -1.0981083e-08   4.9096153e-08   4.1036984e-09   5.4258946e-09   5.8074330e-09   4.6908869e-08   1.0144071e-08   3.7974870e-08  -3.9336828e-09   2.0410406e-08  -1.7729960e-08   2.0740501e-08  -2.4291056e-10  -3.1055792e-08   5.0272186e-08  -1.6545774e-08  -2.4862311e-08  -1.2395849e-09  -1.4319694e-08  -7.3301326e-09   3.2184863e-10  -7.0047591e-08   6.4780572e-10
   1.4647102e-08  -2.0490846e-10  -5.3784794e-08   1.6237687e-10  -1.2278595e-09  -8.8344598e-10  -3.8118983e-10   5.6521418e-08   1.6979448e-08  -3.0546146e-09   3.7635817e-10   9.9604194e-09   6.2011029e-08  -8.1330226e-09  -3.5890897e-09   2.5222943e-09   5.5180175e-09  -4.9155725e-09  -6.3497904e-09   4.9631744e-09   8.1074758e-09   6.1065404e-08  -2.1523614e-08   3.9578037e-09  -6.5726393e-09  -1.2611335e-08  -2.8635105e-08   1.8037456e-09  -2.8866506e-09   2.3716873e-08
   5.3145975e-08  -4.4172054e-08  -7.1197297e-08   1.3431251e-09   1.3735944e-08   7.6645093e-08  -7.5365648e-09  -3.3016687e-09  -1.3126467e-08  -7.7373590e-09   3.7148183e-09   2.1973704e-08   7.8145741e-08   3.0646371e-09   1.5590863e-08  -3.6281050e-09   5.7661494e-08   1.6389824e-08   3.1412010e-08  -4.1674457e-09  -1.3254509e-08  -2.2872802e-09  -4.3764587e-08   5.1706480e-09   7.8855160e-09   4.6089408e-09   1.7902854e-08   2.5872679e-09  -3.4730201e-09  -6.8463693e-09
  -2.5494490e-08   6.0036779e-09   1.9459790e-08   9.6685382e-10   3.7522720e-08   1.6199656e-07  -1.3645505e-08   4.5822279e-08  -4.0500301e-10   3.7418156e-09  -6.3362678e-09  -5.1796779e-08   6.0715705e-08   2.4635221e-09  -7.1567042e-09   1.3479944e-08  -4.8586365e-10   9.5293521e-09  -7.4732447e-09   8.7398214e-10   1.8860209e-08   3.7008005e-10  -5.9169565e-08   9.4373108e-09   9.3422674e-08   1.0239072e-08  -1.7662394e-08  -2.4479356e-09  -2.2112200e-09   5.8538392e-09
   8.5285003e-09  -3.5045749e-09  -9.4148499e-08  -3.4140291e-10   4.3132411e-09  -1.3882337e-07  -4.1917113e-09  -7.9336274e-10   2.3299093e-09  -7.1879773e-09   3.8618248e-09   1.6980763e-07   4.0187314e-08  -2.3993583e-08  -1.5475212e-08   1.4182017e-08  -2.6142417e-09  -6.7228051e-09   7.5730418e-09   4.0328652e-09  -7.5858346e-09   7.8699304e-08  -1.0491562e-08   1.5242288e-09   1.0998870e-08  -6.0069719e-08   1.1011183e-08   6.1388751e-10   4.1493936e-09   5.8758656e-09
  -7.2346039e-08  -7.7897532e-09   1.3340733e-08   2.5237763e-10   1.5825418e-09   3.8476873e-08  -6.9002421e-09   1.6298325e-08   5.2330232e-08   8.0681987e-09  -1.1422044e-08   1.2426122e-09   1.4236329e-07  -2.5064612e-09   4.2446400e-08   1.5913908e-09  -6.3425644e-09   1.0421271e-08  -1.1891229e-08   5.2131732e-09  -2.8948562e-08  -7.1152983e-08   8.1339745e-09   1.5081144e-08   5.4296625e-08   6.1776331e-08   1.4618533e-08   1.9213572e-09   1.5973430e-08  -1.1868666e-10
  -3.7593651e-09   2.1131867e-08  -3.6317072e-08   1.6226736e-10  -1.5831267e-08  -6.5691997e-08  -3.1057211e-08  -4.3807316e-08   2.4759494e-08  -9.8508141e-10  -1.0958114e-08   5.7048147e-09   1.5753496e-07  -1.4124151e-09  -3.1305741e-09  -7.2098786e-11  -3.1845440e-09   5.3435973e-08  -1.7763414e-08   3.9874366e-09  -6.6903799e-08   5.2471064e-08  -2.6982529e-08  -4.9124452e-10   2.3983095e-08  -1.3953073e-08   4.0154681e-08  -1.4660743e-09   5.4132076e-09   1.4629728e-08
   1.8762317e-08   8.3418478e-09  -2.7794083e-09   4.6887402e-10   2.5589911e-09   1.7662617e-09  -2.5171971e-08  -4.6049826e-09  -5.3730959e-09   2.2942521e-09   1.2728457e-08  -1.9497341e-10  -7.9415576e-08   2.4210654e-09   1.3974142e-08  -9.0899026e-09   1.7160455e-08   1.5612356e-08  -1.6332986e-08  -7.1023276e-10  -4.3238164e-08  -1.7213695e-08   8.3078394e-09   2.3522102e-08   6.3313630e-08   1.3168787e-08   2.1786438e-08   1.3535327e-09  -3.5476930e-08  -2.9658881e-09
   1.6648136e-07  -1.8092959e-08   2.2611527e-08  -1.0424007e-09  -1.6828333e-09   1.3669716e-09  -2.1371841e-09   1.3567365e-08  -7.6008124e-09   2.2290179e-09  -1.6229894e-07   9.4062938e-10  -8.4782773e-08  -7.1493761e-08   5.4592340e-09  -2.9953190e-09   1.5417917e-10  -6.0693288e-08  -1.2185108e-07  -2.3126796e-09   2.8401377e-09   3.1185166e-08   7.0150416e-08  -5.6554149e-09  -8.1245662e-09  -1.4167025e-07  -7.6354674e-09  -8.3260562e-10   9.3954688e-08   6.8939933e-09
  -6.5690108e-08  -1.6116711e-08   2.7378733e-08   1.3429507e-09   2.0899692e-09  -3.4877529e-10  -7.9539369e-10  -5.4484010e-09  -4.7534034e-08   5.2515472e-09  -3.7508799e-08   3.8419178e-08  -3.7242221e-08  -1.6712472e-09  -1.2394566e-08   8.8763324e-09  -2.5638664e-09  -2.9925672e-09  -1.6587507e-08   1.4609475e-09   3.1647818e-08  -2.3104844e-08  -3.1089315e-08   6.6965816e-09   5.7811753e-09   3.2506053e-09   6.8903996e-09  -2.3123805e-09   1.3131414e-09   5.9566928e-09
