   3.0293317e-10   4.4809354e-09   3.9948489e-08  -3.9023176e-08  -3.2671124e-09  -2.5984469e-11   3.8754278e-09   1.0135440e-08   3.4911925e-08   3.4419568e-09  -2.2617368e-08  -6.0956913e-09  -3.7533205e-08   9.7078539e-09   1.4596330e-08   1.7610986e-08   2.0474722e-08   1.1152011e-08  -2.6939655e-10  -8.9971748e-09  -9.7787946e-09  -1.2624979e-08  -1.2970273e-08   1.3327740e-08   1.2334905e-08  -5.3713385e-09   9.9308615e-10   1.2082645e-08  -1.6429257e-09  -3.3162011e-10
  -5.0394600e-08  -1.6448439e-09   1.7742070e-09  -3.8113502e-08   2.6187090e-08   1.1712905e-10  -6.0320484e-08   7.4699170e-09   1.2875838e-09  -4.2592168e-09  -1.2953640e-08  -2.2857754e-08  -3.0412573e-08   8.9663518e-09   8.7113607e-09  -2.8582902e-08  -7.2059577e-09  -1.4574697e-08  -3.5511621e-12  -6.3778757e-09   3.1656727e-08   1.3971103e-08   2.5575927e-08  -4.0551269e-09  -1.1339104e-08   4.4405670e-08   2.7131568e-09   1.6056593e-08  -3.2564576e-08   1.6957179e-09
   1.6166316e-09  -1.5841829e-08  -9.3628000e-09  -2.2737583e-08   3.8612219e-08  -3.4837640e-11  -1.2998466e-08  -4.1073955e-09  -7.7964369e-09  -1.9528153e-08  -1.9665546e-08   1.7600996e-08   2.4970496e-08   5.0819933e-08  -4.3447157e-08  -1.0386902e-08  -2.4220550e-08  -3.3381646e-09   1.2233129e-09   7.1797805e-09  -1.7393195e-08  -4.1682424e-08   1.2230360e-08  -1.0741498e-08  -1.9429668e-08   2.2690700e-08   5.6821920e-08  -4.8128497e-08  -1.2255584e-10  -2.3904236e-09
   2.2107912e-10   4.0006011e-09  -4.7777464e-09  -1.4845251e-08   8.4558737e-09  -5.7917775e-11  -9.6249563e-09   1.0314952e-08   1.3800795e-08   4.9036282e-09  -4.2527733e-09   1.4932603e-08   1.5115017e-08   1.0689190e-08  -1.9729119e-08  -7.5626210e-09  -2.1706321e-11   1.3626010e-08  -1.4398995e-09   1.0004969e-09  -3.6991916e-08  -4.7989730e-09   7.3787666e-08   2.6461485e-08  -1.9638084e-08   1.9587191e-08  -2.3844084e-08   8.5878043e-09   1.3491841e-09   4.5934436e-09
  -3.7882512e-10  -8.7698920e-09   1.1929098e-08  -7.8953158e-10   1.4254924e-08   8.4721682e-11   1.5249004e-09  -7.9500923e-10   4.3315558e-09  -5.8266814e-09  -2.5571945e-09  -8.1934464e-09   2.4632976e-08   2.4269308e-08   8.4766962e-09  -2.3028119e-08   1.1184728e-08  -8.0774782e-08  -3.6194392e-10  -1.6549619e-10  -8.3174274e-09   3.2359268e-09  -3.9406255e-09   2.1127783e-08   8.7953696e-09  -2.8284284e-08  -5.5443995e-09   4.9912829e-09  -4.7210567e-08   1.5123390e-09
  -2.3348436e-09   1.2288296e-08   2.4664754e-09  -1.3718857e-08  -2.3150193e-08   5.1807378e-11  -1.6097180e-08  -2.1431043e-09   5.6969228e-09   6.4259606e-08  -2.5957813e-08   3.9888073e-08   1.8974558e-08  -1.5154300e-08   3.0333910e-09   1.4225962e-09   2.3592443e-08   1.1410182e-08  -9.4661706e-10  -1.2378010e-09   2.3028938e-08  -1.0956461e-08  -9.9587002e-09  -6.7348669e-09  -1.8477802e-09   5.9631490e-09   1.9587739e-08  -1.7887942e-08  -2.1036528e-08  -4.7308991e-10
  -7.5340437e-10   3.1845568e-09  -1.9952807e-08   3.6685804e-09   1.2867090e-08  -1.0396274e-11  -8.9335663e-09   3.0823112e-08  -1.0364994e-09  -5.7272355e-09  -7.8809834e-09   1.3730313e-08  -8.2162168e-09   1.2956571e-08   2.0422965e-10  -1.4352303e-08  -8.8017567e-09  -5.7970169e-09  -5.4245766e-10   3.2732647e-08   6.8894868e-09  -3.0308844e-10   8.2674999e-09   1.4719975e-08  -1.8067021e-08  -1.3405262e-08   1.5009307e-08  -1.1542672e-08   2.2065248e-09   8.0802767e-08
   3.9579029e-11  -4.0384530e-09   4.3940664e-09   1.5903123e-08  -1.0364764e-08   4.3713641e-11  -9.9660232e-10  -5.5657491e-08  -1.6247542e-08   2.0217766e-08   5.7764255e-09   3.2009700e-09  -4.3109913e-09   1.2586310e-09  -4.6833931e-08   1.0026068e-08  -2.0245128e-08   6.3563201e-09   4.5959363e-10   4.9205911e-09  -3.5669846e-08  -7.5576990e-09   3.5012512e-09   2.5246164e-09   1.9992463e-09  -5.5239343e-08  -9.1497897e-09  -2.1693157e-09  -1.8188562e-08  -1.3700039e-10
   1.2533908e-09  -3.8843438e-09  -3.7045333e-09  -2.5232207e-09   1.2433033e-08  -1.2723497e-10  -7.6120122e-09  -5.8512329e-10   1.1740645e-08   7.4163768e-09   5.8307542e-09  -5.2268472e-10   1.9340298e-08  -1.0965691e-08  -3.5036674e-08  -6.9670901e-09  -4.9339045e-08  -6.5786786e-09   1.8165625e-10   6.7991895e-09  -5.9403292e-09   2.6497849e-08  -4.0600339e-09  -1.8805825e-08   8.4780078e-10  -2.1766619e-08   2.1533177e-08   1.8171405e-09   6.2633296e-08  -1.4262964e-09
  -2.8142033e-08  -1.2749188e-09  -5.1330398e-08  -2.1758465e-09  -4.0070814e-08  -1.1400834e-10  -1.5150965e-08   2.1986439e-08  -3.2480678e-09   1.1998313e-08   1.5991091e-08  -3.6275981e-08  -1.9910281e-08  -2.9357189e-08  -3.9705533e-09  -4.3005412e-11   1.7855323e-09  -9.8834584e-09  -1.4560647e-10  -9.3767483e-10  -2.3735065e-08   1.3105339e-08  -2.2073439e-09  -1.0442636e-08   1.1851992e-08   8.0359996e-09   2.4461599e-09  -9.7251301e-09  -2.8720358e-08   4.1970923e-09
