   3.4644368e-10   1.7905424e-09  -6.5453373e-10   1.9539384e-09  -2.9574254e-09  -2.6595181e-09  -3.5739730e-10   1.6645118e-09  -1.4362397e-10   2.4076735e-11  -2.5758168e-09   1.2927108e-09  -3.5624815e-09  -2.8850423e-10   8.3987250e-10  -8.8878091e-11   2.3576628e-10  -8.1629951e-11   2.8895247e-10   1.3650221e-11  -8.1497422e-10   1.3478213e-09   4.4066352e-10   9.4158303e-10   1.5288508e-09  -3.4639821e-09  -1.6502546e-09   1.4317578e-10  -1.0075195e-09  -2.5010272e-09
   9.9316831e-10   1.0643370e-09   7.2439630e-10   2.1930105e-10   1.5377888e-09  -1.4461374e-10  -1.3411460e-10  -1.6779295e-09  -2.1861602e-09   3.2340943e-11  -2.5556392e-09   2.0377856e-09   1.4780205e-09  -2.5415394e-10  -1.0001094e-10   1.1763654e-11   5.2807530e-10  -4.7074560e-09   2.5024134e-10   1.7814328e-09   5.0956321e-09   1.4836191e-09  -7.0434477e-10   2.0248689e-09  -3.3684152e-09  -5.1373003e-09  -1.6503356e-09  -9.5485240e-10   2.7294578e-09  -1.8195721e-09
   2.5957944e-09  -5.9794469e-10   7.6090618e-10  -1.0797111e-09   2.2485688e-09  -8.8815930e-10  -2.3453358e-10   8.2281881e-10  -6.4144062e-10  -1.9999300e-11  -1.9277506e-09  -5.8006481e-10   1.7728608e-09  -2.0427465e-11   5.0419044e-10  -1.6514316e-11   2.2440259e-10   3.6613670e-10  -6.1284553e-10  -1.1514272e-09   8.9363949e-10  -1.7121134e-09  -2.7076552e-09  -2.1975259e-09  -2.8506728e-09  -4.0395391e-09  -1.5532682e-11   1.9174139e-09   1.6308496e-10   2.0096316e-09
  -2.6337809e-09  -1.0874644e-09  -3.1657476e-10   6.3255927e-10  -2.4850225e-09   1.1144293e-09   2.7501143e-10  -9.4879204e-10  -2.7593296e-10  -2.3913433e-11   7.0225715e-10  -7.3348225e-10  -5.3728102e-10  -7.1713262e-11   4.0636399e-10  -3.6222057e-11   2.4325190e-10   4.3434352e-09   3.2274858e-10   1.2111058e-09  -5.9742917e-10  -6.8092254e-10  -2.3635533e-09   3.7704597e-10   2.2907925e-09  -7.9123191e-10  -4.7790748e-10  -1.0340516e-10   1.0876885e-09  -2.2738259e-10
   4.4805224e-10   3.0051786e-10   2.3911114e-10  -4.5557463e-09   8.4254525e-10   9.5601012e-10   4.4926545e-11   3.9388762e-10  -1.9059502e-09   4.9173489e-12   1.4079053e-09   1.9311675e-09   4.0859809e-09   5.9796088e-10   1.3261013e-09   4.4707602e-11  -6.2850017e-12   3.7998366e-11   9.5069877e-11  -2.4319760e-09   1.5910638e-09  -1.2477689e-09   6.6341165e-10   1.8611500e-09   2.1999366e-09  -2.8799143e-10   1.3819032e-10  -8.2116135e-10  -1.1118433e-09  -8.2369725e-10
  -1.1071610e-10   2.9467606e-10  -1.0146393e-09   4.8157390e-09   9.4178722e-10  -9.7255752e-10  -3.1703621e-09   3.2829357e-10   1.1971965e-09   5.9690777e-11   1.8090533e-09   6.8521095e-11   2.6790140e-11  -1.0089038e-09  -2.4925017e-10   5.8106173e-11   7.7848455e-09  -2.7929827e-10   2.7136396e-10   1.7498230e-09   6.1410911e-10  -2.8837053e-09   1.5946976e-10   5.5370466e-10  -1.9053720e-09  -4.4255077e-09   4.0113847e-10   4.6939156e-10  -4.8367985e-10  -1.9494066e-09
  -3.5621493e-10  -1.3164017e-09   2.9707681e-11   1.1527852e-09  -1.1474303e-09  -1.3781196e-10   5.9875028e-09   9.5883297e-10   1.1276593e-09  -5.9055987e-11  -1.2936382e-10  -4.2436702e-09   1.4897515e-09   7.3544598e-10   1.0528979e-09  -2.2204994e-11   1.2538877e-10   1.1860037e-10   1.2252069e-10  -1.5698133e-09  -8.1838190e-10   4.1392486e-10  -3.3352956e-10  -1.1827473e-09  -3.6612259e-09  -5.8433623e-10  -1.0840829e-09   1.0770658e-09  -1.6325294e-09  -8.8297881e-11
  -2.3137198e-10   5.5704614e-10  -1.1247571e-09  -1.3721231e-09   6.8321580e-10  -4.6714206e-10   3.5088194e-09  -1.9928393e-10   2.2098915e-09  -1.6218428e-11   3.3415220e-10   3.0808468e-09   5.4054211e-10  -3.3685563e-10  -7.0400023e-10  -1.8073978e-11   1.4609715e-09  -1.8329779e-10   2.9691829e-11  -7.3936334e-10  -4.9676222e-10  -4.8878862e-10  -2.1595135e-09  -2.4134741e-10   1.1635287e-09  -2.4685295e-11   4.9128735e-10   2.6591881e-09  -2.1755547e-09   9.8656542e-10
   6.8146950e-10  -1.1787373e-10  -7.2600737e-10  -6.9355541e-10   1.5846508e-09   8.6867194e-10   5.5555826e-10   1.5198771e-09  -7.0446838e-10  -2.1210086e-11   1.9519219e-09   2.1057486e-09  -6.8958101e-10  -1.1625643e-10   1.6474103e-09   1.1620586e-10  -1.0806438e-10   1.5898920e-10   1.0199941e-10  -3.6973727e-11  -2.8163995e-09   3.9725345e-10  -1.3392303e-10   1.5859416e-09  -6.5364286e-11   8.7290679e-10  -3.7299160e-10  -2.3848361e-10  -1.6038471e-09  -2.8595473e-09
   7.4791202e-10   1.5244735e-09   1.3427312e-09   1.0284325e-09   3.2693358e-10  -2.9579436e-10   7.0394570e-10  -2.9327248e-10  -3.9675471e-09   1.2346910e-10   8.8646586e-10   2.1193259e-11   6.3489962e-10   2.8160569e-10   2.9123016e-09  -4.1707634e-11   2.3010022e-10  -1.2019121e-10  -5.9546438e-11  -2.5148156e-09   3.5711805e-09  -3.6132212e-10  -1.0112072e-09   5.4473833e-09  -6.0064709e-10  -3.9529822e-09  -1.5904999e-09  -6.0051404e-10   9.1366121e-10   3.6003906e-12
  -4.0976537e-10   1.5507710e-10  -1.6866197e-09   6.4590080e-10  -3.4806426e-10  -1.1250003e-09  -4.5564569e-12   7.1194124e-10  -3.2802256e-10  -1.8955955e-11  -7.8840596e-10  -1.6150167e-10   1.5767946e-09   4.3465781e-10  -5.4169981e-10   1.1306802e-10  -3.7092415e-10   2.4478747e-10   8.6281135e-12   8.9559785e-10   2.1545431e-09   2.6935571e-10  -5.5453390e-11   5.9101783e-10   2.3120407e-09  -1.2831805e-09   1.4540296e-09  -1.8817645e-09   2.6973913e-10  -2.9284257e-10
   2.0616420e-10   5.7871199e-10  -2.1291516e-09   1.6408868e-09   1.6966367e-09   7.5929173e-11   2.1331947e-11  -1.7103311e-10  -6.3221285e-09   2.3746603e-09   2.6697656e-10  -1.6218959e-09   5.2400852e-11   2.0305015e-10  -2.7317669e-10  -7.3125106e-11   8.2712598e-11   1.3611571e-10  -2.0914409e-10   2.3696714e-09   9.4110658e-10  -3.1300541e-10   7.0806965e-10   1.3298873e-09   3.8781749e-10  -1.7998197e-09   1.0224632e-09  -1.0662291e-10   1.3948614e-09   1.2798507e-09
  -1.3084506e-09   1.4586695e-09  -4.4948375e-10   2.3285919e-09   1.9715272e-09  -9.1887608e-10  -1.2487547e-10   8.0658808e-10  -2.7086569e-09  -1.8199648e-10  -2.9430271e-09  -2.0833103e-10   4.4192108e-09   1.0740357e-09   3.9821365e-10   7.3525107e-12  -3.0680744e-10   1.2237610e-10  -5.1874332e-10   4.8996298e-09  -1.8123416e-10   3.7454331e-11  -1.6122703e-10  -2.7679372e-09   5.1177119e-10   2.7516923e-10   1.9047811e-09  -3.4934002e-10   1.5527879e-09   2.2593337e-09
   1.9218870e-10   3.6392485e-09   5.8951269e-10  -2.0984185e-09   1.8017703e-09  -1.5621248e-09   1.1533301e-14  -7.0248625e-10  -1.9626255e-09  -4.9754908e-12   1.6678589e-09  -6.1040661e-10  -3.9038561e-13  -8.3716150e-10   8.3644302e-10  -1.3023541e-11  -1.3012238e-10   1.0465998e-10  -1.0710507e-10  -7.3365641e-10  -2.6211533e-10   7.0927892e-10  -1.2190321e-10   1.1201471e-09   1.6698504e-09  -5.3431648e-10   4.4087714e-10   2.0823364e-10   1.1651471e-09  -2.2335478e-10
  -8.5908086e-10  -5.4318920e-11  -2.5356583e-09  -5.1645140e-10  -1.1712461e-09   9.1086508e-10   2.0295360e-11  -4.8312989e-09  -1.2465732e-10  -2.2613346e-09   1.8239807e-10   3.6867431e-10  -8.0199458e-10   3.2655553e-10   6.4132355e-10   3.0557525e-11  -1.9307095e-10  -9.2081176e-11  -8.0529846e-11  -5.8786366e-10   1.7844309e-09  -7.0687936e-10   3.2936131e-10   1.3586384e-09   1.2822017e-09   1.9173685e-09   7.5447261e-10  -8.3163031e-10  -1.4444343e-09  -1.7254543e-09
   4.0547661e-10  -6.2388240e-10  -8.1674958e-11   1.0712117e-09  -3.7695797e-10  -8.2302560e-10  -3.3447994e-10   4.6947147e-10   2.2726748e-09  -2.6729245e-11  -3.0096777e-11   8.4377208e-10   5.0497212e-10  -2.1086945e-10   1.2473077e-09  -1.1376843e-11   1.2419637e-10   4.1369105e-11   9.7274258e-11  -1.1188433e-09  -1.5145581e-10  -3.3147313e-10  -2.4324899e-10  -7.5671033e-10   1.1729709e-09  -3.9494969e-10  -2.6789239e-10  -2.8776796e-12   2.9807847e-10   6.9585671e-10
  -1.1799501e-10  -1.8002427e-09  -1.9667003e-10   7.5724516e-10   9.3347216e-10   1.1566456e-09   2.4056315e-11  -2.5032980e-10   3.9568667e-10   3.4699141e-12  -1.9335894e-09  -6.6824148e-10  -6.0619659e-10   1.8816508e-10  -2.6912878e-09   8.1351554e-11   7.3419121e-12  -9.4204469e-11  -2.2719692e-11   1.7963504e-09   4.4030443e-10   2.3690396e-10   2.4057396e-10   8.6754314e-11  -2.1917311e-09   2.1638820e-09  -3.4026850e-09  -1.8075606e-09  -1.3894404e-09   1.8467007e-09
  -5.6417263e-10  -2.5968056e-09   3.1116009e-10  -2.5803475e-09   1.9976557e-09  -1.9944440e-09  -3.3188823e-11   1.8697078e-10  -4.8451995e-10  -8.8949242e-11  -1.4976941e-09   6.9791173e-10  -6.1781981e-10   2.9640453e-11  -3.3863889e-09  -4.6339442e-11   2.8481396e-10  -1.8947932e-10   2.9242740e-09  -3.6944210e-09  -1.7202845e-10  -2.8857485e-10   2.4803593e-10   1.6505480e-09  -4.3696933e-09   3.8403589e-10  -8.5729951e-10  -2.0804474e-09  -5.1134814e-11  -3.2168539e-09
  -9.3972355e-11  -3.4881343e-09  -5.8943349e-10   4.3242002e-10  -1.8007574e-09   2.0370405e-10  -2.4534231e-10   4.3485713e-10   2.4378121e-09  -6.6598971e-11  -1.4312093e-10  -1.8043971e-09   2.5034191e-10  -1.7429607e-09  -3.8680740e-09   2.4016547e-11  -6.9254212e-11  -2.3907813e-10   2.0276688e-10  -2.5364033e-09  -4.9455792e-10  -2.4577218e-10  -1.0105354e-10   7.4942906e-11  -4.2191855e-10  -1.8164237e-09  -1.4322528e-09  -1.3917327e-09  -1.4226238e-09  -1.7688398e-09
  -4.5654800e-10  -2.4172626e-09   2.6594519e-09  -4.1825450e-09   2.2014698e-09   6.7444654e-10   5.3521663e-10   1.1429769e-09   2.7600865e-09   3.6620109e-10  -8.9328091e-10   6.4305902e-10  -2.0743350e-09   1.0504151e-11   6.6568437e-09   3.8275753e-11  -1.4639002e-10  -9.0952207e-11   1.3540989e-10  -2.6247708e-09  -1.0028084e-09   9.2671444e-10   1.0818169e-09   1.2215584e-09  -3.5907311e-09   1.3456844e-09  -1.5758997e-10  -9.5836491e-10  -2.7767756e-09  -8.3430194e-10
