  -5.5276398e+01  -5.5276398e+01  -5.5276398e+01  -5.5276398e+01  -5.5276398e+01  -5.5276398e+01  -5.5276398e+01  -5.5276398e+01  -5.5276398e+01  -5.5276398e+01  -5.5276398e+01  -5.5276398e+01  -5.5276398e+01  -5.5276398e+01  -5.5276398e+01  -5.5276398e+01  -5.5276398e+01  -5.5276398e+01  -5.5276398e+01  -5.5276398e+01  -5.5276398e+01  -5.5276398e+01  -5.5276398e+01  -5.5276398e+01  -5.5276398e+01  -5.5276398e+01  -5.5276398e+01  -5.5276398e+01  -5.5276398e+01  -5.5276398e+01
  -7.0429560e+01  -7.0429560e+01  -7.0429560e+01  -7.0429560e+01  -7.0429560e+01  -7.0429560e+01  -7.0429560e+01  -7.0429560e+01  -7.0429560e+01  -7.0429560e+01  -7.0429560e+01  -7.0429560e+01  -7.0429560e+01  -7.0429560e+01  -7.0429560e+01  -7.0429560e+01  -7.0429560e+01  -7.0429560e+01  -7.0429560e+01  -7.0429560e+01  -7.0429560e+01  -7.0429560e+01  -7.0429560e+01  -7.0429560e+01  -7.0429560e+01  -7.0429560e+01  -7.0429560e+01  -7.0429560e+01  -7.0429560e+01  -7.0429560e+01
  -2.9610182e+01  -2.9610182e+01  -2.9610182e+01  -2.9610182e+01  -2.9610182e+01  -2.9610182e+01  -2.9610182e+01  -2.9610182e+01  -2.9610182e+01  -2.9610182e+01  -2.9610182e+01  -2.9610182e+01  -2.9610182e+01  -2.9610182e+01  -2.9610182e+01  -2.9610182e+01  -2.9610182e+01  -2.9610182e+01  -2.9610182e+01  -2.9610182e+01  -2.9610182e+01  -2.9610182e+01  -2.9610182e+01  -2.9610182e+01  -2.9610182e+01  -2.9610182e+01  -2.9610182e+01  -2.9610182e+01  -2.9610182e+01  -2.9610182e+01
  -5.8326763e+01  -5.8326763e+01  -5.8326763e+01  -5.8326763e+01  -5.8326763e+01  -5.8326763e+01  -5.8326763e+01  -5.8326763e+01  -5.8326763e+01  -5.8326763e+01  -5.8326763e+01  -5.8326763e+01  -5.8326763e+01  -5.8326763e+01  -5.8326763e+01  -5.8326763e+01  -5.8326763e+01  -5.8326763e+01  -5.8326763e+01  -5.8326763e+01  -5.8326763e+01  -5.8326763e+01  -5.8326763e+01  -5.8326763e+01  -5.8326763e+01  -5.8326763e+01  -5.8326763e+01  -5.8326763e+01  -5.8326763e+01  -5.8326763e+01
   2.2089602e+01   2.2089602e+01   2.2089602e+01   2.2089602e+01   2.2089602e+01   2.2089602e+01   2.2089602e+01   2.2089602e+01   2.2089602e+01   2.2089602e+01   2.2089602e+01   2.2089602e+01   2.2089602e+01   2.2089602e+01   2.2089602e+01   2.2089602e+01   2.2089602e+01   2.2089602e+01   2.2089602e+01   2.2089602e+01   2.2089602e+01   2.2089602e+01   2.2089602e+01   2.2089602e+01   2.2089602e+01   2.2089602e+01   2.2089602e+01   2.2089602e+01   2.2089602e+01   2.2089602e+01
   5.9938750e+01   5.9938750e+01   5.9938750e+01   5.9938750e+01   5.9938750e+01   5.9938750e+01   5.9938750e+01   5.9938750e+01   5.9938750e+01   5.9938750e+01   5.9938750e+01   5.9938750e+01   5.9938750e+01   5.9938750e+01   5.9938750e+01   5.9938750e+01   5.9938750e+01   5.9938750e+01   5.9938750e+01   5.9938750e+01   5.9938750e+01   5.9938750e+01   5.9938750e+01   5.9938750e+01   5.9938750e+01   5.9938750e+01   5.9938750e+01   5.9938750e+01   5.9938750e+01   5.9938750e+01
   3.0569320e+01   3.0569320e+01   3.0569320e+01   3.0569320e+01   3.0569320e+01   3.0569320e+01   3.0569320e+01   3.0569320e+01   3.0569320e+01   3.0569320e+01   3.0569320e+01   3.0569320e+01   3.0569320e+01   3.0569320e+01   3.0569320e+01   3.0569320e+01   3.0569320e+01   3.0569320e+01   3.0569320e+01   3.0569320e+01   3.0569320e+01   3.0569320e+01   3.0569320e+01   3.0569320e+01   3.0569320e+01   3.0569320e+01   3.0569320e+01   3.0569320e+01   3.0569320e+01   3.0569320e+01
   1.8558736e+01   1.8558736e+01   1.8558736e+01   1.8558736e+01   1.8558736e+01   1.8558736e+01   1.8558736e+01   1.8558736e+01   1.8558736e+01   1.8558736e+01   1.8558736e+01   1.8558736e+01   1.8558736e+01   1.8558736e+01   1.8558736e+01   1.8558736e+01   1.8558736e+01   1.8558736e+01   1.8558736e+01   1.8558736e+01   1.8558736e+01   1.8558736e+01   1.8558736e+01   1.8558736e+01   1.8558736e+01   1.8558736e+01   1.8558736e+01   1.8558736e+01   1.8558736e+01   1.8558736e+01
   7.6680421e+01   7.6680421e+01   7.6680421e+01   7.6680421e+01   7.6680421e+01   7.6680421e+01   7.6680421e+01   7.6680421e+01   7.6680421e+01   7.6680421e+01   7.6680421e+01   7.6680421e+01   7.6680421e+01   7.6680421e+01   7.6680421e+01   7.6680421e+01   7.6680421e+01   7.6680421e+01   7.6680421e+01   7.6680421e+01   7.6680421e+01   7.6680421e+01   7.6680421e+01   7.6680421e+01   7.6680421e+01   7.6680421e+01   7.6680421e+01   7.6680421e+01   7.6680421e+01   7.6680421e+01
  -3.2165369e+01  -3.2165369e+01  -3.2165369e+01  -3.2165369e+01  -3.2165369e+01  -3.2165369e+01  -3.2165369e+01  -3.2165369e+01  -3.2165369e+01  -3.2165369e+01  -3.2165369e+01  -3.2165369e+01  -3.2165369e+01  -3.2165369e+01  -3.2165369e+01  -3.2165369e+01  -3.2165369e+01  -3.2165369e+01  -3.2165369e+01  -3.2165369e+01  -3.2165369e+01  -3.2165369e+01  -3.2165369e+01  -3.2165369e+01  -3.2165369e+01  -3.2165369e+01  -3.2165369e+01  -3.2165369e+01  -3.2165369e+01  -3.2165369e+01
