   1.0649044e-07  -2.4496894e-08  -5.5340803e-08  -3.8177629e-08  -2.6549158e-08  -1.5257009e-08  -1.8481965e-10   1.1999827e-08   1.1677442e-07  -1.1811583e-08  -8.8602613e-09   3.9823657e-08  -1.0970478e-07  -1.5257009e-08   1.7292708e-08   1.7390042e-08  -4.1177058e-08  -1.3727502e-08  -3.4138691e-08  -2.5928291e-08   3.4295216e-09  -2.8685265e-08  -3.4448193e-08   4.6294586e-08  -1.2905033e-08   8.6953753e-09   8.1980355e-09   6.8134606e-08  -6.8898855e-09  -1.1069820e-07
   3.6804967e-08  -7.2959406e-09   4.9128895e-09   2.1202507e-08  -3.4756213e-09  -4.6476698e-09   5.3798617e-09  -7.9465030e-08  -2.8931637e-08  -2.0081501e-08   7.9704541e-09  -1.7973605e-08  -1.1873650e-08  -4.6476698e-09   2.3267869e-08  -1.4204077e-08  -5.5413641e-09   4.2037529e-08  -3.9634328e-08   2.7024229e-08  -1.7593251e-08   1.2304190e-09  -4.6098535e-09   1.5063426e-08  -4.9721474e-08  -3.8444559e-09  -6.8591344e-08   2.8932611e-08   1.7712666e-08  -1.2473379e-08
  -1.7828329e-08  -4.5927669e-09   9.1081553e-09   1.4738700e-09  -4.7420503e-09  -6.7087060e-09   3.5718490e-09  -1.4603758e-08   1.5292986e-08  -1.1547284e-08   3.9320258e-09   2.6201926e-09   2.5574963e-08  -6.7087060e-09   9.8990046e-10  -2.2871285e-08   1.2491783e-08   1.1426060e-07  -3.9933158e-08   1.3599435e-08  -2.4716830e-09  -7.4358167e-09  -1.4533485e-08   2.4730596e-08  -4.6455666e-08   1.3473525e-08  -4.9284326e-09   1.1544024e-08   1.0469821e-07   2.4930598e-08
   1.5839882e-08  -7.0700828e-09   3.2437506e-09  -7.5599711e-08  -1.7269731e-08   6.2797965e-09  -2.5344877e-09   4.2365999e-08  -1.4976978e-08   1.0304721e-10  -2.9722949e-08  -7.2387757e-09  -3.5050366e-08   6.2797965e-09  -2.7124501e-08  -1.0944277e-08   1.1808838e-08  -1.8412347e-08   2.1160872e-08   2.8927521e-08  -5.7427906e-10  -4.9008539e-09   4.0007651e-08  -2.3387371e-09  -1.1428198e-08   9.1797756e-08  -4.4977142e-08   9.7956918e-08  -1.5154894e-09   4.8127735e-08
  -4.3734525e-08   3.4490979e-08   1.3860257e-08   6.9919169e-08  -2.7255969e-08   5.8036497e-08   6.9513656e-09  -2.9097137e-08  -6.0403065e-08  -3.3551944e-08   1.5758919e-08   8.0055684e-08   1.5581442e-10   5.8036497e-08  -1.5944014e-08  -1.6685843e-08   8.5844176e-08  -1.4758082e-08   8.2876161e-08  -3.9484396e-09  -2.3228413e-09   1.6251331e-08  -9.5841343e-08  -2.8241272e-08   6.2113386e-10  -2.0466101e-09   3.4404658e-08  -2.9945003e-08  -9.1515673e-08   2.0055105e-08
  -1.8006720e-08   3.2230542e-08   6.2097285e-08   2.7543319e-08   1.1568670e-07  -3.1064369e-08  -6.7636966e-09   1.5776428e-08  -3.9766131e-08   1.0658458e-08   2.7954780e-09   5.0653615e-08  -2.1674072e-08  -3.1064369e-08   3.4312885e-08   2.6148587e-08  -8.6845490e-08   3.8389579e-08  -6.2192135e-08   1.7127716e-09   9.5847287e-10  -8.2612738e-09  -2.9097098e-08  -3.9739703e-08   2.1219453e-08   5.7616633e-09   3.4003394e-08   4.7185624e-08  -4.1951312e-09  -1.6376103e-08
   6.8148453e-08   7.4560386e-09   3.8394935e-09  -3.7987881e-08   8.3733896e-09   6.4319697e-08  -1.8833834e-09   1.8332637e-08   6.6314773e-08  -7.7050883e-08  -4.6527526e-09   5.0524813e-08  -4.9388891e-08   6.4319697e-08  -3.1923419e-08  -1.9380119e-08   6.0200396e-08   7.9258618e-08   3.7887859e-08  -4.3025430e-09  -5.8907633e-10   1.0698061e-08   1.3951243e-08   4.5054445e-08  -2.3091288e-08  -7.8179058e-09  -2.0270815e-08  -4.8152608e-08   4.7691155e-09  -3.4920451e-08
   4.8968496e-08   1.0862421e-08  -5.8478135e-08   5.6409941e-08   1.9288713e-08  -5.8609321e-08  -8.6227773e-09   2.9992815e-08  -4.4424803e-10   6.1530226e-08  -6.7016568e-09   5.6606227e-08   9.3224042e-08  -5.8609321e-08  -2.7464296e-08   3.1370185e-09   9.3195012e-09   5.6098665e-08  -5.1621661e-08  -2.8994799e-09   9.3437718e-11  -5.6302982e-08  -3.0764494e-08   3.4257350e-08  -5.1002704e-08   3.0143239e-09   2.7177626e-09  -4.0650512e-08  -2.4867980e-08  -5.3680130e-10
  -6.6860597e-08   1.3718106e-09   1.3986968e-07  -1.8402273e-08  -2.0275070e-09   3.1250802e-08   4.5549933e-09   1.6001515e-08  -5.2999000e-08   2.4144324e-08  -1.2992347e-09  -3.0803348e-08   1.6198253e-08   3.1250802e-08   1.1756186e-08  -8.0513692e-10   4.6522026e-08   4.7857598e-08   5.2954465e-08   1.4345711e-08   9.2236365e-11  -1.6830822e-08  -6.2224730e-09  -7.3854873e-09   1.1990553e-07   1.2929700e-10   5.2844391e-09   3.0462243e-08  -1.6863978e-08   1.1148654e-07
   6.2566096e-08   1.3217918e-08  -9.3608575e-09   2.2491527e-08   2.6459594e-08   2.0209269e-08  -1.5792092e-08  -1.4678875e-08   2.5182177e-08   3.5056793e-08   6.4563606e-08   7.7123052e-09   4.6348403e-08   2.0209269e-08  -7.9105426e-09   2.7525088e-09  -4.5240602e-08  -5.5496617e-08  -8.1992725e-08   3.2810257e-09   7.2709290e-08  -2.5018507e-08  -5.1645964e-08   6.2387486e-08  -5.7497556e-08   2.7351983e-08  -4.8739753e-08   1.3675859e-08  -7.3669160e-08   1.4633826e-07
