   4.0630396e-05  -3.3761954e-04   8.8161965e-05  -4.3883533e-04   7.0629191e-05   1.0908451e-04   8.8721623e-05  -1.8599037e-04  -2.4715136e-04   3.4840682e-05  -7.2579613e-05  -3.4454983e-04   5.2421623e-04   4.7129835e-05  -2.9174079e-04   6.0900666e-05   2.4137065e-04   1.3478177e-04  -9.5521722e-05  -1.8313707e-04  -8.5485888e-07   2.6767375e-04  -7.9890700e-06  -1.8761799e-04  -5.2569993e-05  -8.3957642e-05   1.0601708e-04  -2.2373959e-04   7.9130905e-04  -8.3067077e-05
  -4.0466867e-04   5.6028972e-05   3.4352227e-05  -1.3141165e-06  -5.7943029e-05  -2.3332863e-04   3.6799239e-04  -3.3802372e-05  -3.7772455e-04   2.6517721e-05   6.1282178e-05  -8.7411958e-05   6.6423032e-06  -5.6655191e-05   4.0709662e-04   1.8349880e-04   1.8082904e-04   2.1575573e-04  -1.8586152e-04   1.0207755e-04  -3.2642997e-07   1.1210654e-04  -2.4781993e-05  -7.3004883e-05  -2.1521538e-06  -1.1432673e-04   2.3035147e-04   2.2634075e-04   5.4655863e-04   1.3120937e-05
   8.8092738e-05  -2.8248806e-04   5.1713522e-05  -1.8842578e-05   5.2208331e-05   1.3414560e-04  -4.9969786e-05   2.3006740e-05  -3.4934769e-04   1.2626220e-05   1.3817717e-04   1.8232951e-04  -2.9604286e-04   6.4361571e-05   1.8760413e-04   2.4759573e-04   1.6320395e-04   2.2281325e-04   5.9275414e-05  -3.2016153e-04  -2.5586903e-06   2.4130649e-04  -9.0708399e-05  -4.9217035e-04  -7.4342705e-05   2.8292463e-04   1.9077813e-04   5.2093472e-04   5.1508438e-05  -6.9817532e-04
  -1.7459100e-04   1.5597263e-04  -4.5140181e-05   5.5807110e-05  -2.7550578e-04  -1.5527109e-04   8.8661114e-06  -2.9435747e-05  -6.9131352e-05   5.4578171e-05   6.5443863e-05  -6.8118499e-05  -1.0883931e-04   3.7002668e-05  -6.8097756e-05   1.2151118e-04  -2.7181051e-04  -1.0546720e-04  -1.4878079e-05   1.4754990e-04   7.2094386e-05   2.6141850e-04   4.9731756e-05  -1.7065755e-04   1.7511216e-04  -2.7919933e-04  -1.0451531e-04   1.5490891e-04   6.2394502e-04  -4.1388778e-04
  -2.3938611e-04   6.4379030e-05  -1.8372896e-05   1.1908326e-04  -6.6366776e-05  -1.2884561e-04   1.7066850e-04   1.4264189e-04  -6.7955119e-05   2.4378554e-06   6.5304882e-05  -9.9019612e-05   6.1597126e-05  -2.6809117e-05   3.1191846e-05   6.0785885e-05   2.0343075e-04  -3.2704882e-04  -2.1467054e-04   3.7235501e-05   2.4795132e-04   9.0207758e-05   1.7228940e-04  -2.4330048e-04  -2.9027280e-04   7.9526299e-05   6.7887233e-05  -7.6110918e-05   2.3323350e-04   2.1025735e-05
  -3.5699128e-04  -3.7760849e-04   1.0708026e-05   4.0435864e-05  -7.6272033e-05  -1.5977791e-04  -2.7044423e-05   1.0708289e-04  -1.2480953e-04  -4.5010869e-05  -1.6295100e-05  -3.3931498e-04  -5.0920589e-04   2.4699352e-05  -9.5143660e-05  -5.2214485e-05   1.6655883e-04  -1.2167142e-04  -1.2638725e-04  -3.9929558e-04  -1.4394017e-06   1.9396440e-04   5.5354312e-05  -1.6630312e-05  -7.7812665e-05  -2.9570414e-04   3.5580419e-05   1.3181220e-04   2.1152805e-04   2.4153321e-04
   2.0333843e-04   2.2821028e-05   1.0201212e-04  -2.5253602e-05   1.8573020e-04   3.8428376e-04   4.1288215e-04   5.5598950e-05  -5.8587587e-06   3.6484214e-07  -1.7647478e-04  -7.2272785e-06  -4.3739450e-04  -2.2381489e-05  -1.0735369e-05  -3.5170919e-05   1.2663162e-04   3.9759661e-05  -1.4710885e-04   2.0600579e-04  -7.9474311e-07  -5.1157918e-05  -2.8227084e-04   6.0699672e-05   6.6352776e-05   5.5793422e-05  -3.0919280e-04   5.9379234e-04   2.1913727e-04   6.2089816e-04
   1.0141923e-04  -4.2470710e-04   8.4391799e-05   1.9959843e-04   7.0583911e-05   2.6722255e-04  -1.5075670e-04   2.6794350e-05  -6.5367317e-04  -6.6636399e-06  -3.5053481e-04   1.9311772e-04  -5.1901661e-04  -9.5858757e-05  -2.1549814e-04   2.1819027e-05   4.7412026e-04   1.0676592e-05   6.8208591e-05   3.0065614e-05   1.1295286e-06   5.9015824e-07  -1.0314005e-04   5.8337670e-05  -1.7703937e-04   6.2383235e-04  -6.0522270e-05  -2.2586466e-05  -1.6308386e-05   2.6817488e-04
   1.4551296e-04  -2.2930435e-04   1.6701142e-05   7.6082464e-05  -9.3818295e-05   2.2166631e-04   9.1370697e-05   2.8154671e-06  -3.0644892e-04  -2.5597665e-05  -2.7432411e-04  -1.2327670e-04  -8.7771928e-05   7.2896036e-06  -1.0415866e-04  -2.6421159e-06  -6.1636497e-05  -3.0701639e-04  -3.0819266e-04   4.1509413e-04  -4.6646672e-04   1.6000785e-04  -7.2468647e-06   8.1328611e-05   3.5520645e-05   3.1514876e-04  -1.1838085e-04   4.6366990e-04   1.2626626e-04  -1.8864271e-04
   4.3780633e-05  -2.3617248e-04   2.3850189e-04   9.3073181e-05   5.4927509e-05   3.7888554e-06   2.8295417e-05   1.4621282e-05  -4.9044024e-04  -9.0479140e-05  -2.6178371e-04  -7.0046464e-05   4.1985633e-04   3.5702690e-05  -2.0754349e-04  -1.0436715e-05  -1.2711732e-04   3.7682829e-05  -6.5658614e-05  -2.5267704e-05  -2.9456169e-07   3.6178140e-04   1.1744113e-05  -4.0323157e-04  -2.9754440e-04   8.1153799e-05  -2.1246527e-04   1.7040923e-04   1.5057892e-04  -8.8833608e-05
