   3.9178857e+01   3.9178967e+01   3.9178861e+01   3.9178857e+01   3.9178857e+01   3.9179328e+01   3.9178860e+01   3.9178861e+01   3.9178857e+01   3.9178852e+01   3.9178857e+01   3.9178860e+01   3.9178857e+01   3.9178857e+01   3.9178945e+01   3.9178857e+01   3.9178786e+01   3.9178857e+01   3.9178882e+01   3.9178857e+01   3.9178853e+01   2.8401279e+01   2.8401245e+01   3.7452769e+01   3.9178855e+01   3.9178852e+01   3.9178862e+01   3.9178858e+01   3.9178857e+01   3.7452769e+01
   6.2750064e+01   6.2766177e+01   6.2763077e+01   6.2767240e+01   6.2721079e+01   6.2755642e+01   6.2762756e+01   6.2729874e+01   6.2683631e+01   6.2831395e+01   6.2716261e+01   6.2778925e+01   6.2763793e+01   6.2691160e+01   6.2772581e+01   6.2716300e+01   6.2762901e+01   6.2684992e+01   6.2761843e+01   6.2695563e+01   6.2855352e+01   6.2758674e+01   6.2761036e+01   6.2771935e+01   6.2765024e+01   6.2762737e+01   6.2762735e+01   6.2762713e+01   6.2762750e+01   6.2762764e+01
  -4.1183458e+01  -4.1183513e+01  -4.1183468e+01  -4.1183459e+01  -4.1183457e+01  -4.1184254e+01  -4.1183463e+01  -4.1183464e+01  -4.1183458e+01  -4.1183456e+01  -4.1183458e+01  -4.1183464e+01  -4.1183458e+01  -4.1183458e+01  -4.1183444e+01  -4.1183458e+01  -4.1183391e+01  -4.1183458e+01  -4.1183474e+01  -4.1183458e+01  -4.1183454e+01  -3.1589759e+01  -3.1589432e+01  -5.1232917e+01  -4.1183452e+01  -4.1183455e+01  -4.1183469e+01  -4.1183459e+01  -4.1183458e+01  -5.1232917e+01
  -5.9456751e+01  -5.9579443e+01  -5.8890097e+01  -5.8790833e+01  -5.9489497e+01  -5.8580085e+01  -5.8419121e+01  -5.8848894e+01  -5.9216679e+01  -6.0798911e+01  -5.8559877e+01  -5.8573336e+01  -5.8205609e+01  -6.1055040e+01  -6.1738688e+01  -6.0182418e+01  -6.3563231e+01  -5.8230180e+01  -5.8248836e+01  -5.9057223e+01  -6.0307445e+01  -5.8938620e+01  -6.0674069e+01  -6.0049856e+01  -6.4713543e+01  -6.7935053e+01  -7.4306818e+01  -7.4576493e+01  -7.3296837e+01  -7.1580430e+01
  -4.3989139e+01  -4.3989585e+01  -4.3989117e+01  -4.3989139e+01  -4.3989138e+01  -4.3987049e+01  -4.3989153e+01  -4.3989128e+01  -4.3989139e+01  -4.3989166e+01  -4.3989139e+01  -4.3989139e+01  -4.3989139e+01  -4.3989139e+01  -4.3989139e+01  -4.3989139e+01  -4.3989023e+01  -4.3989139e+01  -4.3989231e+01  -4.3989139e+01  -4.3989139e+01  -4.1769149e+01  -4.3989139e+01  -4.3989139e+01  -4.3989141e+01  -4.3989140e+01  -4.3989137e+01  -4.3989151e+01  -4.3989139e+01  -4.3989139e+01
  -2.3932528e+01  -2.3508875e+01  -2.3977769e+01  -2.4022094e+01  -2.4092147e+01  -2.3893214e+01  -2.3993699e+01  -2.5664593e+01  -1.8534706e+01  -2.3995912e+01  -2.3997756e+01  -2.1974579e+01  -2.1439945e+01  -2.1811482e+01  -2.3973899e+01  -1.2252240e+01  -2.4127216e+01  -1.3591210e+01  -2.3986887e+01  -1.0183744e+01  -5.4484330e+00  -2.4154581e+01  -2.3150998e+01  -1.7639141e+01  -2.3943546e+01  -2.3997787e+01  -2.4000599e+01  -2.3998674e+01  -2.3997763e+01  -2.3997562e+01
  -3.4062017e+01  -3.4067819e+01  -3.4066570e+01  -3.4068004e+01  -3.4051339e+01  -3.4063982e+01  -3.4066466e+01  -3.4055072e+01  -3.4038455e+01  -3.4088651e+01  -3.4052559e+01  -3.4068863e+01  -3.4068217e+01  -3.4040970e+01  -3.4069888e+01  -3.4049256e+01  -3.4066468e+01  -3.4042312e+01  -3.4066189e+01  -3.4047174e+01  -3.4096399e+01  -3.4065112e+01  -3.4066832e+01  -3.4070628e+01  -3.4067204e+01  -3.4066457e+01  -3.4066457e+01  -3.4066450e+01  -3.4066462e+01  -3.4066467e+01
   6.8398087e+01   6.8398173e+01   6.8398077e+01   6.8398061e+01   6.8397783e+01   6.8398092e+01   6.8398082e+01   6.8398173e+01   6.8397946e+01   6.8396937e+01   6.8399526e+01   6.8396114e+01   6.8398914e+01   6.8397867e+01   6.8398065e+01   6.8397543e+01   6.8398053e+01   6.8399955e+01   6.8398108e+01   6.8400649e+01   6.8396534e+01   6.8398130e+01   6.8398664e+01   6.8398643e+01   6.8398047e+01   6.8398081e+01   6.8398081e+01   6.8398081e+01   6.8398081e+01   6.8398081e+01
  -7.1485692e+01  -7.1312197e+01  -7.2529786e+01  -7.2770470e+01  -7.1437934e+01  -7.3374101e+01  -7.3961239e+01  -7.2627706e+01  -7.1872342e+01  -7.0177861e+01  -7.3440139e+01  -7.3396061e+01  -7.5096186e+01  -7.0037775e+01  -6.9782772e+01  -7.0638721e+01  -6.9752989e+01  -7.4927810e+01  -7.9850473e+01  -7.2171000e+01  -7.0529322e+01  -7.2420102e+01  -7.0256234e+01  -7.0764885e+01  -9.3840805e+01  -9.6162381e+01  -8.5683173e+01  -8.8162120e+01  -9.4668208e+01  -9.6263084e+01
   1.4913978e+01   1.5478523e+01   1.4853452e+01   1.4794122e+01   1.4702560e+01   1.4967440e+01   1.4832123e+01   1.2568219e+01   2.1889701e+01   1.4829228e+01   1.4826704e+01   1.7491577e+01   1.8192845e+01   1.7768446e+01   1.4858280e+01   2.9295820e+01   1.4652875e+01   2.8127268e+01   1.4841160e+01   3.1594434e+01   3.6485534e+01   1.4619667e+01   1.5966091e+01   2.3000265e+01   1.4899323e+01   1.4826662e+01   1.4822900e+01   1.4825486e+01   1.4826693e+01   1.4826959e+01
