   3.7996802e+01   3.7996751e+01   3.7996803e+01   3.7996803e+01   3.7996803e+01   3.7996803e+01   3.7996803e+01   3.7996803e+01   3.7996803e+01   3.7996803e+01   3.7996803e+01   3.7996803e+01   3.7996803e+01   3.7996803e+01   3.7996803e+01   3.7996803e+01   3.7996803e+01   3.7996803e+01   3.7996803e+01   3.7996803e+01   3.7996803e+01   3.7996803e+01   3.7996803e+01   3.7996803e+01   3.7996803e+01   3.7996803e+01   3.7996803e+01   3.7996803e+01   3.7996803e+01   3.7996803e+01
   5.2267702e+01   5.2267701e+01   5.1478509e+01   5.0479643e+01   5.0504450e+01   5.4279845e+01   5.4641684e+01   5.0533836e+01   5.5345067e+01   5.3140298e+01   5.3140298e+01   5.4857903e+01   5.4066323e+01   5.2161659e+01   4.9263721e+01   4.9282527e+01   5.4573462e+01   4.9756398e+01   4.9151627e+01   5.5384964e+01   5.5322624e+01   5.1578666e+01   5.1997297e+01   5.2426175e+01   5.1356533e+01   5.5345648e+01   5.3761485e+01   5.0971990e+01   5.3235559e+01   5.3204586e+01
   6.3264765e+01   6.3264764e+01   6.0227784e+01   6.0685402e+01   6.5861115e+01   6.5673368e+01   6.1211890e+01   6.0648700e+01   6.2648394e+01   6.6279506e+01   6.6279506e+01   6.1492624e+01   6.5836738e+01   6.0128072e+01   6.4173714e+01   6.2295861e+01   6.1135538e+01   6.5147231e+01   6.3639156e+01   6.2900052e+01   6.2545357e+01   6.0203002e+01   6.0137965e+01   6.6398301e+01   6.0261473e+01   6.2651303e+01   6.6024969e+01   6.6123401e+01   6.6250287e+01   6.6260364e+01
  -6.9251957e+01  -7.2942192e+01  -7.1919629e+01  -7.0151641e+01  -7.0177469e+01  -6.9097341e+01  -7.1346155e+01  -7.6163424e+01  -7.4264108e+01  -7.3263555e+01  -7.3263555e+01  -7.2371900e+01  -7.5055465e+01  -6.9097230e+01  -7.3818486e+01  -7.5493911e+01  -7.4704893e+01  -7.5344332e+01  -7.6076823e+01  -7.2499509e+01  -7.6255218e+01  -7.1286924e+01  -7.1877636e+01  -7.6269815e+01  -7.6945065e+01  -7.2813070e+01  -7.7245554e+01  -7.9829178e+01  -7.6276260e+01  -7.6061443e+01
  -3.3963590e+01  -4.0492739e+01  -3.6535751e+01  -3.6394013e+01  -3.6041000e+01  -3.2536098e+01  -3.0197458e+01  -3.7567889e+01  -3.7160780e+01  -3.3252313e+01  -3.3252313e+01  -4.5807973e+01  -3.9905564e+01  -3.4454193e+01  -4.3900933e+01  -4.3957007e+01  -4.4096760e+01  -3.8739984e+01  -4.0848498e+01  -3.5727930e+01  -3.3812496e+01  -3.7467014e+01  -2.8603754e+01  -3.9220412e+01  -3.4913739e+01  -4.3165444e+01  -4.5927966e+01  -3.3261143e+01  -3.8224679e+01  -3.6025806e+01
  -7.7993894e+01  -7.8277929e+01  -7.8154684e+01  -7.8052272e+01  -7.8042409e+01  -7.7975743e+01  -7.8121190e+01  -7.8464279e+01  -7.8330228e+01  -7.8265785e+01  -7.8265785e+01  -7.8184452e+01  -7.8385667e+01  -7.7975731e+01  -7.8281090e+01  -7.8402384e+01  -7.8360593e+01  -7.8392805e+01  -7.8467173e+01  -7.8202427e+01  -7.8463784e+01  -7.8121969e+01  -7.8291379e+01  -7.8482145e+01  -7.8518381e+01  -7.8213621e+01  -7.8523197e+01  -7.8728180e+01  -7.8462615e+01  -7.8494376e+01
   2.1593391e+01   2.0588195e+01   2.0912472e+01   2.1358294e+01   2.1369259e+01   2.1634151e+01   2.1051345e+01   1.9761154e+01   2.0274108e+01   2.0551886e+01   2.0551886e+01   2.0799943e+01   2.0050753e+01   2.1634181e+01   2.0417284e+01   1.9951473e+01   2.0153632e+01   1.9984637e+01   1.9706286e+01   2.0724797e+01   1.9732818e+01   2.1075929e+01   2.0879226e+01   1.9677532e+01   1.9516103e+01   2.0684205e+01   1.9470099e+01   1.8681791e+01   1.9716848e+01   1.9726427e+01
  -7.5286457e+01  -8.2351548e+01  -8.0465920e+01  -7.7061627e+01  -7.7086291e+01  -7.4976602e+01  -7.9370591e+01  -8.8091765e+01  -8.4771611e+01  -8.2958848e+01  -8.2958848e+01  -8.1305936e+01  -8.6164854e+01  -7.4976381e+01  -8.3997963e+01  -8.6942486e+01  -8.5584986e+01  -8.6673853e+01  -8.7946339e+01  -8.1565056e+01  -8.8297632e+01  -7.9248069e+01  -8.0368582e+01  -8.8292470e+01  -8.9413424e+01  -8.2125228e+01  -8.9913300e+01  -9.4083094e+01  -8.8306333e+01  -8.7900752e+01
   2.6636773e+01   2.7193809e+01   2.3314301e+01   3.2111230e+01   3.2527355e+01   2.1407963e+01   2.7505227e+01   2.9938943e+01   3.2780882e+01   3.1891186e+01   3.1891186e+01   3.3348482e+01   2.1792182e+01   3.4883533e+01   2.4667868e+01   2.5180572e+01   2.4940075e+01   2.3295185e+01   2.5713492e+01   3.3585802e+01   2.0421504e+01   2.2750828e+01   2.9432327e+01   3.6113902e+01   3.4573983e+01   2.3621913e+01   2.8213966e+01   2.5109138e+01   3.3244795e+01   3.6164134e+01
   5.3278094e+01   5.3278094e+01   5.3278094e+01   5.3278094e+01   5.3278094e+01   5.3278094e+01   5.3278094e+01   5.3278094e+01   5.3278094e+01   5.3278094e+01   5.3278094e+01   5.3278094e+01   5.3278094e+01   5.3278094e+01   5.3278094e+01   5.3278094e+01   5.3278094e+01   5.3278094e+01   5.3278094e+01   5.3278094e+01   5.3278094e+01   5.3278097e+01   5.3278094e+01   5.3278094e+01   5.3278094e+01   5.3278094e+01   5.3278094e+01   5.3278094e+01   5.3278094e+01   5.3278094e+01
  -7.5072955e+01  -7.5072955e+01  -7.2036359e+01  -7.7652293e+01  -7.7669304e+01  -7.7481558e+01  -7.3020080e+01  -7.2456883e+01  -7.4456584e+01  -7.8087697e+01  -7.8087697e+01  -7.6845355e+01  -7.2500978e+01  -7.8209647e+01  -7.5981903e+01  -7.6041859e+01  -7.2943736e+01  -7.6955494e+01  -7.5447335e+01  -7.4708626e+01  -7.4353539e+01  -7.2011006e+01  -7.8199778e+01  -7.1937389e+01  -7.8076224e+01  -7.5686418e+01  -7.7833157e+01  -7.2214381e+01  -7.2087431e+01  -7.2077533e+01
   8.8458976e+00   8.8458978e+00   8.8458978e+00   8.8458977e+00   8.8458978e+00   8.8458977e+00   8.8458979e+00   8.8458979e+00   8.8458978e+00   8.8458978e+00   8.8458978e+00   8.8458978e+00   8.8458978e+00   8.8458977e+00   8.8458978e+00   8.8458978e+00   8.8458996e+00   8.8458977e+00   8.8458977e+00   8.8458979e+00   8.8458979e+00   8.8458978e+00   8.8458978e+00   8.8458978e+00   8.8458977e+00   8.8458980e+00   8.8458979e+00   8.8458980e+00   8.8458978e+00   8.8458979e+00
   3.3004414e+01   3.3004414e+01   3.3004414e+01   3.3004414e+01   3.3004414e+01   3.3004414e+01   3.3004414e+01   3.3004414e+01   3.3004414e+01   3.3004414e+01   3.3004414e+01   3.3004414e+01   3.3004414e+01   3.3004414e+01   3.3004414e+01   3.3004414e+01   3.3004414e+01   3.3004414e+01   3.3004414e+01   3.3004414e+01   3.3004414e+01   3.3004414e+01   3.3004414e+01   3.3004414e+01   3.3004414e+01   3.3004414e+01   3.3004414e+01   3.3004414e+01   3.3004414e+01   3.3004414e+01
  -1.6484316e+01  -8.2856161e+00  -1.3519511e+01  -1.6006743e+01  -1.9899555e+01  -1.3665826e+01  -1.7316081e+01  -1.7768595e+01  -1.9996064e+01  -1.9049440e+01  -1.9049440e+01  -1.0105521e+01  -9.9908685e+00  -1.4065477e+01  -7.1183642e+00  -1.0865555e+01  -1.0647256e+01  -1.5938956e+01  -1.6741189e+01  -2.3024984e+01  -1.3898749e+01  -1.5959694e+01  -1.2052045e+01  -1.2563335e+01  -2.0002480e+01  -2.1683748e+00  -5.8922244e+00  -1.3196083e+01  -2.2422452e+01  -2.3569196e+01
   7.9584857e+01   7.9584857e+01   7.9584857e+01   7.9584857e+01   7.9584857e+01   7.9584857e+01   7.9584857e+01   7.9584857e+01   7.9584857e+01   7.9584857e+01   7.9584857e+01   7.9584857e+01   7.9584857e+01   7.9584857e+01   7.9584857e+01   7.9584857e+01   7.9584857e+01   7.9584857e+01   7.9584857e+01   7.9584857e+01   7.9584857e+01   7.9584857e+01   7.9584857e+01   7.9584857e+01   7.9584857e+01   7.9584857e+01   7.9584857e+01   7.9584857e+01   7.9584857e+01   7.9584857e+01
  -1.7314633e+01  -1.7314633e+01  -1.7314633e+01  -1.7314633e+01  -1.7314633e+01  -1.7314633e+01  -1.7314633e+01  -1.7314633e+01  -1.7314633e+01  -1.7314633e+01  -1.7314633e+01  -1.7314633e+01  -1.7314633e+01  -1.7314633e+01  -1.7314633e+01  -1.7314633e+01  -1.7314633e+01  -1.7314633e+01  -1.7314633e+01  -1.7314633e+01  -1.7314633e+01  -1.7314632e+01  -1.7314633e+01  -1.7314633e+01  -1.7314633e+01  -1.7314633e+01  -1.7314633e+01  -1.7314633e+01  -1.7314633e+01  -1.7314633e+01
   3.2956437e+01   3.2956449e+01   3.3750238e+01   3.1168420e+01   3.1193197e+01   3.0944306e+01   3.0582467e+01   3.4690317e+01   2.9879084e+01   3.2083857e+01   3.2083857e+01   3.5546650e+01   3.4755068e+01   3.3062507e+01   3.5960430e+01   2.9971287e+01   3.5262202e+01   3.5467670e+01   2.9840374e+01   2.9839134e+01   3.6011369e+01   3.2267689e+01   3.3226615e+01   3.3099619e+01   3.2045234e+01   2.9878503e+01   3.4450208e+01   3.4251947e+01   3.3924300e+01   3.2019998e+01
  -2.2623664e+01  -2.4064135e+01  -2.0286211e+01  -2.5240403e+01  -2.1455201e+01  -1.9206570e+01  -2.3294115e+01  -2.1809425e+01  -2.0640829e+01  -2.3498724e+01  -2.3498724e+01  -2.0704822e+01  -1.6751235e+01  -2.7874869e+01  -1.6969675e+01  -1.4904127e+01  -1.3845151e+01  -1.2625719e+01  -1.2341005e+01  -1.5243898e+01  -1.5727765e+01  -8.0188493e+00  -2.7952068e+01  -2.6653659e+01  -2.2566472e+01  -1.6250018e+01  -1.8269730e+01  -2.4133323e+01  -1.1630293e+01  -1.3347623e+01
   4.9669208e+01   4.7770227e+01   4.8317028e+01   4.9212543e+01   4.9219639e+01   4.9748468e+01   4.8601155e+01   4.6075917e+01   4.7086148e+01   4.7622650e+01   4.7622650e+01   4.8088721e+01   4.6665696e+01   4.9748525e+01   4.7336844e+01   4.6440500e+01   4.6850293e+01   4.6494690e+01   4.6092055e+01   4.8007444e+01   4.6036892e+01   4.8641608e+01   4.8323994e+01   4.6006432e+01   4.5615745e+01   4.7860680e+01   4.5503251e+01   4.4057028e+01   4.6012410e+01   4.6095631e+01
  -3.7812934e+01  -3.8382172e+01  -3.8148879e+01  -3.7929174e+01  -3.7920946e+01  -3.7787373e+01  -3.8079141e+01  -3.8760688e+01  -3.8491767e+01  -3.8337049e+01  -3.8337049e+01  -3.8204945e+01  -3.8606036e+01  -3.7787355e+01  -3.8397694e+01  -3.8639666e+01  -3.8576540e+01  -3.8617213e+01  -3.8775437e+01  -3.8248232e+01  -3.8760571e+01  -3.8078089e+01  -3.8200749e+01  -3.8779086e+01  -3.8857471e+01  -3.8263162e+01  -3.8877428e+01  -3.9281751e+01  -3.8757552e+01  -3.8821717e+01
