   1.0677848e-14  -3.5518145e-14   2.0317995e-14   1.9042155e-14  -2.9040914e-14   8.5341156e-16  -1.0741271e-14   5.0253112e-15  -1.6936175e-14  -8.4065699e-15   1.3594286e-14   1.6697436e-14  -1.3388218e-14   2.2936653e-14  -8.3657449e-15   2.3828345e-14   4.1514054e-15  -6.7440054e-15   1.7217315e-14  -2.1062762e-15   3.4521716e-15   4.5668536e-15  -6.9519918e-15   1.6772245e-14   3.3921494e-15   1.0557577e-14  -1.0923030e-14  -1.5005450e-17   3.5852239e-15  -7.2024875e-16
  -1.1536315e-14  -7.0001568e-15   2.0628087e-14   5.5198848e-15   9.8015066e-15  -3.1379738e-15  -1.1949240e-16  -7.8429161e-15   1.2614677e-14   2.7004298e-14  -4.5107011e-15  -3.3005461e-15   2.8331217e-14  -7.5790539e-15  -4.8558196e-16  -6.4271672e-15   7.9911895e-16   2.6376285e-15  -5.8260684e-15   1.4071481e-15   2.2712512e-14  -3.4540830e-15  -6.1306818e-15  -3.1776425e-14   3.8638433e-16   1.2736638e-14  -3.2523990e-15   2.4511950e-16  -8.8152711e-16   5.7470654e-15
  -2.6179223e-15  -2.8615486e-14   3.9770754e-14  -8.7918078e-15   2.0230501e-14   4.1656911e-16  -1.9292397e-15   3.5969507e-16   2.9067691e-15  -2.5255444e-14   6.3215729e-16   1.9325231e-15  -1.5176526e-16  -2.6042091e-14   4.3015570e-14   7.8675561e-15  -1.0914027e-15   8.7629087e-15   4.2304970e-14   4.3312145e-16  -2.3829723e-14  -2.6080645e-15   1.1531972e-15   2.4514349e-14  -1.2265393e-15  -2.6953323e-14  -2.3691122e-15   3.2282119e-16  -3.2224477e-16  -1.2451976e-14
  -1.2575473e-14  -5.7925798e-16   9.1438733e-16   1.0186281e-14  -8.6584883e-15   4.3084965e-15   8.3955358e-16   9.8223597e-15   3.4091228e-15   4.0861733e-14   1.1575716e-14   8.0949904e-15   1.5741803e-15   1.9933467e-14  -5.3565655e-15   1.8300750e-14   2.7281929e-15  -1.4941290e-14  -3.2128251e-14  -4.3865567e-16   1.3717950e-14  -1.2424670e-14  -8.6434059e-15   9.3691077e-15   1.1652319e-16   2.0144799e-14  -2.3047675e-15   7.9495532e-17  -1.8067785e-15  -6.3380205e-15
   3.4812398e-14  -2.5353022e-14   3.5677088e-14   1.7977973e-14  -6.5918166e-15  -3.3057769e-16  -1.3126010e-15  -1.1557232e-15   7.5304413e-15   2.5579801e-14  -1.3029640e-14   2.5090215e-14   2.7884123e-15   3.9144794e-15  -3.9105040e-15  -1.5752221e-15   1.8751478e-15   2.2214640e-14  -1.8798010e-14  -3.2805967e-15   3.2483246e-15  -2.7051092e-15  -1.0037229e-15  -2.4560745e-14  -1.0736951e-15  -4.5418242e-14  -5.3614330e-15  -1.8752258e-16  -4.1420501e-15  -1.1523554e-14
  -1.2810213e-14   1.5504012e-15   1.5516731e-14   4.8024601e-15  -5.7989033e-15  -4.4416765e-15  -3.9369879e-15  -2.1989331e-15   2.0142861e-14  -1.6107893e-14   3.6233043e-15   2.4185070e-15   3.7710710e-14   1.4262626e-14  -8.9879869e-15   4.9396224e-15   3.4600933e-15  -2.3303897e-14   1.7150107e-14  -4.9255152e-16   3.5062414e-14   2.1381952e-14   2.9925572e-15   1.2449503e-14  -2.5509994e-16  -2.4103832e-14  -6.3658618e-15   5.4217615e-16   1.6221305e-15  -1.9006052e-14
  -4.5906508e-15  -3.8210291e-15   1.4051087e-14  -1.4257214e-15  -7.0290947e-15  -4.7492553e-15  -1.6115431e-15  -7.3460872e-15  -1.8299922e-14  -1.6251546e-14   5.8802682e-16  -1.0987773e-14   1.3631266e-14  -1.8300512e-15  -5.0033502e-15  -7.2485848e-15   2.5701131e-15   3.3613079e-15   5.0110158e-15   3.9921690e-15   4.8834355e-16   2.3518218e-14  -5.9558596e-15  -1.2443911e-14   2.8908797e-15   2.2751196e-14   2.0239444e-15   5.9926489e-17   1.4166696e-15   5.2049092e-15
  -1.2826833e-14   5.5872003e-15  -8.2652721e-15   3.4595107e-15   1.7491761e-14   3.4002297e-15   1.2027491e-15  -1.2349264e-14  -2.0854396e-14   1.2351376e-15  -1.4005610e-14  -8.3282661e-15  -1.9053234e-14  -2.0694475e-14  -1.1688539e-14  -9.8677422e-15  -4.0158740e-15  -2.9767781e-14   2.2554197e-14   8.4537606e-16   1.2199568e-14  -3.0778970e-14   1.4692344e-15   1.0223950e-14   2.3502560e-15  -9.6261790e-15  -4.3862611e-15   7.7683678e-17   4.3409908e-15  -1.4361328e-14
  -1.7333426e-14  -5.1782201e-16  -1.6673616e-15  -7.8045989e-15   2.2421245e-14   1.6748836e-15  -4.7767241e-15   1.5530737e-16   5.0048326e-14  -5.3827117e-15   1.0696370e-14   1.0457367e-14  -9.6251007e-15  -6.8977506e-15   9.4552158e-15   8.6259397e-15  -2.4516939e-15   5.0173341e-15   4.4053847e-14  -5.2241504e-15   4.6441504e-15  -2.9906404e-14   6.3339704e-15  -4.6091351e-15  -2.1919247e-15   5.9066587e-15  -8.9873523e-15   1.9564587e-16   3.5116951e-15   1.1121789e-14
  -2.2383498e-14   1.2583238e-14   3.8267552e-14  -1.1037980e-14   2.1679754e-14   1.0464296e-15   1.5409241e-15  -7.4237072e-15   2.2242585e-14  -9.4468033e-15   5.7162633e-15   1.0184424e-14  -8.7889463e-15  -6.2156361e-15  -5.5714212e-15  -1.5054634e-15   3.8670215e-15   2.3155108e-15   1.9399326e-14   6.9198436e-16  -4.7084203e-15  -7.9306676e-15  -3.8640312e-15  -4.1397539e-15   1.0279145e-15  -1.2098515e-15  -1.5089579e-15   1.7748344e-16   1.3770771e-15  -2.6535200e-14
