   5.0319666e+00   5.0319666e+00   5.0319666e+00   5.0319666e+00   5.0319666e+00   5.0319666e+00   5.0319666e+00   5.0319666e+00   5.0319666e+00   5.0319666e+00   5.0319666e+00   5.0319666e+00   5.0319666e+00   5.0319666e+00   5.0319666e+00   5.0319666e+00   5.0319666e+00   5.0319666e+00   5.0319666e+00   5.0319666e+00   5.0319666e+00   5.0319666e+00   5.0319666e+00   5.0319666e+00  -5.3979101e+01   4.1000067e+01   3.2106178e+01   4.3451921e+01   3.7890917e+01   3.0507528e+01
   3.5219997e-01   3.5219997e-01   3.5219997e-01   3.5219997e-01   3.5219997e-01   3.5219997e-01   3.5219997e-01   3.5219997e-01   3.5219997e-01   3.5219997e-01   3.5219997e-01   3.5219997e-01   3.5219997e-01   3.5219997e-01   3.5219997e-01   3.5219997e-01   3.5219997e-01   3.5219997e-01   3.5219997e-01   3.5219997e-01   3.5219997e-01   3.5219997e-01   3.5219997e-01   3.5219997e-01  -4.6325190e+01   3.9336437e+01   5.3658624e+01   5.7614816e+01   6.8762019e+01   5.9363165e+01
   7.9042226e+00   7.9042226e+00   7.9042226e+00   7.9042226e+00   7.9042226e+00   7.9042226e+00   7.9042226e+00   7.9042226e+00   7.9042226e+00   7.9042226e+00   7.9042226e+00   7.9042226e+00   7.9042226e+00   7.9042226e+00   7.9042226e+00   7.9042226e+00   7.9042226e+00   7.9042226e+00   7.9042226e+00   7.9042226e+00   7.9042226e+00   7.9042226e+00   7.9042226e+00   7.9042226e+00  -6.2476172e+01  -6.8905917e+01  -6.7641007e+01  -8.0327648e+01  -6.3440903e+01  -5.9622356e+01
   6.8581211e+01   6.8581211e+01   6.8581211e+01   6.8581211e+01   6.8581211e+01   6.8581211e+01   6.8581211e+01   6.8581211e+01   6.8581211e+01   6.8581211e+01   6.8581211e+01   6.8581211e+01   6.8581211e+01   6.8581211e+01   6.8581211e+01   6.8581211e+01   6.8581211e+01   6.8581211e+01   6.8581211e+01   6.8581211e+01   6.8581211e+01   6.8581211e+01   6.8581211e+01   6.8581211e+01  -5.3506840e+01  -8.4983106e+01  -9.3805940e+01  -8.0504724e+01  -8.7447098e+01  -6.7552824e+01
   2.4980952e+01   2.4980952e+01   2.4980952e+01   2.4980952e+01   2.4980952e+01   2.4980952e+01   2.4980952e+01   2.4980952e+01   2.4980952e+01   2.4980952e+01   2.4980952e+01   2.4980952e+01   2.4980952e+01   2.4980952e+01   2.4980952e+01   2.4980952e+01   2.4980952e+01   2.4980952e+01   2.4980952e+01   2.4980952e+01   2.4980952e+01   2.4980952e+01   2.4980952e+01   2.4980952e+01  -3.6148560e+01   5.2334946e+01   5.9741817e+01   7.7798530e+01   4.8562938e+01   5.3211070e+01
  -5.5595818e+01  -5.5595818e+01  -5.5595818e+01  -5.5595818e+01  -5.5595818e+01  -5.5595818e+01  -5.5595818e+01  -5.5595818e+01  -5.5595818e+01  -5.5595818e+01  -5.5595818e+01  -5.5595818e+01  -5.5595818e+01  -5.5595818e+01  -5.5595818e+01  -5.5595818e+01  -5.5595818e+01  -5.5595818e+01  -5.5595818e+01  -5.5595818e+01  -5.5595818e+01  -5.5595818e+01  -5.5595818e+01  -5.5595818e+01  -1.2566357e+01   7.3296656e+01   7.3246401e+01   5.6705073e+01   6.6397639e+01   6.4469854e+01
   1.8159602e+01   1.8159602e+01   1.8159602e+01   1.8159602e+01   1.8159602e+01   1.8159602e+01   1.8159602e+01   1.8159602e+01   1.8159602e+01   1.8159602e+01   1.8159602e+01   1.8159602e+01   1.8159602e+01   1.8159602e+01   1.8159602e+01   1.8159602e+01   1.8159602e+01   1.8159602e+01   1.8159602e+01   1.8159602e+01   1.8159602e+01   1.8159602e+01   1.8159602e+01   1.8159602e+01   4.0426846e+01  -3.7831179e+01  -2.5789847e+01  -5.1254172e+01  -5.0203411e+01  -5.6353727e+01
   3.4170121e+01   3.4170121e+01   3.4170121e+01   3.4170121e+01   3.4170121e+01   3.4170121e+01   3.4170121e+01   3.4170121e+01   3.4170121e+01   3.4170121e+01   3.4170121e+01   3.4170121e+01   3.4170121e+01   3.4170121e+01   3.4170121e+01   3.4170121e+01   3.4170121e+01   3.4170121e+01   3.4170121e+01   3.4170121e+01   3.4170121e+01   3.4170121e+01   3.4170121e+01   3.4170121e+01  -8.9134176e-01   3.1969966e+01   3.6778236e+01   4.1139101e+01   2.1356894e+01   4.0858622e+01
  -4.5829715e+00  -4.5829715e+00  -4.5829715e+00  -4.5829715e+00  -4.5829715e+00  -4.5829715e+00  -4.5829715e+00  -4.5829715e+00  -4.5829715e+00  -4.5829715e+00  -4.5829715e+00  -4.5829715e+00  -4.5829715e+00  -4.5829715e+00  -4.5829715e+00  -4.5829715e+00  -4.5829715e+00  -4.5829715e+00  -4.5829715e+00  -4.5829715e+00  -4.5829715e+00  -4.5829715e+00  -4.5829715e+00  -4.5829715e+00   7.3716171e+01  -6.0086133e+01  -5.1768623e+01  -5.9337503e+01  -6.0424988e+01  -6.2321266e+01
   3.9201749e+01   3.9201749e+01   3.9201749e+01   3.9201749e+01   3.9201749e+01   3.9201749e+01   3.9201749e+01   3.9201749e+01   3.9201749e+01   3.9201749e+01   3.9201749e+01   3.9201749e+01   3.9201749e+01   3.9201749e+01   3.9201749e+01   3.9201749e+01   3.9201749e+01   3.9201749e+01   3.9201749e+01   3.9201749e+01   3.9201749e+01   3.9201749e+01   3.9201749e+01   3.9201749e+01  -9.2513231e+00  -3.2059612e+01  -2.4652230e+01  -1.9673471e+01  -1.7418217e+01  -3.8888481e+01
