   4.4247937e+01   4.2165710e+01   3.0611367e+01   4.0357761e+01   4.2882166e+01   3.9429238e+01   4.1742521e+01   4.2139346e+01   2.6946901e+01   4.2346139e+01   3.9842118e+01   3.1664488e+01   3.9872729e+01   2.9443404e+01   4.3178798e+01   4.0725592e+01   3.0703445e+01   3.9888017e+01   3.8609008e+01   3.2561871e+01   3.8591660e+01   4.2536194e+01   3.3322897e+01   3.9361577e+01   3.8459244e+01   3.5740128e+01   4.2539009e+01   3.6486276e+01   3.6263916e+01   3.8882693e+01
   4.2844754e+01   4.2593645e+01   5.0762308e+01   3.8794701e+01   5.1649461e+01   4.5803247e+01   4.2852285e+01   3.5586166e+01   4.7655414e+01   4.7044791e+01   3.5669738e+01   3.6351516e+01   3.6276668e+01   4.6778358e+01   4.3983251e+01   4.3902393e+01   4.5910764e+01   3.7182768e+01   4.6396203e+01   4.3778812e+01   4.3978843e+01   3.9053715e+01   4.2166740e+01   4.4378475e+01   4.6843254e+01   4.4369650e+01   4.2760947e+01   4.6723287e+01   4.5142240e+01   4.5034902e+01
   2.9252306e+01   3.6108951e+01   4.1044009e+01   4.0520791e+01   3.7936249e+01   4.3247694e+01   3.8051496e+01   4.1904718e+01   4.0976488e+01   3.6253099e+01   3.8334862e+01   2.9533340e+01   4.0596458e+01   3.9860524e+01   3.8416510e+01   4.0208839e+01   4.3165183e+01   4.2277876e+01   2.7720722e+01   2.8745493e+01   3.9499956e+01   3.8116670e+01   2.9503317e+01   2.7834039e+01   3.9478717e+01   3.9054701e+01   3.8383430e+01   3.0791108e+01   3.9105773e+01   4.1647135e+01
   2.5928386e+01   3.5944993e+01   2.8828318e+01   2.8661552e+01   2.5693828e+01   3.9851575e+01   3.4768345e+01   3.8022171e+01   2.8828030e+01   3.1406578e+01   3.4856887e+01   3.4122666e+01   2.8151421e+01   3.5100920e+01   3.4595006e+01   2.4656193e+01   3.5447407e+01   3.5534286e+01   2.3305776e+01   3.9815661e+01   3.1854478e+01   3.5271299e+01   3.7396636e+01   3.5616777e+01   3.6649447e+01   3.5051417e+01   3.4948879e+01   3.4677128e+01   3.7018100e+01   3.3178253e+01
  -7.7462034e+01  -7.0246830e+01  -6.8945513e+01  -7.7382091e+01  -7.9002140e+01  -6.6277098e+01  -7.7061270e+01  -7.6122796e+01  -7.7759126e+01  -7.3821754e+01  -7.1919241e+01  -7.2283882e+01  -8.2617944e+01  -7.1873144e+01  -7.5320491e+01  -7.7403210e+01  -7.0097231e+01  -8.1144486e+01  -7.2946629e+01  -7.6114266e+01  -7.8589709e+01  -6.9534348e+01  -7.2257325e+01  -7.4423076e+01  -6.6025875e+01  -7.6124189e+01  -8.0675192e+01  -7.3945493e+01  -7.5069274e+01  -7.5275312e+01
   4.3085072e+01   3.8907823e+01   4.4798082e+01   4.0788768e+01   4.2430177e+01   4.9874931e+01   4.5577790e+01   4.1851427e+01   4.1674475e+01   4.0417013e+01   4.2395833e+01   4.3634930e+01   4.6304609e+01   4.4432922e+01   4.6982559e+01   4.1683583e+01   3.9292912e+01   4.6060498e+01   4.1118138e+01   3.6183243e+01   4.3863696e+01   4.8723701e+01   4.1599093e+01   4.6048198e+01   3.6365265e+01   3.8885530e+01   4.6563916e+01   5.0555632e+01   4.8057748e+01   4.2945982e+01
   2.1283597e+01   1.4340225e+01   2.2753585e+01   2.1863352e+01   1.2643851e+01   2.3655742e+01   2.1481944e+01   2.2605544e+01   2.3558438e+01   1.3482155e+01   2.2372250e+01   2.4788283e+01   2.5850529e+01   2.4761964e+01   2.1399189e+01   1.6973150e+01   1.4341531e+01   1.2957881e+01   1.4165415e+01   2.6682526e+01   2.1573845e+01   1.7708423e+01   2.6555921e+01   1.7310381e+01   2.4273511e+01   2.3792042e+01   2.2011693e+01   1.1978952e+01   2.3413007e+01   2.5043436e+01
   4.9488337e+01   3.9422602e+01   5.2492241e+01   4.9865214e+01   5.2745437e+01   5.0920983e+01   4.4899202e+01   4.0630895e+01   4.6374272e+01   4.8546371e+01   5.2248079e+01   5.1899484e+01   4.7516550e+01   4.7430490e+01   4.9570391e+01   4.8254117e+01   4.8381738e+01   4.8715579e+01   4.8419871e+01   5.5765164e+01   4.4978740e+01   3.9040029e+01   4.9150238e+01   3.6835363e+01   4.6779826e+01   5.4829574e+01   4.0342375e+01   4.9071081e+01   4.6002487e+01   4.7550368e+01
   5.1102663e+01   5.9474405e+01   6.5103942e+01   6.1004611e+01   5.8107154e+01   4.9870138e+01   4.9664960e+01   6.1357139e+01   5.9294932e+01   6.0159279e+01   5.0906385e+01   5.8009964e+01   6.1846948e+01   5.9696372e+01   6.2896513e+01   6.0020516e+01   6.3868076e+01   5.5259263e+01   5.5335704e+01   6.1202175e+01   5.8923884e+01   5.9677517e+01   5.6027477e+01   6.0766283e+01   4.9992042e+01   6.0307163e+01   6.4477131e+01   5.5715786e+01   5.9162774e+01   4.6437971e+01
   3.0293390e+01   2.7645073e+01   1.8997186e+01   3.0596847e+01   2.3312911e+01   2.5670966e+01   1.9041492e+01   2.4429309e+01   2.4890385e+01   2.1813031e+01   2.5681162e+01   2.3772684e+01   3.7603625e+01   3.1708492e+01   2.3924839e+01   2.1578197e+01   2.7817792e+01   2.2499341e+01   2.6733226e+01   2.3798994e+01   2.7145782e+01   2.4518429e+01   2.2460076e+01   2.3908947e+01   2.9665648e+01   2.8450804e+01   2.3428399e+01   2.4600888e+01   2.6811717e+01   2.2988870e+01
   5.7847697e+00   5.0373060e+00   6.2395581e+00   4.6271735e+00   6.1402203e+00   6.1203230e+00  -4.2281665e+00   7.4722297e+00  -3.0662617e+00   3.5403621e+00   5.8354253e+00   6.1102388e+00  -3.7465831e+00   7.0910836e+00   5.1772147e+00   6.7595595e+00   5.6945515e+00   7.8255004e+00   9.5293932e-01   1.4250751e+01   1.5121310e+00   5.1819023e+00   5.6144777e+00  -2.5054439e+00   4.9023065e+00  -4.6948328e+00  -3.2784783e+00   1.0863019e+00   4.5298651e+00   1.8548051e+00
   3.9408181e+01   4.0637315e+01   3.7652818e+01   3.6642592e+01   3.7533217e+01   2.4151031e+01   2.4939546e+01   2.6666087e+01   3.5608079e+01   3.9939782e+01   3.9476736e+01   3.7415743e+01   3.5881794e+01   3.3776025e+01   3.6951329e+01   4.1692825e+01   2.7633171e+01   3.4143357e+01   3.7624556e+01   4.6137544e+01   2.4016858e+01   2.7373029e+01   4.0957445e+01   2.6522200e+01   3.6800769e+01   2.7404180e+01   4.2171304e+01   3.5479530e+01   2.4919576e+01   3.5746255e+01
  -8.0094574e+01  -8.1113908e+01  -7.9920189e+01  -8.4323075e+01  -8.8252399e+01  -8.4449272e+01  -8.0926774e+01  -8.1711900e+01  -8.2765764e+01  -8.1744330e+01  -8.6846822e+01  -7.8711039e+01  -8.2607062e+01  -8.1886170e+01  -8.4110391e+01  -8.4577193e+01  -8.5944292e+01  -9.4995645e+01  -8.1529290e+01  -7.8445338e+01  -8.0345980e+01  -8.5808820e+01  -8.5657154e+01  -8.3317227e+01  -8.9044385e+01  -8.3621746e+01  -8.3939360e+01  -7.9827595e+01  -8.4927096e+01  -7.9734008e+01
  -8.7939690e+01  -8.8970650e+01  -7.5792037e+01  -8.6641202e+01  -8.3799402e+01  -7.8181678e+01  -7.6888540e+01  -7.9757987e+01  -8.0663798e+01  -8.4945434e+01  -8.8048800e+01  -8.2372624e+01  -9.0254246e+01  -7.7783307e+01  -8.1684889e+01  -8.2023256e+01  -8.2817571e+01  -9.2406105e+01  -8.4333996e+01  -8.0789316e+01  -7.8336218e+01  -7.9051765e+01  -8.0517970e+01  -8.5776582e+01  -8.3981356e+01  -7.9217900e+01  -8.1575327e+01  -8.2579027e+01  -8.0104767e+01  -7.7689193e+01
   6.5026968e+01   6.2947968e+01   7.7076670e+01   7.9849407e+01   7.0172391e+01   7.3669010e+01   7.8186800e+01   7.4901537e+01   6.9365038e+01   6.9982249e+01   7.6491163e+01   7.7687648e+01   7.3879713e+01   7.8833185e+01   7.8437787e+01   7.3282152e+01   7.0627482e+01   8.1085643e+01   6.8064012e+01   6.9813679e+01   6.9018815e+01   6.7935786e+01   7.0391226e+01   7.2389607e+01   8.2423733e+01   7.5605600e+01   7.5683597e+01   7.4194528e+01   7.9272454e+01   7.2370691e+01
   3.7394251e+01   3.8016818e+01   3.8141975e+01   3.6790000e+01   3.8029679e+01   3.4626789e+01   3.7687636e+01   3.2596982e+01   3.5812564e+01   2.8897780e+01   3.7203064e+01   3.5897361e+01   3.8414323e+01   3.2457397e+01   3.1863585e+01   3.2755677e+01   3.5696355e+01   3.5252167e+01   3.6430567e+01   3.3128777e+01   3.6333288e+01   3.6280024e+01   3.8205458e+01   2.9483487e+01   3.6488329e+01   3.3270346e+01   3.4818101e+01   3.5900583e+01   3.5966303e+01   3.4713941e+01
   8.1078926e+01   8.6362257e+01   8.0377986e+01   8.3328810e+01   8.2270809e+01   7.9795219e+01   8.1250530e+01   8.5506482e+01   8.4013484e+01   8.3457181e+01   8.4505153e+01   8.2283640e+01   8.4140799e+01   8.3447177e+01   8.3805183e+01   8.9261397e+01   8.4316087e+01   8.4782075e+01   8.0230936e+01   8.2114183e+01   8.0794076e+01   8.0929469e+01   7.9927859e+01   8.1303166e+01   8.0626122e+01   8.4113407e+01   8.7977181e+01   8.2448522e+01   8.2541013e+01   8.0104149e+01
   4.4508887e+01   4.7999765e+01   5.5253362e+01   4.6559651e+01   4.9491223e+01   5.6155486e+01   4.7935983e+01   4.5899820e+01   4.7275041e+01   5.5592606e+01   5.9587907e+01   5.8443152e+01   5.3081420e+01   5.7206723e+01   5.4821604e+01   5.6029841e+01   5.6005254e+01   6.0172942e+01   4.7090209e+01   5.7409447e+01   5.1644188e+01   5.6671626e+01   5.8641174e+01   5.5079057e+01   4.7278132e+01   5.7723101e+01   5.1550540e+01   4.4561138e+01   6.0386355e+01   5.6084379e+01
  -2.3779511e+00   3.8748983e+00   4.5804924e+00  -4.9076139e+00   8.7400181e+00  -8.1084976e-01   8.5366195e+00  -8.8835660e+00  -1.9611641e+00  -3.3419156e+00   2.5539747e+00  -1.6586032e+00  -2.7560424e+00  -1.5851531e+00  -4.7573419e+00  -5.2521876e+00   3.7187269e+00   1.6922783e-01  -5.6769441e+00  -2.0693781e+00   8.1901550e+00  -1.3736032e+00  -7.0303700e+00  -7.1778586e+00   3.5377174e+00  -1.0447950e+01   2.5388286e+00  -4.3214841e+00  -1.9589452e+00   1.0709307e+01
  -1.0022149e+01  -8.9374785e+00  -2.8275625e+00  -3.0696145e+00  -4.2319694e+00  -2.6135935e+00  -6.8535958e+00  -2.5178412e+00  -4.4693717e+00  -6.2519759e+00  -2.0131605e+00  -6.1910371e+00  -9.4150678e+00  -3.6917502e+00  -4.6122117e+00  -7.6788627e-01  -7.2343012e+00  -2.5071815e-01  -5.6628649e+00  -3.5048917e+00  -5.5271749e+00  -5.5385920e+00  -5.3473083e+00  -4.1492291e+00  -5.2320563e+00  -2.7265684e+00  -4.9350506e+00  -6.3033035e+00  -5.4100780e+00  -3.3177243e+00
