   3.7996803e+01   3.7996803e+01   3.7996803e+01   3.7996803e+01   3.7996803e+01   3.7996803e+01   3.7996803e+01   3.7996803e+01   3.7996803e+01   3.7996803e+01   3.7996803e+01   3.7996803e+01   3.7996803e+01   3.7996803e+01   3.7996803e+01   3.7996803e+01   3.7996803e+01   3.7996803e+01   3.7996803e+01   3.7996803e+01   3.7996803e+01   3.7996803e+01   3.7996803e+01   3.7996803e+01   3.7996803e+01   3.7996804e+01   3.7996803e+01   3.7996803e+01   3.7996803e+01   3.7996803e+01
   5.2267702e+01   5.2906184e+01   5.2267703e+01   4.9465292e+01   5.2267702e+01   4.9514513e+01   5.4635877e+01   4.9901447e+01   5.4788297e+01   5.4788297e+01   5.0642451e+01   5.3113857e+01   5.3470424e+01   5.5306151e+01   5.4518226e+01   5.3580363e+01   4.9807630e+01   5.2089946e+01   5.4795429e+01   5.1442155e+01   5.1149292e+01   4.9781871e+01   5.1136864e+01   5.1458346e+01   5.0665904e+01   5.2899801e+01   5.3361798e+01   5.1806348e+01   4.9890319e+01   5.5001618e+01
   6.3264765e+01   6.6337759e+01   6.3264765e+01   6.1851758e+01   6.3264765e+01   6.4771431e+01   6.5324337e+01   6.5326536e+01   6.5134708e+01   6.5134708e+01   6.0579873e+01   6.0242495e+01   6.0365876e+01   6.2478794e+01   6.5452291e+01   6.6115504e+01   6.1315885e+01   6.6398212e+01   6.1404476e+01   6.6292766e+01   6.0332317e+01   6.1348852e+01   6.6192441e+01   6.0232435e+01   6.5963715e+01   6.6338350e+01   6.0323160e+01   6.6369155e+01   6.1215830e+01   6.1723405e+01
  -6.8964139e+01  -6.9028971e+01  -7.4453456e+01  -6.9089557e+01  -7.7010136e+01  -7.1633965e+01  -7.3894045e+01  -7.1223496e+01  -7.4405736e+01  -7.4405736e+01  -6.6085378e+01  -7.6812545e+01  -7.6706480e+01  -7.0427931e+01  -7.5651032e+01  -7.5202779e+01  -7.6107174e+01  -7.2254524e+01  -7.4148898e+01  -7.5111310e+01  -7.7500138e+01  -7.5206646e+01  -7.7064069e+01  -7.4107846e+01  -6.9064105e+01  -7.2062503e+01  -7.3188776e+01  -7.0411463e+01  -7.6195941e+01  -7.0666319e+01
  -3.6510986e+01  -4.0559722e+01  -3.6101915e+01  -3.9061186e+01  -4.5286590e+01  -4.3043412e+01  -3.8888185e+01  -3.3326920e+01  -4.1012318e+01  -4.1012318e+01  -4.6180114e+01  -3.7390048e+01  -4.3069971e+01  -4.2611997e+01  -4.1638927e+01  -4.6178283e+01  -3.7155090e+01  -4.4263129e+01  -3.8533059e+01  -3.5682456e+01  -4.4423046e+01  -3.6147304e+01  -3.4563279e+01  -3.0197680e+01  -4.8259389e+01  -4.4739488e+01  -3.2508542e+01  -2.7335516e+01  -3.5087563e+01  -2.6200384e+01
  -7.7967530e+01  -7.7971459e+01  -7.8361043e+01  -7.7975261e+01  -7.8499725e+01  -7.8177299e+01  -7.8303368e+01  -7.8113866e+01  -7.8328482e+01  -7.8328482e+01  -7.7789284e+01  -7.8510394e+01  -7.8493322e+01  -7.8080619e+01  -7.8481776e+01  -7.8442464e+01  -7.8449293e+01  -7.8182130e+01  -7.8308838e+01  -7.8395851e+01  -7.8541755e+01  -7.8379300e+01  -7.8515955e+01  -7.8311769e+01  -7.7979832e+01  -7.8174205e+01  -7.8242285e+01  -7.8060224e+01  -7.8458921e+01  -7.8075424e+01
   2.1667199e+01   2.1651331e+01   2.0192493e+01   2.1636104e+01   1.9547719e+01   2.0957618e+01   2.0368394e+01   2.1091028e+01   2.0253067e+01   2.0253067e+01   2.2388200e+01   1.9539804e+01   1.9595635e+01   2.1282207e+01   1.9843188e+01   1.9993672e+01   1.9771710e+01   2.0820957e+01   2.0310986e+01   1.9965835e+01   1.9385035e+01   2.0026911e+01   1.9502425e+01   2.0301334e+01   2.1633406e+01   2.0874151e+01   2.0576581e+01   2.1301610e+01   1.9739099e+01   2.1234403e+01
  -7.4709837e+01  -7.4839422e+01  -8.5092118e+01  -7.4961037e+01  -8.9580021e+01  -7.9927571e+01  -8.4093955e+01  -7.9135924e+01  -8.5050427e+01  -8.5050427e+01  -6.8758447e+01  -8.9207879e+01  -8.9053610e+01  -7.7599801e+01  -8.7203606e+01  -8.6420995e+01  -8.8029040e+01  -8.1087442e+01  -8.4583709e+01  -8.6265887e+01  -9.0348544e+01  -8.6432513e+01  -8.9628886e+01  -8.4484318e+01  -7.4905406e+01  -8.0735799e+01  -8.2811195e+01  -7.7575240e+01  -8.8162856e+01  -7.8064149e+01
   2.7354771e+01   2.7799126e+01   2.3388043e+01   3.0374006e+01   3.0257132e+01   2.9464615e+01   3.3746616e+01   2.1930381e+01   2.7913425e+01   2.7913425e+01   2.9886015e+01   2.5848570e+01   2.6349532e+01   3.6729640e+01   3.3247271e+01   3.1985926e+01   2.6542840e+01   2.3885677e+01   3.2288389e+01   3.0367759e+01   2.9828322e+01   2.8435806e+01   3.2751264e+01   3.2034919e+01   3.5221882e+01   3.6315184e+01   3.6243880e+01   3.4275595e+01   3.6850077e+01   1.9054286e+01
   5.3278094e+01   5.3278094e+01   5.3278094e+01   5.3278094e+01   5.3278094e+01   5.3278094e+01   5.3278094e+01   5.3278094e+01   5.3278094e+01   5.3278094e+01   5.3278094e+01   5.3278094e+01   5.3278094e+01   5.3278094e+01   5.3278094e+01   5.3278094e+01   5.3278094e+01   5.3278094e+01   5.3278094e+01   5.3278094e+01   5.3278094e+01   5.3278094e+01   5.3278094e+01   5.3278094e+01   5.3278094e+01   5.3278094e+01   5.3278094e+01   5.3278094e+01   5.3278094e+01   5.3278094e+01
  -7.5072955e+01  -7.2000055e+01  -7.5072954e+01  -7.6485966e+01  -7.5072955e+01  -7.6579619e+01  -7.3013384e+01  -7.7134721e+01  -7.3203012e+01  -7.3203012e+01  -7.2388063e+01  -7.2050688e+01  -7.7971842e+01  -7.5859077e+01  -7.7261678e+01  -7.7923734e+01  -7.7021835e+01  -7.8206402e+01  -7.6933247e+01  -7.8100940e+01  -7.2140508e+01  -7.3157040e+01  -7.8000632e+01  -7.2040625e+01  -7.2374005e+01  -7.8146850e+01  -7.8014561e+01  -7.8177346e+01  -7.3024020e+01  -7.3531595e+01
   8.8458979e+00   8.8458978e+00   8.8461812e+00   8.8458979e+00   8.8458978e+00   8.8458979e+00   8.8458979e+00   8.8458978e+00   8.8458978e+00   8.8458978e+00   8.8458978e+00   8.8458978e+00   8.8458978e+00   8.8458914e+00   8.8458979e+00   8.8458977e+00   8.8458979e+00   8.8458978e+00   8.8458978e+00   8.8458979e+00   8.8458978e+00   8.8458978e+00   8.8458979e+00   8.8458978e+00   8.8458979e+00   8.8458978e+00   8.8458978e+00   8.8458979e+00   8.8458978e+00   8.8458977e+00
   3.3004414e+01   3.3004414e+01   3.3004414e+01   3.3004414e+01   3.3004414e+01   3.3004414e+01   3.3004414e+01   3.3004414e+01   3.3004414e+01   3.3004414e+01   3.3004414e+01   3.3004414e+01   3.3004414e+01   3.3004414e+01   3.3004414e+01   3.3004414e+01   3.3004414e+01   3.3004414e+01   3.3004414e+01   3.3004414e+01   3.3004414e+01   3.3004414e+01   3.3004414e+01   3.3004414e+01   3.3004414e+01   3.3004414e+01   3.3004414e+01   3.3004414e+01   3.3004414e+01   3.3004414e+01
  -1.9381922e+01  -1.0909583e+01  -1.7841718e+01  -1.9865597e+01  -8.3171511e+00  -1.7309598e+01  -1.5610560e+01  -1.6414672e+01  -1.7967448e+01  -1.7967448e+01  -6.9390912e+00  -1.4094170e+01  -1.0782610e+01  -1.8871723e+01  -1.1919583e+01  -1.2590348e+01  -1.9648499e+01  -7.5371989e+00  -2.1826021e+01  -8.7720315e+00  -9.3889507e+00  -2.1500515e+01  -1.9214411e+01  -1.5258068e+01  -7.4397504e+00  -1.7756794e+01  -1.3321513e+01  -1.2759982e+01  -1.0922683e+01  -1.2580928e+01
   7.9584857e+01   7.9584857e+01   7.9584857e+01   7.9584857e+01   7.9584857e+01   7.9584857e+01   7.9584857e+01   7.9584857e+01   7.9584857e+01   7.9584857e+01   7.9584857e+01   7.9584857e+01   7.9584857e+01   7.9584857e+01   7.9584857e+01   7.9584857e+01   7.9584857e+01   7.9584857e+01   7.9584857e+01   7.9584857e+01   7.9584857e+01   7.9584857e+01   7.9584857e+01   7.9584857e+01   7.9584857e+01   7.9584857e+01   7.9584857e+01   7.9584857e+01   7.9584857e+01   7.9584857e+01
  -1.7314633e+01  -1.7314633e+01  -1.7314633e+01  -1.7314633e+01  -1.7314633e+01  -1.7314633e+01  -1.7314633e+01  -1.7314633e+01  -1.7314633e+01  -1.7314633e+01  -1.7314633e+01  -1.7314633e+01  -1.7314633e+01  -1.7314633e+01  -1.7314633e+01  -1.7314633e+01  -1.7314633e+01  -1.7314633e+01  -1.7314633e+01  -1.7314633e+01  -1.7314633e+01  -1.7314633e+01  -1.7314633e+01  -1.7314633e+01  -1.7314633e+01  -1.7314633e+01  -1.7314633e+01  -1.7314633e+01  -1.7314633e+01  -1.7314633e+01
   3.2956449e+01   3.3594481e+01   3.2956449e+01   3.5758857e+01   3.2956449e+01   3.5709641e+01   3.5324624e+01   3.5322712e+01   3.0435854e+01   3.0435854e+01   3.4581700e+01   3.2110294e+01   3.4159171e+01   3.5994789e+01   3.0705744e+01   3.1643762e+01   3.5416521e+01   3.3134204e+01   3.5484175e+01   3.3781738e+01   3.1838039e+01   3.0470616e+01   3.4087288e+01   3.3765805e+01   3.4558247e+01   3.3590652e+01   3.1862357e+01   3.3417804e+01   3.5333833e+01   3.0222533e+01
  -1.7705996e+01  -2.3477281e+01  -1.1799569e+01  -1.7187836e+01  -2.0699991e+01  -1.3147567e+01  -2.4595363e+01  -1.5699666e+01  -1.4500509e+01  -1.4500509e+01  -1.9239939e+01  -2.2242501e+01  -1.9191540e+01  -1.6647169e+01  -2.4733359e+01  -1.7146389e+01  -1.4401527e+01  -1.2811180e+01  -1.3699696e+01  -2.8354994e+01  -2.1283467e+01  -1.2935253e+01  -2.3178258e+01  -2.7253564e+01  -1.7351289e+01  -1.2357789e+01  -2.8809499e+01  -2.8969025e+01  -2.9196172e+01  -1.2973555e+01
   4.9814804e+01   4.9782626e+01   4.6986247e+01   4.9752355e+01   4.5645362e+01   4.8455981e+01   4.7271144e+01   4.8671505e+01   4.7022256e+01   4.7022256e+01   5.1236186e+01   4.5717064e+01   4.5778387e+01   4.9073508e+01   4.6331361e+01   4.6568871e+01   4.6107812e+01   4.8144031e+01   4.7155619e+01   4.6611952e+01   4.5360089e+01   4.6558588e+01   4.5575109e+01   4.7165166e+01   4.9754799e+01   4.8239522e+01   4.7648784e+01   4.9085925e+01   4.6060294e+01   4.8949599e+01
  -3.7770904e+01  -3.7778872e+01  -3.8526221e+01  -3.7786404e+01  -3.8831506e+01  -3.8138611e+01  -3.8427552e+01  -3.8063710e+01  -3.8481314e+01  -3.8481314e+01  -3.7412961e+01  -3.8848177e+01  -3.8814957e+01  -3.7997650e+01  -3.8798347e+01  -3.8649165e+01  -3.8731394e+01  -3.8196591e+01  -3.8452987e+01  -3.8625966e+01  -3.8923054e+01  -3.8591548e+01  -3.8864105e+01  -3.8455582e+01  -3.7795569e+01  -3.8170846e+01  -3.8317027e+01  -3.7954275e+01  -3.8749792e+01  -3.7987029e+01
