  1.7760014e-155  6.9352657e-154  2.1599054e-156 -7.4555999e-155  5.4880281e-156  1.4958925e-154 -2.3368943e-156 -6.8293620e-155 -7.7185946e-155  1.2919622e-151 -9.9113522e-147 -1.9484025e-156  2.0751272e-150 -1.4550076e-151  7.5373032e-155 -3.4518130e-148 -6.3188592e-154 -1.5764074e-153 -3.6450105e-156 -4.5380124e-155 -1.1335387e-151  2.5204548e-154 -9.4889373e-155 -5.3821033e-155  7.5705583e-155 -8.4141806e-149 -5.6877954e-155 -9.0844345e-153  3.8615335e-155 -5.7726054e-150
  6.2825357e-155 -1.4046170e-154  7.9224930e-155 -5.8319833e-156 -7.4416742e-155 -1.3452861e-155 -7.5019939e-155  1.7800902e-154  6.6982399e-157 -8.0775036e-152 -1.0339182e-146 -1.0973113e-154 -3.5782690e-150  1.1345641e-154 -4.9658952e-157 -4.9153258e-148 -8.2567623e-155  1.4562869e-154  2.8534356e-155 -7.5835181e-155 -6.6764164e-151  2.9641861e-155 -4.8124542e-156  9.3071742e-155  2.3607730e-155 -1.4110173e-148 -5.2256175e-155 -3.0478876e-155 -3.5909477e-156 -6.0024292e-150
  4.5520253e-155 -2.2024533e-153 -2.2356407e-156 -5.9680445e-157 -4.0875217e-156  2.8994273e-154 -1.1860773e-156  5.4411364e-156 -2.3554922e-156  5.7451164e-153  3.0887514e-147  1.2648635e-154 -1.0006468e-149  1.5702460e-152  2.7785877e-156  4.3446189e-149  3.8843569e-155  1.7452326e-154 -8.1666616e-155  1.1246896e-155  5.2658072e-152  4.3782287e-156 -1.4063615e-157 -3.8343987e-155 -4.0973435e-156 -4.0790990e-151 -5.2192496e-156 -6.1117353e-155  9.9859793e-155  9.1295039e-151
 -2.7610600e-157  3.5090779e-155  5.9984841e-157  2.3320757e-158 -6.2805948e-158 -3.9036297e-155 -3.6754507e-157 -7.5312019e-156  3.0793593e-156  5.4574636e-153 -7.1411185e-148 -2.0356918e-155 -1.2400471e-151 -9.3263402e-153  1.5086663e-158  7.1509059e-149 -1.5689333e-155 -5.4177281e-155 -9.7425696e-156 -1.8816769e-155 -4.9981028e-152 -9.9625535e-156 -6.4435469e-157 -2.6079380e-155  9.0862754e-156  3.7004735e-149  1.9666058e-156  9.6319970e-154 -3.9037486e-157 -2.2472037e-151
  6.6195491e-156  2.2932474e-154  1.8997387e-157 -3.9423678e-158  5.8302246e-157  2.5163180e-156 -1.0878157e-157 -9.1383497e-157 -3.6997809e-157  5.8060784e-154  3.1654771e-149  2.1813871e-156 -4.4194852e-151  3.6633068e-154  3.4586096e-158 -7.3592708e-149  4.3559261e-155  4.0657127e-156 -2.8393763e-156  2.3701120e-156  9.6029949e-154  1.2441427e-155 -1.3857867e-157 -4.5861872e-157  6.8706012e-156 -1.2486749e-149 -7.8485264e-157  1.7163577e-155  2.4798519e-156  1.7553732e-150
  8.4316088e-157  5.0577726e-155 -1.8705965e-158 -4.6153122e-158  1.7257170e-158  5.4047818e-156  6.1652071e-158  5.1169351e-157  1.2660984e-157 -4.7017577e-153  3.5236946e-151 -6.3578226e-157  6.1151084e-152  2.0475429e-152  2.7374980e-158  1.0072587e-149  2.4273289e-156  6.6137103e-156  6.2542424e-156 -5.9816577e-157 -1.1559988e-153  1.0712529e-156  2.9549867e-157 -6.3292824e-157  1.4874464e-156  3.0465767e-150  9.1624335e-158  3.2083150e-154 -7.8937017e-156 -3.7588252e-151
  1.7505479e-156 -7.9339389e-155 -5.9989994e-159 -1.5151223e-158  9.5833661e-159 -3.0771740e-156 -1.1134327e-157  2.1770476e-157  5.7455460e-158  9.0481503e-153 -1.3063123e-148 -4.5660611e-156  4.0413409e-151  1.7288326e-153 -1.9255162e-158  3.1752556e-150 -3.1491884e-156  3.7688305e-156 -2.0159395e-156 -7.6693513e-157 -2.9491261e-153 -2.3327227e-159  5.9972810e-159 -1.1985882e-156 -1.1505304e-156 -5.3339384e-150 -5.4044537e-157  2.1034118e-154  2.3244380e-156 -9.9883396e-151
 -1.8980980e-157 -1.1114763e-155 -3.9349098e-159  5.9587976e-159 -3.0109875e-158  5.8298577e-156 -2.1185022e-160 -3.3557724e-158  1.0384337e-157  3.1843194e-153 -1.1960380e-149 -1.7582763e-157 -1.3283158e-151 -4.5031410e-154 -1.4136180e-158 -2.6231334e-150 -2.9493767e-156 -2.0442826e-156 -3.1121268e-157  2.0487709e-157  7.3722404e-153 -7.9383757e-157 -2.7984977e-158 -9.3567890e-157  1.8616426e-157  1.2253188e-150  2.1783821e-157 -1.1137774e-154 -4.5896788e-158 -2.1995600e-151
 -6.1200421e-158  1.3884359e-156  4.6236559e-159  5.4088996e-160 -3.9360588e-158  6.8024712e-157  2.9235073e-158 -1.5557645e-158 -1.3509956e-159 -1.3525812e-153  7.8320631e-150  2.3121266e-157 -5.8690197e-153  6.0071318e-156 -2.5916544e-159  7.8013721e-151  9.5111491e-157 -4.1112538e-156  3.3305824e-157  1.4892007e-157  1.5935386e-154  6.1069437e-157 -9.0448088e-158 -3.8755446e-157  2.4858931e-158  4.2649745e-151 -1.5498818e-157 -1.5692914e-156  3.8318179e-157 -8.0762419e-152
 -2.0562891e-158 -1.0826982e-155  2.2566048e-158 -1.6926437e-160  5.0176126e-159  3.3162199e-156  2.8298249e-158  1.9895967e-158  6.0912842e-159  1.1097972e-153 -1.9068137e-149  2.9220861e-157 -2.4302086e-152  4.2825033e-155  8.5060488e-160 -9.0655316e-151 -8.0857081e-157  9.9769203e-157  8.5574187e-158  6.3656643e-158 -3.7122250e-154 -2.8168730e-159  6.5198481e-159 -1.3120548e-158  2.9198584e-158  1.2574508e-150  1.1087513e-158  2.1866840e-156 -6.7546596e-158 -3.1635653e-153
