   7.6650568e-16  -9.0764886e-16  -5.0429717e-16  -4.7783892e-16  -3.6866905e-16   2.5134844e-16   4.7991107e-17   5.9811848e-16  -1.7598730e-16   1.6028340e-16  -2.0411317e-16  -7.2971427e-19   2.1977653e-16   5.2528470e-16   9.5704231e-17   7.0788579e-16  -2.0058113e-16   1.7046397e-16   6.8038199e-17  -2.2799093e-16  -2.8924404e-16   8.3198442e-16  -1.4912566e-16   6.7538128e-17  -2.0184673e-16   7.0449885e-17  -4.6086762e-16   9.7264890e-16  -2.4234861e-17  -6.8456722e-16
  -6.4670394e-16  -6.4054910e-17   2.1161463e-16  -5.1879106e-16  -2.2745625e-16   7.0718111e-16   9.1198094e-17  -7.3790030e-16   3.3784594e-16  -8.2243553e-17   2.5749495e-18  -8.2225239e-17   1.2479959e-16   2.3546366e-16  -1.0094927e-16   5.0942484e-16   2.3578534e-16  -1.2676998e-16  -8.6749025e-17   5.2355326e-17  -8.9605683e-17   3.9985212e-16  -4.0690903e-17   6.2473030e-17  -2.3792178e-16   3.1919065e-16   9.4626338e-16   1.6699701e-16   5.0394954e-18  -1.2507329e-16
   7.8894901e-16   8.2366437e-16   2.2110796e-17  -5.6623136e-16  -1.0191273e-15  -5.3582969e-16   1.6738376e-16  -5.3922860e-17   3.9106173e-16  -1.5275220e-16   2.8603529e-16   2.7814504e-16  -3.8760474e-18   2.6926187e-16  -1.6170164e-16   3.2844939e-16  -3.0859209e-16  -9.4867314e-17  -1.0335475e-17   3.2238951e-17  -4.9137651e-16   5.3634025e-16  -2.5227381e-16   7.5840375e-17   2.7388014e-16  -8.9444846e-16  -3.3554766e-16  -1.5259612e-16  -5.3008574e-17  -4.7481103e-16
   1.0936001e-16  -3.8479935e-16  -4.6048260e-16   6.9696561e-17  -2.0947006e-16   1.3126508e-16   6.7934954e-17  -1.0376151e-15   2.7312999e-18  -1.7863150e-16   7.1946786e-17   7.4055737e-17   2.3073907e-16  -5.8959850e-17   1.1822787e-16  -5.8846411e-16   1.4030439e-16   4.0687508e-18  -3.1650008e-17  -9.0690475e-18   3.1443691e-16  -1.1303537e-16  -1.1116643e-17   6.8022539e-18   4.7335177e-16  -4.2360754e-16  -3.2223504e-16  -1.8060341e-16   2.7218785e-17  -3.5581133e-16
  -1.3380693e-16   6.5859995e-16   7.9301503e-16  -4.1944019e-17   8.6271620e-16  -5.1442328e-16   4.1729328e-16   9.7351486e-16  -4.7402273e-16   9.6122543e-17   1.4266252e-16  -1.5898515e-16  -2.1380940e-16   5.5188978e-16  -7.6825561e-19  -3.9998101e-16  -1.1559450e-16  -1.7768804e-18  -2.8288461e-17   1.6336791e-17  -1.6665450e-16  -3.4830751e-16  -5.1574650e-16   3.3713477e-17   2.5782062e-16  -1.0408523e-15  -3.6272054e-16   4.3322694e-16   1.3349313e-17  -3.4249277e-17
  -3.5712370e-16  -1.8211610e-16  -2.6352113e-16  -9.1416621e-17  -9.8029224e-16   1.2001059e-16  -2.1701612e-17  -1.5908939e-16   4.5738845e-16   1.4105258e-16   1.1050653e-17   2.8833302e-16   3.0054811e-16   3.4264551e-16   8.7755871e-17   9.5499355e-16   3.6668202e-16  -1.8445325e-16   2.3723625e-16  -1.3330519e-16  -2.0954545e-18   4.2426544e-16  -3.1139589e-16   5.6179449e-17   8.2531318e-17   2.1666374e-16  -2.7735863e-16  -2.9315335e-16   3.2315259e-16  -4.8377553e-16
  -8.5430509e-16   1.3212452e-17  -7.5055720e-17   2.3804986e-16   9.2371872e-17  -2.1807724e-16   3.7923370e-16  -6.3475194e-16  -6.0112402e-16  -6.8337213e-17  -1.0450600e-16  -1.9531616e-17   2.2590106e-16  -4.8824105e-17  -1.1924229e-17   2.1549504e-16  -3.2858742e-16  -1.4322377e-16   3.7297872e-17   1.9315770e-17  -2.2575465e-16  -2.1581345e-16  -4.0839273e-16  -3.6477823e-17  -1.3428224e-16  -4.3668331e-16   3.1483815e-16  -2.9389811e-16  -3.1325780e-17  -6.1618783e-16
   6.8306365e-16  -3.1480111e-16  -4.8411378e-16   6.9424235e-17   5.4411633e-16   3.3024537e-16  -2.1529180e-19   1.0446839e-15   1.0872294e-16  -1.9197866e-16  -1.1761713e-16  -1.3171073e-16  -2.2722667e-16  -4.2362841e-16   2.8405561e-16   8.2407794e-17   6.8699861e-16  -1.4247279e-16   3.2365447e-17  -1.4949892e-17   4.3227991e-17  -4.0836340e-16  -1.1762934e-16   3.4800604e-17   5.6475991e-17  -5.6355846e-16  -8.4162428e-16  -3.6180697e-16   4.6620578e-17  -7.2027415e-16
   6.0082032e-16  -2.4155267e-16  -2.9199464e-16  -3.0361010e-16  -1.1068799e-15   4.8970317e-16   5.5143573e-17   7.6796961e-16  -1.9945112e-16  -6.0526360e-17   1.0448949e-16  -2.1824559e-16  -5.7511268e-16  -1.2979917e-17  -2.7028155e-16  -4.8643841e-16  -2.8896222e-16  -2.2977582e-16   5.4056206e-17   2.5071066e-16  -5.3283968e-16  -1.3410860e-16   6.1888883e-16   7.0919553e-17  -2.7367037e-16  -3.2546757e-16  -1.9659453e-16  -7.1678299e-16   1.7067000e-18  -7.0089562e-17
   4.1362157e-16  -1.1569158e-16  -4.3191808e-16  -2.2531797e-16   1.5208917e-16   2.9230458e-16  -7.6967380e-17   3.7718531e-16   7.1058552e-17   6.0142311e-17  -8.0521835e-17  -5.7676026e-17  -6.4084819e-16  -2.9649225e-17  -9.8670036e-19   9.3582568e-16   3.7116230e-16   7.4565296e-17   2.7112526e-17   3.1576104e-17  -1.2538072e-16  -3.1339501e-16   1.2888676e-16  -6.9771141e-17  -1.7258515e-16  -3.5096545e-16  -3.9889827e-16   3.0049223e-16   1.6441582e-18  -8.7801358e-16
