   4.0868819e+01   4.2479431e+01   4.0358934e+01   4.2332379e+01   4.0290093e+01   3.1518948e+01   3.1165664e+01   3.5646397e+01   3.1653039e+01   3.2344357e+01   3.2499274e+01   4.0895180e+01   4.5425959e+01   3.2449948e+01   3.4843320e+01   3.0892795e+01   3.1588102e+01   3.1014698e+01   4.0355589e+01   4.0115727e+01   4.2285367e+01   4.5895519e+01   2.9086748e+01   3.0221040e+01   3.0728858e+01   4.7823369e+01   3.1605979e+01   3.6446359e+01   3.8213249e+01   4.2548911e+01
   4.1888785e+01   4.5108708e+01   4.1613397e+01   3.8189716e+01   4.1564339e+01   3.1740101e+01   4.0684334e+01   3.0882580e+01   4.0529122e+01   4.0342065e+01   4.2566746e+01   4.1924288e+01   4.0671435e+01   4.0318547e+01   4.0046899e+01   4.0799625e+01   4.0542597e+01   4.4726610e+01   3.2025720e+01   4.1458466e+01   3.7928469e+01   4.1898535e+01   4.1629595e+01   4.3362533e+01   2.9821794e+01   4.2677547e+01   3.1676600e+01   4.0206364e+01   4.5819883e+01   3.1201651e+01
   4.0100418e+01   3.7617462e+01   3.9943921e+01   3.8325239e+01   3.9900421e+01   3.8357084e+01   3.9375525e+01   3.8655432e+01   3.9281054e+01   2.9641722e+01   3.0907463e+01   3.0485868e+01   3.9367945e+01   3.9172184e+01   2.9459766e+01   3.4614103e+01   3.9303204e+01   4.4514613e+01   3.8265284e+01   3.9793725e+01   3.8237681e+01   3.0474314e+01   3.0306096e+01   3.6389901e+01   4.1458508e+01   4.0646443e+01   3.8386113e+01   3.9115527e+01   3.3659655e+01   4.3895082e+01
   4.2644424e+01   4.1178868e+01   4.2564926e+01   3.1976494e+01   3.2856765e+01   4.3711244e+01   4.2159595e+01   3.2129193e+01   4.2110187e+01   4.0519312e+01   3.1258949e+01   4.2558365e+01   2.8777591e+01   2.8658905e+01   2.5226129e+01   4.0209397e+01   4.2127057e+01   4.6764806e+01   4.1517139e+01   4.2420579e+01   3.6761934e+01   3.1351448e+01   4.2605856e+01   3.1249240e+01   3.9380587e+01   3.8340143e+01   4.1601758e+01   4.1992374e+01   3.0848763e+01   3.6224112e+01
  -8.6269644e+01  -8.5099779e+01  -8.4171149e+01  -8.8633109e+01  -8.8858324e+01  -8.5389908e+01  -9.6256296e+01  -8.8620318e+01  -9.1557901e+01  -8.7616838e+01  -8.8389746e+01  -8.6309827e+01  -8.7194144e+01  -9.5587124e+01  -8.4417639e+01  -9.9472496e+01  -9.1309771e+01  -8.0252256e+01  -8.7019084e+01  -8.6435409e+01  -8.5104932e+01  -8.8355684e+01  -9.1015582e+01  -8.4447632e+01  -8.8128095e+01  -8.8543296e+01  -9.1760344e+01  -9.1814782e+01  -8.8202311e+01  -8.9003300e+01
   9.7079085e+00   1.2804647e+01   6.8403965e+00  -1.3777139e+00   8.0693817e+00   5.7579658e+00   1.0843623e+01   1.1966082e+01   9.2106547e+00   8.7749264e+00   8.3369086e+00   3.1823988e-03   9.0591118e+00   6.8271663e+00   6.6649886e+00   8.1227187e+00  -2.2455260e+00   6.1716268e+00   4.4054874e+00   9.5759305e+00   1.2801914e+01   1.0483438e+01   9.3696569e+00   6.3140167e+00   1.0615450e+01   8.2440955e+00   9.0417913e+00  -4.5502187e+00  -1.1519453e+00   3.2753691e+00
   2.6407782e+01   2.9307191e+01   2.2455823e+01   2.1617568e+01   2.3142345e+01   2.1980504e+01   2.8961539e+01   2.8423252e+01   1.4210432e+01   1.8729635e+01   2.5472413e+01   1.2269548e+01   1.4130518e+01   2.2447849e+01   2.2377918e+01   2.5315291e+01   1.3159719e+01   2.2143416e+01   2.1528050e+01   2.4162819e+01   2.2453220e+01   2.4931276e+01   2.7782732e+01   2.2196887e+01   1.5292180e+01   2.3263132e+01   2.3773218e+01   2.3082679e+01   2.1515984e+01   2.1289485e+01
   5.3364920e+01   5.2293100e+01   5.0183729e+01   4.0126366e+01   4.0967843e+01   4.9909959e+01   5.6244361e+01   4.5720136e+01   3.9397824e+01   3.7007698e+01   5.2541158e+01   5.1256357e+01   4.8422024e+01   5.0178427e+01   5.0139223e+01   5.4455430e+01   5.0916372e+01   5.3754209e+01   5.1802581e+01   4.6236471e+01   5.0183521e+01   4.6914788e+01   5.0290183e+01   4.0402829e+01   3.9177946e+01   5.0732936e+01   4.1428182e+01   4.5826603e+01   5.3392572e+01   4.4800141e+01
   6.3815530e+01   6.2833688e+01   5.1517743e+01   6.1503954e+01   5.0080845e+01   6.0999709e+01   6.9187260e+01   4.7557355e+01   5.9449103e+01   6.0647122e+01   6.3105750e+01   6.4114088e+01   6.3889320e+01   6.1171070e+01   5.1495011e+01   6.4979382e+01   4.8261017e+01   6.6335947e+01   5.7927532e+01   5.9200489e+01   6.1178118e+01   5.9446265e+01   6.1249438e+01   4.8048385e+01   5.9575434e+01   6.1668327e+01   5.8816398e+01   4.9765092e+01   5.8474596e+01   5.8913198e+01
  -3.2086870e+00  -4.1000663e+00  -7.8961706e+00  -9.9841020e+00  -7.4711827e+00  -3.4406812e+00  -1.9691099e+00  -3.9528471e+00  -6.5734134e+00  -5.8127738e+00  -1.3575789e+01  -7.0583356e+00  -8.1089637e+00  -3.3232629e+00  -7.8912144e+00  -1.9785714e+00  -6.7059537e+00  -4.9739660e+00  -5.1137084e+00  -1.5609839e+00  -5.4313661e+00  -1.6126948e+01  -5.3773831e+00  -4.2349777e+00  -1.1270420e+01  -1.3243219e+00  -4.7311896e+00  -7.3594987e+00  -3.2794615e+00  -1.6380349e+01
   1.1381961e+01  -1.2946649e+00   5.7925748e+00  -4.4707916e+00   6.0391511e+00   9.0657726e+00   1.0556323e+01   3.5009020e+00   8.6816556e+00   7.0840422e+00   6.6664179e+00   6.3038214e+00   5.6850151e+00   1.1280240e+01   5.7949009e+00   5.8657303e+00   6.4289053e+00  -4.1235404e+00  -2.0920263e+00   5.8455919e+00   9.4834263e+00   4.8579527e+00   7.4222574e+00   1.0456442e+01  -4.6963184e+00   6.7896375e+00   3.1115036e+00   1.2801349e+00   4.6301880e+00  -3.9121911e+00
   4.2313033e+01   2.6258651e+01   3.7310845e+01   3.6025799e+01   3.7468871e+01   4.3596228e+01   4.1388186e+01   3.6124530e+01   3.9503763e+01   3.3388078e+01   3.3105635e+01   3.9776681e+01   2.7626697e+01   3.7255862e+01   3.7307548e+01   3.2510882e+01   3.7659345e+01   3.5914072e+01   3.9315549e+01   2.7711329e+01   3.5279550e+01   3.8913474e+01   2.6632499e+01   3.1451512e+01   3.6139341e+01   4.1723642e+01   3.6001285e+01   2.6178826e+01   2.4962972e+01   3.5865392e+01
  -7.9216019e+01  -8.5497364e+01  -8.3871159e+01  -9.4302726e+01  -8.3768225e+01  -8.2249854e+01  -8.5080390e+01  -9.4215922e+01  -8.2154797e+01  -8.5811813e+01  -9.5271392e+01  -8.1894015e+01  -8.5940661e+01  -8.3910596e+01  -9.3545394e+01  -9.5388859e+01  -8.3679925e+01  -9.6461371e+01  -8.0203530e+01  -8.5961474e+01  -8.5073607e+01  -8.6907091e+01  -8.3390832e+01  -8.6176856e+01  -8.0852093e+01  -8.9762969e+01  -9.4241882e+01  -9.4197286e+01  -8.2602770e+01  -8.0996707e+01
  -8.2018991e+01  -8.2584606e+01  -8.1517567e+01  -8.3797183e+01  -8.6377255e+01  -8.0219474e+01  -8.2332439e+01  -8.3820720e+01  -7.8028557e+01  -9.4473686e+01  -8.1197041e+01  -7.9922691e+01  -8.2826867e+01  -8.6321654e+01  -8.3983852e+01  -8.3410393e+01  -7.7667192e+01  -8.2943630e+01  -7.8224593e+01  -7.9064979e+01  -9.1945916e+01  -9.4899298e+01  -7.7439981e+01  -8.2944720e+01  -7.8879512e+01  -8.4109720e+01  -8.3891301e+01  -8.3838356e+01  -8.5579476e+01  -8.3777773e+01
   5.1664613e+01   6.0917887e+01   5.7162078e+01   6.0236007e+01   5.9169112e+01   5.3007228e+01   6.1120926e+01   5.0662077e+01   6.4927513e+01   4.9184193e+01   5.6889041e+01   6.5133685e+01   6.0791912e+01   5.9200732e+01   5.0577179e+01   6.0447533e+01   6.0397971e+01   6.0721833e+01   5.4858078e+01   5.8892062e+01   5.9123699e+01   6.2640381e+01   6.0110382e+01   6.2858985e+01   5.9514381e+01   6.0078652e+01   6.3953587e+01   5.0644446e+01   6.3229846e+01   5.5321963e+01
   2.1239463e+01   2.2785457e+01   3.2737418e+01   3.2046102e+01   3.1405838e+01   3.0018199e+01   2.2965692e+01   3.0430138e+01   3.0862072e+01   3.0961373e+01   3.2636242e+01   3.8412912e+01   3.2410532e+01   3.1449652e+01   3.0479294e+01   3.2183443e+01   2.2509709e+01   2.2706815e+01   3.2249921e+01   2.1731330e+01   3.3545250e+01   2.9653495e+01   3.1944881e+01   3.4039665e+01   2.2046259e+01   3.1986879e+01   3.0462435e+01   3.2715366e+01   3.4377382e+01   3.0101496e+01
   5.5189637e+01   5.4786259e+01   5.7513794e+01   4.7317261e+01   5.8687759e+01   5.5781431e+01   5.6954734e+01   5.8116133e+01   5.9982486e+01   5.6263341e+01   4.7703518e+01   5.8118705e+01   5.2277588e+01   5.6583359e+01   5.5985701e+01   4.7404189e+01   5.4822395e+01   5.4770679e+01   4.7446393e+01   5.5026800e+01   5.3191462e+01   5.5633328e+01   5.6875475e+01   5.3369919e+01   5.4700980e+01   6.0708764e+01   5.6018715e+01   5.2611356e+01   5.3816377e+01   4.6262412e+01
   5.6352935e+01   5.6199734e+01   5.7927100e+01   4.3805550e+01   5.3877843e+01   4.7089361e+01   5.7490549e+01   5.8392767e+01   5.5514924e+01   5.9130542e+01   5.4917694e+01   6.0523746e+01   5.5146487e+01   5.2343497e+01   4.7194989e+01   4.6028766e+01   5.8310204e+01   4.6585386e+01   5.4970303e+01   5.6270048e+01   5.5438147e+01   5.8782780e+01   5.9559535e+01   4.6027761e+01   5.6100316e+01   6.3077959e+01   5.6786412e+01   5.5249591e+01   5.7839871e+01   5.7530974e+01
  -3.1555064e+01  -3.3794096e+01  -3.2550160e+01  -3.4111732e+01  -3.2825444e+01  -3.5512849e+01  -3.2889423e+01  -3.2181092e+01  -4.3763635e+01  -2.9401879e+01  -3.4529517e+01  -3.0146787e+01  -3.2253028e+01  -4.7035942e+01  -3.3237151e+01  -3.2875484e+01  -3.2226301e+01  -3.3083796e+01  -3.2341347e+01  -3.3737261e+01  -3.4239626e+01  -3.1811332e+01  -3.1120757e+01  -3.2850931e+01  -3.1711062e+01  -3.1389846e+01  -3.8412034e+01  -3.0570588e+01  -4.4454981e+01  -3.8053114e+01
  -8.9293521e+00  -1.2837698e+01  -2.3740277e+01  -1.3046249e+01  -1.7053031e+01  -1.1714949e+01  -1.2163868e+01  -9.4757513e+00  -1.4872243e+01  -1.3569048e+01  -1.3312414e+01  -9.6478423e+00  -9.5347003e+00  -1.3396127e+01  -1.0302584e+01  -2.1861621e+01  -1.1619320e+01  -1.2340180e+01  -9.6053537e+00  -1.7649955e+01  -1.3126381e+01  -1.1247920e+01  -1.5823176e+01  -2.5561636e+01  -2.0946846e+01  -1.0876581e+01  -1.4955056e+01  -1.4765081e+01  -1.2350218e+01  -1.2712559e+01
