   3.7996823e+01   3.7996802e+01   3.7996812e+01   3.7996803e+01   3.7996809e+01   3.7996803e+01   3.7996800e+01   3.7996806e+01   3.7996804e+01   3.7996802e+01   3.7996807e+01   3.7996803e+01   3.7996803e+01   3.7996804e+01   3.7996801e+01   3.7996789e+01   3.7996803e+01   3.7996802e+01   3.7996803e+01   3.7996801e+01   3.7996803e+01   3.7996780e+01   3.7996802e+01   3.7996799e+01   3.7996803e+01   3.7996803e+01   3.7996803e+01   3.7996803e+01   3.7996803e+01   3.7996799e+01
   4.9307614e+01   5.1899919e+01   4.9868553e+01   4.9142626e+01   5.2827669e+01   5.5398411e+01   4.9441596e+01   4.9208228e+01   5.1852541e+01   5.5400362e+01   5.3668081e+01   5.2483655e+01   5.2618427e+01   5.1073673e+01   4.9472307e+01   5.3851063e+01   5.3860885e+01   5.0728174e+01   5.1043332e+01   4.9590822e+01   5.3551616e+01   5.2267740e+01   4.9151921e+01   4.9136729e+01   5.1445826e+01   5.4852002e+01   5.5226035e+01   5.5226035e+01   5.2267702e+01   5.5225668e+01
   6.2223105e+01   6.6380901e+01   6.1241793e+01   6.3553259e+01   6.6352868e+01   6.3485497e+01   6.4629584e+01   6.3966533e+01   6.0153809e+01   6.3067188e+01   6.0455769e+01   6.0133613e+01   6.6382284e+01   6.0362469e+01   6.1838120e+01   6.0553605e+01   6.0560724e+01   6.0529907e+01   6.6155191e+01   6.1626239e+01   6.6128251e+01   6.3264774e+01   6.2901740e+01   6.3469578e+01   6.0235808e+01   6.1485718e+01   6.2216910e+01   6.2216910e+01   6.3264765e+01   6.2214910e+01
  -7.5137069e+01  -7.7691864e+01  -7.7557213e+01  -7.9591060e+01  -7.4855597e+01  -7.8260915e+01  -7.9288373e+01  -8.0079566e+01  -8.2071095e+01  -7.6634766e+01  -8.0325275e+01  -8.0419270e+01  -8.2159782e+01  -7.1373981e+01  -7.9575348e+01  -7.6428665e+01  -7.8726831e+01  -7.8611907e+01  -7.8729540e+01  -8.2696817e+01  -7.7215820e+01  -7.9748242e+01  -7.8021532e+01  -8.0582420e+01  -8.2880959e+01  -8.0197744e+01  -7.6738085e+01  -7.6738085e+01  -8.3317544e+01  -8.1808183e+01
  -4.2608219e+01  -4.6076799e+01  -4.2168062e+01  -4.3399190e+01  -2.6852561e+01  -4.1300786e+01  -3.0889821e+01  -3.8119477e+01  -4.1124750e+01  -4.6479353e+01  -3.4665324e+01  -3.1232548e+01  -4.0791100e+01  -3.9722359e+01  -3.8135420e+01  -2.7179301e+01  -3.1194403e+01  -3.2468808e+01  -4.8179216e+01  -4.6350508e+01  -2.3467573e+01  -2.1533570e+01  -3.4197107e+01  -3.3682945e+01  -3.0241035e+01  -2.3805310e+01  -4.1918731e+01  -4.1918731e+01  -3.2285808e+01  -2.3842252e+01
  -7.8390093e+01  -7.8558191e+01  -7.8556145e+01  -7.8700559e+01  -7.8369415e+01  -7.8609530e+01  -7.8689022e+01  -7.8753644e+01  -7.8905119e+01  -7.8485745e+01  -7.8771597e+01  -7.8780818e+01  -7.8927073e+01  -7.8121566e+01  -7.8696225e+01  -7.8496303e+01  -7.8656072e+01  -7.8651960e+01  -7.8654312e+01  -7.8948095e+01  -7.8530671e+01  -7.8733996e+01  -7.8590824e+01  -7.8801849e+01  -7.8975352e+01  -7.8768544e+01  -7.8493733e+01  -7.8493733e+01  -7.9019173e+01  -7.8892405e+01
   2.0035313e+01   1.9341222e+01   1.9371101e+01   1.8786546e+01   2.0071472e+01   1.9133725e+01   1.8832686e+01   1.8579283e+01   1.8004455e+01   1.9628361e+01   1.8520774e+01   1.8508523e+01   1.7925571e+01   2.1051991e+01   1.8796633e+01   1.9677158e+01   1.8989510e+01   1.9041868e+01   1.9030129e+01   1.7837271e+01   1.9463339e+01   1.8701920e+01   1.9205211e+01   1.8446547e+01   1.7735167e+01   1.8531725e+01   1.9593198e+01   1.9593198e+01   1.7634476e+01   1.8063327e+01
  -8.6313403e+01  -9.0717587e+01  -9.0430469e+01  -9.3750986e+01  -8.5814919e+01  -9.1634047e+01  -9.3240772e+01  -9.4514063e+01  -9.7492887e+01  -8.8908302e+01  -9.4884545e+01  -9.5036167e+01  -9.7628586e+01  -7.9434718e+01  -9.3684163e+01  -8.8630391e+01  -9.2337015e+01  -9.2154791e+01  -9.2406217e+01  -9.8387886e+01  -8.9859810e+01  -9.3978550e+01  -9.1192683e+01  -9.5257078e+01  -9.8720117e+01  -9.4692498e+01  -8.9069684e+01  -8.9069684e+01  -9.9268200e+01  -9.7090966e+01
   2.5018690e+01   2.8766942e+01   3.3202858e+01   3.1121094e+01   2.9904198e+01   2.8788535e+01   2.1151469e+01   2.1537887e+01   2.6620973e+01   3.0044845e+01   2.6329752e+01   3.0434046e+01   2.8446137e+01   3.3836922e+01   1.9802570e+01   3.2144428e+01   1.7810069e+01   3.3039759e+01   3.6572134e+01   3.0215861e+01   1.9792813e+01   3.4837847e+01   3.7571406e+01   3.0958387e+01   3.2066944e+01   2.7139567e+01   3.9723754e+01   3.9723754e+01   2.3079385e+01   3.6269930e+01
   5.3278278e+01   5.3278094e+01   5.3278094e+01   5.3278093e+01   5.3278094e+01   5.3278094e+01   5.3278094e+01   5.3278400e+01   5.3278108e+01   5.3278094e+01   5.3278093e+01   5.3278093e+01   5.3278094e+01   5.3278095e+01   5.3278094e+01   5.3278043e+01   5.3278095e+01   5.3278095e+01   5.3277789e+01   5.3278092e+01   5.3278094e+01   5.3278094e+01   5.3278093e+01   5.3278079e+01   5.3278094e+01   5.3278095e+01   5.3278094e+01   5.3278094e+01   5.3278095e+01   5.3278086e+01
  -7.4030157e+01  -7.1956510e+01  -7.3050545e+01  -7.4781971e+01  -7.1984150e+01  -7.4851140e+01  -7.6438233e+01  -7.4372802e+01  -7.1962006e+01  -7.4889014e+01  -7.7881756e+01  -7.1942012e+01  -7.1952499e+01  -7.7975253e+01  -7.3645940e+01  -7.2364483e+01  -7.2368924e+01  -7.7807741e+01  -7.7962314e+01  -7.6710382e+01  -7.7937089e+01  -7.5042291e+01  -7.4708087e+01  -7.5264134e+01  -7.8101902e+01  -7.6854672e+01  -7.4025088e+01  -7.4025088e+01  -7.5072946e+01  -7.6121804e+01
   8.8458581e+00   8.8458988e+00   8.8459087e+00   8.8459027e+00   8.8458977e+00   8.8459120e+00   8.8458980e+00   8.8458964e+00   8.8459084e+00   8.8458978e+00   8.8458979e+00   8.8458971e+00   8.8458880e+00   8.8458977e+00   8.8459069e+00   8.8458994e+00   8.8458978e+00   8.8458969e+00   8.8459086e+00   8.8458981e+00   8.8458970e+00   8.8458626e+00   8.8458977e+00   8.8461554e+00   8.8458978e+00   8.8458979e+00   8.8458977e+00   8.8458977e+00   8.8459206e+00   8.8458979e+00
   3.3004417e+01   3.3004413e+01   3.3004414e+01   3.3004414e+01   3.3004414e+01   3.3004403e+01   3.3004414e+01   3.3004428e+01   3.3004449e+01   3.3004414e+01   3.3004414e+01   3.3004420e+01   3.3004417e+01   3.3004414e+01   3.3004413e+01   3.3004405e+01   3.3004414e+01   3.3004396e+01   3.3004415e+01   3.3004413e+01   3.3004409e+01   3.3004416e+01   3.3004414e+01   3.3004414e+01   3.3004402e+01   3.3004390e+01   3.3004414e+01   3.3004414e+01   3.3004414e+01   3.3004404e+01
  -6.9704654e+00  -8.9418424e+00  -1.9403699e+01  -1.3198188e+01  -1.3201469e+01  -1.1814172e+01  -1.3045850e+01  -1.1040407e+01  -1.4277909e+01  -2.5573836e+00  -9.5391635e+00  -1.9086076e+01  -9.3646347e+00   1.8131434e+00  -1.0193791e+01  -2.3503085e+01  -8.3857011e+00  -2.4099204e+01  -5.8420040e+00  -1.3023337e+01  -9.9788277e+00  -1.7018760e+01  -2.4217002e+01  -2.4277942e+00  -1.1895953e+01  -8.0852152e+00   2.1036295e+00   2.1036295e+00  -1.7452136e+01  -1.2230167e+01
   7.9584614e+01   7.9584857e+01   7.9584833e+01   7.9584868e+01   7.9584846e+01   7.9584817e+01   7.9584857e+01   7.9584849e+01   7.9584871e+01   7.9584859e+01   7.9584856e+01   7.9584857e+01   7.9584857e+01   7.9584857e+01   7.9584858e+01   7.9585021e+01   7.9584858e+01   7.9584858e+01   7.9584855e+01   7.9584857e+01   7.9584857e+01   7.9584881e+01   7.9584838e+01   7.9584857e+01   7.9584858e+01   7.9584869e+01   7.9584856e+01   7.9584856e+01   7.9584857e+01   7.9584857e+01
  -1.7314632e+01  -1.7314635e+01  -1.7314633e+01  -1.7314630e+01  -1.7314633e+01  -1.7314634e+01  -1.7314635e+01  -1.7314581e+01  -1.7314628e+01  -1.7314632e+01  -1.7314632e+01  -1.7314632e+01  -1.7314624e+01  -1.7314632e+01  -1.7314632e+01  -1.7314770e+01  -1.7314633e+01  -1.7314634e+01  -1.7314705e+01  -1.7314635e+01  -1.7314650e+01  -1.7314613e+01  -1.7314633e+01  -1.7314633e+01  -1.7314631e+01  -1.7314632e+01  -1.7314633e+01  -1.7314633e+01  -1.7314632e+01  -1.7314629e+01
   3.5916536e+01   3.2583889e+01   3.5356325e+01   3.6081514e+01   3.2398219e+01   3.6087117e+01   3.0130479e+01   2.9897010e+01   3.3370994e+01   3.6089124e+01   3.1556281e+01   3.2740087e+01   3.2609863e+01   3.1761523e+01   3.5751661e+01   3.4539950e+01   3.1363251e+01   3.4496043e+01   3.4182954e+01   3.5633604e+01   3.4242118e+01   3.2956633e+01   2.9839139e+01   3.6086925e+01   3.2134506e+01   3.0373119e+01   3.5914854e+01   3.5914854e+01   3.2956417e+01   2.9998753e+01
  -1.9946755e+01  -1.7447821e+01  -1.4658334e+01  -2.1135157e+01  -2.7429377e+01  -2.3012465e+01  -1.9766141e+01  -1.7848041e+01  -1.9219539e+01  -1.8722152e+01  -2.6352213e+01  -2.3197126e+01  -2.4361226e+01  -2.6554004e+01  -1.1051314e+01  -1.5507262e+01  -1.4722350e+01  -1.2799817e+01  -1.8229599e+01  -1.3064958e+01  -1.7118469e+01  -2.4432026e+01  -1.2266827e+01  -2.9415835e+01  -2.8980580e+01  -2.7017403e+01  -2.4856177e+01  -2.4856177e+01  -4.8550829e+00  -2.8615375e+01
   4.6614757e+01   4.5255924e+01   4.5321985e+01   4.4202077e+01   4.6758218e+01   4.4923252e+01   4.4342173e+01   4.3900012e+01   4.2777563e+01   4.5823853e+01   4.3730394e+01   4.3723689e+01   4.2658881e+01   4.8597325e+01   4.4217866e+01   4.5932404e+01   4.4655493e+01   4.4737593e+01   4.4672682e+01   4.2427970e+01   4.5496859e+01   4.4058018e+01   4.5043746e+01   4.3616726e+01   4.2262681e+01   4.3793209e+01   4.5771014e+01   4.5771014e+01   4.2055394e+01   4.2920502e+01
  -3.8614492e+01  -3.8944829e+01  -3.8932286e+01  -3.9229919e+01  -3.8573546e+01  -3.9049954e+01  -3.9204739e+01  -3.9335059e+01  -3.9633704e+01  -3.8804628e+01  -3.9365227e+01  -3.9381197e+01  -3.9677566e+01  -3.8078584e+01  -3.9222120e+01  -3.8804602e+01  -3.9128750e+01  -3.9133837e+01  -3.9113708e+01  -3.9717661e+01  -3.8890467e+01  -3.9289109e+01  -3.9013200e+01  -3.9411654e+01  -3.9771077e+01  -3.9360976e+01  -3.8820139e+01  -3.8820139e+01  -3.9830174e+01  -3.9608158e+01
