  -5.2412661e+01  -5.2412661e+01  -5.2412661e+01  -5.2412661e+01  -5.2412661e+01  -5.2412661e+01  -5.2412661e+01  -5.2412661e+01  -5.2412661e+01  -5.2412661e+01  -5.2412661e+01  -5.2412661e+01  -5.2412661e+01  -5.2412661e+01  -5.2412661e+01  -5.2412661e+01  -5.2412661e+01  -5.2412661e+01  -5.2412661e+01  -5.2412661e+01  -5.2412661e+01  -5.2412661e+01  -5.2412661e+01  -5.2412661e+01  -5.2412661e+01  -5.2412661e+01  -5.2412661e+01  -5.2412661e+01  -5.2412661e+01  -5.2412661e+01
   1.1168315e+01   1.1168315e+01   1.1168315e+01   1.1168315e+01   1.1168315e+01   1.1168315e+01   1.1168315e+01   1.1168315e+01   1.1168315e+01   1.1168315e+01   1.1168315e+01   1.1168315e+01   1.1168315e+01   1.1168315e+01   1.1168315e+01   1.1168315e+01   1.1168315e+01   1.1168315e+01   1.1168315e+01   1.1168315e+01   1.1168315e+01   1.1168315e+01   1.1168315e+01   1.1168315e+01   1.1168315e+01   1.1168315e+01   1.1168315e+01   1.1168315e+01   1.1168315e+01   1.1168315e+01
   2.3054565e+01   2.3054565e+01   2.3054565e+01   2.3054565e+01   2.3054565e+01   2.3054565e+01   2.3054565e+01   2.3054565e+01   2.3054565e+01   2.3054565e+01   2.3054565e+01   2.3054565e+01   2.3054565e+01   2.3054565e+01   2.3054565e+01   2.3054565e+01   2.3054565e+01   2.3054565e+01   2.3054565e+01   2.3054565e+01   2.3054565e+01   2.3054565e+01   2.3054565e+01   2.3054565e+01   2.3054565e+01   2.3054565e+01   2.3054565e+01   2.3054565e+01   2.3054565e+01   2.3054565e+01
   3.5083478e+01   3.5083478e+01   3.5083478e+01   3.5083478e+01   3.5083478e+01   3.5083478e+01   3.5083478e+01   3.5083478e+01   3.5083478e+01   3.5083478e+01   3.5083478e+01   3.5083478e+01   3.5083478e+01   3.5083478e+01   3.5083478e+01   3.5083478e+01   3.5083478e+01   3.5083478e+01   3.5083478e+01   3.5083478e+01   3.5083478e+01   3.5083478e+01   3.5083478e+01   3.5083478e+01   3.5083478e+01   3.5083478e+01   3.5083478e+01   3.5083478e+01   3.5083478e+01   3.5083478e+01
   3.0489352e+01   3.0489352e+01   3.0489352e+01   3.0489352e+01   3.0489352e+01   3.0489352e+01   3.0489352e+01   3.0489352e+01   3.0489352e+01   3.0489352e+01   3.0489352e+01   3.0489352e+01   3.0489352e+01   3.0489352e+01   3.0489352e+01   3.0489352e+01   3.0489352e+01   3.0489352e+01   3.0489352e+01   3.0489352e+01   3.0489352e+01   3.0489352e+01   3.0489352e+01   3.0489352e+01   3.0489352e+01   3.0489352e+01   3.0489352e+01   3.0489352e+01   3.0489352e+01   3.0489352e+01
  -3.6035275e+01  -3.6035275e+01  -3.6035275e+01  -3.6035275e+01  -3.6035275e+01  -3.6035275e+01  -3.6035275e+01  -3.6035275e+01  -3.6035275e+01  -3.6035275e+01  -3.6035275e+01  -3.6035275e+01  -3.6035275e+01  -3.6035275e+01  -3.6035275e+01  -3.6035275e+01  -3.6035275e+01  -3.6035275e+01  -3.6035275e+01  -3.6035275e+01  -3.6035275e+01  -3.6035275e+01  -3.6035275e+01  -3.6035275e+01  -3.6035275e+01  -3.6035275e+01  -3.6035275e+01  -3.6035275e+01  -3.6035275e+01  -3.6035275e+01
  -6.9155831e+01  -6.9155831e+01  -6.9155831e+01  -6.9155831e+01  -6.9155831e+01  -6.9155831e+01  -6.9155831e+01  -6.9155831e+01  -6.9155831e+01  -6.9155831e+01  -6.9155831e+01  -6.9155831e+01  -6.9155831e+01  -6.9155831e+01  -6.9155831e+01  -6.9155831e+01  -6.9155831e+01  -6.9155831e+01  -6.9155831e+01  -6.9155831e+01  -6.9155831e+01  -6.9155831e+01  -6.9155831e+01  -6.9155831e+01  -6.9155831e+01  -6.9155831e+01  -6.9155831e+01  -6.9155831e+01  -6.9155831e+01  -6.9155831e+01
   2.9721181e+01   2.9721181e+01   2.9721181e+01   2.9721181e+01   2.9721181e+01   2.9721181e+01   2.9721181e+01   2.9721181e+01   2.9721181e+01   2.9721181e+01   2.9721181e+01   2.9721181e+01   2.9721181e+01   2.9721181e+01   2.9721181e+01   2.9721181e+01   2.9721181e+01   2.9721181e+01   2.9721181e+01   2.9721181e+01   2.9721181e+01   2.9721181e+01   2.9721181e+01   2.9721181e+01   2.9721181e+01   2.9721181e+01   2.9721181e+01   2.9721181e+01   2.9721181e+01   2.9721181e+01
   1.2844307e+01   1.2844307e+01   1.2844307e+01   1.2844307e+01   1.2844307e+01   1.2844307e+01   1.2844307e+01   1.2844307e+01   1.2844307e+01   1.2844307e+01   1.2844307e+01   1.2844307e+01   1.2844307e+01   1.2844307e+01   1.2844307e+01   1.2844307e+01   1.2844307e+01   1.2844307e+01   1.2844307e+01   1.2844307e+01   1.2844307e+01   1.2844307e+01   1.2844307e+01   1.2844307e+01   1.2844307e+01   1.2844307e+01   1.2844307e+01   1.2844307e+01   1.2844307e+01   1.2844307e+01
   7.7867542e+01   7.7867542e+01   7.7867542e+01   7.7867542e+01   7.7867542e+01   7.7867542e+01   7.7867542e+01   7.7867542e+01   7.7867542e+01   7.7867542e+01   7.7867542e+01   7.7867542e+01   7.7867542e+01   7.7867542e+01   7.7867542e+01   7.7867542e+01   7.7867542e+01   7.7867542e+01   7.7867542e+01   7.7867542e+01   7.7867542e+01   7.7867542e+01   7.7867542e+01   7.7867542e+01   7.7867542e+01   7.7867542e+01   7.7867542e+01   7.7867542e+01   7.7867542e+01   7.7867542e+01
  -5.5393421e+01  -5.5393421e+01  -5.5393421e+01  -5.5393421e+01  -5.5393421e+01  -5.5393421e+01  -5.5393421e+01  -5.5393421e+01  -5.5393421e+01  -5.5393421e+01  -5.5393421e+01  -5.5393421e+01  -5.5393421e+01  -5.5393421e+01  -5.5393421e+01  -5.5393421e+01  -5.5393421e+01  -5.5393421e+01  -5.5393421e+01  -5.5393421e+01  -5.5393421e+01  -5.5393421e+01  -5.5393421e+01  -5.5393421e+01  -5.5393421e+01  -5.5393421e+01  -5.5393421e+01  -5.5393421e+01  -5.5393421e+01  -5.5393421e+01
  -2.8617738e+00  -2.8617738e+00  -2.8617738e+00  -2.8617738e+00  -2.8617738e+00  -2.8617738e+00  -2.8617738e+00  -2.8617738e+00  -2.8617738e+00  -2.8617738e+00  -2.8617738e+00  -2.8617738e+00  -2.8617738e+00  -2.8617738e+00  -2.8617738e+00  -2.8617738e+00  -2.8617738e+00  -2.8617738e+00  -2.8617738e+00  -2.8617738e+00  -2.8617738e+00  -2.8617738e+00  -2.8617738e+00  -2.8617738e+00  -2.8617738e+00  -2.8617738e+00  -2.8617738e+00  -2.8617738e+00  -2.8617738e+00  -2.8617738e+00
  -5.2938744e-01  -5.2938744e-01  -5.2938744e-01  -5.2938744e-01  -5.2938744e-01  -5.2938744e-01  -5.2938744e-01  -5.2938744e-01  -5.2938744e-01  -5.2938744e-01  -5.2938744e-01  -5.2938744e-01  -5.2938744e-01  -5.2938744e-01  -5.2938744e-01  -5.2938744e-01  -5.2938744e-01  -5.2938744e-01  -5.2938744e-01  -5.2938744e-01  -5.2938744e-01  -5.2938744e-01  -5.2938744e-01  -5.2938744e-01  -5.2938744e-01  -5.2938744e-01  -5.2938744e-01  -5.2938744e-01  -5.2938744e-01  -5.2938744e-01
   7.1437135e+01   7.1437135e+01   7.1437135e+01   7.1437135e+01   7.1437135e+01   7.1437135e+01   7.1437135e+01   7.1437135e+01   7.1437135e+01   7.1437135e+01   7.1437135e+01   7.1437135e+01   7.1437135e+01   7.1437135e+01   7.1437135e+01   7.1437135e+01   7.1437135e+01   7.1437135e+01   7.1437135e+01   7.1437135e+01   7.1437135e+01   7.1437135e+01   7.1437135e+01   7.1437135e+01   7.1437135e+01   7.1437135e+01   7.1437135e+01   7.1437135e+01   7.1437135e+01   7.1437135e+01
   4.8099088e+01   4.8099088e+01   4.8099088e+01   4.8099088e+01   4.8099088e+01   4.8099088e+01   4.8099088e+01   4.8099088e+01   4.8099088e+01   4.8099088e+01   4.8099088e+01   4.8099088e+01   4.8099088e+01   4.8099088e+01   4.8099088e+01   4.8099088e+01   4.8099088e+01   4.8099088e+01   4.8099088e+01   4.8099088e+01   4.8099088e+01   4.8099088e+01   4.8099088e+01   4.8099088e+01   4.8099088e+01   4.8099088e+01   4.8099088e+01   4.8099088e+01   4.8099088e+01   4.8099088e+01
   1.4357304e+01   1.4357304e+01   1.4357304e+01   1.4357304e+01   1.4357304e+01   1.4357304e+01   1.4357304e+01   1.4357304e+01   1.4357304e+01   1.4357304e+01   1.4357304e+01   1.4357304e+01   1.4357304e+01   1.4357304e+01   1.4357304e+01   1.4357304e+01   1.4357304e+01   1.4357304e+01   1.4357304e+01   1.4357304e+01   1.4357304e+01   1.4357304e+01   1.4357304e+01   1.4357304e+01   1.4357304e+01   1.4357304e+01   1.4357304e+01   1.4357304e+01   1.4357304e+01   1.4357304e+01
  -1.8913574e+01  -1.8913574e+01  -1.8913574e+01  -1.8913574e+01  -1.8913574e+01  -1.8913574e+01  -1.8913574e+01  -1.8913574e+01  -1.8913574e+01  -1.8913574e+01  -1.8913574e+01  -1.8913574e+01  -1.8913574e+01  -1.8913574e+01  -1.8913574e+01  -1.8913574e+01  -1.8913574e+01  -1.8913574e+01  -1.8913574e+01  -1.8913574e+01  -1.8913574e+01  -1.8913574e+01  -1.8913574e+01  -1.8913574e+01  -1.8913574e+01  -1.8913574e+01  -1.8913574e+01  -1.8913574e+01  -1.8913574e+01  -1.8913574e+01
   5.9710314e+01   5.9710314e+01   5.9710314e+01   5.9710314e+01   5.9710314e+01   5.9710314e+01   5.9710314e+01   5.9710314e+01   5.9710314e+01   5.9710314e+01   5.9710314e+01   5.9710314e+01   5.9710314e+01   5.9710314e+01   5.9710314e+01   5.9710314e+01   5.9710314e+01   5.9710314e+01   5.9710314e+01   5.9710314e+01   5.9710314e+01   5.9710314e+01   5.9710314e+01   5.9710314e+01   5.9710314e+01   5.9710314e+01   5.9710314e+01   5.9710314e+01   5.9710314e+01   5.9710314e+01
  -5.4051256e+01  -5.4051256e+01  -5.4051256e+01  -5.4051256e+01  -5.4051256e+01  -5.4051256e+01  -5.4051256e+01  -5.4051256e+01  -5.4051256e+01  -5.4051256e+01  -5.4051256e+01  -5.4051256e+01  -5.4051256e+01  -5.4051256e+01  -5.4051256e+01  -5.4051256e+01  -5.4051256e+01  -5.4051256e+01  -5.4051256e+01  -5.4051256e+01  -5.4051256e+01  -5.4051256e+01  -5.4051256e+01  -5.4051256e+01  -5.4051256e+01  -5.4051256e+01  -5.4051256e+01  -5.4051256e+01  -5.4051256e+01  -5.4051256e+01
  -1.9882849e+01  -1.9882849e+01  -1.9882849e+01  -1.9882849e+01  -1.9882849e+01  -1.9882849e+01  -1.9882849e+01  -1.9882849e+01  -1.9882849e+01  -1.9882849e+01  -1.9882849e+01  -1.9882849e+01  -1.9882849e+01  -1.9882849e+01  -1.9882849e+01  -1.9882849e+01  -1.9882849e+01  -1.9882849e+01  -1.9882849e+01  -1.9882849e+01  -1.9882849e+01  -1.9882849e+01  -1.9882849e+01  -1.9882849e+01  -1.9882849e+01  -1.9882849e+01  -1.9882849e+01  -1.9882849e+01  -1.9882849e+01  -1.9882849e+01
