  -5.7561708e-10   4.8073586e-10  -5.8494409e-10  -9.3150823e-10  -3.9518967e-10   6.9975638e-11   1.5359069e-09   1.9228131e-09  -4.0519558e-10   1.5724267e-09   1.2696927e-10   8.7602341e-10  -2.0442994e-09  -1.4041049e-09   6.0026560e-11   7.6962935e-10  -1.9204889e-09  -1.4414732e-10   1.4615013e-09  -1.2337221e-09  -5.5240714e-10  -1.6589182e-09   2.8300272e-11   7.2664801e-10  -1.6012912e-11   1.0676838e-11  -4.7799410e-10  -6.5774613e-10  -6.9763854e-11   2.0086058e-09
  -3.4374311e-08  -2.1410638e-08   5.9229504e-09  -2.1810798e-08   1.8275916e-08  -3.0664376e-10   3.6919216e-08  -4.3061134e-08   1.3352804e-08   1.2692621e-08   9.3732460e-08   1.5641503e-08  -4.3334755e-08  -5.8012690e-09   2.0082283e-08  -8.6970202e-09   3.3202656e-08  -4.1215792e-09   7.5304928e-09   9.3974029e-09   1.9950816e-08  -9.1015563e-08  -1.1773801e-08  -1.0404819e-08   1.0424702e-09   4.1366805e-08   2.2014790e-08   5.9493361e-08  -1.4751693e-09   1.9315029e-08
   5.1136360e-10   1.0241433e-09   4.3763381e-09   1.6220182e-09   7.2530817e-10  -2.6741165e-10   8.0434264e-10  -9.1138415e-09  -5.9237576e-10  -5.7824772e-09  -1.2297885e-09   1.9678491e-09   3.7469113e-09  -2.1277352e-09  -3.6438594e-10  -2.8231001e-10  -1.8227728e-09   2.0994055e-10  -6.2283785e-09   6.5420808e-09  -6.9536523e-10   5.6693376e-11  -2.1386136e-10   1.7638522e-10  -1.6542263e-11   1.7112959e-10  -1.4483804e-09  -1.0752149e-09  -6.9904310e-10  -1.4924926e-09
  -9.6900685e-09  -5.7801990e-09  -2.5526724e-09  -7.4268162e-09  -5.7313667e-09   4.4976385e-10   2.5336272e-09   2.7559960e-10   2.5229201e-10  -2.6330654e-09   5.5727604e-09   1.1267424e-08   1.6694495e-09  -1.0091098e-09  -1.4464071e-09   2.7550505e-10  -2.5349201e-09  -9.3786689e-11   7.3847077e-10   4.6995180e-09  -2.7015368e-10  -2.8315152e-10  -7.4475488e-10   1.1646810e-09   3.6310326e-11   2.1454895e-09   1.4188406e-09  -1.6240592e-09  -1.6749673e-09  -9.4756610e-10
   1.1990140e-09   4.5794169e-09   4.0924449e-10   3.3132130e-09   2.8746411e-09  -3.1893834e-10   1.4172492e-09  -8.5941860e-10   1.0257336e-10   3.0923448e-09  -4.9044538e-09  -6.4391431e-09  -1.6047085e-10  -3.8408579e-10  -3.4060797e-10   2.1545096e-10  -3.0975622e-09   2.1924926e-10   1.3083411e-09   2.8449258e-09  -6.2222727e-10   7.9507583e-09  -1.6870019e-09   3.6078123e-09  -4.8099909e-11   2.2878595e-09  -2.5117582e-09   4.4874881e-09   2.0591251e-09   2.5887261e-09
   6.3777132e-09   5.0951080e-07  -4.2695930e-07   1.4617000e-07  -1.9966486e-07   4.6262487e-08   3.2648311e-07  -5.8490478e-07  -1.1795380e-07   3.9299680e-07  -6.7321282e-07  -3.2803915e-07   1.5948560e-09   3.6760674e-07  -4.9717552e-08   8.8648441e-08  -7.7257032e-08   5.0057593e-08   6.9045360e-07   5.3824728e-07   4.9070868e-08  -4.0181804e-07   9.6525165e-08  -1.5216408e-07   6.3779039e-10   2.4882096e-07   1.9243356e-07  -7.4443378e-08  -4.9236325e-08   4.1870646e-07
   4.5797547e-09  -1.1620688e-08  -9.5848532e-09  -8.3181523e-09  -2.9543874e-09   2.4602212e-09  -4.2165279e-09  -3.9763365e-09   5.5925674e-11   1.6020115e-08  -9.8852451e-09   1.6366119e-08  -7.6633687e-10   1.9099288e-08   9.3529976e-09   1.5077869e-09  -3.0135047e-09   2.5832550e-09  -1.7279693e-08   2.3398547e-08   9.6883788e-09  -1.3706533e-08   3.5535462e-09   5.8776389e-08   5.4812382e-11  -9.5138569e-09  -1.6893179e-09  -2.1713654e-08  -1.4108483e-09   2.8809147e-08
   3.6712748e-10  -6.3867966e-10  -7.6440530e-10   3.9184668e-10   3.1191645e-09   3.5923884e-10  -1.5198953e-10  -4.0905236e-09  -1.0046621e-09  -2.6871963e-09  -7.6804651e-10  -5.7317865e-09   3.0873800e-09   3.3584484e-09  -7.6555834e-10   6.5331751e-10   6.8191039e-10   1.4460527e-11  -1.1791152e-09  -1.4727145e-09  -1.0783202e-09   5.4256495e-09   1.3971842e-10  -2.1545792e-09   1.0075254e-11  -6.0321401e-09  -2.6897041e-10   3.9024450e-10   7.3974145e-10   2.1127563e-09
  -1.7112134e-07   7.3839161e-07  -6.8088426e-07  -2.6870854e-07   3.6055433e-07   1.9519111e-08   5.0107685e-08  -3.2453372e-07   3.9601934e-08   8.4044069e-08  -5.6416963e-07   7.8687042e-08  -2.9410387e-08   5.0206689e-07   8.2993601e-08   3.4823911e-07   1.5796349e-07  -1.9043391e-08   9.4841487e-08   3.9200941e-07   4.5287641e-07  -1.9346547e-07  -8.9654223e-08  -1.8103099e-08  -1.8607990e-10   3.8589679e-07  -4.5609244e-08   7.6425142e-08  -1.1711717e-07   3.0254594e-07
   9.0462180e-09   1.3621590e-09   2.6973751e-09   5.3414654e-09   3.1175806e-09  -2.5111172e-10  -3.9691518e-09   2.9188989e-09  -1.4581609e-10  -7.7282272e-10  -2.5741585e-09  -4.5625835e-09  -2.1915533e-09   1.5805215e-09   1.6744613e-09  -1.2422539e-10   5.8060480e-09  -1.5579994e-10  -7.9974308e-10  -8.9187152e-09   4.2453797e-10  -6.6675365e-09   1.8672170e-09  -3.4997507e-09  -6.5027695e-12  -2.7555513e-09   5.7098827e-10  -7.0271003e-11  -2.4077355e-11  -1.5326224e-09
  -1.4813950e-09   2.1826154e-09  -2.0530561e-09  -2.4182479e-10   2.2079840e-10   1.1268617e-10   3.3674579e-09  -5.5036481e-10   4.7951701e-10   1.4011705e-09  -4.4242075e-09  -8.4371570e-10   9.1671659e-10  -3.7774764e-10  -3.4128238e-10   1.3168157e-10  -6.6397120e-09   1.7778015e-10   1.9103926e-10   5.8226466e-09  -1.6412685e-09   1.1187296e-08  -1.8745096e-09   3.8301557e-09  -5.9655309e-11   2.6308199e-09  -4.1885281e-09   3.9288133e-09   1.0377969e-09   2.2271065e-09
   2.0145139e-10   4.6798949e-10   2.0574845e-09   6.8732180e-10  -1.5728276e-09  -3.4113277e-10  -4.2744720e-10  -1.0245771e-09   6.6483361e-10  -7.6605802e-10   6.4511435e-11   3.7835467e-09   1.4870053e-10  -2.0619600e-09   3.4969154e-10  -8.7833767e-10  -1.7359212e-11   1.2365084e-10  -1.7996210e-09   3.4629979e-09   7.5424302e-10  -2.6084867e-09  -1.6541191e-10   1.0605789e-09  -3.3263621e-12   3.8757136e-09  -1.7266416e-11  -2.3762804e-10  -6.4016833e-10  -2.7727354e-09
   2.6464408e-08   1.4223023e-08   1.7376507e-09   1.6641785e-08   1.4016548e-08  -9.7085858e-10  -3.6985563e-09   7.0857950e-09   1.0573042e-09   4.0022549e-09  -1.8731929e-08  -1.7544502e-08  -4.2343440e-09   5.8417298e-09   3.1443567e-09   7.9760803e-10   1.1535436e-09   3.6192021e-10   2.5136835e-09  -1.7204337e-08  -2.1890955e-09   8.8996844e-09   1.8100368e-10   1.9935777e-09  -1.8532880e-10   1.4231438e-09  -7.4561696e-09   1.2329251e-08   4.3633853e-09   1.9147371e-09
  -1.0922200e-07   1.5280578e-07  -2.1605171e-07   1.9463703e-07  -1.1147135e-07   3.3318325e-08  -1.6803680e-07   4.6651078e-07   2.9131726e-09   1.5886467e-07   1.4152198e-07   1.6524894e-08   7.6602641e-08  -4.0298577e-07  -5.1884315e-08  -1.1824589e-07  -4.6652408e-08   1.4266211e-09   1.1229255e-07  -8.5359147e-08  -4.0596795e-07  -6.1810544e-08  -9.7710222e-09   1.1631900e-07   3.4384543e-09   2.1937535e-07   4.9458272e-08  -1.9543368e-07   3.2596105e-08   2.5043352e-08
   1.8808557e-08   1.6332149e-08   9.0729105e-09  -1.5132593e-09   1.1578956e-08  -1.2834037e-09  -2.1064928e-09   1.8414212e-08   1.3455908e-09   2.2800205e-08   3.7067124e-08   1.4693834e-08  -3.1001579e-09  -5.9368484e-09  -4.8900456e-09   6.9012382e-09   3.1995923e-08  -2.9095411e-09   1.0296831e-08  -1.6130015e-08   5.6852158e-10   1.1788133e-08  -5.6679213e-09   8.8999047e-09  -2.1231644e-10   4.3260322e-08   8.7874248e-09   1.6993476e-08  -7.0694709e-09  -5.1160111e-09
   1.3877903e-08  -4.3991330e-08   4.3227474e-08  -7.5379877e-08  -7.0118415e-08   1.0169127e-08  -5.7335061e-08   8.4206532e-09   1.9034471e-08  -4.9726738e-08  -2.0147454e-08   6.3552496e-08   6.5302621e-08  -5.0682238e-08   2.9839884e-08  -8.9209093e-08   1.5788149e-08   9.5189895e-09  -1.1078160e-07  -4.8651790e-08   7.1638260e-09   9.2002428e-10   4.6766375e-08  -1.1699037e-08   6.1219474e-10   2.2338996e-08   7.2358195e-08   6.0434199e-08   1.0745943e-08  -6.0727174e-08
   2.9665891e-08  -4.6039926e-07   1.9729621e-07   2.5647113e-07   8.3773867e-08  -1.7345895e-08  -2.5220375e-07   3.7008624e-07   1.5807176e-07  -6.4930513e-07   2.0823108e-07   3.1228400e-07  -2.7652195e-08   2.6024670e-07  -9.5893802e-08  -2.1854205e-08  -1.3398686e-07   2.2020922e-09  -3.8266991e-07  -9.5299019e-08   1.4956626e-07  -5.3736589e-07  -1.1030681e-07  -5.5797238e-07   1.7209133e-09   2.9251409e-07  -7.4815297e-08   6.4635839e-08   2.8765034e-08   6.1623017e-08
   7.3649352e-09   6.5949404e-09  -1.0937148e-08   1.0117686e-08   2.5048231e-09   5.9272068e-10   6.9700671e-09   1.3460867e-08   6.7264483e-09   2.9208551e-08  -1.7181277e-09   1.7400094e-09   1.2060687e-08  -9.7300418e-09  -1.3272606e-09   1.2901828e-09   2.2296088e-09  -1.1649979e-08  -5.7774939e-09  -1.0065600e-08   6.9672918e-09  -1.6252845e-08   2.4456567e-09  -6.3204643e-10   1.2752804e-10   3.2679571e-08   1.0374267e-08  -1.2906212e-08  -3.4603063e-09   2.2003139e-09
  -6.2027458e-11  -3.7896247e-09  -6.5521076e-09   9.3176222e-09   3.0395069e-09   6.3989492e-10  -7.4128775e-09   1.0573304e-08  -1.7300970e-09   1.2429059e-08  -6.6849006e-10   1.9382265e-08   1.0103972e-08   1.8052352e-08   3.4087861e-09  -1.0605175e-08  -2.1071997e-08  -1.0898868e-09   1.5567870e-08  -5.2764045e-09   8.3062696e-09  -1.8343269e-08   5.3659505e-09  -1.1191283e-08   4.6956196e-11  -7.7236043e-09   1.7198410e-09  -8.3358153e-09   1.6025767e-09   5.0458573e-09
  -5.7387221e-09   1.7409071e-09  -4.9273854e-10  -6.7805183e-10   3.6844596e-10  -3.2763202e-10   2.8036038e-09  -6.0818910e-10   9.7712734e-11   3.1950037e-09  -7.8073341e-10  -1.3079626e-09   7.3950616e-10  -1.3540515e-09  -1.8688100e-09   6.8571512e-10  -3.1577302e-09   2.6444442e-10   3.2579286e-09   5.3085527e-09  -3.8467679e-10   6.5741360e-09  -2.6446400e-09   5.0653056e-09  -8.1695322e-12   4.9331688e-09   2.2183523e-10   3.8737729e-09   1.7508885e-09   2.7152011e-09
