  -1.4694531e-12  -1.2129743e-12   3.0372054e-14  -8.5065685e-12  -2.1195114e-12  -7.3481309e-11  -1.3966000e-11   2.3013496e-12   5.6435806e-13  -5.5995832e-12   5.2563702e-14   1.1219219e-14  -8.3290764e-13   4.4837031e-11  -4.6122302e-12   5.0986683e-14   1.6230518e-11   4.2327176e-13   6.5642291e-12  -1.1534885e-12  -2.5489952e-14   5.0203636e-15  -1.1286451e-14   6.0390105e-13  -6.0109855e-11  -5.9749248e-13  -7.0111729e-11   9.2869649e-13  -9.3676741e-13  -4.0943632e-13
  -4.9233524e-10  -3.4720288e-10  -3.6487723e-09   4.7369044e-09  -7.4443198e-10   1.7124047e-09   6.0394503e-10  -5.0435540e-11  -7.6942723e-10   1.2537696e-09   5.6828370e-10  -2.9869878e-10   1.2574063e-09  -2.1927228e-09  -1.4251706e-11   4.4465520e-10   3.1853938e-09   1.9549493e-09   6.6375262e-11  -1.9763974e-10  -1.2746333e-09   1.5433451e-10  -8.9525343e-10  -1.9624705e-09  -1.1597022e-12  -6.0562191e-10   2.3321896e-09  -4.5242206e-09  -1.0554723e-09   3.2863495e-09
  -4.2713454e-13   8.2588138e-13  -3.2323245e-13  -3.8345160e-11   7.2094446e-12  -3.2159526e-12   4.1658732e-12  -1.2419089e-11   6.6344151e-12   1.7863285e-12  -1.4363038e-12   1.8429620e-14  -9.1853209e-13  -8.3710350e-11   7.3506053e-12  -6.1690553e-14  -4.9997462e-11  -2.6015070e-13  -1.6434481e-11  -3.5679991e-12   2.8755087e-14   3.4411539e-12  -1.7655692e-14  -8.1829615e-12   1.4950243e-10  -2.1234076e-13  -9.0517938e-11   3.6494081e-14   9.3893482e-13  -3.8747414e-13
   3.0381916e-17  -6.1215682e-17  -3.4886826e-17  -1.1158112e-17  -2.1381519e-18  -2.4546143e-17  -3.0105952e-17   1.0276526e-17  -5.3455748e-17   3.1019838e-17  -5.5650487e-17  -1.3602309e-17   1.2494478e-17   1.0108949e-16  -6.8089496e-18   2.1819315e-17   2.4473529e-17   1.5533355e-17  -2.6592117e-18   2.6213456e-17  -1.4411861e-17  -2.4446493e-18   3.4319804e-18  -2.0125686e-17  -1.5395938e-17   3.8087841e-17   8.0213069e-17   9.2931395e-19   6.7445816e-18  -3.1698138e-17
   3.7597697e-20  -8.2790666e-20   8.7248281e-21  -1.3337654e-20   1.2479218e-20   1.5807645e-21  -8.1715138e-20  -1.5302335e-20  -3.2197852e-20  -6.6625102e-20   3.0317924e-20  -8.8781950e-21   3.7812545e-21   1.9176118e-21   5.7278769e-20   6.2793601e-22  -7.4141775e-20   8.0245192e-21   3.3300025e-20  -9.4577125e-20  -3.9286199e-20  -1.6664784e-21  -6.5266341e-21  -6.3979261e-20   2.7930646e-20  -4.0316380e-20  -2.3364703e-20  -4.3370132e-20   6.4985572e-20  -1.7652159e-20
   1.0846233e-10   3.0158226e-15   4.1785291e-15   1.6009565e-13   2.1204166e-13  -6.4516038e-14  -1.2837395e-13  -9.3135058e-16   8.1633106e-14   1.7263997e-13   4.2971222e-15   1.6854136e-13  -1.7610828e-13  -1.6392336e-15   4.4390521e-15   2.2335847e-15   2.1584501e-16  -2.3777834e-14  -2.2527388e-15   4.5078157e-15  -6.6485559e-14   1.1697147e-15   3.4773133e-13   2.6193483e-13   1.7481344e-13  -4.4887798e-14   1.2654643e-13   1.6818586e-13   4.5406199e-14   2.9778920e-15
  -7.6116074e-12   2.8873745e-09  -7.4086918e-10   7.5134599e-09   8.3361425e-12   1.4411555e-08   1.1234825e-10   2.7486988e-11  -5.6367168e-09   1.7999988e-10   2.9678745e-10  -1.6549768e-10  -3.1958940e-10   1.3009318e-09  -1.2291449e-10   4.5235157e-10  -2.4678421e-10   5.6755244e-11   2.2285105e-10  -3.2059297e-08   7.0646092e-11   9.2150858e-10  -1.2098672e-08  -6.8805822e-10   2.1549074e-08   1.1753072e-10   6.7983992e-09  -3.1358503e-09   5.0928720e-10   1.2151267e-09
   2.8474535e-12  -3.9142879e-13   2.7555840e-13   1.5728491e-10   6.2947755e-12   1.3515081e-10   1.8695803e-11   4.5908191e-11   7.7707329e-12   1.7311787e-12  -2.0213981e-13  -9.8151370e-15   8.7607451e-13  -9.0861766e-12  -3.8794868e-12   1.1529270e-13   7.1259508e-11  -2.5714782e-12   1.6191665e-11  -5.3925887e-12  -8.6651590e-15  -3.4539046e-12   1.6857011e-13   8.4281684e-12  -6.7243386e-11   1.1539306e-12   2.1707976e-10  -2.7345895e-14   7.6964379e-13   8.5741159e-13
   1.3537973e-11  -2.5534192e-15   2.3494313e-15   2.1233547e-14   2.4589755e-14  -5.1269982e-15  -1.4114647e-14   3.6861183e-15   1.5730746e-14   1.8746745e-14   4.1565630e-16   2.0644240e-14  -2.4339274e-14   1.6669725e-15   3.0526459e-15  -1.3259402e-15   4.2593608e-15   1.9654469e-15  -1.9343571e-15   2.2085632e-15  -4.3521867e-15  -8.2060268e-16   4.7737028e-14   3.2701649e-14   2.5603046e-14  -5.0125163e-15   8.6401742e-15   2.3906633e-14   1.2808194e-15   3.8246022e-15
   1.4790500e-19   3.4474135e-19   2.3202607e-19   5.7949235e-19   8.7364227e-19   2.4513207e-19  -7.3412783e-19   4.6552909e-20  -6.4163547e-19   6.4721010e-20  -3.3375354e-19   6.2709874e-19  -5.7035036e-19   4.3287629e-21   1.1641053e-19   5.9999496e-19  -1.5207118e-19  -1.9226683e-19  -9.0472865e-19  -4.2618300e-19   1.0009748e-18   4.0635079e-19   7.3499037e-19   6.0136764e-19  -3.7056494e-19   5.5229584e-19   2.4805191e-19   4.4315283e-19   2.1916712e-20  -2.1578835e-19
   2.1398085e-18   7.5378697e-19  -1.7987013e-18   2.8005634e-18   1.6402066e-18  -3.3006600e-18   2.6277951e-18  -1.6667261e-18   9.4155800e-19  -5.0843708e-20   6.4830308e-19   2.1226743e-18  -2.0508720e-18   1.4664865e-18  -1.2486555e-18  -1.1395408e-18  -1.4851650e-18   6.8069885e-19  -4.0815340e-18   1.1399868e-18  -7.8988665e-19   2.1846256e-18   6.6560374e-19  -3.5229031e-18   5.6601322e-18  -1.4409343e-18   6.1063485e-18   6.7354008e-19  -1.0547970e-18  -4.7894717e-18
  -9.7161357e-13   7.5712746e-13  -2.2484198e-15  -1.1044881e-10  -1.1409325e-11  -5.8473132e-11  -8.9122665e-12  -3.5806523e-11  -1.4994233e-11   2.0614643e-12   1.5631248e-12  -4.0394534e-14   8.5590361e-13   4.7939710e-11   1.1233618e-12  -1.2897368e-13  -3.7510491e-11   2.3855305e-12  -6.3404962e-12   1.0092300e-11  -1.1758586e-14  -1.3802911e-14  -1.5442900e-13  -8.7144432e-13  -2.2170787e-11  -3.6413250e-13  -5.6466367e-11  -9.6031156e-13  -7.9287425e-13  -8.6124879e-14
   3.9685932e-17   4.0866367e-18  -1.7460939e-18  -2.6178178e-18   1.8261356e-17   1.5828746e-17  -2.5596391e-18   3.9447100e-18   9.7175486e-18   9.0511783e-19   5.1819101e-18  -1.3829021e-17   2.4634295e-17  -1.9877129e-18   1.4538287e-17  -8.8473367e-18  -1.5322316e-19   4.1507135e-18   4.9434044e-18   6.0897826e-18  -1.6180226e-17   6.0652753e-18   1.3850480e-19   4.0413683e-18  -9.0879240e-18   7.3927766e-18  -2.1766820e-17   5.4744714e-18  -5.0880187e-18  -8.4516703e-18
   2.7110176e-11   5.2569725e-15   7.3100941e-16   4.3532993e-14   5.7586833e-14  -1.8623010e-14  -3.4098081e-14   7.0187266e-16   2.4130833e-14   3.8006862e-14   2.6645936e-15   4.3628601e-14  -4.3795688e-14   1.9875807e-15  -3.8065552e-16  -2.0573202e-15  -6.0579210e-16  -7.9728284e-15   2.9182616e-15   3.3597122e-15  -1.8815974e-14   2.7435904e-15   8.4415001e-14   6.2106407e-14   4.8170072e-14  -8.7021454e-15   3.4379540e-14   4.3316342e-14   1.3716833e-14  -2.0221815e-15
  -2.9082625e-10   3.5474134e-09  -2.1415667e-09  -4.0801069e-09  -4.1691112e-09   5.2970247e-09   3.9652278e-09   2.1722136e-10   2.3312746e-10   9.0452418e-10  -3.3210471e-10  -2.2180447e-12  -2.5442606e-08   8.9952722e-09  -7.2204935e-09  -6.8869236e-10  -3.0492543e-10   4.1564894e-11   7.1115508e-10   1.0597875e-08  -1.2520296e-11  -2.0721629e-11   4.8330560e-10   7.9740742e-10   2.1411240e-09   2.8145299e-10  -1.9408332e-09  -6.3316418e-10  -8.1340971e-10   2.4157689e-10
  -2.9359423e-11  -4.4782472e-10  -5.2391033e-10   5.3323728e-10  -2.5901800e-09   2.3205035e-09  -1.1017102e-09   6.2681886e-10  -9.7801042e-12  -1.9237274e-09   8.3078124e-11   1.9452931e-10   1.1266984e-09  -2.6810046e-09   3.1505355e-10  -1.5549729e-10  -1.0203229e-09   1.6570471e-09   1.4024852e-09   4.3752890e-09   5.0571480e-12   1.2288871e-10  -1.2334506e-09  -1.1961743e-10   2.3101486e-09   3.2289303e-10  -2.3412598e-09   1.3216407e-09   1.9901654e-10  -6.0489450e-10
   5.4184549e-11   4.7446369e-15   2.6782657e-15   8.7683759e-14   1.1016520e-13  -3.4418841e-14  -6.6370999e-14  -7.9581824e-16   4.1934703e-14   9.1283930e-14   3.4353719e-15   8.6395703e-14  -8.6587553e-14   2.2595909e-16  -6.2965731e-16  -1.2981461e-16   3.9033045e-15  -1.2594683e-14  -1.4822873e-15   4.2381017e-15  -3.0874447e-14  -2.6615200e-15   1.7384590e-13   1.3535625e-13   8.2365682e-14  -2.2129888e-14   6.0181712e-14   8.2499557e-14   1.6650209e-14  -1.5717593e-15
  -1.0741676e-09   1.6971257e-08  -2.8591999e-09   8.6608373e-09   5.0313339e-09  -7.1009504e-09   4.8458536e-09  -3.6769785e-08   3.1254766e-10   1.0471241e-09  -9.7447737e-10   8.3863597e-11  -3.3803689e-09   1.8769561e-08  -3.6150310e-12   1.7346235e-10   2.0090588e-09  -8.0735647e-10   9.0958251e-11   8.7859031e-08   1.8346745e-10  -4.9382523e-10   1.7826209e-09   1.1607137e-09   3.9333647e-08  -1.6306517e-09  -1.8338278e-08   3.5533161e-09   1.9603080e-10   7.4937981e-09
   2.4952486e-08   3.4593721e-11   3.0973535e-09   1.5440112e-08   9.3679902e-09  -6.3530101e-09  -3.9715965e-09  -4.2133664e-10   1.3261986e-08  -6.3269849e-10   8.9029609e-10   2.9366915e-10   1.2839236e-08  -1.7874384e-09  -8.5739106e-11  -1.1397402e-10  -7.0910106e-10  -9.2007353e-09   1.8560698e-10   1.6466171e-10  -1.1374629e-10   4.4964510e-09   1.6966667e-10  -2.1926838e-08   1.1510539e-09  -2.1261715e-08  -4.8264287e-09   8.5431133e-09  -1.5139949e-10  -3.8011294e-09
  -1.8787018e-21  -6.0268246e-20  -8.1643379e-20  -1.9504245e-19  -1.9927703e-19  -1.6135984e-19  -7.0375863e-20   2.7072466e-19   2.3382806e-19  -2.2174391e-20  -1.1909190e-20  -1.2016151e-19   8.3087545e-21  -1.4516916e-19   3.6634465e-20  -1.0876477e-19   1.7226156e-19   3.6179645e-19  -1.6125315e-19  -9.2485565e-21   1.0899004e-19   1.4377711e-19  -3.0508862e-19  -8.4232397e-20   6.9261882e-20  -2.3786817e-19   2.6499383e-19  -1.3873950e-19   2.4388374e-19   1.6605574e-19
