   1.3533018e-77 -4.1164941e-101 -8.4643929e-100  -6.3254902e-93  4.5665209e-105   4.7837175e-83 -1.3033202e-100   1.0705125e-80  -9.9876832e-93  -5.1881677e-93  -6.8128959e-89   2.1643081e-87   4.6144778e-74  -2.5146716e-75  -1.6816011e-78  -5.0970865e-85  -2.2938195e-99  -2.0057652e-84  -2.2404789e-94 -3.9418930e-100  -6.8552270e-84   3.0508867e-89   6.4424753e-98  -2.2046057e-89   7.5663046e-93  -2.0286095e-95  -7.3697641e-82   2.4799517e-84  -3.9055012e-72   6.8388582e-92
   4.2358406e-78 -1.5085207e-101 -2.8662585e-100  -1.9812509e-93  2.2391029e-105   4.8981286e-84  9.5963214e-101   3.6366817e-81  -3.4853159e-93  -1.6880311e-93  -2.4957802e-89   8.6435580e-88   3.5329900e-74  -8.5249739e-76  -5.8462085e-79  -1.7895636e-85 -1.9559171e-100  -6.9934775e-85  -7.4360586e-95  2.9406981e-100  -2.2884838e-84   1.0077300e-89   1.9913245e-98  -8.0747262e-90   2.2562402e-93  -9.5050518e-96  -3.1050564e-82   9.3766259e-85  -8.2091256e-73   2.0578996e-92
  -9.6213855e-63   3.2103013e-69   1.8013269e-48   5.4031174e-55   2.3339241e-75   1.9878438e-54   1.9026121e-49  -6.2681782e-59   1.7286908e-63  -2.8574505e-60   2.6774418e-67   1.2549698e-56   1.9053509e-54  -4.9075973e-56  -2.8434399e-59  -1.4741378e-54  -1.7224162e-52   1.7188881e-58   1.7338578e-62   2.1388579e-65  -9.3664704e-55  -2.2686335e-64  -3.0101299e-59  -6.1359594e-57  -5.2659170e-63  -7.2805922e-62   1.9784511e-52  -1.1170927e-61  -2.9756304e-47   8.7225764e-58
   6.7924990e-78 -2.6453239e-101 -4.8998627e-100  -3.8610223e-93  4.4755551e-105   3.1671164e-84  7.2651278e-100   6.2314914e-81  -3.7387093e-93  -2.4860272e-93  -4.2735627e-89   1.6570584e-87   1.2164392e-73  -1.4320584e-75  -1.0553347e-78  -3.0572366e-85 -7.5019876e-100  -1.2348405e-84  -1.2018161e-94  7.3240606e-100  -3.7213735e-84   1.6236456e-89   3.2546589e-98  -1.3000286e-89   3.8222973e-93  -1.4674617e-95  -5.3506820e-82   1.6674643e-84  -1.8407763e-72   3.5312628e-92
  -4.1647998e-59  -9.0108968e-72  -9.9187350e-51  -1.4228245e-51   9.4399116e-77   2.3414043e-56  -3.1001635e-60  -2.7581875e-56   1.8755781e-60  -3.0839025e-67  -1.0927568e-68  -3.7718255e-62  -1.1732417e-57  -2.3908500e-58  -2.5174711e-53  -1.3314155e-52   1.9488780e-68  -5.0230688e-56   1.2738086e-56  -2.4443201e-71   2.3039267e-62  -5.5028869e-61  -3.6498860e-60  -2.1887023e-57  -4.1637211e-67  -4.6052300e-67  -9.0746626e-52  -5.8026496e-63   2.1135197e-42  -1.4517567e-64
   3.0214855e-52  -3.9224872e-66  -1.6540645e-47   3.3990608e-55   2.4506408e-80   9.7983676e-59  -5.3113146e-63  -5.1227010e-52   1.4843405e-55  -4.8297706e-57  -6.3277498e-68   7.8730761e-60   3.4897044e-53  -4.1910727e-54  -2.1856383e-54  -1.8082266e-46   7.9982416e-58  -6.5724457e-62  -7.3660910e-62   1.0655205e-62  -3.1736226e-55   3.6632631e-59   2.0572234e-58  -3.1723523e-51  -6.2652791e-59   3.8558847e-64   2.1507625e-45  -2.1882321e-61  -1.8418643e-45  -2.8521087e-65
   2.0535157e-57   7.5173798e-69  -9.6954704e-54   1.3886155e-59   6.5905403e-73  -4.0612287e-64   1.7146228e-63  -6.8748570e-61  -8.0635619e-62   5.2855936e-66   2.0682631e-61   8.2082218e-54  -7.3643381e-56  -2.2523669e-54  -3.1868871e-55  -1.9448369e-57   1.6529739e-63   1.8292716e-61  -2.1207724e-58   1.7237333e-69  -5.4366260e-63   8.3225277e-57   1.3858040e-60   1.0849634e-62   2.3821268e-69   2.8030651e-69   9.1713738e-55  -6.9743090e-57   1.6302160e-45  -6.2595106e-70
   5.5202129e-57  -3.0274270e-63  -5.8831645e-53   3.6246317e-50   2.3880854e-79   3.7727339e-59   3.5947485e-62  -4.2840824e-51  -2.8530294e-64   3.0393795e-61   5.8906262e-62  -7.0380243e-58  -1.2062531e-51  -1.1614359e-57  -2.6469266e-55   9.7677679e-51   1.9443362e-65   9.5660918e-63   2.1736827e-60  -1.3155529e-67   2.4312140e-61   7.7715834e-51  -2.2813526e-58   2.5210536e-60   1.7037757e-68  -9.5692354e-61   6.4915938e-56   4.7105575e-67  -1.3826316e-48  -1.3047462e-61
  -1.4822359e-78  1.3312344e-101  1.8356287e-100   1.3047431e-93 -3.8323990e-105   3.0951242e-83  -1.0061176e-99  -2.3876401e-81   4.8156367e-94   5.3423551e-94   2.1086665e-89  -1.0837628e-87  -1.3340816e-73   5.2401886e-76   4.6235749e-79   1.3253757e-85 -8.3423674e-100   5.4341069e-85   3.7926451e-95  -1.4547213e-99   1.2023851e-84  -5.0447310e-90  -6.6351874e-99   6.2078101e-90  -6.2658183e-94   1.1004575e-95   3.4277327e-82  -9.3557676e-85  -3.8308764e-73  -6.7844181e-93
  -6.7751705e-60  -5.8975786e-60   2.4834496e-49   1.9507573e-60   3.0124888e-73   1.8462076e-57  -1.0048089e-55   1.8078169e-54   5.4125495e-54   5.1272501e-62  -8.2912292e-67  -4.1736376e-59  -1.7867322e-50   2.6501567e-51   3.1233637e-50   4.9479385e-49  -7.4768411e-57  -8.1452821e-59  -2.0398863e-64   6.9912493e-67  -9.4095796e-59  -1.2399365e-57   3.8482718e-59   2.1492040e-62  -3.5340290e-66   1.4840809e-60  -3.2698583e-56   4.9700916e-61   4.6805411e-44   1.8588899e-60
