   4.9622616e-08  -1.2580895e-09   5.1479471e-11   4.6569128e-10  -1.6841153e-09   4.1055790e-08  -6.6731581e-09   4.8527619e-12   2.1862132e-08  -1.7615577e-08  -9.5078590e-11   3.3799580e-09   1.8895482e-08   4.1055790e-08   3.6282225e-08   3.5146431e-09   3.4834621e-08  -1.4094744e-09   1.2749004e-08   6.3861148e-11   1.3979778e-12  -5.8743743e-11  -3.3459934e-09   7.5981060e-09   3.2316012e-09   9.2016859e-09  -9.6999170e-09   1.8996334e-08   2.3402523e-08   3.9222129e-08
   2.5564399e-08   1.7772186e-08  -2.2089709e-08   1.4036566e-10   3.0769654e-08  -1.0303622e-07  -4.5928264e-08  -3.2968922e-09   5.4052497e-08  -4.3049711e-08  -7.8035407e-08   1.1020062e-09   8.6061556e-08  -1.0303622e-07   2.3259164e-09   1.2212155e-07   1.0037780e-07   5.8363719e-08  -2.3667680e-09  -9.9712122e-10   1.6367134e-09   4.9036066e-11   3.0027472e-08  -3.2859666e-08   3.3334860e-08   1.7467939e-08   1.5415040e-09  -4.0862544e-09   2.1004135e-08   1.7944340e-08
  -9.2400498e-08   2.9854812e-08  -1.4739273e-08  -1.4042697e-09   7.0759971e-09  -1.6684734e-07  -7.4938818e-08   3.7603764e-10  -3.8493556e-08  -1.3487569e-07   2.4139724e-09  -2.4092145e-08  -5.1612129e-08  -1.6684734e-07  -4.8542176e-08   1.4396234e-08  -9.5615990e-08  -1.4961327e-08  -8.9385118e-08   1.8776916e-09   2.8663417e-11  -1.3351461e-09   2.1004860e-08  -3.6128438e-08  -2.8468770e-08  -3.2236760e-08  -2.6541108e-09  -2.9783521e-08  -7.1000656e-08  -1.3507746e-08
  -2.8566302e-07   2.2240644e-08  -1.7764436e-08  -3.1656502e-10  -3.4098786e-09   2.4404374e-07   6.1419744e-08  -1.9590173e-07  -3.0556691e-08  -7.3990804e-08  -4.1005612e-09   4.7705397e-08  -1.2245254e-08   2.4404374e-07  -2.5171328e-07  -4.3395959e-08  -3.7965939e-08   1.5272306e-08  -6.1487545e-08   4.8138077e-09   1.4705352e-09  -3.6795165e-09   2.5777789e-08  -1.1153666e-07  -6.9705628e-08  -8.8014650e-08  -1.4497450e-08   8.9403181e-08  -9.0282006e-08  -2.0434155e-08
   4.5939170e-10  -1.9541340e-10   1.9242087e-10  -1.6955865e-11  -4.0587011e-10  -4.6511419e-09  -1.3693150e-09  -7.2651633e-11   7.9534066e-10   8.3532569e-10  -1.1067706e-11  -6.0789619e-11   5.5238854e-10  -4.6511419e-09   3.7700193e-10   1.8272845e-10   2.4530039e-09  -9.0455776e-11   1.9991422e-10   2.0784456e-10  -6.8061388e-12   1.8976297e-11  -6.9329215e-10  -3.3491643e-10  -3.1475320e-10  -8.3745432e-10  -2.3462873e-10  -1.9300957e-10   8.2572383e-10  -6.1011095e-12
  -1.6314782e-08   4.3943793e-10  -5.1497135e-08  -5.5187225e-09  -1.1885715e-08   1.9810958e-08  -2.0016395e-09  -3.1075067e-09  -3.8153562e-07  -1.3632724e-07  -4.8117322e-09   5.9810491e-08  -3.1388486e-08   1.9810958e-08   6.4148796e-08   9.7772247e-08  -2.3491438e-07   6.9427506e-08  -6.0077236e-08   8.1945539e-10   2.2697726e-10   1.0886233e-09  -1.4151048e-07  -6.0531464e-08   3.3024707e-08  -1.4355951e-08  -3.2081500e-07   3.0413843e-08   4.4350492e-07   3.4947905e-07
   4.4802084e-07   1.0800796e-07  -5.7733747e-08   1.0353843e-09  -1.2367388e-07   5.9619784e-08   2.3313445e-08   3.2043083e-09  -1.2354400e-08   1.4257961e-08  -4.1809923e-09   1.6740237e-08   3.9319544e-09   5.9619784e-08  -8.7239561e-08   3.6119599e-08   7.0520567e-09  -2.9780692e-08  -1.9146851e-09  -1.0906847e-08   3.2085590e-10  -4.0014421e-09   1.7070109e-09   3.0135755e-08   3.1942438e-08   3.3699689e-08   6.1555889e-08   8.5083991e-08  -3.7202910e-08   4.4650812e-08
  -6.7579962e-07   8.3145223e-08   2.6525554e-08  -1.9778733e-09  -7.8310736e-07  -1.1730322e-08   4.1794172e-08  -1.9710004e-09  -5.0992721e-08  -1.0266515e-07  -1.1784296e-08   4.0650850e-08  -7.8211981e-08  -1.1730322e-08   1.8687147e-07  -3.4053678e-07   5.7030108e-07   3.3786585e-07   4.6414475e-07  -7.4230214e-08   7.7011712e-10   3.4523574e-09   4.7282919e-08   4.9606480e-07   1.0644384e-07  -2.1270512e-07  -4.3225791e-07   3.7364044e-08  -5.5748480e-08   7.8190477e-08
   3.9026687e-11   4.6998300e-10  -4.3776434e-10   2.4740294e-11  -8.1670820e-11   1.7763542e-09  -8.0517685e-10  -2.6572480e-10  -2.0431001e-10   4.0978054e-10  -1.2932820e-11  -4.1105915e-10   1.3057487e-11   1.7763542e-09  -1.3208390e-10  -9.0081802e-11  -1.3899624e-09   2.2676546e-11  -2.7182677e-10  -1.2999955e-10  -7.3804836e-12   2.5200493e-13   1.1059113e-10   1.1116740e-10   1.3731978e-11   8.1449130e-10   4.0672675e-10   6.3234826e-10  -1.8400570e-09  -3.1942855e-10
  -1.3354123e-08  -3.7460032e-09   1.0292175e-08  -2.4681388e-11  -7.8467447e-09   7.6636602e-08   7.3744203e-08  -9.0435592e-09   6.8242165e-09   4.0273673e-09   2.8605157e-10  -2.4160780e-09   1.6551410e-09   7.6636602e-08   2.1834474e-08   1.3044982e-07  -5.5134216e-08   9.2432146e-09   1.9866640e-09  -1.5960293e-09  -2.3729293e-11   7.9811571e-10   3.4796587e-09   1.0098283e-08   1.2726250e-08   2.6232175e-08   1.8754407e-08  -1.3618573e-08  -3.3621087e-08  -9.6853774e-10
   6.0721382e-08  -1.5475728e-08  -8.9183572e-09  -2.8721661e-09  -8.9393198e-10  -2.4873934e-09  -7.5023411e-08   4.0903058e-10   1.2096806e-08   7.9383219e-09   1.5376813e-08   2.9227882e-08  -1.7980818e-08  -2.4873934e-09   3.2986866e-08  -2.7407406e-08   4.1873556e-08   3.8239342e-08   6.5428825e-08   2.1486359e-08  -6.1581893e-12   3.8928683e-09   9.7424432e-09  -2.8769920e-08  -3.1178502e-08  -2.4713189e-08   7.0690078e-08  -3.3240405e-09   1.1226844e-07   1.6897116e-08
  -1.2989504e-08   1.2224174e-08  -1.2804882e-08   8.8481260e-10   2.9628621e-09   4.2386111e-09   1.0179630e-08  -2.3968697e-09  -8.8051401e-09   2.4702876e-09   8.4240017e-10   8.6012661e-09  -4.1378099e-08   4.2386111e-09  -2.8842157e-08  -7.8296531e-09   3.1267900e-08   3.6352908e-09   8.8949093e-09  -7.1685537e-10   1.5760186e-09   6.0696517e-10  -5.1329603e-09  -2.7601961e-08   1.1700295e-08  -2.6143774e-09  -1.2414655e-09  -3.7008514e-09   6.2824011e-08   5.0226131e-09
   5.1732447e-08   4.2818528e-10  -5.7260727e-09   4.1291705e-10  -4.1429104e-09  -2.2324992e-08   1.6120773e-08  -1.6640883e-09   1.6493753e-09  -6.6316474e-09  -3.8858916e-09   8.4426712e-09  -9.8664702e-10  -2.2324992e-08   1.9872379e-08   2.8682024e-08  -2.3168729e-08   1.9809297e-08   5.6933155e-09  -2.8347031e-09   3.9721460e-11  -6.4992989e-10   8.3636289e-09   3.7818725e-09   1.2277181e-08  -6.7101556e-09  -2.1668035e-09   8.1904778e-09  -7.8302547e-09  -3.3846386e-09
  -2.6912839e-10  -3.4007241e-10   4.7322489e-10   2.0014894e-11   4.9038512e-10   2.5008503e-09   2.6408474e-11   3.5151024e-10   1.0027999e-09  -6.9493684e-10   4.7261241e-11  -1.0304960e-10  -1.1416453e-10   2.5008503e-09   6.1260923e-10  -2.0524070e-11   1.8669850e-09  -1.3738349e-10  -5.9968277e-11  -1.9764435e-10  -3.8468274e-12   1.6671689e-11   3.1751287e-10   2.0065048e-10  -2.0247146e-10  -1.1264099e-10   3.4556355e-10   3.1720187e-10   2.1274950e-09  -5.7996813e-10
   6.7265091e-08  -4.3450470e-08   7.7128075e-09  -1.2765116e-10  -8.1156403e-09   7.5765426e-08   1.8775493e-08  -8.7606177e-10  -3.4706984e-10   2.4264123e-08   1.2653250e-09   1.1757462e-09   9.3793855e-09   7.5765426e-08  -2.6331651e-08   5.1592796e-09  -4.8508731e-08  -2.3854635e-09  -1.1980525e-08  -1.4026377e-09   4.4903247e-11   1.2696160e-09  -1.4594897e-08  -1.9914018e-08   1.7107948e-09   4.6047206e-09   1.9657194e-08   3.6938331e-09  -4.4430068e-08  -7.1582113e-09
   1.0990689e-08   4.7263534e-08   4.2039877e-09   3.8717975e-10  -1.0473035e-08  -3.5662034e-08   3.1913926e-08   3.4994771e-09  -1.1055543e-08  -4.6265285e-09  -1.6092441e-09  -6.5041221e-10   6.4642773e-09  -3.5662034e-08   1.9587888e-08  -9.3384728e-09  -9.4935909e-10  -1.0004799e-08  -2.2094022e-08  -2.8678078e-10   6.4282032e-10  -5.0245205e-09   3.8299129e-09   1.5066299e-08   2.7767262e-08   2.1697596e-09  -3.2133529e-09   3.2365417e-08   3.8867947e-08  -5.1841715e-11
  -1.9368555e-08  -1.4953488e-09   3.5016467e-08  -4.4785742e-09  -8.7672188e-08   2.7396167e-08  -2.9422661e-08  -1.9586904e-09  -3.3526257e-08   7.7211420e-09   9.7723536e-09  -1.4073299e-08   1.2262215e-08   2.7396167e-08  -7.4069818e-08  -1.9961708e-08  -4.5616894e-08   3.6321334e-08   2.6924578e-08   3.0725123e-09  -4.4595371e-10  -5.2243640e-10  -6.3446844e-09  -6.9205123e-08   4.1926420e-08   3.8470789e-08  -6.1114104e-08  -1.0558533e-08  -5.9858908e-08   1.4145125e-09
  -2.2929021e-10   6.5502884e-11  -2.2788140e-10  -2.7799329e-11  -2.8442262e-12   3.7393678e-10   2.1480840e-09  -1.3133841e-11  -1.5938304e-09  -5.5016882e-10  -2.3260736e-11   5.7489831e-10  -4.5128167e-10   3.7393678e-10  -8.5752723e-10  -7.2122454e-11  -2.9300265e-09   2.0516275e-10   1.3188126e-10   1.1979930e-10   1.8033448e-11  -3.5899991e-11   2.6518793e-10   2.3093833e-11   5.0349264e-10   1.3560400e-10  -5.1766148e-10  -7.5654065e-10  -1.1131618e-09   9.0549791e-10
  -1.5425448e-07  -2.6654943e-08  -1.9649416e-07  -1.0966883e-08  -2.7148174e-08   2.0511299e-07  -1.8451478e-07  -1.4940327e-09  -2.3064586e-08   2.7405613e-08   1.4135600e-09  -1.0922204e-07   5.5972153e-08   2.0511299e-07  -3.7994428e-07   7.8589991e-08   1.3071646e-07  -1.0331471e-07   3.4220969e-08  -9.5067272e-09  -5.0408702e-10   3.6387329e-10   5.7703490e-09   3.8479369e-08  -1.5978448e-08  -1.4212117e-08   3.2110414e-08  -2.1936050e-08  -2.6662410e-07   2.6964649e-08
   3.0885202e-07   4.1523023e-08  -1.5430126e-08  -2.6368124e-10  -2.2131364e-08  -5.9172441e-08  -3.2239929e-08  -1.2266640e-08   6.4597287e-09   4.0980636e-08   4.4453042e-08   1.0613672e-07   3.7830065e-09  -5.9172441e-08   8.0192618e-08  -8.2890018e-08  -9.1030815e-08  -5.2361809e-08   3.3229751e-08  -2.0233119e-08  -8.7726229e-08  -1.6282107e-09   3.6067144e-08  -3.4661937e-09   7.9874470e-08   4.2727126e-08  -1.7372121e-07   4.7265473e-08   1.5385845e-07  -3.0089027e-08
