  -2.4310134e-10  -1.4069420e-09  -1.3655642e-09   5.7105088e-10   9.5374067e-10   1.1014806e-09  -6.5504396e-10  -4.5410916e-11   1.4002230e-10  -2.8635674e-10  -2.1221802e-09  -2.2058176e-09   3.2457046e-10   3.9305319e-10   9.9534344e-10  -2.0477433e-09   1.2026869e-09   2.4756011e-09  -7.4863017e-10   7.7182176e-10   6.1083469e-11  -1.8331635e-10   1.1477111e-11   3.2973628e-10  -8.3497670e-10  -6.3748698e-10  -1.0912419e-09   3.4817496e-10   7.1797458e-10   7.8929762e-10
  -3.4196145e-10  -1.5436197e-10   3.5237704e-11   1.6563166e-09   2.7924115e-11  -9.8792281e-10  -4.4765623e-10  -1.2446842e-10  -1.9277272e-10   1.3605793e-09   8.0289865e-10  -8.2753906e-10  -4.1642403e-10   2.4868924e-09  -9.5905147e-11   9.1407373e-10  -1.3538585e-10  -1.1480384e-09  -4.4858820e-10   5.4874157e-10   1.4631533e-10  -1.4607137e-10  -2.4192779e-10   7.3446284e-11  -1.5988481e-10   1.2816109e-09  -7.0995152e-10  -6.1964339e-10  -1.1269056e-09  -6.9929335e-10
  -3.4350220e-10  -9.4315756e-10   5.2925568e-10   6.9378877e-10   6.3924150e-10  -2.4825628e-10  -9.7138852e-10   9.3250905e-10   9.4883568e-11  -3.3133683e-10  -1.7237929e-10  -1.8886017e-09  -4.7962511e-10  -1.2798414e-09   4.0319104e-11  -2.0142579e-10  -2.0696707e-09   9.6154183e-12   6.7386650e-10  -8.1615584e-10  -2.3033569e-11  -1.6316466e-10   3.7555844e-10   1.8732879e-10   1.2379555e-09  -1.2539265e-09   5.3305970e-10   1.8293568e-10  -3.7031753e-10  -9.8487877e-10
   6.8221193e-10  -5.7990162e-10  -1.4153364e-09   1.0948095e-09  -5.0062559e-10  -2.4585711e-10   8.8245294e-10  -7.9234586e-11   3.2257115e-10  -1.5195261e-10   1.9331792e-09   1.8143328e-09  -2.4004703e-10   8.1036960e-10   4.4188341e-11   3.5793331e-10   5.6698055e-10   1.5521660e-10  -8.3400296e-11   1.0078187e-09   5.0906781e-10  -1.6526831e-10  -5.7212346e-10  -7.1851647e-10   8.9670250e-10   1.5161411e-09  -1.5675236e-09   1.0168343e-10   3.7310046e-10  -7.1149011e-10
  -2.9930374e-10  -1.3824636e-09  -6.5925664e-10   3.9973055e-09  -1.4445468e-09   1.1525395e-10   1.2468667e-09   3.5948790e-10  -9.5299258e-10  -4.7692293e-10  -3.3450172e-09   3.3082684e-09  -8.0878705e-11  -3.5680864e-10   1.4975151e-09   7.8141536e-12   9.2275718e-10  -6.6859629e-10  -1.1192626e-10  -1.0766446e-09  -4.5333650e-10  -3.0328931e-10  -2.5921318e-10   1.1351837e-09   6.2361461e-10  -1.8925060e-10  -1.0579231e-09   8.5737822e-13   1.3034523e-10   7.3853621e-10
   3.7247462e-10   2.2916272e-09  -1.4637234e-09  -2.4049147e-10  -1.3770149e-09   1.0961459e-09  -7.6139572e-10  -2.1156061e-09  -3.0126369e-09   1.2513779e-09  -2.5276460e-09  -5.5958742e-10   4.1752721e-11   6.8276003e-11  -1.5716929e-09  -8.4845742e-10   6.3311419e-10  -1.6216271e-09   1.0290118e-09  -8.8614366e-10  -3.9438388e-10   5.2947499e-10  -2.0736062e-11   5.6276555e-10  -1.0005825e-09   1.3097211e-09   7.9106427e-10  -2.0980840e-10  -7.4648536e-11   4.3561051e-10
   1.6315812e-09  -6.2538636e-10  -3.9252560e-09   1.4417988e-09   1.6947959e-09  -5.0415630e-10   9.3060087e-10  -5.3226212e-10   5.1361248e-10   2.2395807e-09   8.2561889e-09   2.2860995e-09   5.7147005e-10   1.4092430e-09  -1.7864186e-09  -8.8118724e-11   6.7072174e-10  -3.3932090e-09  -1.5298886e-09   5.8062908e-09   9.9794757e-10  -3.8057925e-11  -1.4689600e-09  -1.8545666e-09   9.2603306e-10  -2.1845065e-10   4.7319560e-10   7.4272013e-11  -3.8298654e-09  -2.1608806e-10
  -2.5257107e-10   3.3377209e-10   8.3988934e-10  -3.6088969e-10  -5.0136593e-10  -4.7483992e-10  -2.3548247e-10  -3.5579456e-10   9.5270054e-10   4.6150274e-12   2.2345857e-09  -8.2437755e-11  -3.7724720e-10   1.9150470e-10  -7.2832196e-10   1.2189733e-10  -9.5203460e-11  -3.2843410e-09  -7.5003699e-11   1.5316830e-09  -8.0675314e-10   6.7883781e-10   1.0106823e-09   2.6825790e-10  -4.0458189e-10   4.6310947e-10   1.6621913e-09  -2.0460740e-10  -9.0475200e-10   1.9279072e-10
   4.9844860e-09  -7.0491734e-10  -2.5634675e-10   4.9329154e-10  -4.3970349e-10  -5.9146778e-10   4.2342789e-10  -1.9403276e-09   2.8482411e-09   3.9194879e-10   4.4945678e-09   3.7826162e-10   1.7203024e-10  -2.9094927e-10  -3.9618937e-11  -1.3903902e-10   2.2436912e-09  -4.9049838e-10   7.7951626e-11  -1.6506410e-11  -3.7361367e-10  -5.2213424e-11  -2.1521830e-10  -3.5435897e-10  -4.4596999e-10  -2.4340708e-09  -1.9938644e-09  -8.3068286e-11   9.4564879e-11   2.0015516e-10
   1.0777338e-08   5.1039583e-09   2.9517811e-09   6.4798390e-10  -2.3712742e-09  -1.0123107e-10   2.2764513e-09  -1.4507748e-10  -2.8579619e-09   2.8888143e-10   1.1034044e-08   3.2678393e-09   4.1934817e-10  -1.3670257e-09  -4.8514817e-09   4.6256342e-09   5.5957365e-09   1.9389963e-09  -2.2873027e-09   3.2484088e-09   7.1001070e-10  -2.9382559e-11  -2.2331250e-09  -9.3277169e-10   5.9835549e-10  -4.2500440e-09   1.2194324e-09   1.3427787e-09   1.2931532e-09  -1.4085885e-09
