  -1.0718706e-05  -8.9490986e-07   5.7945323e-06  -1.9757144e-05   2.6977139e-06   1.7148879e-05   4.4605517e-07  -5.1695751e-05  -3.9072221e-05   3.0856632e-05  -4.1367146e-08  -1.7376231e-06   1.0628148e-05   3.4786870e-06  -7.6885660e-06   3.4514974e-06   6.8810931e-06   6.3504965e-05  -2.1543679e-06  -1.9692033e-07   7.4657042e-05  -8.0917043e-06  -7.4769372e-06  -4.5150464e-05   4.5634181e-06  -3.9531289e-05   4.8897281e-06  -3.7115502e-06   1.8227014e-05  -4.5378087e-06
   2.2066151e-05  -1.4276419e-05   1.7175908e-05  -3.3532019e-05   9.6214040e-06   6.0846390e-06  -6.2176485e-07   2.4150897e-06  -8.7963189e-07   1.4421979e-05   1.6639586e-06  -2.2942136e-07   9.1232426e-06  -5.7159808e-06  -6.2515566e-06   4.2293569e-06  -8.4996437e-06   5.7893179e-05   1.3857992e-05   6.5183153e-07   1.0440219e-05   3.9645866e-05   1.1470595e-04  -8.1002667e-05   8.3402423e-05  -3.9582587e-06   8.1950385e-07   5.0764663e-05   2.7367147e-06   1.0898912e-06
   1.4721937e-05  -9.7541441e-06  -2.2942343e-05   6.0857216e-05  -9.3157071e-06   1.3464171e-05  -2.3018669e-06   9.8614363e-06   8.7014018e-06  -2.2266492e-06  -2.8781199e-05  -1.6148076e-07  -9.4746909e-06   2.0350942e-06   2.3389818e-06   9.1057650e-06  -2.1767604e-05   2.8535821e-05   9.4742256e-06   1.1965730e-06  -2.8092203e-06  -1.4170946e-05  -1.7734295e-05  -1.0476994e-05  -3.0251521e-06   2.2668175e-05  -3.1608134e-06   4.2780824e-05   3.1794441e-06  -1.4070685e-05
   2.0616528e-05   4.9652307e-07  -7.2881946e-06  -4.1942075e-05   2.9067839e-05   6.5595917e-06   3.9374010e-06  -3.1900198e-06   1.8365242e-05  -1.2302371e-06  -2.5082945e-06   7.5476492e-07  -2.2017114e-05   1.4947857e-06   5.9953143e-06  -4.3785285e-06  -3.6431284e-06  -9.1273300e-05   2.3564484e-05   5.3394895e-06   3.0188284e-05   1.3204371e-05  -4.0727014e-06   6.6857493e-06  -1.1082797e-05  -3.4215733e-05  -1.5503021e-05  -4.3560239e-05   1.1412713e-07  -9.6334068e-06
   2.3056811e-05   6.9880686e-06  -7.3878881e-06   7.4378165e-05  -1.4819573e-06   4.9050346e-05   3.2285396e-06  -6.0068192e-07   2.0676352e-06  -1.5804002e-05  -2.5762082e-05  -3.0968319e-07  -9.8900947e-05  -7.3709935e-08   4.4166021e-06  -6.5982638e-07   6.5265418e-06  -1.6270679e-05   1.5156292e-05  -1.5916465e-06   3.5202301e-05  -5.3095138e-05  -3.5042504e-05  -3.8747664e-05  -7.0645988e-07   3.0840888e-05   9.5545660e-05  -4.7713536e-07   6.6864644e-06   4.8869366e-06
  -3.7262512e-05   3.8664532e-06   1.5854297e-05   2.1895386e-05   2.6991099e-06  -6.3763046e-06   2.1246984e-06  -4.9248319e-06   3.5548309e-06   1.4270419e-06   2.3057557e-06   5.8478454e-07  -6.6220669e-06  -2.6663581e-06  -1.3381459e-05  -1.3797238e-05  -9.4333913e-05  -1.2286576e-05  -1.2960587e-05   1.4573396e-06   1.0105064e-04   8.4232961e-06   3.6356587e-05   4.7843215e-06   5.2104084e-07  -5.3653456e-06   2.9509454e-06   1.2465048e-05  -4.9931296e-07  -1.8462439e-06
   2.0141551e-05   4.8065455e-06  -5.8363492e-06  -1.7052405e-05  -3.9006044e-05  -8.2281171e-05   2.2893363e-07  -3.7590939e-06  -1.8825121e-05  -3.2792884e-06   1.6220269e-05  -1.8877832e-06  -1.2699449e-05  -2.2009473e-06   1.0829557e-07  -7.3931618e-06   2.2344241e-05  -1.9968487e-05   3.1243685e-05   6.6447932e-06   2.2182808e-05   2.4238770e-06  -1.8591562e-05  -1.2401373e-06   4.9699869e-06  -3.0263124e-06  -3.2983315e-06  -1.2651360e-05  -1.6038707e-05   1.8037911e-05
  -2.4771357e-05   1.2900090e-06   6.6838472e-05  -2.1585078e-05  -1.9111992e-05   3.9529471e-06   5.8783052e-06   4.9216437e-06   6.0107883e-06   4.0370881e-06  -5.2052103e-06   4.1127936e-06  -1.4466567e-05   3.4321235e-06   1.2536026e-06   2.4438583e-06  -9.7875014e-05   1.2245790e-05  -1.9776493e-05  -8.1582711e-06  -1.4794442e-05  -1.7593446e-06   5.9648273e-06   2.0885754e-05   2.8654092e-05  -1.6483684e-06   1.3657169e-05   6.2882098e-05   5.8977759e-06  -7.6329940e-06
   5.1766345e-06  -1.0163264e-05   1.6496921e-05  -3.0381261e-06  -1.5181218e-06   5.6981847e-05   6.4598782e-06  -1.0247894e-05   1.0163663e-05  -1.3280456e-05  -3.7088734e-06   2.0451447e-06   2.4628408e-05   1.5135263e-06   8.6553076e-06   3.8170149e-06   5.9598133e-06   3.7194604e-05  -4.3280562e-06   8.5150019e-07  -9.1768350e-05   2.4816203e-05  -2.1201100e-06  -3.4204036e-05   8.5325862e-06   7.5114924e-05   1.4516484e-05   3.9684138e-06  -4.1870439e-05   1.1332083e-05
   3.8177099e-05  -8.4149187e-06   2.1482390e-05   7.8450495e-06   2.3832289e-05   9.1748561e-07  -1.5668530e-06   1.4587209e-06   2.7453181e-05   8.4167069e-06   9.2449373e-06   2.3572442e-06  -5.7595957e-06   3.7071299e-06  -1.6091797e-05   6.1830094e-06   4.0927052e-05  -1.0897386e-05  -4.8645107e-06  -1.9370135e-07  -2.3396559e-05   1.0605541e-05   1.4185881e-05  -6.3945869e-07  -1.8360016e-05  -2.1783506e-05  -2.1238310e-05   8.1304396e-06   9.3098272e-06  -3.2944793e-06
   4.2400521e-05  -6.3082583e-06   5.9354487e-05   3.9910171e-05   1.8795124e-06  -8.0408678e-06  -3.4587479e-07  -3.2210177e-05   3.3305176e-06   6.2378184e-06   2.7666277e-06   3.6814092e-08  -9.0754599e-07   1.0007669e-07   1.4063794e-05   6.0740709e-06   1.1931077e-05  -1.0083241e-05   6.3339814e-06  -2.3047221e-06  -2.7441889e-05   1.5046859e-05  -2.6253954e-05  -4.7443354e-05  -8.6709053e-06   2.6325950e-05  -1.0853128e-05  -7.1942382e-05   1.5562494e-05   7.9351527e-08
  -4.9594323e-05   5.5612219e-06   4.5047480e-05  -3.0411586e-05  -4.2294219e-06   2.6452206e-05   1.2590899e-06   3.7612001e-06  -1.2408992e-05   2.0305618e-05  -4.4482260e-06  -1.4877917e-06  -1.6766824e-06   4.2839824e-06  -4.0756143e-05   6.8224158e-06   7.8539217e-06   1.6743364e-05   3.0337134e-05  -5.5835075e-06   5.3502739e-05   1.1632213e-05   3.8387734e-05   1.2033074e-05   1.0257017e-06  -6.5080109e-06  -5.8523226e-06  -3.6315912e-05  -2.1655528e-06  -9.5730567e-06
   4.0026340e-06   1.0462669e-07   5.2649156e-07   2.2373155e-05  -9.2889561e-06  -4.2056325e-06  -1.1581029e-06  -2.8357950e-05   7.9132450e-07   1.0339491e-05   5.1978268e-06   2.4156836e-06  -1.6904773e-07  -2.2255049e-05   2.4382911e-06   5.8514558e-06   1.7455284e-05   2.5459216e-05   6.9625102e-06   5.0522728e-07  -5.1805754e-05   2.4438596e-06  -7.1694864e-06  -1.1331123e-05   1.4025154e-05  -8.3699603e-06  -1.0365209e-05   6.7422789e-06   4.1376047e-06   1.8807865e-05
   2.7354031e-05   5.0036355e-06  -2.0096922e-05  -8.4909596e-05   1.3018761e-05   3.3853151e-06  -1.7382262e-06  -2.4770048e-05   1.5135112e-05   7.1730774e-06   1.1740521e-05   1.1938744e-06   2.3317051e-06   3.2171469e-06  -2.0079368e-06  -1.6283113e-05   1.2885467e-06   1.6196211e-05   1.7929396e-06   2.2644624e-06  -4.8608726e-05   2.9774562e-06  -1.3444015e-05  -6.6284113e-06  -1.1743347e-05  -2.0710279e-05  -1.0819057e-07  -5.0423620e-05   9.5215835e-07   1.8690111e-05
   8.2713077e-05  -6.3848657e-06  -1.5692719e-05  -1.0622290e-05  -1.0027490e-05   3.3876327e-06  -1.9291763e-06   9.7729659e-06  -9.3224243e-06   3.9596699e-06   3.0074262e-06   1.3530591e-07  -2.4378040e-06  -2.1481710e-06  -5.0980864e-06   7.4770929e-06  -4.3925595e-05   5.3920550e-05   1.7063309e-06   2.8089843e-06   3.3652458e-05  -1.1462003e-05   3.1693710e-05  -1.2010727e-05   1.3048550e-05   1.0037630e-05  -1.1605262e-05  -1.0788405e-04   3.3029400e-06   1.5785599e-06
   8.5542139e-06   2.8567694e-06   5.5576456e-06  -3.6303183e-05   3.2480456e-06  -2.5396644e-06   9.9959703e-06  -1.0929381e-05  -5.2653437e-06   8.7130943e-06   3.4635524e-06   2.0091891e-07  -2.0136467e-06  -1.4743839e-06  -2.1998607e-05   2.5544524e-07   4.3806964e-05   2.3171669e-06  -4.9560239e-06  -3.7012051e-06   1.6274024e-05   5.1100305e-08  -8.8615856e-08  -1.3072868e-05   3.0742548e-06  -9.8775330e-06   1.9036682e-06  -7.1663534e-06   9.1899896e-06   5.1341639e-06
   1.5725447e-05   2.8389269e-06   1.9015048e-05   3.2531545e-05  -8.7922981e-07   5.8354264e-06  -2.5209264e-07  -1.4465183e-06  -1.5006852e-06  -1.7878720e-06   8.2268590e-07   4.1434444e-07   7.9261322e-06  -1.3435081e-06   1.8799513e-05   7.7423120e-06   1.3456317e-06   2.4512181e-05   2.0823314e-06  -3.0695756e-06   1.1534496e-05  -4.0296433e-06   1.5541702e-05   9.1642739e-08   3.0856938e-06   2.5294265e-05   3.6663497e-06   1.7087989e-05  -2.9268489e-06  -6.0628304e-06
   1.6963349e-05  -4.3125780e-06  -1.2923952e-05  -1.0302910e-04  -4.3586367e-06   3.6975195e-06   1.2060741e-06  -2.6973310e-05   5.6014546e-06  -9.6371442e-06   1.8612783e-05  -1.5238207e-06   1.1672552e-06   1.8672517e-06   1.2730225e-05   1.4947468e-05  -3.4939796e-05   3.9330998e-06  -6.9894353e-05   2.2270747e-06  -2.7096331e-05   1.2578884e-06   2.6510434e-06   6.1928684e-06  -2.7833908e-05  -2.0375873e-07  -1.2599423e-06   6.7280824e-05  -1.3872223e-05  -6.6893306e-06
   1.4623141e-05  -1.1949123e-06   4.8827448e-06   1.0903582e-05   3.7001858e-06  -8.1952552e-06  -7.8511205e-07  -2.2219176e-05  -4.7960139e-06   9.7522040e-06   7.7753884e-06  -1.3872668e-06  -2.8919504e-06  -4.5830384e-07  -2.2508617e-05   2.0080929e-05   3.9414546e-08   3.6309025e-05  -5.7635951e-06  -1.6014658e-06  -1.7117350e-05   6.7826116e-06   1.1023086e-05   8.4726593e-05  -3.2727636e-06   5.2844411e-05  -3.0435845e-06   2.7775666e-05   2.3761091e-05   2.1371370e-05
  -1.5919852e-05  -1.7769634e-06  -2.7066026e-05   5.0937955e-05  -1.6869565e-05  -1.0576581e-05  -2.4831504e-07   4.8776053e-06  -1.4676127e-05   3.5875749e-05   4.7652829e-06  -5.4829192e-07  -3.7532501e-05  -5.3113870e-06  -2.8499253e-06  -2.3449280e-06   1.2102528e-05   5.9722249e-05   5.9554291e-06   1.2543987e-06   3.1568167e-06  -1.3952860e-05   1.6209832e-05  -2.5083462e-05  -1.7124253e-05   4.2549400e-07  -5.1557180e-06   2.1246315e-05   1.5817655e-06  -1.4289694e-05
