   2.8263008e+01   2.8263008e+01   2.8263008e+01   2.8263008e+01   2.8263008e+01   2.8263008e+01   2.8263008e+01   2.8263008e+01   2.8263008e+01   2.8263008e+01   2.8263008e+01   2.8263008e+01   2.8263008e+01   2.8263008e+01   2.8263008e+01   2.8263008e+01   2.8263008e+01   2.8263008e+01   2.8263008e+01   2.8263008e+01   2.8263008e+01   2.8263008e+01   2.8263008e+01   2.8392489e+01   2.8392489e+01   4.6156289e+01   2.8513521e+01   4.7509364e+01   4.7570360e+01   4.7570360e+01
   4.6743263e+01   4.6743263e+01   4.6743263e+01   4.6743263e+01   4.6743263e+01   4.6743263e+01   4.6743263e+01   4.6743263e+01   4.6743263e+01   4.6743263e+01   4.6743263e+01   4.6743263e+01   4.6743263e+01   4.6743263e+01   4.6743263e+01   4.6743263e+01   4.6743263e+01   4.6743263e+01   4.6743263e+01   4.6743263e+01   4.6743263e+01   4.6743263e+01   4.6743263e+01   4.6892427e+01   4.6892427e+01   4.6969645e+01   6.5538900e+01   6.6031966e+01   6.6092521e+01   6.6092521e+01
  -7.0211607e+01  -7.0211607e+01  -7.0211607e+01  -7.0211607e+01  -7.0211607e+01  -7.0211607e+01  -7.0211607e+01  -7.0211607e+01  -7.0211607e+01  -7.0211607e+01  -7.0211607e+01  -7.0211607e+01  -7.0211607e+01  -7.0211607e+01  -7.0211607e+01  -7.0211607e+01  -7.0211607e+01  -7.0211607e+01  -7.0211607e+01  -7.0211607e+01  -7.0211607e+01  -7.0211607e+01  -7.0211607e+01  -7.0233688e+01  -7.0233688e+01  -7.0244962e+01  -7.0248972e+01  -7.0255057e+01  -7.0253648e+01  -7.0253648e+01
  -7.8631374e+01  -7.8631374e+01  -7.8631374e+01  -7.8631374e+01  -7.8631374e+01  -7.8631374e+01  -7.8631374e+01  -7.8631374e+01  -7.8631374e+01  -7.8631374e+01  -7.8631374e+01  -7.8631374e+01  -7.8631374e+01  -7.8631374e+01  -7.8631374e+01  -7.8631374e+01  -7.8631374e+01  -7.8631374e+01  -7.8631374e+01  -7.8631374e+01  -7.8631374e+01  -7.8631374e+01  -7.8631374e+01  -7.8689183e+01  -7.8689183e+01  -7.8718808e+01  -7.8733653e+01  -7.8749514e+01  -7.8746925e+01  -7.8746925e+01
   5.1735870e+01   5.1735870e+01   5.1735870e+01   5.1735870e+01   5.1735870e+01   5.1735870e+01   5.1735870e+01   5.1735870e+01   5.1735870e+01   5.1735870e+01   5.1735870e+01   5.1735870e+01   5.1735870e+01   5.1735870e+01   5.1735870e+01   5.1735870e+01   5.1735870e+01   5.1735870e+01   5.1735870e+01   5.1735870e+01   5.1735870e+01   5.1735870e+01   5.1735870e+01   5.1874494e+01   5.1874494e+01   5.1946276e+01   5.2004354e+01   7.1002456e+01   7.1063367e+01   7.1063367e+01
   5.9574226e+01   5.9574226e+01   5.9574226e+01   5.9574226e+01   5.9574226e+01   5.9574226e+01   5.9574226e+01   5.9574226e+01   5.9574226e+01   5.9574226e+01   5.9574226e+01   5.9574226e+01   5.9574226e+01   5.9574226e+01   5.9574226e+01   5.9574226e+01   5.9574226e+01   5.9574226e+01   5.9574226e+01   5.9574226e+01   5.9574226e+01   5.9574226e+01   5.9574226e+01   5.9700158e+01   5.9700158e+01   5.9765164e+01   5.9811742e+01   7.8805662e+01   7.8864958e+01   7.8864958e+01
  -3.3544725e+01  -3.3544725e+01  -3.3544725e+01  -3.3544725e+01  -3.3544725e+01  -3.3544725e+01  -3.3544725e+01  -3.3544725e+01  -3.3544725e+01  -3.3544725e+01  -3.3544725e+01  -3.3544725e+01  -3.3544725e+01  -3.3544725e+01  -3.3544725e+01  -3.3544725e+01  -3.3544725e+01  -3.3544725e+01  -3.3544725e+01  -3.3544725e+01  -3.3544725e+01  -3.3544725e+01  -3.3544725e+01  -3.3665178e+01  -3.3665178e+01  -3.3727539e+01  -5.2282472e+01  -3.3810359e+01  -5.2829193e+01  -5.2829193e+01
   3.0069505e+01   3.0069505e+01   3.0069505e+01   3.0069505e+01   3.0069505e+01   3.0069505e+01   3.0069505e+01   3.0069505e+01   3.0069505e+01   3.0069505e+01   3.0069505e+01   3.0069505e+01   3.0069505e+01   3.0069505e+01   3.0069505e+01   3.0069505e+01   3.0069505e+01   3.0069505e+01   3.0069505e+01   3.0069505e+01   3.0069505e+01   3.0069505e+01   3.0069505e+01   3.0116567e+01   3.0116567e+01   3.0140938e+01   3.0161497e+01   3.0175016e+01   3.0175219e+01   3.0175219e+01
  -4.4442039e+01  -4.4442039e+01  -4.4442039e+01  -4.4442039e+01  -4.4442039e+01  -4.4442039e+01  -4.4442039e+01  -4.4442039e+01  -4.4442039e+01  -4.4442039e+01  -4.4442039e+01  -4.4442039e+01  -4.4442039e+01  -4.4442039e+01  -4.4442039e+01  -4.4442039e+01  -4.4442039e+01  -4.4442039e+01  -4.4442039e+01  -4.4442039e+01  -4.4442039e+01  -4.4442039e+01  -4.4442039e+01  -4.4628964e+01  -4.4628964e+01  -4.4725842e+01  -6.3313435e+01  -6.3815707e+01  -6.3876395e+01  -6.3876395e+01
  -2.8511528e+01  -2.8511528e+01  -2.8511528e+01  -2.8511528e+01  -2.8511528e+01  -2.8511528e+01  -2.8511528e+01  -2.8511528e+01  -2.8511528e+01  -2.8511528e+01  -2.8511528e+01  -2.8511528e+01  -2.8511528e+01  -2.8511528e+01  -2.8511528e+01  -2.8511528e+01  -2.8511528e+01  -2.8511528e+01  -2.8511528e+01  -2.8511528e+01  -2.8511528e+01  -2.8511528e+01  -2.8511528e+01  -2.8549957e+01  -2.8549957e+01  -2.8569712e+01  -2.8581609e+01  -2.8592328e+01  -2.8591167e+01  -2.8591167e+01
   7.6494281e+01   7.6494281e+01   7.6494281e+01   7.6494281e+01   7.6494281e+01   7.6494281e+01   7.6494281e+01   7.6494281e+01   7.6494281e+01   7.6494281e+01   7.6494281e+01   7.6494281e+01   7.6494281e+01   7.6494281e+01   7.6494281e+01   7.6494281e+01   7.6494281e+01   7.6494281e+01   7.6494281e+01   7.6494281e+01   7.6494281e+01   7.6494281e+01   7.6494281e+01   7.6564033e+01   7.6564033e+01   7.6599969e+01   7.6624101e+01   7.6643697e+01   7.6642267e+01   7.6642267e+01
  -5.9278726e+01  -5.9278726e+01  -5.9278726e+01  -5.9278726e+01  -5.9278726e+01  -5.9278726e+01  -5.9278726e+01  -5.9278726e+01  -5.9278726e+01  -5.9278726e+01  -5.9278726e+01  -5.9278726e+01  -5.9278726e+01  -5.9278726e+01  -5.9278726e+01  -5.9278726e+01  -5.9278726e+01  -5.9278726e+01  -5.9278726e+01  -5.9278726e+01  -5.9278726e+01  -5.9278726e+01  -5.9278726e+01  -5.9403824e+01  -5.9403825e+01  -5.9468669e+01  -5.9523607e+01  -7.8518047e+01  -7.8579743e+01  -7.8579743e+01
  -2.3347202e+01  -2.3347202e+01  -2.3347202e+01  -2.3347202e+01  -2.3347202e+01  -2.3347202e+01  -2.3347202e+01  -2.3347202e+01  -2.3347202e+01  -2.3347202e+01  -2.3347202e+01  -2.3347202e+01  -2.3347202e+01  -2.3347202e+01  -2.3347202e+01  -2.3347202e+01  -2.3347202e+01  -2.3347202e+01  -2.3347202e+01  -2.3347202e+01  -2.3347202e+01  -2.3347202e+01  -2.3347202e+01  -2.3414959e+01  -2.3414959e+01  -2.3450017e+01  -2.3478480e+01  -2.3497874e+01  -2.3497853e+01  -2.3497853e+01
   7.0832337e+01   7.0832337e+01   7.0832337e+01   7.0832337e+01   7.0832337e+01   7.0832337e+01   7.0832337e+01   7.0832337e+01   7.0832337e+01   7.0832337e+01   7.0832337e+01   7.0832337e+01   7.0832337e+01   7.0832337e+01   7.0832337e+01   7.0832337e+01   7.0832337e+01   7.0832337e+01   7.0832337e+01   7.0832337e+01   7.0832337e+01   7.0832337e+01   7.0832337e+01   7.0877318e+01   7.0877318e+01   7.0900350e+01   7.0911279e+01   7.0923620e+01   7.0921427e+01   7.0921427e+01
   3.8040213e+01   3.8040213e+01   3.8040213e+01   3.8040213e+01   3.8040213e+01   3.8040213e+01   3.8040213e+01   3.8040213e+01   3.8040213e+01   3.8040213e+01   3.8040213e+01   3.8040213e+01   3.8040213e+01   3.8040213e+01   3.8040213e+01   3.8040213e+01   3.8040213e+01   3.8040213e+01   3.8040213e+01   3.8040213e+01   3.8040213e+01   3.8040213e+01   3.8040213e+01   3.7989671e+01   3.7989671e+01   3.7963371e+01   3.7937176e+01   3.7922369e+01   3.7921010e+01   3.7921010e+01
   2.4217327e+01   2.4217327e+01   2.4217327e+01   2.4217327e+01   2.4217327e+01   2.4217327e+01   2.4217327e+01   2.4217327e+01   2.4217327e+01   2.4217327e+01   2.4217327e+01   2.4217327e+01   2.4217327e+01   2.4217327e+01   2.4217327e+01   2.4217327e+01   2.4217327e+01   2.4217327e+01   2.4217327e+01   2.4217327e+01   2.4217327e+01   2.4217327e+01   2.4217327e+01   2.4189327e+01   2.4189327e+01   2.4174780e+01   2.4161008e+01   2.4152850e+01   2.4152289e+01   2.4152289e+01
   1.8562430e+01   1.8562430e+01   1.8562430e+01   1.8562430e+01   1.8562430e+01   1.8562430e+01   1.8562430e+01   1.8562430e+01   1.8562430e+01   1.8562430e+01   1.8562430e+01   1.8562430e+01   1.8562430e+01   1.8562430e+01   1.8562430e+01   1.8562430e+01   1.8562430e+01   1.8562430e+01   1.8562430e+01   1.8562430e+01   1.8562430e+01   1.8562430e+01   1.8562430e+01   1.8615992e+01   1.8615992e+01   1.8643811e+01   1.8669701e+01   1.8685259e+01   1.8686233e+01   1.8686233e+01
  -2.7163606e+01  -2.7163606e+01  -2.7163606e+01  -2.7163606e+01  -2.7163606e+01  -2.7163606e+01  -2.7163606e+01  -2.7163606e+01  -2.7163606e+01  -2.7163606e+01  -2.7163606e+01  -2.7163606e+01  -2.7163606e+01  -2.7163606e+01  -2.7163606e+01  -2.7163606e+01  -2.7163606e+01  -2.7163606e+01  -2.7163606e+01  -2.7163606e+01  -2.7163606e+01  -2.7163606e+01  -2.7163606e+01  -4.3676793e+01  -4.3676792e+01  -4.4974526e+01  -2.7327071e+01  -4.6308390e+01  -4.6370759e+01  -4.6370759e+01
   6.3071520e+01   6.3071520e+01   6.3071520e+01   6.3071520e+01   6.3071520e+01   6.3071520e+01   6.3071520e+01   6.3071520e+01   6.3071520e+01   6.3071520e+01   6.3071520e+01   6.3071520e+01   6.3071520e+01   6.3071520e+01   6.3071520e+01   6.3071520e+01   6.3071520e+01   6.3071520e+01   6.3071520e+01   6.3071520e+01   6.3071520e+01   6.3071520e+01   6.3071520e+01   6.3123431e+01   6.3123431e+01   6.3150188e+01   6.3170388e+01   6.3185191e+01   6.3184257e+01   6.3184257e+01
  -4.5787729e+01  -4.5787729e+01  -4.5787729e+01  -4.5787729e+01  -4.5787729e+01  -4.5787729e+01  -4.5787729e+01  -4.5787729e+01  -4.5787729e+01  -4.5787729e+01  -4.5787729e+01  -4.5787729e+01  -4.5787729e+01  -4.5787729e+01  -4.5787729e+01  -4.5787729e+01  -4.5787729e+01  -4.5787729e+01  -4.5787729e+01  -4.5787729e+01  -4.5787729e+01  -4.5787729e+01  -4.5787729e+01  -4.5956876e+01  -4.5956877e+01  -4.6044494e+01  -6.4626691e+01  -6.5124605e+01  -6.5185495e+01  -6.5185495e+01
