   5.6532371e-10  -5.4183292e-10   1.3502900e-09   3.1525538e-10  -2.0842257e-10   5.4996445e-10  -2.9966967e-10   4.4374198e-10  -7.1942479e-10   5.6525844e-10   6.3277653e-10   8.2822609e-10  -4.6531455e-10   3.8292643e-10   1.3412104e-09  -1.9415465e-09   1.7134532e-09   7.9043951e-10  -9.7539333e-11   3.1503163e-10   5.5206393e-10  -1.4168269e-10  -1.6922520e-10   3.5347559e-12  -2.6348866e-10  -4.5245723e-10   1.6895659e-09   4.6759308e-10  -6.8819334e-10  -4.1052988e-10
  -8.3208223e-10  -5.5223155e-10  -2.1405550e-09  -3.0761894e-09   3.3747213e-09  -5.3258526e-09  -3.9220112e-10   5.9897729e-10   1.2062258e-10   3.2991181e-09  -2.2522642e-10   5.2469948e-10   2.3338787e-09   4.2343613e-10  -4.1612311e-10  -5.1206070e-10  -1.1117369e-09   1.1918826e-09   3.6214949e-11  -2.1738334e-10  -4.5620804e-10   3.1666982e-10   1.5424998e-09  -1.9328072e-10  -1.3443914e-09  -2.1482888e-10  -1.0357612e-09  -1.3263789e-11  -1.0256427e-09   6.8933697e-10
   2.0250966e-10   4.1579313e-10  -2.2390960e-10   2.7915978e-10  -9.4644835e-10   9.0557958e-10   7.2367364e-10   1.3899189e-10   2.3793885e-09   6.2877033e-10  -1.6578384e-10  -3.6127601e-10  -5.7268743e-10   7.7894297e-10  -1.6838863e-09   8.3793919e-10  -8.3569120e-10   1.2051160e-09   6.2349466e-10   2.1246382e-11   1.0355890e-09  -1.1139490e-09  -2.6425271e-10  -3.1129949e-11   1.8536110e-09   9.0487482e-10  -2.1651233e-09  -1.6593475e-10   8.7248047e-10   6.2068504e-10
   6.9394793e-10   4.0074415e-10  -1.3888136e-09   3.3453761e-10  -5.0651324e-10  -1.1614959e-09  -1.0452308e-09  -1.9491228e-10   1.1068175e-10  -5.4584797e-10  -2.0591725e-10   1.3030480e-10  -2.6489309e-09  -1.9419270e-09   1.1568562e-09  -9.5101430e-11  -9.8523562e-10  -2.0012091e-09   7.7558008e-11  -1.6146143e-10  -2.2074286e-10   1.4928175e-09   1.3966171e-10   2.6340274e-11   2.8817002e-10  -3.0520329e-10   3.6164247e-10   1.1506014e-10   2.5016920e-10   1.2298771e-09
   1.1209688e-09   2.7906634e-10  -2.7271079e-09  -4.3231928e-09   1.1640019e-09  -6.9554437e-10  -5.5965005e-10  -8.4635836e-10  -1.3668041e-10  -2.3422512e-10   9.9214056e-10   1.4492791e-09  -5.8257420e-11   1.2838194e-09  -2.3187849e-09  -5.9295414e-10  -2.6190636e-10   1.7644950e-10  -1.1810260e-09   3.8539207e-09   3.8006726e-10   2.1139216e-09   1.6950028e-10   9.8320189e-10  -1.1455067e-09   2.1698698e-10  -3.6299054e-09   1.6218400e-10   2.1872298e-09   1.5447077e-09
  -8.6397707e-10  -2.0761762e-10  -8.4426209e-11   4.4557121e-09   9.6787845e-10   8.2379627e-11  -8.0789881e-10   1.3382269e-09  -9.7216706e-11  -4.7828503e-10  -4.5783611e-10  -5.8192894e-10  -1.3334145e-09  -1.4529816e-11   7.0566263e-11  -7.2643828e-10  -6.5182042e-10  -1.1911191e-09   9.1982878e-12   3.7035129e-11  -3.4282999e-10   7.2775413e-10   2.0202138e-09   1.5226487e-10  -1.4633072e-09  -1.6663402e-10   1.8011381e-09   1.3100476e-10   1.7296569e-09  -2.3264533e-09
  -2.2679590e-09  -6.1851027e-09   5.1641818e-09   2.8474851e-09   3.7116922e-09   4.6598098e-10   5.2936084e-10   1.7685027e-09   3.6768177e-09   1.4807533e-09  -1.2210601e-10   1.9096978e-09   2.4915818e-09  -1.7879513e-09   1.2728433e-09   7.4383411e-10   3.5036302e-09   1.1672368e-09  -6.3730707e-10   4.9126466e-10  -1.9744386e-09  -4.6814666e-09   1.4330644e-09   3.0948075e-11   1.4616520e-09  -4.5535290e-10   3.3190697e-09  -6.5136777e-10  -1.6187110e-09  -9.0983935e-10
  -1.7622871e-09   2.2768584e-09  -2.3242161e-09  -3.2561433e-09   1.5265619e-09  -1.0050836e-10  -2.4031624e-10   8.8641053e-10   3.3956427e-11   2.3624325e-09  -6.0923498e-10  -3.7913047e-10  -4.0571902e-10  -3.3511366e-10   4.4829632e-10  -8.6698418e-10  -1.6577995e-09   1.0464561e-10   4.2323803e-10  -8.5723536e-11  -1.4077342e-09  -5.0619593e-10  -1.5016857e-10  -2.5620918e-10   1.5553183e-09   7.1519780e-11   1.2743236e-10  -1.3197701e-10  -7.1492074e-10   6.9560612e-10
   1.6378880e-09   2.7243812e-09   1.6521281e-09   2.9383782e-09  -2.0507428e-09   1.9855629e-09   1.4889351e-09   2.7877973e-10   2.1748821e-10   2.4105148e-09   6.8220614e-10  -3.7482924e-10  -4.1304579e-09  -1.7884372e-09  -2.4501529e-10  -6.7841344e-10   3.0819744e-10  -2.0471312e-09   7.8354197e-10   2.7274271e-10  -4.2567976e-09  -7.8668030e-10  -2.0266180e-10   1.1582569e-10   1.3159316e-10  -4.4214719e-10  -4.3201836e-10  -1.9658118e-10   3.3478944e-10   5.2699267e-10
  -1.2338731e-08  -1.1584275e-08   5.7695193e-09   9.1040249e-09   1.3466629e-08   4.5447792e-09  -1.1829327e-09   1.5468394e-09   1.2692601e-10  -1.3909361e-09  -8.2474809e-10   1.0348813e-10  -1.9015746e-09  -4.6419808e-09   2.2435241e-09   1.6352333e-09   4.8536067e-09   5.5012243e-11  -2.7457697e-09   5.6051168e-10  -9.0345793e-10  -2.4330134e-09  -2.0897356e-09   3.6644512e-10  -4.8732657e-10   7.9115040e-10   3.6820672e-09   5.8694388e-10  -4.3589279e-09  -6.4940745e-10
