   1.8504657e-15   1.9830225e-16  -2.2263266e-16  -4.3796112e-18   4.2415429e-17   2.2427878e-15   4.6039106e-15   6.2738413e-16   6.5975528e-17   4.5889307e-16  -3.2980881e-16   4.3508058e-16   1.1261510e-15   3.7538515e-16  -1.5779384e-16   1.0079094e-15   8.7831467e-16   1.5090951e-16   1.3054816e-15   7.7675002e-16   1.7713260e-16  -6.0731883e-16   6.8433832e-16   1.7119649e-16  -3.8289623e-16   4.2027575e-15   3.0198017e-15  -1.1165703e-15  -4.4102672e-16   1.4113473e-15
  -1.4626284e-11  -1.0201065e-09   1.5905616e-11   1.3389029e-15  -8.5010296e-09   6.2794304e-10   1.2170240e-10   1.7034017e-09  -3.8505569e-12   3.0198631e-12  -2.7854339e-10  -2.5777757e-10  -7.8718902e-12   1.6941719e-09   1.0145441e-11  -2.4143182e-11  -1.0033485e-11  -1.9113306e-13   7.2163512e-10   5.5849083e-11   7.3914637e-11  -2.2000744e-10   4.3609319e-13  -2.6278364e-14  -2.2903257e-11  -1.2431592e-09  -3.4293830e-11  -4.2066378e-10   1.0324673e-09   4.9321895e-10
   5.4387427e-15   4.0085727e-12  -1.0093191e-11  -5.1376869e-17   2.6647700e-14   7.6665469e-13   9.4098009e-15  -1.6382549e-12   4.7235498e-14  -7.9980553e-14   2.1795931e-13  -5.1480218e-15  -2.3384491e-12   3.3016843e-11   1.6098081e-16  -4.2265178e-16   6.4168029e-12   3.6411669e-14  -9.7243180e-12   4.0748820e-14   1.5767590e-14  -4.8303578e-14   1.0359088e-15   3.5626111e-16   3.3192615e-15  -1.8074265e-12   7.0759526e-14  -1.9069703e-10   9.7965007e-13  -2.6715229e-12
   5.2643137e-15  -6.8038120e-16  -4.6171639e-16  -2.6452503e-17  -2.7713224e-16   3.5136934e-15   4.3095884e-15  -1.4722196e-15   4.8101533e-17   1.6478125e-15   3.5042469e-15   2.6441286e-15   1.3036944e-15   7.3924098e-16  -5.8971197e-16   3.7724025e-15   2.7444159e-15   6.9642693e-16   4.9676342e-15   1.3390897e-15   1.5833682e-15  -1.8455584e-15   4.4341657e-15   4.4341413e-16  -1.4419789e-15   1.5252501e-15   4.2548819e-15   4.9283889e-15  -2.2809483e-15   2.2790033e-15
  -8.7179591e-13   1.1883948e-11  -1.3978742e-10  -1.4380246e-15  -1.1983445e-12   8.4414242e-12  -4.3507548e-13   1.8130292e-12  -3.9805870e-13   4.8219898e-13   1.0146663e-13  -4.9796197e-13  -8.8789836e-11  -1.3056770e-12   1.2144690e-12  -3.3742492e-12  -1.8338299e-13  -9.0876592e-13  -2.8957387e-11  -9.6057900e-12  -5.1033940e-13   3.5123149e-13  -2.3837077e-14   4.1858974e-15  -4.0183796e-15  -4.1707705e-11  -1.6297298e-13  -2.2733864e-10  -6.1168183e-12   1.0587241e-12
  -1.7580840e-11   2.6816007e-10   6.9566040e-10  -5.8266381e-09  -9.2764910e-11  -1.2789834e-09  -3.2812407e-12   1.2868170e-10   4.2697305e-12   8.3471690e-13   2.5642693e-09  -2.1038343e-11   1.7097505e-11  -1.9120552e-09  -1.8985295e-11   2.1384317e-11   4.2963306e-11  -1.1356138e-11   4.4975967e-10   1.6884790e-11   9.4916099e-11   2.1929089e-10   1.9299105e-12   2.9190009e-10  -4.0786491e-12   6.6927117e-10   8.3093953e-12  -2.1848696e-09   1.2038421e-09  -9.7794433e-09
  -3.2956944e-12  -4.0800778e-13  -1.4844099e-10   3.3418843e-16  -1.0019786e-12   2.2251503e-11   1.2251052e-14   2.9324917e-13   4.4967901e-12  -1.1342414e-12   1.2087507e-12   5.5151989e-11   6.6766007e-11  -2.8073441e-11  -1.0522183e-15  -3.0279282e-14   6.6093302e-12  -6.2775843e-14  -6.1728009e-11   2.5887056e-14   1.8187384e-13   4.0605346e-11  -6.7104137e-15   1.1987110e-11  -7.1535096e-14   2.0505227e-11   2.4105298e-13   2.9769396e-11   7.4771348e-12   2.2477465e-11
  -5.4387417e-15  -4.0085726e-12   1.0093191e-11   5.1376867e-17  -2.6647700e-14  -7.6665470e-13  -9.4098007e-15   1.6382550e-12  -4.7235499e-14   7.9980551e-14  -2.1795932e-13   5.1480222e-15   2.3384491e-12  -3.3016843e-11  -1.6098080e-16   4.2306133e-16  -6.4168030e-12  -3.6411669e-14   9.7243181e-12  -4.0748821e-14  -1.5767590e-14   4.8303573e-14  -1.0359091e-15  -3.5626111e-16  -3.3192616e-15   1.8074265e-12  -7.0765900e-14   1.9069705e-10  -9.7965087e-13   2.6715229e-12
   3.4157583e-11   9.3958597e-11   1.4652540e-09  -3.5921606e-15  -3.6337850e-12   7.6532077e-11   8.4282217e-14  -1.8150797e-11   1.2080642e-12   1.9380654e-12   5.8270335e-12   8.8720126e-12   1.1333157e-10   7.4034104e-12  -3.8307265e-14   2.6214563e-13   5.9615887e-11  -6.0881447e-10  -2.4611730e-10  -1.2125711e-11   9.1259442e-13  -7.1721770e-11  -1.2678625e-13  -1.2018541e-15  -3.3365490e-12   1.3586366e-11  -2.6847738e-12   3.8017965e-10  -2.5123156e-09  -1.6785321e-12
   2.8405451e-15   1.1662438e-16  -3.8715594e-16  -1.3509930e-17  -9.4865579e-17   2.2910069e-15   3.6171535e-15  -7.3211248e-16  -2.7571607e-16   8.4498914e-16   3.4054884e-16   1.3125333e-15   4.6697404e-16   4.5418665e-15  -3.0993029e-16   1.9169375e-15   2.6945490e-15   3.2932004e-16   2.9753887e-15   2.5762815e-16   9.3041318e-16  -6.9465203e-16   1.9572552e-15   2.7005950e-16  -6.5912043e-16   1.6459411e-15   1.2317012e-15   1.8562897e-15  -2.1735237e-15   1.3779178e-15
