   3.7996803e+01   3.7996795e+01   3.7996801e+01   3.7996803e+01   3.7996803e+01   3.7996803e+01   3.7996834e+01   3.7996804e+01   3.7996795e+01   3.7996801e+01   3.7996803e+01   3.7996819e+01   3.7996803e+01   3.7996804e+01   3.7996803e+01   3.7996803e+01   3.7996803e+01   3.7996803e+01   3.7996803e+01   3.7996803e+01   3.7996774e+01   3.7996803e+01   3.7996778e+01   3.7996803e+01   3.7996803e+01   3.7996803e+01   3.7996803e+01   3.7996803e+01   3.7996803e+01   3.7996803e+01
   4.0713086e+01   5.0496457e+01   5.6914250e+01   5.8775346e+01   4.9049303e+01   5.2615747e+01   3.6402339e+01   5.4693886e+01   5.1842282e+01   4.2881627e+01   6.5263742e+01   3.7573029e+01   5.2606877e+01   5.3122601e+01   4.8524466e+01   6.2932977e+01   4.9352783e+01   4.9077571e+01   4.3480030e+01   4.4260112e+01   3.6108763e+01   4.5885563e+01   3.4125726e+01  -7.9648167e+01  -9.9999724e+01  -3.9685256e+01   6.4991796e+01   6.4991796e+01  -3.8843999e+01   4.9112102e+01
   6.1572445e+01   6.5088398e+01   6.4180467e+01   5.6674845e+01   5.4739384e+01   5.9253262e+01   5.6369683e+01   7.7850347e+01   5.9352786e+01   6.1748197e+01   6.3074557e+01   6.1424341e+01   6.1453128e+01   7.1764625e+01   6.1612406e+01   6.5223605e+01   6.9793768e+01   6.7648177e+01   7.4219435e+01   6.8299954e+01   5.8575470e+01   4.9370372e+01   6.9734608e+01   5.9545526e+01   6.8902705e+01   6.3293205e+01   1.0167586e+01   1.0167586e+01   7.7140736e+01  -6.2836289e+01
  -6.7803587e+01  -7.4804168e+01  -7.9953763e+01  -8.0696760e+01  -6.6014863e+01  -7.4005085e+01  -7.1421899e+01  -7.9852508e+01  -7.9904084e+01  -7.5856760e+01  -8.0344895e+01  -7.7691543e+01  -7.7838640e+01  -8.3115284e+01  -8.1593597e+01  -8.2150230e+01  -8.0721034e+01  -7.9739342e+01  -7.3760697e+01  -8.2744790e+01  -8.0660971e+01  -8.3804505e+01  -7.7273907e+01  -7.5114953e+01  -7.6569430e+01  -8.3821436e+01  -7.8702297e+01  -7.8702297e+01  -6.8604746e+01  -8.1978339e+01
  -4.9801563e+01  -6.8640672e+01  -5.5344524e+01  -5.6965937e+01  -5.5629658e+01  -5.0096552e+01  -5.1357400e+01  -3.7845003e+01  -6.8665322e+01  -4.7195222e+01  -4.8294857e+01  -3.6117810e+01  -6.4926545e+01  -6.2100393e+01  -6.5654602e+01  -4.5869702e+01  -5.2095340e+01  -6.7589502e+01  -4.3159360e+01  -6.2415543e+01  -5.1216161e+01  -6.8147848e+01  -4.4475844e+01  -4.7387873e+01  -4.2738773e+01  -5.8218034e+01  -5.9938001e+01  -5.9938001e+01  -5.6083912e+01  -6.8732911e+01
  -8.1743814e+01  -8.6649370e+01  -8.5629872e+01  -8.4440069e+01  -8.4278950e+01  -8.2390533e+01  -8.0014603e+01  -8.0207433e+01  -8.8536862e+01  -7.9080007e+01  -8.4458460e+01  -7.8652636e+01  -8.6490498e+01  -8.8913554e+01  -8.6058670e+01  -8.1432917e+01  -8.2021013e+01  -8.7729055e+01  -7.6577627e+01  -8.5952520e+01  -8.3053091e+01  -8.7887713e+01  -8.0920537e+01  -7.8885117e+01  -8.2274212e+01  -8.3961434e+01  -8.5861347e+01  -8.5861347e+01  -8.0152899e+01  -8.9287966e+01
   2.2112738e+01   2.0263413e+01   1.8732592e+01   1.8536491e+01   2.2495416e+01   2.0334628e+01   2.1056850e+01   1.8560950e+01   1.8564893e+01   1.9767248e+01   1.8506707e+01   1.9318242e+01   1.9227902e+01   1.7417848e+01   1.8071933e+01   1.7888590e+01   1.8630022e+01   1.8658151e+01   2.0386657e+01   1.7774665e+01   1.8419110e+01   1.7283607e+01   1.9515341e+01   2.0119156e+01   1.9567164e+01   1.7185852e+01   1.9017146e+01   1.9017146e+01   2.1776122e+01   1.8007290e+01
  -7.2409225e+01  -8.5712793e+01  -9.4272978e+01  -9.5438052e+01  -6.8634435e+01  -8.4311348e+01  -7.9515133e+01  -9.4117956e+01  -9.4219350e+01  -8.7563087e+01  -9.4880215e+01  -9.0639990e+01  -9.0919851e+01  -9.8991027e+01  -9.6771052e+01  -9.7618439e+01  -9.5651139e+01  -9.3979089e+01  -8.3865142e+01  -9.8458249e+01  -9.5384218e+01  -9.9962659e+01  -8.9942102e+01  -8.6341356e+01  -8.8772864e+01  -9.9967208e+01  -9.2297143e+01  -9.2297143e+01  -7.3991114e+01  -9.7391361e+01
   2.7365424e+01   2.5934830e+01   1.5836535e+01   2.7285358e+01   2.4886416e+01   1.0576544e+01   2.7029456e+01   2.3870606e+01   1.9639535e+01   1.4452791e+01   2.4978505e+01   1.9218249e+01   1.2329945e+01   1.8607823e+01   1.5145771e+01   2.6697253e+01   1.0655446e+01   1.6927280e+01   2.1618123e+01   1.5336210e+01   2.6383025e+01   1.6519232e+01   1.3154339e+01   1.4665370e+01   9.6244965e+00   2.2951547e+01   1.9167343e+01   1.9167343e+01   2.1878008e+01   2.1064516e+01
   5.3278094e+01   5.3278094e+01   5.3278094e+01   5.3278094e+01   5.3278094e+01   5.3278096e+01   5.3278096e+01   5.3278094e+01   5.3278093e+01   5.3278093e+01   5.3278094e+01   5.3278350e+01   5.3278094e+01   5.3278094e+01   5.3278094e+01   5.3278094e+01   5.3277759e+01   5.3278089e+01   5.3278102e+01   5.3278093e+01   5.3278098e+01   5.3278094e+01   5.3278094e+01   5.3278094e+01   5.3278096e+01   5.3278094e+01   5.3278094e+01   5.3278094e+01   5.3278094e+01   5.3278094e+01
  -7.7214532e+01  -7.3002516e+01  -7.4672424e+01  -6.8847155e+01  -7.6077866e+01  -7.9856639e+01  -7.8571760e+01  -7.1461048e+01  -7.0979982e+01  -7.1628653e+01  -7.0841188e+01  -7.6419335e+01  -7.6246526e+01  -7.4870503e+01  -7.7088047e+01  -6.4360807e+01  -7.3039802e+01  -7.1380017e+01  -6.0939079e+01  -7.0158053e+01  -7.7401967e+01  -6.7165350e+01  -6.8370262e+01  -7.4733934e+01  -7.6759444e+01  -7.9161143e+01  -3.2187804e+01  -3.2187804e+01  -8.7666131e+01   2.7608328e+01
   8.8458979e+00   8.8458980e+00   8.8458978e+00   8.8458980e+00   8.8458978e+00   8.8458974e+00   8.8458978e+00   8.8458980e+00   8.8458716e+00   8.8458975e+00   8.8458950e+00   8.8459096e+00   8.8458972e+00   8.8458866e+00   8.8458982e+00   8.8458988e+00   8.8458978e+00   8.8458967e+00   8.8458986e+00   8.8458980e+00   8.8458983e+00   8.8458977e+00   8.8458982e+00   8.8458980e+00   8.8458976e+00   8.8458980e+00   8.8458955e+00   8.8458955e+00   8.8458980e+00   8.8458970e+00
   3.3004414e+01   3.3004433e+01   3.3004414e+01   3.3004414e+01   3.3004414e+01   3.3004409e+01   3.3004414e+01   3.3004414e+01   3.3004412e+01   3.3004414e+01   3.3004414e+01   3.3004415e+01   3.3004407e+01   3.3004414e+01   3.3004414e+01   3.3004414e+01   3.3004414e+01   3.3004413e+01   3.3004414e+01   3.3004413e+01   3.3004419e+01   3.3004414e+01   3.3004412e+01   3.3004414e+01   3.3004414e+01   3.3004414e+01   3.3004412e+01   3.3004412e+01   3.3004414e+01   3.3004399e+01
  -1.3994332e+00  -1.2721902e+01  -2.3079780e+01  -1.9972372e+01  -2.3247221e+01  -1.8620403e+01  -4.0808713e+00  -1.6311064e+01  -2.2167829e+01  -8.4461034e+00  -1.0748279e+01  -2.1903148e+01  -1.7781788e+01  -2.1557117e+01  -2.0360148e+01  -1.8751274e+01  -1.0439521e+01  -2.5432592e+01  -8.3526717e+00  -3.2382299e+00  -3.1908462e+01  -9.1267130e+00  -3.5765035e+01  -9.4168221e+01  -9.6195043e+01  -6.3832895e+01  -2.4011506e+01  -2.4011506e+01  -5.8229753e+01  -3.2089810e+00
   7.9584857e+01   7.9584856e+01   7.9584857e+01   7.9584857e+01   7.9584857e+01   7.9584857e+01   7.9584859e+01   7.9584856e+01   7.9584857e+01   7.9584882e+01   7.9584857e+01   7.9584857e+01   7.9584856e+01   7.9584857e+01   7.9584857e+01   7.9584861e+01   7.9584857e+01   7.9584857e+01   7.9584857e+01   7.9584856e+01   7.9584857e+01   7.9584862e+01   7.9584830e+01   7.9584857e+01   7.9584855e+01   7.9584857e+01   7.9584857e+01   7.9584857e+01   7.9584857e+01   7.9584844e+01
  -1.7314633e+01  -1.7314633e+01  -1.7314634e+01  -1.7314633e+01  -1.7314633e+01  -1.7314634e+01  -1.7314633e+01  -1.7314633e+01  -1.7314621e+01  -1.7314622e+01  -1.7314633e+01  -1.7314633e+01  -1.7314528e+01  -1.7314636e+01  -1.7314630e+01  -1.7314633e+01  -1.7314633e+01  -1.7314633e+01  -1.7314633e+01  -1.7314636e+01  -1.7314634e+01  -1.7314633e+01  -1.7314634e+01  -1.7314633e+01  -1.7314615e+01  -1.7314634e+01  -1.7314633e+01  -1.7314633e+01  -1.7314635e+01  -1.7314633e+01
   2.7292775e+01   3.1438405e+01   3.5995803e+01   3.5561545e+01   3.3472393e+01   3.2716757e+01   2.6613297e+01   3.6778902e+01   2.9584768e+01   4.2057377e+01   3.2582582e+01   2.7044035e+01   3.0553300e+01   3.0455162e+01   2.7234783e+01   3.0835554e+01   3.5706644e+01   4.0559492e+01   2.0116933e+01   4.3437176e+01   2.8783315e+01   3.3486699e+01   2.4480226e+01   3.5114371e+01   3.5372947e+01   3.2812255e+01   2.3138776e+01   2.3138776e+01   3.0910653e+01   2.7010596e+01
  -1.7232149e+01  -2.5380990e+01  -1.6110274e+01  -2.3556108e+01  -1.5444704e+01  -1.9258104e+01  -2.9592587e+01  -1.8503817e+01  -2.3667266e+01  -3.1153062e+01  -1.4475452e+01  -1.7554131e+01  -2.4793787e+01  -1.7313326e+01  -3.0959057e+01  -2.3836696e+01  -2.7171709e+01  -2.3902929e+01  -3.2709274e+01  -2.7614518e+01  -2.3136937e+01  -2.8714287e+01  -1.8697532e+01  -3.0570842e+01  -1.4360293e+01  -3.1598985e+01  -2.1672773e+01  -2.1672773e+01  -3.2926769e+01  -2.2222251e+01
   5.0452196e+01   4.6865028e+01   4.3996329e+01   4.3618939e+01   5.1298870e+01   4.7224718e+01   4.8580245e+01   4.3991789e+01   4.3958087e+01   4.6212024e+01   4.3755002e+01   4.5213692e+01   4.5136831e+01   4.2056725e+01   4.3017232e+01   4.2689508e+01   4.3643046e+01   4.4073435e+01   4.7339173e+01   4.2354326e+01   4.3565673e+01   4.1678956e+01   4.5448493e+01   4.6674824e+01   4.5828589e+01   4.1624748e+01   4.4688503e+01   4.4688503e+01   5.0001305e+01   4.2806916e+01
  -4.2831402e+01  -3.4313970e+01  -4.6728550e+01  -3.7060184e+01  -4.5207557e+01  -4.1696872e+01  -2.6987632e+01  -4.2770777e+01  -3.7737447e+01  -2.5582805e+01  -4.8782014e+01  -4.3838260e+01  -3.5736904e+01  -4.6999253e+01  -2.7966455e+01  -3.6305666e+01  -3.1356843e+01  -3.7628362e+01  -2.3147981e+01  -3.2330477e+01  -3.7412103e+01  -3.1850090e+01  -4.2329397e+01  -2.5924663e+01  -4.7926706e+01  -2.7677525e+01  -3.9619425e+01  -3.9619425e+01  -2.2469779e+01  -3.9769241e+01
