  2.1089221e-161 -9.7518646e-161 -7.4380619e-161 -4.7784279e-161 -6.1944594e-160  8.1122013e-160 -9.8772098e-160 -6.8225111e-161 -4.1290004e-160  2.0139001e-161  4.0473640e-160 -7.6654964e-160  1.1723248e-160  7.1354301e-162 -4.6505190e-160  8.4990258e-163  6.3338601e-160  4.9433616e-160 -5.2492002e-160  3.5152808e-160 -1.4300835e-160  1.1199238e-159 -4.1730976e-161  1.8388688e-162  4.7265809e-162  4.4327494e-160  3.6434499e-160 -2.9383118e-160 -2.6239134e-159  2.2117377e-159
  1.6559680e-155  9.1134334e-156  6.5168482e-159  1.5155061e-156  1.7833163e-156 -3.8515009e-155  3.8802419e-156  2.5004394e-156 -6.7379228e-156 -3.0274290e-156  1.7124585e-155  1.6988940e-155 -1.4803581e-155  9.5311604e-156  3.4054769e-155 -6.0372698e-156 -6.6738540e-156 -1.9288739e-155 -6.0543701e-156 -4.7710937e-156  1.2076592e-156  1.4849416e-155  1.7788699e-155  2.8650593e-155 -1.6663357e-155  8.6408827e-156  1.0472237e-157 -1.7303415e-155 -4.1377943e-155  3.9558207e-156
 -8.6947413e-156  1.5164049e-155 -2.1519533e-155  3.0300386e-155 -7.7269834e-156 -5.0191403e-156  3.9291576e-156  8.3684307e-156  9.4911556e-156 -8.4192976e-156 -1.6877978e-155  6.5117569e-156  1.3497974e-155  5.1061337e-157  4.9084906e-156 -1.3132699e-155 -1.2482264e-155 -6.9066572e-157 -1.6670274e-155  2.2256028e-155 -5.3728059e-156 -3.7953138e-155  5.9436438e-156 -1.5970282e-155 -1.3476641e-155 -5.4672193e-156  3.4181562e-155 -3.0501100e-155 -1.2720664e-155 -9.5616809e-156
 -1.4970118e-155  3.1716842e-156 -1.7764900e-156  2.8214528e-156 -7.8668865e-156  1.7512406e-155  1.9093731e-155 -2.3922915e-155 -2.3479666e-155 -9.8832960e-156 -1.9754966e-155  7.8526170e-156  1.0140684e-155  7.9906204e-158 -4.3230649e-155  1.7209794e-156 -1.6823957e-155 -1.1176286e-155 -3.1441132e-156 -1.7216409e-155  2.1525332e-155  1.5987052e-155  1.4197504e-156 -1.8325656e-155  3.4201265e-155  5.1945662e-156 -2.5135829e-155  1.5335593e-155 -1.0793693e-155  2.7525242e-157
 -2.2166023e-156  1.6232061e-156 -4.1812123e-155  1.1190854e-155  4.1803076e-155  5.0722524e-156  2.6599124e-156  1.7962851e-155  1.9194387e-155 -1.0063385e-155  5.4289166e-156 -6.4357893e-156  3.4285347e-157  1.2390211e-155 -1.8915528e-155 -2.7229237e-157  5.6682876e-156 -2.9493447e-155  9.2607218e-156 -2.3671117e-156  9.1316974e-156  1.2005072e-155 -1.4739399e-155  7.8898720e-156 -1.6020047e-155 -2.7393997e-155 -5.8019655e-156 -4.7587997e-156  2.0554667e-155 -2.5207194e-155
 -1.5947044e-156 -1.1406122e-155 -1.9827028e-155  8.8979120e-156  3.9425784e-156 -3.9671048e-156  3.3658375e-155  4.5236143e-156 -2.5411773e-155  2.4610872e-156 -2.1311242e-155  1.7662861e-155 -4.4740463e-155 -1.9638598e-155 -1.3627718e-155  4.6185612e-156  8.4076483e-156  4.0046225e-156  1.5309989e-156 -8.3916958e-156  1.2186231e-155 -2.5000907e-155  1.7854663e-156  6.3470808e-156 -1.3933917e-155 -2.2851907e-155  1.6467665e-156  2.8974485e-156  7.8682581e-156  2.0247522e-155
  4.2511931e-156  3.2099666e-155  1.7906618e-155  4.7779431e-157  6.2114965e-156 -1.8795885e-156 -1.9612502e-155 -1.3763844e-156 -8.0129754e-156  2.6218199e-156  5.0647732e-156  3.1477080e-156 -5.4670893e-156  1.2297117e-155 -8.8384429e-157 -4.0181152e-156  4.4113625e-157  1.0541949e-155  8.0498504e-156  2.5004607e-155  4.7825165e-156  1.1233935e-156 -1.3805809e-155 -8.9808388e-156 -2.5411618e-156  1.8234019e-155  5.0667260e-156 -1.1865829e-155  7.5212054e-157  1.2060455e-155
  1.0594866e-155  1.7203467e-156 -1.0966678e-155  1.3605082e-155  2.3903862e-155 -2.8680006e-155 -4.0346800e-158 -4.2015737e-156 -1.3179674e-155 -3.7770937e-155 -1.9431191e-155  2.8602395e-155  1.3408020e-155 -3.7442623e-155 -3.7261439e-156  3.4101949e-155  4.4948433e-155 -1.8533632e-155 -3.0251476e-155 -4.6837306e-156 -1.6277053e-155 -4.4087471e-158 -7.2543156e-157  3.4565307e-155 -1.5411681e-155  7.7713284e-156 -3.0592820e-155  5.1951368e-156  1.2944052e-155  1.3027440e-155
  2.0165096e-155 -6.1699221e-156  8.9531772e-156  2.5276296e-156  3.8351103e-156 -2.2704304e-155  7.4330251e-156 -1.1117666e-155 -1.2354831e-155  1.9804839e-155 -9.9961849e-156 -9.2406565e-156  2.2873145e-155 -2.8801193e-155 -6.1182003e-156  4.1460815e-155 -1.0225165e-156 -1.5651409e-155  1.0675774e-156 -5.2005488e-156 -1.8946584e-155  1.7735365e-155 -5.4608382e-156 -1.1856185e-155  4.8190502e-156  5.0005486e-156 -8.0207840e-157 -5.0048695e-156  2.0394993e-155  1.5315482e-155
 -4.3993895e-156 -9.8415570e-156 -4.0404305e-156  6.9145116e-156 -1.3048800e-155 -6.9916887e-156  1.6181587e-156 -1.3014355e-155  1.7445098e-155 -7.6775309e-156 -2.1713248e-155 -4.2665043e-156 -5.0902160e-156 -8.8292975e-156  3.8761157e-156  1.1447413e-155  1.3757689e-157 -5.1903655e-156  2.7506495e-155 -1.4132242e-156  2.3366023e-155 -8.6011745e-156  3.6849475e-156 -3.7333902e-156 -1.0616180e-155  5.1056761e-156 -2.2861960e-156 -6.8867938e-157 -1.3754125e-155  3.2192137e-155
  9.4981293e-156  4.5697564e-155 -3.7398381e-156  1.9161305e-155  2.4677547e-155  2.1346380e-155 -2.6378919e-157 -2.8549945e-155  3.8405341e-156 -1.6701682e-155 -1.2322073e-156 -3.9668648e-156 -7.9594301e-156 -4.2059280e-155  2.5511505e-156 -1.5062982e-155  5.9756079e-157 -3.1385735e-156 -1.6546766e-155  2.7112287e-156  2.9589794e-155  5.8701619e-156  5.9556919e-156 -4.6811335e-156 -1.6101932e-155 -3.4428114e-155 -2.8072216e-155 -1.4262286e-155  4.2204919e-156  2.6756760e-155
 -2.0499502e-155  3.7654587e-155  1.6495360e-155  1.6960995e-155 -9.7801398e-156 -4.1176425e-155 -3.8527035e-155  1.8474537e-155 -1.4260703e-155 -1.1449143e-155  3.8815207e-155 -1.0491190e-155  2.7958960e-155 -5.8027832e-156  2.2432674e-156 -1.3388565e-155 -2.9099596e-156 -7.6425963e-156  3.0145331e-155  2.1358874e-155 -8.8524996e-156  7.9608637e-157 -3.2367967e-155 -2.3152126e-155 -3.2389995e-156 -5.3992279e-156 -7.9279480e-156  2.8466023e-155 -4.2747837e-156 -3.4682981e-156
  1.5989056e-155  1.0106544e-155 -1.5576851e-156 -1.3786818e-155 -3.2360127e-156 -2.5212084e-156 -5.8848502e-156 -2.2330176e-155 -1.2657649e-155 -3.7420627e-157  4.4682789e-156  1.5727212e-155  2.6138563e-155 -5.3650184e-156 -7.0829778e-156  2.1719801e-155  5.9441851e-156 -5.4376470e-155 -8.7200591e-156 -1.2597630e-155  2.3906909e-155 -1.2398530e-155 -4.5240523e-155 -4.8295782e-156 -6.1862267e-157  2.6532092e-156  4.3968109e-156  4.9192319e-156 -4.5060029e-156 -2.1611491e-155
 -5.3392801e-155  1.1647326e-155  2.1065278e-155  9.4449707e-156  2.0948683e-155 -7.2436571e-156 -2.3085646e-155 -1.3565281e-155  1.5317879e-155 -3.0704814e-155 -3.5877207e-155  1.5335795e-155 -9.0248010e-156  9.5469476e-156  1.5574885e-156 -2.3055035e-155 -4.0336252e-156  1.9889572e-156  7.6983315e-156 -6.0468279e-156  5.0040219e-156  1.1892248e-155 -1.0034108e-155  1.2079363e-156  4.1446403e-155 -1.6993239e-155  1.0853502e-155 -7.8326970e-156  1.3042753e-157 -3.0006516e-156
  1.8841384e-155 -1.0783354e-156 -2.2765067e-155 -1.8094019e-155  4.0088782e-156  2.2674480e-156  8.4179972e-156  3.8804817e-155  1.0046060e-155  1.0622345e-155  1.1545901e-155  3.3661991e-155 -1.7757599e-155  1.2936060e-155  3.0998830e-156  1.7243640e-155 -7.0356715e-156  8.6561271e-156  1.9160852e-155  5.1967759e-155  2.1013598e-155  8.4124449e-156 -9.6171867e-156 -7.4789366e-157  1.7905632e-155  2.0111502e-155  1.5922288e-155  2.4377118e-155  2.4592659e-156  5.8046703e-156
  1.0372762e-155 -5.0837932e-156 -1.3214876e-155 -1.5587042e-156  2.2003703e-155  8.2215278e-156 -1.0813258e-155 -8.3960531e-156  2.2733158e-155 -3.5497167e-155  1.1820881e-155  1.4422720e-155  1.6406528e-156  1.7195112e-155 -2.1107083e-155  2.4323549e-156 -4.9874662e-155  4.9403739e-156  6.4461648e-156  2.1632424e-155 -8.5735315e-156 -2.6907869e-155 -6.1822001e-156  1.2792292e-155 -1.0227649e-155  7.4198987e-156 -2.7977425e-155  1.8608815e-155  3.3724672e-155 -3.8570000e-156
  5.2313065e-156  3.7732392e-156 -1.4682358e-155 -4.1631079e-155 -5.2350012e-156  1.3999502e-157 -2.2892837e-157  1.9495173e-155 -2.8677749e-155 -9.8831861e-156 -4.6828001e-156  2.2018553e-155 -1.3004691e-155 -7.5898727e-156  1.0627203e-155  1.7512395e-155  6.0741779e-156 -1.6499868e-155  2.1814445e-155  1.1277482e-155 -6.4264899e-156 -3.1518774e-156  2.5669010e-155 -2.8139465e-155  1.1883226e-156 -3.4934376e-155  1.4964045e-155 -1.9159672e-155  2.4711053e-155 -1.8732242e-155
 -1.1382679e-155  4.7437314e-156 -2.0183642e-155 -6.4782214e-156  8.1836031e-156  3.8462312e-156 -9.5622709e-157  1.7340671e-155 -4.4207900e-156 -5.4300123e-156  3.8473601e-156  2.6682446e-155 -1.3518953e-155  2.5624768e-157 -2.4549457e-155 -9.2463076e-156 -1.4067235e-155 -1.0920119e-156 -3.4487460e-155 -3.2911156e-156 -1.9178267e-155  2.5984757e-156  2.6783391e-155 -4.5421820e-156 -1.1269164e-156  1.6788299e-155  1.0387697e-155  2.2465527e-155 -9.4592089e-156 -5.3844757e-157
  5.3315293e-156 -6.4529074e-156  1.8238175e-155 -3.1308948e-155 -3.3631463e-155  1.0737480e-156 -3.6584790e-155 -1.0857816e-155 -8.8542684e-156  5.8844241e-156  2.1168717e-156  2.7177853e-155 -1.3306367e-157 -2.2369306e-156 -3.1622774e-156 -1.3840198e-155  6.4917706e-156 -4.7454314e-156 -3.9641369e-156 -3.2706122e-156  3.2610294e-155  1.6442054e-156  3.8209214e-156 -3.2484695e-155 -2.3094966e-155  1.2976116e-155 -7.3629413e-156  2.3382625e-155  4.1832124e-157 -1.8189954e-155
 -1.2655373e-155 -9.4493108e-156  6.0790879e-156 -1.3079668e-155 -5.2444784e-157  4.0985798e-156  2.5626631e-156  6.6650872e-156  3.1871555e-155 -2.2479016e-155 -2.5624684e-156 -3.4285259e-157  4.2749065e-156 -4.8452173e-156 -2.5582705e-155  2.0571614e-156 -8.9730874e-156  5.3386838e-156  2.2228835e-156  4.4520873e-156 -1.0307827e-155 -3.6643751e-155 -1.3564272e-156  1.9631221e-156 -1.2399381e-155  8.6103211e-156 -1.8663336e-155 -2.0373931e-155  2.0391149e-155 -2.9823779e-155
