  -7.6762310e+00  -7.6762310e+00  -7.6762310e+00  -7.6762310e+00  -7.6762310e+00  -7.6762310e+00  -7.6762310e+00  -7.6762310e+00  -7.6762310e+00  -7.6762310e+00  -7.6762310e+00  -7.6762310e+00  -7.6762310e+00  -7.6762310e+00  -7.6762310e+00  -7.6762310e+00  -7.6762310e+00  -7.6762310e+00  -7.6762310e+00  -7.6762310e+00  -7.6762310e+00  -7.6762310e+00  -7.6762310e+00  -7.6762310e+00  -7.6762310e+00  -7.6762310e+00  -7.6762310e+00  -7.6762310e+00  -7.6762310e+00  -7.6762310e+00
   5.2469167e+01   5.2469167e+01   5.2469167e+01   5.2469167e+01   5.2469167e+01   5.2469167e+01   5.2469167e+01   5.2469167e+01   5.2469167e+01   5.2469167e+01   5.2469167e+01   5.2469167e+01   5.2469167e+01   5.2469167e+01   5.2469167e+01   5.2469167e+01   5.2469167e+01   5.2469167e+01   5.2469167e+01   5.2469167e+01   5.2469167e+01   5.2469167e+01   5.2469167e+01   5.2469167e+01   5.2469167e+01   5.2469167e+01   5.2469167e+01   5.2469167e+01   5.2469167e+01   5.2469167e+01
   1.2772541e+01   1.2772541e+01   1.2772541e+01   1.2772541e+01   1.2772541e+01   1.2772541e+01   1.2772541e+01   1.2772541e+01   1.2772541e+01   1.2772541e+01   1.2772541e+01   1.2772541e+01   1.2772541e+01   1.2772541e+01   1.2772541e+01   1.2772541e+01   1.2772541e+01   1.2772541e+01   1.2772541e+01   1.2772541e+01   1.2772541e+01   1.2772541e+01   1.2772541e+01   1.2772541e+01   1.2772541e+01   1.2772541e+01   1.2772541e+01   1.2772541e+01   1.2772541e+01   1.2772541e+01
   1.4794652e+00   1.4794652e+00   1.4794652e+00   1.4794652e+00   1.4794652e+00   1.4794652e+00   1.4794652e+00   1.4794652e+00   1.4794652e+00   1.4794652e+00   1.4794652e+00   1.4794652e+00   1.4794652e+00   1.4794652e+00   1.4794652e+00   1.4794652e+00   1.4794652e+00   1.4794652e+00   1.4794652e+00   1.4794652e+00   1.4794652e+00   1.4794652e+00   1.4794652e+00   1.4794652e+00   1.4794652e+00   1.4794652e+00   1.4794652e+00   1.4794652e+00   1.4794652e+00   1.4794652e+00
   1.1484888e+01   1.1484888e+01   1.1484888e+01   1.1484888e+01   1.1484888e+01   1.1484888e+01   1.1484888e+01   1.1484888e+01   1.1484888e+01   1.1484888e+01   1.1484888e+01   1.1484888e+01   1.1484888e+01   1.1484888e+01   1.1484888e+01   1.1484888e+01   1.1484888e+01   1.1484888e+01   1.1484888e+01   1.1484888e+01   1.1484888e+01   1.1484888e+01   1.1484888e+01   1.1484888e+01   1.1484888e+01   1.1484888e+01   1.1484888e+01   1.1484888e+01   1.1484888e+01   1.1484888e+01
   6.0167492e+01   6.0167492e+01   6.0167492e+01   6.0167492e+01   6.0167492e+01   6.0167492e+01   6.0167492e+01   6.0167492e+01   6.0167492e+01   6.0167492e+01   6.0167492e+01   6.0167492e+01   6.0167492e+01   6.0167492e+01   6.0167492e+01   6.0167492e+01   6.0167492e+01   6.0167492e+01   6.0167492e+01   6.0167492e+01   6.0167492e+01   6.0167492e+01   6.0167492e+01   6.0167492e+01   6.0167492e+01   6.0167492e+01   6.0167492e+01   6.0167492e+01   6.0167492e+01   6.0167492e+01
  -1.6840449e+01  -1.6840449e+01  -1.6840449e+01  -1.6840449e+01  -1.6840449e+01  -1.6840449e+01  -1.6840449e+01  -1.6840449e+01  -1.6840449e+01  -1.6840449e+01  -1.6840449e+01  -1.6840449e+01  -1.6840449e+01  -1.6840449e+01  -1.6840449e+01  -1.6840449e+01  -1.6840449e+01  -1.6840449e+01  -1.6840449e+01  -1.6840449e+01  -1.6840449e+01  -1.6840449e+01  -1.6840449e+01  -1.6840449e+01  -1.6840449e+01  -1.6840449e+01  -1.6840449e+01  -1.6840449e+01  -1.6840449e+01  -1.6840449e+01
  -7.0556148e+01  -7.0556148e+01  -7.0556148e+01  -7.0556148e+01  -7.0556148e+01  -7.0556148e+01  -7.0556148e+01  -7.0556148e+01  -7.0556148e+01  -7.0556148e+01  -7.0556148e+01  -7.0556148e+01  -7.0556148e+01  -7.0556148e+01  -7.0556148e+01  -7.0556148e+01  -7.0556148e+01  -7.0556148e+01  -7.0556148e+01  -7.0556148e+01  -7.0556148e+01  -7.0556148e+01  -7.0556148e+01  -7.0556148e+01  -7.0556148e+01  -7.0556148e+01  -7.0556148e+01  -7.0556148e+01  -7.0556148e+01  -7.0556148e+01
  -5.0390108e+01  -5.0390108e+01  -5.0390108e+01  -5.0390108e+01  -5.0390108e+01  -5.0390108e+01  -5.0390108e+01  -5.0390108e+01  -5.0390108e+01  -5.0390108e+01  -5.0390108e+01  -5.0390108e+01  -5.0390108e+01  -5.0390108e+01  -5.0390108e+01  -5.0390108e+01  -5.0390108e+01  -5.0390108e+01  -5.0390108e+01  -5.0390108e+01  -5.0390108e+01  -5.0390108e+01  -5.0390108e+01  -5.0390108e+01  -5.0390108e+01  -5.0390108e+01  -5.0390108e+01  -5.0390108e+01  -5.0390108e+01  -5.0390108e+01
  -2.0118641e+01  -2.0118641e+01  -2.0118641e+01  -2.0118641e+01  -2.0118641e+01  -2.0118641e+01  -2.0118641e+01  -2.0118641e+01  -2.0118641e+01  -2.0118641e+01  -2.0118641e+01  -2.0118641e+01  -2.0118641e+01  -2.0118641e+01  -2.0118641e+01  -2.0118641e+01  -2.0118641e+01  -2.0118641e+01  -2.0118641e+01  -2.0118641e+01  -2.0118641e+01  -2.0118641e+01  -2.0118641e+01  -2.0118641e+01  -2.0118641e+01  -2.0118641e+01  -2.0118641e+01  -2.0118641e+01  -2.0118641e+01  -2.0118641e+01
