  -7.4689871e-10  -9.9584531e-10   1.5015536e-10   1.1200700e-09  -6.0943030e-11   4.6702909e-10   1.1067356e-09   1.3662095e-09  -1.7910329e-10  -1.7701212e-09   9.5409749e-10  -4.7932781e-10  -2.2794210e-10   4.6702909e-10  -3.5906047e-09   5.5253890e-10  -4.6076862e-10  -2.4602688e-09   2.1366066e-09   3.8640580e-10   1.7383685e-09  -6.0008612e-08  -1.2204511e-09   4.9818839e-09  -2.7969936e-09   5.0842815e-09  -4.8302077e-10  -2.9149218e-09   3.4287596e-10  -2.9466831e-08
   2.3845066e-11  -1.8806951e-12  -4.8176675e-12   1.5422711e-12   3.0948139e-12   4.3100625e-12   5.5727817e-13  -3.8474908e-12  -1.3374047e-13  -5.0524118e-12   3.3833998e-12  -1.6097189e-12  -1.7308452e-13   4.3100625e-12  -3.5787949e-11   3.4984495e-12   8.8704409e-13   7.3432856e-12  -3.6975882e-12  -4.3228844e-12  -6.5803567e-12  -1.7112752e-13  -1.0950803e-12   8.3618060e-12   2.1753564e-13  -1.2833824e-11  -6.7497378e-12  -7.2969694e-12   6.7924702e-12   1.6907371e-11
   5.1653647e-12  -2.6253453e-12   1.1960269e-13   4.3349544e-11  -1.6680119e-12   1.4757958e-12   1.7977567e-11   2.5799386e-11   4.3334064e-14  -6.4129602e-13   8.6334065e-13  -8.5425216e-13   5.5510237e-13   1.4757958e-12   9.7261595e-12  -1.5907542e-11   4.8073428e-13   5.4871150e-12  -8.2262571e-14   3.9795403e-12  -4.1493217e-11   1.8527804e-14   6.1812722e-13  -5.9424219e-11  -3.0699597e-15   8.6242717e-12  -1.6876106e-13  -1.4566196e-11   1.6301456e-12  -9.0835535e-13
   7.1269860e-13   2.0089497e-12  -8.9832380e-13   3.7384680e-12   8.1108722e-12   1.4248422e-12   4.7580945e-12  -8.1217833e-12   8.9370786e-13   3.4457127e-11  -3.5085514e-12   4.0666303e-13   5.9356279e-13   1.4248422e-12   4.1209958e-12   1.8700334e-12  -3.9037236e-12   1.7524893e-11   3.9334732e-12   1.3887328e-12  -1.5212107e-11  -7.4032128e-14   2.7026588e-12  -2.4016300e-12  -2.6195272e-12   7.9638782e-12   1.5385627e-11   5.7464922e-14  -8.7564614e-13  -3.7970039e-12
  -1.3096484e-11   1.4601136e-11  -1.7351620e-13  -1.1163053e-11   7.2548992e-12   4.1127404e-12   3.8789723e-12  -3.5569450e-11  -9.1210879e-13   9.7180888e-12   1.1518608e-12   1.5321800e-12  -2.2950314e-12   4.1127404e-12   1.0323006e-11   5.4236557e-12   1.0470483e-11   9.3169147e-13   1.1398511e-11   1.8565151e-12   9.3691986e-13   1.1644704e-13   2.9571131e-13  -4.3074910e-12  -1.0457543e-12   1.3606576e-12  -9.5585711e-12  -9.9401672e-12  -1.7870263e-12   9.4275754e-12
   2.5102261e-12  -4.0528275e-13   6.6626630e-13   2.8303800e-12  -6.7858886e-12   8.4198716e-12   2.2017965e-12   9.3048150e-12  -6.3290291e-12   1.7544335e-11  -2.2421781e-11  -7.0515666e-13   4.9207915e-13   8.4198716e-12   8.6814027e-13  -6.2834894e-12   1.8196960e-12   9.8233981e-12   2.0592171e-12   5.3812322e-12   1.6779798e-11   5.1101252e-14   1.7314898e-12   4.3223676e-11   9.1528833e-13   7.8289055e-13  -3.2354017e-12  -2.6634734e-12  -6.1136423e-13  -3.5475848e-11
   9.6157560e-12   1.5818484e-12  -1.4973056e-12   1.0746883e-11   7.0339348e-12  -5.6200823e-12   3.4615184e-12   4.6720123e-12  -2.0093814e-13   8.2455639e-12   7.6977875e-12  -5.1100105e-12  -5.5770117e-14  -5.6200823e-12   1.2093941e-11  -9.2032682e-12  -3.2101284e-12   3.7738505e-12  -3.1403768e-11  -2.1353729e-12   5.1288897e-12  -1.0184699e-13   7.7988194e-13  -5.7904733e-12   3.3000533e-12  -7.9880140e-13   3.0334544e-12   2.6147322e-14  -4.4851173e-12   1.7161545e-12
   6.8675403e-12  -7.9578857e-12   2.5472007e-13   4.2446840e-12  -1.9330415e-12   3.2645463e-11   1.6693378e-12  -1.8531516e-11  -3.0070833e-12  -1.1089571e-11  -2.8672428e-11  -2.7932957e-13   4.2759319e-12   3.2645463e-11   6.2909238e-12  -7.2457943e-12  -1.2619697e-11  -5.6381751e-12   2.5290725e-12   1.1053321e-11  -6.9628202e-12  -9.4360614e-14   2.3392933e-13   3.3086162e-12   2.7053053e-13   5.5011142e-12  -3.0204003e-12   1.6119756e-11  -1.2322096e-11   2.2751077e-11
  -4.8468542e-12   1.4549104e-11   1.0041400e-13  -1.6559095e-11  -1.9923169e-12   2.5236492e-12  -8.3808548e-13  -3.3184338e-12  -7.4762815e-13   1.6771561e-12   1.2958822e-11   3.4940058e-12  -6.4982733e-13   2.5236492e-12  -6.5644070e-12   1.9239021e-12   1.7396502e-11  -2.3557810e-11   1.6513672e-12   4.0150507e-12  -3.4549150e-11   1.6596379e-13   7.6817952e-13   4.2007806e-12  -5.2457561e-12   6.2439382e-12  -9.0893997e-12   4.1068071e-11  -2.4867832e-12   1.8061436e-11
   2.1548642e-11   8.7910264e-13   1.0854694e-12   9.6329397e-12   7.2212690e-12   6.9497363e-12  -2.2273528e-12   2.0543947e-11   5.7572993e-12  -1.2232561e-11   2.0223904e-12   1.5147417e-13  -9.1019144e-14   6.9497363e-12  -5.0015115e-12   7.4361769e-13  -7.4752099e-12   6.7061305e-12   4.6046727e-12   7.2753233e-12  -6.7317007e-13  -9.8551094e-13  -7.4057389e-13  -4.4718251e-12  -4.1187071e-12   1.7711153e-11   4.0345534e-12   1.0893743e-11   2.4142332e-11   1.1827292e-11
  -2.1135295e-11   5.6245391e-12   1.2556844e-12  -3.2520808e-12  -1.9417605e-12   1.1503233e-12  -3.0927822e-12  -1.3493445e-11  -9.7083457e-14  -3.5555428e-11  -4.2306080e-12  -2.7520364e-13  -5.6926727e-13   1.1503233e-12   2.5774550e-12  -5.1955951e-13  -1.7018629e-12  -2.6807887e-12   9.1482505e-13  -5.5350776e-12  -8.1330648e-12  -3.2030820e-14   9.4630079e-13   3.1425412e-12  -1.2756339e-11  -6.3924029e-12   6.2843686e-12  -2.4035403e-11  -6.6734841e-12  -2.4862145e-12
   4.0358830e-11  -5.6761178e-12  -5.2230613e-12  -4.1841974e-12   2.9036445e-11   6.4094590e-12   7.1999670e-13   1.2774422e-11  -5.1924795e-14   8.1925559e-12  -2.4088364e-12  -6.0444343e-12   2.8176093e-13   6.4094590e-12  -9.7246796e-13  -2.2676659e-12  -1.5451427e-11   2.9213545e-12   4.1447013e-11  -3.7632840e-12  -2.4457590e-11  -4.1992547e-14   2.6367479e-13   1.7779366e-12   5.5314319e-12  -2.6233290e-12  -1.2653746e-11   3.5977408e-12  -8.0913283e-12  -2.6028430e-12
  -9.7599268e-12  -3.9657240e-13  -8.6928762e-15   1.5680693e-12   5.5572205e-12   6.2458799e-12   1.4094604e-11   3.1809861e-12  -3.8410722e-13  -3.4634137e-11   1.2807061e-11   2.8269532e-12   3.4567177e-13   6.2458799e-12  -1.5364132e-12   3.9823851e-12   1.5497951e-11   1.6020340e-11  -2.7411697e-12  -4.8784602e-12   8.0060832e-12  -3.2361379e-16   4.2428214e-12   1.1228417e-13  -1.9662323e-11  -6.8711697e-12  -3.3948499e-12   7.9339132e-13  -6.7195378e-12   1.3160934e-12
   2.7052574e-11  -7.4615278e-12  -1.6355057e-12  -1.5827365e-12  -3.9296208e-11  -1.5314303e-12   4.3633760e-12   6.0105593e-13   1.2366051e-12   1.8868086e-11  -2.6765255e-12  -9.6132387e-13   7.5274196e-13  -1.5314303e-12  -2.0992242e-12  -2.6137615e-13   4.2298692e-12   2.3494146e-11  -7.9543657e-12  -5.4618383e-12   4.1973922e-12  -1.6402675e-13   1.6358861e-12  -1.8633013e-12   7.3301599e-12  -1.9341005e-11  -3.1052932e-13   2.3884009e-11  -2.0752236e-12   9.6821056e-12
  -1.0621105e-12   5.1313058e-13   6.6494824e-13   1.0982167e-11  -1.0698655e-11  -3.0205685e-12   1.6331999e-12   1.2439279e-11  -7.7495273e-13   4.4707405e-12   2.0716302e-12  -8.8990631e-13  -3.3572031e-13  -3.0205685e-12   3.0291078e-12   2.0782484e-11  -1.1924466e-11  -2.0630283e-12   9.4410651e-12  -4.7016830e-12   1.9983418e-12  -7.5167057e-15   1.2746349e-12   4.7843644e-12  -1.3860170e-13  -2.8945363e-13   1.0951738e-11   1.4150312e-11  -4.9074068e-12  -2.2211215e-11
   2.1373023e-11  -4.5775543e-12   1.5247484e-13   5.4725989e-12   3.9921963e-12   5.6744565e-13   6.4161809e-12  -2.6525485e-11   4.4628357e-13  -1.2169759e-11   6.6414770e-12  -8.2844346e-13   1.1290599e-12   5.6744565e-13   9.3416876e-12  -4.3628081e-12   3.3264185e-12  -9.1303901e-13   5.3905055e-12  -4.6452437e-12  -1.0358590e-11   3.2233735e-14  -3.6978915e-13   2.1933696e-12   7.6862904e-13   6.2084995e-12   9.7451376e-12  -7.7924580e-12   3.9832562e-11  -1.1610460e-11
   2.4870766e-11  -9.6483079e-12  -6.3496418e-14  -9.7250509e-12  -3.7821685e-13   2.8777297e-12   5.6749158e-12   2.1859472e-11   1.9765010e-15  -1.4653717e-11   1.3896676e-11   2.6416426e-13   2.1325928e-13   2.8777297e-12  -8.7591667e-12   4.3092781e-12  -3.0255545e-12   2.4747169e-13  -4.1924093e-13  -3.2348361e-12  -2.6953070e-11  -5.0815093e-14   7.4898773e-13   5.9373062e-13   6.5938925e-12   1.1164444e-12  -2.0853319e-11   7.8270714e-12  -4.6089722e-12   1.0528075e-11
   5.9616271e-12  -3.6811349e-12  -6.5858121e-13  -1.7049522e-11   2.6073875e-12   5.3028168e-12   7.5732307e-13  -3.2822906e-12   1.7434521e-11   7.3225174e-12   2.8404284e-11  -1.9388876e-12  -1.6491752e-12   5.3028168e-12  -1.7180486e-11   4.4859204e-12  -7.5525399e-12  -1.3774032e-11   2.6958596e-11   7.9023259e-12   1.0756610e-11   2.2538365e-13  -3.5974016e-13   5.5233492e-12   3.2748537e-12   1.8850987e-11  -2.2984347e-11  -9.1021937e-12   1.3241491e-11   9.0936310e-12
   1.6687131e-12   9.7893221e-13  -3.8152327e-13  -1.6473667e-11  -3.3722269e-12  -2.1726518e-12   7.5364577e-12  -3.3078089e-12  -1.6303663e-13   1.0987910e-11  -1.5783047e-11   1.9964512e-11  -3.2989178e-13  -2.1726518e-12   1.0919733e-12  -5.6681068e-13  -1.0645078e-11   6.8180437e-12   3.3473883e-12  -7.3250907e-12   2.0894355e-11  -8.8435594e-14  -1.1268085e-13   3.4005918e-12   8.6605559e-12   3.0711046e-11   1.0728142e-11   1.8545545e-11   1.5581526e-12  -7.8840492e-12
  -3.2412213e-12  -5.7456868e-12  -1.7128203e-13  -3.6089140e-13   2.6675285e-12  -3.5052238e-12   7.7534441e-13   4.0046062e-12   1.0930141e-12  -1.5465223e-11   4.0764751e-13  -2.1508313e-12  -5.7031650e-13  -3.5052238e-12   1.1270188e-11   1.3335795e-13   1.2057844e-12  -4.2077361e-12  -6.9358006e-12  -1.9297503e-12  -1.3014476e-11   1.7152255e-14   1.7396861e-12   3.7928184e-13   4.7236826e-12   5.2187119e-13   6.2027230e-12   3.8709232e-12  -2.0093421e-12   1.3073499e-11
