  -5.1192335e-15   4.7596736e-15   6.8691127e-15  -1.7083753e-14  -4.6252337e-15   7.8716407e-15   2.1662177e-16   9.0055841e-15  -2.6652934e-14   4.1926235e-15  -5.2908530e-15  -7.5254676e-15  -3.9605823e-15   9.6120542e-15  -2.7191058e-15  -2.9388592e-15  -5.8394336e-14  -3.3178903e-15  -1.2306726e-14   1.6071057e-15   1.5718139e-14  -1.4782370e-15  -2.0919718e-14   2.5437175e-15   2.3334711e-15  -3.9678808e-15   8.3059881e-15  -1.1604406e-14  -1.4843516e-14  -2.6327707e-15
  -2.2973114e-15   7.1888726e-15  -3.5854697e-14   1.8420593e-14   8.1895107e-15   3.4003567e-16   2.4534005e-15  -2.1845045e-14  -9.2081217e-16   1.6233822e-14   2.8284410e-14   5.6926135e-15  -3.1571601e-14   7.8606612e-15   3.8665944e-15   1.0487158e-14  -8.7018965e-15  -2.2424089e-15  -2.9103251e-16   2.4514176e-15  -4.5526663e-15   3.6806816e-16   1.9125378e-15   1.8802283e-15  -3.1143779e-15   2.8448127e-15  -1.5459417e-15  -2.0092084e-14   8.7162643e-15  -7.3549786e-15
  -1.5228506e-14   4.3340633e-15   3.1654619e-15  -5.7447687e-15   1.8087813e-14   3.3089299e-15  -8.6642288e-15   1.0023997e-14   8.0550007e-15   3.6777490e-15   7.6750139e-15   1.4471263e-14   3.9714507e-15  -3.0073067e-14   1.5219041e-15  -1.4242175e-14   1.1231731e-14   3.4708980e-15  -1.2104798e-14  -4.1783326e-15   1.4955375e-14  -1.3385944e-15  -5.0672544e-15   6.4409555e-15   2.0469776e-14   1.0028122e-14   7.1668054e-15   1.8142404e-14   7.8950103e-15  -2.6596710e-14
   1.8213389e-15   4.6141685e-15   4.6133170e-15   1.2402665e-14   1.7183732e-14  -1.5838273e-14   1.2275661e-14   3.2413464e-15   1.8992537e-14   1.3163357e-14  -2.1994547e-14  -2.3673452e-14  -1.0356478e-14   7.3097555e-17   5.3632679e-15  -2.9681330e-14  -6.6024167e-15  -9.1885754e-15   1.0344365e-14   3.0243346e-15  -4.7311374e-16  -3.1142848e-14   2.4699486e-14  -1.2946956e-15   5.9857505e-15   3.8352162e-15   2.6046130e-15  -1.3589496e-14   7.7025102e-15   7.7749256e-15
   1.8147833e-15  -2.1959073e-15   2.5277075e-14  -2.3378127e-15  -5.6826187e-15   4.8723242e-16   3.8157851e-16  -2.3503013e-15   1.3900268e-14   6.2160473e-16  -1.9668054e-14   3.1123962e-14  -3.6849266e-15  -1.5152068e-14  -2.8721030e-15   2.2167965e-15   1.4996215e-14   9.2279801e-15   1.5148234e-14  -4.2978452e-14   5.8604847e-15  -1.4479345e-15  -1.3514488e-14   9.7097883e-15  -1.5010887e-14   3.0735084e-15  -1.2491162e-15  -5.1576789e-15   4.2226646e-14   2.4108133e-14
  -8.3673200e-16  -7.4210665e-15   9.1230027e-15  -1.6164925e-14  -1.5048687e-14   4.4013953e-15  -2.7731037e-15  -3.6916243e-14  -1.7193397e-14  -3.0266408e-15   1.7773861e-14   8.2109747e-15  -9.4028355e-15   1.5413528e-14   6.7288433e-15  -9.5915328e-15   6.8161209e-15   1.1697806e-14   6.6824870e-15  -1.4350058e-15   1.9843988e-15   2.2873383e-15  -1.6766237e-14   5.2123110e-15   4.2842259e-16  -6.2250635e-14   8.3742866e-15  -4.8564114e-15   1.9122004e-15   3.4500540e-14
   6.7819572e-15   2.3046081e-14   5.2514024e-15   9.1502033e-15   1.2858261e-14  -2.2834993e-15  -9.8926670e-15  -3.1160460e-14  -6.7588469e-15  -1.8312928e-14   6.4602565e-15  -9.1451936e-16  -5.8075888e-15  -2.3328698e-14   4.1873801e-15   3.4658672e-14  -2.7326798e-14   2.7660294e-16  -4.6121845e-15  -1.9266595e-15   1.8570500e-16  -1.8055275e-16   3.5936976e-14   1.6031028e-16   3.0935424e-14   4.9132948e-15  -6.5109520e-15  -3.1193617e-14   1.6596775e-15  -1.2119823e-15
  -2.5017117e-15  -1.0389537e-14  -2.2045099e-14  -6.8837355e-15  -1.3678195e-14   4.2470062e-15   2.3782375e-15  -6.0621265e-15  -8.6909373e-15   1.2957300e-14   4.4268616e-15   1.3141854e-14   3.9667539e-15   6.2444029e-16   8.7003012e-16   1.5015806e-14   2.4192057e-17   2.7326214e-16   1.6571046e-14   1.7888606e-15   3.1771414e-15  -6.2339140e-16   1.2692049e-14  -3.9396247e-14   7.2379814e-15   1.1033534e-14  -8.4941690e-15  -2.4707727e-15   3.4646498e-14   1.1447721e-14
   2.4345453e-15   1.2934883e-14  -4.1502978e-14  -5.6245994e-14  -2.4156432e-15  -1.3564461e-14  -7.0560325e-16  -1.6128404e-14   2.4007794e-14   3.5220427e-15  -5.9441062e-15   2.1757409e-14   1.1355125e-14   4.7985878e-14   1.5998321e-15  -7.3853933e-15  -1.3282756e-14  -6.4517082e-14  -6.6431068e-15  -3.3284885e-15   3.1678361e-16   8.8539199e-16  -2.1076899e-15  -2.8805085e-15  -2.8172461e-14  -7.5816153e-15  -2.0204064e-14  -1.8820978e-14   2.5617068e-14   9.2149926e-16
   1.8027211e-15  -5.7807777e-14  -1.3984502e-14   7.6382425e-15  -5.7490928e-15  -2.8703926e-15   2.6861877e-15   2.3896772e-14  -3.0147145e-14  -5.5728165e-14  -1.6218156e-15  -3.2670509e-14   1.1675033e-14   1.4406728e-15  -6.6787465e-16   6.0289366e-15   6.9336050e-15  -1.4031973e-14  -4.6523067e-15   8.2941562e-16   1.3514468e-15  -7.6264877e-17  -1.0448431e-14   4.7561370e-15   2.7293954e-14  -4.3979435e-15  -7.0037900e-15  -5.2235832e-15  -4.5229579e-15   1.1799102e-14
