  7.4583407e-155 -7.4583407e-155  7.4583407e-155 -7.4583407e-155 -7.4583407e-155  7.4583407e-155  7.4583407e-155 -7.4583407e-155  7.4583407e-155  7.4583407e-155 -7.4583407e-155 -7.4583407e-155  7.4583407e-155 -7.4583407e-155 -7.4583407e-155 -7.4583407e-155 -7.4583407e-155  7.4583407e-155 -7.4583407e-155 -7.4583407e-155  7.4583407e-155  7.4583407e-155 -7.4583407e-155 -7.4583407e-155  7.4583407e-155 -7.4583407e-155 -7.4583407e-155  7.4583407e-155  7.4583407e-155 -7.4583407e-155
 -5.4322651e-160  5.8066966e-161  5.2278838e-160 -2.0468699e-160 -1.8828456e-160 -4.2288021e-161  5.8120387e-160 -4.7067339e-160 -9.0991674e-160 -7.2719883e-160  3.8288178e-160 -1.1788457e-160  8.6854106e-161 -2.1306560e-160 -1.8960891e-160 -3.4148002e-161  7.3551484e-160 -7.1144355e-162 -7.5624975e-161 -1.1141532e-160 -3.6145667e-161 -2.6593966e-160 -2.8677125e-160 -1.9195025e-160 -6.2469725e-160 -2.4227338e-160 -3.0200666e-160  4.8249861e-160 -1.2084745e-159  1.0488592e-159
  1.5846423e-160  1.2259205e-160 -9.4369577e-161  4.2522522e-160 -2.2978036e-160  3.1376989e-161  3.0399166e-160  1.1674143e-160 -7.4222571e-161 -1.4784573e-160 -1.1085968e-160 -9.1552486e-161  4.5575949e-161  4.4649200e-160 -4.5125011e-160  2.0383001e-160  3.7488952e-160  2.7497199e-160 -3.1716221e-161  6.7743666e-161 -2.3649887e-160  1.5083133e-160  1.6768096e-160  2.0163220e-160  1.4108605e-164 -2.2461305e-160 -3.8398301e-160  3.1023995e-161  7.4333115e-161 -1.6718713e-160
  2.9726020e-161 -9.4821995e-161  9.4542911e-161 -7.5944532e-161 -4.9715195e-161  1.5551257e-161 -1.9968448e-161  1.1000385e-160 -1.2085520e-161 -7.0108333e-161  4.4382805e-161  7.2978084e-162 -3.1169201e-161 -7.0572857e-161 -1.1869239e-160 -1.6522323e-161 -4.3042692e-161  3.9568779e-161  3.6438173e-161 -4.0712254e-161 -2.9309488e-161  1.2232118e-160  9.1245107e-161 -1.1365827e-160 -6.8321639e-161  1.3008401e-161  1.0988430e-160  2.1086707e-160  2.5073711e-161  2.0345895e-160
 -2.8381695e-161 -3.0763343e-161 -1.5645368e-161 -5.9963372e-161  1.2373731e-161  2.1254194e-163 -3.1726437e-161  7.4648609e-162 -1.0201667e-161  6.2138995e-161 -2.0682320e-161 -4.1745401e-161 -5.0489029e-161  2.0324051e-161 -6.3782273e-161  6.8611967e-161 -2.5706367e-161  1.6680556e-162 -5.8932511e-161  1.3314056e-161 -1.2077670e-161  2.3146840e-161 -2.9680790e-161  4.4977335e-161  8.6217348e-161 -1.3070571e-161 -9.8974126e-161  5.6153410e-162 -3.7604826e-161  6.9058762e-161
 -6.8162623e-162 -5.3201016e-162  4.5432983e-162 -3.3685007e-162 -3.5500036e-161 -3.1341751e-162 -2.1631086e-161  5.6729387e-162  1.0024886e-161 -7.4979632e-162  8.8305042e-162 -3.6856143e-162  5.4531836e-161 -1.6103121e-162  1.3131813e-161 -1.0502375e-161  7.9276631e-162 -1.9661310e-161 -9.8963852e-162 -2.3891267e-161 -2.5758472e-161  1.4993617e-161 -1.2571510e-161  2.8516086e-161  1.3062996e-162 -1.7454068e-161 -1.0844293e-161 -1.0212171e-162 -1.2763044e-161  1.2229789e-162
  3.1860098e-162 -9.4495088e-162 -1.0264722e-161  1.1664346e-161 -6.9576959e-162  2.4919061e-163 -2.0702703e-161 -1.0396810e-161  3.2347077e-162 -5.6252393e-162 -7.2393640e-163  2.4498351e-162 -1.0804243e-161 -1.9929531e-162 -9.3840635e-163  3.7677941e-162  1.8138420e-163 -2.2074786e-162 -3.3614704e-162  4.9638451e-162  8.3749387e-162  6.6502058e-162 -1.0101097e-162  2.7860396e-162  2.5288714e-162 -1.5029736e-161  6.3321899e-162  5.1819651e-162 -4.7018664e-162 -2.5123869e-164
 -1.2889101e-162  6.4792153e-162  5.0627885e-162  4.3025073e-162 -1.0735707e-162  4.7665256e-163 -9.4714990e-163  3.1746074e-162 -1.3490669e-162 -5.2784437e-162  6.3885724e-162  2.8222034e-162 -1.5639092e-162  7.3452150e-162 -3.1374431e-162 -2.1130868e-163 -5.9831691e-162 -3.2027941e-162 -2.6773705e-162  8.9102462e-162 -2.2539074e-162  2.5267875e-162 -5.0991628e-162 -8.7992321e-162  2.9505191e-162  1.2502410e-163 -7.1817288e-163 -2.8174621e-162 -5.4324671e-163 -1.9068590e-162
  1.0938135e-162  1.9227669e-163 -1.0708240e-163 -1.3009036e-162  7.0060455e-163  3.6500820e-164  2.7776380e-162  5.9790124e-162 -2.4256076e-163  2.8495652e-162 -3.5350407e-162 -1.8515109e-163 -1.1526424e-162 -1.7470076e-162  7.0175797e-165 -2.3345264e-164 -4.0288327e-162  8.1048518e-163  1.2245748e-162 -8.5824259e-163 -5.2762944e-163 -1.4205071e-162 -5.1500757e-163  1.3089091e-162  4.6724570e-164  1.3757760e-162  1.3539234e-162  3.5303221e-162 -1.4229469e-162  7.0407772e-164
 -1.6744106e-162  4.6237687e-163  8.7767079e-163  1.4002326e-163 -8.6273599e-163  3.9134085e-164 -1.1854692e-163  2.5199052e-163 -2.4432654e-163 -1.2757016e-162 -7.7875474e-163 -1.1357207e-162  2.9659341e-163 -4.8116231e-163  9.8942420e-163 -1.3616294e-162 -1.9459526e-163 -2.8862187e-163 -1.3734482e-162  1.2468166e-162  2.2234915e-163 -4.0873363e-163  5.7905885e-163 -1.2240603e-162 -3.6117210e-163 -7.1064900e-163  1.4626064e-162 -1.5931341e-162  5.0911501e-166 -1.1836313e-165
