   8.9414637e-09  -4.0499690e-09   5.8089902e-09   8.5461063e-09   4.4122966e-08   4.5341967e-09   6.7085833e-09  -1.1306710e-09  -5.5044556e-10  -2.8630954e-08  -4.0884534e-09   3.6709034e-08   2.4329889e-10   4.5341967e-09   1.4942575e-09  -1.1913964e-08   1.2426415e-08   2.1695778e-08  -3.0934228e-08   2.4079722e-09  -4.0908682e-09  -1.3538251e-08   2.3049314e-08   8.9527455e-09   2.3304718e-09   1.0802159e-09   1.7271299e-08   5.6994898e-09   4.1523070e-09   1.0641793e-08
   2.4842275e-08   5.3560532e-09   1.3197024e-08   6.9037949e-08  -8.1325026e-08   5.1623685e-09  -2.9952579e-08  -7.7615185e-09   4.3576462e-10   8.4874751e-08  -2.7071822e-10  -5.6729260e-08   2.1310778e-09   5.1623685e-09   1.2178049e-07  -1.6880336e-08   2.9361433e-08   7.7300052e-08  -7.7752971e-08  -3.6702986e-08   4.8221529e-08  -3.0462673e-09  -2.3441577e-08   8.1266895e-09   2.3282342e-08  -7.9074922e-10   3.1447006e-08  -2.8628706e-08  -1.7250241e-09  -1.2411643e-08
  -5.9575288e-08   1.7668035e-08  -5.5541100e-09   8.6027308e-08  -1.3661517e-07  -5.3405768e-08  -1.1226471e-08  -1.8150087e-08  -1.1672533e-09  -8.5693411e-08  -1.1865607e-08  -3.4404466e-08   1.3979031e-10  -5.3405768e-08   2.1571029e-08   2.2974680e-08  -1.6719836e-08   1.1667316e-07  -1.5077496e-07   1.4395677e-08   3.7260732e-08  -3.0999708e-08   2.2926212e-08  -6.9527070e-09  -1.4491142e-08   1.8252527e-09  -1.6446522e-08   8.3135230e-08   3.1057074e-09  -2.0398784e-08
   9.9084998e-08  -3.6997359e-09  -1.3911429e-07   2.0675331e-07   5.8580239e-07  -1.2139877e-07   2.5463228e-07   2.4256857e-07   1.4517000e-09  -5.8072256e-08   6.9167462e-08  -4.7317010e-07   1.1209779e-08  -1.2139877e-07  -8.3168966e-09   6.8710633e-08  -1.2338502e-07   7.8972658e-09  -1.3400951e-07   1.5923044e-07   1.9445715e-07  -7.2977116e-08  -3.0051021e-07   2.9011145e-08  -4.9591804e-07   1.7575827e-09   2.8244186e-07   5.6136700e-08   1.0202519e-09   6.5175587e-09
  -7.7291807e-10  -4.2712436e-11  -9.7743469e-10   9.2943527e-10  -1.5571119e-10   5.8256425e-10   2.2057792e-10   1.0210519e-09  -5.8223524e-11  -1.2038176e-09  -3.5799438e-10  -5.7031849e-10   3.8303092e-11   5.8256425e-10   1.1323060e-11  -1.3101153e-09  -1.2621004e-09   1.5338029e-10   8.6710164e-10  -3.2742925e-10  -1.7942526e-09  -1.2497920e-10   2.6409361e-09   1.4710784e-11   4.1149570e-10  -1.9245225e-11   3.7590556e-11  -1.2010640e-09   4.2644344e-12  -3.4080489e-10
  -1.0391207e-07  -1.9918721e-08   1.5064524e-08   1.5047485e-07   1.9668746e-08   2.5996633e-07  -2.7160028e-07   8.7172569e-08  -1.2260596e-08  -1.7812436e-08   6.2199569e-08  -2.6975529e-07   1.5069073e-08   2.5996633e-07   4.6722227e-09   1.2233350e-07  -6.1723387e-08   2.8727766e-07   1.4647121e-07  -2.2457879e-08  -1.9933256e-07  -8.0960914e-08  -2.0417837e-07   3.6989513e-08  -2.2076654e-08  -4.9537657e-09   4.9196366e-08   4.5796972e-09   4.7640895e-09  -2.5336247e-08
   2.3213530e-08   3.1378015e-08  -1.0539176e-07  -4.0818018e-08   1.9712666e-07   2.2265575e-07   1.4106190e-09  -4.5457281e-08   3.7626551e-09   6.3142218e-08   8.9033613e-09  -2.3995543e-07   9.8348758e-10   2.2265575e-07   5.1649413e-08   1.3172108e-07  -4.5546506e-08   1.1259824e-07   4.5472942e-09   9.2549765e-08   6.1592885e-08  -3.5043373e-08  -2.4890984e-08  -8.2209863e-09  -1.0992757e-07   4.1166484e-09   1.4054069e-07   2.7001672e-08  -3.0891359e-10  -1.0441562e-07
  -5.1190173e-07   6.1580409e-08   9.0210467e-08   7.0188025e-07   4.2759548e-07   4.9776242e-07   2.3011328e-07   6.3145315e-07   9.8484166e-09   5.8199952e-07  -1.0896039e-07  -1.1072756e-06   1.3662751e-08   4.9776242e-07  -7.1372824e-08   1.2990980e-07   3.5694707e-08   9.1609750e-08  -6.3182438e-07   3.0630130e-08  -4.5607460e-07   1.4449223e-08   7.5682229e-07   2.1331273e-08  -4.5854645e-07   4.2709991e-09   6.5177720e-07   2.9339544e-07   1.2809142e-08  -3.6250449e-08
   1.1832986e-09   5.2471823e-11   5.0092243e-10  -2.4666651e-09  -5.7839135e-10  -1.9841654e-09  -3.4270594e-11  -9.9140811e-11   6.2233841e-11  -3.8486632e-10   3.2837188e-10   1.2716980e-09  -1.1452163e-10  -1.9841654e-09   2.8965526e-10   1.1597250e-09  -1.1216294e-09   1.5713247e-09  -5.2262670e-11  -1.9490479e-10   2.8620775e-10   3.7289408e-10   4.7032046e-09  -1.8278528e-10  -1.7977662e-09   3.2353299e-12  -5.4768115e-10   1.0557910e-09   6.3178395e-11  -8.3973678e-10
  -1.2462369e-08  -5.0956179e-09  -1.1936287e-08   1.8638643e-08   1.1713477e-08  -1.0946350e-08  -1.9827966e-08  -1.3956538e-08  -1.0215077e-10   8.5463471e-10  -1.9243698e-09   3.5777007e-08   1.2137158e-07  -1.0946350e-08  -4.5186380e-09  -1.1521435e-08   1.0571986e-08  -1.6930676e-08   4.2218000e-08   3.6134456e-10  -1.2797279e-08   2.8789369e-09   6.7224057e-08   7.4247058e-09   3.5140582e-08   9.3950336e-10  -5.4181072e-09  -8.5717961e-09  -1.6256308e-09   1.2040464e-08
  -6.2612132e-08   5.4935802e-09   2.1982461e-08  -1.4634568e-08   5.5711339e-08   7.1571657e-08  -2.2908225e-08   1.0750591e-09   4.6183098e-10  -2.3664365e-08   3.2251742e-10   1.0507474e-07   1.5261459e-09   7.1571657e-08   1.4031849e-08   6.5966064e-09   6.3431560e-10  -2.3442564e-08  -5.6844385e-08   4.6908917e-09   1.9056596e-08  -3.4058663e-08   2.3927947e-08   4.4648981e-09   8.7901274e-09  -8.3165195e-10   4.4321575e-09  -5.0947632e-08  -9.3331471e-09  -9.6080148e-09
  -3.0952947e-09   3.6722267e-09  -4.4357675e-09  -1.0452839e-08  -1.6350448e-08   8.5561393e-09  -6.3082121e-09  -1.3296422e-08  -1.0753668e-09  -3.1490362e-09  -1.7180485e-09   4.8886015e-08  -2.2962395e-10   8.5561393e-09   1.0316864e-08   1.2898310e-08   6.2734320e-09  -1.1633589e-08   5.2662004e-09  -1.7788914e-09   4.5994126e-08  -3.7578309e-09  -1.1217021e-08  -4.1784380e-09   3.1683021e-08   1.7127830e-10   1.1171219e-08   1.7243944e-09  -1.8770448e-10   1.9517420e-09
   2.6744362e-10  -3.3133209e-09   5.7303017e-09  -2.0386735e-09   4.8922797e-08   1.0018541e-08  -1.8144583e-08   8.2910859e-09   8.2728684e-11   1.5639588e-09  -3.3223436e-09  -9.3329273e-09  -7.0906138e-10   1.0018541e-08   2.8738466e-09  -3.2756748e-09   1.9778462e-08   3.1048692e-08   3.2232007e-08  -1.0497992e-08   5.9718642e-10   5.8070398e-09   3.0507231e-08   1.8554804e-09   5.1807613e-09  -8.8282815e-10   1.1435111e-08   1.9546288e-08  -1.3269105e-09  -1.1684659e-08
  -4.3427357e-10  -3.2598558e-12   1.0122193e-09  -1.1105952e-10  -6.1376857e-12   2.4733183e-10  -6.9696597e-10   3.7190291e-11   1.2228797e-11  -8.5927549e-10  -2.5348776e-11  -2.3191908e-09   4.7533187e-11   2.4733183e-10  -6.9696149e-11  -2.3724199e-10   2.4512114e-09   4.7773727e-10   6.5003636e-12   5.0711386e-10  -1.4135289e-09  -7.8280881e-10  -3.1380317e-09   1.1472504e-10   1.0693071e-10  -1.4019819e-11   1.1150812e-09   7.1869595e-10   4.5330055e-11   7.5536079e-10
  -1.7601310e-09   1.3214021e-09  -8.7208127e-09  -7.5889295e-09   6.7223563e-09   2.3291420e-08   7.0052118e-09   1.3372398e-10   1.9564646e-10  -1.2180800e-08  -4.8693477e-09   3.0142155e-09   1.4966891e-10   2.3291420e-08  -8.0319130e-09   8.4146435e-09   2.2823421e-08  -5.8309095e-09  -1.3461343e-08   1.2883911e-08  -1.1787850e-08   1.0314406e-09  -2.1663091e-08  -1.1531571e-08   7.9262091e-08  -6.2973838e-11  -1.3940466e-08  -7.3642223e-10   2.5800036e-09  -2.3239059e-09
   1.4639892e-08   2.3462093e-09  -5.2975265e-09  -8.0701524e-09   3.1249538e-08  -1.5200627e-08   1.0483112e-09  -8.5134008e-09   8.0644796e-10  -1.2187676e-08   5.9706308e-09  -1.9377977e-08   1.4817862e-09  -1.5200627e-08  -2.6214207e-10  -7.0917517e-09   1.6697979e-08  -1.1681835e-09   9.4645773e-09  -2.0479025e-08  -1.9127689e-09  -1.8199711e-08   5.3692741e-09   2.9925364e-09  -1.7314411e-08  -1.6469608e-10  -3.8322735e-08   1.3596554e-09  -3.1928528e-09  -1.8202961e-11
  -1.2004383e-08   2.6674401e-09   1.1515061e-08   6.9593777e-08   4.0197691e-08   1.3899542e-08   4.6542791e-09  -5.0502227e-08  -3.6682506e-10  -7.7148577e-09   1.3318223e-08   1.6687622e-09  -2.5202523e-09   1.3899542e-08  -5.9784949e-09   1.6149392e-08   2.6225328e-08  -7.7097628e-08  -5.8568467e-08  -8.1682408e-09   2.0669986e-08  -1.5687929e-08   4.2656514e-08   4.5907788e-09   4.7751774e-08   1.3548729e-09  -2.3627482e-08   1.9787836e-08   4.8787919e-09   2.2586997e-08
   2.3893062e-11  -6.4995376e-12  -5.3570708e-10   1.6482893e-09   7.4024016e-10   1.1542693e-09   5.1065864e-10  -9.5910134e-10  -1.6239116e-11   2.4479595e-09   5.4971280e-11   1.6178114e-09   2.8685354e-11   1.1542693e-09  -2.3128216e-10   3.8763233e-10  -6.7481595e-11  -2.2024423e-09  -8.2133947e-10   1.5220122e-11   2.9215737e-09   5.3489396e-10  -4.2061091e-09   5.3349439e-11   1.2793398e-09   3.0029713e-11  -6.0499057e-10  -5.7342280e-10  -1.1277289e-10   4.2518087e-10
  -4.7492575e-07  -3.2169545e-08  -1.8230270e-07  -2.6237328e-08   2.5912261e-07  -1.2114270e-07   2.3020497e-07  -7.3717208e-08  -1.4418884e-09  -8.9749784e-08  -5.9717261e-09  -4.7623978e-09  -9.5820778e-09  -1.2114270e-07   3.7486326e-08   2.0828477e-07   1.5691199e-07   3.9618828e-07  -1.7863718e-07   1.7885322e-07   2.0767885e-07  -1.1743229e-07  -3.7854277e-07  -5.6892122e-08  -3.3436392e-07   5.6388838e-09   1.9146982e-07   2.7019800e-07   2.6131627e-08  -6.2787522e-08
   9.4357378e-08  -3.1284749e-08   7.7345864e-08   5.5475236e-08  -8.8429828e-08   3.2485473e-07  -1.4444471e-07  -3.7183545e-08  -9.1944120e-10  -1.4009691e-07  -3.2556007e-08  -9.6117276e-08  -5.4338239e-07   3.2485473e-07  -6.5095625e-08   5.2209875e-08  -1.1737471e-10   8.4992226e-08   1.3792591e-07   4.3442291e-08  -2.3731463e-07  -3.7090169e-08   1.0008383e-07  -1.3721674e-08  -1.3754957e-07  -9.1564785e-13  -1.4322691e-07   1.1200834e-07   1.2161639e-08  -3.7199065e-08
