   3.7996796e+01   3.7996803e+01   3.7996804e+01   3.7996804e+01   3.7996803e+01   3.7996804e+01   3.7996803e+01   3.7996803e+01   3.7996803e+01   3.7996803e+01   3.7996803e+01   3.7996801e+01   3.7996809e+01   3.7996804e+01   3.7996803e+01   3.7996804e+01   3.7996801e+01   3.7996803e+01   3.7996803e+01   3.7996804e+01   3.7996806e+01   3.7996803e+01   3.7996803e+01   3.7996804e+01   3.7996803e+01   3.7996803e+01   3.7996803e+01   3.7996803e+01   3.7996803e+01   3.7996804e+01
   3.9031771e+01   5.4541202e+01   3.9576028e+01   4.1068579e+01   4.4924511e+01   6.0440955e+01   5.7631265e+01   4.4246537e+01   4.8947553e+01   4.8947553e+01   4.0292022e+01   4.8799462e+01   6.7434073e+01   1.3271302e+01   4.8627370e+01   6.0375302e+01   4.8224105e+01   5.1298463e+01   3.9679730e+01  -6.4539370e+01   5.4951310e+01   5.6812874e+01  -9.9997722e+01  -9.8116455e+01  -2.0384809e+00   4.1074781e+01  -9.6656437e+01  -4.8350426e+01   4.3901591e+01   5.2341475e+01
   5.9520331e+01   5.7938629e+01   6.6906733e+01   6.6573113e+01   6.0171194e+01   6.5718467e+01   6.8570053e+01   6.1440462e+01   6.8209095e+01   6.8209095e+01   7.6391632e+01   6.0647721e+01   6.8680691e+01   6.2671103e+01   4.9568036e+01   4.3339833e+01   8.2120509e+01   7.2589889e+01   7.6934205e+01   5.9555278e+01  -7.9055665e+00  -9.0385325e+01   6.5207620e+01   5.7619105e+01   6.6454509e+01   6.8164805e+01   5.7682343e+01   6.2345896e+01   5.4734013e+01   8.1545096e+01
  -7.5285162e+01  -8.3004589e+01  -8.1409607e+01  -8.3101840e+01  -7.7814161e+01  -7.6661240e+01  -7.8800001e+01  -7.5778769e+01  -7.7387563e+01  -7.7387563e+01  -8.3362729e+01  -7.8248946e+01  -7.8065546e+01  -7.0828247e+01  -8.0213311e+01  -8.0445231e+01  -7.7990126e+01  -8.2220197e+01  -7.1013558e+01  -7.8661060e+01  -8.1138673e+01  -6.5349947e+01  -7.7349719e+01  -8.1586926e+01  -8.2324728e+01  -8.1715810e+01  -8.0232187e+01  -8.1831460e+01  -8.1231613e+01  -7.9904225e+01
  -4.9842340e+01  -6.7600500e+01  -4.0705891e+01  -6.3603197e+01  -6.2647790e+01  -6.1406829e+01  -6.0218729e+01  -6.7074469e+01  -6.4289332e+01  -6.4289332e+01  -5.0957230e+01  -6.9027918e+01  -5.9926397e+01  -3.7627154e+01  -4.9152797e+01  -4.4181717e+01  -6.4098700e+01  -6.4718013e+01  -6.3477340e+01  -5.2036110e+01  -5.5364230e+01  -5.8737983e+01  -4.5218845e+01  -4.9662025e+01  -5.1990247e+01  -5.1242645e+01  -4.0914227e+01  -3.4490716e+01  -5.7658217e+01  -6.0787272e+01
  -8.2283645e+01  -8.8865177e+01  -7.9079440e+01  -8.6553268e+01  -8.6458787e+01  -8.4824636e+01  -8.6168941e+01  -8.6056830e+01  -8.6929574e+01  -8.6929574e+01  -8.2470774e+01  -8.8645740e+01  -8.6082157e+01  -7.7915097e+01  -8.2652595e+01  -7.9884435e+01  -8.7112387e+01  -8.5242315e+01  -8.4424720e+01  -8.1635388e+01  -8.4877603e+01  -8.3621659e+01  -7.8224037e+01  -8.3927056e+01  -8.2897952e+01  -8.3263193e+01  -7.8035983e+01  -7.6118078e+01  -8.5653813e+01  -8.6423635e+01
   1.9960578e+01   1.7571654e+01   1.8096457e+01   1.7585249e+01   1.9179175e+01   1.9619589e+01   1.9236052e+01   1.9824180e+01   1.9360692e+01   1.9360692e+01   1.7556552e+01   1.9120961e+01   1.9219760e+01   2.1382612e+01   1.8722186e+01   1.8324966e+01   1.9168372e+01   1.7923495e+01   2.1167427e+01   1.9051457e+01   1.8299653e+01   2.2732256e+01   1.9295494e+01   1.8091974e+01   1.7744388e+01   1.8210034e+01   1.8482153e+01   1.8203005e+01   1.8116946e+01   1.8661251e+01
  -8.6581623e+01  -9.8830050e+01  -9.6532995e+01  -9.9034564e+01  -9.0853087e+01  -8.8933588e+01  -9.2471509e+01  -8.7450766e+01  -9.0170833e+01  -9.0170833e+01  -9.9339899e+01  -9.1563416e+01  -9.1267838e+01  -7.8373720e+01  -9.4678429e+01  -9.5035099e+01  -9.1146181e+01  -9.7690571e+01  -7.8736796e+01  -9.2302977e+01  -9.6168274e+01  -6.7194212e+01  -9.0076289e+01  -9.6761515e+01  -9.7842583e+01  -9.6971681e+01  -9.4747119e+01  -9.7130120e+01  -9.6259340e+01  -9.4267632e+01
   2.6733039e+01   2.4144161e+01   2.3272192e+01   2.4369064e+01   2.9119732e+01   1.2316937e+01   1.4466527e+01   1.5302143e+01   2.8234219e+01   2.8234219e+01   2.3567121e+01   1.7140677e+01   1.5620941e+01   2.3493073e+01   3.0166187e+01   2.8943777e+01   1.2109090e+01   1.9702892e+01   1.2529849e+01   2.4760869e+01   2.9691915e+01   2.5331620e+01   1.6375677e+01   1.8340379e+01   2.8141676e+01   2.2947234e+01   1.4462332e+01   1.6482671e+01   1.0631140e+01   1.2828495e+01
   5.3278125e+01   5.3278094e+01   5.3278094e+01   5.3278092e+01   5.3278045e+01   5.3278094e+01   5.3278092e+01   5.3278094e+01   5.3278094e+01   5.3278094e+01   5.3278094e+01   5.3278094e+01   5.3278096e+01   5.3278094e+01   5.3278094e+01   5.3278094e+01   5.3278094e+01   5.3278094e+01   5.3278094e+01   5.3278093e+01   5.3278094e+01   5.3278094e+01   5.3278094e+01   5.3278098e+01   5.3278096e+01   5.3278095e+01   5.3278094e+01   5.3278094e+01   5.3278094e+01   5.3278094e+01
  -8.0094526e+01  -7.7229734e+01  -7.4175061e+01  -8.0616792e+01  -8.1535548e+01  -7.3926506e+01  -7.1425892e+01  -8.2426942e+01  -7.6930820e+01  -7.6930820e+01  -7.9141190e+01  -6.5436742e+01  -7.6553707e+01  -7.1010359e+01  -6.4144913e+01  -9.7173058e+01  -8.6652936e+01  -9.2772220e+01  -5.9928538e+01  -7.0750445e+01  -1.9261263e+01   5.6687580e+01  -7.3898979e+01  -8.2478385e+01  -6.9564645e+01  -5.6920138e+01  -7.7295712e+01  -7.2150473e+01  -9.5058559e+01  -5.3934860e+01
   8.8458980e+00   8.8458980e+00   8.8458978e+00   8.8458979e+00   8.8458978e+00   8.8458977e+00   8.8458977e+00   8.8458978e+00   8.8458914e+00   8.8458914e+00   8.8458952e+00   8.8458964e+00   8.8458979e+00   8.8458978e+00   8.8458979e+00   8.8458978e+00   8.8458978e+00   8.8458979e+00   8.8458979e+00   8.8458787e+00   8.8458960e+00   8.8458977e+00   8.8458993e+00   8.8459706e+00   8.8458978e+00   8.8458979e+00   8.8458980e+00   8.8458979e+00   8.8459039e+00   8.8458976e+00
   3.3004414e+01   3.3004414e+01   3.3004414e+01   3.3004415e+01   3.3004414e+01   3.3004414e+01   3.3004414e+01   3.3004414e+01   3.3004409e+01   3.3004409e+01   3.3004415e+01   3.3004402e+01   3.3004414e+01   3.3004414e+01   3.3004414e+01   3.3004414e+01   3.3004414e+01   3.3004412e+01   3.3004415e+01   3.3004415e+01   3.3004413e+01   3.3004414e+01   3.3004414e+01   3.3004289e+01   3.3004414e+01   3.3004414e+01   3.3004408e+01   3.3004414e+01   3.3004414e+01   3.3004412e+01
   1.0180076e+00  -1.7724027e+01  -6.2399606e+00   2.9437953e-01  -6.7516699e+00  -1.9873904e+01  -2.0173082e+01  -9.8722101e+00  -1.2797483e+01  -1.2797483e+01   4.4242347e+00  -2.1077660e+01  -1.9821988e+01  -2.8049683e+01  -1.4125130e+01  -1.0889555e+01  -1.8640910e+01  -1.8748039e+01  -1.2604049e+01  -7.0673630e+01  -1.2992777e+01  -2.1969110e+01  -8.6391947e+01  -9.9918668e+01  -3.9271235e+01   4.7630581e+00  -9.5012862e+01  -5.8107170e+01  -1.3085273e+01  -6.5823425e+00
   7.9584856e+01   7.9584857e+01   7.9584856e+01   7.9584857e+01   7.9584859e+01   7.9584858e+01   7.9584857e+01   7.9584858e+01   7.9584856e+01   7.9584856e+01   7.9584858e+01   7.9584857e+01   7.9584857e+01   7.9584857e+01   7.9584857e+01   7.9584857e+01   7.9584857e+01   7.9584848e+01   7.9584857e+01   7.9584857e+01   7.9584860e+01   7.9584857e+01   7.9584857e+01   7.9584855e+01   7.9584859e+01   7.9584857e+01   7.9584840e+01   7.9584857e+01   7.9584857e+01   7.9584857e+01
  -1.7314625e+01  -1.7314633e+01  -1.7314633e+01  -1.7314632e+01  -1.7314633e+01  -1.7314559e+01  -1.7314633e+01  -1.7314633e+01  -1.7314633e+01  -1.7314633e+01  -1.7314632e+01  -1.7314636e+01  -1.7314633e+01  -1.7314633e+01  -1.7314634e+01  -1.7314633e+01  -1.7314636e+01  -1.7314633e+01  -1.7314633e+01  -1.7314632e+01  -1.7314633e+01  -1.7314633e+01  -1.7314617e+01  -1.7314603e+01  -1.7314633e+01  -1.7314633e+01  -1.7314633e+01  -1.7314633e+01  -1.7314633e+01  -1.7314634e+01
   3.2768027e+01   2.9198290e+01   3.3915692e+01   3.5576639e+01   2.2576362e+01   3.4979263e+01   4.0148214e+01   2.6630885e+01   4.8841415e+01   4.8841415e+01   3.0252186e+01   2.5048451e+01   2.7411308e+01   3.1270681e+01   1.3166743e+01   4.1697518e+01   3.4085719e+01   3.9459199e+01   2.5634924e+01   3.5654243e+01   2.6385137e+01   2.1589510e+01   3.5280591e+01   3.4429747e+01   3.2894754e+01   6.9465847e+01   2.9402216e+01   3.0153080e+01   2.7711673e+01   2.8725287e+01
  -2.0237356e+01  -2.4240063e+01  -3.0533183e+01  -2.6662327e+01  -2.4104395e+01  -2.6076167e+01  -1.7390981e+01  -2.8154419e+01  -2.2658019e+01  -2.2658019e+01  -2.7058688e+01  -2.2000715e+01  -1.9426804e+01  -1.7667401e+01  -2.1528104e+01  -2.7638685e+01  -2.1933361e+01  -3.3165155e+01  -2.6536638e+01  -2.7763141e+01  -2.0717594e+01  -1.8506551e+01  -3.4025592e+01  -1.8103103e+01  -2.5896065e+01  -2.1474408e+01  -3.1764458e+01  -2.6412419e+01  -2.2722478e+01  -2.0405573e+01
   4.6536417e+01   4.2131150e+01   4.3108452e+01   4.2123973e+01   4.5128103e+01   4.5767193e+01   4.4741083e+01   4.6272689e+01   4.5396089e+01   4.5396089e+01   4.2003535e+01   4.4883608e+01   4.5040256e+01   4.8868021e+01   4.3765195e+01   4.3634959e+01   4.5058530e+01   4.2675440e+01   4.8788804e+01   4.4719068e+01   4.3294553e+01   5.1655767e+01   4.5386766e+01   4.2971819e+01   4.2546272e+01   4.3026436e+01   4.3793112e+01   4.2935670e+01   4.3196985e+01   4.4014117e+01
  -4.0623117e+01  -3.7393893e+01  -2.6081298e+01  -3.3906217e+01  -3.6265873e+01  -3.3273284e+01  -4.5269631e+01  -3.0899985e+01  -3.8363307e+01  -3.8363307e+01  -3.2643731e+01  -3.9675397e+01  -4.2696850e+01  -4.1865011e+01  -3.8500470e+01  -3.1251122e+01  -3.9504668e+01  -2.4899855e+01  -3.1993743e+01  -3.0867966e+01  -4.1000178e+01  -4.1546609e+01  -2.1911708e+01  -4.4448268e+01  -3.4667481e+01  -3.9685544e+01  -2.4726221e+01  -3.2372143e+01  -3.8632646e+01  -4.1747091e+01
