   1.3859294e-09  -7.6387682e-09  -7.7415455e-09  -1.8297086e-10  -3.6499492e-08  -1.2948021e-08  -9.5454580e-10  -7.8628352e-09  -3.8866532e-09  -3.9395540e-09   1.8612400e-09  -1.8552717e-09  -4.4146662e-09   3.7225188e-09  -2.8237287e-08  -7.9721245e-09  -9.6416093e-09   2.9293437e-08  -3.7304428e-09  -9.8726478e-10  -2.1420284e-08  -2.4519101e-09   1.6631402e-08  -3.3102266e-08   9.2897880e-09   1.1643849e-08  -3.0708411e-08   1.7287084e-08  -1.3934796e-08   1.8855478e-08
  -2.2597816e-09  -2.2823041e-08   5.1569145e-08  -5.0984272e-09   1.9853839e-08  -3.9234037e-09  -3.1475291e-08   1.1784702e-08   1.6907150e-09   2.4709072e-08   3.2170164e-09   1.0696410e-08   2.6302628e-09  -1.5450142e-08   2.5815144e-08   2.1024680e-08  -1.1116807e-08  -7.2746742e-09   4.3095248e-09  -7.9445395e-09   2.9015359e-08   2.4901870e-08  -1.1475094e-10  -1.9634963e-08   1.5401668e-08   4.1367403e-09  -1.3082418e-08   7.6533391e-09  -1.2242366e-08   5.8034445e-08
   1.4685230e-08  -2.1070063e-08   3.6115922e-08   1.2683779e-08  -1.8505332e-08  -2.5701272e-08  -3.8811234e-08   4.1753015e-08  -2.0329838e-09   1.3719637e-08   1.3731763e-08  -3.0616287e-08  -7.2103328e-09   2.5253507e-08   2.4040589e-09  -1.3529340e-08   1.0690666e-08  -3.7712974e-09   4.2877962e-08   1.6907037e-09  -5.2668248e-09   1.4011704e-08   1.8807943e-08   3.5319027e-09  -5.1945790e-08  -2.0605813e-09   1.9329776e-08   5.0200124e-08   1.4100735e-08   2.3108383e-08
  -3.4226379e-08  -6.9821941e-09  -5.9051942e-09  -2.9719827e-09   4.1457340e-08   5.1050773e-10   2.4699813e-08   9.8720815e-09  -1.9363946e-09  -1.5936982e-08  -2.0785873e-10   2.8746524e-08   2.1112091e-09   1.3562046e-08   1.1879095e-08   1.0333089e-10   1.9856101e-08  -1.7655263e-09  -2.2924927e-08  -4.9022426e-09   6.4502548e-09  -8.0065020e-09   2.3128397e-08  -7.4413089e-09   6.5193780e-09   2.2256832e-08  -2.9608967e-11  -2.0890170e-08   3.6507745e-08   2.0727698e-09
  -1.5280754e-08   1.2887446e-09   7.7224790e-09   2.6830787e-09   3.2336257e-08  -1.5168192e-08   1.7193166e-08  -1.3106201e-08   8.4099440e-09  -5.6144164e-10   2.0669143e-08  -6.8587779e-09   2.0147849e-08   2.6334281e-08   6.6529531e-08   2.5442038e-08   3.0915645e-09  -3.3757311e-09   8.9862577e-09  -9.1342714e-09   1.1531602e-08   3.6951588e-09   2.1796203e-09  -1.6126218e-08   4.8366212e-08  -2.2635464e-08   3.0186249e-09   8.9897163e-09   1.8532228e-08  -2.8064224e-09
   8.5333884e-09   1.6343304e-08   1.2137414e-08  -1.3691027e-08   2.2853725e-08  -1.4717163e-08  -3.2247291e-08   2.4828364e-08   5.1923717e-08  -2.1432898e-08   6.6753988e-09  -2.8509078e-09  -1.4849072e-08  -2.8463558e-08   5.6617600e-09   8.2188772e-09  -2.0574730e-08   2.0633981e-09  -8.0839257e-09  -9.2778555e-09  -5.0784448e-08   1.4351611e-08  -4.9841731e-10  -2.8623191e-08   3.3609355e-08  -4.1127152e-08   1.6317119e-08  -4.5271607e-09   3.9596627e-09  -8.5104816e-08
   5.7451307e-08  -2.9736680e-08   1.5430563e-08  -8.8576241e-09  -5.2987226e-08  -3.9419184e-09   6.5386854e-08   2.1830984e-09   2.4025478e-08   4.1109405e-08   6.9372004e-09   2.9516298e-09  -2.3343295e-09   9.1709299e-09   6.4109581e-08  -2.7543437e-08   1.0317210e-08  -6.1994846e-08  -1.3987492e-09   1.2642460e-08   8.3295087e-10   4.7054384e-09  -3.1159556e-08  -1.2102529e-08   2.5173300e-08   7.8179944e-08   1.8854011e-08  -7.8086982e-08  -1.0073192e-08  -1.2284719e-08
  -4.6466084e-08   1.1601738e-08  -3.6472827e-08  -4.1519757e-10  -2.9904003e-08   2.0496007e-08   2.5226301e-08   4.2154832e-08   1.7062578e-08   9.4585550e-09   1.7615749e-08  -2.1164049e-08   8.3036463e-09   1.7421562e-08   1.4112555e-08   3.3122738e-08  -1.3666780e-08   1.1878809e-09   2.5416277e-10  -5.6258614e-09   1.8082999e-08   8.0916627e-09  -3.7373004e-09  -1.3734865e-08   5.7471905e-08   5.0702864e-08  -4.4003313e-08   4.0143597e-08   8.5622384e-09  -4.2630891e-08
  -7.1203288e-08  -1.4480436e-08   1.6283113e-08   3.0027573e-08  -3.5934458e-08   5.6229730e-08   1.9618283e-08   2.3340330e-08   6.6323186e-09  -1.4204662e-07  -4.0785874e-09  -5.6431550e-09   5.6000628e-09   4.8210389e-09  -2.0416232e-08   1.2992441e-08   1.7398975e-08   1.6926780e-08  -4.0184717e-08   6.2661734e-09  -7.7273128e-09   1.8836536e-08  -9.3586910e-09  -2.4714326e-08   2.5056397e-08  -4.2891627e-08  -4.7644248e-08  -2.0374965e-09  -3.2177415e-08   6.2955022e-09
  -9.5763607e-08   4.2772990e-08   2.0996838e-08  -1.1272940e-08   6.0951249e-10   9.7601058e-09   1.7852388e-08  -4.3473889e-08   3.5653980e-09   2.3470413e-08   6.4452766e-09  -9.8609620e-09   1.2838914e-08  -1.3728980e-08   3.8150994e-09  -2.0136533e-08   2.9920765e-09  -9.9343819e-09  -4.3846469e-10  -2.2322205e-08  -8.7220440e-09   1.0061249e-08   1.0564175e-08   2.1134110e-08   8.6523719e-08   3.2250413e-08   1.6200841e-08  -3.0759229e-08  -1.3085744e-07   3.9675672e-10
