   8.3603687e-09   1.4310106e-09   1.2190649e-08   3.5567635e-10   9.7493920e-09   9.8143617e-10  -1.6792396e-08   8.2046837e-09  -6.7249388e-09   3.9027115e-09   1.0671421e-08   1.2815589e-08  -1.1782918e-08  -1.5488304e-09  -3.7173168e-08   1.0039493e-08   2.0337611e-09   6.2570061e-11   2.5380976e-09   6.8206643e-09   5.7997752e-10   1.1903569e-09  -6.2333003e-08   1.6771705e-10  -1.0110833e-09   8.4568211e-10   1.0794579e-08  -7.4064319e-10   3.8404699e-10  -9.0851532e-09
   2.9189037e-09   6.4213814e-10   3.7280589e-09   1.1420202e-10   2.1601262e-09   3.9599657e-10  -1.0960592e-09   1.5064740e-09  -2.0037453e-09   2.9839407e-09   4.8456282e-09   4.1426477e-09  -3.9460993e-09  -5.2399627e-10  -1.0760451e-08  -1.5018379e-09  -9.8232771e-10   1.3618309e-10   1.1054978e-09   2.4657971e-09   1.2436807e-10   3.7775581e-11  -1.9735699e-08   1.8456645e-11  -6.4276838e-10   2.3512102e-10   3.7254802e-09   1.2022472e-10  -3.2911759e-11  -2.9991248e-09
  -2.3389902e-08  -2.4908847e-08  -5.9507558e-08   5.4905694e-09   1.1743364e-07  -1.7989146e-08  -1.3703410e-08  -3.3462242e-07  -6.5490442e-08   5.9563010e-08  -1.4408582e-07  -2.7366034e-08   3.6866370e-08  -5.0907868e-09  -2.4223416e-08   1.8039705e-08   2.9404500e-08  -1.1787634e-08  -3.4518972e-07  -2.4271941e-08   2.3092567e-08   1.2750682e-07  -3.0553260e-08   1.1085003e-09  -2.1934157e-07   2.1076738e-08  -3.2325780e-08   1.2377093e-07  -2.5674632e-09   5.4636661e-08
   3.1558113e-09   1.8240566e-09   6.0230080e-09   1.8679133e-10   3.8381667e-09   1.1584107e-10   4.5583371e-09  -6.4986010e-10   1.7427332e-10   7.6986918e-09   5.7456934e-09   6.7069938e-09  -7.0128661e-09  -1.0440522e-09  -1.4348810e-08  -2.9577238e-09  -3.3483285e-09  -4.1040390e-11   5.6747190e-09   3.2970840e-09  -1.2166369e-10   8.5826122e-10  -2.6247014e-08  -5.1278478e-11  -1.2553189e-09   6.2546746e-10   5.1411719e-09   1.7096138e-09   5.3458367e-11  -5.5071871e-09
  -1.8839722e-08   2.3071757e-08   2.4620673e-08   3.8067276e-10  -5.8825299e-08  -1.1100288e-08   1.8754872e-08   2.3335219e-08   9.8592547e-09  -2.9947409e-08   2.4596678e-08  -3.9322272e-08  -1.9526887e-08  -2.2562575e-09  -3.8752816e-08   2.5731216e-08  -2.3970404e-08   2.7083848e-09  -4.1067276e-08   1.3944828e-08  -4.2405381e-09   4.6306389e-09  -1.9823202e-08   1.2528591e-09   9.4781662e-09  -5.3992594e-10   8.0893170e-09  -4.5175837e-08   1.4795093e-09  -9.9514299e-09
  -2.1588683e-07  -1.0261060e-07  -3.5082798e-08  -2.3036926e-10   1.2372367e-07   9.6335369e-10   1.9344447e-09   1.5661194e-08  -1.6821059e-08  -1.4060844e-07   7.1053081e-08  -8.4290488e-08  -2.5612224e-08   1.4056840e-08   2.0854844e-07  -4.6930783e-09   1.1160001e-07  -4.4118455e-09  -7.8221980e-08   6.0218590e-08   2.3552694e-08  -2.0703232e-08   1.8929544e-07   5.2917452e-09  -7.8099078e-08  -5.2261891e-09  -1.8505503e-08  -3.1554551e-08   4.1731801e-08  -3.7939071e-08
  -4.4069467e-10   2.0045184e-09  -4.6585999e-09  -1.5616902e-09   1.0820070e-08  -2.8089661e-09  -6.5605095e-10  -2.8004780e-08   1.1473626e-08  -3.4665357e-09   4.6967221e-08   1.4838477e-08   1.5845895e-08   3.1890647e-09   5.2872615e-08   1.8450571e-09   3.6486687e-09   2.6751969e-09  -4.2281763e-08   4.4362931e-09  -2.7371650e-09  -3.0430672e-09  -6.4544795e-09   1.5748002e-10  -1.2360079e-08   5.5380637e-09  -2.0681783e-09   9.8900501e-09  -2.4754761e-09  -9.1663137e-09
  -5.2701582e-09  -4.7781165e-09  -2.2915360e-08   2.8227857e-10   4.6513262e-08  -7.4610637e-09  -2.4491296e-08   5.1054321e-08   1.2499763e-08   3.5358316e-09   4.3405677e-08  -4.5851687e-10  -6.7831696e-09  -1.8378969e-09  -2.5596639e-08   5.4129829e-08  -1.0172739e-08  -1.1787290e-09   1.3225463e-08   4.8899858e-09   1.1655727e-08  -8.4222444e-09  -3.2880373e-08   1.7330906e-09  -4.7904850e-08  -5.1053027e-09   3.8716947e-09   1.8863786e-08  -1.5414520e-10  -6.0931450e-09
  -1.2204725e-10  -1.3464212e-09  -1.0696779e-09  -5.3899895e-11   1.6489306e-09   1.5997845e-10  -1.7252436e-08   5.4104082e-09  -2.7398746e-09  -8.7590242e-09  -4.1871563e-09  -1.6984327e-09   2.5274787e-09   4.6706575e-10  -2.1146705e-09   1.3666401e-08   6.6123771e-09  -1.1092612e-10  -4.7988382e-09  -9.4397214e-10   3.9835406e-10   1.5201747e-10   1.9006670e-09   1.5956936e-10   1.4425996e-09  -2.8480662e-10  -1.4463082e-09  -2.6670112e-09   3.3048498e-10   2.3122186e-09
   2.9601447e-08   1.1832141e-07   1.4536429e-07   4.1840304e-10   1.9591777e-07  -3.2636796e-08   2.4117781e-08  -8.6374668e-08  -1.0479513e-07   1.5825092e-07   1.1995050e-07  -1.2623342e-07   5.8812601e-08  -2.5082941e-08   6.4856259e-08  -1.4722099e-08   1.6570750e-08   2.0580849e-09   6.8437627e-08   1.6681484e-07   3.9249317e-09  -8.0344127e-08   5.9368615e-09  -1.3274277e-09  -1.2511468e-08  -2.5828239e-09   4.8283149e-10   1.0103859e-07  -1.5888522e-09   7.2777013e-09
