   2.8263008e+01   2.8263008e+01   2.8263008e+01   2.8263008e+01   2.8263008e+01   2.8263008e+01   2.8263008e+01   2.8263008e+01   2.8263008e+01   2.8263008e+01   2.8263008e+01   2.8263008e+01   2.8263008e+01   2.8263008e+01   2.8263008e+01   2.8263008e+01   2.8263008e+01   2.8263008e+01   2.8263008e+01   2.8263008e+01   2.8263008e+01   2.8263008e+01   2.8263008e+01   2.8263008e+01   2.8263008e+01   2.8263008e+01   2.8392489e+01   4.7436056e+01   4.7513426e+01   4.7568358e+01
   4.6743263e+01   4.6743263e+01   4.6743263e+01   4.6743263e+01   4.6743263e+01   4.6743263e+01   4.6743263e+01   4.6743263e+01   4.6743263e+01   4.6743263e+01   4.6743263e+01   4.6743263e+01   4.6743263e+01   4.6743263e+01   4.6743263e+01   4.6743263e+01   4.6743263e+01   4.6743263e+01   4.6743263e+01   4.6743263e+01   4.6743263e+01   4.6743263e+01   4.6743263e+01   4.6743263e+01   4.6743263e+01   4.6743263e+01   4.6892427e+01   6.5956717e+01   6.6034483e+01   6.6090314e+01
  -7.0211607e+01  -7.0211607e+01  -7.0211607e+01  -7.0211607e+01  -7.0211607e+01  -7.0211607e+01  -7.0211607e+01  -7.0211607e+01  -7.0211607e+01  -7.0211607e+01  -7.0211607e+01  -7.0211607e+01  -7.0211607e+01  -7.0211607e+01  -7.0211607e+01  -7.0211607e+01  -7.0211607e+01  -7.0211607e+01  -7.0211607e+01  -7.0211607e+01  -7.0211607e+01  -7.0211607e+01  -7.0211607e+01  -7.0211607e+01  -7.0211607e+01  -7.0211607e+01  -7.0233688e+01  -7.0249859e+01  -7.0251056e+01  -7.0251861e+01
  -7.8631374e+01  -7.8631374e+01  -7.8631374e+01  -7.8631374e+01  -7.8631374e+01  -7.8631374e+01  -7.8631374e+01  -7.8631374e+01  -7.8631374e+01  -7.8631374e+01  -7.8631374e+01  -7.8631374e+01  -7.8631374e+01  -7.8631374e+01  -7.8631374e+01  -7.8631374e+01  -7.8631374e+01  -7.8631374e+01  -7.8631374e+01  -7.8631374e+01  -7.8631374e+01  -7.8631374e+01  -7.8631374e+01  -7.8631374e+01  -7.8631374e+01  -7.8631374e+01  -7.8689183e+01  -7.8739117e+01  -7.8741565e+01  -7.8743995e+01
   5.1735870e+01   5.1735870e+01   5.1735870e+01   5.1735870e+01   5.1735870e+01   5.1735870e+01   5.1735870e+01   5.1735870e+01   5.1735870e+01   5.1735870e+01   5.1735870e+01   5.1735870e+01   5.1735870e+01   5.1735870e+01   5.1735870e+01   5.1735870e+01   5.1735870e+01   5.1735870e+01   5.1735870e+01   5.1735870e+01   5.1735870e+01   5.1735870e+01   5.1735870e+01   5.1735870e+01   5.1735870e+01   5.1735870e+01   5.1874494e+01   7.0928647e+01   7.1006076e+01   7.1061468e+01
   5.9574226e+01   5.9574226e+01   5.9574226e+01   5.9574226e+01   5.9574226e+01   5.9574226e+01   5.9574226e+01   5.9574226e+01   5.9574226e+01   5.9574226e+01   5.9574226e+01   5.9574226e+01   5.9574226e+01   5.9574226e+01   5.9574226e+01   5.9574226e+01   5.9574226e+01   5.9574226e+01   5.9574226e+01   5.9574226e+01   5.9574226e+01   5.9574226e+01   5.9574226e+01   5.9574226e+01   5.9574226e+01   5.9574226e+01   5.9700158e+01   7.8727255e+01   7.8805824e+01   7.8860156e+01
  -3.3544725e+01  -3.3544725e+01  -3.3544725e+01  -3.3544725e+01  -3.3544725e+01  -3.3544725e+01  -3.3544725e+01  -3.3544725e+01  -3.3544725e+01  -3.3544725e+01  -3.3544725e+01  -3.3544725e+01  -3.3544725e+01  -3.3544725e+01  -3.3544725e+01  -3.3544725e+01  -3.3544725e+01  -3.3544725e+01  -3.3544725e+01  -3.3544725e+01  -3.3544725e+01  -3.3544725e+01  -3.3544725e+01  -3.3544725e+01  -3.3544725e+01  -3.3544725e+01  -3.3665178e+01  -5.2694076e+01  -5.2771789e+01  -5.2826134e+01
   3.0069505e+01   3.0069505e+01   3.0069505e+01   3.0069505e+01   3.0069505e+01   3.0069505e+01   3.0069505e+01   3.0069505e+01   3.0069505e+01   3.0069505e+01   3.0069505e+01   3.0069505e+01   3.0069505e+01   3.0069505e+01   3.0069505e+01   3.0069505e+01   3.0069505e+01   3.0069505e+01   3.0069505e+01   3.0069505e+01   3.0069505e+01   3.0069505e+01   3.0069505e+01   3.0069505e+01   3.0069505e+01   3.0069505e+01   3.0116567e+01   3.0173510e+01   3.0173922e+01   3.0176488e+01
  -4.4442039e+01  -4.4442039e+01  -4.4442039e+01  -4.4442039e+01  -4.4442039e+01  -4.4442039e+01  -4.4442039e+01  -4.4442039e+01  -4.4442039e+01  -4.4442039e+01  -4.4442039e+01  -4.4442039e+01  -4.4442039e+01  -4.4442039e+01  -4.4442039e+01  -4.4442039e+01  -4.4442039e+01  -4.4442039e+01  -4.4442039e+01  -4.4442039e+01  -4.4442039e+01  -4.4442039e+01  -4.4442039e+01  -4.4442039e+01  -4.4442039e+01  -4.4442039e+01  -4.4628965e+01  -6.3739593e+01  -6.3817476e+01  -6.3875298e+01
  -2.8511528e+01  -2.8511528e+01  -2.8511528e+01  -2.8511528e+01  -2.8511528e+01  -2.8511528e+01  -2.8511528e+01  -2.8511528e+01  -2.8511528e+01  -2.8511528e+01  -2.8511528e+01  -2.8511528e+01  -2.8511528e+01  -2.8511528e+01  -2.8511528e+01  -2.8511528e+01  -2.8511528e+01  -2.8511528e+01  -2.8511528e+01  -2.8511528e+01  -2.8511528e+01  -2.8511528e+01  -2.8511528e+01  -2.8511528e+01  -2.8511528e+01  -2.8511528e+01  -2.8549957e+01  -2.8587112e+01  -2.8588350e+01  -2.8590104e+01
   7.6494281e+01   7.6494281e+01   7.6494281e+01   7.6494281e+01   7.6494281e+01   7.6494281e+01   7.6494281e+01   7.6494281e+01   7.6494281e+01   7.6494281e+01   7.6494281e+01   7.6494281e+01   7.6494281e+01   7.6494281e+01   7.6494281e+01   7.6494281e+01   7.6494281e+01   7.6494281e+01   7.6494281e+01   7.6494281e+01   7.6494281e+01   7.6494281e+01   7.6494281e+01   7.6494281e+01   7.6494281e+01   7.6494281e+01   7.6564033e+01   7.6636252e+01   7.6638045e+01   7.6641409e+01
  -5.9278726e+01  -5.9278726e+01  -5.9278726e+01  -5.9278726e+01  -5.9278726e+01  -5.9278726e+01  -5.9278726e+01  -5.9278726e+01  -5.9278726e+01  -5.9278726e+01  -5.9278726e+01  -5.9278726e+01  -5.9278726e+01  -5.9278726e+01  -5.9278726e+01  -5.9278726e+01  -5.9278726e+01  -5.9278726e+01  -5.9278726e+01  -5.9278726e+01  -5.9278726e+01  -5.9278726e+01  -5.9278726e+01  -5.9278726e+01  -5.9278726e+01  -5.9278726e+01  -5.9403825e+01  -5.9555852e+01  -7.8523860e+01  -7.8578739e+01
  -2.3347202e+01  -2.3347202e+01  -2.3347202e+01  -2.3347202e+01  -2.3347202e+01  -2.3347202e+01  -2.3347202e+01  -2.3347202e+01  -2.3347202e+01  -2.3347202e+01  -2.3347202e+01  -2.3347202e+01  -2.3347202e+01  -2.3347202e+01  -2.3347202e+01  -2.3347202e+01  -2.3347202e+01  -2.3347202e+01  -2.3347202e+01  -2.3347202e+01  -2.3347202e+01  -2.3347202e+01  -2.3347202e+01  -2.3347202e+01  -2.3347202e+01  -2.3347202e+01  -2.3414959e+01  -2.3494763e+01  -2.3495569e+01  -4.2513873e+01
   7.0832337e+01   7.0832337e+01   7.0832337e+01   7.0832337e+01   7.0832337e+01   7.0832337e+01   7.0832337e+01   7.0832337e+01   7.0832337e+01   7.0832337e+01   7.0832337e+01   7.0832337e+01   7.0832337e+01   7.0832337e+01   7.0832337e+01   7.0832337e+01   7.0832337e+01   7.0832337e+01   7.0832337e+01   7.0832337e+01   7.0832337e+01   7.0832337e+01   7.0832337e+01   7.0832337e+01   7.0832337e+01   7.0832337e+01   7.0877318e+01   7.0915006e+01   7.0917025e+01   7.0918867e+01
   3.8040213e+01   3.8040213e+01   3.8040213e+01   3.8040213e+01   3.8040213e+01   3.8040213e+01   3.8040213e+01   3.8040213e+01   3.8040213e+01   3.8040213e+01   3.8040213e+01   3.8040213e+01   3.8040213e+01   3.8040213e+01   3.8040213e+01   3.8040213e+01   3.8040213e+01   3.8040213e+01   3.8040213e+01   3.8040213e+01   3.8040213e+01   3.8040213e+01   3.8040213e+01   3.8040213e+01   3.8040213e+01   3.8040213e+01   3.7989671e+01   3.7920552e+01   3.7920891e+01   3.7917845e+01
   2.4217327e+01   2.4217327e+01   2.4217327e+01   2.4217327e+01   2.4217327e+01   2.4217327e+01   2.4217327e+01   2.4217327e+01   2.4217327e+01   2.4217327e+01   2.4217327e+01   2.4217327e+01   2.4217327e+01   2.4217327e+01   2.4217327e+01   2.4217327e+01   2.4217327e+01   2.4217327e+01   2.4217327e+01   2.4217327e+01   2.4217327e+01   2.4217327e+01   2.4217327e+01   2.4217327e+01   2.4217327e+01   2.4217327e+01   2.4189328e+01   2.4152419e+01   2.4152477e+01   2.4150842e+01
   1.8562430e+01   1.8562430e+01   1.8562430e+01   1.8562430e+01   1.8562430e+01   1.8562430e+01   1.8562430e+01   1.8562430e+01   1.8562430e+01   1.8562430e+01   1.8562430e+01   1.8562430e+01   1.8562430e+01   1.8562430e+01   1.8562430e+01   1.8562430e+01   1.8562430e+01   1.8562430e+01   1.8562430e+01   1.8562430e+01   1.8562430e+01   1.8562430e+01   1.8562430e+01   1.8562430e+01   1.8562430e+01   1.8562430e+01   1.8615992e+01   1.8685779e+01   1.8685737e+01   1.8688840e+01
  -2.7163606e+01  -2.7163606e+01  -2.7163606e+01  -2.7163606e+01  -2.7163606e+01  -2.7163606e+01  -2.7163606e+01  -2.7163606e+01  -2.7163606e+01  -2.7163606e+01  -2.7163606e+01  -2.7163606e+01  -2.7163606e+01  -2.7163606e+01  -2.7163606e+01  -2.7163606e+01  -2.7163606e+01  -2.7163606e+01  -2.7163606e+01  -2.7163606e+01  -2.7163606e+01  -2.7163606e+01  -2.7163606e+01  -2.7163606e+01  -2.7163606e+01  -2.7163606e+01  -4.3676793e+01  -2.7350335e+01  -2.7350586e+01  -2.7355251e+01
   6.3071520e+01   6.3071520e+01   6.3071520e+01   6.3071520e+01   6.3071520e+01   6.3071520e+01   6.3071520e+01   6.3071520e+01   6.3071520e+01   6.3071520e+01   6.3071520e+01   6.3071520e+01   6.3071520e+01   6.3071520e+01   6.3071520e+01   6.3071520e+01   6.3071520e+01   6.3071520e+01   6.3071520e+01   6.3071520e+01   6.3071520e+01   6.3071520e+01   6.3071520e+01   6.3071520e+01   6.3071520e+01   6.3071520e+01   6.3123431e+01   6.3180068e+01   6.3181330e+01   6.3183916e+01
  -4.5787729e+01  -4.5787729e+01  -4.5787729e+01  -4.5787729e+01  -4.5787729e+01  -4.5787729e+01  -4.5787729e+01  -4.5787729e+01  -4.5787729e+01  -4.5787729e+01  -4.5787729e+01  -4.5787729e+01  -4.5787729e+01  -4.5787729e+01  -4.5787729e+01  -4.5787729e+01  -4.5787729e+01  -4.5787729e+01  -4.5787729e+01  -4.5787729e+01  -4.5787729e+01  -4.5787729e+01  -4.5787729e+01  -4.5787729e+01  -4.5787729e+01  -4.5787729e+01  -4.5956876e+01  -6.5049868e+01  -6.5127554e+01  -6.5184592e+01
