  -2.1092644e-06  -3.0878488e-05   4.4336157e-07   3.2663789e-06   3.4474816e-05   4.6773300e-05   7.0203331e-05   1.0085617e-05  -8.4873728e-06   5.5010547e-07  -2.3958099e-06   7.9424570e-05  -3.7934645e-06  -4.9740973e-05  -2.2492230e-05   1.2328541e-07  -6.9329315e-05  -2.8353890e-06  -1.1299022e-06   1.9100776e-05  -3.1725741e-06   1.6977141e-06   2.3761155e-05  -1.9469999e-07   1.3259843e-05   8.1233436e-05   6.1485287e-07   4.6059711e-07   1.1824501e-06   4.0421595e-05
   2.5827072e-05  -2.6182880e-05  -1.7397120e-05  -2.7876194e-06  -2.1915330e-05   1.9752412e-05  -4.2736718e-06   2.5858104e-05  -2.7558036e-06  -4.2208227e-07  -8.4788705e-06  -1.2640047e-05   4.0210199e-05  -3.6905914e-05   5.2521814e-05  -2.1252115e-08   1.8739081e-05  -1.7882045e-05   5.6493752e-07   2.9774631e-06  -6.0593551e-05   1.9703421e-06  -4.1608856e-05   1.1089877e-07   2.3952276e-05   5.1581680e-06  -5.7296995e-06  -1.5442647e-07  -2.4895215e-05  -1.1174266e-05
   1.9286316e-05  -1.7450514e-05  -2.6039383e-05   2.5208779e-05   2.2498465e-07  -4.7638559e-05   1.0457482e-05  -1.5698305e-05   1.4260468e-06  -7.9671778e-07  -1.0578391e-06  -4.1262007e-06   9.2370684e-06   9.9717404e-06   7.1818656e-05  -7.9382322e-09   3.6375489e-05  -3.7679246e-05  -8.6383469e-06   4.6353911e-05  -3.8018721e-06  -4.6124073e-07   1.8268812e-05  -2.5918230e-08   1.5299551e-06  -9.5466267e-06   3.7062192e-05  -2.8565177e-07  -2.9270769e-05   6.6520312e-06
  -5.6715892e-06  -2.0225314e-05  -3.7018459e-06  -4.7039187e-06  -3.4584970e-05  -1.0764088e-04   4.1093874e-05   5.2818908e-05  -4.6434004e-06  -3.4421691e-07  -3.3805337e-06   8.3363194e-05  -1.1603674e-05   5.9631091e-05  -1.1935066e-06  -1.8635904e-08   9.2224278e-05  -1.1354885e-05   3.5869150e-05  -8.0191487e-05   5.5455696e-05   9.5336706e-07  -4.7747115e-05  -2.1007339e-07  -7.1488930e-06   1.9376313e-05   5.1224501e-06  -4.6048582e-07  -2.4203460e-06   7.6386784e-06
   6.3307107e-06   1.9854832e-05  -2.0724972e-05  -3.1064783e-06   1.1973775e-04  -1.6414249e-05  -6.0938320e-06   4.5056926e-05  -8.8277415e-07  -4.6187907e-06  -2.1751071e-06   1.4968525e-06  -3.3530308e-06  -1.7592959e-05   6.2158091e-05  -6.2511919e-08   9.4421779e-06   3.2497404e-05  -1.9228011e-06   4.4375864e-05   1.0723087e-04  -2.0742465e-06   7.8225857e-06   1.5736365e-07   2.9139269e-05  -2.3053994e-05  -2.6856435e-05   3.3181188e-07  -6.0907685e-05   1.2387565e-05
  -3.0163354e-05  -9.5131195e-06  -1.2194946e-05   7.7912680e-06   4.7579673e-05   3.0007157e-05   8.7040759e-05   8.5207731e-06   1.8698673e-06   1.0310022e-06   8.3787658e-06  -3.9718695e-05   4.0629340e-06  -9.4992684e-05   3.7396562e-05  -3.4067629e-08  -2.8939402e-05  -2.5118260e-05  -3.1432223e-06   1.0459749e-04   4.8564336e-05  -2.0706573e-06   3.8007251e-06   2.9569201e-07   1.0815364e-05   6.1416673e-07   5.4707002e-05  -1.3972502e-08  -2.0733050e-05  -6.0291974e-06
  -2.6199411e-05   7.3529484e-06   1.6649019e-05   1.1636843e-06  -1.1964729e-05   1.4665400e-05   4.9100738e-05   2.1929650e-05  -2.1036371e-05  -9.2924559e-07   1.2227318e-05  -1.2333135e-06  -1.5080576e-05  -4.0421622e-05   4.1909937e-05  -4.2913362e-08  -3.9005852e-05  -3.7083140e-05   1.5511105e-06   2.7170431e-05  -8.7589197e-06   2.5089637e-06  -4.4083084e-05   2.6864720e-08   2.4008457e-05  -8.2629419e-05   1.8113361e-05  -1.3532845e-08   1.6160477e-06   1.1906083e-05
   9.9195566e-06   2.8087394e-06  -2.0685956e-05  -1.4165283e-05   2.2404847e-05  -3.1093833e-05  -4.1975839e-05   1.9441369e-05  -1.0187445e-05  -4.0750500e-06   4.0299075e-08  -3.6016731e-05   4.4209995e-06  -1.6000177e-05  -5.8219642e-05  -7.2802911e-09  -7.9727758e-05   2.6086039e-05   2.5277124e-05   6.2945693e-05  -1.3271327e-05  -1.6198768e-06  -2.9486657e-05   6.4078848e-07   9.6760998e-06  -1.2438096e-05   2.1073607e-05   1.7844669e-07  -4.8199879e-05   2.0938530e-06
   1.0334248e-06  -8.8702259e-06   9.6355223e-05  -4.3015751e-07   1.4251669e-05   1.4780849e-05  -2.7181053e-06   8.1222902e-05  -3.8111152e-07  -4.1742024e-10   2.1033392e-06  -1.4707253e-05   7.0973634e-05  -2.3465877e-05  -4.2188864e-05   4.6674175e-10  -2.4060022e-05  -4.1804302e-05  -1.2873521e-06  -6.8249875e-06   8.7194940e-06  -2.7258721e-06  -2.4153375e-05   1.9497996e-07  -4.6620084e-06  -7.5238248e-05   4.6666226e-05   5.2922425e-10   9.6680577e-06   2.9791706e-05
  -2.2354503e-05   3.5319462e-05   2.1601518e-05  -2.8356295e-06   6.3192923e-05   1.5775863e-05   2.3800655e-05  -1.5023221e-05   7.5796511e-06  -1.6562976e-06   9.1376530e-05   5.3272742e-05   3.6313335e-05  -6.8538341e-06  -5.2951034e-05  -6.1612551e-09  -1.4222696e-05  -2.0468059e-05   1.2757612e-07   1.1964215e-05   2.5878675e-05  -4.8313391e-06   3.3701704e-05   3.7278566e-07  -9.0988222e-06   1.5828976e-05   7.9683131e-06   7.1649844e-08  -1.0316086e-06   1.8222450e-05
