  -9.0733736e-16   3.7118667e-15  -2.9353259e-15   3.2352834e-15  -6.3628089e-16  -3.7524077e-15  -5.4426867e-15  -2.3301360e-16   8.9348568e-16  -8.9021444e-15  -5.7370531e-16  -1.1164894e-15  -1.1933930e-14  -8.5165478e-16  -4.1377121e-15  -5.4972750e-15  -3.3534300e-15  -3.9092426e-16   7.3810206e-17   1.9683027e-16  -1.1224804e-16  -5.5619033e-16   3.9283824e-16   1.3597047e-15   3.4080974e-14  -3.1575590e-15   1.3731689e-15  -1.3361318e-14   3.2156521e-15  -1.4844672e-14
   1.0245899e-15   6.1431080e-16   1.1692370e-14   2.4973049e-14  -1.8643654e-14   7.6076962e-15  -4.1280840e-16  -2.4299747e-15   1.1942668e-15   1.9258063e-14   1.1918745e-14   1.1105569e-16  -1.2833904e-14  -2.8924728e-14   2.0572077e-14   1.0130977e-14  -4.5851689e-15  -2.9749428e-14  -5.0804709e-16   1.6641976e-15   4.5402521e-16   6.4893928e-15   1.9812411e-14  -2.0730243e-15  -2.8060155e-15   4.6554163e-15  -5.1935719e-15   1.2094628e-14  -1.1135974e-14   5.1630085e-15
  -5.5249207e-15  -6.4534586e-15  -3.3584661e-14   1.8512507e-14   2.7885393e-14  -1.5002071e-15   1.3229852e-14  -3.4851918e-15   9.6882234e-15  -1.7300026e-14   2.6144814e-15   4.6734396e-15  -3.3277701e-14   1.1856764e-15   7.6754304e-15  -2.7729293e-15  -4.0683338e-15   2.4847458e-14  -4.8617175e-15  -1.1976444e-15   3.0566960e-16   2.8427649e-15   7.4669290e-15   8.8173846e-15   1.0232264e-14   1.2462520e-15   5.1779984e-15   1.7604915e-14  -3.3168967e-15   1.8583603e-14
   2.6114954e-15   1.0442850e-15  -2.8124639e-15  -8.1888909e-15   2.8979717e-14  -5.6385773e-15   1.7754868e-15   2.0766815e-16  -2.6731272e-15   2.9207507e-15   7.4331082e-15  -3.9814849e-16  -7.9418576e-16  -4.3559123e-15   4.7327492e-15   1.8434034e-15  -9.3298563e-16   2.9721327e-15   3.2200402e-16  -2.6584367e-15  -2.4111786e-17   1.2309786e-15  -9.2283303e-16  -6.8069379e-15  -1.1310431e-14  -2.5774546e-15   9.5465283e-16  -3.1788197e-14   9.1231433e-16   5.0527392e-15
   1.5940845e-15  -2.3471561e-14  -4.2727066e-15  -1.7843168e-14   1.4640802e-14   8.1110117e-15  -2.4733268e-14   3.3056055e-15   4.6319462e-15  -5.2308569e-15   7.3138323e-15  -2.7526555e-15   1.5800157e-14   3.4939961e-14  -2.2703870e-14  -2.7499683e-15   1.5202082e-14   1.8677415e-14   6.5396889e-16   5.1729474e-15  -4.3582691e-16  -3.6119025e-15  -3.7774892e-14   2.1767885e-14  -4.6887856e-14  -7.7044252e-15   2.3705442e-15   4.9436663e-14   9.3575668e-15  -2.7878421e-14
  -2.3007291e-16   3.9588057e-15  -3.5798849e-14   9.6491260e-15  -1.8958187e-15   9.5301626e-16   8.1744418e-15  -4.0770570e-15  -9.8286393e-17  -1.1596917e-14   2.7727450e-16  -4.5027911e-16  -1.7108221e-14  -1.9793434e-14   5.4393553e-15  -2.7910548e-14  -2.9858621e-15  -6.9182571e-15  -1.9440712e-15  -7.5965260e-15   2.2206922e-17   2.2450006e-15   3.0973612e-15  -9.0597587e-15   1.9367288e-14   1.0876956e-15  -1.3772466e-15   7.0659970e-16  -1.4032107e-16   8.5188855e-15
   1.7093283e-15  -1.5805370e-14  -2.1002355e-14   2.2837106e-14  -3.8019046e-14  -1.6646897e-15  -7.8460547e-15  -1.9499257e-15   5.3755873e-15  -4.4444107e-15  -1.6298026e-14  -8.2022326e-15   1.0721237e-14   4.7948701e-14   4.0340320e-15  -1.1113903e-14   5.0718725e-15   1.0116058e-15   1.8601947e-15   4.5776397e-15  -1.7613541e-16   1.1026779e-15   2.5395588e-15  -4.1036224e-15  -1.2825838e-15  -1.1631247e-14  -3.0225544e-15  -8.0149753e-15   6.1616651e-15  -3.5218194e-14
   1.0921444e-15  -1.2018277e-14  -8.9623251e-15   1.9495650e-16   3.2698213e-14   1.2443635e-15  -2.0423741e-14  -7.4134478e-15   2.3492572e-15  -1.3841633e-15  -5.1991264e-15   8.0650049e-15  -1.9357090e-14  -1.6970195e-14   1.8843640e-14   6.2491251e-15  -8.1699237e-15   3.0753428e-14  -9.1104370e-16  -1.1360134e-14  -4.3152707e-16  -2.5155846e-15  -3.3720303e-15  -7.8790465e-15  -2.3846799e-14   6.9713219e-15   6.9803796e-15  -3.5260604e-15   9.1420808e-15  -1.9610223e-14
  -1.6340172e-15  -4.1263069e-15  -5.1916335e-15   2.2744739e-14   2.8704070e-15  -6.3995811e-15   1.2048279e-14  -1.0816049e-15   1.6601326e-15  -6.7675488e-15   1.2082125e-16  -2.8982946e-15  -1.1286966e-14  -2.1920900e-14   5.8564396e-15   9.5222081e-15   1.0464583e-14  -6.5666776e-15   1.0235381e-15   6.9725563e-15   6.1875470e-17  -5.5438385e-15  -1.8605408e-14  -1.1938673e-14  -2.2038994e-14   2.0456443e-15   1.6189076e-15   4.5814990e-15   9.5113062e-15  -1.3822183e-14
   2.1574230e-16  -3.9881491e-15   6.0898204e-15   1.6215033e-15  -1.1592314e-14  -7.4661680e-16  -2.0063690e-15   1.6941478e-15   7.4395161e-16  -2.5355007e-15   6.4222094e-15  -1.1044030e-16   4.4573244e-15   1.7068232e-15  -4.1409576e-15   9.3362458e-15   3.1586424e-15  -7.5469730e-15  -9.0086019e-16  -3.3011295e-16  -3.8212047e-18  -7.4599939e-15   3.6388190e-15   8.8920982e-15  -8.6861018e-15  -2.9338377e-15  -1.4556490e-15  -1.6034448e-15   1.4020781e-14  -6.5115661e-15
   5.3267370e-16   5.9539356e-15   3.6881339e-14   1.7821984e-14  -9.2045221e-15  -3.6367277e-15  -3.2677638e-15   4.5004975e-15   4.7784705e-15  -6.4882717e-15  -1.0774024e-14  -1.1866266e-15   4.4643145e-15  -1.7393677e-14  -2.0528126e-14  -1.0276886e-14   8.5876357e-15   1.3854938e-15  -5.7445218e-16   2.0371360e-15  -2.8696422e-16   1.5493723e-15   2.2617353e-14   9.7535491e-15  -3.4119752e-14  -1.8315124e-15   6.5603027e-16  -8.9847836e-15   3.0921461e-15   2.3350163e-14
   7.0177685e-16   1.9231961e-14  -2.7583940e-14  -5.9457427e-15   3.4544772e-14   4.3225980e-15  -1.5820362e-14  -3.9912442e-15  -7.9310318e-15  -1.5151164e-14   2.8592305e-15  -2.0610393e-15  -5.0017637e-14  -1.0933257e-14  -3.8645915e-14   1.5688865e-14  -1.9022954e-15   7.2164574e-15   2.1278773e-15  -1.1348863e-14  -4.5927089e-16  -1.9964702e-15   2.1708622e-14  -1.0643828e-14   2.4457486e-14  -1.1674087e-14   2.0071677e-15  -2.9452156e-14  -1.7789865e-14  -2.1560713e-15
   1.0350786e-14  -1.6092730e-15   2.8543026e-14  -2.6369112e-14   2.2691813e-15  -3.2790326e-15   2.4817006e-15  -3.7838410e-15   1.5785416e-15  -1.4709684e-14  -1.4953371e-15  -5.7981083e-15   2.2478605e-14  -3.5058536e-14   2.5925814e-14   6.2612473e-15  -7.9921077e-15   2.4822812e-14   9.6663447e-17  -8.5244726e-15   1.7411066e-16  -6.9769227e-15  -1.2101899e-14   1.8205456e-14   2.3755527e-14  -1.2921498e-14   6.1807495e-15  -1.2165618e-15   2.3088358e-14   2.9311764e-14
  -3.1715708e-15  -4.2752435e-15  -3.9646821e-14   1.4463058e-14   8.6153145e-15  -2.0943269e-15   1.4338630e-14  -2.9612975e-15  -1.3115645e-15   2.8437567e-15   1.5483291e-14   6.6441652e-15   2.5608600e-14  -2.3947505e-14   1.2175833e-14   1.3748539e-16   5.3249143e-15  -1.7333608e-14  -8.9317010e-16  -1.4847279e-15   1.9746213e-18  -3.0748030e-15  -3.6845368e-14  -2.7309897e-15   7.8539684e-15   1.1690192e-15  -8.8599117e-17  -1.9402927e-14   1.1720365e-14   9.4227025e-15
  -2.6138265e-16  -6.1397597e-15  -3.7220898e-16   1.9385712e-14   2.1544704e-15   6.3729440e-15   5.1482325e-15   3.5213908e-15  -4.6110758e-15   4.3971486e-15   8.4130148e-15   2.8591859e-15   7.4146873e-14  -1.3422270e-14  -4.3105931e-15   1.1267319e-14   2.4937976e-15   2.6650422e-15   4.0136682e-16  -6.1561620e-15  -3.7769862e-17  -4.1536597e-16  -1.6251723e-14  -3.1136996e-16   1.8158309e-14   1.8779050e-15  -4.6495511e-15   1.0921281e-14   1.7261250e-14   4.4512578e-14
   3.3050075e-15  -3.6445043e-15  -5.9442543e-15  -2.0410842e-14  -3.7464526e-14   2.2091803e-16   5.7808474e-15   1.3052671e-15   3.5623569e-15   7.4190398e-15  -1.4968254e-14   3.2554223e-15  -1.4220540e-14  -1.4689087e-14   7.1116836e-16  -2.0915623e-14   2.1828988e-15  -1.7048141e-14   9.7674183e-16   7.7306364e-16   4.5458819e-17   2.3872893e-15  -4.4858358e-15   1.4912334e-14   4.4774351e-14   4.3564090e-15   9.2448123e-16   1.1854372e-15  -4.0136581e-15   4.7682648e-14
  -2.2790409e-15  -9.0182673e-15   7.2822884e-15   1.0152784e-14  -1.9128884e-14   7.8477742e-15   2.0071828e-15  -4.2447874e-15  -5.6460018e-16  -1.0057924e-14   2.1273492e-15  -5.4458392e-15  -2.3470772e-18   2.2848968e-14  -2.0456081e-14  -6.3724823e-15  -1.6562651e-15  -8.3399051e-16   2.0555250e-15  -2.4969907e-15  -3.3232460e-16   2.9227115e-15   6.3336116e-15  -9.1227065e-15   3.6989609e-14   5.2128620e-15   2.1175164e-15   1.7325651e-14  -1.5350285e-14   3.8786807e-16
   3.9907875e-15  -1.3006993e-14  -1.7763460e-14  -5.1809717e-15   7.9267099e-15  -6.3271993e-15   1.6470301e-14   4.3976078e-15  -6.0953492e-15   5.5081370e-15   2.7729848e-15  -4.3510954e-15  -1.5954872e-15   9.6637450e-15  -5.3386202e-15   1.1373937e-14   3.3426057e-15   2.6488294e-15   2.1761548e-15  -5.2073889e-15   1.2386973e-16  -8.4165723e-15  -1.6682184e-15  -1.5099113e-14   1.9987329e-14   4.5609005e-15  -4.2581567e-15  -1.9045226e-15   1.8193685e-14   3.7646674e-14
   4.0402296e-15  -1.6740563e-14   1.1994611e-17  -2.0573603e-14   2.2285211e-15   7.1225439e-15  -2.1846474e-14   3.1621148e-15   5.8369388e-15  -2.1876306e-14  -1.1779722e-14   7.8208563e-15  -6.0147328e-15  -2.5419765e-14  -1.3027745e-14  -2.0608759e-15   1.2097531e-14  -9.7925014e-15  -8.1211598e-16  -3.8617442e-15  -3.7365744e-16   5.2095838e-15   1.6978369e-14   8.7914112e-15  -1.4150965e-14   1.6684530e-16   6.1321689e-15  -3.0861713e-14  -4.7791012e-16   2.4925602e-14
   2.6340570e-15   7.9898341e-15   1.0248943e-14  -2.2071022e-14  -7.6379274e-15  -6.3329659e-16  -2.2314570e-15   3.1917257e-15   5.9448855e-16  -1.9296056e-14  -5.7181758e-15  -3.7893185e-15   2.9451017e-14   3.0079399e-14   1.5136862e-14  -1.2604154e-15   6.4499344e-15   1.9682569e-15  -1.1496111e-15  -7.1023976e-16  -3.8786572e-16  -3.8451452e-15   4.7564983e-15   6.0227587e-15   2.4392841e-15  -1.6366575e-15  -2.5397745e-15  -2.1129795e-15   7.9111221e-15   5.2001420e-15
