   3.5531638e-08  -3.4801273e-09   5.6495316e-09   5.9062198e-10   7.8663341e-11  -4.1733902e-08  -9.9405586e-12  -4.6955756e-11  -1.6563410e-11   4.1828442e-08  -1.4636142e-09  -2.9319233e-14  -3.0913275e-13  -4.1733902e-08   1.4879909e-09  -2.1734812e-11   6.1134947e-10  -1.9663871e-11  -1.5339971e-11   3.8313007e-08  -3.5990348e-10  -2.3901636e-08   3.2451093e-08  -3.0491711e-12   7.4933984e-10   5.3210507e-12  -2.5318756e-10   1.1852833e-09   1.1791255e-09   5.8508085e-09
   3.3228912e-12   5.9827488e-11  -1.6115670e-12   7.2970340e-16   5.2074712e-15  -3.0456817e-12   7.7131332e-12   1.6049714e-15   4.9969911e-13  -6.5729481e-12  -4.6796391e-15  -2.7221867e-14   4.1615839e-13  -3.0456817e-12   1.7080739e-11   2.2120681e-11  -2.3985605e-12   1.6093358e-14  -6.7298109e-14   1.0442360e-10  -1.7449463e-12   2.5452857e-14   6.4017236e-12  -5.3476961e-16   1.9830337e-10  -3.0360253e-13   2.5048859e-11  -3.2373706e-13  -1.7149556e-11   6.6766163e-12
  -2.3181104e-10   2.1690185e-09  -1.5125886e-09  -6.5285326e-10  -4.5264792e-10  -1.1853684e-10   1.6292435e-09  -1.2730589e-09   1.4292751e-12  -2.9189290e-09  -9.9803281e-15   1.9426418e-09   3.3148167e-09  -1.1853684e-10   2.3606599e-09  -4.6652366e-09   8.5190228e-11   1.2969212e-11   2.0759858e-09   1.5436489e-09   8.1788541e-11  -4.5202016e-10   4.8191986e-09   1.6349768e-09  -9.2135152e-10  -1.4316335e-09   2.9538950e-09   2.8640262e-09  -1.0298271e-09  -1.7521526e-09
   3.8188495e-12  -2.3569411e-11   3.4613458e-12   4.0354898e-17   8.9095923e-14  -3.4479346e-11   2.9218005e-10   3.7265684e-14   7.2877992e-13   4.7674037e-11  -1.8687323e-13   2.1249628e-13  -4.9069910e-12  -3.4479346e-11   1.5706401e-10  -1.6444216e-10  -2.1596159e-12  -3.3753967e-14  -4.2985751e-13  -3.3135794e-10   1.9295625e-11   3.4362224e-13  -1.3149919e-11   2.1220933e-13  -8.8239731e-10   7.1153843e-13  -3.8046141e-11   5.1514949e-12   1.9295672e-10   1.1957023e-10
  -3.4386973e-13  -2.3059885e-11  -7.5485343e-13   2.2937696e-15   1.5186842e-14   1.4620110e-12  -1.8270119e-11   1.3773446e-15  -1.5037742e-13  -1.8561773e-12   1.2751635e-14  -9.5541285e-15  -2.9982629e-13   1.4620110e-12  -1.3798520e-11   7.2201050e-12   1.6972922e-13  -8.2833311e-16   5.5221008e-14   1.0650765e-11  -1.6782308e-12  -6.5251467e-15  -8.9529933e-13  -2.5466231e-13   9.5414380e-11  -2.4293332e-13  -2.5203474e-12  -6.4951479e-13  -1.2293107e-11  -1.6918604e-11
   1.0494771e-12  -1.5474933e-11   2.1098173e-13  -1.6738388e-14   1.1408654e-14  -3.8359927e-12   2.3371324e-11   4.2918065e-14   1.7636133e-13   5.8211160e-12  -2.1093194e-14   4.3839683e-14  -4.5215804e-13  -3.8359927e-12   3.0367299e-11  -3.0849561e-11  -5.4315060e-14  -2.3571391e-14  -7.2982704e-14  -4.7738839e-11   1.1844756e-12   5.4820190e-14  -3.4530060e-12  -5.6204575e-14  -1.0847039e-10   6.1941631e-14  -1.0744304e-11   1.4421512e-12   3.2095884e-11   3.3236342e-11
   1.0245271e-12  -6.1602963e-12   8.8798274e-13  -6.2256758e-16   1.8813798e-14  -9.3764862e-12   7.7434912e-11   1.7059112e-14   1.9105481e-13   1.1584756e-11  -4.7599629e-14   5.6370494e-14  -1.3027907e-12  -9.3764862e-12   4.4580720e-11  -4.3581638e-11  -4.7359592e-13  -1.2682476e-14  -1.1405872e-13  -8.7396102e-11   5.1151254e-12   8.2359868e-14  -3.4853042e-12   5.7906138e-14  -2.3385681e-10   3.5215100e-13  -1.0087414e-11   1.5075247e-12   4.9867721e-11   3.2184785e-11
   7.6303851e-12  -4.7138731e-11   6.9306979e-12   1.4650579e-15   1.7637387e-13  -6.8764818e-11   5.8436466e-10   6.2083848e-14   1.4505226e-12   9.5343339e-11  -3.6947087e-13   4.3247420e-13  -9.8140366e-12  -6.8764818e-11   3.1413134e-10  -3.2888060e-10  -4.2391654e-12  -6.3891112e-14  -8.5822846e-13  -6.6288656e-10   3.8596693e-11   6.9737414e-13  -2.6304856e-11   4.3561803e-13  -1.7647973e-09   1.4552490e-12  -7.6695818e-11   1.0378891e-11   3.8606437e-10   2.3901368e-10
   3.1480222e-15   8.2218187e-12   3.4299642e-13   1.6642028e-18  -1.4081595e-16  -2.9803384e-13   6.8613439e-12  -1.3233601e-16   1.2040964e-13  -2.1765545e-14   2.4010713e-16  -8.5385434e-16   2.8954328e-13  -2.9803384e-13   2.1346197e-12   2.5838298e-12  -7.3491385e-14   2.5615076e-16  -1.4909283e-15   6.7919269e-12   5.3864373e-14  -6.4659790e-17   1.6124862e-12  -2.8392130e-16  -6.1108436e-11   9.5236803e-14   1.2327792e-11  -1.8887233e-14  -1.4645626e-12   2.7967424e-12
   3.6066231e-10  -5.3328059e-10   5.6462700e-11   3.0357322e-11  -1.8449758e-10   8.6305018e-11   1.3151196e-09   8.5105636e-13  -2.9457012e-12  -5.1898372e-12  -2.8028766e-09   2.2595665e-10  -2.2947282e-08   8.6305018e-11   8.0580513e-08   4.9994953e-09  -6.4195835e-08   3.5326360e-09  -3.7955736e-12   1.7945206e-08   5.3219045e-10   2.4962221e-09  -2.1515647e-08   8.0797758e-08   8.6925098e-09  -2.5898740e-10   2.9395547e-09  -2.4727821e-10   3.9930622e-08  -8.4756561e-11
   3.9596209e-09  -4.8224844e-09   4.9366279e-09  -5.2641094e-09   2.3296357e-12   9.7145753e-12   3.0372199e-09   1.1684447e-12  -8.6058367e-11  -7.3098775e-11  -3.7385878e-10  -5.4967724e-13  -1.5419925e-10   9.7145753e-12  -9.8629150e-10   1.9741791e-09  -4.1890959e-10   2.7895096e-11   6.0096501e-10   1.6097613e-10   5.0715178e-09  -1.3539834e-09   2.6573317e-13  -8.5218867e-11   6.4670092e-12  -2.0558193e-10   6.6492169e-10   1.0497455e-09   2.7533812e-09   2.4820276e-09
   6.6291469e-08   1.2087863e-10   3.2050891e-12  -1.0130314e-09   5.1165591e-11  -2.7677171e-08  -4.0542162e-12   8.7223612e-14   1.1907265e-11  -2.9440157e-12   4.6141977e-11  -8.8781167e-14   7.8639185e-09  -2.7677171e-08   5.3063490e-08  -8.3754013e-09  -1.3337122e-09   1.3743500e-08  -1.4493023e-10   4.5449844e-08  -8.2261061e-11  -4.8951585e-08   5.9737975e-08  -8.2844325e-09  -4.0630088e-09  -3.2981491e-11   4.8143709e-08   1.7878330e-08   4.8664912e-11  -2.6656287e-11
   8.4959218e-10   2.2835614e-08  -1.4927579e-10   6.6904458e-12  -5.5790590e-11  -1.3215956e-11   1.9402741e-08  -5.3774512e-14  -7.6754853e-11  -1.5875305e-08  -7.6127886e-11  -9.4415159e-10   1.7581620e-10  -1.3215956e-11   3.0499988e-10  -1.7023347e-10   3.3470759e-11  -1.0809951e-08   6.7211041e-13   1.8885778e-09   3.8029097e-09   1.9593872e-12  -3.0516165e-11  -4.7396035e-11   1.7393449e-08   7.9857913e-09   2.4901176e-10   4.7527582e-09   2.3257504e-09  -2.8885869e-10
   1.0620030e-12   7.6309725e-12  -5.7177097e-13   2.4190479e-16   6.8460678e-16  -2.4599359e-12   1.2716280e-11  -6.4231156e-15   3.7394399e-13  -1.6828903e-12  -9.7167834e-15  -3.3916270e-14   4.3212421e-13  -2.4599359e-12   6.1989818e-12   1.3288573e-11  -1.6083096e-12  -5.0860779e-15  -4.6056117e-15   5.3592062e-11  -1.8114257e-12  -1.0257828e-15   5.2463935e-12  -4.6947609e-13  -1.0600229e-10  -1.6195889e-13   4.6138480e-11  -3.9046440e-13  -1.1880988e-11   4.6520496e-12
   5.1799612e-08  -1.8092449e-08  -2.1956193e-09  -1.5837641e-10   1.1924294e-11   8.6524007e-08  -8.3602958e-09  -2.5820810e-09  -5.9504863e-11   4.1809623e-08  -2.3437560e-14  -2.1583731e-10  -8.6674590e-08   8.6524007e-08   1.2247349e-08  -8.5247881e-08   7.7513128e-09   5.4109981e-12  -6.2871766e-08  -5.5046262e-08   1.6076736e-09  -9.5283383e-13  -3.6537477e-08   9.6541848e-09  -1.4581163e-10   4.7720862e-09  -3.0427007e-10  -5.4222622e-10   1.4064981e-08  -6.3661411e-08
   2.3515389e-09   1.5217274e-09   1.3499148e-09   8.5145695e-08   9.2277769e-12   1.1835033e-10  -1.2997268e-09  -6.2677048e-12   8.6451730e-12   1.8027079e-08  -1.5674050e-09   3.7419397e-11   4.4648994e-11   1.1835033e-10   4.9401352e-08  -8.3392395e-09   1.6116120e-09   1.1073922e-12  -2.2830127e-08   5.9875667e-08  -8.2028645e-09  -1.3081386e-08   2.9475235e-10   3.4136121e-09   1.6340254e-10   4.4807164e-08  -8.0475564e-11  -7.4853377e-09   2.1988692e-10   4.4205267e-08
   1.9958580e-09   3.5138856e-09  -2.6026722e-12   1.3258998e-09  -5.0447517e-12   3.7902019e-09   3.4029895e-09   4.2066365e-09   2.6426049e-12   1.1132498e-11   1.5246893e-10   1.4388850e-10   3.9269237e-09   3.7902019e-09   3.3093894e-09  -2.4716215e-11  -3.8941730e-09   1.9487770e-10   1.8218361e-12  -1.4310648e-09   1.7557237e-09  -2.6122550e-09  -3.8386148e-09  -1.2460547e-11  -1.4898043e-09   3.8866955e-09  -1.9604288e-09   1.8397252e-09  -4.3409776e-09  -1.8263438e-09
   2.0026952e-13   9.7547179e-12   1.9606307e-13   4.1422579e-14  -2.2615942e-15  -2.5284539e-12   2.1700764e-11   4.7808720e-15  -2.4915438e-14   3.2531061e-12  -4.8155424e-15   1.5192342e-14  -4.9031694e-13  -2.5284539e-12   1.6046071e-11  -1.0979077e-11  -1.1079409e-12   4.4027673e-14  -3.5531143e-14  -2.6032426e-11   3.2032438e-12   2.1344453e-14  -9.1181749e-14   1.0343632e-13  -1.3149283e-10   1.3540354e-13  -4.7262063e-13   6.4216767e-13   1.6527868e-11   1.1566845e-11
   1.9310104e-12  -1.1778615e-11   1.7709799e-12  -5.0837765e-16   4.2031910e-14  -1.7481691e-11   1.4755424e-10   2.4426595e-14   3.7324911e-13   2.3656933e-11  -9.1973413e-14   1.0466810e-13  -2.4752162e-12  -1.7481691e-11   8.0497665e-11  -8.3046648e-11  -1.0620528e-12  -1.7164873e-14  -2.1641996e-13  -1.6707223e-10   9.7438819e-12   1.7140824e-13  -6.6418258e-12   1.0772194e-13  -4.4560984e-10   4.6868882e-13  -1.9213648e-11   2.6950226e-12   9.6976636e-11   6.0613539e-11
  -8.7824365e-14  -1.7226176e-11   1.8233452e-13  -6.4983351e-14   1.8833876e-14   5.7287604e-13   2.4468773e-12  -9.8194835e-15   6.4247804e-14   1.5530790e-13  -2.9069875e-14  -4.4194936e-15  -5.7461143e-13   5.7287604e-13   7.4970611e-12  -6.7448307e-12   1.2459005e-12  -5.6344249e-14  -1.0058898e-14  -2.0184346e-11  -2.6909143e-13   9.9831893e-15  -1.5948574e-12  -1.4328119e-13   4.6698960e-11   3.8875243e-14  -3.0096015e-12  -2.6916379e-13  -1.3012590e-12  -8.0511549e-12
