 -4.1107548e-166  8.5843842e-165 -1.1272694e-165 -4.4247261e-163  8.1682579e-165  4.8653598e-164 -1.2101112e-163 -3.9339077e-165  2.0352582e-164  2.8072960e-164 -2.5254279e-163  2.4250616e-163  9.8347926e-165 -2.1741938e-164  2.5512023e-163  7.8704570e-164 -7.1434967e-164 -5.0174539e-165  2.9072421e-164  1.6758984e-164  3.1045119e-166 -7.8922853e-165  4.9348914e-164 -3.2340291e-163  1.6746945e-163  8.3319904e-165  8.8541244e-167 -4.1983892e-164  2.6822076e-164  1.2487233e-164
 -4.6228649e-167 -7.8876318e-168 -6.7123367e-166 -1.1095137e-166 -2.5223176e-166  7.1517114e-166  1.3098322e-165  1.9801685e-166  1.0760420e-167  1.0462193e-166 -4.6766157e-166 -1.8802202e-166  3.0867773e-168  1.3879653e-166 -8.8670451e-168 -4.0019729e-166  9.0629936e-166 -1.9082163e-166 -3.4008018e-166 -4.4991393e-166 -3.7774032e-167 -2.0191455e-166  2.5435225e-166 -5.0417333e-166 -2.1686065e-166  2.4585109e-166  9.5827820e-167 -1.1529628e-166 -4.2983337e-166 -1.3259898e-166
 -1.3843548e-166 -1.4756210e-167 -2.2741336e-166 -8.4488543e-166  3.7658723e-167 -1.3047075e-166  1.0216188e-165 -1.8653858e-167 -1.5662917e-166 -6.6182828e-167  1.4247497e-166 -1.7665327e-166 -1.2556882e-167 -4.2503901e-166  2.0100451e-166 -1.9175515e-166  7.6747144e-167 -6.4756932e-166 -6.2535804e-166 -1.4943848e-166  1.1139606e-166 -6.6789917e-167  9.3672247e-166 -7.4469068e-166  4.0221143e-167  5.3969396e-167  5.4968723e-166 -9.1404291e-167 -4.2089354e-167 -1.8360844e-166
  4.0008957e-166 -7.4918160e-167  1.3245451e-166  1.3217466e-165 -8.2733262e-166 -1.1146600e-165 -3.8830989e-166 -2.8175983e-167 -1.1204955e-165 -1.1780105e-166  3.0710349e-166  3.1791463e-166  2.7952971e-167 -7.2414815e-166  2.2355876e-167  1.2309190e-165  1.3665693e-165 -1.2700401e-165  1.0827257e-166  3.5617292e-167 -3.1191745e-167  9.3740827e-169 -4.6613623e-166 -6.2650680e-166  5.2742574e-167 -6.6146856e-166 -1.6993798e-167 -1.2513719e-167 -2.4488967e-166  3.8947267e-166
 -4.8126463e-166 -7.6812941e-167 -7.4533567e-166 -7.7908162e-166 -2.8454783e-166  8.2216561e-166  2.9946962e-166 -1.4626961e-165  7.1336167e-166 -2.9365809e-167  4.6898661e-166 -1.5669181e-166 -3.0008640e-167 -1.3931424e-166 -1.5090734e-165  4.2918261e-166 -5.4566297e-166  4.7686453e-167 -2.8687014e-166 -1.5632953e-167  8.0644593e-168  1.6483668e-166  8.5269858e-167  3.4040580e-166 -1.2942334e-166 -1.8631546e-166 -9.4733549e-166  3.9277350e-167 -1.0982831e-165 -4.1986644e-166
 -3.5858169e-166  4.8065596e-167  4.2553101e-166 -6.4443018e-168 -9.1470811e-166  8.3563336e-166 -2.0988843e-165  8.3780208e-166  4.9446186e-168  3.7117960e-167 -1.5224882e-166 -1.1344007e-165  1.0928740e-167 -2.1295633e-166  2.2577736e-166 -4.7381884e-166 -2.3135060e-166  6.3827545e-166 -8.9617952e-166 -3.1080335e-166 -7.5521725e-166 -9.0852764e-166 -1.8258248e-166 -9.5434334e-166 -1.0293109e-166  1.1654742e-166 -8.1443699e-166  1.9625318e-166 -1.7687206e-165  1.8611981e-165
 -9.7187266e-166  8.7678951e-165 -1.9890730e-165 -4.5431190e-163  8.2339663e-165  4.9910305e-164 -1.2392178e-163 -4.7802561e-165  2.1216977e-164  2.8757266e-164 -2.5943528e-163  2.4985865e-163  1.0099100e-164 -2.2308335e-164  2.6172050e-163  8.0780497e-164 -7.3508965e-164 -4.9180034e-165  2.9884928e-164  1.7516072e-164 -2.0855536e-165 -8.0588194e-165  5.1317134e-164 -3.3228387e-163  1.7213141e-163  8.7109300e-165  1.4794040e-166 -4.3190179e-164  2.7678079e-164  1.1907263e-164
  2.6755552e-166  3.8135475e-167  1.4574902e-165 -7.9835161e-166  1.3072914e-166 -1.7419120e-166 -6.8806709e-166  1.0861225e-165  1.3963642e-166  6.4345287e-167  2.3370812e-166 -9.6098199e-166 -2.9273166e-167 -5.4116588e-167  1.1462970e-165  1.0659001e-165  4.3805712e-166 -3.1249137e-166  5.0148751e-166  5.7801496e-167  1.9481340e-166 -1.9128723e-166  9.5883234e-166  1.6498838e-166  4.5536139e-167  7.0891453e-167 -1.8479628e-166 -4.9420009e-167 -3.3008830e-166  1.0279053e-166
  2.2441515e-166  3.4687231e-167 -2.4298728e-167 -5.9426378e-166  2.0873494e-166  4.7315991e-166 -5.9754455e-166  2.6025682e-166  1.6028899e-166  1.1250416e-166 -4.9322947e-167  6.7903727e-166  5.3866563e-168  1.4255953e-166 -2.5466814e-166  9.2747854e-166 -3.1036003e-166  5.8920124e-166  2.2300110e-166  7.6156146e-168 -4.5306739e-166  5.0235016e-166 -2.3325529e-167  5.8592041e-167  1.5052304e-166  4.6177216e-167  1.3051558e-166 -3.8391434e-167 -5.9959695e-167  7.2399524e-167
  3.5034762e-166 -7.0907078e-165  1.6926033e-165  3.7473042e-163 -6.4616377e-165 -4.1075726e-164  1.0209143e-163  3.8890935e-165 -1.7062803e-164 -2.3657600e-164  2.1296002e-163 -2.0410555e-163 -8.2833521e-165  1.8529345e-164 -2.1499404e-163 -6.5852239e-164  6.0429103e-164  3.9220021e-165 -2.4416579e-164 -1.4384847e-164 -3.3004103e-166  6.7110201e-165 -4.1917441e-164  2.7289491e-163 -1.4131863e-163 -7.0506506e-165  7.0587527e-166  3.5356026e-164 -2.2580086e-164 -1.0029618e-164
