   3.8603693e-49  -1.2031137e-50  -2.6783299e-45  -2.6734795e-46   1.1592738e-49   2.3612516e-47  -2.2175327e-47  -4.9606721e-46  -7.3872992e-47  -7.1584566e-48  -9.4066197e-47  -2.0454505e-48  -9.5942489e-49  -1.1733998e-48  -3.7889268e-47   1.0429015e-48  -1.5533982e-48   8.5105329e-51   3.7467359e-50  -4.8180759e-47   1.8656152e-47   9.8421333e-48  -9.9363019e-48   7.7264267e-51  -9.2316831e-48   6.9347731e-49   9.0719479e-52   3.2482564e-48   8.2835398e-50  -2.1156695e-48
   2.7042553e-48  -3.8479364e-47  -3.4787003e-45   9.4122185e-46  -8.0945562e-48  -6.3112200e-45   2.4160628e-45   1.2080893e-45   2.0057045e-45   1.8798144e-46   8.8172456e-47  -5.4913133e-48  -5.5391666e-49   2.1091183e-48  -3.0178793e-45  -5.0658149e-49   3.1159500e-48   4.1475128e-49   1.0006623e-49   2.0803539e-48   9.3010521e-47   5.9631426e-47  -9.1208335e-47   2.0382625e-49  -1.0741411e-47  -3.1756527e-47  -1.9166072e-49   5.0055773e-49   5.5359210e-49   2.9789186e-47
   1.3682411e-11   5.3620963e-13  -6.9381118e-10  -4.4365762e-10  -3.1146834e-10   3.9903511e-10  -9.7807433e-11   2.2422760e-10  -1.6300595e-11   2.9784909e-11   3.4834968e-10   3.4642544e-11   1.2089589e-10   1.3597829e-12  -7.6334619e-10  -5.8913708e-11  -1.4306364e-10  -5.5537756e-09   1.1137294e-10  -4.6276533e-11  -6.8957666e-11   9.9744582e-14  -2.0022804e-11  -5.8794469e-13   3.2674671e-10  -2.7472250e-10   3.2755251e-12   1.5813857e-12  -3.7910682e-12  -2.0319091e-11
  -1.2982913e-46  -1.1482506e-45   8.1182844e-44  -1.2034364e-44  -5.7151766e-48   3.2466306e-44   3.6965799e-45  -5.6332373e-45   2.9744101e-45  -1.5816486e-45  -3.4611862e-44   4.1724987e-47   3.7077446e-47  -3.2435207e-47   1.1382694e-44  -1.8818926e-46   1.2463889e-47  -3.2636285e-47   3.0239451e-49   2.4855019e-46   1.3867728e-46   3.0487289e-47   1.3996399e-45  -6.1295672e-48   4.9951202e-46   1.4396056e-46  -1.3200809e-48   1.9417689e-46  -9.2087852e-46   3.4511669e-47
  -3.6487337e-10   1.4431598e-10  -8.5713259e-09  -1.7993905e-09  -2.4520851e-10  -5.6768723e-09  -4.5887788e-12  -2.0716078e-10  -5.0531964e-11   1.1787865e-11  -1.0463810e-09  -2.7398231e-14   1.6812550e-10   2.2782411e-12  -3.6985130e-09  -1.3205017e-13  -8.1647623e-13   9.1307279e-13   1.2985932e-10   4.2197907e-10   9.1888999e-11  -1.0542350e-09   1.4268948e-10   3.0518451e-13   1.5319984e-08   1.8740158e-09   8.7647901e-11  -1.4499365e-10   1.3390803e-09   8.5529704e-11
  -1.8041952e-12   8.0037560e-12   9.3567072e-09   1.2838793e-09   1.5476417e-10   9.2037990e-12  -1.8349987e-09  -8.5875780e-10   2.2037451e-11  -1.9712785e-10   2.3303573e-09   6.2842319e-12  -3.7663969e-09   2.5437257e-12   1.9295270e-10  -1.1068635e-11  -1.1402388e-12   1.9968233e-10   3.6756465e-09  -7.0003392e-09   2.0584707e-10   5.4837123e-12   4.7801396e-10   3.5059729e-11   1.7640694e-08   2.9959088e-11  -1.4773035e-14   1.4514908e-11   1.8877754e-09  -4.4212700e-11
   2.4939938e-09  -6.5759021e-09  -1.1185975e-10  -9.3545153e-10   3.0103274e-10  -2.9285922e-10   8.0148194e-11   8.2965388e-11  -6.4893483e-09   2.0936965e-11   3.1656111e-08   6.6508941e-11   2.3338265e-10   4.7887729e-10  -1.5755458e-10  -2.7962727e-11   2.8198009e-09   7.3906031e-10   3.0484216e-09   2.3089985e-08  -2.3747249e-09   4.2856746e-10   1.0928327e-10   8.8770534e-12   1.6471023e-11   9.3812121e-09   4.3561496e-13   9.0154817e-09   3.3097621e-10  -6.4645343e-12
   9.3505453e-11  -1.6975620e-09   4.0468508e-10   2.0225121e-08  -1.0741960e-09   8.8113281e-11   4.3889064e-09   2.0570652e-09   3.2404081e-11   1.7333996e-11   5.8791076e-09  -8.0013102e-11   5.9874391e-09  -2.4700646e-10   3.4813834e-12  -6.7614006e-10   8.5552960e-10  -4.7597339e-12  -3.0480791e-12  -1.0113379e-09  -3.5315140e-10  -1.9373211e-11   1.6128891e-12   6.2540170e-12  -3.0170744e-09  -7.2689132e-10   3.7954036e-12   1.7565665e-10  -8.0030692e-09  -1.7080138e-12
   1.6486358e-45  -2.5159705e-46   2.9401685e-43   2.9716650e-45  -9.0993208e-47  -1.0283967e-43  -3.2968259e-44  -5.6444285e-43  -3.0561807e-44  -9.2266543e-45  -3.7000711e-44   9.4640620e-46  -6.7297834e-46  -6.4389992e-46   1.1438953e-43  -1.7450418e-45   1.9043874e-45  -1.0882990e-46   2.0266959e-47  -4.7606967e-44   7.5686196e-46  -2.9627637e-45  -8.6263714e-45  -3.2366802e-47   2.3658907e-45  -7.1266496e-47  -1.4349282e-47   1.1566026e-49   2.2152377e-45  -2.1762892e-45
   1.1717346e-13   4.4786136e-13   4.6365773e-10  -1.6088984e-09   2.0835146e-11  -2.1552495e-10  -9.3859002e-11  -8.0048007e-09   2.8588518e-11   9.3948439e-10   5.4058760e-10   2.9718587e-11   2.7185113e-10  -2.2096086e-13  -1.3075615e-10   3.9143614e-12  -4.0769605e-11  -1.0788406e-12   1.6795686e-09   1.8522443e-11  -2.2441191e-13   9.5731369e-12   1.7441888e-12   2.3639506e-13  -1.5385949e-08   5.8519449e-11  -1.5237864e-15  -1.8527409e-09  -2.8698499e-11  -2.9514932e-11
