   3.3606116e-08   1.5707385e-09  -4.9394456e-09   1.6685380e-10   3.7612654e-09   2.1577176e-10  -2.0394225e-11   1.1672893e-09  -4.2237054e-09   6.2963913e-11  -2.0008642e-09  -8.6512922e-12   6.7226002e-08   2.1577176e-10   3.6115712e-08  -9.5724353e-10   3.1370751e-11  -9.7550439e-12   8.0833611e-10   3.2412028e-09   2.2752978e-10  -9.7282859e-09  -1.4453331e-09  -9.1788416e-11   2.5208846e-09   4.6878062e-08   1.8978120e-11   3.7327061e-10  -6.2452393e-11   5.7242362e-09
  -1.6222071e-09   4.4486498e-09   1.5598760e-09  -9.7471345e-10  -2.1947332e-09  -3.4322520e-10  -3.5853602e-11  -1.6128407e-09   7.3151604e-10   1.9896083e-10  -2.4701891e-09  -6.1714004e-12   1.0518577e-10  -3.4322520e-10  -3.2307205e-09   3.7493495e-09   5.4434995e-10  -8.2884752e-12   3.9063885e-11  -4.0643702e-10   1.3593417e-09   3.6904370e-10   1.5635162e-10   1.4962555e-09  -4.8371875e-11   1.5155026e-09   3.0270619e-10  -1.2934352e-10  -1.3086753e-12   6.2476899e-11
   9.3880059e-10  -1.0551965e-09   4.3021715e-10  -1.9553403e-11   3.5100902e-09   1.8683996e-09  -4.6582360e-10   2.8500629e-09   2.6749040e-09  -2.2351445e-11   3.2869577e-09  -2.9217871e-09   4.3609887e-12   1.8683996e-09  -1.7218181e-10  -3.7864607e-10   1.5326350e-09   5.9120096e-14  -3.4979094e-09   1.3001085e-09  -8.0339916e-11   4.9269965e-10   1.0148561e-10   7.2657301e-11   1.7923861e-10  -1.7579197e-11  -2.6061003e-09   3.0196605e-09  -9.5190749e-11   5.1241860e-09
  -2.9555670e-10  -1.6404359e-14   1.1539891e-10  -8.8491076e-11   1.4629188e-15  -1.0480633e-14   4.1202521e-15   4.6356491e-11   1.1880219e-11   4.8751714e-14  -7.8117212e-13   8.4377213e-14   1.2383296e-12  -1.0480633e-14  -3.2546292e-11   5.1822782e-11   4.8636761e-16  -2.4172757e-15   1.8374236e-11   3.1926791e-15   2.8430716e-13   2.5643631e-11  -2.1545113e-15  -6.1639159e-12  -3.6930944e-13  -1.1930915e-11  -2.6247499e-11  -6.2135284e-13  -4.0384274e-13  -1.2911648e-11
  -3.1739194e-11   4.9537709e-11  -7.7040328e-12  -4.7102557e-11   2.0517199e-12  -2.6082809e-13   3.5715189e-13  -9.5509500e-12  -5.7354534e-11   1.2338906e-13  -7.9378270e-12   5.7957037e-14  -1.5642116e-14  -2.6082809e-13  -2.3035972e-12   1.8134080e-13   8.0421264e-13  -1.5227008e-14  -1.5333510e-11   9.1702792e-13   1.5386359e-13  -1.2667768e-12   7.6063135e-12  -1.9687918e-12  -1.1599744e-12  -1.1826808e-13   6.6139319e-13  -1.9570316e-11   3.8345658e-11  -1.3711457e-10
  -1.8249622e-11   8.6958326e-16   7.3036354e-12  -5.7629582e-12   4.4106412e-15   2.5490471e-15   2.4814764e-15   2.9573850e-12   7.7450019e-13  -2.6947497e-16  -3.7399101e-14   4.6311466e-15   1.6799184e-13   2.5490471e-15  -2.4290783e-12   3.2353938e-12   4.7752352e-15  -1.3611823e-15   1.4480478e-12  -1.7626555e-16   2.2936344e-14   1.8504967e-12  -2.1951666e-15  -3.8033354e-13   5.8482026e-14  -9.6125649e-13  -1.6592382e-12  -4.2865277e-14  -2.1250956e-14  -1.0048963e-12
  -7.3404456e-11  -7.2942316e-15   2.8879902e-11  -2.2208811e-11  -4.0673061e-16   6.5995908e-16   1.7831403e-15   1.1584037e-11   2.9803891e-12   6.8613559e-15  -1.8915420e-13   1.9919758e-14   4.1737535e-13   6.5995908e-16  -8.6235052e-12   1.2992613e-11  -1.9094660e-15  -2.8947461e-16   4.4856835e-12   2.1277281e-15   7.4774497e-14   6.5572620e-12   1.1745365e-15  -1.5336029e-12  -9.7422833e-14  -3.0305039e-12  -6.6334756e-12  -1.7062848e-13  -9.8878909e-14  -3.4245626e-12
  -5.9113984e-10  -3.3856100e-14   2.3132964e-10  -1.7729506e-10  -2.5339908e-16  -1.9454630e-14   1.5522809e-15   9.2725587e-11   2.3812460e-11   8.7855841e-14  -1.5660776e-12   1.7572899e-13   2.4765956e-12  -1.9454630e-14  -6.5081644e-11   1.0390522e-10   4.7357051e-15   4.4631770e-15   3.7030482e-11   9.4612221e-16   5.6277815e-13   5.1285932e-11  -2.5421728e-15  -1.2365192e-11  -7.3771329e-13  -2.3950737e-11  -5.2472925e-11  -1.2488228e-12  -8.0041136e-13  -2.5988672e-11
   3.0978585e-11  -6.7043235e-11  -1.6915155e-12  -2.5297936e-11   3.5243785e-13  -1.0956063e-11  -5.0976978e-12  -1.4965946e-12  -3.4744180e-10  -8.7726812e-16  -2.5422696e-12  -2.0628632e-14  -1.0891678e-13  -1.0956063e-11  -4.7343003e-12   8.0571161e-13   8.5101146e-14  -2.4109734e-15   1.1486930e-11   2.9013069e-12  -1.1164190e-13   3.0085590e-13  -7.7660180e-12  -2.0120270e-13   1.4154094e-12   3.8628504e-13  -1.4132211e-11  -3.5837940e-12  -3.5233156e-11  -6.1487150e-12
  -1.7845158e-10   1.0244440e-08  -3.7404539e-09  -2.9555619e-09   5.6420142e-09   5.3432179e-11  -6.6771840e-11   9.1214821e-08  -1.1098365e-08   1.1518632e-08   2.1089687e-08  -3.4153182e-09  -2.3268822e-10   5.3432179e-11  -2.1174138e-08   1.0687758e-07   2.8910402e-08  -3.1853372e-12  -6.9638656e-10   2.2223758e-10  -6.6375594e-08   1.4541296e-07  -1.0662704e-09  -2.5336748e-10  -2.3478553e-12  -1.6386333e-10  -1.6375184e-09   8.0005666e-10  -2.3234869e-10  -1.1085994e-09
  -7.9242396e-10   2.3356735e-10  -3.0960558e-09   2.6405759e-12   2.9527166e-09   3.1587209e-10  -9.9779945e-11   5.5078305e-10   1.6519656e-10   1.2756523e-11   2.9452232e-10   7.1272596e-12  -1.2596400e-12   3.1587209e-10   2.7855910e-10   1.0697340e-11   8.1835142e-12   2.6881889e-12   3.4790111e-10   4.2329332e-10  -2.4358284e-09   4.0327014e-09  -3.4685259e-10  -6.3252826e-10  -1.2300242e-10   4.5532264e-11   2.8198306e-09   1.7992447e-09   4.0040457e-11  -3.7165849e-09
  -3.7918851e-10  -4.0105817e-09  -3.0459395e-09  -9.0921594e-10  -4.7413317e-09  -6.0375528e-10   1.4373367e-09  -4.5468997e-08   5.4443871e-08  -3.1734838e-10  -1.6710128e-09  -1.1670467e-11   6.9385918e-11  -6.0375528e-10  -1.7788315e-10   1.9125293e-10  -2.9614496e-11  -5.8294122e-13  -8.9941032e-10   3.3531784e-10  -3.1373179e-10   6.2568433e-10   1.3024766e-09   3.5777403e-10   2.2244719e-09   4.8219886e-11  -2.7231869e-09  -1.7066904e-09  -1.0573251e-10   1.2841130e-08
   3.8654154e-09  -2.6894278e-09   8.9502027e-10  -4.1316024e-09  -8.2154751e-10   1.2393702e-09   3.1507111e-10  -2.9120981e-09   1.9592259e-08   2.1443357e-10  -2.4434166e-09   4.1826466e-11  -4.6217647e-12   1.2393702e-09   3.6467712e-09  -5.2733874e-10  -9.2613722e-12  -3.0399106e-11  -1.2295794e-08   5.1523095e-09   2.3986087e-09   1.0084702e-09   5.4051234e-10   1.1333607e-10   3.5880549e-10   4.8544984e-09   3.8755506e-09   2.7293159e-09  -6.3544642e-10  -3.5541332e-08
  -9.4495869e-11  -8.9461366e-11  -1.3560281e-11   2.3700015e-12   6.9248865e-12  -4.1980555e-12   2.4212689e-12  -2.9562644e-12   2.2795165e-10  -1.3613394e-13  -4.4000628e-12   1.6553665e-13   2.3961237e-13  -4.1980555e-12  -1.1924430e-12   1.0779145e-12   3.2643122e-13  -9.0903493e-15  -1.3947184e-11  -2.9613687e-13  -9.6774121e-14   1.4884416e-12  -2.4558284e-11  -1.5879382e-12  -8.8912448e-13  -3.6721055e-13   1.2447440e-11  -1.7587855e-12   4.9330072e-12   3.0081487e-11
   4.8325764e-08  -8.7905581e-09   1.1276931e-10   2.1244224e-09   7.9602672e-08   3.7892504e-10   1.1262969e-09  -7.5814632e-10  -6.6739191e-08   8.9133970e-10   6.7743963e-09   2.5977663e-09  -7.1100548e-11   3.7892504e-10  -3.5610927e-10  -4.7694113e-08   2.5588732e-11   2.6297849e-10   5.0129339e-09   1.0451650e-09   3.7821914e-09   1.0565942e-07  -2.9144591e-09   8.3923583e-10  -7.0717663e-10   2.3370171e-08  -7.2301539e-08  -2.3576529e-08   2.0390689e-10   1.2323582e-07
  -1.2853998e-08   3.1579020e-08  -3.8960841e-09  -1.1463017e-09   3.7192473e-09   3.8470143e-09  -1.6858306e-11   7.3895090e-09  -7.8809321e-08   1.0702644e-10  -2.7984023e-09  -2.4852043e-11  -1.4590795e-10   3.8470143e-09   5.2382226e-10   3.7243757e-09   3.4090674e-09  -2.3061483e-10  -1.3097670e-09  -6.3990002e-10   1.0034674e-09   3.2482845e-10   7.4730757e-10  -2.7947890e-10  -6.6793539e-09  -1.6895653e-08  -4.0244862e-09   1.9682688e-10  -1.9989901e-10  -4.1217893e-09
   5.7049995e-10  -3.6581045e-09  -1.1440880e-09  -5.2030466e-10   1.7763051e-09   6.6055626e-12   4.5090317e-10  -2.2815636e-09   1.2778014e-09   2.0590625e-11   1.2818115e-11   1.8979162e-11   2.0387244e-09   6.6055626e-12  -5.4946594e-10   7.1957117e-10  -3.1188731e-09   5.8152914e-13   4.4422040e-10  -6.3409976e-10   3.1600238e-11  -2.7159527e-09   2.7242859e-09   4.9696518e-09  -3.5429409e-12  -2.8085710e-11  -3.8686527e-09  -5.9933793e-11  -1.3845665e-09  -4.7719098e-10
   9.5237042e-11   1.0694599e-10   2.2941124e-11   7.0030511e-11  -9.3526229e-12   1.5392705e-11   2.3000541e-12   1.3989269e-11   1.7682487e-10  -7.7457677e-15   1.4857946e-11  -2.2346875e-13  -1.3117060e-13   1.5392705e-11   8.2134941e-12  -2.0889480e-12  -1.2375189e-12   5.6339336e-15   1.7772835e-11  -3.5439196e-12   3.2820797e-14  -5.4090912e-13   2.4700531e-11   3.7354433e-12   6.1378522e-13   7.9629358e-14   1.0001560e-12   2.4894306e-11  -8.0638143e-12   1.1316298e-10
  -1.4728629e-10  -8.2106778e-15   5.8038779e-11  -4.4376453e-11   4.7264563e-15  -6.7207320e-15   1.5297675e-15   2.3141951e-11   5.9307976e-12   1.9317504e-14  -3.8467946e-13   4.1122952e-14   6.3865233e-13  -6.7207320e-15  -1.6432434e-11   2.6028607e-11   4.6997753e-15  -1.6906106e-16   9.2163858e-12   1.8455042e-15   1.4394053e-13   1.3035652e-11   8.2351801e-16  -3.0719684e-12  -1.8430940e-13  -6.0251594e-12  -1.3210968e-11  -3.1188249e-13  -1.9920080e-13  -6.5308963e-12
  -3.6586788e-11   1.0817806e-15   1.4422672e-11  -1.1092892e-11   2.5657867e-15  -2.4155065e-15   1.9219848e-16   5.7401311e-12   1.5534445e-12  -5.2395479e-16  -9.0789717e-14   1.2673885e-14   2.4180424e-13  -2.4155065e-15  -4.9445646e-12   6.5030819e-12  -2.5790599e-15  -1.4465330e-15   2.3438599e-12   2.8939639e-15   4.4488994e-14   3.3719297e-12   5.1521405e-15  -7.6218348e-13  -5.8036391e-14  -1.7980386e-12  -3.3231223e-12  -8.6206660e-14  -4.7482791e-14  -1.8668739e-12
