  -2.1585582e+01  -2.1585582e+01  -2.1585582e+01  -2.1585582e+01  -2.1585582e+01  -2.1585582e+01  -2.1585582e+01  -2.1585582e+01  -2.1585582e+01  -2.1585582e+01  -2.1585582e+01  -2.1585582e+01  -2.1585582e+01  -2.1585582e+01  -2.1585582e+01  -2.1585582e+01  -2.1585582e+01  -2.1585582e+01  -2.1585582e+01  -2.1585582e+01  -2.1585582e+01  -2.1585582e+01  -2.1585582e+01  -2.1585582e+01  -2.1585582e+01  -2.1585582e+01  -2.1585582e+01  -2.1585582e+01  -2.1585582e+01  -2.1585582e+01
   1.5739828e+01   1.5739828e+01   1.5739828e+01   1.5739828e+01   1.5739828e+01   1.5739828e+01   1.5739828e+01   1.5739828e+01   1.5739828e+01   1.5739828e+01   1.5739828e+01   1.5739828e+01   1.5739828e+01   2.0242243e+01   2.0242243e+01   1.6939071e+01   1.4699623e+01   1.6939071e+01   1.5739828e+01   2.0242243e+01   1.4699623e+01   1.4321089e+01   1.7158566e+01   1.4699623e+01   1.5739828e+01   1.6780032e+01   1.6939071e+01   1.6939071e+01   1.9202038e+01   1.7158566e+01
  -2.7641807e+01  -2.7641807e+01  -2.7641807e+01  -2.7641807e+01  -2.7641807e+01  -2.7641807e+01  -2.7641807e+01  -2.7641807e+01  -2.7641807e+01  -2.7641807e+01  -2.7641807e+01  -2.7641807e+01  -2.7641807e+01  -2.7641807e+01  -2.7641807e+01  -2.7641807e+01  -2.7641807e+01  -2.7641807e+01  -2.7641807e+01  -2.7641807e+01  -2.7641807e+01  -2.7641807e+01  -2.7641807e+01  -2.7641807e+01  -2.7641807e+01  -2.7641807e+01  -2.7641807e+01  -2.7641807e+01  -2.7641807e+01  -2.7641807e+01
  -9.2057672e+00  -9.2057671e+00  -9.2057671e+00  -9.2057671e+00  -9.2057671e+00  -9.2057672e+00  -9.2057671e+00  -9.2057671e+00  -9.2057671e+00  -9.2057671e+00  -9.2057671e+00  -9.2057671e+00  -9.2057672e+00  -7.7604541e+00  -7.7604541e+00  -1.3892221e+01  -8.3380840e+00  -1.3892221e+01  -9.2057672e+00  -7.7604541e+00  -8.3380840e+00  -9.2165983e+00  -9.1949360e+00  -8.3380840e+00  -9.2057672e+00  -1.0073450e+01  -1.3892221e+01  -1.3892221e+01  -6.8927709e+00  -9.1949360e+00
   1.7298699e+01   1.7298699e+01   1.7298699e+01   1.7298699e+01   1.7298699e+01   1.7298699e+01   1.5605683e+01   1.7298699e+01   1.7298699e+01   1.7298699e+01   1.5605683e+01   1.7298699e+01   1.5605683e+01   1.7298699e+01   1.7298699e+01   1.5605683e+01   1.7298699e+01   1.7298699e+01   1.5029348e+01   1.5605683e+01   1.7298699e+01   1.7298699e+01   1.7298699e+01   1.7298699e+01   1.5605683e+01   1.7298699e+01   1.1508303e+01   1.5029348e+01   1.7298699e+01   1.7298699e+01
   1.5029372e+01   1.5029372e+01   1.5029372e+01   1.5029372e+01   1.5029372e+01   1.5029372e+01   1.4862707e+01   1.5029372e+01   1.5029372e+01   1.5029372e+01   1.4862707e+01   1.5029372e+01   1.4862707e+01   1.5029372e+01   1.5029372e+01   1.4862707e+01   1.5029372e+01   1.5029372e+01   1.9412631e+01   1.4862707e+01   1.5029372e+01   1.5029372e+01   1.5029372e+01   1.5029372e+01   1.4862707e+01   1.5029372e+01   1.2503886e+01   1.9412631e+01   1.5029372e+01   1.5029372e+01
  -2.3558732e+01  -2.3558732e+01  -2.3558732e+01  -2.3558732e+01  -2.3558732e+01  -2.3558732e+01  -2.3558732e+01  -2.3558732e+01  -2.3558732e+01  -2.3558732e+01  -2.3558732e+01  -2.3558732e+01  -2.3558732e+01  -2.3558732e+01  -2.3558732e+01  -2.3558732e+01  -2.3558732e+01  -2.3558732e+01  -2.3558732e+01  -2.3558732e+01  -2.3558732e+01  -2.3558732e+01  -2.3558732e+01  -2.3558732e+01  -2.3558732e+01  -2.3558732e+01  -2.3558732e+01  -2.3558732e+01  -2.3558732e+01  -2.3558732e+01
   2.4743091e+01   2.4743091e+01   2.4743091e+01   2.4743091e+01   2.4743091e+01   2.4743091e+01   2.4743091e+01   2.4743091e+01   2.4743091e+01   2.4743091e+01   2.4743091e+01   2.4743091e+01   2.4743091e+01   2.4743091e+01   2.4743091e+01   2.4743091e+01   2.4743091e+01   2.4743091e+01   2.4743091e+01   2.4743091e+01   2.4743091e+01   2.4743091e+01   2.4743091e+01   2.4743091e+01   2.4743091e+01   2.4743091e+01   2.4743091e+01   2.4743091e+01   2.4743091e+01   2.4743091e+01
  -6.5050124e+00  -6.5050124e+00  -6.5050123e+00  -6.5050124e+00  -6.5050124e+00  -6.5050124e+00  -6.5050124e+00  -6.5050123e+00  -6.5050124e+00  -6.5050124e+00  -6.5050124e+00  -6.5050123e+00  -6.5050124e+00  -6.5050124e+00  -6.5050124e+00  -6.5050124e+00  -6.5050124e+00  -6.5050124e+00  -6.5050123e+00  -6.5050124e+00  -6.5050124e+00  -6.5050124e+00  -6.5050124e+00  -6.5050123e+00  -6.5050124e+00  -6.5050123e+00  -6.5050124e+00  -6.5050123e+00  -6.5050124e+00  -6.5050124e+00
   3.6192499e+01   3.6192499e+01   3.6192499e+01   3.6192499e+01   3.6192499e+01   3.6192499e+01   3.6192499e+01   3.6192499e+01   3.6192499e+01   3.6192499e+01   3.6192499e+01   3.6192499e+01   3.6192499e+01   3.6441688e+01   3.6441688e+01   3.5548112e+01   3.2335391e+01   3.5548112e+01   3.6192499e+01   3.6441688e+01   3.2335392e+01   3.9266610e+01   3.3118388e+01   3.2335391e+01   3.6192499e+01   4.0049606e+01   3.5548112e+01   3.5548112e+01   3.2584581e+01   3.3118388e+01
   1.3126482e+01   1.3126482e+01   1.3126482e+01   1.3126482e+01   1.3126482e+01   1.3126482e+01   1.3126482e+01   1.3126482e+01   1.3126482e+01   1.3126482e+01   1.3126482e+01   1.3126482e+01   1.3126482e+01   1.3126482e+01   1.3126482e+01   1.3126482e+01   1.3126482e+01   1.3126482e+01   1.3126482e+01   1.3126482e+01   1.3126482e+01   1.3126482e+01   1.3126482e+01   1.3126482e+01   1.3126482e+01   1.3126482e+01   1.3126482e+01   1.3126482e+01   1.3126482e+01   1.3126482e+01
  -4.6864206e+01  -4.6864206e+01  -4.6864206e+01  -4.6864206e+01  -4.6864206e+01  -4.6864206e+01  -4.6864206e+01  -4.6864206e+01  -4.6864206e+01  -4.6864206e+01  -4.6864206e+01  -4.6864206e+01  -4.6864206e+01  -4.6864206e+01  -4.6864206e+01  -4.6864206e+01  -4.6864206e+01  -4.6864206e+01  -4.6864206e+01  -4.6864206e+01  -4.6864206e+01  -4.6864206e+01  -4.6864206e+01  -4.6864206e+01  -4.6864206e+01  -4.6864206e+01  -4.6864206e+01  -4.6864206e+01  -4.6864206e+01  -4.6864206e+01
   9.6401686e+00   9.6401686e+00   9.6401686e+00   9.6401686e+00   9.6401686e+00   9.6401686e+00   9.6401686e+00   9.6401686e+00   9.6401686e+00   9.6401687e+00   9.6401686e+00   9.6401686e+00   9.6401686e+00   9.6401686e+00   9.6401686e+00   9.6401686e+00   9.6401686e+00   9.6401686e+00   9.6401687e+00   9.6401686e+00   9.6401686e+00   9.6401686e+00   9.6401686e+00   9.6401686e+00   9.6401686e+00   9.6401686e+00   9.6401686e+00   9.6401686e+00   9.6401686e+00   9.6401687e+00
   2.8677932e+01   2.8677932e+01   2.8677932e+01   2.8677932e+01   2.8677932e+01   2.8677932e+01   2.8677932e+01   2.8677932e+01   2.8677932e+01   2.8677932e+01   2.8677932e+01   2.8677932e+01   2.8677932e+01   2.8677932e+01   2.8677932e+01   2.8677932e+01   2.8677932e+01   2.8677932e+01   2.8677932e+01   2.8677932e+01   2.8677932e+01   2.8677932e+01   2.8677932e+01   2.8677932e+01   2.8677932e+01   2.8677932e+01   2.8677932e+01   2.8677932e+01   2.8677932e+01   2.8677932e+01
  -1.6783216e+01  -1.6783216e+01  -1.6783216e+01  -1.6783216e+01  -1.6783216e+01  -1.6783216e+01  -1.6783216e+01  -1.6783216e+01  -1.6783216e+01  -1.6783216e+01  -1.6783216e+01  -1.6783216e+01  -1.6783216e+01  -1.5239841e+01  -1.5239841e+01  -1.5788981e+01  -1.3938468e+01  -1.5788981e+01  -1.6783216e+01  -1.5239841e+01  -1.3938468e+01  -1.3130591e+01  -2.0435840e+01  -1.3938468e+01  -1.6783216e+01  -1.9627963e+01  -1.5788981e+01  -1.5788981e+01  -1.2395094e+01  -2.0435840e+01
  -3.6692142e-01  -3.6692143e-01  -3.6692139e-01  -3.1064876e+00  -4.2408535e+00  -9.8258932e-01  -3.6692143e-01   1.5177666e-01  -1.5012873e+00  -1.5012873e+00  -3.1064876e+00  -3.7221553e+00   1.5177667e-01  -3.1064876e+00  -9.8258929e-01  -3.6692142e-01  -3.6692139e-01   7.6744439e-01  -9.8258927e-01  -4.2408534e+00  -3.1064876e+00  -4.2408534e+00  -3.6692141e-01  -9.8258927e-01   1.7569769e+00  -9.8258929e-01  -3.6692139e-01  -9.8258929e-01  -4.2408534e+00  -2.4908198e+00
   6.4833830e+00   6.4833829e+00   6.4833829e+00   5.5562424e+00   5.2789569e+00   3.2311104e+00   6.4833829e+00   3.5083959e+00   6.2060975e+00   6.2060975e+00   5.5562423e+00   2.3039700e+00   3.5083959e+00   5.5562424e+00   3.2311105e+00   6.4833829e+00   6.4833830e+00   6.7606683e+00   3.2311105e+00   5.2789569e+00   5.5562424e+00   5.2789569e+00   6.4833829e+00   3.2311105e+00   4.1582510e+00   3.2311105e+00   6.4833830e+00   3.2311105e+00   5.2789569e+00   8.8085147e+00
  -1.3751614e+01  -1.3751614e+01  -1.3751614e+01  -1.3751614e+01  -1.3751614e+01  -1.3751614e+01  -1.3751614e+01  -1.3751614e+01  -1.3751614e+01  -1.3751614e+01  -1.3751614e+01  -1.3751614e+01  -1.3751614e+01  -1.3751614e+01  -1.3751614e+01  -1.3751614e+01  -1.3751614e+01  -1.3751614e+01  -1.3751614e+01  -1.3751614e+01  -1.3751614e+01  -1.3751614e+01  -1.3751614e+01  -1.3751614e+01  -1.3751614e+01  -1.3751614e+01  -1.3751614e+01  -1.3751614e+01  -1.3751614e+01  -1.3751614e+01
  -1.0539733e+01  -1.0539733e+01  -1.0539733e+01  -1.0539733e+01  -1.0539733e+01  -1.0539733e+01  -5.8588470e+00  -1.0539733e+01  -1.0539733e+01  -1.0539733e+01  -5.8588470e+00  -1.0539733e+01  -5.8588470e+00  -1.0539733e+01  -1.0539733e+01  -5.8588470e+00  -1.0539733e+01  -1.0539733e+01  -1.1204460e+01  -5.8588470e+00  -1.0539733e+01  -1.0539733e+01  -1.0539733e+01  -1.0539733e+01  -5.8588470e+00  -1.0539733e+01  -7.4248032e+00  -1.1204460e+01  -1.0539733e+01  -1.0539733e+01
  -2.2612070e+00  -2.2612070e+00  -2.2612070e+00   1.6560660e-01  -2.7662636e+00  -2.9948900e+00  -2.2612070e+00  -6.3019689e-02  -5.1930772e+00  -5.1930772e+00   1.6560660e-01  -5.6807631e-01  -6.3019712e-02   1.6560661e-01  -2.9948899e+00  -2.2612070e+00  -2.2612070e+00   6.7066318e-01  -2.9948900e+00  -2.7662636e+00   1.6560659e-01  -2.7662636e+00  -2.2612070e+00  -2.9948899e+00  -5.4217035e+00  -2.9948899e+00  -2.2612070e+00  -2.9948900e+00  -2.7662636e+00   8.9928949e-01
