   8.6625950e-09  -3.9613078e-08  -6.4866078e-09  -1.6725833e-08  -1.0254036e-09   2.9646156e-08   1.2829366e-08   5.5562472e-09   4.2606770e-10  -3.6208779e-09   3.7264796e-09  -3.8261949e-09   2.0340801e-08   2.9646156e-08   6.2437832e-08   1.6037895e-11  -6.0848892e-10   9.6646023e-10   3.0886778e-08   9.9698650e-09   6.4937272e-08   4.8797436e-10   3.9012287e-08  -1.1834995e-08  -2.6627091e-08  -4.2116954e-09  -7.1443105e-08   1.1069613e-07   6.7393084e-09   3.2697605e-08
  -1.9290369e-09  -1.2500990e-08   1.7796018e-08   3.2060220e-08   6.6966907e-10   1.3458034e-08   4.1310816e-08   1.8509532e-08  -1.1878419e-08   1.5857783e-08   1.7402776e-09   1.2049549e-08  -7.9646201e-08   1.3458034e-08  -3.9870534e-08  -1.0552931e-08   7.4281884e-09  -8.6247332e-09   8.0851278e-08   6.3879430e-10  -1.4050298e-08   2.0323535e-09   1.6236912e-08  -4.6903928e-09   2.4693647e-08  -1.9308874e-08   3.6439724e-08   3.8879871e-08   3.2915525e-08   3.1958922e-08
  -2.8291999e-10   8.0375529e-08   1.3145047e-08   4.4399551e-08  -9.6412596e-10  -3.1393117e-09   6.2425551e-09   3.6504167e-09  -7.6638072e-09   1.0794422e-08  -2.7220817e-09   1.6985803e-07   6.2510895e-09  -3.1393117e-09   3.7303992e-08   2.0659389e-08  -1.3710905e-09  -7.4432274e-10  -3.5158203e-09   8.2700607e-09  -6.9552775e-10   9.8822066e-09   2.9661009e-08   3.4498175e-09  -1.6238529e-08   6.8820016e-09   1.8660220e-08  -4.3227425e-08  -5.5562378e-08   2.8684950e-08
   5.8941161e-10  -2.7462473e-08  -4.7705951e-09  -4.0743002e-08   7.4977482e-10   1.7314823e-08  -2.0120249e-08   3.6502593e-08   7.6710121e-09  -2.1622656e-09   1.2756986e-08   5.8237730e-08   5.3854317e-09   1.7314823e-08   8.2014056e-09  -2.0425531e-09  -4.7664938e-10   2.5549023e-08   2.3781372e-08   4.6078366e-09  -6.1932747e-09  -5.6657543e-09  -6.4025075e-09  -2.0571970e-08   1.1099198e-08  -1.7433681e-08   5.1571360e-08  -3.0886077e-09  -1.2229087e-07   1.0337107e-08
   3.5856834e-08  -4.1832928e-09  -8.6836755e-09   7.6189059e-08  -8.2877380e-10   6.2861699e-09   7.0393977e-08   2.1386224e-08   1.2211038e-08  -2.5946987e-10   1.4553140e-10  -3.6144526e-08  -4.8553378e-09   6.2861699e-09   2.3242670e-09  -1.4083241e-08  -8.0630620e-09   5.0886410e-08  -1.3292620e-08  -4.2544399e-09   1.0442620e-09   1.8226728e-08   7.4210906e-08  -1.0796797e-08   5.4784130e-08  -9.3784018e-10   6.9054534e-08  -1.8658439e-08   5.3280133e-09   2.9297981e-08
   1.9311814e-09  -1.1359948e-08   6.3872986e-09  -6.6956875e-10   4.7021714e-10  -2.2444701e-09  -2.2278211e-08   1.8585610e-08  -2.1224600e-08   5.2329200e-09  -8.3402271e-10  -4.9098881e-08   1.1117845e-08  -2.2444701e-09  -3.6331492e-08  -4.4040941e-08   3.1980533e-09   3.0292066e-08   2.6840500e-08   2.5192126e-09   1.0924382e-09   4.0781331e-09  -4.0557249e-08  -1.3945707e-09   1.2613091e-08   1.7942864e-08   4.1502139e-08  -2.2562917e-08   3.2696365e-08   1.3019344e-08
   8.0168681e-10   4.5846719e-08  -4.3104040e-09   1.9437446e-08  -1.1840098e-10   3.5633256e-08  -2.1774714e-08  -5.2440843e-10   1.2178725e-08   4.5337720e-08  -1.3995270e-09  -1.8792910e-08  -1.3807663e-08   3.5633256e-08   3.4451235e-08  -6.7316084e-09  -5.9204603e-09  -3.7531780e-08  -7.3278950e-08  -5.1327674e-09  -1.4640595e-09   1.3341362e-09  -6.1312930e-08   1.6482415e-08   6.6380876e-09  -3.7045151e-09  -2.6942386e-08   6.1466290e-09   8.9228567e-08   2.1489657e-08
   5.7190870e-10   7.6813999e-08   3.9810605e-09   7.0332640e-09  -7.7630943e-10   6.5891440e-08   1.8978398e-08  -6.1728446e-08   2.3729138e-08  -3.5109790e-09   9.3032601e-08  -3.0117157e-08  -1.4724542e-08   6.5891440e-08   3.5035124e-08  -2.5693671e-08   1.3569432e-08  -3.7105878e-08  -3.3809587e-08   5.2796689e-09   3.0981809e-09   7.3498359e-09  -6.6941814e-08   1.9493343e-08   3.2025482e-08   2.4423063e-09  -8.8994964e-08   4.1448030e-08   1.3722577e-08  -1.0333733e-08
   6.4873055e-10  -5.5328880e-08  -1.1069226e-08   3.5426883e-08   1.7992630e-09   1.7770214e-08   3.3221644e-08  -3.5572712e-08   3.5577130e-09  -3.2949111e-08   2.6747454e-09   4.9519885e-08  -3.6344834e-08   1.7770214e-08  -3.8303838e-09   3.0622736e-09   1.1055559e-09  -5.2356176e-08   6.8695522e-08  -8.4978916e-09   1.6086001e-09  -1.8268170e-09   6.6361467e-08  -2.1406067e-08  -3.9548354e-08  -1.6113736e-08   1.1731990e-07   8.5517958e-09   1.3319078e-09  -4.8944051e-08
   7.3603967e-11  -2.1578293e-08  -7.1681244e-09   6.2361312e-09   9.3966286e-10   4.0497170e-08  -2.6310122e-08   6.1311455e-08   1.0214832e-08  -1.6694255e-08  -3.8121818e-09   3.5969736e-08   2.3068440e-08   4.0497170e-08   4.1142627e-09   1.8744009e-08   6.2844895e-09  -9.8286052e-08   4.6029845e-08  -2.9961597e-09   3.4322060e-09   8.5070927e-10  -4.1490514e-08  -4.1097111e-08   2.7811030e-09   1.7108120e-09   4.2154696e-08   1.9620463e-08   3.6490157e-09  -5.8631960e-08
