   3.8922715e+01   3.9886320e+01   4.7805389e+01   3.3704462e+01   4.3358087e+01   4.1789453e+01   4.3668562e+01   3.1544379e+01   4.5013824e+01   4.1267335e+01   3.2854564e+01   3.3523962e+01   3.2328706e+01   4.4206732e+01   4.2163210e+01   4.4958531e+01   3.7462750e+01   4.2219034e+01   3.6763448e+01   3.1374794e+01   3.2402339e+01   2.8429000e+01   3.1365077e+01   3.0828480e+01   4.4001158e+01   4.7197674e+01   4.2502891e+01   5.0624810e+01   4.2020016e+01   3.3839502e+01
   4.5921384e+01   3.4340400e+01   4.7560155e+01   4.4024903e+01   5.2672068e+01   4.2581129e+01   4.5833408e+01   3.1773174e+01   5.0189346e+01   4.0522418e+01   3.3121798e+01   5.0258905e+01   4.2321129e+01   4.3026309e+01   4.5504702e+01   3.9315098e+01   4.3245909e+01   4.2359653e+01   3.8454906e+01   4.2516307e+01   4.4258559e+01   4.5169172e+01   4.2882880e+01   4.4614572e+01   3.7944198e+01   5.2018445e+01   4.4002926e+01   5.2869730e+01   4.2664514e+01   3.5342707e+01
   3.9497190e+01   3.9227928e+01   4.3267516e+01   3.9078340e+01   3.1730230e+01   4.1960011e+01   4.3820109e+01   4.0370818e+01   4.2879201e+01   2.8725155e+01   4.0689572e+01   3.0772526e+01   4.1348911e+01   2.9414773e+01   3.0636538e+01   3.7826119e+01   2.5911446e+01   3.8264901e+01   3.8634332e+01   3.5726407e+01   3.9193027e+01   4.0201301e+01   4.3113836e+01   4.1593341e+01   3.7849834e+01   2.7414445e+01   4.0471059e+01   4.5510414e+01   3.8128682e+01   3.1213008e+01
   3.6299290e+01   3.3277774e+01   3.9433889e+01   3.7940357e+01   2.4336725e+01   3.2393510e+01   4.0946247e+01   3.6371163e+01   3.0665606e+01   3.7586358e+01   2.9494210e+01   2.1849735e+01   3.8518231e+01   2.2707737e+01   3.9267179e+01   3.6588112e+01   2.8944316e+01   3.4615612e+01   3.1131241e+01   3.7888046e+01   3.6287925e+01   3.3102690e+01   3.9558565e+01   2.9196818e+01   3.4562530e+01   2.6148327e+01   3.1713055e+01   3.4898201e+01   3.4836709e+01   2.0888111e+01
  -6.7348518e+01  -7.1477194e+01  -8.0190393e+01  -7.3763108e+01  -7.6898011e+01  -6.8271396e+01  -7.4951146e+01  -7.5948484e+01  -7.1819521e+01  -6.9364820e+01  -6.6978572e+01  -8.0674009e+01  -7.3458666e+01  -7.1759260e+01  -7.3634773e+01  -7.2662522e+01  -7.5174038e+01  -7.0334980e+01  -6.6625680e+01  -6.7592334e+01  -7.9799590e+01  -7.6302837e+01  -7.5212760e+01  -6.7156819e+01  -6.9429636e+01  -8.2075091e+01  -7.1771668e+01  -8.0316456e+01  -7.4513350e+01  -6.8665943e+01
   4.7103516e+01   4.2053777e+01   3.4164750e+01   3.9129074e+01   3.9177275e+01   5.0829447e+01   3.3410947e+01   5.0269576e+01   4.3119631e+01   4.9142618e+01   4.8606957e+01   4.1447915e+01   4.1399814e+01   5.0111055e+01   4.1034395e+01   4.1868328e+01   3.6562456e+01   3.8372312e+01   4.8780758e+01   4.9976602e+01   3.7660163e+01   4.2750746e+01   3.7692418e+01   3.7021623e+01   3.8389087e+01   4.3075102e+01   4.4249413e+01   3.4896134e+01   3.3619349e+01   3.7489642e+01
   2.5993814e+01   2.2512405e+01   1.2882498e+01   2.2402663e+01   1.1161794e+01   1.1587921e+01   2.7204004e+01   2.6499488e+01   1.4281154e+01   2.2997298e+01   2.4911959e+01   2.1271897e+01   2.2762189e+01   1.2910149e+01   2.4775826e+01   2.2392814e+01   2.6145858e+01   2.2150427e+01   2.9466950e+01   1.2914564e+01   2.3722496e+01   2.2033063e+01   1.3520625e+01   2.2308606e+01   1.6685544e+01   1.2363743e+01   1.3589320e+01   2.4217200e+01   1.5858387e+01   2.6084025e+01
   4.3177940e+01   4.0593828e+01   3.9901878e+01   3.8393548e+01   4.9423611e+01   4.0537903e+01   4.9327984e+01   5.3476669e+01   3.9411368e+01   5.0525449e+01   5.4106679e+01   5.1668062e+01   3.6984408e+01   3.9876540e+01   5.4001546e+01   3.8387446e+01   5.3134546e+01   4.9986713e+01   5.1785344e+01   3.9916032e+01   5.1039362e+01   4.9924896e+01   5.2475831e+01   5.0089383e+01   4.8238549e+01   3.7864024e+01   4.8538041e+01   4.1702402e+01   4.8263333e+01   4.7942178e+01
   5.8783734e+01   5.9103689e+01   6.1576633e+01   5.9904400e+01   5.1063833e+01   5.0229874e+01   5.1013149e+01   5.4127726e+01   6.3428236e+01   4.9601694e+01   6.4593276e+01   6.2295491e+01   6.0656104e+01   6.1583744e+01   6.6637072e+01   5.9911014e+01   6.3616228e+01   5.1382647e+01   5.2644438e+01   6.1534960e+01   6.1785417e+01   6.0990373e+01   6.2990844e+01   6.1102798e+01   6.0020102e+01   6.0161151e+01   6.0175975e+01   4.9885080e+01   5.0507728e+01   4.6583384e+01
   2.1301754e+01   2.1046981e+01   2.5084088e+01   2.2337826e+01   1.8606576e+01   2.3895486e+01   2.4445863e+01   2.5418092e+01   2.5324175e+01   2.5170517e+01   1.7835767e+01   1.8349269e+01   1.9840682e+01   2.8859619e+01   1.9069279e+01   2.8556497e+01   2.5086983e+01   2.4707867e+01   3.0218818e+01   2.7802541e+01   2.1484662e+01   2.2636607e+01   2.2541672e+01   2.2823672e+01   1.8897370e+01   2.9306350e+01   2.0635817e+01   1.7092185e+01   2.0094671e+01   2.0731324e+01
   6.3551187e+00   1.0138524e+01  -4.4825157e+00   6.7505989e+00  -3.7123767e+00   5.9847832e+00   7.2904712e+00   5.6743923e+00   5.5397763e+00   6.1210182e+00  -1.8407715e+00   1.1779834e+01   7.1253383e+00  -2.1307037e+00   1.7846417e+01   4.6222781e+00  -2.8007657e+00   7.9640850e+00  -7.5126285e+00   1.4462288e+01  -4.1373197e+00   1.1154153e+01   3.7496509e+00   1.1229641e+01   1.6585334e+00   1.0888703e+01   6.8589972e+00   9.0178022e+00  -2.3076209e+00   9.1971115e+00
   3.9808832e+01   4.0942618e+01   3.8334726e+01   3.3099482e+01   3.5799338e+01   3.7431165e+01   3.8352835e+01   4.0994103e+01   3.9292548e+01   3.9656370e+01   2.6356112e+01   4.4890619e+01   4.1965304e+01   3.5432649e+01   4.7095705e+01   3.6625670e+01   2.4373610e+01   4.1025669e+01   3.9986331e+01   4.2006358e+01   3.9872570e+01   4.2057651e+01   3.8399026e+01   3.7203322e+01   3.5572888e+01   4.5460198e+01   3.8031777e+01   4.1932926e+01   2.4245194e+01   3.5047856e+01
  -7.9749320e+01  -9.0575883e+01  -8.0999039e+01  -8.5901838e+01  -8.2655552e+01  -9.5591064e+01  -9.2825814e+01  -9.0524214e+01  -8.0215844e+01  -8.1996958e+01  -9.8242126e+01  -7.3788833e+01  -7.9634881e+01  -8.4997228e+01  -7.7458875e+01  -7.9219630e+01  -8.2275786e+01  -7.5598987e+01  -8.6525542e+01  -7.7485319e+01  -7.8081822e+01  -7.7425558e+01  -8.0951842e+01  -8.3951686e+01  -8.4913795e+01  -8.0193933e+01  -8.8298843e+01  -7.9679804e+01  -8.2199504e+01  -8.5179500e+01
  -7.7701440e+01  -9.3410323e+01  -7.9028702e+01  -9.2373018e+01  -7.8452395e+01  -9.6026894e+01  -9.3135232e+01  -8.4203141e+01  -7.8223799e+01  -8.4751351e+01  -7.9569476e+01  -7.4699381e+01  -7.7578352e+01  -8.2288730e+01  -7.9866880e+01  -8.6974133e+01  -8.0245635e+01  -7.7386905e+01  -8.3111183e+01  -8.4840525e+01  -8.0509056e+01  -7.9906345e+01  -8.3828202e+01  -8.1585973e+01  -8.2223675e+01  -8.3209608e+01  -7.8617661e+01  -7.7635305e+01  -8.0189843e+01  -8.0257359e+01
   7.7641640e+01   7.7271291e+01   7.8267491e+01   7.6358945e+01   7.6728913e+01   7.5263722e+01   7.2409091e+01   7.9408482e+01   7.1566409e+01   7.5456906e+01   7.7063303e+01   7.1563978e+01   7.0769610e+01   6.1231493e+01   6.6041233e+01   7.7763814e+01   6.5096402e+01   7.5476033e+01   8.4603463e+01   6.3867504e+01   7.4647425e+01   6.9094349e+01   7.2929558e+01   6.7714939e+01   7.3143886e+01   8.0708317e+01   7.6486962e+01   7.4365376e+01   7.7361545e+01   7.1268853e+01
   3.6804404e+01   3.6410585e+01   3.9768843e+01   3.8126469e+01   3.4318103e+01   2.9263901e+01   3.3863487e+01   3.6433933e+01   2.8895662e+01   3.2689561e+01   3.7735031e+01   3.8120273e+01   3.6638754e+01   3.7003303e+01   3.9315096e+01   3.1049713e+01   3.4233458e+01   3.2967616e+01   3.5997830e+01   3.5739026e+01   3.6069124e+01   3.5718477e+01   3.2659037e+01   3.3505249e+01   2.9057062e+01   4.0264107e+01   2.7247219e+01   2.9074207e+01   3.1862234e+01   3.2829893e+01
   7.9642636e+01   8.4549629e+01   7.7597899e+01   7.9654401e+01   8.0828566e+01   8.3762892e+01   8.0771541e+01   8.2289582e+01   8.4465487e+01   8.3257680e+01   8.8565313e+01   7.9721579e+01   8.1297749e+01   8.7241857e+01   8.0295918e+01   8.0982471e+01   7.8485854e+01   8.2212634e+01   8.1940483e+01   8.7528292e+01   8.1447270e+01   8.4710537e+01   8.3723424e+01   8.4746626e+01   8.2114663e+01   7.7827050e+01   8.3779408e+01   7.8600551e+01   8.6330075e+01   8.1189382e+01
   4.5410920e+01   4.8433974e+01   6.2146800e+01   5.8300875e+01   5.8184744e+01   4.5961314e+01   5.9354330e+01   5.7438152e+01   5.7313753e+01   5.5075452e+01   5.6053057e+01   5.4653873e+01   4.5657704e+01   5.4187151e+01   5.4981888e+01   4.6484524e+01   5.5547061e+01   5.5137794e+01   5.6450093e+01   5.3154657e+01   6.1508600e+01   4.7340853e+01   4.5741459e+01   5.6996323e+01   5.5524077e+01   5.7781492e+01   5.6116292e+01   6.1779544e+01   5.8774805e+01   4.5632655e+01
  -8.1034521e+00   3.6058233e+00  -6.8177359e+00   2.7236939e+00  -8.4901956e+00  -5.8521397e+00  -4.2507578e+00  -9.1399387e+00  -6.2783984e+00  -4.3288028e+00   3.9642683e+00  -7.5327157e+00  -2.0717280e+00  -8.8603824e+00  -1.1836952e+00   1.5300945e+00  -5.3795624e+00  -6.8221447e+00  -7.9273906e+00   2.0813695e+00  -3.8045424e+00  -6.7932718e+00  -3.1223431e+00   3.7710872e+00  -2.0612750e+00  -2.8482953e+00  -4.3848937e+00  -5.6707441e+00  -5.4298103e+00  -1.1449720e+01
  -5.0581129e+00  -2.9747524e+00  -2.4780176e+00  -5.9172543e+00  -2.5247859e+00  -3.0481210e+00  -3.3125077e+00  -4.1859180e+00  -3.3884332e+00  -3.8171155e+00  -1.4838169e+00  -3.1186130e+00  -4.3729835e+00  -3.2605542e+00  -5.3701739e+00  -9.7905933e+00  -3.7457491e+00  -3.7726126e+00  -5.8166625e+00  -2.4853062e+00  -6.0801471e+00  -4.2091328e+00  -3.5644209e+00  -1.1713975e+01  -5.9982943e+00  -3.4002108e+00  -4.1255906e+00  -3.4991914e+00  -3.4026092e+00  -4.7840598e+00
