  -1.8414415e-15  -1.9743273e-14  -6.5705705e-15  -2.3533015e-15  -6.1235473e-15   3.4106742e-15  -3.5067331e-15  -9.2189276e-15  -2.1699406e-15   3.9966059e-14   1.5326326e-14  -6.1395429e-15  -1.6969829e-14  -4.8759250e-15  -6.1135916e-16   8.2518725e-15  -1.5313338e-14   9.0480323e-16   9.1281670e-15   7.2439427e-16   3.5454254e-15   5.7178638e-15  -7.6303297e-15  -1.6677671e-14  -9.2454157e-16   3.1056853e-14  -7.9218512e-15   9.1660233e-16   1.5294281e-14  -3.7313687e-16
  -9.6452489e-15   1.0835268e-14   2.3360398e-15   4.6177925e-15  -1.9240470e-14  -3.8415001e-15  -8.3866589e-15  -1.1311164e-14   3.7557042e-14   2.5752149e-15   1.0156814e-14   1.3834630e-14  -7.6818091e-15  -1.9736178e-15   1.7113307e-14  -2.5789398e-14   1.1638142e-14  -3.0243255e-16  -1.5887088e-15  -2.0469953e-15  -4.6697079e-15   1.4458047e-14  -6.7133699e-15   1.9705241e-14   2.6758269e-14   2.7617964e-15  -4.7080580e-15  -5.4023879e-15  -8.7814331e-15  -2.1356813e-15
   4.5262338e-15   1.1058012e-14   1.5353949e-14   2.2923128e-15  -1.4645860e-14  -8.4295069e-16  -4.6989197e-15   2.1213682e-15  -2.9404071e-15  -4.0078496e-14  -2.2611760e-14   7.4989375e-16   9.4254835e-15   2.7879016e-14  -8.5419063e-17   1.5301605e-14   4.3630405e-15   2.7444025e-15  -1.8753587e-15   5.4055972e-15  -1.9127689e-14   7.0185893e-15   4.6173800e-15   2.2597075e-15   7.5138065e-15   1.2103400e-15  -5.3840191e-15  -4.8790360e-14  -6.2937144e-16   2.9024018e-15
   6.2947402e-15   6.0466975e-15  -1.1026355e-14   7.1106903e-16   1.2388745e-14  -1.8054748e-15   1.5714409e-15  -4.4983361e-15  -1.4141985e-14   2.7668419e-15   2.8897166e-14   4.9080946e-15   5.1397611e-16  -4.0111793e-15   3.0643977e-16  -1.9602351e-15  -9.6498703e-15  -6.4398569e-17  -5.9317237e-15   1.5190361e-14   4.6921840e-15   2.6873327e-15   1.4548555e-15  -1.3778254e-14  -6.3859472e-15   5.0961952e-15   6.8772907e-14   6.9002196e-15   1.5952970e-14   4.0841023e-15
   3.5748072e-15  -6.5529846e-15   5.8803297e-15   1.4131987e-15  -7.0226297e-15   2.3962868e-15  -2.4209544e-14  -3.5519963e-14   3.0508177e-14   1.2042370e-14  -4.1553673e-15  -6.5667773e-15   3.1642890e-15  -5.3744766e-15  -2.4459431e-15  -7.1783350e-14   5.9092990e-15  -8.5895678e-16  -2.9725487e-15  -2.6805852e-15  -5.5868407e-14   8.2591724e-15   2.2122091e-14   1.4812291e-14  -1.3633318e-15   5.7596169e-17   4.1643808e-15   9.2621743e-15  -1.5312591e-15  -2.9390198e-15
   2.3542593e-16  -2.8863382e-14  -3.4965587e-15  -8.0540276e-15  -1.5655141e-14   1.6474351e-16   4.7754735e-15  -2.4314813e-14   2.3841630e-14   6.5373187e-15   3.6647310e-14  -2.7172550e-15  -7.1257300e-15  -1.8238797e-16  -2.0966203e-15  -5.1401408e-15  -2.9331731e-14  -1.1396781e-15  -1.6594215e-15  -1.0550775e-14  -1.7073102e-14  -1.1851677e-14   1.7599038e-14  -2.0253688e-14   4.5695263e-15  -9.4100111e-15   4.3261515e-15   9.6141069e-15  -1.3666735e-14   2.6980925e-15
   2.5678639e-14   4.1550442e-15   2.2017856e-14   8.0298535e-16  -1.6691519e-14  -2.4861230e-15   6.1232555e-15  -1.8051398e-14   2.8111760e-14   4.0013601e-14   5.3460263e-15   7.7373053e-14  -8.3399176e-15   3.0791299e-14   6.6095821e-15  -2.2905635e-15   1.1568583e-15   5.9449558e-17  -1.4796909e-15   6.7148914e-15  -3.3230777e-16   4.0502607e-15   3.3259450e-15   1.0503426e-15  -4.5955956e-16  -3.2054329e-14  -1.6621468e-15   2.8768162e-15  -2.7103045e-14   3.7189960e-15
   2.1618618e-15   1.9239202e-15   8.5547661e-15  -1.4576419e-15   2.7857964e-14   6.5826033e-15   8.6080980e-15  -8.2822893e-15  -8.0816786e-15  -3.0383412e-15   3.1002865e-15  -7.2648300e-15  -2.1298964e-14   3.1130984e-14  -7.0435470e-15   4.2031658e-15   4.8183200e-14  -3.2928725e-16  -1.3377985e-15   2.7290084e-15  -4.9655637e-15   1.4998210e-14  -1.0805802e-15  -1.2905351e-14  -5.5426132e-15  -3.2801569e-14  -6.1734333e-15  -3.2123510e-15   1.9511583e-14  -2.3878666e-14
  -1.7667355e-14  -2.2445865e-15  -7.3344436e-15   6.7894654e-14   4.2403681e-15   1.2137567e-15   5.6665027e-15  -4.8537184e-15   1.5907174e-14   2.3799774e-14   1.1101772e-14   1.6560409e-14   1.3653320e-14   6.3013750e-15  -1.8648465e-14   1.8085483e-15   7.3184844e-15  -3.4562220e-16  -9.8699146e-15  -1.0448095e-14   1.3737291e-14   9.1999033e-15  -4.8836683e-15   1.5071018e-14  -6.0497512e-15  -2.5478405e-14  -2.2625137e-15  -8.4526196e-15   6.1904056e-15  -3.4732522e-14
   2.3265613e-15   1.7732180e-15  -1.0670764e-14   2.2718205e-16   7.1947688e-15   7.2169270e-15   1.0787068e-14  -8.4172573e-15  -1.0570204e-14   2.9080828e-14   5.3597072e-15  -3.9688788e-15  -4.3274337e-15   6.4849407e-16   1.3221906e-14   5.2657196e-15  -1.2786965e-14   4.3993612e-16   7.6858320e-15  -8.6578683e-15   5.9847309e-15  -7.4390929e-15   9.3872828e-15   9.6049153e-16   1.4502627e-15   2.4282879e-14  -7.7402377e-15  -3.5312096e-15   1.2321474e-14  -9.9601661e-16
  -1.7192194e-14  -1.9074851e-15  -5.5337609e-15  -4.6002799e-14  -1.3091184e-14   4.4421861e-15   6.3012533e-15   1.7497953e-14   2.6229753e-14   9.9141358e-15   4.4854333e-15  -3.0196403e-15   1.0978737e-14  -1.0023658e-14  -2.3569171e-15   3.4689913e-15   7.7711356e-15  -4.4581852e-17   1.9653895e-15   6.2173221e-16   4.0517328e-14   2.9468997e-15  -3.3211818e-15   7.4391469e-15   9.7045630e-16  -3.6461758e-15   9.1429155e-15   5.6674835e-14   8.8617053e-15   7.3191107e-15
   1.3743217e-14   7.5728474e-15  -5.7789231e-16   1.3974857e-15  -8.9338388e-15   1.8251324e-15  -1.2398421e-14  -8.3109515e-15  -5.5020078e-15   7.3317613e-16  -7.8767913e-16  -5.1362620e-15   2.8435663e-16   9.6202423e-15   1.8947539e-14  -7.2024670e-16  -6.9493804e-15   8.5879870e-16  -1.7586158e-15  -9.6330326e-15   2.8632337e-15   1.7672196e-14   8.0477319e-14   1.3258014e-15   1.9443916e-15  -2.3770872e-14  -7.3064575e-15   1.8880745e-15  -1.5441213e-14  -1.5252079e-15
  -8.1673694e-15   4.5686529e-15   1.0734561e-15  -8.2116863e-16   2.1231208e-15  -7.0515678e-15  -2.0608893e-14   2.0422562e-14   2.8970956e-14  -1.0797938e-14   1.4272259e-14   8.4605930e-15  -1.0975159e-14   1.6558228e-14  -9.5853395e-15   1.3408552e-14   1.8952489e-15  -3.6774387e-15   2.6307622e-15  -4.6453601e-16   1.3920113e-15  -1.7856159e-14   2.0626136e-15  -3.4198649e-14   1.6641928e-14  -1.2399326e-14   1.2317249e-15   2.3389992e-15  -1.3726031e-14   2.0064386e-14
   1.9888016e-15  -4.5228349e-14   7.5767065e-15  -2.1283640e-15  -2.0402433e-15  -6.3490524e-15  -1.5138129e-14   2.0341501e-14  -5.4667812e-15  -6.2864899e-15  -1.3757716e-14   4.3714584e-15  -4.9009103e-15   3.1439318e-14   1.3785776e-14  -3.2157104e-15   3.1907184e-15   9.7302012e-16   3.6907002e-14   3.2624938e-15   1.3286806e-14   2.0021232e-15   1.2988240e-15  -9.4651734e-15   8.1080320e-16   7.8317339e-15   5.0657002e-14   5.6498642e-15  -1.7308263e-14   1.1564811e-14
  -1.2484746e-14  -1.0186200e-14   1.1463747e-14  -2.2856000e-15   4.1951382e-14   2.3887141e-15   8.9084280e-15   2.1502853e-14  -1.2489051e-14   4.1232489e-14   2.6644954e-15  -1.3333481e-15   6.8702859e-15   5.2604151e-15   1.6992931e-14  -2.6036481e-15  -1.0166773e-15   4.8606707e-16   1.0643016e-15   8.5536872e-15  -1.8808461e-14  -1.0687215e-14   4.6209113e-15   5.8219206e-15   1.7532813e-16   5.1625829e-14   1.3821431e-14  -1.1653402e-14   9.1371880e-15  -4.0346354e-15
   2.9668821e-15   2.6481797e-15   3.1238393e-14   5.4716728e-16  -1.2709411e-14   4.8636713e-17   1.0711924e-14  -4.3193050e-15  -4.1231851e-14   1.4118564e-14   2.0019873e-14   1.6697373e-14   6.4449451e-15   2.1386431e-14  -1.1529491e-14  -1.1120516e-14  -6.2962766e-15  -6.8924486e-16   5.7028941e-15   5.6840356e-15   4.2925396e-15  -8.3653141e-16   2.3762282e-15  -5.1962277e-14  -7.3406123e-16  -2.5111850e-14   2.5160577e-16   1.6114614e-14  -4.3138197e-15   2.0948707e-16
  -1.3772710e-15   1.0924504e-14  -2.4011579e-15   1.6185281e-15  -5.3986261e-14  -1.5159097e-15  -1.5198887e-14   1.0870983e-15   4.2611568e-15   1.4665743e-14  -4.1509765e-14   3.6178576e-14  -4.0374385e-15  -6.2356857e-15   1.3405093e-14   3.7364509e-15  -1.5491483e-14   8.4776463e-16   1.4224318e-15   6.4713802e-14   8.4339983e-15   6.4746966e-15   3.1173398e-15  -1.5087403e-15  -6.6845386e-16  -1.7811259e-14  -1.6966645e-14  -3.0765273e-15  -1.9472843e-15   5.0325906e-15
   1.9316693e-14  -2.1165277e-14   3.8211189e-15   1.3892106e-15  -2.1891473e-14  -3.0870711e-15  -1.0982544e-14  -4.5189008e-16  -1.4121276e-14  -8.9232935e-15   5.5244228e-14   6.2447495e-16  -1.1332230e-14  -2.3695415e-14   4.8609391e-15  -8.9299806e-15   7.2063207e-15  -1.9460580e-15  -4.9657151e-15   4.4527484e-15  -8.6931390e-15  -1.0699665e-14   4.6696282e-17   5.8812719e-15  -1.1062342e-15   1.0910255e-14   6.9109578e-15   2.5829207e-15  -1.2345070e-15   7.8911362e-16
  -5.3851058e-15  -8.2564834e-15   3.2804256e-15   9.7715231e-16  -3.8024250e-15  -3.5898413e-15   1.2182358e-14  -8.5076429e-15  -1.0637775e-16  -4.6176584e-15   7.0041000e-15   2.8877863e-15  -2.8057743e-15  -4.7086064e-15  -4.5350927e-15  -8.6801222e-15   2.2883898e-14  -1.4670502e-15   5.8014396e-15   1.2731866e-14   7.8895490e-15   1.0396713e-15  -8.9837943e-15   6.1136286e-15  -1.8158511e-15   7.0173523e-15  -2.5451541e-15   1.4200832e-15  -6.4650735e-15   7.3619675e-14
  -5.9955232e-15   6.9029833e-15   2.9016273e-15   1.6258083e-15  -2.2172162e-14  -1.0464846e-15  -1.1117103e-14  -6.6940960e-15   1.8411517e-15  -3.1409909e-14   7.8257359e-15   1.3655391e-15  -1.5945296e-14  -4.9852914e-14  -6.3335687e-15   3.5324435e-15  -5.5626358e-15  -5.6651651e-15   3.0307448e-14   1.4088304e-14  -6.5719897e-15  -1.1336567e-14   1.4293207e-14   1.4218072e-14  -8.9344870e-17   1.3550269e-14   1.2367808e-14  -4.7811908e-14  -1.9841445e-14   2.6844490e-14
