   3.8002786e+01   3.7996803e+01   3.7996798e+01   3.7996812e+01   3.7996804e+01   3.7996803e+01   3.7996801e+01   3.8109505e+01   3.8009048e+01   3.7974713e+01   3.7980276e+01   3.7997529e+01   3.7996803e+01   3.7996569e+01   3.8105012e+01   3.7997057e+01   3.7996806e+01   3.7988417e+01   3.7995561e+01   3.7996803e+01   3.6922818e+01   3.8020117e+01   3.6349118e+01   3.6318511e+01   3.7980150e+01   3.7277893e+01   3.7995727e+01   3.7996803e+01   3.7996602e+01   3.7996804e+01
   5.2267702e+01   5.2267702e+01   5.2267702e+01   5.2267702e+01   5.2267702e+01   5.2267702e+01   5.2267702e+01   5.2267702e+01   5.2267702e+01   5.2267700e+01   5.2267702e+01   5.2267702e+01   5.2267702e+01   5.2267702e+01   5.2267702e+01   5.2267702e+01   5.2267702e+01   5.2267702e+01   5.2267702e+01   5.2267702e+01   5.2267702e+01   5.2267702e+01   5.2267702e+01   5.2267702e+01   5.2267702e+01   5.2267702e+01   5.2267702e+01   5.2267702e+01   5.2267702e+01   5.2267702e+01
   6.3063613e+01   6.3380199e+01   6.4432176e+01   6.2070154e+01   6.4755472e+01   6.1665590e+01   6.1562261e+01   6.5882222e+01   6.6038303e+01   6.6325596e+01   6.3430627e+01   6.3482236e+01   6.2996188e+01   6.2840548e+01   6.3781673e+01   6.2548738e+01   6.2535573e+01   6.2400876e+01   6.2008673e+01   6.1891502e+01   6.3964826e+01   6.1374118e+01   6.3687553e+01   6.3526497e+01   6.5861568e+01   6.5692391e+01   6.6032308e+01   6.6048372e+01   6.0003440e+01   6.0466054e+01
  -6.9072783e+01  -6.9097377e+01  -6.9097396e+01  -6.9097339e+01  -6.9097372e+01  -6.9097375e+01  -6.9097381e+01  -6.8671944e+01  -6.9048295e+01  -6.9390898e+01  -6.9163442e+01  -6.9094465e+01  -6.9097374e+01  -6.9098326e+01  -6.8665659e+01  -6.9096337e+01  -6.9097365e+01  -6.9125937e+01  -6.9102391e+01  -6.9097375e+01  -7.3176749e+01  -6.9004177e+01  -7.5336911e+01  -7.5484050e+01  -6.9163032e+01  -7.1925626e+01  -6.9101603e+01  -6.9097375e+01  -6.9098179e+01  -6.9097373e+01
  -3.9578627e+01  -3.9588016e+01  -3.9578627e+01  -3.9578627e+01  -3.9578627e+01  -3.9578627e+01  -3.9583749e+01  -3.9578627e+01  -3.9578627e+01  -3.9578627e+01  -4.0682158e+01  -4.1222733e+01  -3.6643879e+01  -4.1038966e+01  -3.7610038e+01  -4.2562585e+01  -4.0668702e+01  -3.6483580e+01  -3.9892812e+01  -4.1492791e+01  -4.2053011e+01  -3.6820156e+01  -4.2604360e+01  -4.1033926e+01  -3.9058138e+01  -3.7250270e+01  -4.1800003e+01  -3.6578358e+01  -3.6881870e+01  -4.1255449e+01
  -7.7975746e+01  -7.7975746e+01  -7.7975746e+01  -7.7975746e+01  -7.7975746e+01  -7.7975746e+01  -7.7975746e+01  -7.7975747e+01  -7.7975746e+01  -7.7975745e+01  -7.7975746e+01  -7.7975746e+01  -7.7975746e+01  -7.7975746e+01  -7.7975746e+01  -7.7975746e+01  -7.7975746e+01  -7.7975746e+01  -7.7975746e+01  -7.7975746e+01  -7.7975746e+01  -7.7975746e+01  -7.7975746e+01  -7.7975746e+01  -7.7975746e+01  -7.7975746e+01  -7.7975746e+01  -7.7975746e+01  -7.7975746e+01  -7.7975746e+01
   2.1634142e+01   2.1634142e+01   2.1634142e+01   2.1634142e+01   2.1634142e+01   2.1634142e+01   2.1634142e+01   2.1634142e+01   2.1634142e+01   2.1634142e+01   1.8696072e+01   1.8960759e+01   2.0521784e+01   1.8856104e+01   2.4078452e+01   2.0661480e+01   1.8691044e+01   2.1113787e+01   1.8511418e+01   1.9146962e+01   2.3564733e+01   2.3131112e+01   2.2467832e+01   2.4414822e+01   2.4729311e+01   2.3738623e+01   2.3851248e+01   2.0713014e+01   2.3239629e+01   2.4287132e+01
  -7.4771391e+01  -7.5090789e+01  -7.6021372e+01  -7.3618472e+01  -7.6272333e+01  -7.3067355e+01  -7.2917164e+01  -7.7038931e+01  -7.7133081e+01  -7.7299333e+01  -7.5139828e+01  -7.5189514e+01  -7.4700681e+01  -7.4533645e+01  -7.5468144e+01  -7.4205257e+01  -7.4189949e+01  -7.4030728e+01  -7.3538238e+01  -7.3381962e+01  -7.5630833e+01  -7.2632554e+01  -7.5382297e+01  -7.5231727e+01  -7.7026265e+01  -7.6920673e+01  -7.7129515e+01  -7.7139060e+01  -6.9889641e+01  -7.0993468e+01
   2.7058564e+01   2.7058564e+01   2.7058564e+01   2.7058564e+01   2.7058564e+01   2.7058564e+01   2.7058564e+01   2.7058564e+01   2.7058564e+01   2.7058563e+01   2.7058564e+01   2.7058564e+01   2.7058564e+01   2.7058564e+01   2.7058564e+01   2.7058564e+01   2.7058564e+01   2.7058564e+01   2.7058564e+01   2.7058564e+01   2.7058564e+01   2.7058564e+01   2.7058564e+01   2.7058564e+01   2.7058564e+01   2.7058564e+01   2.7058564e+01   2.7058564e+01   2.7058564e+01   2.7058564e+01
   5.3290239e+01   5.3278093e+01   5.3278084e+01   5.3278112e+01   5.3278095e+01   5.3278094e+01   5.3278091e+01   5.3493713e+01   5.3302688e+01   5.3184552e+01   5.3245164e+01   5.3279571e+01   5.3278095e+01   5.3277621e+01   5.3493482e+01   5.3278611e+01   5.3278100e+01   5.3261328e+01   5.3275629e+01   5.3278094e+01   5.1143731e+01   5.3324593e+01   5.0052435e+01   4.9980325e+01   5.3245021e+01   5.1847207e+01   5.3276058e+01   5.3278094e+01   5.3277692e+01   5.3278095e+01
