   5.5101778e+00   2.3027418e+01   2.3027418e+01   5.5101734e+00   4.6456659e+00   6.4903039e+00   2.3027418e+01   5.3175943e+00   2.1182780e+01   6.1193494e+00   6.1193494e+00   5.5101822e+00   2.3636595e+01   5.5087129e+00   5.5101733e+00   5.5101733e+00   2.2163933e+01   2.2834835e+01   1.7391097e+01   4.4530826e+00   5.2548422e+00   2.3024388e+01  -4.2412966e+01   5.3175893e+00   4.6456661e+00   4.6456657e+00   2.0125690e+01   2.1536598e+01   5.3176002e+00   4.6456662e+00
  -2.0018657e+01  -2.6458606e+01  -5.4409807e+01  -2.6458612e+01  -3.6803464e+01  -3.6803464e+01  -4.5064279e+01  -3.1549839e+01  -1.0020021e+01  -3.3633908e+01  -3.3633908e+01  -2.3608030e+01  -2.0018661e+01  -3.6803274e+01  -2.1523968e+01  -1.0020021e+01  -6.8012603e+01  -2.3608033e+01  -5.7680181e+01  -4.7608324e+01  -3.6803464e+01  -4.7137165e+01  -4.7680706e+01  -3.1449139e+01  -4.7148316e+01  -6.8344028e+01  -4.3978767e+01  -8.3731107e+01  -5.4323534e+01  -9.1885113e+01
   8.4468008e+01   6.7138681e+01   9.1703948e+01   6.7138655e+01   2.7972571e+01   2.7972571e+01   2.9710632e+01   7.3824220e+01   1.0000000e+02   3.2920055e+01   3.2920055e+01   4.8569858e+01   8.4468006e+01   2.7973384e+01   8.9474001e+01   1.0000000e+02   4.0157717e+01   4.8569838e+01   7.9322107e+01   9.4993488e+01   2.7972569e+01  -1.1127883e+01   9.4862013e+01   8.1258531e+01  -1.1193512e+01   1.6639699e+01  -6.2460583e+00   9.2232575e+01  -4.5411995e+01  -4.3127344e+01
  -4.3947429e+01  -5.7696699e+01  -5.7696699e+01  -4.3947429e+01  -4.6539673e+01  -6.1935509e+01  -5.7696700e+01  -4.5779125e+01  -4.2300864e+01  -3.8153445e+01  -3.8153445e+01  -4.3947424e+01  -5.1908475e+01  -4.3934818e+01  -4.3947430e+01  -4.3947429e+01  -6.0300640e+01  -5.9528397e+01  -5.4924538e+01  -4.8371369e+01  -4.0745689e+01  -5.7697060e+01  -6.6382357e+01  -4.5779123e+01  -4.6539674e+01  -4.6539674e+01  -4.6724804e+01  -3.3305159e+01  -4.5779121e+01  -4.6539674e+01
   3.9324157e+01   4.4393263e+01   3.9324152e+01   4.4419761e+01   4.4393263e+01   2.9461283e+01   2.8385248e+01   4.4419761e+01   2.8385248e+01   2.9461284e+01   2.9461284e+01   2.9461321e+01   4.4419761e+01   5.9353157e+01   4.4419761e+01   5.9351740e+01   2.9669264e+01   4.4419761e+01   9.1625805e+01   9.0549770e+01   4.1016066e+01   2.3312033e+01   5.9351741e+01   7.1982559e+01   5.9351741e+01   4.4419760e+01   7.5386254e+01   4.3317224e+01   4.4393263e+01   4.4419761e+01
   1.0133348e+01   8.3896747e+00   8.3896744e+00   1.0133350e+01   2.4620643e+01   2.1662721e+01   8.3896748e+00   1.5584261e+01   1.1347596e+01  -7.1088531e+00  -7.1088531e+00   1.0133356e+01  -8.8525300e+00   1.0134592e+01   1.0133349e+01   1.0133349e+01   2.2856090e+01   1.3840584e+01   7.7111716e+01   3.0071550e+01   7.3784405e+00   8.3759063e+00   8.7850160e+00   1.5584255e+01   2.4620642e+01   2.4620642e+01   3.1285797e+01  -8.6495404e+00   1.5584256e+01   2.4620642e+01
  -3.3594014e+00  -2.5232898e+00  -2.5232898e+00  -3.3592516e+00   2.3389044e+00   3.1351646e+00  -2.5232905e+00  -1.8080431e+01  -3.3195499e+00   4.3206497e+01   4.3206497e+01  -3.3592513e+00   4.4033958e+01  -3.3440694e+00  -3.3592517e+00  -3.3592520e+00   3.1779841e+00  -1.7244471e+01   5.6817197e+00  -1.2382277e+01   4.8904653e+01  -2.5210066e+00  -1.7409729e+01  -1.8080430e+01   2.3389044e+00   2.3389042e+00  -1.2342575e+01   9.5508399e+01  -1.8080472e+01   2.3389046e+00
  -6.1473514e+01  -5.1470681e+01  -6.1473514e+01  -2.7092254e+01  -5.1470681e+01  -4.7247222e+01  -5.8733017e+01  -2.7092183e+01  -5.8733017e+01  -4.7247222e+01  -4.7247222e+01  -4.7247222e+01  -2.7091784e+01  -3.1315716e+01  -2.7092255e+01  -3.1315714e+01  -4.7252459e+01  -2.7092255e+01  -6.4830241e+01  -7.6316037e+01  -6.3423895e+01  -6.8384175e+01  -3.1315499e+01  -3.6006591e+01  -3.1315714e+01  -2.7092218e+01   3.2504944e-01  -6.2956026e+01  -5.1470645e+01  -2.7092255e+01
  -7.8981091e+01  -6.7842635e+01  -7.8981091e+01  -1.8802539e+01  -6.7842634e+01  -6.4839946e+01  -5.4035483e+01  -1.8802536e+01  -5.4035483e+01  -6.4839946e+01  -6.4839946e+01  -6.4839946e+01  -1.8802539e+01  -2.1806476e+01  -1.8802539e+01  -2.1805228e+01  -6.4840685e+01  -1.8802539e+01  -7.7340680e+01  -6.6536218e+01   1.5373924e+01  -6.5076587e+01  -2.1804432e+01   4.7604179e+01  -2.1773511e+01  -1.8800383e+01   1.3427716e+01  -5.7041726e+01  -6.7842595e+01  -1.8802539e+01
   1.1325802e+00  -5.8537435e+00  -7.3765439e+00  -5.8537417e+00   1.5555606e+01   1.5555606e+01   1.3511720e+01   5.8569682e+00   4.4653421e+01   2.9310209e+01   2.9310209e+01   7.2818492e+01   1.1325643e+00   1.5555525e+01   4.9365253e+01   4.4653421e+01   2.0833524e+01   7.2818496e+01  -6.0824072e-01   4.2919872e+01   1.5555607e+01   3.6936251e+01   4.2911192e+01  -1.4666000e+01   3.6964953e+01   8.5718734e+01   5.0719560e+01  -2.7613635e+01   7.2128922e+01   4.9865938e+01
