   1.5033119e-11   3.5079957e-10   1.8098544e-10  -2.3542933e-09   5.5694526e-11   1.2399723e-09  -1.3146127e-09   5.8316828e-10  -6.9735859e-11   2.3784896e-11  -6.0420669e-11   3.3881658e-09   1.8107107e-09   2.2962862e-09   2.9815688e-09  -3.3147987e-10   9.2791599e-10   1.3040728e-11   4.0110985e-10   1.3824771e-10  -9.7889650e-10   3.0458974e-09   1.3369476e-10   2.2937285e-10  -1.2217516e-12   1.6996902e-11  -1.9657899e-09  -1.9293110e-09   4.2822811e-10   3.6185428e-10
   3.8862776e-09  -2.2198128e-08  -5.1360772e-08  -5.0595776e-08  -6.1625695e-08   3.6736143e-08   4.0097918e-08  -7.8465428e-08   7.5207062e-09  -2.3343497e-08  -9.0010280e-09  -6.4861413e-08   6.8384942e-09  -1.2154505e-07   5.8221895e-08   3.1349106e-08  -4.9608173e-08  -3.9959096e-10   9.3719247e-09   1.0405776e-08   5.8298791e-09   7.4313199e-08  -3.8194142e-08  -4.3601455e-08   1.1346235e-09   1.8005975e-09   8.9549204e-08   2.3480796e-08   1.8940118e-08  -4.1526838e-08
   2.5175683e-11  -3.8128938e-11   1.6853133e-10  -1.8795104e-09  -3.3446013e-09  -7.9444837e-10   1.5654465e-09   3.8663543e-10   4.9628407e-10   5.6500334e-10   1.2717947e-10   3.9989969e-10   3.2266413e-09  -2.1798083e-10   1.9251356e-10  -2.6887954e-10  -6.7746857e-10   6.6887760e-11   7.4894356e-10   5.5425276e-11   2.7414236e-10  -2.2660573e-09  -8.9318133e-10  -7.5941577e-10  -2.8196197e-12   1.2774048e-11  -4.1256172e-09   3.4412616e-09   3.0651432e-11  -5.7531893e-10
  -1.1318270e-08  -1.4824387e-08   9.5186063e-08   1.6458386e-07  -1.4527305e-08   1.6431223e-07   6.3530586e-08  -9.0023133e-08   1.7248557e-08  -7.0122812e-09  -3.5558256e-09   9.5467016e-08   2.6504828e-07  -1.9349560e-07  -1.8289076e-07   1.9909117e-08  -9.8709468e-09   1.9351141e-09   1.4924455e-08  -4.1016700e-08   1.0802847e-08   9.3354102e-08   6.2435810e-09  -1.2398621e-09   1.1851765e-09   6.0874764e-10  -6.9256183e-08  -4.8447012e-08  -2.8872697e-08   7.1034053e-08
  -1.0727508e-11  -4.9190638e-11  -4.0859671e-11  -6.8431139e-11   2.0979444e-10   1.4253316e-10   9.7186267e-12   2.0029900e-10   1.3196586e-11   4.9260796e-11   4.7564402e-12  -2.3935648e-11  -1.4475167e-10  -8.2296454e-11  -6.8114144e-11   5.8687432e-11   1.6505761e-10  -2.2344516e-12   1.4105692e-11  -8.0750827e-12   5.6488741e-12  -2.2425696e-11   5.9101556e-11  -6.0923216e-12  -6.7904358e-13  -1.0160628e-12  -9.5390398e-11   5.4202953e-11   1.1993741e-11  -1.8550143e-11
   1.2206849e-07  -7.9819444e-08  -2.6842666e-07  -6.9311808e-07   3.0191292e-07  -2.4739004e-07  -7.9049326e-09  -1.0996820e-06  -5.3702828e-07   6.5831825e-07  -4.4701359e-10   7.3010074e-07  -4.7292331e-07  -2.3461199e-07   7.3601692e-07   1.2661116e-07  -5.1330282e-08   1.6992196e-08  -2.0399670e-07   7.7688670e-07  -2.5185688e-07   1.3658165e-06  -1.2842946e-07   2.3689045e-07  -7.5064141e-09  -2.8782209e-08   1.9878321e-06  -1.2109507e-06  -9.6572743e-08  -7.1052395e-08
   1.6777444e-09  -1.0633414e-08  -1.1984142e-08   2.7603471e-08   1.8764753e-08  -2.3651771e-08   1.9302586e-08   3.7853009e-08  -5.1718976e-09  -1.8614575e-09  -4.4801339e-09   1.5177624e-08   3.8082084e-08   3.9763247e-09   6.9298301e-08   4.9251259e-09   2.1130703e-09  -1.1229899e-09  -2.0104834e-08   2.1437197e-08   9.9123782e-09   2.9573947e-09  -9.5446514e-09   7.5515403e-09  -2.2418807e-10   3.2454576e-11   3.3108651e-08   3.6406553e-08   1.5087219e-08  -8.5585180e-09
  -3.7689959e-11   1.8091762e-11   1.5947581e-09   4.6628639e-09   4.3615149e-09  -1.6547579e-09   8.4339077e-10   6.5432708e-10   1.3685496e-09  -4.8784143e-10  -1.1818001e-10  -2.6723773e-09  -1.5538408e-09  -7.5699711e-10  -2.6618883e-09   1.0312445e-09   3.1695894e-10  -1.1761959e-10  -1.5492742e-09  -1.7222950e-11   8.7285924e-10   3.5867553e-10  -2.7133483e-10   5.5929404e-11  -2.1676872e-11   1.2661229e-11   4.9327255e-09  -1.0386361e-09   2.0570668e-10   1.9053460e-10
   9.4289860e-09   1.4924353e-07   1.6352306e-07   1.5921533e-07   1.3257121e-07   1.7894199e-07  -5.4250395e-08   2.2976610e-07  -2.5429612e-07   6.0035153e-08   1.7955065e-08  -5.5567130e-07   8.2257747e-08  -3.4148851e-07  -2.8955261e-07  -1.7229920e-07  -3.4089464e-07   1.4777932e-08   7.2723607e-08   1.8872720e-07   2.1400888e-08   1.4665788e-07  -3.9243294e-07   6.7169737e-08  -9.3783045e-09  -3.6583363e-09   9.3575669e-08   3.1696498e-07   1.9670221e-09   2.1348720e-08
   3.4719062e-10  -3.0249502e-11  -1.4459175e-09   1.1945295e-09   1.1060026e-09  -1.5604483e-09   4.5434924e-10   5.6893136e-10  -4.1289617e-10   7.5049900e-10   4.1688023e-11  -1.7232139e-09   1.1713524e-09   5.8731788e-10   3.8375913e-10   4.2066039e-10   4.3161062e-10   5.2130039e-11  -2.2173438e-11   2.4343498e-10  -8.9676058e-10   3.3571276e-09   6.8800992e-10  -5.2177039e-10   2.1070490e-11   1.6985393e-11  -2.0062821e-09  -2.0877700e-10  -5.1557390e-10   2.7273709e-10
  -1.1394921e-09   3.2922119e-09  -3.7455800e-09  -2.9318054e-09   4.5130902e-09   5.7844382e-09  -3.5786889e-09  -3.1212498e-09   8.5715577e-11   1.8493675e-09   8.7537882e-10   9.6151575e-09   9.2092131e-09  -7.6525392e-09   1.0564708e-08   1.7429434e-09   5.9575790e-09   9.1218762e-10   2.0610759e-09  -2.0297329e-09  -3.3584574e-09   2.9952173e-09   4.1132398e-09   2.4771430e-09   2.3379427e-11   8.4144662e-11   1.3661982e-09   8.8464625e-09   6.9325487e-10  -2.0486321e-09
  -2.5188392e-12  -3.3076240e-10  -1.9442749e-09  -4.2905977e-10  -1.0726081e-09   1.2092339e-09  -1.0942246e-09  -1.6241307e-09  -1.7950977e-09  -1.0094683e-10   5.1421225e-11  -1.1156885e-09  -3.4835113e-09  -1.3213081e-09  -5.1219412e-10  -4.3088506e-10  -5.6740636e-10   3.7691105e-11   3.9922078e-10  -1.7645004e-10  -1.6810510e-10  -1.1385156e-09   1.0308215e-09   4.7411354e-10   2.5718242e-11  -4.2432180e-11   1.1586815e-09  -4.7331466e-10  -6.6458623e-10   2.2930052e-11
  -6.4436183e-09  -9.9195652e-10  -1.4864822e-08  -1.2225327e-08   8.4529924e-08  -6.2286252e-08  -4.0176838e-09   8.0664282e-08  -1.8446446e-08  -4.0731774e-09   1.9176990e-10   3.1054947e-09  -3.4198015e-08   3.2059503e-08   6.6312406e-08   1.4174898e-08   1.4969675e-08   1.0416295e-09   2.1924331e-09  -1.8043078e-09   2.5015967e-09   2.8330267e-08  -9.4626599e-09   1.5107120e-08  -9.0676510e-10   8.7000384e-10  -3.6035261e-09  -1.9810571e-08   7.0486765e-09  -3.5714398e-08
   1.7672178e-08   7.9361081e-08  -1.3262126e-07   1.5209012e-07   2.1981169e-07   3.0876761e-07  -2.2241517e-07   8.6065259e-08  -1.7006218e-07   2.2832104e-08  -2.0386215e-08  -5.1180915e-07  -1.3516601e-07   1.1786890e-08  -3.6876848e-08  -8.7292525e-08  -6.4674527e-08   2.1126884e-08   4.8472564e-08   1.5368811e-07  -5.5790304e-08   6.8895600e-08  -6.5922569e-08   5.2773755e-08  -1.2005922e-09   2.6295810e-09   9.6365262e-08   3.3937245e-07   1.0703515e-08   8.4086489e-07
   2.2288331e-09  -2.9122294e-09   1.1557585e-08   1.8822079e-08   5.5187177e-09   8.6323839e-09   6.1905733e-09  -1.6824001e-08   1.5527293e-08   8.7779213e-09  -4.3283921e-09  -2.7956553e-08   2.3782564e-08   2.3091794e-08   3.1156165e-08  -9.4121645e-09   1.7683315e-08   6.2921118e-10   4.9573119e-09   1.2004902e-08   1.0854756e-08   3.6758140e-09   2.2791452e-09   3.4071694e-09   7.0640699e-10  -4.8934623e-10  -4.9222828e-09  -9.8288492e-09   6.1623062e-09   1.5082982e-08
   6.6572322e-09  -1.9693117e-09   7.4735898e-08   6.5255400e-08  -3.4423569e-08  -4.6010575e-08  -1.6234096e-08  -5.1674309e-08   2.2225800e-08   2.2744969e-08   7.8272402e-09  -1.3839224e-07  -3.0570120e-08  -4.9595058e-08  -1.3233894e-07   8.6605184e-08   4.5886667e-08   1.6774750e-09   3.8916256e-08  -1.6100029e-08  -1.0836399e-08   2.9121364e-08   3.9054391e-08  -1.8877399e-09  -7.1690066e-11  -5.7034093e-11   5.3442739e-09  -6.7733266e-08  -4.0391339e-09  -1.1882068e-07
   2.0802796e-08  -1.1201407e-08  -3.4902219e-07  -6.4098912e-07   5.1557299e-07  -1.3667149e-07  -3.8683711e-07  -3.3096794e-07  -2.4147356e-07   4.3905314e-07  -4.1889272e-08   7.0616302e-09  -5.5950938e-07  -2.1930742e-07   3.6365961e-07   1.5327401e-07  -5.3212273e-08   2.0673970e-08   1.5209319e-07   7.2387963e-08  -1.6600015e-08   7.9835709e-07  -1.0015535e-08  -2.0841717e-07  -4.9870084e-09   5.9842097e-09   8.3505666e-07  -4.8302863e-07  -1.1491112e-08   5.5958129e-08
   3.1564481e-09   1.4303731e-08   3.3180010e-09  -6.6791646e-09   3.1707806e-08   6.4821379e-08   1.7850764e-08   1.8631546e-08   9.3238124e-09  -9.5210458e-10  -4.9225065e-09   1.2429005e-08  -5.8673861e-08  -1.4919327e-08   1.4391681e-08  -3.6594460e-09  -5.7058187e-09   4.6396004e-10   1.2706689e-09   1.1023067e-08   1.8637671e-08   5.0114102e-09   1.8700151e-09  -1.6459944e-08   4.8187690e-10  -3.4798609e-09   3.0196227e-08  -1.5085233e-08  -2.0022429e-09  -3.2123769e-08
  -5.0722709e-09   4.3107356e-09   4.7735504e-09  -1.4576828e-08   1.5005861e-08   1.5282031e-08  -1.5362542e-08   1.8907984e-08  -4.3080596e-09  -7.3113296e-09   2.9391847e-09   2.7575335e-08   2.6095788e-09  -6.7317428e-08   4.7570247e-08   7.8313431e-09   1.8780763e-08   4.5011761e-10  -8.8255067e-09  -1.3766190e-08  -7.5135834e-09  -2.5810339e-08   4.1657501e-09   2.7060322e-09   4.7360129e-10   7.0261753e-10   2.3940963e-08  -2.5225217e-08   6.7638297e-09  -1.1971416e-08
  -4.5382390e-11   1.3850762e-10  -1.7615321e-10  -4.4816357e-10   6.5459098e-10   2.5773092e-10  -2.3607889e-10  -1.4592732e-10   2.4387840e-10  -2.3146764e-10  -1.6429210e-11  -7.7416153e-11  -2.6127938e-10  -9.1157663e-10   1.7167099e-10  -3.4067596e-10   1.0226932e-10   1.1912584e-11   1.7807631e-11  -7.8379711e-11  -2.6966224e-11   1.0923809e-09  -1.2520170e-10   2.6653140e-10   1.9052218e-11  -6.9077698e-12   6.7773351e-11  -9.4125351e-10  -3.3171299e-10   1.1638031e-10
