   3.4945405e-11   1.0051155e-09   1.8266703e-12  -8.2081433e-11  -1.1275401e-10  -3.7000309e-10   2.3616621e-10  -2.4313728e-11   6.0319616e-10  -8.0589900e-10   3.6238987e-10   1.4996599e-09  -5.7576929e-10   1.3983215e-12   7.7683421e-11  -2.4469336e-10  -9.6043610e-10  -1.3526048e-09   2.0004433e-10  -7.1406401e-10  -8.8949926e-10  -8.6427070e-11   3.7538171e-10   7.7754975e-10  -1.9529721e-09   9.9908191e-10   6.5765679e-11  -8.2534053e-10  -3.5970001e-09   1.3627621e-09
   1.6502779e-08   4.6218842e-11  -4.7131568e-10   1.2663298e-09   3.0215694e-08   6.1901074e-08   3.6604696e-09   1.3921782e-09   3.7875585e-08  -9.5807688e-08   6.2645491e-09  -8.9124775e-09   1.9159618e-08  -8.0428112e-08   4.2696462e-09   1.4703133e-07   6.4569772e-08   9.4344191e-08  -1.2066093e-08  -1.1683746e-08  -8.1016315e-08   6.9063854e-08  -9.6592684e-08  -6.3261394e-08   5.3675920e-08   3.6006187e-09   7.6561188e-09   6.1462402e-08   8.1372943e-09   2.0535897e-08
   3.2735730e-10  -2.3429020e-09   2.1623386e-11  -6.0816183e-10   1.3249517e-11   3.3068595e-10  -1.4344480e-10  -2.5802406e-11  -2.7348459e-10  -1.2610597e-09  -3.3499206e-10   2.1014088e-09   1.6359817e-09  -9.8407189e-10  -1.1788608e-09   2.4905387e-09  -9.7603507e-10  -6.0789896e-10   1.1887370e-10  -4.6296246e-10  -1.7608189e-09   2.8590003e-09  -4.6648056e-10  -3.5308361e-10  -1.2541140e-09   2.1430448e-09   2.5177324e-12   1.6653702e-09   6.7557513e-09  -4.5735094e-10
   1.9903517e-10  -1.5762349e-09   2.5104862e-12  -2.0115008e-10  -2.3938225e-11  -4.2378921e-10   7.1205511e-11  -5.4270736e-11   7.2903472e-11   1.1017176e-10  -5.1765171e-11  -2.4481040e-10  -1.0474378e-09  -1.0276364e-09   2.6854922e-10   3.3591656e-10   7.6413144e-11   9.8337839e-10  -7.4492978e-11  -1.3955908e-10   1.0514138e-10  -1.6645484e-09  -2.5509709e-10  -1.0579237e-10  -6.7776699e-11  -6.7859569e-11  -2.3352408e-11   2.1913582e-10  -4.4836511e-10  -6.9961657e-10
   4.6498292e-12   5.5892746e-10   8.9693538e-13   3.6282813e-10   6.5711407e-11   2.4760665e-10   8.4459365e-11  -2.2164225e-11  -1.8840512e-10  -6.4595136e-11   7.9528837e-11  -7.7243477e-11  -4.6893541e-10   5.6015985e-10  -4.4787555e-10   2.9598590e-10   4.8782502e-10  -2.8398930e-10   2.7664376e-11   4.8958472e-10  -6.8345771e-11   9.8529358e-10   6.2224232e-10   2.5522967e-10   6.0522504e-10  -4.0581975e-11   3.8815111e-11   2.4209358e-11   1.1911080e-10   1.1907436e-11
  -3.9456497e-08  -4.4818148e-08  -3.8717752e-09   8.5052913e-08  -6.9414365e-09  -3.5557447e-08   7.6625408e-09  -1.0633914e-08  -1.6849794e-08  -5.6082561e-08   7.6919982e-08  -8.0228371e-08  -1.7553542e-07   5.5445498e-08  -1.9429739e-07   4.5578263e-07   4.3162381e-08  -5.8246119e-08  -2.7346160e-08  -1.6720895e-07   2.7412685e-08   8.9972916e-08  -1.7379924e-08   1.1763814e-07  -3.4031133e-07   6.4669005e-08  -8.4375865e-09   2.9275430e-07   7.0860059e-09   6.4112123e-08
  -5.0999402e-09   3.0626302e-09   3.3342927e-10  -2.9802937e-09   3.0452286e-09  -8.8398590e-09   7.7794655e-10  -2.9763785e-10  -2.1205701e-09   1.5654494e-08  -1.1657896e-09   4.0733152e-09  -1.3969054e-08   1.2317297e-09   2.8845492e-09   1.5623961e-09   3.3037802e-09  -1.2296186e-08   3.8599839e-09  -6.8438443e-09   4.2841360e-09   1.3469975e-08  -3.5968356e-09   4.4796242e-09  -3.1833749e-08   1.4134043e-08   9.9599377e-10  -1.0819790e-08  -4.0422800e-08   1.5558414e-08
  -2.1244870e-10  -3.3302246e-10   1.6736999e-11  -6.6458750e-10  -2.4655182e-10   6.1819580e-10  -3.2426435e-10   1.3172441e-11  -6.9560547e-10   5.1084200e-11  -1.4568553e-10   4.5077010e-10   6.8222334e-10  -1.2772648e-09  -3.7290812e-10  -1.4703804e-09   2.4358113e-09   1.9245691e-09  -2.5270346e-10   8.0698648e-11  -9.7595848e-10  -1.7568308e-10  -6.8223426e-10  -7.4713168e-10  -1.3319534e-09  -2.8409505e-10  -3.6371672e-11  -4.5076654e-10  -7.1469573e-10  -2.5048103e-09
  -6.8442982e-09  -1.9991913e-07  -1.0743342e-09   4.8794398e-08  -6.8698035e-10   1.1345774e-07  -5.5553121e-08   1.2161649e-08  -3.9483471e-08  -1.6501062e-07   1.1701944e-08  -1.4119086e-08  -2.6637563e-08   2.2017560e-08  -3.8881965e-07   3.1916558e-07  -8.9987708e-08   1.0750646e-07   1.1053955e-08  -1.5502798e-07   1.0305963e-07   3.1526633e-07  -4.4411463e-08   1.2030414e-07  -1.5628764e-07   1.4017182e-07   5.0183360e-09   1.3680092e-07  -1.9719859e-07  -7.8438149e-08
   8.1123732e-11   8.5426362e-10   7.8397876e-13  -1.9189906e-11  -5.3292094e-11  -5.1154950e-10   9.9840694e-11   4.0778315e-11   1.4477685e-10  -6.5136873e-11   6.8654922e-11   2.7407693e-10   5.1948093e-10   3.4591642e-10   3.6459774e-10  -9.0655078e-10  -5.2313482e-10  -2.0134987e-10  -1.9406855e-11  -9.5876136e-11   4.9495439e-10  -9.6348491e-11  -2.9187247e-10   7.6537298e-11   1.2898262e-10   3.6033050e-10  -7.9937084e-12  -1.3008512e-10  -1.3664027e-09   5.4529892e-10
   1.4412089e-10   5.1954572e-10   6.7674623e-12  -3.7515820e-11  -2.5154000e-10   2.3513064e-10   1.9256307e-10  -4.8449897e-11  -1.6001846e-10  -5.8291164e-10  -8.0070646e-11   1.0088701e-10   5.7361005e-11   1.5606993e-10  -7.0522582e-10   1.0258682e-09   1.0390672e-09  -1.3707922e-12   1.7219360e-11   1.8855791e-09  -2.4477285e-10   5.8527654e-10   5.4607667e-10   3.1102259e-10   4.8552438e-10  -6.5373628e-11   2.1722464e-11   9.6873244e-10   9.0284013e-10   9.2845542e-10
   2.1358233e-10  -9.7237796e-10  -5.1949615e-12   2.8441013e-10   2.1623405e-10  -1.1265617e-10   4.7070027e-11  -3.9014999e-12   6.3235549e-11  -3.4253514e-12  -1.8491766e-10  -4.1214555e-10   3.3104159e-10   5.2203273e-10  -1.4712389e-10   1.7848029e-09  -1.3579159e-09  -7.3135821e-10   9.6376144e-11   1.6626263e-10   5.4369333e-10   9.9228855e-10   1.1086325e-10  -1.3614344e-11   1.4443268e-09   3.1435559e-10  -8.6938585e-12   1.1826324e-09   4.2132025e-09   7.8260569e-10
   2.0904385e-10   4.9280531e-09   6.3808293e-11  -1.3062800e-10  -6.7565534e-10  -1.4482058e-09  -5.9749051e-11   1.0734093e-10  -1.1390290e-09  -1.0039732e-09  -1.2306840e-10  -1.3354846e-09   1.9330922e-09   4.6632011e-10   3.3382263e-09  -1.1786477e-09  -1.5952623e-09  -6.3994349e-09   6.2035845e-10   1.9321079e-09  -4.0956953e-10  -8.1192505e-10  -1.5961468e-10   1.5543477e-09  -5.3657456e-09   1.3111782e-10  -1.3332069e-11   1.8762126e-09  -4.4442780e-09   1.2642541e-09
  -2.3297088e-09  -5.2482364e-07   3.4084051e-09  -6.0989405e-08   5.7010029e-08  -1.8532598e-08  -2.7374689e-08  -7.1912269e-09   1.2963747e-07  -9.5530683e-08   9.4790138e-09   7.2231002e-09   1.6168713e-08   3.4245391e-07  -2.4174566e-07  -5.7913126e-09   1.5073267e-07  -3.5408520e-07   4.7719189e-09   1.2316593e-07  -1.9155838e-07   5.8526830e-09   7.4282906e-08   6.9462568e-08   2.2059968e-07  -1.2040984e-08  -2.9287581e-09  -9.4492631e-08   7.4602432e-08   3.6401117e-08
   1.5656707e-09   3.1239313e-08  -1.1616133e-10   1.0777995e-08   1.9037892e-09   5.0695038e-09   3.4806755e-09  -3.4800126e-09   5.6121005e-09  -4.9013096e-09   1.6629343e-09  -3.7155697e-09   1.2892623e-08   1.7188132e-08   1.6065686e-08  -1.5490557e-09   2.1038189e-08   1.8505371e-08  -6.8575169e-09  -3.6117206e-09   4.3614046e-09  -1.0138713e-08   1.3552803e-08  -8.3404801e-09   3.5215880e-08  -8.9903919e-09   1.5695266e-09  -1.1073179e-08   3.0187948e-08   1.2419536e-09
  -1.9470435e-08   7.5247208e-08  -7.2050431e-10   3.6639201e-09   8.9867341e-09   1.9712530e-08  -1.2588926e-08  -1.2136568e-08  -2.7714687e-08  -7.6836938e-09   8.3262796e-09  -4.8646992e-08  -2.4315855e-08   4.0167664e-08  -9.2181698e-08   6.9485664e-08   2.3804917e-08  -5.7031752e-08  -1.4332592e-08  -8.4725191e-09  -5.7140747e-08  -2.6259646e-08   1.8891325e-08   3.9954328e-08   6.8758793e-08  -1.6386341e-08   3.9798837e-09  -1.9048981e-08   1.1034102e-07  -5.8624295e-09
   7.4137864e-09   3.7546599e-07  -1.4747943e-09  -5.2716290e-09  -3.1753093e-08  -3.2789716e-08   1.6782225e-08  -9.5125250e-09  -7.9897550e-08   1.5375726e-07   1.8589753e-08  -1.4358311e-07  -6.7024224e-08   1.4915560e-07  -9.7469905e-08  -3.2563466e-08  -4.0034041e-07   2.5482046e-07   3.6169006e-08  -3.2050589e-07  -5.9759731e-08   3.0248953e-09   1.3113739e-08  -3.6003179e-07   3.7556864e-07   4.6192893e-08   2.8545134e-08   1.0828546e-07   3.8124475e-08   1.3668980e-07
  -9.5538533e-10  -2.8297365e-09  -2.2551737e-10  -4.2214567e-09  -3.4089050e-09  -1.5142461e-08  -3.8448960e-09   4.2033660e-10   2.2305568e-09  -1.2854763e-08  -3.1131717e-09   3.9833040e-09   8.3684381e-09   1.5536763e-08   3.8300849e-08  -4.7481617e-10  -1.8596034e-11  -3.4279455e-09   6.2847661e-09   8.1197979e-09  -1.1159553e-08  -7.9898415e-09  -6.2428278e-10   2.5601031e-09  -8.2981243e-09   5.7188100e-09   1.2727396e-09  -4.9213432e-10   7.5981846e-09   7.6947538e-09
   4.0162108e-09   1.8277858e-08  -2.5364089e-10  -6.2724210e-09   1.6742491e-09   4.3192394e-10   1.0313813e-09  -3.8196307e-10  -3.5704227e-10  -1.7111937e-08  -2.0403626e-09   2.0107255e-08  -1.2550457e-08  -1.1907439e-09   1.1943939e-08  -1.6113106e-08   1.3410005e-09  -7.1211144e-09   1.6614584e-09   1.7901503e-08   1.0748621e-08   1.3205581e-08   2.2580353e-08  -8.3400007e-09  -1.3223885e-08   1.9848128e-08   7.2193622e-10   1.0661829e-08  -1.3447265e-08   1.2688825e-08
   2.7081213e-12  -9.1693017e-10   2.1126278e-11   1.9698675e-11   2.4454573e-10   4.4214547e-10  -1.2525852e-12  -2.2231376e-11  -2.0062681e-10   8.3484108e-11   4.2713308e-11  -7.4310547e-10  -1.4216307e-09  -1.7904997e-12   8.3783825e-10   1.4455704e-10   1.5689196e-11  -3.6154402e-10   1.7726893e-11  -1.1724114e-09  -7.4049785e-10  -2.5534453e-10   5.9193316e-11   1.0854345e-09   6.6797287e-11  -1.8384312e-10  -4.1960350e-12  -5.3561166e-11  -1.6057820e-09  -1.2519162e-09
