   3.6388297e-08   6.1020121e-09  -1.1234135e-08   1.3497706e-09  -2.6604612e-09  -6.6879547e-09   5.3866507e-09   1.0457668e-09   1.4290960e-09   3.0832453e-08  -8.1593359e-09  -1.7044049e-08   3.5750997e-08  -6.6879547e-09  -1.7433163e-09  -6.7562795e-10  -1.2537350e-08   7.6492512e-09   1.1862996e-08   1.4569596e-08   4.7423805e-08   2.5493543e-08   5.4944300e-09   2.7699279e-09  -3.1345587e-09   9.1441771e-09   1.0604311e-10  -1.0095403e-08  -1.0962704e-08   3.7547377e-09
   1.2972923e-08  -1.0781201e-08   2.1337387e-09  -9.5273814e-11   4.3790008e-10   5.2078607e-09  -2.6254864e-09  -6.6153711e-09  -1.5445438e-08  -5.2126713e-09   4.1860440e-09  -6.0007242e-09  -9.8637138e-09   5.2078607e-09   1.5322258e-08  -1.0887295e-09   2.2715078e-08   9.0878084e-09  -1.5559147e-08   1.0599890e-08  -2.5970129e-09  -9.2011437e-09  -2.9960733e-09   1.7853669e-08   7.0717281e-09  -1.1809142e-08  -3.3099900e-09   2.8452676e-08  -9.0561941e-09  -4.3267090e-09
   1.2900066e-07  -7.8593488e-08  -1.1303381e-07   2.7285947e-09  -1.1680285e-09  -8.1600196e-09   7.1218922e-08  -4.3530794e-08  -2.9510656e-08  -8.0688968e-09   7.0489578e-09   6.6760324e-08   9.5006404e-09  -8.1600196e-09  -5.4326778e-09   1.7825599e-09   6.0989311e-09   4.1845280e-08   2.8578220e-08  -3.7398060e-08   3.5288350e-08  -1.7131764e-08  -2.9145687e-08   8.7776192e-08   2.2800831e-08  -7.3986133e-08  -4.1081616e-08   1.7932620e-09   1.4765616e-07  -1.2833252e-08
   7.2837903e-07   1.9040550e-07  -2.7651703e-07   7.5768791e-09  -1.9952063e-08  -9.6517192e-08   1.0188357e-07  -7.9104705e-08  -5.8310998e-08   2.0608404e-07   3.1318794e-08  -6.1083104e-08  -5.9592367e-08  -9.6517192e-08  -6.4571802e-09   2.8254591e-08   4.2179691e-07  -1.8381372e-07  -1.2035459e-07  -2.5401366e-07   2.3324971e-07  -2.6957246e-07  -1.9495876e-07   2.4094596e-07   1.5139742e-07   3.2226273e-07  -1.5192606e-07  -1.8018949e-07  -2.7514698e-07   5.3864288e-08
   4.0071693e-08  -4.1159681e-08  -3.1201322e-09  -1.7861513e-10   2.3047192e-10   2.1107588e-10  -2.1700222e-09  -7.6592385e-09   1.3394993e-09  -2.4852125e-10  -6.2232283e-09  -6.5182775e-08   3.7883924e-09   2.1107588e-10   6.8321303e-09   6.3864089e-10   3.1764364e-09  -6.8154404e-09  -8.6436274e-09  -5.8552333e-09   7.7507144e-09   1.6422382e-09  -3.0706244e-09  -1.7490573e-08  -2.6262707e-10  -1.8281828e-08  -1.6206065e-08   6.0564154e-09   4.7601442e-09  -3.3651030e-09
  -1.4805179e-07   1.2857852e-07   1.8059969e-08  -3.5338190e-10  -1.1367106e-09  -7.6720656e-10   3.2417554e-09   1.8913018e-08  -3.6697913e-09  -4.9654241e-11   1.9463812e-08   1.9749873e-07  -1.0566229e-08  -7.6720656e-10  -9.2820061e-09  -1.7680257e-09  -1.0694806e-08   1.7846117e-08   3.2694577e-08   2.8666785e-08  -8.1641700e-09   7.3018720e-09   8.1101900e-09   4.7802097e-08   2.2018567e-09   4.6642375e-08   5.8368786e-08  -3.3230242e-08  -6.0087215e-09   6.9535504e-09
  -1.2884594e-07   2.7295662e-07  -9.2022436e-08  -2.3928982e-08   1.0365178e-08  -6.3153290e-08  -8.7144729e-08  -4.7254208e-10  -3.4970518e-09   4.1047775e-08   1.6599726e-08  -6.2789269e-08  -2.6665314e-07  -6.3153290e-08  -2.5076322e-07   3.6058591e-09   1.6614844e-07  -4.8765576e-10  -1.5391486e-07   7.1668533e-08  -7.1684075e-09  -1.4563274e-07  -2.3666759e-08  -9.1524566e-08  -1.3470287e-08  -9.0735591e-08   5.2307932e-07  -4.1623968e-08   9.5564234e-08   9.9953761e-08
   6.7549428e-07   2.6048637e-07  -8.1241861e-07   6.4260586e-08  -3.2874720e-08   3.2940921e-10   1.0338263e-07  -1.8191341e-07  -1.8220503e-07   2.5326475e-07  -5.3400897e-08   1.8211994e-07  -2.3385163e-07   3.2940921e-10   5.8049865e-08   3.8919553e-08   6.3756657e-07  -4.8236728e-07  -8.9331487e-07   5.9194496e-08  -2.5363355e-08  -1.0550201e-06  -2.5296233e-07   3.8635285e-07   3.7468897e-07  -4.0434580e-07  -5.2711130e-07  -3.8703893e-08  -1.9388750e-07  -1.1115306e-07
   3.3425158e-09   1.7727778e-10  -1.9634724e-09   5.0640207e-11   4.9495570e-11   6.4256646e-10  -4.4241437e-10   1.9553962e-10  -9.8519260e-10  -2.3285780e-10   2.9771976e-10  -6.9445732e-10   4.9049270e-11   6.4256646e-10  -1.2920130e-09  -6.1551171e-11   7.3018540e-10  -4.7300195e-10  -5.7092470e-10   1.3434334e-09  -9.4254019e-10  -3.4523329e-09   3.3639676e-10   2.0729365e-09   1.9279658e-10   1.1782596e-09  -1.4695482e-10   3.8330578e-09  -1.2320727e-09   6.8147891e-11
   1.2147596e-08  -6.5644685e-09   2.2923195e-08   2.4559906e-10   1.2750019e-10   1.8368087e-09   6.6180558e-10   1.1365842e-09   1.2970671e-08   2.8945167e-09   4.0884585e-09  -8.6712952e-09   1.3306510e-08   1.8368087e-09  -1.9039400e-08  -1.5797501e-09   5.4176318e-09   3.9150833e-09   1.9184532e-08  -3.6633613e-08   1.0639891e-08  -3.1354557e-08   7.5276782e-09   6.2938082e-09   1.1470992e-09   2.4933245e-09  -5.8072316e-08   2.7892257e-08  -2.8026599e-08  -9.4376142e-10
   1.9730508e-09   5.2131460e-08  -2.9358095e-08  -5.1678265e-09   9.0127567e-09  -4.3494231e-09  -5.5997627e-08  -9.1080125e-09   5.0951031e-08   7.5658947e-09  -1.1556483e-08   3.0546160e-08   1.3164679e-08  -4.3494231e-09   6.3542061e-09  -3.3660279e-09  -3.2690584e-08  -4.2762555e-08   1.8271333e-08   1.2710335e-08  -2.8693068e-08  -8.3461903e-08  -5.5861849e-10  -4.3883575e-08   1.0537471e-08   3.3829692e-09   2.2069052e-09  -1.2501596e-07  -6.5700271e-08   6.3660553e-09
   5.3200068e-08   1.6454824e-08  -1.3467445e-08   2.9140211e-09   1.4518437e-09  -7.0286900e-09  -6.7677374e-09  -2.1703655e-10   6.4705522e-09   1.8292251e-08  -7.5349950e-10   1.5314076e-08   2.5077698e-08  -7.0286900e-09   1.2712936e-08   1.0585965e-09   3.7379429e-09   7.3054585e-09  -1.0346653e-08   5.8205565e-09   3.6251434e-08  -1.5391713e-08  -5.3178302e-09  -6.1524381e-09   9.8816907e-09  -4.5322945e-08   1.0941886e-08  -4.3546562e-08   4.0801568e-09   2.5788122e-09
  -3.1232915e-09  -9.9732534e-09   1.0685675e-08  -1.7451735e-09   3.0059708e-09   3.2773052e-09   1.5597964e-08  -3.3096434e-09   3.0744114e-08   1.6487765e-09  -8.6428656e-09  -2.1716582e-08   5.4738344e-09   3.2773052e-09   5.5387162e-08   2.3678202e-09  -1.3362026e-08  -3.4162061e-09   1.3234675e-08  -6.0459310e-09   2.9967370e-08  -7.7098963e-09   1.7392986e-09   9.6223159e-09   1.2622377e-08   3.8274767e-08  -2.4109891e-08   2.0335262e-08   7.9156562e-09  -4.7095488e-09
   6.5698714e-09  -3.2737787e-09  -1.7255301e-09   2.2680457e-10   2.6125578e-10   3.2916837e-09  -6.2811143e-09  -3.6526686e-09  -7.1626652e-09  -8.3740115e-10   2.0645362e-09  -3.8418984e-09  -4.3480961e-09   3.2916837e-09   6.7928064e-09  -4.2631614e-10   1.3097679e-08   3.9863427e-09  -6.5257758e-09   6.2986796e-09   6.3068806e-09  -5.7483488e-09  -1.5816034e-09   9.7002720e-09   4.1417039e-09  -2.9042910e-09  -1.4629585e-09   1.6723535e-08  -7.4788664e-09  -1.7973941e-09
   2.5330642e-08  -2.4880635e-08   9.7873699e-09   1.7843704e-09   2.7799123e-09   2.8420364e-09   7.5361192e-09  -9.8531301e-09  -1.5256662e-08   8.3535966e-10  -3.3079923e-09   3.3741883e-08  -3.1084237e-08   2.8420364e-09   1.6469530e-10  -5.4037096e-13   9.7774103e-10   7.4469030e-09   5.6486136e-09  -2.3728729e-09  -2.5796183e-08  -3.0005278e-09  -6.0467439e-09   2.1385605e-08   3.6228902e-09   1.0436165e-08  -3.3027048e-08   2.1604822e-08  -1.7220377e-09  -3.8553984e-09
  -3.8720398e-08   6.4378109e-09  -9.2839147e-09  -8.4820636e-10  -1.0934419e-09   7.3662489e-09   8.6270635e-09  -2.5847195e-08  -1.4649653e-08  -9.9269429e-09   7.7167546e-09   5.0462377e-08   2.2107722e-08   7.3662489e-09   1.0705642e-08   1.9023219e-09  -3.6729694e-09  -1.3354943e-08   7.8155618e-09   1.6930365e-08   2.0511833e-08   2.5839251e-08  -6.8785536e-09  -1.0161386e-08  -5.9277864e-09   1.8076745e-08  -2.5901638e-09   4.6547846e-08  -2.4730743e-08  -1.0786809e-09
   1.8823962e-09  -8.1634941e-08   7.2734762e-10  -1.2145320e-09  -2.5233961e-09   9.1377706e-09  -7.1711835e-09  -1.0005738e-08  -1.3800468e-08  -2.7773759e-08  -1.6491970e-08  -6.8131678e-08   6.9325777e-08   9.1377706e-09   3.5550898e-08  -3.5016813e-10   6.7046329e-08  -1.7562735e-08   2.1651529e-09  -1.1830888e-07  -4.6807787e-09  -1.3987273e-08  -2.0556449e-08   1.5796318e-08  -2.0075234e-08   5.4599209e-09  -7.9837966e-09  -1.2497610e-08   6.8487567e-09   1.6228942e-08
   6.7963695e-09   3.8765174e-08   2.6646748e-09   4.4183058e-09   1.5261612e-09  -1.1148530e-08  -2.1150911e-08   1.3724195e-08   1.1087211e-08   2.4078094e-08  -3.7656076e-09   1.0246407e-07  -1.7857479e-08  -1.1148530e-08  -1.9838960e-08  -4.5527495e-10   2.7452208e-08   5.8407399e-08  -2.3372743e-08  -7.7523000e-08   1.6630024e-08   3.7491856e-08  -4.7133285e-09   4.4604712e-09  -5.9977167e-09   5.4229417e-08  -2.4029351e-08   1.6602058e-08  -4.1646962e-08   1.5206511e-08
   4.9500795e-07  -2.2570653e-07  -1.4781157e-08  -1.3470972e-08   2.1201076e-09  -7.4796121e-08   1.6602040e-08   2.3528951e-08   1.1817786e-08   4.1610115e-08  -6.8007195e-08  -1.2422222e-07   1.8101333e-07  -7.4796121e-08   1.1134681e-07   7.8023561e-09   1.1741898e-07   4.4653848e-08  -1.1831992e-07   1.4931817e-07  -1.2193016e-07  -2.1604778e-07   1.8411115e-09  -9.0355761e-08   4.4894664e-08  -3.8982524e-07   2.6317454e-07  -8.3790091e-08   1.5900770e-07   1.6435161e-08
   3.4004590e-08   7.4158012e-09  -1.9361855e-09   2.7012291e-09   1.2823536e-09  -8.5729571e-09  -1.7671654e-08   6.4199171e-09   8.0446465e-09   1.7550648e-08  -7.3593552e-09   3.9137287e-08  -9.1462555e-09  -8.5729571e-09  -1.5434420e-08  -8.4640732e-11   2.0649980e-08   3.9598707e-08  -2.3746664e-08  -5.9490390e-08   1.6384352e-08   2.7369425e-08  -3.9513927e-09  -7.9353305e-09  -7.2122883e-09   3.4086539e-08  -2.5551947e-08   2.0818990e-08  -2.5021844e-08   8.9412698e-09
