  -1.4823848e-08   1.4232842e-09   9.5553152e-10  -9.1869484e-10  -3.9451742e-09   1.9440134e-08  -5.5840002e-10  -1.2722298e-09   1.8942848e-08  -1.5117993e-08  -4.6006256e-09   4.8813785e-08  -8.6563515e-09  -5.9460484e-09   1.3946571e-09  -8.1132779e-09   2.1816478e-08   3.2656836e-08  -6.8100808e-09  -5.6403581e-09   6.1167087e-09  -2.3324375e-08   1.2931212e-09  -9.5317260e-09   1.5421564e-08  -5.2604407e-09  -5.7627425e-10   7.2979190e-09   2.6268803e-09   8.4678163e-10
  -3.2285995e-08  -6.7407698e-11  -4.5315328e-08  -1.2656264e-09  -3.6133963e-09   7.1900805e-09  -2.8738121e-09  -1.2750628e-08   1.9236025e-09  -2.1292016e-08  -7.9742106e-10   3.6364046e-08  -2.2054339e-09   6.9282357e-09   4.9872166e-08  -1.4749053e-09   7.1678582e-09  -2.9284526e-08   1.3980151e-08  -5.1519711e-09  -2.5640409e-09  -1.1375620e-08  -5.0622271e-09   4.1880062e-09   9.0591769e-10   2.8329160e-08  -2.9462567e-09  -5.4744731e-09  -1.6028434e-09  -1.6935828e-08
  -1.6696310e-09   2.3948365e-08   7.6754414e-10   1.0924345e-09   1.3155326e-08  -3.5256665e-09  -2.6430593e-10  -3.3403149e-10  -1.3019745e-08   4.9529349e-09  -1.4285700e-09   9.4618378e-09   1.2162728e-09  -1.0729153e-08  -3.9356390e-08   4.2923196e-09  -6.1332779e-09  -1.3217706e-08  -2.1721380e-11   4.4749538e-08   3.3985388e-09   1.7988618e-08  -5.2333580e-10   3.0395980e-08   5.0378378e-09   2.6541948e-08  -3.4601048e-10  -6.3451425e-08  -7.0695154e-10   4.3150604e-08
  -3.0652982e-09  -5.8939542e-10   5.3325870e-10  -2.4907048e-09  -2.6921824e-08   2.8157065e-09  -1.7009890e-09   2.1172374e-08  -1.4291083e-08  -6.1505179e-09   3.0004796e-09  -3.9574636e-09  -1.9070395e-08   1.2475760e-10  -4.4809750e-09   3.3843596e-09   1.7281478e-08  -1.0870826e-08  -1.3651516e-08  -7.7266693e-09  -1.7881177e-08  -2.3629076e-08   6.2282025e-10   5.4242987e-09   2.7162394e-09   1.6877650e-08  -1.4862381e-09   9.7070297e-09  -1.3027737e-09  -7.5500969e-09
  -1.6942702e-08   5.4628148e-08   6.6620019e-10   2.9575546e-10  -1.9917448e-09  -6.2352058e-09   1.0956011e-09  -1.0279782e-08  -2.6784698e-08   3.1306708e-08  -3.6205697e-09   7.7091469e-09  -4.4726453e-09   2.1927321e-09  -1.0158388e-09   5.3889672e-10   3.0836846e-09   1.2137729e-09   2.8153428e-08  -1.0249826e-08  -6.5755915e-09   2.7253219e-08  -1.4995102e-08  -1.4595008e-08  -7.5207200e-10  -5.3288805e-09  -8.2214892e-10  -3.8111107e-08   3.1820946e-09  -1.0068221e-08
  -1.4977904e-08   1.6713595e-08   8.0225085e-10  -3.2856561e-11   1.7196927e-08  -7.2946356e-09   1.1267958e-09  -2.5438143e-08  -1.2958265e-08   3.8982967e-08   1.9875756e-09  -1.4826306e-08  -3.9817243e-09   1.0097759e-08  -8.3956568e-09  -5.6549677e-09   4.6077095e-08   9.8224684e-10   3.6522489e-09   5.8130021e-10   4.8320147e-09  -3.0663767e-08   5.3626306e-09  -7.0941832e-09  -5.8372011e-09   7.4230759e-09   2.3752089e-09  -8.3270422e-09   2.9169599e-09   7.9757124e-09
  -1.6652217e-09  -2.2931673e-09   2.8505101e-09   2.0754114e-09  -4.6532540e-09   7.2983447e-09  -4.3184154e-11   2.6029041e-10  -2.4381412e-08  -2.1154998e-08  -9.9763073e-10  -4.7768713e-09  -1.0911184e-08  -1.7817570e-09   3.8946334e-08   9.9007300e-09   1.5371893e-08   2.1697591e-08  -8.2668439e-09   6.2521492e-09  -7.7305899e-08  -2.3045201e-08   1.7104386e-08  -1.4537097e-08   6.6718353e-10   1.0312454e-08   1.8114139e-09  -1.6384873e-08   2.3142102e-09   2.9194546e-08
   1.2423481e-08  -1.0831174e-08  -4.6660983e-10  -2.5782706e-08   1.1589759e-08  -1.9249925e-09  -1.9616814e-09   3.8435661e-08  -3.7490149e-11  -2.6398521e-09  -7.0887876e-09  -3.3599401e-09   2.6553759e-09  -2.9500828e-09  -1.5133043e-08  -1.0767930e-08   7.4232602e-09  -2.7226273e-08   1.1808594e-10   3.7056711e-08  -4.7329803e-09  -4.3453003e-08   4.5732072e-08  -3.2760839e-09   3.7592368e-09   1.7344610e-08   7.6232439e-10   1.2643054e-08   1.5269508e-10  -2.1312120e-08
   1.3240471e-09  -2.1385566e-08  -6.4360653e-10  -6.1805965e-10  -5.4732593e-09  -2.0409526e-09  -3.0678304e-09  -3.3754541e-08   1.2985245e-09  -1.7571641e-08  -4.1524673e-09  -4.0446719e-08  -1.5300899e-08   3.7155438e-09  -2.2899488e-09  -3.0066813e-10   1.6100099e-09   2.6249533e-08  -7.5227077e-09  -5.4348681e-09   2.7466286e-11  -1.8695186e-08  -2.9909498e-08   4.6297963e-09   4.2279041e-09  -2.9847008e-08   7.4465393e-11   1.3191383e-08  -6.1039663e-10  -2.9732919e-08
   1.6100544e-08   1.9418296e-08   1.0426575e-08   2.3492678e-09   5.7031451e-10   5.3133277e-08  -6.7253440e-10  -6.8706607e-09  -1.4712441e-08   2.4664734e-09   2.2361970e-08  -3.9718364e-09   1.8080673e-08  -3.5563207e-08  -4.0562751e-09  -2.0550305e-09   3.6568799e-09  -3.0486678e-08  -2.9812333e-08   9.7618914e-10  -1.0830171e-08  -3.1880716e-08   2.8140004e-09   7.6129554e-09  -1.1626112e-10   1.1408661e-08   2.4745355e-09  -1.2602752e-08  -2.4670419e-09   3.1382774e-08
