  -1.2584011e-12  -4.0119914e-10   3.1100187e-10   4.2308925e-10   1.8655827e-10  -9.4498759e-11   3.3625249e-10  -1.2420217e-09   1.0363395e-10   2.9541548e-10   1.4061419e-09  -5.6294632e-10  -4.3324519e-10   1.9491506e-10  -3.5603314e-10  -2.6948391e-11   5.4009404e-10   3.2910064e-10   3.9412974e-11  -1.7622422e-10  -3.0130804e-10   1.8204231e-10   1.0758070e-09   8.0436682e-10  -6.8905752e-10  -1.3373909e-09   1.2181259e-10   1.4171937e-10  -1.2241323e-09  -1.0641990e-09
   2.1908693e-10   5.1703631e-10   1.1497561e-09  -1.8524461e-10  -9.3851130e-10  -7.9027754e-10  -3.8407745e-10   1.0106554e-09  -6.2579874e-13   1.5229430e-09   5.6792423e-10  -2.5153000e-10   1.2102093e-09   4.7320508e-11  -5.1942576e-11   1.3189088e-10   7.2033779e-11   2.4407030e-09  -4.3886263e-11   4.1566834e-10  -3.0835034e-10  -1.0860189e-09   1.4384401e-09  -2.1075711e-09   2.9359997e-10  -1.8919752e-09   1.0521237e-09  -7.9717975e-10  -1.7216541e-09  -3.2003992e-10
  -8.1040301e-11  -1.4893788e-11  -1.7501810e-09   3.0953791e-11   7.2876344e-10  -2.6130257e-10  -1.1826438e-09  -2.1184766e-09   1.1060573e-10   3.0811224e-10  -5.7716635e-10  -2.3221260e-10   1.4339248e-09   4.7908100e-10   7.8242211e-10  -7.5742057e-12  -1.0219349e-10   5.7356133e-10   5.3091758e-10   6.1039105e-10  -2.4256715e-10  -4.2426891e-10  -2.9416515e-09   2.6040097e-10  -1.1472195e-11  -2.2731291e-09   1.8236877e-09   1.7527020e-10   1.8717277e-09   6.5806139e-10
   2.3749876e-10  -2.8787287e-10  -1.8284698e-09   6.8859547e-10   8.4623986e-10   1.2965992e-09   3.3706597e-09   8.0125245e-10   4.5941356e-10  -2.1024547e-10  -2.5362966e-09  -3.6969665e-10   1.1718799e-09  -4.0969060e-10   1.4592534e-09  -1.4710905e-11  -4.9082168e-10  -8.9186149e-10   6.7315037e-10   1.3203786e-10   1.2180968e-09   1.4349911e-09  -7.0740504e-11   7.8290869e-11   1.2400908e-09   1.8941854e-09  -4.4380272e-11  -9.4891836e-10   1.2403178e-10   2.9826155e-09
  -5.6217317e-11  -6.9249288e-10  -9.4152496e-10   9.3819963e-10  -6.4419563e-10   1.3291601e-09  -4.1106631e-10  -9.6410390e-10   8.2819684e-11   5.7329043e-11   6.1799580e-10  -1.0968419e-09  -3.1172852e-09   3.0050263e-10  -1.6693446e-10  -2.1738114e-11   2.6052162e-10   1.9660116e-09   1.5374616e-09  -3.2521085e-11   6.5958221e-10   1.8075713e-09  -8.8706399e-10  -1.2411773e-09  -3.7188627e-09   2.1228242e-10  -3.1055024e-09   9.6992718e-11   7.3172479e-10  -7.7281371e-11
   1.5489835e-10   7.2220827e-10  -1.5245390e-09  -2.6932855e-09   9.6045356e-10   1.4442080e-09   1.4397318e-09   1.6824257e-09  -1.9933006e-10   2.3878762e-09  -3.0926079e-10  -5.4135321e-10  -6.4045095e-10  -1.2517219e-09  -1.4757262e-09  -3.1815919e-11   5.8844313e-11   2.7538723e-09   4.0025500e-10   6.1729956e-10   1.1323952e-09  -1.8625787e-10  -1.4155939e-09  -7.4065802e-10  -8.6900808e-12   2.3290264e-09   3.7539181e-10  -4.2942104e-10   1.7111418e-09  -2.1601765e-09
  -2.2075385e-10   1.8067486e-11   7.9600582e-12  -3.0285910e-09  -1.0746638e-10  -6.0086509e-10  -1.5999181e-09  -3.8554821e-09   3.9310535e-10  -6.0104931e-11   2.0269610e-09  -4.6069322e-10   2.5426550e-09   1.1975222e-09   3.2024723e-10  -1.3242718e-11  -4.9992146e-10  -3.9785525e-10  -9.8057046e-11   8.1912744e-10   1.7555293e-10  -8.6023413e-10   4.8124027e-10   3.2674685e-09   5.9597187e-10   1.3017066e-09  -1.1365571e-09   1.5986969e-10  -4.6231588e-09  -8.4378201e-10
  -3.4501598e-10  -2.5237686e-10   1.3731885e-09  -1.4535957e-09   2.4202051e-10  -6.5796451e-10   2.8290398e-10  -9.3171376e-11  -7.8562258e-11   1.1221206e-09   1.6735288e-09  -1.9409937e-09   1.8602210e-09  -2.1657951e-09   2.6407514e-09   1.1050142e-09   4.5298289e-10  -6.9625481e-10   2.1143791e-10   1.4907096e-09   3.2644150e-10  -1.0881927e-09   4.6372549e-10  -3.2240217e-09  -2.7925608e-09   2.0792906e-09  -7.9850690e-10   3.1807091e-10  -2.5440489e-09   1.0329477e-09
  -1.2745059e-09  -2.1180452e-10  -1.5992467e-09   4.6462992e-09   2.9478207e-10  -1.2977677e-09   8.9076366e-10  -1.9224410e-09   8.3073045e-10   1.7623769e-09  -6.2043537e-11   1.0224056e-10   8.1715662e-10  -3.2729788e-09   1.5662556e-09  -7.3915420e-10  -5.1955408e-09   4.2229811e-10  -6.0760645e-11   4.3512943e-10  -2.1511343e-10   6.9864695e-10  -1.0115019e-09   1.2604046e-09  -2.4393538e-09  -2.7489437e-09   1.8131235e-09  -1.2628579e-10   2.4397594e-09  -2.1415399e-10
   1.4878487e-10   9.9365555e-11  -2.4472328e-09  -1.6703254e-09   1.4638185e-09  -1.3523144e-10  -5.0718763e-10  -4.2535489e-09   1.1302117e-09  -1.8038078e-10  -1.5388251e-10  -5.6116033e-10   1.7586017e-09  -7.8577007e-10   6.4160518e-10  -3.4077995e-10  -4.5173565e-09  -8.5767192e-10   1.2993724e-10   2.7014366e-09  -8.5887118e-11   3.2352468e-09   2.7506242e-11   4.2538088e-09  -8.1431398e-10  -2.5549242e-09  -2.3102270e-09   1.0923159e-09   3.0440177e-09   5.6756090e-10
