   5.5477229e+09   9.9756984e+09   8.6229149e+09   1.1323168e+10   3.1946030e+09   6.4477160e+09   8.8003686e+09   5.5549248e+09   2.8894489e+09   4.8360344e+09   9.3162895e+09   9.2111687e+09   5.0392343e+09   1.0286124e+10   6.3992893e+09   8.2301681e+09   1.0124983e+10   7.1926149e+09   8.6537648e+09   7.7748569e+09   1.2215906e+10   7.1998154e+09   1.0175967e+10   5.3483624e+09   6.4696549e+09   4.6263427e+09   4.1956327e+09   8.1379617e+09   7.0627434e+09   7.1065287e+09
   2.0023175e+09   4.2175809e+09   5.9580143e+09   4.1888733e+09   2.1451449e+09   1.7912192e+09   3.6815393e+09   2.4639269e+09   2.0528078e+09   1.9547440e+09   2.4038410e+09   6.0925872e+09   3.5824101e+09   2.1401215e+09   2.4158862e+09   6.2303690e+09   3.9584115e+09   2.4001516e+09   5.8994096e+09   2.2037930e+09   5.8963940e+09   6.5421961e+09   4.3889245e+09   3.1437470e+09   2.2649152e+09   2.7016102e+09   1.2318929e+09   5.2103185e+09   3.7415981e+09   2.6640272e+09
   6.5891754e+08   1.8855323e+09   1.4331719e+09   2.2052862e+09   1.4019457e+09   5.2527035e+08   1.6870895e+09   5.4523386e+08   8.1885635e+08   1.2921609e+09   1.2704327e+09   4.0269131e+09   2.1245281e+09   1.1817985e+09   1.2696682e+09   2.4981834e+09   2.1951642e+09   5.7914108e+08   3.0579837e+09   3.0294363e+08   1.5960603e+09   1.3932019e+09   3.1046904e+09   4.3734700e+08   1.0723597e+09   1.1603120e+09   9.3326687e+08   1.7804708e+09   1.7103084e+09   1.3515652e+09
   1.6163739e+08   4.4229963e+08   1.9936708e+08   8.6032013e+08   3.8997773e+08   2.5011060e+08   1.0580005e+09   8.2683426e+07   2.3710027e+08   1.0088722e+09   5.2140271e+08   2.2264387e+09   6.3668097e+08   1.8314278e+08   3.2209607e+08   9.3144819e+08   2.5718817e+08   2.2244455e+08   1.3508505e+09   1.2247686e+08   5.7797478e+08   5.7482375e+08   1.5887058e+09   2.6756921e+08   5.5436905e+08   6.1662775e+08   3.6058895e+08   4.2835181e+08   5.4567171e+08   5.3591648e+08
   8.6964669e+06   5.5314037e+07   1.1044551e+08   3.4302672e+08   1.4708700e+07   6.1297257e+07   8.5906477e+08   3.7636899e+06   9.6157484e+07   4.7249693e+08   3.2401166e+08   7.2964981e+08   3.0978946e+08   6.1296564e+07   8.8379247e+07   2.5394013e+08   1.3706386e+08   8.1816597e+07   3.0748575e+08   3.2826936e+07   3.5847019e+07   1.5079116e+07   7.7263398e+08   1.0501583e+07   2.1437766e+08   2.7251128e+08   5.8397777e+07   8.6004325e+07   1.7187788e+08   2.0824865e+08
   2.1789820e+06   2.2931828e+07   9.5354274e+07   1.1246317e+08   3.5820771e+05   2.4985405e+07   7.0834728e+08   1.4623584e+06   4.1483339e+07   1.0469366e+08   2.3661845e+08   1.0746598e+08   2.0975849e+08   3.9125418e+07   1.0090674e+07   1.1214792e+08   6.9290672e+07   1.1469277e+07   2.0340403e+07   1.6960389e+07   1.3313665e+07   1.1085032e+06   4.3018429e+08   2.4173380e+06   3.1355661e+07   2.1067769e+08   1.5066223e+07   1.5132140e+07   3.3138139e+07   2.1359319e+07
   6.6679358e+04   5.9025929e+06   8.2200762e+07   5.4921747e+06   8.0572994e+03   1.0981465e+07   2.0332036e+08   3.4232229e+05   1.0459551e+07   2.3754372e+07   1.7800523e+07   1.3826079e+07   2.0000462e+07   1.6494494e+07   3.5514679e+06   1.6920680e+06   1.3193016e+06   1.0106968e+05   1.3636619e+05   3.3476417e+05   2.5571477e+06   7.5602645e+04   1.6190957e+08   4.6708695e+04   6.9285703e+06   1.9750850e+07   9.9528305e+06   1.0684850e+06   5.8603753e+06   9.1339104e+06
   3.3038684e+03   2.4952778e+06   7.4917602e+07   5.9014433e+05   1.1239746e+02   1.4207737e+05   1.2709176e+07   3.9433258e+04   1.3051143e+04   1.4314475e+05   3.5163697e+06   1.3579464e+06   9.2690313e+06   4.8240258e+06   2.9549073e+05   2.5942411e+04   7.5112943e+03   3.1729605e+03   3.9315438e+03   5.5630518e+03   6.4147828e+04   1.0392424e+04   1.7597594e+06   1.2795873e+03   9.5800930e+04   3.2073669e+05   6.5492277e+06   2.1982693e+04   1.2439441e+06   3.7428019e+06
   2.0660274e+03   1.6135342e+05   3.8505933e+04   3.8750967e+04   9.8358840e+01   6.8808759e+03   2.9099125e+05   1.2621341e+03   3.0167378e+02   1.4571541e+03   3.7330982e+05   5.8462912e+03   9.8058614e+02   6.1067980e+04   1.2613323e+04   1.3045907e+03   6.2163837e+03   9.4658542e+02   2.1214895e+03   2.0768121e+03   5.5809059e+02   3.7850643e+03   3.9059474e+04   2.8381426e+02   1.8380770e+03   2.3370557e+03   1.2040186e+04   2.6459086e+03   1.1431406e+05   1.2461658e+04
   1.1528621e+03   2.5675633e+03   3.2458394e+02   2.0888544e+04   7.2210336e+01   5.9959652e+02   2.3830648e+03   5.3022181e+02   1.8607043e+02   3.2384731e+01   3.9096531e+03   3.3993203e+03   3.1339971e+02   1.2521466e+04   1.5417348e+02   5.0131217e+02   4.4770107e+03   6.0220219e+02   1.0877245e+03   1.2677361e+03   1.0685833e+01   6.5097993e+01   6.5023101e+01   1.6569573e+02   4.4604676e+02   3.8293405e+01   5.4169700e+02   1.2033807e+02   7.6364613e+03   2.7171634e+02
   7.9333659e+02   2.0392193e+03   6.5889940e-02   1.6029789e+04   5.3803310e-02   9.2967739e-01   2.4622938e+01   5.1967007e+02   1.6023030e-01   1.6761794e-01   1.6837586e+01   6.1085222e+02   1.4975937e-01   8.2561673e+02   3.7220986e-01   1.2911695e+02   4.1401631e+00   3.1254531e+01   8.5826147e-01   8.2145713e+02   6.3529000e-04   3.4071712e+00   1.0648210e-02   2.6282675e-01   8.9083671e+01   3.2295840e-02   2.6912602e-01   2.2498761e+01   1.4257405e+03   8.0568135e+01
   1.5323000e-04   2.8849930e-02   5.8000000e-07   5.4352078e+02   3.0000000e-08   5.7789600e-03   2.4435400e-03   3.1697366e+02   2.2700000e-06   5.8800000e-06   4.2910450e-02   5.1665200e-03   2.2110000e-05   3.3548619e+02   1.4759000e-04   3.9979640e-02   2.0672000e-04   4.3590000e-05   8.1650000e-05   1.4598000e-04   3.0000000e-08   5.9970000e-05   1.0000000e-08   4.0000000e-08   3.0827400e-03   2.7200000e-06   2.8972000e-04   4.9733410e-02   7.3306990e-02   2.8106000e-04
   0.0000000e+00   0.0000000e+00   0.0000000e+00   1.1784800e-03   0.0000000e+00   1.7633000e-04   0.0000000e+00   4.7400000e-06   0.0000000e+00   0.0000000e+00   4.0000000e-08   0.0000000e+00   0.0000000e+00   4.3151600e-03   0.0000000e+00   3.6000000e-07   0.0000000e+00   1.0000000e-08   0.0000000e+00   0.0000000e+00   0.0000000e+00   0.0000000e+00   0.0000000e+00   0.0000000e+00   2.0000000e-08   0.0000000e+00   0.0000000e+00   4.6000000e-07   0.0000000e+00   0.0000000e+00
   0.0000000e+00   0.0000000e+00   0.0000000e+00   0.0000000e+00   0.0000000e+00   0.0000000e+00   0.0000000e+00   0.0000000e+00   0.0000000e+00   0.0000000e+00   0.0000000e+00   0.0000000e+00   0.0000000e+00   0.0000000e+00   0.0000000e+00   0.0000000e+00   0.0000000e+00   0.0000000e+00   0.0000000e+00   0.0000000e+00   0.0000000e+00   0.0000000e+00   0.0000000e+00   0.0000000e+00   0.0000000e+00   0.0000000e+00   0.0000000e+00   0.0000000e+00   0.0000000e+00   0.0000000e+00
   0.0000000e+00   0.0000000e+00   0.0000000e+00   0.0000000e+00   0.0000000e+00   0.0000000e+00   0.0000000e+00   0.0000000e+00   0.0000000e+00   0.0000000e+00   0.0000000e+00   0.0000000e+00   0.0000000e+00   0.0000000e+00   0.0000000e+00   0.0000000e+00   0.0000000e+00   0.0000000e+00   0.0000000e+00   0.0000000e+00   0.0000000e+00   0.0000000e+00   0.0000000e+00   0.0000000e+00   0.0000000e+00   0.0000000e+00   0.0000000e+00   0.0000000e+00   0.0000000e+00   0.0000000e+00
   0.0000000e+00   0.0000000e+00   0.0000000e+00   0.0000000e+00   0.0000000e+00   0.0000000e+00   0.0000000e+00   0.0000000e+00   0.0000000e+00   0.0000000e+00   0.0000000e+00   0.0000000e+00   0.0000000e+00   0.0000000e+00   0.0000000e+00   0.0000000e+00   0.0000000e+00   0.0000000e+00   0.0000000e+00   0.0000000e+00   0.0000000e+00   0.0000000e+00   0.0000000e+00   0.0000000e+00   0.0000000e+00   0.0000000e+00   0.0000000e+00   0.0000000e+00   0.0000000e+00   0.0000000e+00
