   2.2785469e+02   4.6962412e+02   4.3791979e+02   2.4937302e+02   3.2449580e+02   2.3174179e+02   3.0375581e+02   3.5733007e+02   3.4729087e+02   3.5100388e+02   2.3960515e+02   3.4770025e+02   2.6831686e+02   4.0710573e+02   3.2868411e+02   3.1150386e+02   3.1854025e+02   3.0724566e+02   2.9552749e+02   3.0548110e+02   3.4374199e+02   1.4216156e+02   2.9553748e+02   3.2011739e+02   3.5390412e+02   3.1859763e+02   2.0426244e+02   3.1098884e+02   3.0534694e+02   2.9810985e+02
   1.6097695e+02   2.3094018e+02   2.9159929e+02   1.6020058e+02   2.0149939e+02   1.5828413e+02   2.2879730e+02   2.5342049e+02   1.8080561e+02   1.5552557e+02   1.8744681e+02   2.1486867e+02   1.5550192e+02   2.5624937e+02   1.3629080e+02   2.5276544e+02   1.9034048e+02   1.8349860e+02   1.7362700e+02   1.8037681e+02   1.4912673e+02   1.3671932e+02   1.4039176e+02   2.1499649e+02   2.0968324e+02   2.4782161e+02   1.5825235e+02   1.7762006e+02   2.6018264e+02   1.4515252e+02
   1.1250884e+02   1.5044181e+02   8.6760368e+01   1.1871189e+02   1.4776183e+02   1.0305630e+02   1.2316480e+02   1.9744357e+02   1.0763414e+02   7.8466305e+01   1.0168038e+02   1.3335999e+02   1.1220207e+02   2.0371692e+02   1.3135665e+02   1.8157889e+02   1.1642697e+02   1.5407781e+02   1.0215972e+02   1.6931801e+02   9.9045303e+01   9.4068655e+01   1.0551333e+02   1.5677144e+02   1.1301171e+02   1.3001375e+02   1.1031241e+02   1.4754029e+02   1.8452117e+02   1.1939116e+02
   9.3710573e+01   9.1941191e+01   4.3255098e+01   9.0602732e+01   9.2873525e+01   6.2573765e+01   8.1864146e+01   1.1413705e+02   8.3045206e+01   6.7981101e+01   6.6816563e+01   9.6570509e+01   9.4242564e+01   1.6060231e+02   9.4598149e+01   1.0667404e+02   8.9429984e+01   1.0423682e+02   8.9663782e+01   8.9627442e+01   7.7649148e+01   6.8382853e+01   7.4124281e+01   1.1931813e+02   1.0637355e+02   9.6773025e+01   1.1031241e+02   6.5242203e+01   1.2229357e+02   5.5065114e+01
   8.9030469e+01   7.0633804e+01   4.3255098e+01   6.0260127e+01   6.8508705e+01   5.3582546e+01   5.5252265e+01   6.6365464e+01   5.1413391e+01   6.7981101e+01   3.9159167e+01   4.6951677e+01   6.4078026e+01   1.1984767e+02   5.4281876e+01   6.7144975e+01   7.0769352e+01   5.6360074e+01   5.8537950e+01   6.2817598e+01   4.9996024e+01   4.1669088e+01   5.2740236e+01   7.2895923e+01   7.6701675e+01   5.7125934e+01   8.3068921e+01   3.7192215e+01   1.1154511e+02   4.0466105e+01
   6.5182399e+01   5.3411230e+01   3.0696177e+01   4.0934473e+01   4.6916106e+01   2.7779933e+01   3.3425473e+01   3.7343451e+01   3.4440647e+01   6.1832868e+01   3.1355348e+01   3.7874951e+01   4.5091979e+01   1.0813275e+02   3.7448365e+01   4.9631322e+01   4.8754310e+01   3.2804282e+01   3.6346901e+01   4.7242733e+01   4.1306416e+01   3.0397344e+01   3.4086547e+01   5.7145221e+01   5.5611504e+01   4.0765356e+01   6.8930910e+01   3.4702843e+01   7.7054786e+01   2.5540604e+01
   4.7826731e+01   3.6480134e+01   1.9693083e+01   2.9425686e+01   4.1366525e+01   1.8156194e+01   2.7114043e+01   2.2525377e+01   2.8419429e+01   4.8284097e+01   2.1444369e+01   3.3151893e+01   3.9040866e+01   9.9978268e+01   2.4084936e+01   4.0765048e+01   2.4459163e+01   2.4605506e+01   2.5909988e+01   3.6353952e+01   1.9909206e+01   2.1519445e+01   2.1623304e+01   4.5105095e+01   3.6495605e+01   3.1911459e+01   4.3686398e+01   2.3705111e+01   6.2991161e+01   1.9720644e+01
   4.0138856e+01   1.7544666e+01   1.7687153e+01   1.7201443e+01   3.4721014e+01   1.4429776e+01   1.7389220e+01   1.4884192e+01   2.5007026e+01   2.8412076e+01   1.9153463e+01   2.0721072e+01   2.5214775e+01   9.1186956e+01   1.7393863e+01   2.4986686e+01   1.3474989e+01   1.9638672e+01   1.4430891e+01   2.1653613e+01   8.2161575e+00   1.2569604e+01   1.5343189e+01   3.8606300e+01   2.1784428e+01   2.6530743e+01   3.4165384e+01   1.7377125e+01   5.7022931e+01   1.7214917e+01
   4.0120223e+01   1.1342498e+01   1.3046430e+01   1.1983100e+01   3.4385576e+01   1.4396453e+01   1.2712636e+01   1.2635266e+01   2.4349951e+01   1.6494015e+01   1.9147947e+01   1.5531611e+01   2.0421836e+01   1.2307901e+01   1.2830161e+01   1.5365345e+01   1.2471217e+01   1.9270725e+01   1.3741012e+01   1.2983706e+01   1.0002881e+00   1.1201409e+01   1.2471218e+01   1.9810630e+01   1.2043948e+01   1.3781117e+01   3.2337543e+01   1.6608365e+01   5.5275887e+01   1.6772199e+01
   1.9312364e+01   1.0873680e+01   1.2962787e+01   1.1037540e+01   1.6548844e+01   1.4396452e+01   1.2635066e+01   1.2635066e+01   1.2635330e+01   1.1365272e+01   1.6528193e+01   1.5502396e+01   1.9479891e+01   1.2307345e+01   1.2798926e+01   1.5338534e+01   1.2471205e+01   1.8191773e+01   1.3741010e+01   1.2798926e+01   9.9495906e-01   1.1201401e+01   1.1553321e+01   1.2933104e+01   1.1037540e+01   1.1365261e+01   1.1201401e+01   1.6608339e+01   1.0873679e+01   1.6772199e+01
   1.1037540e+01   1.0873679e+01   1.1203162e+01   1.0887860e+01   1.1201436e+01   1.1038116e+01   1.0897880e+01   1.2307346e+01   1.2266847e+01   1.1365261e+01   1.1037540e+01   1.1050435e+01   1.1201402e+01   1.1202925e+01   1.1564194e+01   1.1037540e+01   1.2143484e+01   1.0948173e+01   1.1201401e+01   1.0873681e+01   9.9495906e-01   1.0873679e+01   1.1037543e+01   1.1365261e+01   1.0881876e+01   1.1365261e+01   1.1037543e+01   1.1055797e+01   1.0873679e+01   1.0873684e+01
   1.0873679e+01   1.0873679e+01   1.0878819e+01   1.0873679e+01   1.1037580e+01   1.1037540e+01   1.0873679e+01   1.1037735e+01   1.1037540e+01   1.0873679e+01   1.1037540e+01   1.1037540e+01   1.0875879e+01   1.1037540e+01   1.1019446e+01   1.0873853e+01   1.0873679e+01   1.0873679e+01   1.0883624e+01   1.0873679e+01   0.0000000e+00   1.0873679e+01   1.0873679e+01   1.0873679e+01   1.0873679e+01   1.0873679e+01   1.0873679e+01   1.0873688e+01   1.0873679e+01   1.0873679e+01
   1.0873679e+01   1.0873679e+01   1.0873679e+01   1.0873679e+01   1.0873679e+01   1.0873679e+01   1.0873679e+01   1.0873679e+01   1.0873679e+01   1.0873679e+01   1.0873679e+01   1.0873679e+01   1.0873679e+01   1.0873679e+01   1.0873679e+01   1.0873679e+01   1.0873679e+01   1.0873679e+01   1.0873679e+01   1.0873679e+01   0.0000000e+00   1.0873679e+01   1.0873679e+01   1.0873679e+01   1.0873679e+01   1.0873679e+01   1.0873679e+01   1.0873679e+01   1.0873679e+01   1.0873679e+01
   1.0873679e+01   1.0873679e+01   1.0873679e+01   1.0873679e+01   1.0873679e+01   1.0873679e+01   1.0873679e+01   1.0873679e+01   1.0873679e+01   1.0873679e+01   1.0873679e+01   1.0873679e+01   1.0873679e+01   1.0873679e+01   1.0873679e+01   1.0873679e+01   1.0873679e+01   1.0873679e+01   1.0873679e+01   1.0873679e+01   0.0000000e+00   1.0873679e+01   1.0873679e+01   1.0873679e+01   1.0873679e+01   1.0873679e+01   1.0873679e+01   1.0873679e+01   1.0873679e+01   1.0873679e+01
   1.0873679e+01   1.0873679e+01   1.0873679e+01   1.0873679e+01   1.0873679e+01   1.0873679e+01   1.0873679e+01   1.0873679e+01   1.0873679e+01   1.0873679e+01   1.0873679e+01   1.0873679e+01   1.0873679e+01   1.0873679e+01   1.0873679e+01   1.0873679e+01   1.0873679e+01   1.0873679e+01   1.0873679e+01   1.0873679e+01   0.0000000e+00   1.0873679e+01   1.0873679e+01   1.0873679e+01   1.0873679e+01   1.0873679e+01   1.0873679e+01   1.0873679e+01   1.0873679e+01   1.0873679e+01
   1.0873679e+01   1.0873679e+01   1.0873679e+01   1.0873679e+01   1.0873679e+01   1.0873679e+01   1.0873679e+01   1.0873679e+01   1.0873679e+01   1.0873679e+01   1.0873679e+01   1.0873679e+01   1.0873679e+01   1.0873679e+01   1.0873679e+01   1.0873679e+01   1.0873679e+01   1.0873679e+01   1.0873679e+01   1.0873679e+01   0.0000000e+00   1.0873679e+01   1.0873679e+01   1.0873679e+01   1.0873679e+01   1.0873679e+01   1.0873679e+01   1.0873679e+01   1.0873679e+01   1.0873679e+01
