   2.6257363e+03   2.5882763e+03   2.2628973e+03   2.0355446e+03   2.0749826e+03   1.5709184e+03   2.7752339e+03   2.1435350e+03   2.3146484e+03   2.6960472e+03   2.0522861e+03   2.1222927e+03   2.1485301e+03   2.1637691e+03   2.2985393e+03   2.2304208e+03   2.2469165e+03   2.3165302e+03   2.4254390e+03   1.9912571e+03   1.7561148e+03   1.8719982e+03   2.5238267e+03   1.8940565e+03   2.4048517e+03   2.3879624e+03   2.4452711e+03   2.0468139e+03   1.5528232e+03   1.7650301e+03
   2.0923440e+03   2.3599380e+03   1.8338546e+03   1.6408236e+03   2.0749826e+03   1.5709184e+03   1.3469620e+03   2.0127816e+03   2.1073252e+03   1.7198681e+03   1.6398344e+03   2.1222927e+03   1.8042107e+03   2.1637691e+03   1.8850346e+03   2.0596728e+03   1.8948817e+03   1.7789053e+03   2.4254390e+03   1.9011496e+03   1.7528875e+03   1.8111604e+03   2.0737435e+03   1.8940565e+03   2.2798158e+03   1.7211617e+03   2.1545975e+03   2.0468139e+03   1.5528232e+03   1.7650301e+03
   2.0923440e+03   2.1037045e+03   1.8338546e+03   1.5761963e+03   1.9284120e+03   1.5709184e+03   1.3469620e+03   2.0127816e+03   2.0346767e+03   1.6888746e+03   1.6398344e+03   2.1222927e+03   1.5874256e+03   1.9285814e+03   1.8850346e+03   1.7792387e+03   1.8948817e+03   1.7789053e+03   2.2386786e+03   1.9011496e+03   1.7039711e+03   1.8111604e+03   2.0713043e+03   1.7087387e+03   1.6410046e+03   1.7211617e+03   2.1545975e+03   1.8315474e+03   1.5528232e+03   1.3815388e+03
   1.3428306e+03   1.6298732e+03   1.2568241e+03   1.2930973e+03   1.7860951e+03   1.5124114e+03   1.3329121e+03   1.4896600e+03   1.0344801e+03   1.0816088e+03   1.4015503e+03   1.4355786e+03   1.5485699e+03   1.8398416e+03   1.4825802e+03   1.3953454e+03   8.5045903e+02   1.4724230e+03   1.2260109e+03   1.5411356e+03   1.0390333e+03   1.2820333e+03   9.0365475e+02   1.5664592e+03   1.1488833e+03   1.3740299e+03   1.5655027e+03   1.1650571e+03   1.2430241e+03   1.2901103e+03
   1.1698159e+03   1.2776538e+03   8.2266251e+02   9.4448589e+02   1.3433326e+03   1.2101454e+03   1.0657878e+03   1.1287333e+03   8.9505844e+02   1.0553977e+03   8.7733389e+02   3.4833576e+02   9.8560810e+02   1.2932921e+03   1.0238025e+03   5.7217912e+02   6.7177058e+02   8.3370208e+02   9.1928834e+02   1.1069939e+03   8.9901678e+02   9.5577420e+02   6.5216719e+02   1.0131082e+03   1.1416080e+03   1.0205285e+03   1.1726319e+03   9.7591375e+02   7.8830816e+02   1.0650077e+03
   7.8184631e+02   9.2024101e+02   4.1198642e+02   5.7116191e+02   6.0462677e+02   5.9491274e+02   5.6097098e+02   8.5240685e+02   7.9297995e+02   5.1325373e+02   6.5307808e+02   3.3740757e+02   6.4818447e+02   3.8040186e+02   7.3331580e+02   5.7217912e+02   4.9141793e+02   4.8448664e+02   3.0394667e+02   6.0458488e+02   7.8663657e+02   7.0771579e+02   3.8554261e+02   3.4729246e+02   7.2123976e+02   2.7525070e+02   4.8061726e+02   8.2513029e+02   4.4127671e+02   6.6945167e+02
   1.7209664e+02   2.8856896e+02   1.8083617e+02   4.9723069e+02   1.6246877e+02   4.0622590e+02   1.0481990e+02   4.7139026e+02   2.1590551e+02   1.9721063e+02   1.3463197e+02   2.6386303e+02   1.2919710e+02   1.9798866e+02   3.9131808e+02   1.5497017e+02   3.1649864e+02   1.5713094e+02   1.7175137e+02   1.7108278e+02   4.8415590e+02   2.3911705e+02   1.7651011e+02   1.6182615e+02   1.9776668e+02   1.0925350e+02   4.0492263e+02   2.1075490e+02   1.4472927e+02   1.6775743e+02
   9.2272380e+01   6.8210396e+01   7.4910487e+01   3.9248890e+01   6.6980400e+01   8.7890297e+01   1.9511294e+01   9.0237441e+01   5.9934833e+01   5.8902057e+01   4.0971252e+01   4.1954022e+01   3.4950476e+01   1.2128126e+02   6.6674036e+01   4.9875787e+01   6.4058603e+01   7.3612634e+01   2.9346050e+01   2.0864176e+01   6.1146269e+01   1.0036710e+02   2.6775332e+01   2.9431840e+01   8.2600754e+01   1.8051318e+01   1.7773563e+02   5.3927065e+01   4.7804651e+01   1.0334045e+02
   1.3250228e+01   6.7740960e+00   1.2444973e+01   1.0226457e+01   1.0365104e+01   2.2414942e+01   3.9818866e+00   8.0006360e+00   2.0048481e+01   9.4023689e+00   7.4445249e+00   1.5880586e+01   6.3440686e+00   9.7898920e+00   1.5021719e+01   8.9479433e+00   9.4728680e+00   1.7610920e+01   1.2323098e+01   5.9380140e+00   2.3820320e+01   8.8998545e+00   6.0010593e+00   5.5734257e+00   8.5768545e+00   6.0236766e+00   3.5078344e+01   1.2640614e+01   7.6317257e+00   1.1047291e+01
   5.0074888e+00   4.1606265e+00   3.8858047e+00   2.9797289e+00   5.3247747e+00   9.9442430e+00   2.6828274e+00   4.9510638e+00   4.6996567e+00   3.2480512e+00   4.0018992e+00   4.3131856e+00   3.2094761e+00   4.2794620e+00   3.9666884e+00   5.3252269e+00   4.7899173e+00   6.6744713e+00   4.8409455e+00   3.5582809e+00   6.0069648e+00   4.7294827e+00   4.2320989e+00   3.5658648e+00   3.3348658e+00   4.0754336e+00   5.5310640e+00   8.1708373e+00   2.9928394e+00   8.3286952e+00
   3.3586680e+00   3.3838555e+00   2.8473221e+00   2.2787719e+00   3.4820551e+00   3.1697819e+00   1.5525307e+00   3.1475436e+00   4.2402215e+00   1.3871448e+00   3.3645616e+00   2.4153012e+00   2.6069089e+00   3.3837931e+00   3.0800006e+00   3.4344147e+00   2.7137533e+00   1.1114606e+00   3.3387934e+00   3.3763832e+00   2.9029656e+00   3.2356593e+00   3.1146321e+00   3.0718603e+00   2.8238297e+00   3.6527182e+00   2.6328682e+00   1.5268516e+00   1.1484525e+00   1.4662584e+00
   2.4189067e+00   2.6064453e+00   2.3522512e+00   1.9391340e+00   2.5054829e+00   1.3637252e+00   1.3095892e+00   2.8139352e+00   3.7628273e+00   1.0395221e+00   2.7179274e+00   1.4830554e+00   2.1223046e+00   2.1882834e+00   2.5804287e+00   2.6120821e+00   1.8787113e+00   4.7846769e-01   2.6809197e+00   3.0105013e+00   1.5738280e+00   2.5332671e+00   2.5571877e+00   2.6894535e+00   2.5373352e+00   3.2389255e+00   1.0351386e+00   8.4938853e-01   8.6483746e-01   9.9131513e-01
   1.8993740e+00   2.1608836e+00   1.9744095e+00   1.6626305e+00   1.9915287e+00   9.2995985e-01   1.1159036e+00   9.9190579e-01   8.9887360e-01   4.4096375e-01   2.0630882e+00   1.2560972e+00   1.7041427e+00   1.5315322e+00   2.1531926e+00   2.0375147e+00   1.2827329e+00   3.3417810e-01   2.1602244e+00   1.8487984e+00   1.0715760e+00   2.1188723e+00   1.9384187e+00   1.9074948e+00   1.9578820e+00   2.5031829e+00   6.8383359e-01   4.2765122e-01   5.6058820e-01   5.0627807e-01
   9.4701605e-01   1.8972596e+00   1.4567777e+00   1.3499561e+00   1.5102105e+00   7.1032821e-01   6.2872175e-01   2.3523829e-01   4.8281168e-01   1.6371013e-01   1.6252270e+00   7.7438490e-01   7.1675390e-01   1.2310763e+00   1.5101169e+00   1.3884374e+00   9.5847087e-01   2.1217542e-01   8.2058195e-01   9.7669609e-01   8.5241180e-01   1.2408157e+00   1.6236461e+00   5.4034060e-01   8.9829656e-01   6.2531789e-01   1.6546530e-01   3.5841181e-01   3.7069696e-01   3.9249631e-01
   8.1735175e-01   1.3448342e+00   8.5776136e-01   6.5810471e-01   9.6342701e-01   6.1532849e-01   4.7606971e-01   1.9173294e-01   2.4026580e-01   9.7624190e-02   1.1592661e+00   2.9516360e-01   1.9939688e-01   1.0258113e+00   8.3511417e-01   6.9811337e-01   8.2936007e-01   2.0133192e-01   1.6626797e-01   4.9822380e-01   6.9697811e-01   6.2958235e-01   7.1081294e-01   3.9032747e-01   4.3675172e-01   8.1999940e-02   1.4204271e-01   3.2287270e-01   1.9898884e-01   2.2119687e-01
   4.3746729e-01   8.0638978e-01   2.3029547e-01   3.8381605e-01   3.0329478e-01   3.3348194e-01   1.5590639e-01   1.7666805e-01   1.9021675e-01   8.2325050e-02   5.4203536e-01   1.6017648e-01   1.9073163e-01   7.1441324e-01   1.3070543e-01   6.4807079e-01   5.6868218e-01   1.5179560e-01   7.9945080e-02   4.1105782e-01   3.2420079e-01   1.1283554e-01   4.3268194e-01   1.7663358e-01   2.5896407e-01   5.2536650e-02   1.1988895e-01   3.1844978e-01   1.7220693e-01   1.8055220e-01
