   1.2604391e+03   1.5055388e+03   8.2899535e+02   1.5221745e+03   1.3922691e+03   1.1370399e+03   1.5647711e+03   1.2349603e+03   1.4279475e+03   1.3265667e+03   1.4632831e+03   1.5011910e+03   1.4545854e+03   1.2994869e+03   1.2935727e+03   1.4393349e+03   1.3431438e+03   1.2819252e+03   1.4890578e+03   1.2062902e+03   1.1719525e+03   1.2671106e+03   1.3955202e+03   1.2994667e+03   1.2251427e+03   1.3810218e+03   1.3292731e+03   1.3289306e+03   1.1045554e+03   1.3632001e+03
   1.1618870e+03   1.3081703e+03   8.2899535e+02   1.2296275e+03   8.7259098e+02   1.0666414e+03   9.4413359e+02   1.2349603e+03   1.4279475e+03   1.3265667e+03   9.3228534e+02   9.9307070e+02   1.2591609e+03   1.2994869e+03   1.2935727e+03   1.4393349e+03   1.1789772e+03   1.1636819e+03   1.0313034e+03   1.2062902e+03   1.1719525e+03   1.2671106e+03   9.0343995e+02   1.2994667e+03   1.2251427e+03   1.3810218e+03   1.2889231e+03   1.3289306e+03   7.5583420e+02   1.2536880e+03
   7.4376243e+02   1.2144973e+03   8.2899535e+02   1.0632002e+03   8.7259098e+02   9.2204059e+02   7.1788134e+02   1.0566782e+03   1.1721702e+03   1.1926785e+03   9.3228534e+02   7.8209251e+02   1.1953311e+03   7.3365261e+02   8.8982961e+02   8.7951695e+02   9.6641600e+02   1.0333645e+03   7.2186776e+02   1.2062902e+03   1.1719525e+03   1.1732912e+03   9.0343995e+02   1.1776941e+03   1.0456199e+03   9.1049515e+02   9.9704503e+02   8.5442016e+02   7.5583420e+02   1.1725897e+03
   5.3622517e+02   6.1824389e+02   6.4715516e+02   6.0049802e+02   6.8086846e+02   5.0869369e+02   5.0214160e+02   6.8100528e+02   8.1708174e+02   9.6275033e+02   6.1509126e+02   5.1728196e+02   7.3723214e+02   7.3365261e+02   6.6887645e+02   6.9605748e+02   7.7297809e+02   5.7139365e+02   6.3100558e+02   7.7552060e+02   8.5598157e+02   7.4247392e+02   4.9751331e+02   6.0395275e+02   5.2599930e+02   7.4854737e+02   6.5456168e+02   7.8572120e+02   5.9106067e+02   6.5023002e+02
   3.6359126e+02   3.0006929e+02   3.4952041e+02   3.2267038e+02   4.6028332e+02   4.3248358e+02   2.3619622e+02   4.0039236e+02   4.2858350e+02   6.1839710e+02   3.0857672e+02   2.7133496e+02   3.9164570e+02   3.7875215e+02   3.4086178e+02   3.3322346e+02   3.7276192e+02   3.6246145e+02   3.5585068e+02   3.6616348e+02   5.0766600e+02   3.7093927e+02   3.9766140e+02   3.5979575e+02   3.9171826e+02   3.9772152e+02   4.1504783e+02   4.6718436e+02   3.3338906e+02   3.7793939e+02
   2.1461163e+02   2.1578984e+02   2.2415676e+02   2.4064624e+02   2.5866156e+02   2.5352831e+02   1.9912490e+02   2.2453247e+02   2.6364255e+02   2.4361514e+02   1.9398995e+02   2.0130125e+02   2.0666448e+02   2.1335802e+02   2.1170380e+02   2.3110368e+02   2.6752710e+02   2.2631720e+02   2.0716252e+02   2.2606156e+02   2.6116884e+02   2.1756207e+02   2.2632056e+02   2.1753573e+02   2.0993668e+02   2.2022566e+02   2.3389095e+02   2.3411176e+02   1.8683644e+02   2.3809183e+02
   1.5384977e+02   1.4577676e+02   1.5333047e+02   1.5120282e+02   1.7380906e+02   1.6398723e+02   1.4636035e+02   1.5017250e+02   1.6227907e+02   1.6640773e+02   1.5136559e+02   1.3802482e+02   1.4984023e+02   1.4386593e+02   1.4416592e+02   1.5015564e+02   1.5212920e+02   1.6417638e+02   1.4323702e+02   1.5834188e+02   1.6219786e+02   1.4270805e+02   1.4475581e+02   1.2852930e+02   1.5689309e+02   1.5587385e+02   1.6787116e+02   1.3829137e+02   1.1427514e+02   1.4908256e+02
   9.1104691e+01   1.3549844e+02   1.0533009e+02   1.2050638e+02   1.1318285e+02   1.1947442e+02   9.5743899e+01   9.8778295e+01   1.2065112e+02   1.2734167e+02   9.0517841e+01   1.0724666e+02   1.1639504e+02   1.2887066e+02   1.1984515e+02   8.0507923e+01   1.2375199e+02   1.1696700e+02   1.1329527e+02   1.0285652e+02   1.1832482e+02   1.0925608e+02   1.0367351e+02   1.0391604e+02   1.1008282e+02   1.1524272e+02   1.0462248e+02   9.0158008e+01   9.1601598e+01   8.6694471e+01
   6.1856930e+01   8.4716150e+01   8.4750727e+01   9.6402455e+01   8.7748463e+01   1.0069573e+02   6.7058011e+01   8.9127064e+01   9.5767458e+01   8.1431402e+01   8.3276709e+01   6.3919989e+01   8.4832480e+01   1.0285690e+02   8.6051386e+01   8.0507923e+01   8.7244531e+01   8.6634977e+01   7.8004579e+01   8.3281023e+01   9.1739318e+01   8.6697545e+01   6.3731839e+01   6.4202542e+01   7.9893733e+01   8.6589779e+01   8.5961612e+01   6.9941450e+01   6.5338515e+01   8.6694471e+01
   5.8331484e+01   7.1704693e+01   5.3117697e+01   7.0891594e+01   6.7169876e+01   7.2545661e+01   5.8552144e+01   5.4023798e+01   4.9978540e+01   6.5483246e+01   7.4697712e+01   6.0398294e+01   6.1416164e+01   7.6536512e+01   5.6636679e+01   6.6552843e+01   5.7838988e+01   5.2758898e+01   6.2621410e+01   7.0318528e+01   7.3616449e+01   7.5359709e+01   4.8947765e+01   5.7447219e+01   7.3227467e+01   6.8217760e+01   7.5709408e+01   5.9234242e+01   6.5338515e+01   6.4350978e+01
   5.0198687e+01   5.3866455e+01   4.0517315e+01   5.6508554e+01   4.0570662e+01   4.8298957e+01   4.6001368e+01   4.5082760e+01   4.2894440e+01   4.3443452e+01   5.6415339e+01   5.0936490e+01   4.6438256e+01   5.5387400e+01   5.0630817e+01   5.0648052e+01   4.1707969e+01   4.1768122e+01   4.7958605e+01   4.8874551e+01   5.0054956e+01   5.5307103e+01   3.7978370e+01   4.7668409e+01   5.4603032e+01   4.9433104e+01   5.1448012e+01   4.7807330e+01   4.5486290e+01   5.6825900e+01
   3.9797601e+01   3.7901576e+01   3.0785529e+01   3.4390932e+01   3.0000741e+01   3.3497389e+01   3.2949610e+01   3.4747647e+01   3.5351461e+01   2.9198507e+01   3.5234008e+01   3.4099689e+01   3.4150958e+01   3.2612611e+01   4.1825933e+01   3.3563628e+01   3.2248292e+01   3.0966271e+01   3.6162316e+01   3.1964228e+01   3.6422322e+01   3.4870960e+01   2.9847136e+01   3.4535435e+01   2.6602479e+01   3.3649541e+01   3.1923877e+01   3.2911445e+01   3.4173396e+01   3.9706000e+01
   2.7198483e+01   2.6404142e+01   2.3614678e+01   2.5867253e+01   2.4340121e+01   2.5321579e+01   2.6324369e+01   2.3095064e+01   2.6072334e+01   2.4802415e+01   2.6071329e+01   2.6971118e+01   2.5950589e+01   2.8472884e+01   3.0271574e+01   2.7081496e+01   2.4807400e+01   2.3420683e+01   2.6135731e+01   2.5851881e+01   2.5042480e+01   2.6617091e+01   2.4715891e+01   2.6201388e+01   2.4902822e+01   2.5109221e+01   2.7153912e+01   2.4106177e+01   2.6902098e+01   2.8676344e+01
   2.2635642e+01   2.3834417e+01   2.2136888e+01   2.4326606e+01   2.2290044e+01   2.3490461e+01   2.3554519e+01   2.2466789e+01   2.3389344e+01   2.3611010e+01   2.2885200e+01   2.4565072e+01   2.3304687e+01   2.4391293e+01   2.5848273e+01   2.2401867e+01   2.3377857e+01   2.1784627e+01   2.4663836e+01   2.2555954e+01   2.3024716e+01   2.3645456e+01   2.2864246e+01   2.1862411e+01   2.3363185e+01   2.3607172e+01   2.5741353e+01   2.2597963e+01   2.3072037e+01   2.5100592e+01
   2.1704890e+01   2.1860755e+01   2.1370077e+01   2.3009271e+01   2.1724289e+01   2.0877667e+01   2.1874089e+01   2.1017767e+01   2.2683279e+01   2.1369662e+01   2.0758570e+01   2.1003383e+01   2.2294005e+01   2.1985363e+01   2.1740666e+01   2.2049224e+01   2.2225508e+01   2.1403505e+01   2.1974724e+01   2.0941867e+01   2.1142332e+01   2.2425392e+01   2.1872161e+01   2.1414898e+01   2.3156326e+01   2.1826859e+01   2.2547178e+01   2.1127028e+01   2.2312075e+01   2.3454654e+01
   2.1358507e+01   2.0514523e+01   2.0387215e+01   2.0987841e+01   2.0387215e+01   2.0387215e+01   2.0604738e+01   2.1017767e+01   2.0497917e+01   2.0570132e+01   2.0387215e+01   2.0387215e+01   2.0575566e+01   2.0604738e+01   2.0682967e+01   2.0800245e+01   2.0387215e+01   2.0731649e+01   2.0497917e+01   2.0387215e+01   2.0771334e+01   2.0787099e+01   2.0738190e+01   2.0561658e+01   2.1698398e+01   2.0387215e+01   2.0779181e+01   2.0387215e+01   2.0710434e+01   2.1176497e+01
