   5.7319515e+09   5.3251345e+09   1.1945751e+10   1.5796381e+10   1.3411644e+10   9.9905793e+09   5.0008533e+09   2.6016316e+09   8.2168258e+09   3.2422491e+09   1.3356937e+10   5.1307149e+09   5.2173817e+09   9.7398819e+09   1.0003559e+10   9.9294126e+09   4.7393801e+09   1.1527072e+10   6.4846357e+09   7.6819160e+09   8.2019650e+09   6.3236523e+09   7.0073807e+09   1.1340799e+10   7.1456890e+09   1.3314387e+10   1.0733221e+10   7.9977444e+09   9.4762035e+09   6.9697905e+09
   2.4751446e+09   2.6283163e+09   7.5812788e+09   9.6802415e+09   8.3242712e+09   5.4928932e+09   3.9073839e+09   1.6302221e+09   1.8021835e+09   1.1593807e+09   2.2104988e+09   2.5885498e+09   5.2173817e+09   2.7666933e+09   2.6896383e+09   4.7167847e+09   4.7064374e+09   6.0351682e+09   2.8312502e+09   3.5186855e+09   3.5241703e+09   4.3592548e+09   3.3313050e+09   6.9505977e+09   2.3650057e+09   1.8805941e+09   6.6964641e+09   2.2696051e+09   4.3465696e+09   2.7294657e+09
   9.5943137e+08   1.5066117e+09   2.7974621e+09   4.9354600e+09   4.8241992e+09   3.2766254e+09   8.2940835e+08   8.1524819e+08   8.2583855e+08   4.3893426e+08   2.2104988e+09   1.7261354e+09   3.9538319e+09   1.5007475e+09   1.0021546e+09   2.6402751e+09   1.3390760e+09   3.2626931e+09   2.2535662e+09   1.4679278e+09   2.0254499e+09   2.6588704e+09   1.6376957e+09   2.0533124e+09   1.3405932e+09   1.3813285e+09   3.0913232e+09   1.7965212e+09   1.9270818e+09   1.4789375e+09
   1.5290083e+08   4.2263331e+08   1.7491909e+09   4.4742880e+08   3.8586724e+08   2.8693970e+08   1.3323501e+08   4.1161762e+07   1.0248727e+08   6.6110958e+07   3.4120363e+08   2.2207154e+08   1.4785806e+09   3.1188652e+08   1.9262123e+08   1.9965551e+09   2.1208223e+08   1.1295136e+09   4.1388745e+08   9.0984654e+07   6.7583767e+08   2.0815618e+08   1.2153974e+08   9.0409030e+08   3.0064430e+08   4.3302360e+08   1.0424593e+09   1.3659143e+08   2.4426274e+08   1.5539194e+08
   3.9378714e+07   1.0082741e+08   1.6131877e+08   5.7758179e+07   5.5358738e+07   3.1042599e+07   5.4778743e+06   4.5803237e+06   5.0719407e+06   3.4229213e+06   7.1766599e+07   4.0134644e+07   4.5439193e+07   1.0564013e+08   1.0689143e+08   1.8123668e+09   2.4905697e+07   2.7164408e+08   1.3721933e+08   2.0655672e+07   6.1035646e+07   3.7697446e+07   1.1318964e+07   9.5145440e+07   9.7423268e+07   1.2334572e+07   1.7018608e+08   3.4531130e+06   2.3074907e+07   4.0061504e+07
   8.8390739e+06   3.3176726e+06   2.4514310e+06   2.1916171e+07   1.8595079e+06   1.6962305e+06   3.8003625e+04   6.4384329e+05   2.6747294e+05   3.2380929e+05   8.6930628e+06   8.9114861e+06   1.8825222e+06   5.4725511e+06   5.8489034e+07   1.7252429e+09   4.7453582e+06   2.9202801e+06   5.5120577e+07   2.2405297e+05   1.6831660e+07   8.9263657e+05   4.2435943e+05   2.1871608e+06   7.8812399e+07   3.8604318e+05   5.9757167e+07   1.5974139e+05   3.3914286e+05   1.5214995e+07
   8.5839985e+04   1.0445834e+04   5.9602777e+03   2.2131787e+05   2.0245736e+04   6.0318208e+05   4.2471718e+02   9.6073524e+03   1.9788574e+03   2.3593684e+04   1.0704506e+04   4.7079674e+04   9.7647225e+03   5.1594639e+03   2.8607137e+06   1.4408276e+09   3.5015489e+05   5.0399223e+03   3.0931081e+04   1.3250466e+03   2.6918799e+04   2.0660295e+05   5.2913171e+04   3.2177202e+04   1.8857503e+05   4.4767535e+03   4.0562862e+05   1.0404933e+03   9.0787456e+02   8.0977618e+06
   5.7700906e+00   3.1749003e-01   9.1668766e-01   1.7847631e+02   4.1959797e+03   7.7692019e+01   1.6820103e-01   3.0914973e+00   1.1709359e+01   2.0519582e+01   2.3040480e-01   4.9944161e+02   2.3471819e+01   9.7609868e+00   2.3648062e+02   7.9088176e+03   1.9013230e+02   1.3941133e+00   1.1648127e+00   4.7994910e+00   6.1743552e+03   3.4366571e+03   2.0667053e+01   6.0321922e+00   1.2797525e+02   3.4954201e+00   1.0409630e+02   1.2475347e-01   5.9087438e-01   5.8397760e+03
   1.6187000e-04   8.0000000e-08   1.1931380e-02   4.9250000e-05   1.2637306e+01   2.3640000e-04   1.4854000e-04   1.1600000e-06   2.2235527e+00   1.4210000e-05   1.8000000e-07   8.1903000e-04   1.1950000e-05   1.2200000e-06   5.4678000e-04   4.8168100e-02   9.5240000e-05   6.1000000e-07   9.0000000e-07   1.8746300e-03   4.7691172e+00   2.3784710e-02   2.8700000e-06   5.1000000e-07   2.9895000e-04   2.7660000e-05   4.1888000e-04   1.0000000e-08   3.0000000e-08   6.2666042e+01
   0.0000000e+00   0.0000000e+00   0.0000000e+00   0.0000000e+00   1.2300000e-05   0.0000000e+00   0.0000000e+00   0.0000000e+00   1.2300000e-06   0.0000000e+00   0.0000000e+00   0.0000000e+00   0.0000000e+00   0.0000000e+00   1.4000000e-07   6.0000000e-08   0.0000000e+00   0.0000000e+00   0.0000000e+00   0.0000000e+00   0.0000000e+00   0.0000000e+00   0.0000000e+00   0.0000000e+00   0.0000000e+00   0.0000000e+00   0.0000000e+00   0.0000000e+00   0.0000000e+00   2.1000000e-07
   0.0000000e+00   0.0000000e+00   0.0000000e+00   0.0000000e+00   0.0000000e+00   0.0000000e+00   0.0000000e+00   0.0000000e+00   0.0000000e+00   0.0000000e+00   0.0000000e+00   0.0000000e+00   0.0000000e+00   0.0000000e+00   0.0000000e+00   0.0000000e+00   0.0000000e+00   0.0000000e+00   0.0000000e+00   0.0000000e+00   0.0000000e+00   0.0000000e+00   0.0000000e+00   0.0000000e+00   0.0000000e+00   0.0000000e+00   0.0000000e+00   0.0000000e+00   0.0000000e+00   0.0000000e+00
   0.0000000e+00   0.0000000e+00   0.0000000e+00   0.0000000e+00   0.0000000e+00   0.0000000e+00   0.0000000e+00   0.0000000e+00   0.0000000e+00   0.0000000e+00   0.0000000e+00   0.0000000e+00   0.0000000e+00   0.0000000e+00   0.0000000e+00   0.0000000e+00   0.0000000e+00   0.0000000e+00   0.0000000e+00   0.0000000e+00   0.0000000e+00   0.0000000e+00   0.0000000e+00   0.0000000e+00   0.0000000e+00   0.0000000e+00   0.0000000e+00   0.0000000e+00   0.0000000e+00   0.0000000e+00
   0.0000000e+00   0.0000000e+00   0.0000000e+00   0.0000000e+00   0.0000000e+00   0.0000000e+00   0.0000000e+00   0.0000000e+00   0.0000000e+00   0.0000000e+00   0.0000000e+00   0.0000000e+00   0.0000000e+00   0.0000000e+00   0.0000000e+00   0.0000000e+00   0.0000000e+00   0.0000000e+00   0.0000000e+00   0.0000000e+00   0.0000000e+00   0.0000000e+00   0.0000000e+00   0.0000000e+00   0.0000000e+00   0.0000000e+00   0.0000000e+00   0.0000000e+00   0.0000000e+00   0.0000000e+00
   0.0000000e+00   0.0000000e+00   0.0000000e+00   0.0000000e+00   0.0000000e+00   0.0000000e+00   0.0000000e+00   0.0000000e+00   0.0000000e+00   0.0000000e+00   0.0000000e+00   0.0000000e+00   0.0000000e+00   0.0000000e+00   0.0000000e+00   0.0000000e+00   0.0000000e+00   0.0000000e+00   0.0000000e+00   0.0000000e+00   0.0000000e+00   0.0000000e+00   0.0000000e+00   0.0000000e+00   0.0000000e+00   0.0000000e+00   0.0000000e+00   0.0000000e+00   0.0000000e+00   0.0000000e+00
   0.0000000e+00   0.0000000e+00   0.0000000e+00   0.0000000e+00   0.0000000e+00   0.0000000e+00   0.0000000e+00   0.0000000e+00   0.0000000e+00   0.0000000e+00   0.0000000e+00   0.0000000e+00   0.0000000e+00   0.0000000e+00   0.0000000e+00   0.0000000e+00   0.0000000e+00   0.0000000e+00   0.0000000e+00   0.0000000e+00   0.0000000e+00   0.0000000e+00   0.0000000e+00   0.0000000e+00   0.0000000e+00   0.0000000e+00   0.0000000e+00   0.0000000e+00   0.0000000e+00   0.0000000e+00
   0.0000000e+00   0.0000000e+00   0.0000000e+00   0.0000000e+00   0.0000000e+00   0.0000000e+00   0.0000000e+00   0.0000000e+00   0.0000000e+00   0.0000000e+00   0.0000000e+00   0.0000000e+00   0.0000000e+00   0.0000000e+00   0.0000000e+00   0.0000000e+00   0.0000000e+00   0.0000000e+00   0.0000000e+00   0.0000000e+00   0.0000000e+00   0.0000000e+00   0.0000000e+00   0.0000000e+00   0.0000000e+00   0.0000000e+00   0.0000000e+00   0.0000000e+00   0.0000000e+00   0.0000000e+00
