   4.4664305e+06   7.1366427e+07   5.2932519e+06   2.1306853e+07   2.5700056e+07   2.1186532e+07   5.7075462e+07   9.0458965e+06   1.6678199e+07   8.9616816e+06   2.5991544e+06   5.7912060e+06   2.4718034e+07   1.2832858e+07   1.5295039e+07   1.6534671e+07   1.3868695e+07   3.9798492e+07   8.0371821e+06   2.4897221e+07   5.6517416e+06   5.0763851e+07   2.7931759e+07   3.2341717e+07   2.5168301e+07   5.2085499e+07   5.9712286e+06   5.5432269e+07   1.8842570e+07   3.9960868e+07
   4.4664305e+06   1.9523791e+06   5.2932519e+06   2.1306853e+07   2.5700056e+07   2.1186532e+07   2.9375620e+07   4.2817342e+06   1.6678199e+07   4.0728396e+06   2.5991544e+06   5.7912060e+06   2.1804751e+07   1.1459487e+07   1.5295039e+07   1.4164156e+07   1.3868695e+07   9.6450933e+06   8.0371821e+06   2.4897221e+07   5.6517416e+06   3.2602338e+07   2.7931759e+07   3.2341717e+07   2.3350841e+07   1.3299141e+06   3.6392012e+06   1.8597896e+07   8.6114465e+06   3.9960868e+07
   4.4664305e+06   1.9523791e+06   5.2562686e+06   2.5102877e+06   1.3353671e+07   3.3607922e+06   1.4675263e+07   4.2817342e+06   1.6678199e+07   4.0728396e+06   2.5991544e+06   5.7912060e+06   2.1804751e+07   1.1459487e+07   1.5295039e+07   6.3164104e+06   1.3868695e+07   8.9518904e+06   8.0371821e+06   1.6362129e+07   5.6517416e+06   1.3547034e+07   2.7931759e+07   6.0988399e+06   2.3350841e+07   1.3299141e+06   3.6392012e+06   1.8597896e+07   9.5930142e+05   1.5896305e+07
   4.0904158e+06   1.9523791e+06   2.5467761e+06   2.5102877e+06   5.9172373e+06   3.3607922e+06   6.4933483e+06   4.2817342e+06   7.6176149e+06   2.2094049e+06   2.5991544e+06   1.5960598e+06   5.0922934e+06   1.8731698e+06   8.7738048e+06   6.3164104e+06   4.9736324e+06   9.6927070e+05   5.8808567e+06   2.0720135e+06   1.2343669e+06   6.9566624e+05   3.2013696e+06   4.4514198e+06   2.5602785e+06   1.3299141e+06   3.6392012e+06   4.4376728e+06   9.5930142e+05   2.4778953e+06
   2.1481686e+06   1.5885644e+06   1.5228553e+06   7.2014766e+04   1.0932121e+06   1.1778611e+06   1.6944603e+06   7.6675990e+05   3.5749944e+05   8.6018882e+05   7.0309337e+05   5.3321548e+05   3.3655623e+06   4.3583192e+05   1.7425754e+06   4.7331904e+06   8.9490852e+05   7.6625297e+05   2.2392113e+06   8.1826677e+05   7.8184521e+05   2.6838881e+05   9.4993081e+05   1.1649815e+06   2.5602785e+06   4.5485960e+05   1.5295795e+06   9.6344234e+05   3.2860808e+05   1.9850874e+06
   7.6673139e+04   3.8953456e+05   6.7329656e+05   1.1257225e+04   2.2520463e+05   2.4975654e+05   1.6147976e+05   1.9612592e+05   1.3747784e+05   3.1670164e+05   8.5521205e+04   1.8410853e+05   1.3543326e+05   4.3583192e+05   6.3336559e+05   1.2862623e+06   1.2203796e+05   1.1566450e+05   7.6398142e+05   2.1284267e+05   4.7934930e+05   1.1805419e+05   8.6314201e+04   3.2173973e+05   9.1422999e+05   1.9091270e+05   5.3343988e+05   8.8615171e+04   7.5649938e+04   6.0114664e+05
   2.2298178e+04   8.4759337e+04   9.4133581e+04   2.9081623e+03   9.7710011e+03   1.1873952e+05   4.2213034e+04   6.9993683e+04   7.4554556e+04   2.7981384e+04   8.2182835e+03   1.1085577e+05   2.4798522e+04   4.5427757e+04   1.7025283e+05   1.9270397e+05   7.7522161e+04   6.6787314e+04   1.8384139e+05   3.0113658e+04   7.2942710e+04   5.4233044e+04   2.9756726e+04   8.0749740e+04   1.3633898e+05   6.0357412e+04   5.4765474e+04   2.8935060e+04   1.1482787e+04   2.8616871e+05
   4.4394431e+03   3.6999422e+04   2.5229436e+04   1.8900362e+03   4.6502306e+03   2.3928258e+04   1.1927082e+04   1.3903065e+04   1.8751544e+04   2.6895295e+04   5.0895547e+03   1.2107137e+04   9.3265067e+03   1.4031441e+04   4.9380486e+04   2.5051651e+04   1.6344932e+04   8.4579563e+03   4.2351843e+04   4.8004608e+03   1.0588348e+04   2.9261120e+04   2.3672537e+04   1.6968944e+04   6.7486333e+04   3.2998674e+04   9.9026716e+03   5.7782308e+03   5.1249138e+03   1.6387808e+05
   1.4582527e+03   1.8408671e+04   6.6784258e+03   1.3583290e+03   6.4423455e+02   5.3453848e+03   8.1403155e+03   4.8598803e+03   8.4936567e+03   6.9418791e+03   3.8596004e+03   4.3844797e+03   3.3701613e+03   8.5442384e+03   2.1230571e+04   6.8646939e+03   3.0366082e+03   1.2701260e+03   1.4383414e+04   3.1531929e+03   2.1299730e+03   9.6052443e+03   1.9480759e+04   8.1425213e+03   2.7720544e+04   1.0510214e+04   7.2576436e+03   5.0365065e+03   4.8691983e+03   9.0915729e+04
   7.2985175e+02   2.6621529e+03   3.1232729e+03   1.1728492e+03   5.4072734e+02   1.9821765e+03   6.0432283e+03   2.9969689e+03   2.0104824e+03   2.5399840e+03   3.7028088e+03   2.0970166e+03   2.4316117e+03   1.4070205e+03   3.7774525e+03   3.2954928e+03   1.1105755e+03   7.5073492e+02   1.8799997e+03   2.7585935e+03   1.6747500e+03   2.9292700e+03   1.3224391e+03   2.2931459e+03   1.1952180e+04   1.7606987e+03   5.0602233e+03   3.3668047e+03   3.4228645e+03   3.0497812e+03
   2.2048498e+02   1.0826641e+03   1.3461721e+03   7.0469400e+02   4.9888534e+02   4.4972885e+02   1.0288125e+03   1.2437618e+03   4.8428674e+02   1.0076931e+03   6.8120804e+02   1.2068779e+03   1.1078956e+03   7.4958117e+02   9.0056113e+02   7.7415867e+02   7.1749105e+02   4.0286241e+02   9.5230853e+02   6.8046091e+02   9.8009486e+02   1.2285244e+03   8.0043264e+02   7.6971012e+02   8.2400877e+02   5.3598182e+02   6.9418257e+02   1.0025182e+03   1.2247327e+03   8.5045257e+02
   1.2406411e+02   4.5470895e+02   2.5632230e+02   6.4440067e+02   1.8651777e+02   3.2890642e+02   4.9336421e+02   2.2958222e+02   3.2293109e+02   4.4249130e+02   2.9046530e+02   5.6392366e+02   4.8487721e+02   2.8440842e+02   3.1589746e+02   3.5027064e+02   4.4175041e+02   1.5532651e+02   3.9574252e+02   3.3893770e+02   3.5215449e+02   4.1862298e+02   3.1741804e+02   3.7328114e+02   5.1784734e+02   1.5459905e+02   4.8362820e+02   2.0153037e+02   4.4832627e+02   3.8631176e+02
   4.1515366e+01   2.4955731e+02   1.2515410e+02   3.3056160e+02   1.7821268e+02   2.7397577e+02   2.4145590e+02   8.5210097e+01   1.9142733e+02   1.4532670e+02   1.5715707e+02   1.4944646e+02   2.0716099e+02   2.3485284e+02   3.0124073e+02   2.5874853e+02   1.1566611e+02   6.6849632e+01   1.1223171e+02   2.5970222e+02   1.8920086e+02   2.4935236e+02   2.1559624e+02   2.2489451e+02   2.1519477e+02   1.3709482e+02   1.8524436e+02   1.8337364e+02   2.0375725e+02   2.9092976e+02
   3.7050097e+00   2.4261990e+02   7.7048372e+01   1.3538183e+02   8.9653618e+01   1.5595667e+02   1.8305568e+02   6.1300659e+01   1.3378960e+02   1.1828846e+02   1.2337246e+02   1.2554707e+02   1.7322521e+02   1.0210958e+02   1.9240426e+02   1.7224676e+02   9.4957068e+01   4.4251041e+01   8.5447546e+01   1.3726640e+02   1.5581996e+02   1.4733120e+02   1.1505600e+02   1.7731266e+02   1.5240892e+02   8.2566048e+01   8.5998398e+01   8.2588392e+01   1.5742749e+02   1.6019271e+02
   1.1082683e+00   8.5270166e+01   5.8777914e+01   1.1602205e+02   4.0262087e+01   3.8448740e+01   7.6050281e+01   1.0388971e+01   5.1160954e+01   8.6945737e+01   7.6028088e+01   9.0194229e+00   6.1665069e+01   1.0446707e+01   1.3625386e+02   4.2400974e+01   3.6038836e+01   3.0442016e+01   7.0865961e+01   5.0213149e+01   8.3482388e+01   4.9868092e+01   8.5337972e+01   1.0812829e+02   5.2052205e+01   1.5743540e+01   6.4591111e+01   7.0835941e+01   4.3653039e+01   7.4034293e+01
   9.0115191e-01   6.4741704e+01   2.6334418e+01   4.7449484e+01   1.2633300e+00   1.7117860e+01   8.8865180e-01   4.6634401e+00   2.6815466e+01   3.1789790e+01   2.8574372e+01   9.3129873e-01   9.4733916e+00   9.5158347e+00   2.1082730e+01   1.2138957e+01   9.3186564e+00   5.3917568e+00   4.8419600e+01   6.1952518e+00   7.0009285e+01   3.7577757e+01   3.3939107e+01   1.7061534e+01   2.5679891e+01   1.3320310e+01   3.4522379e+01   4.8074057e+01   1.0812782e+01   5.5891424e+01
