   5.6730305e+06   3.0389242e+06   9.2100671e+05   4.9170124e+06   7.5442704e+06   1.0003169e+07   3.7123576e+06   9.9719706e+06   3.1519797e+06   6.1999399e+06   1.0218609e+07   1.1962347e+07   3.0136688e+06   8.6424131e+05   4.7538621e+06   7.9686632e+05   7.5481682e+06   4.3749793e+06   3.0738330e+06   5.8637072e+06   1.6597122e+06   6.7504514e+06   1.1912641e+07   2.5905636e+06   1.6646793e+06   6.8869928e+06   2.5440439e+06   7.1276483e+06   1.7235931e+07   6.1917238e+06
   8.8503207e+05   3.0389242e+06   9.2100671e+05   2.4631844e+06   5.4171221e+06   2.3669359e+06   3.7123576e+06   3.1741955e+06   1.0159047e+06   5.7086343e+06   5.3550970e+06   3.0185783e+06   3.0136688e+06   8.6424131e+05   4.7538621e+06   7.9686632e+05   5.1032029e+06   2.6108719e+06   1.5623826e+06   5.3669434e+06   1.6597122e+06   4.7016077e+06   2.4309637e+06   1.4253532e+06   1.6646793e+06   1.3423902e+06   1.8398830e+06   2.2856959e+06   4.6232851e+06   6.1917238e+06
   8.8503207e+05   2.1199643e+06   9.2100671e+05   2.2013719e+06   2.0834294e+06   1.3536890e+06   3.2552467e+06   2.6451971e+06   1.0159047e+06   1.8559607e+06   2.3557264e+05   5.2700442e+05   2.1806216e+06   8.6424131e+05   1.5231257e+06   6.7955699e+05   2.6297772e+06   1.6301015e+06   1.5623826e+06   1.6497647e+06   1.6597122e+06   2.2401879e+06   1.1407846e+06   1.4253532e+06   1.6646793e+06   6.7613217e+05   1.8398830e+06   1.3897654e+06   2.6937628e+06   6.1917238e+06
   8.8503207e+05   3.5762182e+05   7.6864846e+05   2.9885222e+05   4.3244533e+05   1.8107578e+05   5.0626148e+05   8.2985373e+04   1.8863834e+05   3.2173601e+05   1.8417267e+05   2.7252657e+05   1.9706791e+05   1.9338671e+05   1.7865364e+05   6.5468227e+05   7.3177965e+05   2.7127363e+05   3.9549825e+05   5.5088061e+05   3.8009458e+05   3.6358206e+05   8.2781665e+05   5.7284284e+05   2.0443440e+05   5.3389057e+05   5.8718837e+04   6.4392336e+05   7.0391795e+05   1.9323029e+05
   1.2086321e+05   1.6569085e+05   5.9883320e+04   6.7968064e+04   7.0049285e+04   6.6266268e+02   4.8022210e+04   8.2985373e+04   1.0553721e+04   6.4242334e+04   6.8954741e+03   2.9066045e+04   8.1550311e+04   6.1099385e+03   5.4476346e+04   2.4134357e+04   9.3429205e+04   7.4267183e+03   6.6172111e+04   2.1666796e+04   5.5495307e+04   2.4450956e+04   4.3869050e+04   8.3797573e+03   1.4059974e+04   2.0460059e+05   1.7583637e+04   8.5290384e+04   5.9728809e+04   3.5484348e+04
   6.0927790e+03   1.8831006e+03   9.5460601e+02   1.6618844e+03   2.6842099e+03   5.0513173e+01   3.4185819e+02   3.0590804e+02   1.9605415e+02   3.8930754e+03   3.5423220e+02   2.0704304e+02   1.9799127e+03   5.8467624e+02   4.9355092e+02   2.9213668e+02   1.8072148e+04   3.3834861e+02   1.8143109e+03   3.3554181e+03   2.3406122e+02   2.2387352e+02   3.0410510e+03   1.8890485e+02   8.2415858e+02   3.3467859e+03   1.6989864e+03   2.4654087e+03   4.6336050e+03   1.4584503e+03
   4.7071063e+01   8.0412608e+01   3.7419110e+01   5.2230863e+01   7.7777519e+01   1.5790852e+01   2.0954000e+01   2.4271824e+01   1.8662396e+01   4.8791910e+01   2.7193175e+01   2.3509812e+01   2.2883049e+01   1.8702035e+01   5.5406327e+01   2.2629479e+01   1.2533772e+02   1.9351585e+01   3.8384132e+01   6.8301412e+01   1.5174777e+01   2.1506826e+01   4.5552199e+01   1.9664345e+01   1.7661559e+01   3.0317467e+01   3.0922930e+01   9.1354655e+01   4.9366857e+01   2.0345972e+01
   1.2984670e+01   1.7222908e+01   1.1409381e+01   1.8878932e+01   1.4363540e+01   1.1463877e+01   7.6936299e+00   1.2304326e+01   1.0183627e+01   1.2537894e+01   1.4266141e+01   1.1680172e+01   9.2587468e+00   9.7264397e+00   1.3680278e+01   1.3597899e+01   2.0775910e+01   1.1436425e+01   1.1310912e+01   1.1809650e+01   6.9720341e+00   1.0529172e+01   1.0449412e+01   1.2411679e+01   9.3845924e+00   1.3157815e+01   1.0398948e+01   1.4814743e+01   1.5430282e+01   7.3001311e+00
   6.6848767e+00   1.1350517e+01   7.6516190e+00   1.2458989e+01   8.5746443e+00   8.7759230e+00   5.8074256e+00   9.3730462e+00   8.4173814e+00   7.2897636e+00   7.9678059e+00   8.3975140e+00   8.8527043e+00   7.5531287e+00   1.1448209e+01   8.6688786e+00   9.5681719e+00   7.8976294e+00   7.8950503e+00   8.2468391e+00   5.7511187e+00   7.9485919e+00   7.7606977e+00   5.4184098e+00   5.7122380e+00   9.0720445e+00   6.9386696e+00   9.2180137e+00   7.6331516e+00   6.1777535e+00
   5.4142759e+00   8.5378414e+00   5.6167160e+00   9.2955928e+00   5.7900560e+00   5.3353402e+00   4.5041350e+00   8.0768431e+00   5.5030104e+00   5.4101089e+00   6.2050180e+00   6.0481416e+00   6.1270837e+00   5.5174742e+00   8.1374697e+00   7.7844470e+00   5.7025023e+00   6.2548847e+00   4.7361328e+00   5.7349695e+00   4.2801755e+00   4.3774286e+00   5.7742445e+00   5.4184098e+00   5.6551076e+00   5.7446805e+00   5.4377237e+00   5.8083772e+00   5.7426268e+00   5.2800049e+00
   4.5514943e+00   5.7036187e+00   3.8432509e+00   7.6967299e+00   3.2903883e+00   4.3463807e+00   3.7499554e+00   6.2926307e+00   4.5111816e+00   5.1064222e+00   4.5362111e+00   4.3888752e+00   3.8014650e+00   4.9328494e+00   6.3233171e+00   3.9775469e+00   4.8100096e+00   5.4427340e+00   4.7361328e+00   3.9370997e+00   4.1604176e+00   3.6452772e+00   4.2004266e+00   4.6908663e+00   4.1943247e+00   4.5895765e+00   3.3557280e+00   4.1203141e+00   4.8375071e+00   4.4154400e+00
   3.3769444e+00   5.0784128e+00   2.5241929e+00   5.9214661e+00   2.9445616e+00   3.8212269e+00   3.1761212e+00   3.7394855e+00   3.5845271e+00   4.7404502e+00   3.2802915e+00   3.5673196e+00   3.8014650e+00   3.0766700e+00   3.7469241e+00   3.1592366e+00   3.9014548e+00   4.6637908e+00   3.4500639e+00   2.6583162e+00   3.2218054e+00   3.2438091e+00   3.1688747e+00   3.5497045e+00   4.1943247e+00   4.1634873e+00   3.0553070e+00   3.0078863e+00   4.1193998e+00   3.4928143e+00
   2.3120362e+00   3.6132623e+00   1.7527633e+00   4.3123801e+00   2.3678604e+00   2.0998520e+00   2.3095215e+00   2.9230857e+00   2.0611720e+00   3.6551066e+00   2.4008478e+00   2.8120771e+00   3.4434468e+00   2.4736094e+00   3.0778778e+00   2.3146128e+00   2.9832744e+00   3.3170546e+00   2.1406984e+00   2.3113407e+00   1.9592277e+00   2.3715763e+00   1.8966253e+00   1.5927588e+00   2.3827060e+00   2.3619894e+00   2.0385554e+00   2.4342138e+00   2.6090895e+00   2.4441281e+00
   1.8774675e+00   2.9805240e+00   1.6484583e+00   3.2014222e+00   1.3427394e+00   1.9698800e+00   1.5698830e+00   2.3820607e+00   1.6475546e+00   2.5139474e+00   2.1122645e+00   1.9441010e+00   2.6995376e+00   1.6221595e+00   1.6082052e+00   1.7142754e+00   1.8516506e+00   2.4549279e+00   1.8765630e+00   1.6308528e+00   1.7242328e+00   1.8359807e+00   1.5466791e+00   1.4954390e+00   2.1251177e+00   1.5182522e+00   1.8425529e+00   1.7237981e+00   2.1169024e+00   2.0911479e+00
   1.7050762e+00   1.4021883e+00   1.2129489e+00   2.9108281e+00   1.0165900e+00   1.7633536e+00   1.4319173e+00   1.5350917e+00   1.5549542e+00   1.7042894e+00   1.4697717e+00   1.4890731e+00   1.9272313e+00   1.2610665e+00   9.9255611e-01   1.3142391e+00   1.4099207e+00   2.2534650e+00   1.7309254e+00   1.3833994e+00   1.5067150e+00   1.5144673e+00   1.4241018e+00   1.1710792e+00   1.7260576e+00   1.4527741e+00   1.3950819e+00   1.3961433e+00   1.5829255e+00   1.6500627e+00
   1.2569693e+00   1.1396365e+00   1.0861155e+00   1.9851246e+00   1.0020114e+00   1.2082580e+00   1.2131870e+00   1.2386508e+00   1.4674035e+00   1.5922587e+00   1.2814422e+00   1.1674586e+00   1.3770659e+00   1.1653678e+00   9.3684914e-01   1.0253652e+00   1.1527291e+00   1.5964039e+00   1.1466524e+00   1.1383346e+00   1.1675678e+00   1.1006148e+00   1.1481607e+00   1.1380842e+00   1.4201481e+00   1.3037767e+00   1.0329498e+00   1.0695217e+00   1.2274932e+00   1.1476082e+00
