   6.4702127e+07   4.4626772e+06   3.0627414e+07   1.4141135e+08   5.2712516e+07   3.4151100e+07   3.2002088e+07   1.5772220e+07   1.7768173e+07   3.2019449e+07   6.1835238e+06   7.8810238e+07   2.1278152e+07   5.2075044e+07   5.4050743e+07   2.2465491e+07   1.6655144e+07   3.1152049e+07   8.7617359e+06   7.6339569e+07   3.4013072e+07   3.8212260e+07   4.3092262e+07   7.6833886e+06   5.7230333e+07   1.6234066e+07   1.6746835e+07   2.7596439e+07   2.6962123e+07   9.2314921e+07
   6.4702127e+07   4.4626772e+06   1.5333527e+07   7.5455939e+07   5.2712516e+07   1.2899111e+07   2.7197223e+07   1.5772220e+07   1.7768173e+07   3.2019449e+07   6.1835238e+06   3.1165193e+07   2.1278152e+07   2.6531250e+07   2.2098131e+07   1.2285561e+07   1.6655144e+07   1.5638158e+07   8.7617359e+06   7.6339569e+07   5.7220976e+06   1.5993175e+06   4.3092262e+07   7.6833886e+06   5.4052504e+07   1.6234066e+07   1.4177838e+07   2.7596439e+07   2.6962123e+07   2.3334239e+07
   2.8623336e+07   4.4626772e+06   1.5333527e+07   5.8201275e+06   1.6140754e+07   1.2899111e+07   1.7273434e+07   1.5772220e+07   1.7768173e+07   1.0955385e+07   6.1835238e+06   9.9501251e+06   1.7720235e+07   8.6136934e+06   1.0200051e+07   1.2285561e+07   3.1374574e+06   8.2448397e+06   8.7617359e+06   3.6775904e+07   5.7220976e+06   1.5993175e+06   9.7143102e+06   7.6833886e+06   9.1453938e+06   1.1862132e+07   4.6390637e+06   1.2623930e+07   1.1859752e+07   2.8127634e+06
   4.5108002e+06   2.1039723e+06   4.7185049e+06   1.6894474e+06   4.2293397e+06   3.9989534e+06   4.3782154e+06   1.9780352e+06   2.4055713e+06   3.5395037e+06   1.5167049e+06   9.9501251e+06   8.1633178e+06   2.7235990e+06   7.6928187e+06   1.5325596e+06   3.1374574e+06   5.1507045e+06   3.4215344e+06   1.2405929e+07   1.6487698e+06   1.5993175e+06   3.3869815e+06   5.4785910e+06   4.1895989e+06   2.8584231e+06   1.7071517e+06   3.5394524e+06   1.1859752e+07   2.4520515e+06
   9.4155632e+05   9.2466919e+05   2.5453515e+06   3.0874237e+05   1.9698805e+06   1.5146559e+06   1.0706880e+06   1.6000319e+06   5.2545005e+05   5.5681859e+05   8.4169727e+05   1.5720980e+06   5.0333102e+06   6.1917058e+05   1.5267386e+06   6.6067670e+05   1.4268119e+06   1.0527308e+06   7.0155121e+05   3.4320659e+06   2.5803752e+05   1.0715529e+06   1.4745130e+06   6.1311469e+05   8.0750257e+05   1.3141827e+06   7.2466875e+05   3.5265236e+06   9.5221758e+05   5.8033311e+05
   1.4591089e+05   5.3685729e+05   1.0931042e+06   7.7136034e+04   4.0951013e+05   7.4772164e+05   1.3261385e+05   2.2337969e+05   7.8378249e+04   3.8870803e+05   3.0721098e+04   1.4787240e+05   6.5343394e+05   1.9828501e+05   7.3089542e+05   4.4920111e+05   6.3335555e+05   1.1210373e+05   3.2388187e+05   4.4833956e+05   8.8038982e+04   3.7855085e+05   3.4519310e+05   1.8375574e+05   3.0283008e+05   1.2133187e+05   1.5750373e+05   1.3513973e+06   6.8473577e+05   1.5638723e+05
   5.4787903e+04   1.3162997e+05   5.6600692e+05   5.8051514e+04   7.0847513e+04   3.9377928e+05   1.5998055e+04   6.2541389e+04   2.5089234e+04   8.2637401e+04   1.1873805e+04   2.3362951e+04   3.1541483e+05   1.2184805e+05   1.5577119e+05   3.1083701e+05   3.8166769e+04   9.8543909e+03   1.9652025e+05   1.6542414e+05   7.3926326e+04   3.1827423e+05   2.2891754e+05   9.6671226e+04   4.9482990e+04   4.5677921e+04   6.1435189e+04   3.7582564e+05   1.6506287e+05   3.0181986e+04
   3.4670871e+04   1.6187680e+04   4.4807607e+04   4.1765444e+04   5.0654922e+04   2.5035787e+05   2.3163397e+03   1.4995608e+04   4.2590261e+03   3.4118346e+04   5.3890765e+03   7.1683986e+03   3.1700265e+04   9.3429436e+04   1.3936296e+04   1.0382759e+05   8.0585761e+03   4.1729483e+03   1.5230161e+04   2.8382180e+04   5.4381274e+04   1.8685043e+05   5.7030140e+04   3.5829437e+04   2.2552093e+04   3.4145877e+04   2.9728293e+04   5.7936988e+04   9.0912741e+03   2.7117918e+04
   3.6015153e+03   6.7836982e+03   2.8045998e+03   3.6814784e+04   5.5413014e+03   4.6928231e+04   1.4771069e+03   8.3765394e+03   2.7440891e+03   4.6627521e+03   2.5405032e+03   2.1401017e+03   1.1352646e+04   1.2958072e+04   2.2710594e+03   5.9647795e+04   3.5489035e+03   1.9041667e+03   1.1276747e+04   6.0005133e+03   3.8433708e+04   1.0311396e+05   1.2681664e+04   2.2293416e+04   6.0786835e+03   1.6052818e+04   1.2834758e+04   1.1074214e+04   3.3048629e+03   9.6261242e+03
   3.4963439e+03   2.2883728e+03   1.1420517e+03   2.0827468e+03   7.8912926e+02   4.7649743e+03   1.1891726e+03   6.0423566e+03   2.5770882e+03   1.4918862e+03   2.0234769e+03   1.0178115e+03   2.9308736e+03   4.2145661e+03   7.2254734e+02   8.2808284e+03   2.3316190e+03   1.3268897e+03   9.1718421e+03   3.0204797e+03   4.1955572e+03   4.3929517e+03   4.1635632e+03   4.0235701e+03   4.5040836e+03   2.8009924e+03   7.3096330e+03   1.8795506e+03   1.8077324e+03   2.4294017e+03
   1.0392511e+03   9.6920270e+02   7.2218133e+02   9.7137228e+02   3.7659382e+02   1.0113872e+03   5.4732107e+02   9.7380135e+02   1.5438045e+03   9.1722485e+02   9.5585764e+02   7.7122586e+02   6.2724724e+02   8.8736509e+02   4.9751496e+02   1.3936002e+03   1.2401911e+03   1.2116354e+03   1.0046091e+03   9.5005241e+02   8.0629088e+02   9.4089543e+02   1.5078690e+03   1.2607059e+03   1.3847487e+03   9.7783237e+02   2.2491209e+03   1.1525054e+03   9.2155201e+02   8.0993809e+02
   5.9068657e+02   6.8852968e+02   2.9611336e+02   6.0205099e+02   2.6975306e+02   7.6025555e+02   2.3123835e+02   4.6533972e+02   6.5736940e+02   5.1984274e+02   3.2616098e+02   3.8316306e+02   4.4046868e+02   5.7501038e+02   2.0581044e+02   5.2509969e+02   6.3729358e+02   5.0526601e+02   3.4696422e+02   5.2185779e+02   4.3601594e+02   3.5071552e+02   7.3764990e+02   8.4565663e+02   8.5555298e+02   7.8502744e+02   5.8576264e+02   3.0078804e+02   2.0890941e+02   4.4464450e+02
   1.3513414e+02   3.3179946e+02   2.0653266e+02   4.1421389e+02   1.0776632e+02   4.8458266e+02   2.2140599e+02   2.0832172e+02   3.1320626e+02   3.8980054e+02   1.6176471e+02   1.9388870e+02   2.7320519e+02   3.4400971e+02   1.4927415e+02   2.4085149e+02   2.8054265e+02   2.5995826e+02   9.4783391e+01   3.4195498e+02   3.5757345e+02   1.6651896e+02   2.6981150e+02   2.9042073e+02   4.1311909e+02   4.8701518e+02   3.2680870e+02   1.9123775e+02   1.2855382e+02   1.1437807e+02
   1.0597757e+02   2.3374164e+02   9.4622015e+01   2.0780215e+02   9.2889243e+01   1.6109154e+02   1.8978259e+02   1.4490121e+02   2.2504056e+02   1.8183318e+02   1.5289524e+02   1.4009804e+02   1.2974616e+02   1.9232232e+02   8.3411952e+01   9.5107185e+01   1.6707737e+02   1.8631975e+02   8.2658946e+01   1.5944595e+02   2.7072283e+02   7.7870397e+01   1.6733571e+02   7.9648367e+01   2.1932842e+02   3.9031692e+02   2.6572358e+02   6.0262340e+01   5.0253373e+01   9.4114843e+01
   8.1346793e+01   1.8005515e+02   5.9318014e+01   1.5682610e+02   3.9456393e+01   4.6991720e+01   7.7378612e+01   1.4339870e+02   1.9765221e+02   1.1832583e+02   9.2637268e+01   1.2467108e+02   9.8226665e+01   6.2814247e+01   1.8274231e+01   5.9050686e+01   8.9861760e+01   1.7638236e+02   2.6860986e+01   1.5536683e+02   2.2384575e+02   3.8920000e+01   1.3074931e+02   2.5541792e+01   1.4160007e+02   2.7018007e+02   3.3721243e+01   3.9652702e+01   4.0043447e+01   8.3225955e+01
   1.0327996e+00   3.8336078e+01   2.5492317e+01   5.4215403e+01   2.0839348e+01   4.3441417e+01   5.5769277e+01   8.0877936e+01   7.7141323e+01   2.3399817e+01   8.1341990e+01   6.4964501e+01   5.0164541e+01   1.7792270e+01   1.7775617e+01   3.3419997e+01   3.1416543e+01   4.0531331e+01   5.7069103e+00   1.5505787e+02   1.3721743e+02   8.0642610e+00   5.7623526e+01   7.1598463e+00   1.1074587e+02   8.4838986e+01   1.0575956e+01   1.6819594e+01   7.4133942e+00   5.0869874e+01
