   4.3590933e+02   6.2279495e+02   4.7019732e+02   2.1481262e+02   2.7537019e+02   2.7317683e+02   4.2865742e+02   2.5356199e+02   4.0611083e+02   4.2089828e+02   3.9667638e+02   2.9907823e+02   2.7510713e+02   3.7704408e+02   3.5755807e+02   2.3596481e+02   2.4934749e+02   2.8154808e+02   5.1171770e+02   5.0765338e+02   3.8559488e+02   4.1433592e+02   3.9427872e+02   4.4270665e+02   3.2367976e+02   3.4368714e+02   4.0409369e+02   2.4164091e+02   2.0514040e+02   4.9056696e+02
   2.2675473e+02   3.6467477e+02   2.5934360e+02   2.0457486e+02   1.7162262e+02   2.6671417e+02   2.1608533e+02   2.5269841e+02   2.7309539e+02   2.0289272e+02   2.9902556e+02   2.6075808e+02   1.7216648e+02   3.2529711e+02   2.1657824e+02   1.3028588e+02   1.6912301e+02   1.5543376e+02   2.7216876e+02   2.1830943e+02   2.1580569e+02   2.7667254e+02   8.7114948e+01   2.0616474e+02   1.4942428e+02   1.1172070e+02   2.8458062e+02   1.2093974e+02   1.6135403e+02   1.0538857e+02
   1.2962944e+02   1.7499876e+02   1.5712722e+02   1.0684765e+02   8.5625744e+01   1.3134284e+02   1.3269174e+02   1.0926772e+02   1.1122868e+02   1.3103281e+02   2.2942916e+02   1.0717432e+02   1.1072973e+02   1.9237914e+02   9.8403740e+01   8.3406049e+01   1.3422624e+02   9.9617775e+01   1.0949572e+02   1.2299821e+02   1.0290238e+02   1.2483716e+02   6.5105031e+01   1.2229064e+02   5.9940181e+01   1.0440077e+02   1.5254580e+02   9.0505977e+01   1.3663146e+02   6.9970448e+01
   8.5839777e+01   1.0518389e+02   1.0058849e+02   6.7836720e+01   6.2115818e+01   1.0170920e+02   7.4421336e+01   7.0599955e+01   7.8017374e+01   7.4468329e+01   9.5623225e+01   5.3053400e+01   5.4875209e+01   7.3342201e+01   6.3991232e+01   5.1804921e+01   6.8360857e+01   6.8007635e+01   5.8742317e+01   7.0607407e+01   7.2844701e+01   8.8609557e+01   4.2220953e+01   8.5796190e+01   2.5398316e+01   8.4817177e+01   9.3556104e+01   6.0666931e+01   7.8866236e+01   3.2383996e+01
   3.2946704e+01   6.9739913e+01   4.8762862e+01   1.8131529e+01   4.6214005e+01   6.0852811e+01   6.4894749e+01   2.3521925e+01   4.1106840e+01   4.1449532e+01   5.2522793e+01   1.5362766e+01   2.5359582e+01   2.3087182e+01   1.6727901e+01   1.5960711e+01   2.7714518e+01   5.6151520e+01   1.9872124e+01   2.8822415e+01   5.9069906e+01   2.8231470e+01   1.8689772e+01   2.3018238e+01   1.2016071e+01   3.4240345e+01   4.2825925e+01   5.6172983e+01   2.8525307e+01   1.5124904e+01
   9.9868660e+00   1.4415594e+01   1.5410086e+01   8.2513997e+00   1.3286737e+01   4.6288148e+01   6.3157530e+01   1.3901311e+01   1.2527902e+01   9.3398013e+00   2.3246107e+01   2.8706579e+00   9.9867328e+00   1.1250013e+01   4.4018509e+00   4.6650768e+00   8.4240875e+00   5.4280098e+01   3.2108232e+00   1.1784656e+01   5.5417495e+01   8.7993851e+00   4.4171366e+00   6.5144152e+00   2.4383152e+00   1.0120309e+01   1.0242859e+01   1.8539426e+01   8.3002961e+00   5.2466055e+00
   5.7491812e-01   7.2271510e-01   5.6526427e-01   9.1152790e-02   2.9095457e+00   1.8901704e+00   6.1423120e+01   1.1034861e+01   1.9623739e-01   2.9321243e-01   1.3418162e+00   2.4951671e-01   3.3537471e-01   1.5928226e+00   3.2555736e-01   1.1932684e-01   4.7307933e+00   5.3211666e+01   1.9656090e-02   5.2550861e-01   5.4601365e+01   7.7177820e-02   2.2961772e-01   1.3037154e-01   4.8504490e-02   5.4173562e-01   8.3128900e-01   7.9330621e-01   2.0680614e-01   1.3028420e-01
   4.9821400e-03   4.3687200e-03   3.1912000e-03   1.2838900e-03   3.5568880e-02   7.8018700e-03   6.1235389e+01   1.0007370e+01   5.3350000e-03   3.7327590e-02   1.6523029e-01   1.7201600e-03   4.4576800e-03   8.5641000e-03   1.8914900e-03   2.6456300e-03   4.6721490e+00   5.3124437e+01   3.6257600e-03   6.8957000e-04   5.4576745e+01   1.6607100e-03   2.2657700e-03   7.1998000e-04   2.6602000e-04   1.7947900e-03   7.0347900e-03   1.0518200e-02   8.3591980e-02   1.3785100e-03
   5.4500000e-06   7.5100000e-06   3.2200000e-06   2.1310000e-05   7.7200000e-06   7.6600000e-06   3.9071621e+01   5.8291697e+00   5.4800000e-06   1.7472000e-04   1.5248900e-03   9.6000000e-07   6.9100000e-06   1.8850000e-05   1.1000000e-06   2.5100000e-06   4.6680569e+00   4.6088416e+00   1.5630000e-05   1.9600000e-06   6.6096229e+00   2.5900000e-06   3.5000000e-06   6.7000000e-07   6.2500000e-06   7.2900000e-06   1.5730000e-05   1.6963000e-04   3.0860000e-05   1.1860000e-05
   0.0000000e+00   0.0000000e+00   1.3000000e-07   1.0000000e-08   1.0000000e-08   0.0000000e+00   5.4481980e+00   5.8291648e+00   0.0000000e+00   3.8800000e-05   2.0000000e-08   0.0000000e+00   0.0000000e+00   0.0000000e+00   0.0000000e+00   0.0000000e+00   2.7307420e-02   4.4832102e+00   2.0000000e-08   0.0000000e+00   5.8159528e+00   3.1000000e-07   0.0000000e+00   0.0000000e+00   3.0000000e-08   0.0000000e+00   0.0000000e+00   3.0000000e-08   7.0000000e-08   0.0000000e+00
   0.0000000e+00   0.0000000e+00   0.0000000e+00   0.0000000e+00   0.0000000e+00   0.0000000e+00   5.3251674e+00   5.3410900e-03   0.0000000e+00   0.0000000e+00   0.0000000e+00   0.0000000e+00   0.0000000e+00   0.0000000e+00   0.0000000e+00   0.0000000e+00   0.0000000e+00   1.7209000e-04   0.0000000e+00   0.0000000e+00   1.0453500e+00   0.0000000e+00   0.0000000e+00   0.0000000e+00   0.0000000e+00   0.0000000e+00   0.0000000e+00   0.0000000e+00   0.0000000e+00   0.0000000e+00
   0.0000000e+00   0.0000000e+00   0.0000000e+00   0.0000000e+00   0.0000000e+00   0.0000000e+00   7.0000000e-08   0.0000000e+00   0.0000000e+00   0.0000000e+00   0.0000000e+00   0.0000000e+00   0.0000000e+00   0.0000000e+00   0.0000000e+00   0.0000000e+00   0.0000000e+00   0.0000000e+00   0.0000000e+00   0.0000000e+00   0.0000000e+00   0.0000000e+00   0.0000000e+00   0.0000000e+00   0.0000000e+00   0.0000000e+00   0.0000000e+00   0.0000000e+00   0.0000000e+00   0.0000000e+00
   0.0000000e+00   0.0000000e+00   0.0000000e+00   0.0000000e+00   0.0000000e+00   0.0000000e+00   0.0000000e+00   0.0000000e+00   0.0000000e+00   0.0000000e+00   0.0000000e+00   0.0000000e+00   0.0000000e+00   0.0000000e+00   0.0000000e+00   0.0000000e+00   0.0000000e+00   0.0000000e+00   0.0000000e+00   0.0000000e+00   0.0000000e+00   0.0000000e+00   0.0000000e+00   0.0000000e+00   0.0000000e+00   0.0000000e+00   0.0000000e+00   0.0000000e+00   0.0000000e+00   0.0000000e+00
   0.0000000e+00   0.0000000e+00   0.0000000e+00   0.0000000e+00   0.0000000e+00   0.0000000e+00   0.0000000e+00   0.0000000e+00   0.0000000e+00   0.0000000e+00   0.0000000e+00   0.0000000e+00   0.0000000e+00   0.0000000e+00   0.0000000e+00   0.0000000e+00   0.0000000e+00   0.0000000e+00   0.0000000e+00   0.0000000e+00   0.0000000e+00   0.0000000e+00   0.0000000e+00   0.0000000e+00   0.0000000e+00   0.0000000e+00   0.0000000e+00   0.0000000e+00   0.0000000e+00   0.0000000e+00
   0.0000000e+00   0.0000000e+00   0.0000000e+00   0.0000000e+00   0.0000000e+00   0.0000000e+00   0.0000000e+00   0.0000000e+00   0.0000000e+00   0.0000000e+00   0.0000000e+00   0.0000000e+00   0.0000000e+00   0.0000000e+00   0.0000000e+00   0.0000000e+00   0.0000000e+00   0.0000000e+00   0.0000000e+00   0.0000000e+00   0.0000000e+00   0.0000000e+00   0.0000000e+00   0.0000000e+00   0.0000000e+00   0.0000000e+00   0.0000000e+00   0.0000000e+00   0.0000000e+00   0.0000000e+00
   0.0000000e+00   0.0000000e+00   0.0000000e+00   0.0000000e+00   0.0000000e+00   0.0000000e+00   0.0000000e+00   0.0000000e+00   0.0000000e+00   0.0000000e+00   0.0000000e+00   0.0000000e+00   0.0000000e+00   0.0000000e+00   0.0000000e+00   0.0000000e+00   0.0000000e+00   0.0000000e+00   0.0000000e+00   0.0000000e+00   0.0000000e+00   0.0000000e+00   0.0000000e+00   0.0000000e+00   0.0000000e+00   0.0000000e+00   0.0000000e+00   0.0000000e+00   0.0000000e+00   0.0000000e+00
