   2.5871763e+06   7.2070468e+05   1.0114999e+06   2.0609385e+06   7.7752340e+05   5.4102304e+05   1.4934902e+05   8.9676377e+05   1.7742097e+06   2.4605868e+06   6.2752933e+05   1.7509399e+05   2.7916407e+05   1.6614438e+05   1.5905497e+05   7.6716898e+05   1.5860137e+06   1.6486021e+06   1.9301487e+05   1.3004796e+06   4.6354650e+05   9.1314613e+05   2.6490620e+06   1.0795077e+06   1.1221770e+06   2.1223821e+06   1.1614452e+06   7.8717667e+05   2.2068028e+06   7.9328234e+05
   3.2754093e+05   3.5000437e+04   8.5552101e+04   2.0609385e+06   7.7752340e+05   5.5854808e+04   1.4632590e+04   5.1305153e+04   3.0369142e+05   7.9445150e+04   2.4109097e+05   6.6613901e+04   2.7916407e+05   1.6614438e+05   4.4647729e+04   1.6945371e+05   5.8981234e+03   1.5022122e+05   1.3562899e+05   5.8537676e+05   1.9152167e+05   2.7536305e+05   1.1914346e+06   1.0741591e+06   3.6620228e+04   1.0434183e+06   7.1432185e+05   1.4539113e+05   1.3923201e+05   3.4846922e+05
   2.2508144e+05   6.4452058e+03   9.3436155e+03   7.2367210e+05   2.5218563e+04   2.7722254e+03   1.4632590e+04   8.9532722e+03   1.1126070e+04   5.6948668e+03   1.7671666e+04   4.9323832e+03   1.7293248e+04   3.1270863e+04   5.3573502e+03   1.6842366e+05   5.8981234e+03   6.3409475e+03   1.3562899e+05   1.0700513e+05   1.3071726e+05   3.5689504e+04   1.0678285e+04   1.1101375e+04   1.7948127e+04   3.2803442e+05   5.7482722e+05   1.3897913e+04   2.8866554e+04   1.8362099e+04
   1.0557518e+04   2.4177615e+03   3.4057624e+03   2.6248153e+04   4.4214702e+03   1.8449830e+03   8.0498219e+03   5.0600533e+03   2.1720590e+03   1.8381752e+03   7.1635931e+03   3.4014799e+03   1.7171917e+04   7.2747781e+03   1.2510799e+03   5.2424468e+03   4.4981623e+03   3.9721142e+03   8.6610801e+03   8.7559749e+03   5.4989970e+03   3.5689504e+04   1.0678285e+04   5.8607186e+03   6.3862276e+03   3.4172890e+04   2.2270354e+05   1.3629756e+04   1.7846506e+03   1.9860631e+03
   1.9793684e+03   7.9218504e+02   1.5202320e+03   1.7905954e+03   1.0199515e+03   1.5517255e+03   4.9910387e+03   4.2429794e+03   1.7856243e+03   8.1251917e+02   3.3179351e+03   2.2397725e+03   6.1025500e+03   1.9184793e+03   6.4976868e+02   2.7912520e+03   1.4902301e+03   3.5372290e+03   4.9095343e+03   2.0800745e+03   2.9540005e+03   6.9934755e+03   4.8551944e+03   1.2044884e+03   6.6737783e+02   1.6181198e+03   3.0578736e+04   6.3290749e+03   1.4852760e+02   8.2375831e+02
   4.8411772e+02   7.9218504e+02   2.8126188e+02   8.8342370e+02   6.4845119e+02   1.9497484e+02   3.4501282e+03   3.8330940e+03   5.8407086e+02   7.5540893e+02   2.5468476e+03   1.6688543e+03   9.5818090e+02   1.3029845e+03   3.7629278e+02   1.9503672e+03   9.4098982e+02   3.3448476e+03   3.9749223e+03   8.7660400e+02   1.4202775e+03   3.9287144e+03   3.0334398e+03   6.4790584e+02   3.5358623e+02   1.2794274e+03   3.1746979e+03   2.9705342e+03   1.4852760e+02   4.4228702e+02
   1.9256070e+02   7.1825038e+02   1.9643361e+02   3.1450990e+02   3.8480686e+02   1.3289140e+02   2.8170904e+03   3.6057835e+03   3.7164078e+02   2.0816787e+02   2.1881025e+03   1.2635791e+03   3.8674467e+02   4.6603147e+02   3.4048402e+02   1.3979009e+03   3.0335500e+02   3.0422690e+03   3.8253815e+03   1.9431834e+02   4.6640952e+02   3.2540774e+03   5.9202194e+02   3.4952137e+02   2.2980611e+02   5.0142654e+02   2.4668281e+03   5.7398808e+02   8.3556215e+01   4.1533581e+02
   7.0785694e+01   4.8706987e+02   8.9577702e+01   2.7066805e+02   1.5167818e+02   7.7638724e+01   7.6735938e+02   2.9027510e+03   1.1988473e+02   9.8880773e+01   2.5473992e+02   1.1486885e+03   2.0234948e+02   1.6166512e+02   3.2566338e+02   2.2639734e+02   1.2609952e+02   7.1675511e+02   3.4324213e+03   1.0896419e+02   6.1456997e+01   2.9169683e+03   3.2174945e+02   1.5871324e+02   8.1310861e+01   2.2931964e+02   2.1629845e+03   2.7435761e+02   1.8806155e+01   3.1946089e+02
   3.5750069e+01   1.3948768e+02   2.8102137e+01   9.7978532e+01   8.8785197e+01   7.7638724e+01   6.2480620e+01   1.7812803e+02   2.3654544e+01   4.9028480e+01   5.2709000e+01   4.6393224e+02   5.9138892e+01   4.3043998e+01   3.1699507e+02   2.8441642e+01   6.8549062e+01   3.9345430e+02   7.7541026e+01   1.5634812e+01   1.6247800e+01   2.3946583e+02   8.7985540e+01   2.9416006e+01   3.3503827e+01   1.2982828e+02   5.1438293e+01   2.0075820e+01   8.8588689e+00   2.2391801e+02
   1.8922649e+00   1.2262558e+02   1.7880926e+01   2.7504769e+01   1.3660906e+01   3.8086079e+01   2.3480795e+01   6.0628112e+01   1.7985888e+01   4.3295767e+00   2.5472412e+01   5.4856755e+00   1.2188636e+01   9.2578386e+00   1.1124764e+02   2.0579821e+01   5.8671341e+01   1.5466929e+00   1.7010287e+00   8.2758197e+00   3.4421025e+00   4.6759595e+01   7.1463171e+01   2.4563544e+01   4.6238620e+00   7.5492131e+01   2.9357369e+00   7.6044541e+00   2.9551652e+00   9.1909600e+01
   8.9435022e-01   2.8650220e+00   1.7288857e+01   8.4077853e+00   1.7739256e+00   1.8291652e+01   1.7864640e+01   5.8945707e+01   1.7274048e+01   1.2743777e+00   5.1824911e+00   5.0035121e+00   8.9440993e-01   1.8906836e+00   1.9305583e+01   1.7461766e+01   5.8439283e+01   2.8428696e-01   1.0248442e+00   1.4034482e+00   5.1021177e-01   2.2721050e+00   2.7757293e+01   1.8027226e+01   3.1096892e+00   1.5777223e+01   1.6358402e+00   2.3794795e+00   2.2266014e+00   1.1630482e+00
   7.9653330e-01   5.4182292e-01   1.7270946e+01   4.8019502e+00   5.2139426e-01   7.4489072e+00   8.6632628e-01   1.7685854e+01   1.7157249e+01   7.5218398e-01   8.3938651e-01   4.2981588e+00   3.5464308e-01   6.3204400e-01   2.7247632e-01   2.0294543e+00   1.0188265e+00   5.4769950e-02   9.8798948e-01   7.0835561e-01   6.1230770e-02   5.4402177e-01   2.5783252e+01   2.6073669e+00   8.2545259e-01   3.6457363e-01   1.1881904e+00   1.0640312e+00   1.6464644e+00   6.4850216e-01
   7.4739446e-01   5.0282453e-01   1.7264560e+01   1.2813791e+00   4.5114812e-01   2.9897157e+00   8.2651673e-01   5.8719810e-02   3.3759953e-01   6.3375481e-01   7.4975083e-01   7.5419283e-01   3.2457069e-01   4.9612718e-01   7.4489520e-02   1.0926626e+00   5.3997646e-01   2.1991000e-04   9.8792239e-01   6.1824915e-01   1.6942380e-02   4.2336523e-01   2.5504412e+00   5.5431846e-01   4.0206950e-01   1.7390690e-02   1.1199843e+00   8.7635313e-01   6.9982124e-01   5.5645892e-01
   4.2255097e-01   4.9917226e-01   1.7262456e+01   4.7853909e-01   4.4780683e-01   8.1207223e-01   8.2097021e-01   5.3308120e-02   3.1567478e-01   6.2456563e-01   7.4950116e-01   7.4318487e-01   3.2455137e-01   4.9499212e-01   7.3897690e-02   1.0733694e+00   3.1255913e-01   6.9520000e-05   9.8792214e-01   3.5615144e-01   1.3495170e-02   4.1427530e-01   4.5193776e-01   5.3263660e-01   3.2639660e-01   1.0448530e-02   4.9551466e-01   8.7552389e-01   3.2177674e-01   4.9673508e-01
   4.2240331e-01   9.9606170e-02   1.6872340e+01   4.7761321e-01   4.4686139e-01   8.1206078e-01   8.2094111e-01   5.0411610e-02   3.1470031e-01   6.2448867e-01   3.2150978e-01   4.5822256e-01   3.2440523e-01   4.9498238e-01   7.3897210e-02   6.3711010e-01   3.1231946e-01   6.9490000e-05   3.2668210e-01   3.5506361e-01   1.3486840e-02   4.1178084e-01   2.5264017e-01   4.3153570e-01   3.2529676e-01   1.0445810e-02   4.9543611e-01   8.7551617e-01   3.1230912e-01   4.9642138e-01
   3.1286784e-01   2.1955300e-03   3.1469885e-01   1.6543989e-01   4.4685975e-01   3.1786774e-01   3.4588695e-01   4.6872690e-02   3.1470009e-01   6.2448693e-01   3.1235100e-01   3.1406455e-01   3.2440523e-01   3.3543755e-01   7.3896990e-02   3.2425693e-01   3.1231946e-01   4.7410000e-05   7.6765750e-02   7.2963830e-02   3.9089100e-03   7.8739000e-04   1.3963000e-04   2.1926004e-01   3.2343908e-01   7.2989000e-04   2.4971117e-01   6.7078115e-01   3.1230909e-01   4.9642129e-01
