   5.8171568e+03   5.4553686e+03   5.5386837e+03   5.3809248e+03   5.7486247e+03   5.5145169e+03   5.7682552e+03   5.8598996e+03   5.8201593e+03   5.8403686e+03   5.3161962e+03   6.2142736e+03   5.9311306e+03   5.7302562e+03   5.4855967e+03   5.6569125e+03   5.1251764e+03   5.8314425e+03   5.3654734e+03   5.1711597e+03   5.8090572e+03   5.6705017e+03   4.9680817e+03   5.7597972e+03   5.9969828e+03   5.2654584e+03   5.7252310e+03   5.9584083e+03   5.7276630e+03   5.2631818e+03
   5.4439381e+03   5.4553686e+03   5.5386837e+03   5.3809248e+03   5.7486247e+03   5.5145169e+03   5.7682552e+03   5.3587290e+03   5.6102547e+03   5.8403686e+03   5.3161962e+03   6.1346883e+03   5.3073906e+03   5.6401453e+03   5.4855967e+03   5.6561651e+03   5.1251764e+03   5.1569169e+03   5.3654734e+03   5.1711597e+03   5.6739150e+03   5.6705017e+03   4.9680817e+03   5.7597972e+03   5.6303923e+03   5.2654584e+03   5.5423408e+03   5.2269255e+03   5.5712122e+03   5.2631818e+03
   5.2130817e+03   4.5234143e+03   5.5386837e+03   5.3809248e+03   5.2471559e+03   5.5145169e+03   4.7224520e+03   5.3587290e+03   5.6102547e+03   5.7646745e+03   5.3161962e+03   5.7796247e+03   5.1698235e+03   5.4574381e+03   5.4855967e+03   5.6561651e+03   5.1251764e+03   5.1569169e+03   5.3654734e+03   5.1711597e+03   5.6661038e+03   4.9194362e+03   4.9680817e+03   5.6233395e+03   5.2613320e+03   5.2654584e+03   5.4944374e+03   5.2269255e+03   5.5712122e+03   5.2386224e+03
   5.2130817e+03   4.5234143e+03   5.3019190e+03   4.9288965e+03   4.9726575e+03   5.5040104e+03   4.7224520e+03   4.7921540e+03   4.9598105e+03   4.9374937e+03   5.0037415e+03   4.9926783e+03   4.9019053e+03   4.5873932e+03   4.7892846e+03   5.2251580e+03   5.1251764e+03   5.1569169e+03   4.8578941e+03   5.1711597e+03   5.0419766e+03   4.7735436e+03   4.9680817e+03   4.6158958e+03   5.2613320e+03   4.5950115e+03   4.9061403e+03   5.2269255e+03   5.5712122e+03   5.2386224e+03
   4.9213019e+03   3.2282373e+03   5.0248520e+03   4.6627379e+03   4.5530129e+03   4.7661816e+03   4.7224520e+03   4.7921540e+03   4.5277847e+03   3.0342746e+03   4.5954387e+03   4.2457040e+03   4.6732933e+03   4.4037132e+03   4.7892846e+03   5.0809202e+03   4.8802803e+03   4.0420117e+03   4.5341314e+03   4.5359104e+03   4.1309044e+03   4.1084327e+03   4.7913037e+03   4.6158958e+03   5.1487333e+03   4.4196395e+03   3.7547805e+03   5.0234294e+03   5.0862859e+03   4.8582250e+03
   4.1212451e+03   3.0211474e+03   4.5488226e+03   4.0775269e+03   4.5530129e+03   4.3713385e+03   4.2623879e+03   4.4863908e+03   4.3395951e+03   3.0342746e+03   4.4285754e+03   4.0533534e+03   4.0650357e+03   4.0383853e+03   4.0011579e+03   3.9416867e+03   4.8802803e+03   3.7066542e+03   4.2706246e+03   4.2720679e+03   3.8477265e+03   4.1084327e+03   4.3529071e+03   4.6158958e+03   4.6170429e+03   4.4015717e+03   3.4828148e+03   4.6687120e+03   4.5336563e+03   3.5537897e+03
   3.6844556e+03   2.7295949e+03   4.2115447e+03   3.5545304e+03   3.8309973e+03   4.1381485e+03   3.8989059e+03   3.3667945e+03   3.9043195e+03   3.0342746e+03   3.5224799e+03   4.0533534e+03   3.8161610e+03   3.4383661e+03   3.8539635e+03   3.7610159e+03   4.2578561e+03   3.4129764e+03   3.8614891e+03   4.2720679e+03   2.8624460e+03   3.1348451e+03   3.8792822e+03   3.9012853e+03   2.5971619e+03   4.0800288e+03   2.5855392e+03   3.8659273e+03   3.3987386e+03   3.3103171e+03
   3.2624436e+03   2.7295949e+03   3.3562726e+03   3.0756426e+03   3.3200453e+03   2.4550136e+03   3.3862802e+03   3.0156667e+03   3.2997955e+03   3.0342746e+03   3.2908331e+03   3.4114234e+03   3.2075062e+03   2.8537171e+03   3.2140458e+03   3.1658721e+03   3.7085251e+03   3.1695645e+03   3.1243192e+03   3.1870405e+03   2.5473622e+03   2.8028395e+03   3.0112120e+03   3.1543010e+03   2.4701178e+03   2.8314697e+03   2.4311904e+03   3.4784794e+03   2.7696036e+03   2.4854418e+03
   2.5149255e+03   2.4875670e+03   2.7516278e+03   2.4040023e+03   2.5475081e+03   2.3254482e+03   2.6998779e+03   2.2460180e+03   2.2646628e+03   2.6018481e+03   2.0010441e+03   2.5219535e+03   2.8766199e+03   2.4200059e+03   1.9054606e+03   1.8723782e+03   2.4693567e+03   2.3975213e+03   1.7104611e+03   2.6894541e+03   2.3872179e+03   1.9549921e+03   2.3513166e+03   1.5212132e+03   2.0689443e+03   2.0141206e+03   2.0819303e+03   2.7650188e+03   2.0227478e+03   2.4854418e+03
   1.6473114e+03   1.9491250e+03   1.7419602e+03   1.9180288e+03   1.7928684e+03   1.8135809e+03   2.0746072e+03   1.3288177e+03   2.0332222e+03   1.3903871e+03   1.7552755e+03   1.2471165e+03   1.6959319e+03   1.7757373e+03   1.6918655e+03   1.4815242e+03   2.0190454e+03   1.9372866e+03   1.6405699e+03   1.6441671e+03   1.5985243e+03   1.4293765e+03   1.7115620e+03   1.4830638e+03   1.4694058e+03   1.2337235e+03   1.6247802e+03   1.7214010e+03   1.2948937e+03   2.1036866e+03
   7.1799153e+02   9.8284036e+02   4.4242598e+02   8.4503153e+02   9.7826262e+02   1.0110975e+03   1.0779770e+03   1.0330125e+03   1.2781122e+03   6.7114922e+02   1.4093136e+03   6.1271402e+02   1.1592761e+03   1.1787694e+03   9.6808499e+02   1.0523601e+03   9.8702695e+02   1.2425824e+03   6.5520730e+02   6.5195873e+02   5.0719771e+02   8.6434886e+02   9.2565202e+02   8.7874707e+02   9.5912220e+02   6.7997844e+02   6.8423904e+02   7.3926564e+02   8.5715749e+02   1.0969529e+03
   3.8267364e+02   6.1146740e+02   1.8707072e+02   3.8658255e+02   3.1598355e+02   5.2128484e+02   7.6367904e+02   3.8521423e+02   6.2433585e+02   2.8196965e+02   5.5240949e+02   3.4212604e+02   4.0706994e+02   5.2584263e+02   5.5400546e+02   6.5732309e+02   5.5265227e+02   5.5026417e+02   2.7152651e+02   2.8735308e+02   3.6098336e+02   5.0993476e+02   4.2870859e+02   2.3687290e+02   3.4273449e+02   4.7100735e+02   1.8601526e+02   1.2952112e+02   3.4729509e+02   4.6747814e+02
   9.0102442e+01   1.5306287e+02   6.2265126e+01   1.5433409e+02   8.6243291e+01   1.4042448e+02   2.0935085e+02   1.1647919e+02   2.0334641e+02   1.4832847e+02   2.8947314e+02   2.5224020e+02   6.6089961e+01   3.0746420e+02   1.9370468e+02   9.2071423e+01   1.9984209e+02   7.0313348e+01   1.7643604e+02   8.8324613e+01   4.9634130e+01   8.5975523e+01   1.4184626e+02   1.8170297e+02   1.0534054e+02   2.3006873e+02   5.1702369e+01   6.1385468e+01   2.1597434e+02   7.8782214e+01
   2.2972427e+01   2.0032264e+01   1.4722131e+01   3.7277247e+01   5.0338385e+01   8.4625435e+00   4.5319714e+01   2.0433116e+01   7.1748212e+01   1.3195091e+01   3.5899052e+01   2.8774419e+01   7.8989629e+00   5.1170307e+01   8.9529359e+01   3.1653704e+01   7.9642575e+01   1.0882067e+01   4.4173805e+01   3.3348490e+01   1.9992314e+01   4.5820428e+01   3.7486505e+01   2.1969512e+01   3.8170026e+01   2.4048916e+01   1.0730406e+01   3.1722447e+01   2.4429069e+01   1.2317995e+01
   4.8876809e+00   4.4288338e+00   8.1287508e+00   3.7719253e+00   1.5617615e+01   3.6079792e+00   1.8775252e+01   4.1291055e+00   2.2299553e+01   5.9662407e+00   1.0890280e+01   3.4781355e+00   1.3233141e+00   1.9200741e+01   7.2740059e+00   5.8003842e+00   6.8225461e+00   3.4707062e+00   1.2140889e+01   5.2746871e+00   1.0382834e+01   8.3040932e+00   1.4900782e+01   9.5999815e+00   7.9356459e+00   2.0334187e+00   2.2890970e+00   1.4836574e+01   9.2299362e+00   3.9344435e+00
   2.7472179e-01   2.1405079e-01   1.8866814e+00   2.4593158e+00   2.1267743e+00   1.4504493e+00   4.5554330e+00   1.8737075e-01   1.8012334e+00   6.6223952e-01   1.5614229e-01   1.8012334e+00   3.5650530e-01   8.6186759e-01   1.8324618e+00   6.6700753e-01   2.6017172e+00   2.5999710e-01   1.2491383e-01   3.5087814e+00   1.0157051e+00   1.9304317e-01   3.4759499e+00   4.0839514e+00   6.4485233e-01   1.7700049e+00   9.3685370e-02   3.1136295e+00   3.5087814e+00   2.0125109e+00
