   5.8927882e+03   5.1335576e+03   6.1760024e+03   6.2520154e+03   6.0787496e+03   6.1782989e+03   6.2561945e+03   5.8208406e+03   5.4997199e+03   6.4454394e+03   6.0276387e+03   6.4310952e+03   5.9812504e+03   5.5235218e+03   5.5654942e+03   5.9221495e+03   5.9566051e+03   5.4973955e+03   5.8948725e+03   5.6534506e+03   5.9275540e+03   5.6328505e+03   5.5016570e+03   5.5983862e+03   5.9713843e+03   6.2417746e+03   5.0017395e+03   6.2533738e+03   5.7209042e+03   5.9209744e+03
   5.8927882e+03   5.1335576e+03   5.4224296e+03   5.8636483e+03   6.0522162e+03   6.0383599e+03   5.7107557e+03   5.1521010e+03   5.4997199e+03   5.6245496e+03   4.9130189e+03   6.0485219e+03   5.8060752e+03   5.5235218e+03   5.5654942e+03   5.9221495e+03   5.6367902e+03   5.4973955e+03   5.8948725e+03   5.6534506e+03   5.8815360e+03   5.6328505e+03   5.2392257e+03   5.4695615e+03   5.9713843e+03   6.2099540e+03   5.0017395e+03   6.2533738e+03   4.7506543e+03   5.3533379e+03
   5.2494316e+03   4.9651618e+03   5.4224296e+03   5.6444236e+03   5.3613421e+03   5.3971986e+03   4.8827710e+03   5.1521010e+03   5.4997199e+03   5.6245496e+03   4.9130189e+03   5.7280652e+03   5.8060752e+03   4.9337719e+03   5.5654942e+03   5.9221495e+03   5.4709780e+03   5.4658920e+03   5.7497170e+03   5.3870686e+03   5.7926670e+03   5.2511970e+03   5.2392257e+03   4.9535437e+03   5.6000115e+03   5.9843040e+03   5.0017395e+03   5.8734284e+03   4.7506543e+03   5.3533379e+03
   5.1393918e+03   4.9651618e+03   5.1470820e+03   5.4627616e+03   5.1423167e+03   5.3971986e+03   4.8827710e+03   4.8334380e+03   5.2868742e+03   5.3212442e+03   4.9130189e+03   5.4337465e+03   4.6981614e+03   4.9337719e+03   4.3582751e+03   5.8106447e+03   5.0771905e+03   5.3683684e+03   4.8610916e+03   4.6051002e+03   5.4952868e+03   5.2511970e+03   4.9224831e+03   4.9535437e+03   5.5474751e+03   5.0604825e+03   5.0017395e+03   5.4092930e+03   4.2789775e+03   5.3533379e+03
   4.8037656e+03   4.2811851e+03   4.8732978e+03   4.8895205e+03   3.8242292e+03   4.9668557e+03   4.8827710e+03   4.7901136e+03   5.0679846e+03   4.8899196e+03   4.9130189e+03   5.0814149e+03   4.6981614e+03   3.9719353e+03   4.3582751e+03   5.2776206e+03   4.7066470e+03   5.2417080e+03   4.2978869e+03   3.8588904e+03   4.5658780e+03   5.0423108e+03   4.2514652e+03   4.8146905e+03   4.8162070e+03   4.2426967e+03   5.0017395e+03   5.1833254e+03   3.3945739e+03   5.2070733e+03
   3.7356299e+03   3.9578773e+03   4.7590516e+03   4.4421410e+03   3.8107106e+03   4.3041964e+03   4.6710344e+03   4.6791430e+03   4.3430703e+03   4.3629285e+03   4.5238597e+03   4.4443658e+03   4.2075881e+03   3.9719353e+03   4.3582751e+03   4.5126427e+03   4.2121085e+03   4.8772857e+03   4.2192425e+03   3.8588904e+03   4.0383378e+03   3.5669645e+03   3.6475772e+03   4.4853629e+03   4.0309581e+03   4.0649957e+03   4.0616307e+03   4.6773340e+03   3.3681354e+03   4.8141877e+03
   3.1789766e+03   3.5679775e+03   4.0854123e+03   3.8944196e+03   3.3181778e+03   3.7659359e+03   3.7143849e+03   4.1962250e+03   3.7546714e+03   3.6265127e+03   3.4453928e+03   4.0684956e+03   3.2063991e+03   3.9719353e+03   3.7658452e+03   3.6334339e+03   3.8668148e+03   4.1493844e+03   3.5837947e+03   3.8588904e+03   3.1210208e+03   3.5669645e+03   3.3387953e+03   3.7623829e+03   3.4339741e+03   3.4562342e+03   3.6757013e+03   3.6895993e+03   3.1064561e+03   3.7059303e+03
   3.0468961e+03   2.5461031e+03   3.6502889e+03   2.7936603e+03   3.3181778e+03   3.0476039e+03   3.4524069e+03   3.4869351e+03   3.2946742e+03   3.3565931e+03   2.7781689e+03   2.8371918e+03   2.5740966e+03   3.1633193e+03   2.6255571e+03   2.8549475e+03   3.1743060e+03   3.7204124e+03   3.1514656e+03   2.8987885e+03   2.6607404e+03   3.0395160e+03   3.1525184e+03   3.2827018e+03   2.9838235e+03   3.2584022e+03   3.3212436e+03   2.5021706e+03   2.4536366e+03   2.4982870e+03
   2.1407897e+03   2.2556526e+03   2.4359468e+03   2.3887753e+03   2.6304348e+03   2.2501829e+03   2.2610430e+03   2.4140230e+03   3.0723716e+03   2.9368814e+03   2.4805319e+03   2.5887278e+03   2.0572045e+03   2.8597001e+03   2.0286051e+03   2.3539004e+03   2.2410362e+03   2.5726439e+03   2.6511188e+03   2.3659697e+03   2.2255794e+03   2.4394336e+03   2.3174303e+03   2.6237932e+03   2.4905077e+03   2.6905876e+03   2.0069131e+03   1.9529772e+03   2.1184716e+03   2.0151529e+03
   1.6884927e+03   1.6062227e+03   1.7055757e+03   1.5089553e+03   1.9946996e+03   1.3820109e+03   1.6102005e+03   1.3483376e+03   1.7334939e+03   1.5621534e+03   1.8271187e+03   1.3274424e+03   1.5993970e+03   2.1675119e+03   1.4646109e+03   1.5132136e+03   1.5492476e+03   1.7858380e+03   1.9332243e+03   1.3321757e+03   9.9621643e+02   1.9643226e+03   1.2114516e+03   1.7888322e+03   1.5065029e+03   1.6719906e+03   1.3813896e+03   1.1899669e+03   1.7133274e+03   1.6414110e+03
   9.7312089e+02   6.8487469e+02   1.2507903e+03   5.3020791e+02   1.0371805e+03   6.4016148e+02   8.9946471e+02   6.6352598e+02   8.3790600e+02   9.9735836e+02   9.3552137e+02   7.8974014e+02   8.6394500e+02   1.0065124e+03   9.7858946e+02   9.2780700e+02   1.0428744e+03   7.6023246e+02   1.1811952e+03   9.7698579e+02   3.5127563e+02   8.5635361e+02   5.5223543e+02   1.2041431e+03   1.3116805e+03   3.6141180e+02   6.3596902e+02   5.4009181e+02   9.5697948e+02   9.6141266e+02
   4.7342846e+02   8.6700717e+01   8.4545888e+02   1.3383772e+02   5.4937248e+02   2.3920198e+02   3.8126146e+02   2.0729089e+02   1.8229066e+02   1.5169210e+02   3.0206579e+02   4.2027200e+02   3.4305414e+02   2.6957997e+02   6.1899101e+02   2.0523737e+02   1.8788982e+02   1.1191112e+02   4.8081059e+02   4.2006909e+02   1.3609773e+02   4.8528368e+02   2.8843925e+02   6.6550456e+02   5.5481395e+02   1.2703195e+02   3.4201569e+02   2.7099732e+02   6.9619812e+02   5.2573575e+02
   6.3573107e+01   4.2265082e+01   9.7007914e+01   4.1807299e+01   1.7428036e+02   1.9361542e+02   1.4136045e+02   1.1718957e+02   5.1151880e+01   6.0834563e+01   1.0830802e+02   2.4081114e+02   1.6634952e+02   7.2901417e+01   1.9633917e+02   4.2170681e+01   4.3109035e+01   2.3494980e+01   1.4309528e+02   1.0335682e+02   6.9560010e+01   2.6941126e+02   9.7374640e+01   3.7621274e+02   1.7027644e+02   6.0380128e+01   1.8807096e+02   5.2180510e+01   2.0946198e+02   2.1357304e+02
   3.4758151e+01   5.1253729e+00   2.4900546e+01   9.1426563e+00   2.9934309e+01   2.8353279e+01   3.5742893e+01   3.5332962e+01   3.5032383e+01   2.4546161e+01   4.4032524e+01   4.5482538e+01   4.8451704e+01   2.8700442e+01   3.4098899e+01   2.0851338e+01   2.9162975e+01   5.3375662e+00   2.7450749e+01   3.1040688e+01   4.0914218e+00   5.5391104e+01   2.8855439e+01   1.2323659e+02   2.3522294e+01   2.9174037e+01   4.5882723e+01   1.0283420e+01   4.1254721e+01   3.2801272e+01
   4.9801510e+00   4.3979975e+00   9.7418323e+00   3.2865607e+00   1.0310029e+01   9.1066031e+00   1.7860322e+01   8.2329174e+00   8.4205853e+00   4.4558318e+00   1.8387332e+01   8.8595657e+00   1.5106014e+01   1.1344049e+01   1.6576727e+01   1.1539561e+01   8.1699923e+00   3.6643275e+00   6.2177904e+00   5.5480078e+00   2.5360740e+00   1.9597855e+01   5.2085551e+00   1.2484811e+01   1.3533121e+01   1.4151372e+01   5.6385624e+00   2.3293576e+00   6.5572212e+00   1.7118382e+01
   4.1491802e-01   1.8742092e-01   3.7337626e-01   2.1859920e-01   9.6156149e-01   1.8949187e+00   2.3335040e+00   3.0514572e+00   6.7499209e-01   1.8737075e-01   2.7018805e+00   1.8715692e+00   7.4723904e+00   3.4463245e+00   2.9991878e+00   3.7977167e+00   2.4982766e-01   1.9192866e-01   4.4875889e-01   4.2631357e+00   1.7700089e+00   1.8324618e+00   1.6707326e+00   2.1859920e-01   5.9194879e-01   2.1569714e+00   1.7700049e+00   1.8324618e+00   1.0048189e+00   5.6390502e+00
