   2.1914161e+05   1.2523645e+05   2.4191470e+05   4.9482817e+05   2.8754177e+05   4.5574473e+05   5.9220677e+05   3.7915018e+05   3.4491328e+05   1.2084447e+05   6.2024278e+05   1.2464994e+05   3.3502607e+05   4.4725932e+05   8.3340237e+04   8.1937138e+05   2.4204809e+05   2.9829588e+05   2.0588153e+05   4.4918355e+05   5.2034696e+05   4.0395753e+05   4.8670275e+05   1.0307522e+05   3.3835069e+05   1.8919647e+05   9.3424603e+05   4.1685869e+05   8.8695623e+05   2.2423819e+05
   2.1914161e+05   1.2523645e+05   8.7835814e+04   2.3953949e+05   2.0786708e+05   2.9042854e+05   9.6522807e+04   1.5252396e+05   2.2225205e+05   1.2084447e+05   2.9000894e+05   1.2464994e+05   2.9541537e+05   6.0702312e+04   8.3340237e+04   4.1029290e+05   2.8803853e+04   2.9829588e+05   2.0588153e+05   3.5224158e+05   3.4452876e+05   4.0395753e+05   1.8680949e+05   1.0307522e+05   2.2804273e+05   1.8919647e+05   8.6911881e+05   3.3070191e+05   7.7113080e+05   2.2423819e+05
   2.1914161e+05   1.0880854e+05   8.7633389e+04   1.8863203e+05   1.5105785e+05   2.9042854e+05   9.6522807e+04   1.5252396e+05   7.5486293e+04   1.2084447e+05   1.3890473e+05   1.1533104e+05   2.9541537e+05   6.0702312e+04   8.3340237e+04   2.3262834e+05   2.8803853e+04   1.5462824e+05   2.0588153e+05   1.4626426e+05   2.6436322e+04   4.0395753e+05   1.8680949e+05   1.0307522e+05   1.9091756e+04   1.8919647e+05   1.2705982e+05   3.0901706e+05   1.2923054e+05   2.2423819e+05
   5.1754372e+04   2.8987439e+04   7.3849709e+03   5.5942542e+03   7.6045528e+04   9.7661534e+04   4.6036570e+04   8.8245151e+03   7.5486293e+04   1.2084447e+05   8.0094176e+04   2.4365236e+04   6.4576853e+04   9.4914226e+03   4.1464569e+03   1.3095023e+05   2.8803853e+04   3.8900606e+04   2.8388745e+04   6.7665271e+04   6.8573879e+03   6.5352900e+04   2.1205227e+04   5.7405589e+04   1.9091756e+04   1.5908858e+04   3.1882858e+04   1.0506645e+05   4.0380811e+04   1.5834265e+05
   5.3395228e+03   1.2745798e+03   9.3665990e+02   1.3923094e+03   2.1538165e+04   2.8836162e+03   1.2340324e+04   1.3985530e+03   7.1747834e+03   1.9118215e+04   4.6006985e+03   1.8106454e+03   1.2612116e+04   1.7587094e+02   2.0354690e+03   5.0328074e+03   2.5255361e+03   2.4871704e+03   2.0160028e+03   2.2492733e+03   4.8844389e+02   6.2793534e+03   9.7523438e+03   5.1790124e+03   9.5907036e+02   6.5213234e+03   1.7639467e+03   3.6883417e+03   1.0969382e+03   7.9088869e+03
   1.4033740e+02   6.0007293e+01   3.2564273e+01   7.4246984e+01   9.1075436e+02   1.1080418e+02   1.7320328e+02   8.2869638e+01   1.2970399e+03   6.9641897e+02   8.7712750e+01   9.1995646e+01   9.4473531e+01   6.9915500e+01   1.6979906e+02   2.3989177e+02   4.0150930e+01   1.4491394e+02   3.2517918e+01   4.7991206e+01   3.3766948e+01   2.6197105e+02   8.3647336e+02   1.8228150e+02   3.2052638e+01   9.8838062e+01   2.3701001e+02   2.9066576e+02   4.5732170e+02   1.4552201e+02
   2.3867824e+01   1.1862489e+01   1.1625134e+01   1.2183619e+01   4.8506294e+01   1.5244419e+01   1.7762874e+01   1.6191952e+01   2.1320939e+01   2.3706454e+01   1.9342497e+01   1.5052774e+01   1.6257958e+01   1.4191609e+01   2.1732891e+01   2.1206594e+01   1.2268059e+01   2.3951617e+01   1.4679750e+01   1.7282182e+01   1.1313271e+01   1.8371563e+01   1.6333215e+01   1.8871896e+01   1.3561698e+01   1.5522662e+01   1.8014722e+01   1.3589789e+01   1.4777007e+01   1.2706130e+01
   1.1437064e+01   8.8196175e+00   9.8275151e+00   7.7239873e+00   5.1324532e+00   8.7066872e+00   8.8915255e+00   8.4052045e+00   9.6048903e+00   9.5110015e+00   1.1797954e+01   1.1161077e+01   7.6138937e+00   9.3316834e+00   8.2042499e+00   1.2565179e+01   8.2167864e+00   8.7473279e+00   8.6918625e+00   1.1428182e+01   8.1362713e+00   9.1307693e+00   1.0232106e+01   9.4924462e+00   7.2813361e+00   1.0820687e+01   9.3485793e+00   7.7987762e+00   9.1628410e+00   9.3202773e+00
   5.6047946e+00   4.3801175e+00   7.0187503e+00   5.0303452e+00   5.1324532e+00   5.0911865e+00   5.9097789e+00   5.8660799e+00   5.4262242e+00   7.9264233e+00   9.4642372e+00   7.5637754e+00   6.2393856e+00   6.5662455e+00   4.9236390e+00   5.6168408e+00   7.0705999e+00   6.2204965e+00   5.9920586e+00   6.2026518e+00   5.4760533e+00   5.7940784e+00   7.9264253e+00   6.1750492e+00   5.2400150e+00   4.9973588e+00   6.4049870e+00   5.7673786e+00   4.5071707e+00   6.7136785e+00
   4.1851058e+00   3.7360541e+00   5.1901912e+00   4.9613933e+00   4.5898279e+00   4.9957904e+00   4.6107144e+00   4.6517783e+00   4.4163864e+00   5.0023142e+00   5.4077358e+00   4.9007326e+00   4.5733115e+00   4.1029499e+00   4.3148706e+00   5.0778563e+00   5.5883585e+00   4.7100230e+00   4.4943606e+00   5.9035386e+00   4.1902063e+00   3.8385411e+00   5.5434523e+00   4.3076982e+00   4.1245300e+00   3.5518888e+00   5.3874132e+00   4.1081109e+00   3.7242299e+00   4.9385556e+00
   3.3995241e+00   3.2331437e+00   3.8153034e+00   3.2888466e+00   3.3638483e+00   3.4125929e+00   3.5862905e+00   3.2285748e+00   2.0775851e+00   2.8439547e+00   4.0960719e+00   3.5652468e+00   3.4911414e+00   3.3208637e+00   3.4336862e+00   3.2047025e+00   2.8552699e+00   3.6942660e+00   3.7578819e+00   2.8365413e+00   2.8429455e+00   3.3595117e+00   3.7336362e+00   2.8018448e+00   3.0993189e+00   3.0042620e+00   3.3179930e+00   3.1944221e+00   3.7014839e+00   3.0219325e+00
   2.8312088e+00   2.4164474e+00   2.9397944e+00   2.2559605e+00   2.3580548e+00   2.3841437e+00   2.3446180e+00   2.5980754e+00   1.4958835e+00   2.3526367e+00   2.2686585e+00   2.2480556e+00   2.7556707e+00   2.3270630e+00   2.6485876e+00   2.4088313e+00   2.1927581e+00   2.6284652e+00   2.4010183e+00   2.2850915e+00   1.4838288e+00   2.3464677e+00   2.7795876e+00   2.1414979e+00   2.3161928e+00   1.9912861e+00   2.5052939e+00   2.4594634e+00   2.7895234e+00   2.1334215e+00
   2.1415105e+00   2.0852010e+00   2.3524886e+00   1.7443178e+00   1.5975658e+00   1.5537966e+00   1.5445651e+00   1.7504347e+00   1.3801404e+00   1.5014317e+00   1.6310050e+00   1.6367676e+00   2.1755178e+00   1.6797803e+00   1.9570356e+00   1.8564823e+00   1.9142357e+00   1.8878043e+00   1.7569144e+00   1.7451393e+00   1.3313491e+00   1.8957705e+00   1.9865372e+00   1.3850684e+00   1.5757453e+00   1.5219539e+00   1.8580241e+00   1.8991880e+00   2.0373204e+00   1.6680276e+00
   1.1910787e+00   1.1506603e+00   1.3693298e+00   1.4879863e+00   1.3512577e+00   1.3458708e+00   1.1060622e+00   1.4092953e+00   1.2664648e+00   9.3131437e-01   1.2117071e+00   1.1104625e+00   1.7330784e+00   1.2666172e+00   1.5020899e+00   1.4775405e+00   1.4123648e+00   1.1428521e+00   1.3139938e+00   1.1303206e+00   9.5866325e-01   1.2654364e+00   1.3590923e+00   1.2360819e+00   1.2011964e+00   1.2639069e+00   1.2131331e+00   1.3743913e+00   1.6212761e+00   1.2146489e+00
   9.4668555e-01   9.8445302e-01   1.1425802e+00   8.9928138e-01   9.0783144e-01   8.6256833e-01   6.3439867e-01   8.8403556e-01   9.6900902e-01   4.7053650e-01   9.4249404e-01   8.3922383e-01   1.0042205e+00   7.5258801e-01   1.0510593e+00   9.8980319e-01   8.2305695e-01   6.9742089e-01   9.5757589e-01   6.2076938e-01   6.9507118e-01   9.2009431e-01   8.0346599e-01   1.0666744e+00   7.6695897e-01   8.1752358e-01   9.7921959e-01   9.2925835e-01   1.1524923e+00   9.3498501e-01
   6.4203925e-01   4.7724456e-01   5.2669102e-01   6.3632772e-01   4.0546844e-01   7.3129261e-01   4.2645738e-01   5.9519048e-01   6.5723497e-01   3.3296485e-01   6.3830248e-01   4.5267528e-01   6.7050732e-01   7.3786081e-01   8.5118096e-01   8.1171682e-01   6.1252509e-01   5.5299672e-01   7.6026659e-01   5.4957062e-01   5.1109710e-01   7.6262370e-01   7.6476680e-01   4.4995589e-01   7.3073115e-01   6.1932762e-01   6.5514170e-01   7.3135238e-01   8.5612963e-01   6.1087727e-01
