   1.4600602e+03   1.2507025e+03   1.4812489e+03   1.3766772e+03   1.2532701e+03   1.2848560e+03   1.2390106e+03   1.6215914e+03   1.2527128e+03   1.3664144e+03   1.1771390e+03   1.4411584e+03   1.3511011e+03   1.1929623e+03   1.2928040e+03   1.4740247e+03   1.5280780e+03   1.4881828e+03   1.6234304e+03   1.3364007e+03   9.3597828e+02   1.3868378e+03   1.1879479e+03   1.6442492e+03   1.4464801e+03   1.3337524e+03   1.2559596e+03   1.3381310e+03   1.0747313e+03   1.2432178e+03
   1.2747947e+03   1.2507025e+03   1.3464441e+03   1.3766772e+03   1.2069050e+03   1.2848560e+03   1.2390106e+03   1.2377566e+03   9.5421086e+02   1.3664144e+03   1.1771390e+03   1.4411584e+03   9.8906434e+02   9.0585227e+02   1.2928040e+03   1.2189273e+03   1.2629700e+03   1.4881828e+03   1.2250740e+03   1.3364007e+03   9.3597828e+02   1.2705350e+03   1.1879479e+03   1.3644315e+03   1.1868501e+03   1.3337524e+03   1.1438047e+03   1.3381310e+03   1.0747313e+03   1.2432178e+03
   1.0927628e+03   1.2507025e+03   1.0498217e+03   1.1080632e+03   9.4556577e+02   1.1848384e+03   1.0407045e+03   1.0460621e+03   9.5421086e+02   1.2253781e+03   1.1613968e+03   1.2172502e+03   9.8906434e+02   9.0585227e+02   1.2928040e+03   1.0180752e+03   1.2413008e+03   1.0519471e+03   1.2224257e+03   1.1906287e+03   9.3597828e+02   1.2705350e+03   1.1879479e+03   1.1302744e+03   8.8324907e+02   1.1425701e+03   8.9056358e+02   1.0758020e+03   1.0747313e+03   1.1917956e+03
   4.4589783e+02   7.7217097e+02   5.0526024e+02   5.8415962e+02   5.7869768e+02   9.2179292e+02   8.3432412e+02   8.0120297e+02   6.2414840e+02   6.8484150e+02   6.5947122e+02   6.6004191e+02   8.5589568e+02   6.0056437e+02   7.7247164e+02   5.4630274e+02   6.7624120e+02   7.2803670e+02   5.7067961e+02   4.8057758e+02   7.6274170e+02   6.9685961e+02   5.3423453e+02   7.2851922e+02   5.3257328e+02   6.4998175e+02   6.1604657e+02   7.0640931e+02   9.1637663e+02   9.0257229e+02
   3.2070337e+02   4.8296603e+02   2.4747504e+02   3.7024350e+02   3.1995519e+02   5.3765905e+02   4.6092289e+02   3.9586713e+02   3.6654277e+02   3.8005931e+02   4.7656754e+02   3.9443633e+02   3.7639797e+02   3.1165718e+02   3.4752804e+02   3.4240050e+02   4.5734322e+02   4.0475455e+02   3.2766534e+02   3.9908187e+02   4.3809405e+02   4.5082559e+02   3.7448969e+02   3.2970006e+02   3.0250025e+02   3.1940811e+02   3.4131613e+02   4.8538083e+02   4.6900869e+02   4.8625702e+02
   1.6392308e+02   2.1805902e+02   2.0731938e+02   2.1451203e+02   1.6525693e+02   2.5166927e+02   2.2321459e+02   2.2468239e+02   1.8791706e+02   2.1842009e+02   1.9112965e+02   1.9596955e+02   1.5766413e+02   2.2749277e+02   1.8009720e+02   1.9961006e+02   2.1464513e+02   2.4491964e+02   1.8393381e+02   2.1548618e+02   2.3705903e+02   2.2540105e+02   1.9804377e+02   1.9793786e+02   1.8269245e+02   2.0124304e+02   2.2029857e+02   2.1397555e+02   1.8694607e+02   2.8761325e+02
   1.2797056e+02   1.3600099e+02   1.4262438e+02   1.3395551e+02   1.2542495e+02   1.5390099e+02   1.5549633e+02   1.3767796e+02   1.1894887e+02   1.4588035e+02   1.1862275e+02   1.3806036e+02   1.1261860e+02   1.4092039e+02   1.4538659e+02   1.2954086e+02   1.5950860e+02   1.6968369e+02   1.1792946e+02   1.4920797e+02   1.2511866e+02   1.4622094e+02   1.1583400e+02   1.1575585e+02   1.1783034e+02   1.0920055e+02   1.2180595e+02   1.1802835e+02   1.3370462e+02   1.3542991e+02
   7.7039764e+01   1.0483061e+02   8.3462053e+01   6.0094977e+01   7.8974569e+01   8.6263809e+01   1.0107459e+02   9.4066749e+01   7.4188029e+01   5.3756112e+01   8.5136804e+01   1.0328844e+02   7.6530380e+01   8.9605504e+01   8.2615354e+01   8.7296089e+01   8.1392180e+01   9.7466630e+01   7.1131095e+01   8.7957286e+01   6.8696296e+01   9.8220541e+01   7.9645394e+01   6.7383966e+01   6.6274158e+01   6.7525168e+01   1.0339203e+02   9.0455302e+01   9.3919118e+01   9.2365700e+01
   5.4650763e+01   7.1392901e+01   5.2511602e+01   5.2289920e+01   6.0452005e+01   4.4284333e+01   7.6385365e+01   5.4652163e+01   6.2404644e+01   2.9662937e+01   5.6208762e+01   5.2230912e+01   5.2379411e+01   5.1831457e+01   5.2068502e+01   5.8522379e+01   6.5157502e+01   6.6324943e+01   4.8710390e+01   6.0583878e+01   5.1159308e+01   5.7836313e+01   6.7793000e+01   2.8947915e+01   4.5984543e+01   4.1267742e+01   5.8424277e+01   5.7884663e+01   5.3519776e+01   6.5245457e+01
   2.8624997e+01   3.4605276e+01   3.3824924e+01   3.2085076e+01   4.1365764e+01   3.3618368e+01   5.3340948e+01   3.2843476e+01   3.7605925e+01   6.3249963e+00   3.4607696e+01   2.8972411e+01   3.2700914e+01   4.2137109e+01   3.4684773e+01   3.5542173e+01   3.9477487e+01   4.1857092e+01   2.9958391e+01   3.8114584e+01   3.1865305e+01   3.2704863e+01   3.6739178e+01   1.1350393e+01   3.0555403e+01   1.4864084e+01   3.4356637e+01   4.3245525e+01   3.5668575e+01   4.1219817e+01
   2.0161728e+01   2.0174734e+01   2.0162249e+01   2.0161728e+01   2.0442317e+01   2.1090779e+01   3.1496038e+01   2.0161728e+01   2.0850273e+01   4.9747902e+00   2.0161728e+01   2.2022218e+01   2.0161728e+01   2.0199993e+01   2.0162250e+01   2.0775889e+01   2.0170904e+01   2.0186038e+01   2.0775889e+01   2.0547497e+01   2.0775889e+01   2.0161816e+01   2.0790296e+01   9.9495906e-01   2.0161728e+01   4.9747902e+00   2.0161728e+01   2.1420818e+01   2.0448717e+01   2.0775889e+01
   2.0161728e+01   2.0161728e+01   2.0161728e+01   2.0161728e+01   2.0161728e+01   2.0161728e+01   1.1749156e+01   2.0161728e+01   2.0161728e+01   0.0000000e+00   2.0161728e+01   2.0161728e+01   2.0161728e+01   2.0161728e+01   2.0161728e+01   2.0161729e+01   2.0161728e+01   2.0161728e+01   2.0161728e+01   2.0161728e+01   2.0161730e+01   2.0161728e+01   2.0211615e+01   9.9495906e-01   2.0161728e+01   9.9495906e-01   2.0161728e+01   2.0161728e+01   2.0161728e+01   2.0178400e+01
   2.0161728e+01   2.0161728e+01   2.0161728e+01   2.0161728e+01   2.0161728e+01   2.0161728e+01   8.3953660e+00   2.0161728e+01   2.0161728e+01   0.0000000e+00   2.0161728e+01   2.0161728e+01   2.0161728e+01   2.0161728e+01   2.0161728e+01   2.0161728e+01   2.0161728e+01   2.0161728e+01   2.0161728e+01   2.0161728e+01   2.0161728e+01   2.0161728e+01   2.0161728e+01   0.0000000e+00   2.0161728e+01   0.0000000e+00   8.7744096e+00   2.0161728e+01   2.0161728e+01   2.0161728e+01
   2.0161728e+01   2.0161728e+01   2.0161728e+01   2.0161728e+01   1.2881751e+01   2.0161728e+01   2.0774050e+00   2.0161728e+01   2.0161728e+01   0.0000000e+00   2.0161728e+01   2.0161728e+01   1.6352572e+01   2.0161728e+01   2.0161728e+01   2.0161728e+01   2.0161728e+01   2.0161728e+01   2.0161728e+01   2.0161728e+01   2.0161728e+01   2.0161728e+01   2.0161728e+01   0.0000000e+00   2.0161728e+01   0.0000000e+00   5.1297378e+00   2.0161728e+01   2.0161728e+01   2.0161728e+01
   2.0161728e+01   1.6514608e+00   2.0161728e+01   2.0161728e+01   1.3721373e+00   2.0161728e+01   2.0135731e+00   2.0161728e+01   2.0161728e+01   0.0000000e+00   2.0161728e+01   2.0161728e+01   4.0317339e+00   2.0161728e+01   2.0161728e+01   2.0161728e+01   2.0161728e+01   2.0161728e+01   0.0000000e+00   2.0161728e+01   1.2823149e+01   2.0161728e+01   2.0161728e+01   0.0000000e+00   5.6986100e+00   0.0000000e+00   1.0220691e+00   2.0161728e+01   2.0161728e+01   1.9083983e+00
   2.0161728e+01   9.1096950e-02   2.0161728e+01   2.0161728e+01   1.0398454e+00   2.0161728e+01   0.0000000e+00   2.0161728e+01   2.0161728e+01   0.0000000e+00   2.0161728e+01   2.0161728e+01   1.1474654e+00   2.0161728e+01   2.0161728e+01   6.8642445e-01   2.0161728e+01   2.0161728e+01   0.0000000e+00   2.0161728e+01   2.0313133e+00   2.0161728e+01   2.0161728e+01   0.0000000e+00   1.0391366e+00   0.0000000e+00   9.8510300e-03   2.0161728e+01   2.0161728e+01   2.5345392e-01
