   3.9632743e+06   3.1170698e+06   8.3294115e+05   8.0387183e+06   1.9824593e+06   1.2286283e+07   7.5370115e+05   6.0873811e+06   5.4779405e+06   7.7323991e+06   2.7063265e+06   3.1934116e+06   2.8672369e+06   2.3173161e+06   9.2732236e+06   1.9429428e+06   3.0514688e+06   7.2853092e+06   6.5008576e+06   3.7675317e+05   1.0295971e+06   1.8523578e+06   1.0737051e+06   4.5654973e+06   1.1534382e+06   4.9247541e+06   1.8455193e+06   2.9805722e+05   7.0649345e+05   1.5924156e+06
   1.0891443e+06   3.7947205e+05   1.4928197e+05   3.7698793e+05   7.6208045e+05   1.0040488e+06   1.0765364e+05   5.3852273e+05   9.9383848e+05   7.8724944e+05   7.0236417e+04   9.6114094e+04   1.6727715e+05   3.0423517e+05   1.5731062e+05   9.4225118e+04   3.4840320e+05   7.2627669e+05   1.9742352e+05   6.5595919e+03   1.0295971e+06   1.6029300e+05   2.5583753e+05   1.8328317e+06   6.1497143e+04   1.2453876e+05   2.0188592e+05   1.6711862e+04   6.1161426e+05   6.4533526e+04
   2.2549977e+05   3.1330264e+04   2.0539746e+04   7.8736651e+04   1.7195717e+04   4.3574379e+04   8.4912059e+03   4.2343913e+05   3.1487406e+03   1.4730670e+04   1.8029213e+04   3.0917366e+04   1.2004065e+04   1.0784586e+05   1.6995959e+04   8.9628130e+04   1.2781959e+05   6.9149419e+04   3.4321198e+04   6.3811910e+03   7.4430850e+04   5.7055624e+04   1.0015366e+04   1.0147632e+05   6.1674665e+03   1.3444886e+04   1.1054138e+05   2.4899612e+03   1.3674036e+04   1.1394924e+04
   2.7348962e+03   1.5584654e+03   2.0395740e+03   2.5896893e+03   1.4799950e+03   2.0832974e+03   6.7143098e+02   1.0509170e+04   1.1174640e+03   1.0360947e+03   1.1299269e+03   1.8086308e+03   1.6707749e+03   2.1893605e+03   1.4766963e+03   2.5972574e+03   8.7603186e+03   3.1266246e+03   2.5027395e+03   3.3217180e+03   3.6629783e+03   1.0135803e+03   2.4488248e+03   1.5907367e+03   1.5064810e+03   1.8789523e+03   7.6284449e+03   1.2753312e+03   2.2513184e+03   1.1054435e+03
   5.1701165e+02   3.7997969e+02   1.3261729e+02   5.5620464e+02   3.7664784e+02   4.4396790e+02   3.8252768e+02   9.7725360e+02   1.2186248e+02   1.8530605e+02   3.2613743e+02   3.0574209e+02   5.0064606e+02   4.4095404e+02   4.1439106e+02   7.6619270e+02   5.1503696e+02   8.8907124e+02   2.4079959e+02   6.5385147e+02   1.9348079e+02   3.9976760e+02   4.9684626e+02   4.1386376e+02   6.3838057e+02   3.5693599e+02   9.7445909e+02   4.9169894e+02   1.4784841e+02   4.5243130e+02
   1.8527489e+02   9.4636205e+01   1.8166482e+01   9.5067633e+01   2.9463935e+01   9.0870337e+01   1.7087680e+02   1.0741316e+02   9.4071438e+01   1.3944758e+02   2.3998757e+02   4.2458354e+01   3.9442730e+02   9.3480929e+01   7.5786260e+01   3.7380072e+02   1.4856461e+02   1.8010378e+02   1.0566769e+02   1.3628640e+02   3.4138241e+01   1.9157876e+02   1.6652867e+02   9.7991744e+01   1.5557130e+02   9.0646478e+01   1.2286883e+02   3.2131958e+02   7.4548593e+01   6.2638732e+01
   1.8106512e+01   2.1263611e+01   6.4732033e+00   1.7757431e+01   1.6574191e+00   2.1062831e+01   1.2928811e+02   1.4127591e+01   6.4053191e+00   1.3438000e+02   2.2279476e+02   3.4511850e+00   3.7179932e+02   1.3469716e+01   1.1990631e+01   3.3870979e+02   2.7478873e+01   2.5171595e+01   2.2746212e+01   1.9279716e+01   4.2236080e+00   4.5910849e+01   1.2413188e+02   1.7551632e+01   2.8281101e+01   1.6293761e+01   2.5060541e+01   2.9862187e+02   1.8166109e+01   1.1945045e+01
   1.2379047e+01   1.3372389e+01   5.3914785e+00   2.2514422e-01   1.1082566e+00   4.9871946e+00   1.1943891e+02   3.7095379e-01   1.4114949e+00   1.3435827e+02   2.1719929e+02   1.2032362e+00   3.7149936e+02   5.0350470e-01   1.2257475e+00   3.3557838e+02   1.2530110e+01   7.9177868e-01   9.1711116e+00   2.1930851e-01   4.2068237e-01   3.1706400e+00   1.1985371e+02   1.5132287e+00   2.1580213e+00   3.4512592e-01   4.6581929e+00   2.9830478e+02   1.3087557e+00   9.1655276e+00
   1.2376057e+01   1.3371016e+01   5.3910762e+00   2.0815029e-01   9.9496448e-01   5.1828000e-04   1.1943329e+02   2.0814316e-01   1.4112517e+00   1.3435758e+02   2.1713967e+02   1.2031020e+00   1.6147769e+01   4.1628597e-01   1.2031020e+00   1.1843833e+02   1.1172986e+01   6.2478514e-01   9.1627442e+00   2.0814300e-01   4.1628597e-01   1.2031038e+00   1.1984958e+02   1.2031071e+00   2.0815197e-01   2.0814306e-01   2.0815077e-01   2.7200745e+00   2.0814441e-01   9.1627443e+00
   1.4278339e+00   2.8000203e+00   1.4120766e+00   2.0814298e-01   9.9495906e-01   0.0000000e+00   1.2031021e+00   2.0814298e-01   1.4112517e+00   1.6174668e+01   0.0000000e+00   2.0821109e-01   5.7788303e+00   4.1628597e-01   2.0826354e-01   0.0000000e+00   8.3025750e+00   6.2442895e-01   9.1627442e+00   2.0814298e-01   4.1628597e-01   1.2031020e+00   1.4112450e+00   1.2031020e+00   2.0814298e-01   2.0814298e-01   2.0814298e-01   1.2031020e+00   2.0814298e-01   9.1627442e+00
   5.7593299e-01   4.1628597e-01   2.9638493e-01   2.0814298e-01   0.0000000e+00   0.0000000e+00   1.2031020e+00   2.0814298e-01   4.1628597e-01   0.0000000e+00   0.0000000e+00   2.0814298e-01   0.0000000e+00   2.0900576e-01   2.0814298e-01   0.0000000e+00   2.0814304e-01   6.2442895e-01   2.0814326e-01   3.6250000e-05   2.0814298e-01   1.2031020e+00   1.2031020e+00   2.0814299e-01   2.0814298e-01   0.0000000e+00   2.0814298e-01   1.2031020e+00   2.0814298e-01   1.2031020e+00
   2.0000000e-08   4.0000000e-07   1.0118000e-04   0.0000000e+00   0.0000000e+00   0.0000000e+00   1.7750000e-05   0.0000000e+00   2.0814298e-01   0.0000000e+00   0.0000000e+00   0.0000000e+00   0.0000000e+00   1.0176623e-01   2.0814298e-01   0.0000000e+00   0.0000000e+00   4.1628597e-01   2.0814298e-01   0.0000000e+00   2.0814298e-01   2.0814298e-01   0.0000000e+00   2.4860000e-05   2.0814298e-01   0.0000000e+00   2.3151750e-02   2.0814300e-01   1.2817850e-02   2.0814299e-01
   0.0000000e+00   0.0000000e+00   0.0000000e+00   0.0000000e+00   0.0000000e+00   0.0000000e+00   0.0000000e+00   0.0000000e+00   0.0000000e+00   0.0000000e+00   0.0000000e+00   0.0000000e+00   0.0000000e+00   0.0000000e+00   2.0814298e-01   0.0000000e+00   0.0000000e+00   0.0000000e+00   0.0000000e+00   0.0000000e+00   0.0000000e+00   2.0814298e-01   0.0000000e+00   0.0000000e+00   0.0000000e+00   0.0000000e+00   0.0000000e+00   0.0000000e+00   0.0000000e+00   2.0814298e-01
   0.0000000e+00   0.0000000e+00   0.0000000e+00   0.0000000e+00   0.0000000e+00   0.0000000e+00   0.0000000e+00   0.0000000e+00   0.0000000e+00   0.0000000e+00   0.0000000e+00   0.0000000e+00   0.0000000e+00   0.0000000e+00   2.0814298e-01   0.0000000e+00   0.0000000e+00   0.0000000e+00   0.0000000e+00   0.0000000e+00   0.0000000e+00   0.0000000e+00   0.0000000e+00   0.0000000e+00   0.0000000e+00   0.0000000e+00   0.0000000e+00   0.0000000e+00   0.0000000e+00   2.1000000e-06
   0.0000000e+00   0.0000000e+00   0.0000000e+00   0.0000000e+00   0.0000000e+00   0.0000000e+00   0.0000000e+00   0.0000000e+00   0.0000000e+00   0.0000000e+00   0.0000000e+00   0.0000000e+00   0.0000000e+00   0.0000000e+00   0.0000000e+00   0.0000000e+00   0.0000000e+00   0.0000000e+00   0.0000000e+00   0.0000000e+00   0.0000000e+00   0.0000000e+00   0.0000000e+00   0.0000000e+00   0.0000000e+00   0.0000000e+00   0.0000000e+00   0.0000000e+00   0.0000000e+00   0.0000000e+00
   0.0000000e+00   0.0000000e+00   0.0000000e+00   0.0000000e+00   0.0000000e+00   0.0000000e+00   0.0000000e+00   0.0000000e+00   0.0000000e+00   0.0000000e+00   0.0000000e+00   0.0000000e+00   0.0000000e+00   0.0000000e+00   0.0000000e+00   0.0000000e+00   0.0000000e+00   0.0000000e+00   0.0000000e+00   0.0000000e+00   0.0000000e+00   0.0000000e+00   0.0000000e+00   0.0000000e+00   0.0000000e+00   0.0000000e+00   0.0000000e+00   0.0000000e+00   0.0000000e+00   0.0000000e+00
