   1.3661242e+03   1.4513576e+03   1.6100559e+03   1.3395028e+03   1.3701526e+03   1.5078888e+03   1.1551461e+03   1.2670424e+03   1.2111162e+03   1.4494696e+03   1.4275447e+03   1.4515100e+03   1.1762778e+03   1.0093754e+03   1.5275673e+03   1.0573338e+03   1.3958082e+03   1.4537021e+03   1.3443510e+03   1.4113558e+03   1.5218313e+03   1.4090898e+03   1.2696221e+03   1.2413747e+03   1.3178559e+03   1.3828436e+03   1.1888776e+03   1.2694859e+03   1.3027474e+03   1.4815242e+03
   1.1875191e+03   9.5774526e+02   9.1093589e+02   1.2288019e+03   1.2305817e+03   1.1021043e+03   1.1551461e+03   1.2409955e+03   1.2111162e+03   1.2501331e+03   1.4275447e+03   1.4515100e+03   1.1762778e+03   1.0093754e+03   1.5247359e+03   1.0299431e+03   1.3958082e+03   1.3708876e+03   1.2868295e+03   1.1199360e+03   1.2626793e+03   1.3872903e+03   1.1779273e+03   1.1299936e+03   1.2944142e+03   1.3796520e+03   1.1076235e+03   1.0425962e+03   1.1387631e+03   1.4315822e+03
   1.1875191e+03   9.5774526e+02   9.1093589e+02   1.1039571e+03   1.1156003e+03   8.1834422e+02   8.7315549e+02   1.1648882e+03   1.0764816e+03   9.4363920e+02   1.1172222e+03   1.3679028e+03   1.1439335e+03   1.0093754e+03   1.2807485e+03   9.5330225e+02   1.2455842e+03   9.7578294e+02   1.1718262e+03   8.5345652e+02   9.6919075e+02   1.0772529e+03   8.8010062e+02   1.1238265e+03   7.9166341e+02   1.2140413e+03   8.4217629e+02   9.2164582e+02   9.2886545e+02   1.0341567e+03
   7.6805138e+02   6.5113702e+02   8.5767559e+02   5.0442313e+02   5.2066160e+02   6.2526412e+02   6.7340403e+02   8.3050937e+02   8.0279088e+02   5.1126505e+02   4.2753741e+02   8.2567631e+02   8.4387040e+02   5.8560074e+02   8.3746996e+02   5.4535008e+02   8.3626909e+02   6.9788505e+02   5.2328521e+02   5.8455419e+02   5.4322924e+02   5.1408414e+02   5.8838154e+02   8.3934057e+02   6.4879541e+02   6.7754156e+02   5.4970924e+02   7.5651875e+02   4.8031454e+02   5.7247994e+02
   4.1656550e+02   4.3344801e+02   3.8410170e+02   2.7402550e+02   3.6720905e+02   3.0922859e+02   3.7621660e+02   4.0744390e+02   4.2078200e+02   3.8499190e+02   2.9109798e+02   4.9327523e+02   3.3395861e+02   3.4124108e+02   4.2636335e+02   3.5035656e+02   4.5753375e+02   3.9902556e+02   3.4787328e+02   3.5216820e+02   4.7806851e+02   3.4968031e+02   3.2552292e+02   4.2084031e+02   3.8222676e+02   3.8382734e+02   3.6129498e+02   3.2735569e+02   3.5133436e+02   3.7233623e+02
   2.0400307e+02   2.5345799e+02   2.1114900e+02   1.8781849e+02   1.6827797e+02   1.7139920e+02   2.2506513e+02   1.9326801e+02   2.2546378e+02   1.5799304e+02   1.5405295e+02   1.9633001e+02   2.0163032e+02   2.0496280e+02   2.2436473e+02   2.1206602e+02   2.2310574e+02   2.0404132e+02   1.6613917e+02   2.0898002e+02   1.8721129e+02   2.2083511e+02   1.9150389e+02   2.6658018e+02   2.0621198e+02   2.1294167e+02   1.9326553e+02   2.3169529e+02   1.7959678e+02   2.1334418e+02
   1.3013496e+02   1.5010564e+02   1.1872590e+02   1.4039054e+02   1.1283530e+02   1.3963030e+02   1.2839646e+02   1.2258908e+02   1.3386165e+02   1.2161409e+02   8.5709769e+01   1.4465296e+02   1.2308484e+02   1.4389844e+02   1.3637034e+02   1.2983807e+02   1.1286562e+02   1.4069011e+02   1.1906035e+02   1.3594475e+02   1.3014713e+02   1.4517938e+02   1.0182359e+02   1.3729147e+02   1.3214328e+02   1.3802610e+02   1.4359965e+02   1.2675257e+02   1.1615400e+02   1.3824360e+02
   8.4032223e+01   1.0042684e+02   8.2388103e+01   8.8856844e+01   7.1442633e+01   1.0065081e+02   8.2810784e+01   7.8051570e+01   8.7159605e+01   6.8880414e+01   7.9878098e+01   8.5523104e+01   6.7855340e+01   7.2340039e+01   7.7488045e+01   7.1318186e+01   8.2650319e+01   8.4421053e+01   6.1202543e+01   7.5555374e+01   1.0419827e+02   8.6866215e+01   6.1337226e+01   9.3256091e+01   9.1385900e+01   8.2598207e+01   8.8183808e+01   8.7787684e+01   8.1761924e+01   8.7915444e+01
   5.9466921e+01   5.6614367e+01   3.7689997e+01   6.0064364e+01   4.2239493e+01   5.5050907e+01   5.7278359e+01   5.5015262e+01   5.4899699e+01   5.0884852e+01   5.7142260e+01   4.5452321e+01   5.3863737e+01   6.3765928e+01   5.9589837e+01   5.3502729e+01   5.1659178e+01   5.3044943e+01   5.0701752e+01   5.4147788e+01   6.9035985e+01   5.8439186e+01   3.7804576e+01   6.8991270e+01   4.6935500e+01   6.0537750e+01   6.5121613e+01   7.4710642e+01   5.0835134e+01   4.9640171e+01
   3.5996509e+01   3.5435934e+01   3.0784288e+01   3.2408443e+01   3.5810534e+01   3.3649052e+01   4.0482667e+01   3.8837426e+01   3.2150146e+01   2.7739063e+01   4.5103054e+01   3.1683600e+01   3.4460785e+01   3.6067131e+01   3.3444937e+01   3.4674892e+01   3.5209014e+01   3.6076832e+01   3.4241182e+01   3.5219458e+01   4.2437431e+01   4.0884762e+01   2.8795509e+01   4.9617181e+01   3.8460946e+01   3.7126502e+01   3.8060751e+01   4.7377418e+01   4.0625081e+01   4.2211522e+01
   2.0161728e+01   2.2906698e+01   2.0161728e+01   2.0161907e+01   2.0166946e+01   2.0775889e+01   2.3221601e+01   2.0280708e+01   2.0162527e+01   2.0161728e+01   2.1795792e+01   2.0161728e+01   2.1091973e+01   2.0673017e+01   2.0161760e+01   2.0161728e+01   2.0161735e+01   2.0531532e+01   2.0168325e+01   2.0775957e+01   2.1597502e+01   2.0775985e+01   2.0161728e+01   2.0969415e+01   2.0164522e+01   2.0162656e+01   2.0182112e+01   3.2859536e+01   2.0780503e+01   2.1231210e+01
   2.0161728e+01   2.0161728e+01   2.0161728e+01   2.0161728e+01   2.0161728e+01   2.0161728e+01   2.0161728e+01   2.0161728e+01   2.0161728e+01   2.0161728e+01   2.0161728e+01   2.0161728e+01   2.0161728e+01   2.0161728e+01   2.0161728e+01   2.0161728e+01   2.0161728e+01   2.0161728e+01   2.0161728e+01   2.0161750e+01   2.0161728e+01   2.0161728e+01   2.0161728e+01   2.0161728e+01   2.0161728e+01   2.0161728e+01   2.0161728e+01   2.0161728e+01   2.0161728e+01   2.0161728e+01
   2.0161728e+01   2.0161728e+01   2.0161728e+01   2.0161728e+01   2.0161728e+01   2.0161728e+01   2.0161728e+01   2.0161728e+01   2.0161728e+01   2.0161728e+01   2.0161728e+01   2.0161728e+01   2.0161728e+01   2.0161728e+01   2.0161728e+01   2.0161728e+01   2.0161728e+01   2.0161728e+01   2.0161728e+01   2.0161728e+01   2.0161728e+01   2.0161728e+01   2.0161728e+01   2.0161728e+01   2.0161728e+01   2.0161728e+01   2.0161728e+01   2.0161728e+01   2.0161728e+01   2.0161728e+01
   2.0161728e+01   2.0161728e+01   2.0161728e+01   2.0161728e+01   2.0161728e+01   2.0161728e+01   2.0161728e+01   2.0161728e+01   2.0161728e+01   2.0161728e+01   2.0161728e+01   2.0161728e+01   2.0161728e+01   2.0161728e+01   2.0161728e+01   2.0161728e+01   2.0161728e+01   2.0161728e+01   2.0161728e+01   2.0161728e+01   2.0161728e+01   2.0161728e+01   2.0161728e+01   2.0161728e+01   2.0161728e+01   2.0161728e+01   2.0161728e+01   2.0161728e+01   2.0161728e+01   2.0161728e+01
   2.0161728e+01   2.0161728e+01   2.0161728e+01   2.0161728e+01   2.0161728e+01   2.0161728e+01   2.0161728e+01   2.0161728e+01   2.0161728e+01   2.0161728e+01   2.0161728e+01   2.0161728e+01   2.0161728e+01   2.0161728e+01   2.0161728e+01   2.0161728e+01   2.0161728e+01   2.0161728e+01   2.0161728e+01   2.0161728e+01   2.0161728e+01   2.0161728e+01   2.0161728e+01   2.0161728e+01   2.0161728e+01   2.0161728e+01   2.0161728e+01   2.0161728e+01   2.0161728e+01   2.0161728e+01
   2.0161728e+01   2.0161728e+01   2.0161728e+01   2.0161728e+01   2.0161728e+01   2.0161728e+01   2.0161728e+01   2.0161728e+01   2.0161728e+01   2.0161728e+01   2.0161728e+01   2.0161728e+01   2.0161728e+01   2.0161728e+01   2.0161728e+01   2.0161728e+01   2.0161728e+01   2.0161728e+01   2.0161728e+01   2.0161728e+01   2.0161728e+01   2.0161728e+01   2.0161728e+01   2.0161728e+01   2.0161728e+01   2.0161728e+01   2.0161728e+01   2.0161728e+01   2.0161728e+01   2.0161728e+01
