   1.6043461e+03   1.5385893e+03   1.5938509e+03   1.5234176e+03   1.4823283e+03   1.4404495e+03   1.0407036e+03   1.2642272e+03   1.7547952e+03   1.5310988e+03   1.4607433e+03   1.3872569e+03   1.6227654e+03   1.3160623e+03   1.5029129e+03   1.6493501e+03   1.4999567e+03   1.4253330e+03   1.3174222e+03   1.6495489e+03   1.5498835e+03   1.3039068e+03   1.4461451e+03   1.6042732e+03   1.6051692e+03   1.4393400e+03   1.1676884e+03   1.5492592e+03   1.4992504e+03   1.3715342e+03
   1.6043461e+03   1.4746250e+03   1.4934092e+03   1.2359581e+03   1.2257057e+03   1.2261558e+03   1.0407036e+03   1.2642272e+03   1.4179036e+03   1.2912726e+03   1.4607433e+03   1.3872569e+03   1.5391199e+03   1.3160623e+03   1.5029129e+03   1.5836319e+03   1.4999567e+03   1.3074343e+03   1.3174222e+03   1.5474968e+03   1.5482440e+03   1.3039068e+03   1.2803616e+03   1.5492091e+03   1.1759468e+03   1.1339820e+03   1.1676884e+03   1.4261708e+03   1.0180781e+03   1.3365904e+03
   1.3996341e+03   1.3345243e+03   1.1316365e+03   1.2076096e+03   9.4812528e+02   1.2261558e+03   1.0407036e+03   1.2642272e+03   9.5771922e+02   1.1997887e+03   1.3206891e+03   1.0027414e+03   1.2221442e+03   1.0753995e+03   1.2591036e+03   1.1605316e+03   1.4660184e+03   1.1343814e+03   1.3174222e+03   1.2572405e+03   1.1527118e+03   1.0112022e+03   1.2803616e+03   1.0850494e+03   1.1759468e+03   1.0933357e+03   1.0695555e+03   1.0335288e+03   1.0180781e+03   1.0337998e+03
   1.0575050e+03   1.0083412e+03   8.5395800e+02   8.4366516e+02   8.0079177e+02   8.5869007e+02   7.3932993e+02   7.9539018e+02   8.9726965e+02   4.5436470e+02   8.9721413e+02   6.0716047e+02   7.2249768e+02   5.9552126e+02   5.4101085e+02   5.8198024e+02   1.1273333e+03   1.0507485e+03   8.2521910e+02   7.5471256e+02   7.3817925e+02   6.9485675e+02   5.8740477e+02   5.7426384e+02   7.4503743e+02   6.6637928e+02   6.7730798e+02   7.1767350e+02   6.3823748e+02   7.4279388e+02
   5.3843447e+02   5.4041525e+02   4.0798264e+02   3.4258348e+02   3.3311897e+02   3.4671444e+02   2.6398449e+02   3.1278845e+02   3.7365488e+02   2.2884793e+02   3.5707581e+02   4.6649558e+02   4.9532159e+02   2.5813066e+02   2.7654568e+02   2.7834098e+02   3.8994393e+02   5.4612204e+02   3.8504857e+02   2.9474726e+02   2.9116761e+02   2.1919038e+02   2.7409080e+02   2.0651082e+02   4.4377226e+02   3.9365016e+02   2.7398100e+02   2.3362189e+02   2.2569452e+02   3.6323425e+02
   2.5303022e+02   1.9095770e+02   1.9270350e+02   1.5952486e+02   1.4382679e+02   1.1233409e+02   1.2281355e+02   1.0311771e+02   1.5586622e+02   1.1029024e+02   1.7451947e+02   1.8222359e+02   2.1671000e+02   1.5593185e+02   1.4587836e+02   1.1199359e+02   1.8049967e+02   1.6255897e+02   1.6843773e+02   1.7298293e+02   1.2573178e+02   1.1639690e+02   1.4564900e+02   1.3781700e+02   1.6118008e+02   1.3036160e+02   1.2015203e+02   1.5095777e+02   1.4070617e+02   1.7282642e+02
   4.9647503e+01   9.1313790e+01   8.7341768e+01   6.7577125e+01   9.0806916e+01   4.6245574e+01   4.3454086e+01   5.4797833e+01   4.4610021e+01   3.0914332e+01   9.2670326e+01   8.0794291e+01   9.3878643e+01   7.5780821e+01   7.4821967e+01   4.7864917e+01   1.0171516e+02   9.5331014e+01   1.0157865e+02   7.5359845e+01   4.1738184e+01   5.9869525e+01   7.4544370e+01   7.2556836e+01   8.1078735e+01   7.7850555e+01   6.4586067e+01   8.6036285e+01   8.4419625e+01   9.7710020e+01
   6.9106818e+00   1.2986459e+01   1.4675233e+01   8.9805480e+00   1.1862011e+01   8.5393597e+00   1.0049772e+01   7.9638531e+00   8.4483682e+00   7.5404376e+00   1.6138558e+01   8.8356976e+00   1.3240039e+01   9.5337734e+00   1.3092064e+01   6.3977872e+00   1.4967196e+01   1.5378627e+01   1.6212997e+01   1.1335771e+01   6.7909020e+00   9.6716669e+00   1.1398751e+01   9.0314399e+00   1.0954686e+01   9.4038661e+00   1.0253529e+01   1.4103116e+01   1.3970980e+01   1.5898058e+01
   2.5342920e-02   1.6694182e-01   9.2217570e-02   2.3175210e-02   4.4352060e-02   2.5627860e-02   5.0289220e-02   1.6945880e-02   1.7284860e-02   1.7266950e-02   7.3319150e-02   1.7731660e-02   1.5881429e-01   1.8501560e-02   3.7548970e-02   1.9295610e-02   7.2267020e-02   2.9575540e-02   1.4839134e-01   6.5646645e-01   1.0692280e-02   1.1341260e-02   1.1820121e-01   3.2649850e-02   3.2019080e-02   2.4616804e-01   6.1685550e-02   2.5095337e-01   3.6014700e-02   1.1822071e-01
   4.4700000e-06   1.4620000e-05   4.8500000e-06   1.0000000e-06   3.8100000e-06   1.3700000e-06   2.2500000e-06   1.7900000e-06   8.4000000e-07   1.8100000e-06   8.7100000e-06   2.0000000e-06   1.0210000e-05   2.0100000e-06   2.8300000e-06   2.5000000e-06   4.7700000e-06   1.1800000e-06   1.2070000e-05   3.2410000e-05   8.0000000e-07   4.7000000e-07   6.2670000e-05   1.8600000e-06   1.1700000e-06   1.4830000e-05   4.4900000e-06   1.1320000e-05   1.1900000e-06   1.2750000e-05
   0.0000000e+00   0.0000000e+00   0.0000000e+00   0.0000000e+00   0.0000000e+00   0.0000000e+00   0.0000000e+00   0.0000000e+00   0.0000000e+00   0.0000000e+00   0.0000000e+00   0.0000000e+00   0.0000000e+00   0.0000000e+00   0.0000000e+00   0.0000000e+00   0.0000000e+00   0.0000000e+00   0.0000000e+00   0.0000000e+00   0.0000000e+00   0.0000000e+00   0.0000000e+00   0.0000000e+00   0.0000000e+00   0.0000000e+00   0.0000000e+00   0.0000000e+00   0.0000000e+00   0.0000000e+00
   0.0000000e+00   0.0000000e+00   0.0000000e+00   0.0000000e+00   0.0000000e+00   0.0000000e+00   0.0000000e+00   0.0000000e+00   0.0000000e+00   0.0000000e+00   0.0000000e+00   0.0000000e+00   0.0000000e+00   0.0000000e+00   0.0000000e+00   0.0000000e+00   0.0000000e+00   0.0000000e+00   0.0000000e+00   0.0000000e+00   0.0000000e+00   0.0000000e+00   0.0000000e+00   0.0000000e+00   0.0000000e+00   0.0000000e+00   0.0000000e+00   0.0000000e+00   0.0000000e+00   0.0000000e+00
   0.0000000e+00   0.0000000e+00   0.0000000e+00   0.0000000e+00   0.0000000e+00   0.0000000e+00   0.0000000e+00   0.0000000e+00   0.0000000e+00   0.0000000e+00   0.0000000e+00   0.0000000e+00   0.0000000e+00   0.0000000e+00   0.0000000e+00   0.0000000e+00   0.0000000e+00   0.0000000e+00   0.0000000e+00   0.0000000e+00   0.0000000e+00   0.0000000e+00   0.0000000e+00   0.0000000e+00   0.0000000e+00   0.0000000e+00   0.0000000e+00   0.0000000e+00   0.0000000e+00   0.0000000e+00
   0.0000000e+00   0.0000000e+00   0.0000000e+00   0.0000000e+00   0.0000000e+00   0.0000000e+00   0.0000000e+00   0.0000000e+00   0.0000000e+00   0.0000000e+00   0.0000000e+00   0.0000000e+00   0.0000000e+00   0.0000000e+00   0.0000000e+00   0.0000000e+00   0.0000000e+00   0.0000000e+00   0.0000000e+00   0.0000000e+00   0.0000000e+00   0.0000000e+00   0.0000000e+00   0.0000000e+00   0.0000000e+00   0.0000000e+00   0.0000000e+00   0.0000000e+00   0.0000000e+00   0.0000000e+00
   0.0000000e+00   0.0000000e+00   0.0000000e+00   0.0000000e+00   0.0000000e+00   0.0000000e+00   0.0000000e+00   0.0000000e+00   0.0000000e+00   0.0000000e+00   0.0000000e+00   0.0000000e+00   0.0000000e+00   0.0000000e+00   0.0000000e+00   0.0000000e+00   0.0000000e+00   0.0000000e+00   0.0000000e+00   0.0000000e+00   0.0000000e+00   0.0000000e+00   0.0000000e+00   0.0000000e+00   0.0000000e+00   0.0000000e+00   0.0000000e+00   0.0000000e+00   0.0000000e+00   0.0000000e+00
   0.0000000e+00   0.0000000e+00   0.0000000e+00   0.0000000e+00   0.0000000e+00   0.0000000e+00   0.0000000e+00   0.0000000e+00   0.0000000e+00   0.0000000e+00   0.0000000e+00   0.0000000e+00   0.0000000e+00   0.0000000e+00   0.0000000e+00   0.0000000e+00   0.0000000e+00   0.0000000e+00   0.0000000e+00   0.0000000e+00   0.0000000e+00   0.0000000e+00   0.0000000e+00   0.0000000e+00   0.0000000e+00   0.0000000e+00   0.0000000e+00   0.0000000e+00   0.0000000e+00   0.0000000e+00
