   2.2836245e+03   2.1480498e+03   2.3090040e+03   2.3328780e+03   1.7985638e+03   1.9674289e+03   2.3585860e+03   2.1739258e+03   1.7214873e+03   2.3648653e+03   2.3023390e+03   2.2675773e+03   2.0738977e+03   1.5159728e+03   2.2114392e+03   1.3208901e+03   1.7568117e+03   2.2354826e+03   2.2882155e+03   2.0541187e+03   1.9846667e+03   2.2823022e+03   2.3773788e+03   2.4413735e+03   2.0272961e+03   2.5225064e+03   2.0403427e+03   2.2799130e+03   2.4602759e+03   1.6389339e+03
   1.7913468e+03   1.8981566e+03   1.4362802e+03   1.4249471e+03   1.4730776e+03   1.9674289e+03   2.1515339e+03   1.8770980e+03   1.6088469e+03   1.9325410e+03   2.0057129e+03   1.6652887e+03   2.0738977e+03   1.5159728e+03   2.0769553e+03   1.2831991e+03   1.3236708e+03   1.6610906e+03   1.9720604e+03   1.8366033e+03   1.7022891e+03   1.9096793e+03   1.8229332e+03   2.0898448e+03   2.0272961e+03   1.8033430e+03   1.8756914e+03   1.2985101e+03   1.8214534e+03   1.6389339e+03
   1.6562936e+03   1.6868909e+03   1.4362802e+03   1.0588803e+03   8.2827085e+02   1.2248125e+03   1.9773748e+03   8.8939716e+02   8.1206838e+02   1.5300523e+03   1.6443628e+03   1.3222669e+03   1.9099248e+03   1.3388554e+03   1.1427688e+03   9.3119060e+02   8.1953684e+02   1.4042888e+03   1.7149175e+03   1.6265694e+03   1.2089492e+03   1.2258669e+03   1.5397840e+03   1.1649108e+03   1.4632758e+03   1.6807844e+03   1.0681471e+03   1.1622732e+03   1.7942382e+03   8.9706904e+02
   8.3386395e+02   1.6868909e+03   8.8042652e+02   5.3142467e+02   5.1822118e+02   3.8476310e+02   1.1208854e+03   6.7039813e+02   4.8555259e+02   7.4311286e+02   1.1451734e+03   4.9893267e+02   1.0730252e+03   5.4270162e+02   5.5159839e+02   4.8493218e+02   3.4791891e+02   5.2118293e+02   6.1757918e+02   9.5911167e+02   6.5405926e+02   1.0594350e+03   1.3865618e+03   7.0230734e+02   1.1364575e+03   1.1094884e+03   6.9508458e+02   4.9730274e+02   9.9547676e+02   2.5422862e+02
   5.5779273e+02   7.2191881e+02   2.5887576e+02   2.7511532e+02   2.7025842e+02   1.7264706e+02   3.0564244e+02   1.7338503e+02   1.8342630e+02   3.6197851e+02   5.7871868e+02   1.5499445e+02   4.1180120e+02   1.2322009e+02   1.7457271e+02   2.3232742e+02   2.0329634e+02   2.3886419e+02   2.4367666e+02   2.3580959e+02   2.7453141e+02   6.0691794e+02   4.2433921e+02   3.1590686e+02   4.3924385e+02   1.5557120e+02   2.1707303e+02   2.4913920e+02   2.4616164e+02   4.7030101e+01
   2.0755595e+02   1.8889637e+02   5.6219509e+01   2.0149673e+02   6.6915694e+01   3.2091305e+01   1.5499689e+02   8.6839397e+01   1.3682070e+02   1.3435967e+02   1.5713319e+02   2.9880051e+01   1.7574797e+02   5.2877731e+01   1.2681232e+02   2.0052600e+02   6.6108036e+01   1.3694922e+02   4.3438451e+01   1.1824997e+02   1.2846618e+02   2.8522115e+02   2.1646787e+02   7.2052338e+01   1.0627658e+02   6.1510764e+01   4.4809943e+01   7.9549259e+01   3.6293446e+01   2.0535869e+01
   6.1640526e+01   9.1086133e+01   2.2662661e+01   1.5250642e+02   1.3430719e+01   1.2418973e+01   3.9553648e+01   4.3283986e+01   1.3386783e+02   2.9528098e+01   2.6491206e+01   1.9743331e+00   1.5703736e+01   1.5677154e+01   1.2403215e+02   1.8608664e+02   1.4260566e+01   1.3563687e+02   1.2020426e+01   3.7242297e+01   1.2180825e+02   2.0360930e+02   2.7244178e+01   2.8011230e+00   1.6813144e+01   7.4292722e-01   1.1831652e+01   1.4279115e+01   1.2396553e+01   1.6663403e-01
   1.0462047e+01   1.3677793e+01   2.2364490e+01   1.5211196e+02   1.0653503e+01   1.0017551e+01   2.1405591e+01   4.2417482e+01   1.3385834e+02   2.0524205e+01   3.7993650e-02   9.0966000e-04   1.1738076e+01   4.4650147e+00   1.2342379e+02   5.1138435e+01   1.1038281e+01   1.3529029e+02   1.1360192e+01   3.3244182e+01   1.2169715e+02   2.0146056e+02   2.1964769e+01   1.6234000e-04   1.1370633e+01   7.0770000e-05   1.1362334e+01   1.1080947e+01   1.1035853e+01   9.2821000e-04
   1.0399386e+01   1.1035961e+01   2.2353903e+01   1.4746369e+01   1.0398369e+01   9.9043453e+00   2.0911009e+01   4.2416085e+01   1.3385832e+02   2.0331992e+01   3.0000000e-08   3.0000000e-08   1.1726395e+01   4.4647444e+00   2.1450766e+01   3.2590843e+01   1.1036558e+01   2.6212317e+01   1.1360131e+01   3.3025305e+01   2.5119710e+01   9.9163105e+00   2.1942596e+01   3.0000000e-08   1.1360140e+01   0.0000000e+00   1.1360131e+01   1.1078341e+01   1.1035703e+01   2.0000000e-08
   1.0398177e+01   1.1035703e+01   2.2352129e+01   1.1371748e+01   1.0398177e+01   3.6381370e-02   2.0910891e+01   3.2689377e+01   3.5303016e+01   2.0331882e+01   0.0000000e+00   0.0000000e+00   1.1726395e+01   4.4647431e+00   2.1427506e+01   1.4304600e+01   1.1035703e+01   2.2800476e+01   4.3491500e-03   1.0449747e+01   1.4686336e+01   9.9162758e+00   1.1652866e+01   0.0000000e+00   1.1360131e+01   0.0000000e+00   1.1360131e+01   1.1078283e+01   1.1035703e+01   0.0000000e+00
   0.0000000e+00   0.0000000e+00   6.1244197e-01   0.0000000e+00   0.0000000e+00   0.0000000e+00   0.0000000e+00   4.2150959e-01   3.2203200e+00   9.9043450e+00   0.0000000e+00   0.0000000e+00   2.0000000e-08   0.0000000e+00   0.0000000e+00   2.7900290e+00   4.3464000e-04   4.4647873e+00   0.0000000e+00   1.8873129e-01   7.3063247e-01   2.8209310e+00   2.0069812e+00   0.0000000e+00   2.4400000e-06   0.0000000e+00   9.6290000e-05   3.2155675e+00   1.1035703e+01   0.0000000e+00
   0.0000000e+00   0.0000000e+00   0.0000000e+00   0.0000000e+00   0.0000000e+00   0.0000000e+00   0.0000000e+00   0.0000000e+00   0.0000000e+00   0.0000000e+00   0.0000000e+00   0.0000000e+00   0.0000000e+00   0.0000000e+00   0.0000000e+00   0.0000000e+00   0.0000000e+00   0.0000000e+00   0.0000000e+00   0.0000000e+00   0.0000000e+00   0.0000000e+00   0.0000000e+00   0.0000000e+00   0.0000000e+00   0.0000000e+00   0.0000000e+00   0.0000000e+00   0.0000000e+00   0.0000000e+00
   0.0000000e+00   0.0000000e+00   0.0000000e+00   0.0000000e+00   0.0000000e+00   0.0000000e+00   0.0000000e+00   0.0000000e+00   0.0000000e+00   0.0000000e+00   0.0000000e+00   0.0000000e+00   0.0000000e+00   0.0000000e+00   0.0000000e+00   0.0000000e+00   0.0000000e+00   0.0000000e+00   0.0000000e+00   0.0000000e+00   0.0000000e+00   0.0000000e+00   0.0000000e+00   0.0000000e+00   0.0000000e+00   0.0000000e+00   0.0000000e+00   0.0000000e+00   0.0000000e+00   0.0000000e+00
   0.0000000e+00   0.0000000e+00   0.0000000e+00   0.0000000e+00   0.0000000e+00   0.0000000e+00   0.0000000e+00   0.0000000e+00   0.0000000e+00   0.0000000e+00   0.0000000e+00   0.0000000e+00   0.0000000e+00   0.0000000e+00   0.0000000e+00   0.0000000e+00   0.0000000e+00   0.0000000e+00   0.0000000e+00   0.0000000e+00   0.0000000e+00   0.0000000e+00   0.0000000e+00   0.0000000e+00   0.0000000e+00   0.0000000e+00   0.0000000e+00   0.0000000e+00   0.0000000e+00   0.0000000e+00
   0.0000000e+00   0.0000000e+00   0.0000000e+00   0.0000000e+00   0.0000000e+00   0.0000000e+00   0.0000000e+00   0.0000000e+00   0.0000000e+00   0.0000000e+00   0.0000000e+00   0.0000000e+00   0.0000000e+00   0.0000000e+00   0.0000000e+00   0.0000000e+00   0.0000000e+00   0.0000000e+00   0.0000000e+00   0.0000000e+00   0.0000000e+00   0.0000000e+00   0.0000000e+00   0.0000000e+00   0.0000000e+00   0.0000000e+00   0.0000000e+00   0.0000000e+00   0.0000000e+00   0.0000000e+00
   0.0000000e+00   0.0000000e+00   0.0000000e+00   0.0000000e+00   0.0000000e+00   0.0000000e+00   0.0000000e+00   0.0000000e+00   0.0000000e+00   0.0000000e+00   0.0000000e+00   0.0000000e+00   0.0000000e+00   0.0000000e+00   0.0000000e+00   0.0000000e+00   0.0000000e+00   0.0000000e+00   0.0000000e+00   0.0000000e+00   0.0000000e+00   0.0000000e+00   0.0000000e+00   0.0000000e+00   0.0000000e+00   0.0000000e+00   0.0000000e+00   0.0000000e+00   0.0000000e+00   0.0000000e+00
