   2.4126598e+03   2.4765762e+03   2.4580546e+03   2.1992231e+03   2.1192081e+03   2.0567285e+03   2.1143777e+03   1.9168415e+03   2.6232289e+03   2.2747120e+03   2.5106998e+03   2.1479699e+03   2.0533438e+03   2.9012099e+03   2.2094917e+03   2.3911144e+03   1.5516042e+03   2.4806036e+03   2.4819731e+03   2.2479455e+03   2.3083873e+03   2.5758363e+03   2.3746504e+03   2.3634462e+03   2.6925804e+03   1.5426985e+03   2.6989931e+03   2.6999176e+03   1.8793783e+03   2.5032789e+03
   1.9308965e+03   2.4209061e+03   2.4580546e+03   2.1992231e+03   2.1192081e+03   2.0567285e+03   2.1116494e+03   1.9168415e+03   2.2049023e+03   2.1105570e+03   2.1422805e+03   2.1479699e+03   2.0533438e+03   2.3256435e+03   2.1183937e+03   1.6179044e+03   1.5516042e+03   2.3575705e+03   2.3493828e+03   2.2479455e+03   2.3083873e+03   2.1513832e+03   1.6169026e+03   2.3634462e+03   1.8076645e+03   1.2442199e+03   2.3411081e+03   1.9904291e+03   1.8793783e+03   2.4893379e+03
   1.9308965e+03   2.1636241e+03   2.4580546e+03   2.0673833e+03   1.6695958e+03   2.0567285e+03   1.6015771e+03   1.7181279e+03   1.7992692e+03   1.6235586e+03   1.9619823e+03   2.1447006e+03   2.0533438e+03   1.4573526e+03   1.8861168e+03   1.6179044e+03   1.1784109e+03   2.0864268e+03   2.1585375e+03   2.0494263e+03   2.0342299e+03   1.9455767e+03   1.6169026e+03   2.3140994e+03   1.1977408e+03   1.2442199e+03   1.4977120e+03   1.9904291e+03   1.8072522e+03   1.7525827e+03
   1.7667533e+03   1.8170277e+03   1.9927660e+03   1.3042645e+03   1.5872804e+03   1.5988487e+03   1.3513589e+03   9.8310278e+02   1.7992692e+03   1.6235586e+03   1.3441021e+03   1.3186871e+03   1.3964358e+03   1.3749536e+03   1.8861168e+03   1.2406985e+03   1.1784109e+03   1.5594476e+03   1.6108812e+03   1.2091016e+03   1.7680315e+03   1.3610589e+03   1.5508767e+03   1.5863935e+03   9.9297330e+02   1.2442199e+03   1.4977120e+03   1.9033498e+03   1.3111405e+03   1.5890022e+03
   1.2531597e+03   1.3563497e+03   1.9927660e+03   1.0716788e+03   1.1439873e+03   7.7365403e+02   1.0497567e+03   9.8310278e+02   1.4112574e+03   1.1410165e+03   1.3441021e+03   9.6088260e+02   1.0485150e+03   1.2729444e+03   1.0901420e+03   9.9539030e+02   1.1784109e+03   1.3070882e+03   1.1723591e+03   1.2091016e+03   1.0059890e+03   1.0173655e+03   9.3530455e+02   1.0945417e+03   9.6682819e+02   1.0125546e+03   1.4977120e+03   8.9932992e+02   1.3111405e+03   1.4062580e+03
   9.5903473e+02   8.9386382e+02   1.5596491e+03   7.2489535e+02   1.0716530e+03   7.0272309e+02   6.4393353e+02   7.5938135e+02   4.9877962e+02   3.4953245e+02   6.7014444e+02   7.1611263e+02   1.0349118e+03   1.0406714e+03   6.7189289e+02   6.2991035e+02   6.8010838e+02   8.4762299e+02   5.4860712e+02   7.9380016e+02   5.6064163e+02   9.5213889e+02   6.5631210e+02   1.0945417e+03   7.3111047e+02   6.7151266e+02   7.8659377e+02   6.7007946e+02   6.1610119e+02   7.5985953e+02
   7.9421505e+02   1.3922277e+02   1.2104744e+03   4.5464019e+02   4.4642080e+02   5.1261792e+02   1.7926024e+02   5.2421759e+02   8.2152401e+01   1.1034384e+02   6.2413056e+02   3.2417552e+02   3.2256511e+02   3.8049200e+02   7.1346087e+01   2.1144404e+02   4.3475238e+02   6.5899179e+02   1.5286060e+02   4.1800714e+02   1.0874518e+02   1.4308519e+02   2.6292046e+02   8.2904590e+02   6.0212534e+02   2.2785449e+02   2.8396331e+02   2.6747777e+02   4.5587153e+02   6.4385653e+02
   2.0941936e+02   1.6839272e+01   2.8030781e+02   7.4486167e+01   1.0292308e+02   2.6029652e+02   9.5744430e+01   6.0733575e+01   1.8650704e+01   1.2274807e+01   2.0750703e+02   2.7142039e+01   5.7543411e+01   9.9810605e+01   4.6678772e+00   1.2959545e+02   1.2744201e+02   3.5468871e+02   1.5355864e+01   6.1606178e+01   1.1561552e+01   1.2978144e+02   2.9828714e+01   1.9169174e+02   3.1618866e+02   9.4779691e+01   5.7352797e+01   3.2495026e+01   9.7243887e+00   1.0874791e+02
   8.1876096e+00   3.5400915e+00   1.4647537e+02   4.4204786e+00   1.2074672e+01   2.0836888e+01   1.1946258e+01   7.7400385e+00   1.3659846e+01   7.0798623e+00   1.0137838e+00   3.9893552e+00   1.0256673e+01   3.6364749e+00   3.4774266e+00   1.2855832e+02   1.0484712e+01   2.6826291e+01   4.0755293e-01   7.4833852e+00   6.9553217e+00   7.1540200e+00   3.6027324e+00   1.0598405e+01   3.0122731e+01   3.3845798e+00   6.9794287e+00   4.0644191e+00   3.6023365e+00   7.3499596e+00
   6.8923758e+00   3.5398696e+00   1.0376648e+01   3.5400681e+00   3.1335926e-01   3.7273558e+00   7.0172847e+00   3.6647882e+00   1.1605298e+01   7.0797391e+00   3.7472669e-01   3.5398701e+00   1.0244882e+01   3.6023240e+00   3.4774151e+00   1.0119973e+01   3.7472678e-01   1.0244883e+01   2.4982243e-01   6.8923758e+00   6.9548303e+00   7.0172847e+00   3.6023240e+00   7.0797391e+00   1.8746004e-01   2.4981777e-01   6.9589584e+00   1.8736340e-01   3.6023240e+00   6.8923758e+00
   1.2308908e+00   3.4774158e+00   1.0075187e+01   3.5398696e+00   3.1227221e-01   3.7272329e+00   3.6757690e+00   2.4989211e-01   3.3353191e-01   4.3722249e-01   3.1237026e-01   3.4774153e+00   6.8299214e+00   3.6023240e+00   6.2455720e-02   3.4774151e+00   3.7472665e-01   1.0244882e+01   2.4981776e-01   3.6023693e+00   6.9548303e+00   7.0172847e+00   3.6023240e+00   7.0797391e+00   1.8736332e-01   2.4981776e-01   1.7086788e+00   1.8736332e-01   3.1228010e-01   3.5398701e+00
   6.2454440e-02   6.2454440e-02   3.1227221e-01   6.2483000e-02   2.5030900e-01   3.1227221e-01   3.1227221e-01   2.4981776e-01   3.1227221e-01   2.4999243e-01   2.4981776e-01   2.4981776e-01   1.2490991e-01   1.8736332e-01   6.2454440e-02   1.8316376e-01   1.8736445e-01   2.5088335e-01   1.8736332e-01   3.1227221e-01   3.1227221e-01   3.1227221e-01   2.4981776e-01   1.8736333e-01   1.8736332e-01   1.8736332e-01   3.1227221e-01   1.8039531e-01   1.8736332e-01   1.2490905e-01
   6.2454440e-02   6.2454440e-02   1.3740657e-01   6.2454440e-02   1.2490888e-01   6.2454440e-02   9.0843100e-02   0.0000000e+00   2.4981776e-01   1.2490888e-01   2.4981776e-01   7.7949580e-02   6.2478150e-02   6.8530900e-03   6.2454440e-02   6.2454440e-02   1.8736332e-01   1.2490942e-01   1.7789200e-03   1.8736393e-01   0.0000000e+00   1.8736888e-01   1.2490888e-01   6.2454440e-02   6.2455130e-02   1.2490888e-01   1.8736332e-01   6.2454440e-02   6.2460980e-02   1.2490888e-01
   6.2454440e-02   0.0000000e+00   6.2454440e-02   0.0000000e+00   6.2454440e-02   6.2454440e-02   6.2454440e-02   0.0000000e+00   1.8736332e-01   6.2454440e-02   2.4981776e-01   0.0000000e+00   6.2454440e-02   0.0000000e+00   6.2454440e-02   6.2454440e-02   6.2454440e-02   0.0000000e+00   0.0000000e+00   1.8736332e-01   0.0000000e+00   1.8736332e-01   0.0000000e+00   0.0000000e+00   0.0000000e+00   6.2454440e-02   6.2454470e-02   0.0000000e+00   6.2454440e-02   6.2454440e-02
   0.0000000e+00   0.0000000e+00   8.6854000e-04   0.0000000e+00   6.2454440e-02   0.0000000e+00   6.2454440e-02   0.0000000e+00   6.2454440e-02   0.0000000e+00   1.2490888e-01   0.0000000e+00   0.0000000e+00   0.0000000e+00   0.0000000e+00   1.3000000e-07   6.2454440e-02   0.0000000e+00   0.0000000e+00   6.2454440e-02   0.0000000e+00   6.2454440e-02   0.0000000e+00   0.0000000e+00   0.0000000e+00   0.0000000e+00   0.0000000e+00   0.0000000e+00   0.0000000e+00   6.2454440e-02
   0.0000000e+00   0.0000000e+00   0.0000000e+00   0.0000000e+00   0.0000000e+00   0.0000000e+00   0.0000000e+00   0.0000000e+00   0.0000000e+00   0.0000000e+00   0.0000000e+00   0.0000000e+00   0.0000000e+00   0.0000000e+00   0.0000000e+00   0.0000000e+00   0.0000000e+00   0.0000000e+00   0.0000000e+00   0.0000000e+00   0.0000000e+00   0.0000000e+00   0.0000000e+00   0.0000000e+00   0.0000000e+00   0.0000000e+00   0.0000000e+00   0.0000000e+00   0.0000000e+00   0.0000000e+00
