   1.8539984e+03   2.5371946e+03   2.8771700e+03   2.3228778e+03   2.3577168e+03   2.1794858e+03   1.5463893e+03   2.1016956e+03   1.9377824e+03   2.0652823e+03   2.2325298e+03   1.9739430e+03   1.6468732e+03   2.1974362e+03   2.5499352e+03   2.4451292e+03   1.7992819e+03   2.2927392e+03   1.7737536e+03   2.2561525e+03   2.0594370e+03   2.0574914e+03   2.7051675e+03   2.4823799e+03   2.1461798e+03   1.6203995e+03   2.3048938e+03   1.8657001e+03   2.0274966e+03   1.9095731e+03
   1.8539984e+03   2.3182955e+03   2.3431835e+03   2.0791532e+03   2.0704224e+03   1.7960616e+03   1.5463893e+03   2.1016956e+03   1.4713926e+03   1.9581618e+03   2.0684234e+03   1.8835174e+03   1.6468732e+03   2.1974362e+03   2.3417663e+03   2.3354055e+03   1.7992819e+03   2.2927392e+03   1.7737536e+03   2.1135741e+03   2.0594370e+03   1.9329731e+03   2.4092896e+03   2.2648106e+03   1.8444460e+03   1.6203995e+03   2.3048938e+03   1.8618510e+03   2.0274966e+03   1.9095731e+03
   1.7971184e+03   1.6023534e+03   1.8401587e+03   1.9039129e+03   1.8280604e+03   1.7960616e+03   1.5463893e+03   1.8067486e+03   1.4713926e+03   1.4554942e+03   1.9479463e+03   1.8835174e+03   1.6468732e+03   2.1911935e+03   1.5983338e+03   2.0016326e+03   1.4830204e+03   2.1487265e+03   1.7737536e+03   2.0906945e+03   2.0594370e+03   1.6379628e+03   1.7508320e+03   1.8959761e+03   1.8229418e+03   1.4024645e+03   1.6972403e+03   1.8618510e+03   1.9246509e+03   1.9095731e+03
   1.0251414e+03   1.2977570e+03   1.4227636e+03   1.5350402e+03   1.7175183e+03   1.4816798e+03   1.5463893e+03   1.6746591e+03   1.4207542e+03   1.4554942e+03   1.7387779e+03   1.2430234e+03   1.6468732e+03   1.6731677e+03   1.1354454e+03   1.6769706e+03   1.2527734e+03   1.5533195e+03   1.5204943e+03   1.7069664e+03   1.5735687e+03   1.5176337e+03   1.5448107e+03   1.3994476e+03   1.4384784e+03   1.4024645e+03   1.6505902e+03   8.8409705e+02   1.2380426e+03   1.8087717e+03
   7.9968588e+02   1.0064533e+03   1.1337738e+03   8.9921778e+02   1.1326625e+03   1.0402997e+03   1.0362631e+03   8.4565186e+02   8.0595811e+02   1.0853754e+03   1.3222167e+03   1.0414510e+03   1.1865004e+03   9.8446904e+02   7.3072611e+02   1.2538652e+03   8.2436349e+02   1.0311873e+03   1.3705307e+03   8.3592884e+02   7.8869287e+02   9.2242290e+02   1.0794331e+03   7.0615715e+02   8.0135451e+02   7.3238458e+02   1.2570387e+03   8.8409705e+02   1.2297581e+03   1.1871033e+03
   3.8121613e+02   4.5107382e+02   4.8475628e+02   4.9545790e+02   1.2872719e+02   9.1125822e+02   5.6230961e+02   4.7996124e+02   4.0543580e+02   4.0239031e+02   6.4226289e+02   5.2099417e+02   1.0183970e+03   6.8206935e+02   4.4231726e+02   9.4214581e+02   5.9270259e+02   7.1454056e+02   7.6299465e+02   5.5792052e+02   3.4068169e+02   7.1127882e+02   7.6529236e+02   5.4287950e+02   2.7757009e+02   3.5835972e+02   4.7855928e+02   4.2014635e+02   1.0396837e+03   6.5909264e+02
   1.6428150e+02   1.7424426e+02   3.1699296e+02   4.4852745e+02   9.3032859e+01   5.1897357e+02   3.7326617e+02   3.1322553e+02   1.1068015e+02   2.4518060e+02   1.7041884e+02   8.3334038e+01   1.9716112e+02   4.1165656e+02   9.7930641e+01   5.4573563e+02   2.7685156e+02   3.3657719e+02   2.7939377e+02   2.7454843e+02   1.8171469e+02   2.8453816e+02   1.4588503e+02   2.8786783e+02   2.1156059e+02   2.9482418e+02   3.7009898e+02   2.2856425e+02   6.6147039e+02   2.4970418e+02
   3.6832854e+01   3.3830695e+01   1.0782587e+02   7.6757022e+01   6.4909309e+01   2.0738516e+02   1.7476924e+02   4.2697868e+01   2.3992540e+01   1.0598538e+02   7.3326845e+01   2.6096503e+01   1.0654595e+02   9.5392064e+01   4.8429179e+01   2.5020325e+02   1.2039065e+02   1.5036166e+02   6.2762308e+01   3.3690848e+01   6.0557801e+01   7.3673443e+01   1.0085643e+02   4.2242237e+01   5.8940070e+01   1.1696298e+02   1.6487177e+02   2.9799724e+01   3.7684729e+02   5.1726781e+01
   8.6186354e+00   5.6387844e+00   1.5498825e+01   1.0207295e+01   1.1133712e+01   3.2986617e+01   6.9025829e+01   7.3165500e+00   8.4255458e+00   2.7838347e+01   1.1865337e+01   6.5905444e+00   2.7544715e+01   2.7346901e+01   1.2489197e+01   2.6164108e+01   1.4198299e+01   2.3561826e+01   1.5630940e+01   6.3577644e+00   6.8564683e+00   1.5910130e+01   7.2983316e+00   7.5369226e+00   1.8353398e+01   2.1211143e+01   2.4408392e+01   9.1915878e+00   6.4865975e+01   8.6578777e+00
   5.2631260e+00   4.5442571e+00   7.0808980e+00   5.3637422e+00   5.3873093e+00   7.0228598e+00   6.0793250e+00   5.3086468e+00   5.1204664e+00   5.9864907e+00   5.1628711e+00   5.7053647e+00   5.6770070e+00   5.9177181e+00   6.3026488e+00   7.5797012e+00   6.5887379e+00   6.5801856e+00   6.1215324e+00   4.7778262e+00   4.2534213e+00   7.0456216e+00   4.6491387e+00   5.4242593e+00   1.5108614e+01   6.2282243e+00   9.3434760e+00   5.8955201e+00   1.6800952e+01   5.4854044e+00
   3.9329692e+00   3.8552772e+00   4.6213982e+00   4.6579634e+00   4.2805471e+00   4.6253110e+00   3.6359795e+00   4.2782192e+00   4.3173630e+00   4.7326803e+00   4.6205816e+00   5.4500211e+00   4.3186560e+00   4.7870957e+00   5.2837675e+00   6.2963064e+00   5.3386087e+00   4.0623801e+00   3.4369325e+00   3.7615599e+00   3.2566807e+00   3.6077758e+00   3.6471644e+00   3.7815104e+00   4.3331285e+00   3.4592679e+00   2.8392744e+00   5.0835286e+00   5.5352427e+00   3.9500638e+00
   3.5123333e+00   3.5470771e+00   4.4713422e+00   4.0359731e+00   4.1997285e+00   4.0124799e+00   3.2968194e+00   3.6526334e+00   3.9036805e+00   4.2138782e+00   3.9648253e+00   3.7349306e+00   3.5458567e+00   3.6030939e+00   4.3251110e+00   5.7848091e+00   4.6743208e+00   3.0346857e+00   2.3344180e+00   3.6673004e+00   2.4493086e+00   2.9971920e+00   3.2528267e+00   3.6481617e+00   3.2926720e+00   2.7559732e+00   2.4793408e+00   3.7327407e+00   4.9363602e+00   3.4794944e+00
   2.9189409e+00   3.1751545e+00   4.2110447e+00   3.3553381e+00   3.7585404e+00   2.8560396e+00   2.3596867e+00   3.3152346e+00   3.2659098e+00   3.2700452e+00   3.3792484e+00   8.9419706e-01   2.6271233e+00   2.5590754e+00   3.3265845e+00   5.0611090e+00   4.1946519e+00   2.3619503e+00   1.7114527e+00   2.6236037e+00   2.1954624e+00   1.8265543e+00   2.9190621e+00   3.1466145e+00   2.5117766e+00   2.2525524e+00   1.4515056e+00   3.2241687e+00   4.0914707e+00   3.2595214e+00
   2.5470768e+00   2.4599949e+00   2.8574209e+00   2.6976660e+00   1.9649725e+00   1.3191941e+00   2.1566301e+00   8.9362295e-01   2.5400289e+00   1.1804633e+00   2.9615664e+00   6.6180895e-01   1.5295171e+00   1.4344053e+00   1.1753938e+00   4.3818894e+00   3.4524515e+00   1.7497796e+00   1.0781952e+00   2.4743472e+00   1.9933600e+00   9.1812597e-01   2.5272813e+00   2.8807017e+00   9.2965393e-01   1.3558842e+00   1.1761173e+00   2.7259970e+00   3.5621657e+00   2.7809782e+00
   1.9185809e+00   2.0345070e+00   8.8435998e-01   1.9489927e+00   8.3417132e-01   1.0283829e+00   1.5597104e+00   3.0385001e-01   7.1951236e-01   4.9615833e-01   2.7133617e+00   6.2821304e-01   1.3386739e+00   7.2453567e-01   6.4874820e-01   3.7681192e+00   2.4732728e+00   1.5476830e+00   9.2919355e-01   2.1337236e+00   1.9176193e+00   7.0446517e-01   1.7026268e+00   2.4568541e+00   6.6997138e-01   8.1373151e-01   8.5542729e-01   1.8673288e+00   1.1569468e+00   1.3073463e+00
   1.2602302e+00   1.9676884e+00   5.9949935e-01   1.4940440e+00   6.6453850e-01   7.2220742e-01   1.2796996e+00   2.5255218e-01   4.7367628e-01   4.5591685e-01   2.0763822e+00   6.2606561e-01   1.2189454e+00   6.2949355e-01   6.1887683e-01   1.6268084e+00   1.6998777e+00   1.1094769e+00   8.0078602e-01   1.7909963e+00   1.5443685e+00   6.6144088e-01   7.2278100e-01   1.3774032e+00   5.7519231e-01   5.0103699e-01   6.2106948e-01   9.4815356e-01   8.3462443e-01   1.0459575e+00
