   1.9042677e+03   9.6942718e+02   1.6859849e+03   1.9484167e+03   2.0617971e+03   1.6685342e+03   2.0348625e+03   1.4817715e+03   1.2291829e+03   7.3908862e+02   1.0472208e+03   1.4104175e+03   1.8571172e+03   1.9443493e+03   1.1848214e+03   1.1147003e+03   8.4544673e+02   1.3121636e+03   1.5338491e+03   1.0814927e+03   9.7101615e+02   1.1868219e+03   1.2116441e+03   1.1921097e+03   1.1448015e+03   1.4786762e+03   1.2932017e+03   1.5044816e+03   9.2286531e+02   1.2573225e+03
   1.0085621e+03   7.8706007e+02   9.8628457e+02   1.8951374e+03   1.8114247e+03   1.1643619e+03   1.0253195e+03   9.0701239e+02   1.0828844e+03   7.3240995e+02   7.2092524e+02   8.3521632e+02   1.0038101e+03   1.1200937e+03   6.8074740e+02   1.0464267e+03   8.4544673e+02   9.7163337e+02   1.2284741e+03   8.4613947e+02   8.6964316e+02   7.7613772e+02   1.0718411e+03   8.4637645e+02   9.1998551e+02   7.3127799e+02   8.5423791e+02   1.0137185e+03   8.5641834e+02   1.0314864e+03
   9.4266830e+02   6.6406629e+02   6.9402771e+02   1.1103775e+03   1.1043268e+03   8.1390809e+02   6.9757454e+02   7.4169064e+02   8.3755506e+02   4.9562211e+02   7.0326962e+02   7.5629489e+02   8.4266866e+02   7.8456466e+02   6.5665056e+02   7.0172629e+02   6.9045673e+02   8.5080094e+02   1.0307908e+03   6.5652885e+02   7.0150419e+02   7.2936586e+02   9.8428179e+02   6.2355634e+02   6.2155469e+02   6.8913029e+02   7.8158896e+02   5.1013226e+02   7.2948378e+02   7.7159408e+02
   6.4038793e+02   5.7968181e+02   5.6973744e+02   9.9680901e+02   7.9443256e+02   6.4921071e+02   6.4422229e+02   5.7058540e+02   6.0616408e+02   4.6777098e+02   6.0630382e+02   5.3318393e+02   5.9335286e+02   6.0332907e+02   5.3097066e+02   5.1083362e+02   4.9855394e+02   7.3888424e+02   8.3089985e+02   5.0321889e+02   6.6384736e+02   6.3579734e+02   8.3029373e+02   5.3571340e+02   5.8628767e+02   5.6922000e+02   6.4779691e+02   4.7133042e+02   5.6497296e+02   5.4441158e+02
   5.4060860e+02   5.4211910e+02   5.0387412e+02   8.3309532e+02   6.5999503e+02   5.0518876e+02   5.3864328e+02   5.2329428e+02   4.5802228e+02   4.4759967e+02   5.4120156e+02   4.3496671e+02   4.3009283e+02   5.5662130e+02   4.4451708e+02   4.3511018e+02   4.7169873e+02   6.2396279e+02   7.5645842e+02   4.6108980e+02   4.7817962e+02   4.9424956e+02   6.9666860e+02   4.7077480e+02   5.0514310e+02   5.1059812e+02   5.2529878e+02   4.2041475e+02   5.2181338e+02   4.6318451e+02
   5.0038109e+02   5.1764978e+02   4.8304013e+02   5.6728164e+02   4.7373878e+02   4.7264481e+02   4.4473708e+02   4.9265408e+02   4.0937371e+02   4.2000104e+02   4.9750820e+02   4.0489894e+02   4.0785826e+02   5.2705920e+02   4.1559377e+02   4.1843797e+02   4.4364343e+02   5.4248873e+02   7.0482238e+02   4.4983774e+02   4.2515735e+02   4.4669014e+02   6.5319061e+02   4.5339232e+02   4.4658549e+02   4.2559472e+02   4.6417216e+02   4.0225180e+02   4.3485854e+02   4.2336693e+02
   4.9392701e+02   5.0091070e+02   4.7373229e+02   5.2118302e+02   4.4057463e+02   4.5190265e+02   4.1082350e+02   4.7091908e+02   4.0085528e+02   4.0227846e+02   4.6202636e+02   4.0042642e+02   4.0199922e+02   5.1324228e+02   4.0192008e+02   4.1381556e+02   4.1175208e+02   4.3280782e+02   6.3062473e+02   4.4218305e+02   4.0658430e+02   4.1164218e+02   6.0002389e+02   4.1288085e+02   4.1314607e+02   4.0065745e+02   4.1558549e+02   4.0014269e+02   4.0426054e+02   4.0328159e+02
   4.3801367e+02   4.7217276e+02   4.0268615e+02   4.9803109e+02   4.1346924e+02   4.4723455e+02   4.0019401e+02   4.4528029e+02   4.0001209e+02   4.0001825e+02   4.3413964e+02   4.0000225e+02   4.0059134e+02   5.0505477e+02   4.0004249e+02   4.1230777e+02   4.0033711e+02   4.0095635e+02   4.7376833e+02   4.1464699e+02   4.0040893e+02   4.0770861e+02   4.5380090e+02   4.0028667e+02   4.0020975e+02   4.0001648e+02   4.0288771e+02   4.0001407e+02   4.0003469e+02   4.0002591e+02
   4.0012164e+02   4.6470161e+02   4.0004242e+02   4.6961230e+02   4.0004590e+02   4.4030434e+02   4.0000013e+02   4.0120958e+02   4.0000001e+02   4.0000000e+02   4.0042134e+02   4.0000000e+02   4.0000311e+02   4.9866809e+02   4.0000008e+02   4.0058283e+02   4.0000074e+02   4.0000575e+02   4.0685933e+02   4.0013867e+02   4.0000016e+02   4.0000409e+02   4.0240109e+02   4.0001331e+02   4.0000019e+02   4.0000005e+02   4.0002852e+02   4.0000412e+02   4.0000026e+02   4.0000004e+02
   4.0000005e+02   4.4691150e+02   4.0000000e+02   4.6188947e+02   4.0000006e+02   4.0005208e+02   4.0000000e+02   4.0000001e+02   4.0000000e+02   4.0000000e+02   4.0000001e+02   4.0000000e+02   4.0000003e+02   4.1638418e+02   4.0000000e+02   4.0000001e+02   4.0000000e+02   4.0000000e+02   4.0000013e+02   4.0000001e+02   4.0000000e+02   4.0000000e+02   4.0000003e+02   4.0000001e+02   4.0000000e+02   4.0000000e+02   4.0000000e+02   4.0000000e+02   4.0000002e+02   4.0000000e+02
   4.0000000e+02   4.0000008e+02   4.0000000e+02   4.0197315e+02   4.0000000e+02   4.0000000e+02   4.0000000e+02   4.0000000e+02   4.0000000e+02   4.0000000e+02   4.0000000e+02   4.0000000e+02   4.0000000e+02   4.0003490e+02   4.0000000e+02   4.0000000e+02   4.0000000e+02   4.0000000e+02   4.0000000e+02   4.0000000e+02   4.0000000e+02   4.0000000e+02   4.0000000e+02   4.0000000e+02   4.0000000e+02   4.0000000e+02   4.0000000e+02   4.0000000e+02   4.0000000e+02   4.0000000e+02
   4.0000000e+02   4.0000000e+02   4.0000000e+02   4.0000000e+02   4.0000000e+02   4.0000000e+02   4.0000000e+02   4.0000000e+02   4.0000000e+02   4.0000000e+02   4.0000000e+02   4.0000000e+02   4.0000000e+02   4.0000000e+02   4.0000000e+02   4.0000000e+02   4.0000000e+02   4.0000000e+02   4.0000000e+02   4.0000000e+02   4.0000000e+02   4.0000000e+02   4.0000000e+02   4.0000000e+02   4.0000000e+02   4.0000000e+02   4.0000000e+02   4.0000000e+02   4.0000000e+02   4.0000000e+02
   4.0000000e+02   4.0000000e+02   4.0000000e+02   4.0000000e+02   4.0000000e+02   4.0000000e+02   4.0000000e+02   4.0000000e+02   4.0000000e+02   4.0000000e+02   4.0000000e+02   4.0000000e+02   4.0000000e+02   4.0000000e+02   4.0000000e+02   4.0000000e+02   4.0000000e+02   4.0000000e+02   4.0000000e+02   4.0000000e+02   4.0000000e+02   4.0000000e+02   4.0000000e+02   4.0000000e+02   4.0000000e+02   4.0000000e+02   4.0000000e+02   4.0000000e+02   4.0000000e+02   4.0000000e+02
   4.0000000e+02   4.0000000e+02   4.0000000e+02   4.0000000e+02   4.0000000e+02   4.0000000e+02   4.0000000e+02   4.0000000e+02   4.0000000e+02   4.0000000e+02   4.0000000e+02   4.0000000e+02   4.0000000e+02   4.0000000e+02   4.0000000e+02   4.0000000e+02   4.0000000e+02   4.0000000e+02   4.0000000e+02   4.0000000e+02   4.0000000e+02   4.0000000e+02   4.0000000e+02   4.0000000e+02   4.0000000e+02   4.0000000e+02   4.0000000e+02   4.0000000e+02   4.0000000e+02   4.0000000e+02
   4.0000000e+02   4.0000000e+02   4.0000000e+02   4.0000000e+02   4.0000000e+02   4.0000000e+02   4.0000000e+02   4.0000000e+02   4.0000000e+02   3.1415214e+02   1.0006572e+02   4.0000000e+02   4.0000000e+02   4.0000000e+02   4.0000000e+02   4.0000000e+02   4.0000000e+02   1.0009333e+02   4.0000000e+02   4.0000000e+02   4.0000000e+02   4.0000000e+02   4.0000000e+02   4.0000000e+02   4.0000000e+02   4.0000000e+02   4.0000000e+02   4.0000000e+02   4.0000000e+02   4.0000000e+02
   4.0000000e+02   4.0000000e+02   4.0000000e+02   4.0000000e+02   4.0000000e+02   4.0000000e+02   4.0000000e+02   4.0000000e+02   4.0000000e+02   3.0000000e+02   1.0005282e+02   4.0000000e+02   4.0000000e+02   4.0000000e+02   4.0000000e+02   4.0000000e+02   4.0000000e+02   1.0002186e+02   4.0000000e+02   4.0000000e+02   4.0000000e+02   4.0000000e+02   4.0000000e+02   4.0000000e+02   4.0000000e+02   4.0000000e+02   4.0000000e+02   4.0000000e+02   4.0000000e+02   4.0000000e+02
