   5.9512168e+03   5.7848228e+03   5.3906929e+03   5.8930206e+03   5.3804713e+03   5.9938339e+03   6.1264091e+03   5.9791918e+03   5.0853697e+03   5.7424949e+03   5.9585265e+03   5.9987234e+03   5.7918289e+03   5.5834061e+03   5.6255688e+03   5.4904257e+03   5.7291488e+03   5.8119127e+03   5.7774980e+03   5.6049421e+03   6.1343530e+03   5.4695661e+03   5.8062921e+03   6.1452965e+03   5.5979204e+03   5.8604825e+03   5.5490666e+03   5.9997265e+03   5.7203505e+03   6.1979960e+03
   4.9497037e+03   5.6946121e+03   5.3906929e+03   5.8930206e+03   5.3804713e+03   5.9131876e+03   5.4554475e+03   5.9085074e+03   5.0853697e+03   5.3954240e+03   5.3525429e+03   5.9987234e+03   5.7918289e+03   4.9393152e+03   5.6255688e+03   5.4830768e+03   5.6808487e+03   5.8119127e+03   5.7774980e+03   5.6049421e+03   5.9970366e+03   5.4695661e+03   5.1046816e+03   6.0496101e+03   5.5827198e+03   5.5237619e+03   5.5490666e+03   5.9997265e+03   5.4908773e+03   6.1522417e+03
   4.9497037e+03   5.6946121e+03   5.3906929e+03   5.8154250e+03   5.3804713e+03   4.8221160e+03   5.4554475e+03   5.9085074e+03   5.0485584e+03   5.3954240e+03   5.2010398e+03   5.5415926e+03   5.5517913e+03   4.9393152e+03   5.5001194e+03   5.4830768e+03   5.2635641e+03   5.8119127e+03   5.6598931e+03   5.6049421e+03   5.3137080e+03   4.8496607e+03   5.1046816e+03   5.9164330e+03   5.5827198e+03   5.5237619e+03   5.5002254e+03   5.6087214e+03   5.4908773e+03   5.5184630e+03
   4.9497037e+03   5.6733898e+03   5.3906929e+03   5.8154250e+03   5.3804713e+03   4.8221160e+03   4.9801494e+03   5.1778871e+03   5.0485584e+03   4.8404368e+03   5.2010398e+03   5.5415926e+03   5.3219659e+03   4.8138081e+03   5.3835024e+03   5.3472445e+03   5.2635641e+03   4.9249749e+03   5.1078567e+03   4.9161197e+03   5.2672181e+03   4.8496607e+03   4.7107381e+03   5.9100561e+03   4.9390296e+03   5.5237619e+03   4.8896412e+03   5.1361420e+03   5.0029240e+03   5.1291608e+03
   4.9497037e+03   4.6256985e+03   4.9503983e+03   5.3485000e+03   4.7953369e+03   4.4274305e+03   4.9801494e+03   5.0942530e+03   5.0485584e+03   4.8404368e+03   4.7831373e+03   4.7892929e+03   5.3101174e+03   4.0356841e+03   4.8269967e+03   4.6369867e+03   4.7203180e+03   4.7251898e+03   5.1078567e+03   4.2620597e+03   4.4617216e+03   4.8496607e+03   4.0191190e+03   5.3627055e+03   4.9390296e+03   5.1916325e+03   4.8896412e+03   4.5709498e+03   5.0029240e+03   4.6607907e+03
   4.9497037e+03   4.2043928e+03   3.9963392e+03   3.8514930e+03   4.7953369e+03   3.9925557e+03   4.3976935e+03   4.9776672e+03   4.6344215e+03   4.7679990e+03   3.7115640e+03   4.5924140e+03   5.0591685e+03   2.4875605e+03   4.8269967e+03   4.4581681e+03   4.7203180e+03   4.5225592e+03   4.5113872e+03   4.2620597e+03   3.1468756e+03   4.4264618e+03   3.4377870e+03   4.7361380e+03   4.2599492e+03   4.9570214e+03   4.8620088e+03   4.5709498e+03   3.7692088e+03   4.6607907e+03
   4.7912556e+03   4.2043928e+03   3.1243787e+03   3.8467822e+03   4.6481217e+03   3.8238593e+03   3.3079359e+03   4.1307721e+03   2.7952666e+03   4.7679990e+03   2.8890282e+03   3.2865829e+03   3.8105491e+03   1.9205644e+03   3.9315035e+03   2.4249402e+03   4.4978561e+03   3.6052173e+03   4.3871732e+03   2.1259257e+03   1.0948492e+03   3.3417869e+03   1.7152400e+03   2.4786994e+03   3.1631645e+03   4.2152805e+03   4.8620088e+03   4.4071280e+03   1.5233656e+03   4.2124525e+03
   4.5673587e+03   3.1961826e+03   1.9607237e+03   2.3023431e+03   3.8754279e+03   3.1776631e+03   2.3671262e+03   2.7110099e+03   1.7763901e+03   3.8944437e+03   1.6308473e+03   2.1766902e+03   2.8741684e+03   9.1587720e+02   1.7837318e+03   7.6073394e+02   2.8804429e+03   2.4866851e+03   3.3530810e+03   1.2668577e+03   6.0042580e+02   1.7420352e+03   1.3962392e+03   1.9273968e+03   2.4061649e+03   3.6854981e+03   4.3963978e+03   1.9046157e+03   9.2820168e+02   4.0371279e+03
   3.7428656e+03   1.2786021e+03   1.1800254e+03   1.4531670e+03   1.5063124e+03   1.9148425e+03   9.6419820e+02   1.0008062e+03   1.3163970e+03   2.8501100e+03   8.0073819e+02   1.5874870e+03   1.1587848e+03   7.8070594e+02   8.1741706e+02   2.6414430e+02   1.9824331e+03   1.1039297e+03   1.3442773e+03   6.0450864e+02   2.9922720e+02   7.9505028e+02   9.4244321e+02   1.1569107e+03   9.2894165e+02   1.1820235e+03   3.1919795e+03   8.7814909e+02   7.9139960e+02   3.5731620e+03
   1.6884518e+03   7.0159753e+02   8.0568011e+02   7.6117485e+02   4.5179662e+02   1.0467540e+03   5.1442595e+02   5.5143158e+02   7.3610611e+02   1.1753591e+03   3.5662450e+02   9.6742809e+02   7.0384815e+02   3.8773753e+02   3.4949521e+02   1.6177230e+02   9.4650272e+02   7.7260643e+02   8.1809025e+02   4.4955653e+02   5.2737315e+01   3.3020689e+02   6.2564605e+02   4.8482834e+02   1.3980374e+02   5.0399209e+02   2.2034207e+03   4.3631209e+02   3.9756143e+02   1.9655153e+03
   7.0348344e+02   2.9969171e+02   3.1386991e+02   4.3472009e+02   2.4842233e+02   4.5772321e+02   3.4795229e+02   2.6919868e+02   4.1040234e+02   5.6950023e+02   2.6436025e+02   3.5585239e+02   4.2764096e+02   2.1473781e+02   1.2775517e+02   1.2719723e+02   5.1071465e+02   3.0422990e+02   4.7250263e+02   3.4035236e+02   5.2363199e+01   8.4327849e+01   1.5144698e+02   4.4741417e+02   3.0095351e+01   2.4436416e+02   9.3219979e+02   3.8663941e+02   2.7143661e+02   5.3653188e+02
   1.7270110e+02   1.4803869e+02   2.2888302e+02   1.3418219e+02   1.6478572e+02   2.5731583e+02   2.5090086e+02   1.4989561e+02   1.7987232e+02   2.3865839e+02   5.5688465e+01   2.6357440e+02   2.1216370e+02   1.4213144e+02   9.5225257e+01   1.1945445e+02   3.2990774e+02   1.9514494e+02   3.0133568e+02   1.7981295e+02   5.2363199e+01   8.4262743e+01   1.3214203e+02   1.6706649e+02   3.0095143e+01   1.7252886e+02   1.7837274e+02   2.0984233e+02   2.1459874e+02   2.5099728e+02
   1.1187700e+02   1.1272471e+02   1.4742324e+02   1.0675102e+02   1.2138778e+02   1.9723967e+02   2.0352723e+02   1.1247963e+02   9.6119736e+01   1.4198355e+02   4.1764632e+01   1.0163776e+02   1.1464809e+02   1.0007798e+02   9.5225257e+01   1.0801447e+02   1.9917739e+02   1.2639746e+02   1.6595409e+02   1.2488845e+02   5.2363199e+01   8.4262743e+01   1.3214203e+02   1.2414275e+02   3.0095143e+01   1.1197051e+02   1.0167495e+02   1.5988603e+02   8.4460172e+01   1.0746225e+02
   1.0064374e+02   1.0300470e+02   1.3299849e+02   7.9079345e+01   1.1339075e+02   1.3644031e+02   1.8645397e+02   9.8028722e+01   8.0705154e+01   1.0878656e+02   4.1764632e+01   7.0819152e+01   9.3546408e+01   9.3766228e+01   8.9576747e+01   1.0797201e+02   1.3817700e+02   9.5122985e+01   1.2605271e+02   1.1905533e+02   0.0000000e+00   6.4557641e+01   7.5616357e+01   1.1490688e+02   3.0095143e+01   1.0650821e+02   8.0589787e+01   1.3444981e+02   6.0802552e+01   1.0661683e+02
   1.0064012e+02   9.1986566e+01   1.2463487e+02   6.4279361e+01   1.0536584e+02   1.1085046e+02   1.0190992e+02   9.5272443e+01   8.0705154e+01   7.9758970e+01   0.0000000e+00   6.1640053e+01   6.7774073e+01   9.3765987e+01   5.0687619e+01   9.8365626e+01   1.0977106e+02   8.6280588e+01   1.1013498e+02   1.1905501e+02   0.0000000e+00   6.4557641e+01   5.7534176e+01   1.1490688e+02   3.0095143e+01   8.9090780e+01   4.1764632e+01   1.1990236e+02   3.5484631e+01   8.8773851e+01
   6.5428739e+01   9.1986566e+01   9.8035070e+01   3.0095143e+01   7.2599531e+01   9.3770451e+01   1.0190992e+02   7.6342543e+01   7.5851399e+01   7.5619989e+01   0.0000000e+00   0.0000000e+00   5.4939655e+01   8.4413987e+01   4.6185163e+01   9.0828569e+01   9.4665549e+01   8.5567836e+01   1.0394320e+02   1.0548835e+02   0.0000000e+00   5.0687619e+01   0.0000000e+00   1.0696498e+02   0.0000000e+00   8.7714491e+01   0.0000000e+00   9.8193786e+01   3.5484631e+01   8.2256709e+01
