   6.1181054e+10   5.6702785e+10   5.0676074e+10   5.7295859e+10   5.2280859e+10   5.7908115e+10   4.2580952e+10   5.8930116e+10   6.0930794e+10   4.8241173e+10   5.9339217e+10   3.8273951e+10   6.1674884e+10   3.2410807e+10   6.5677673e+10   5.8372943e+10   5.3996405e+10   6.3895738e+10   5.6133931e+10   5.7295698e+10   5.5838968e+10   3.7791332e+10   5.6900518e+10   5.5076953e+10   5.3378851e+10   6.8823812e+10   4.9055653e+10   6.5194299e+10   3.9528356e+10   6.1483492e+10
   3.8655582e+10   2.7265257e+10   3.0703120e+10   5.7295859e+10   5.2280859e+10   5.1535629e+10   4.2580952e+10   4.0079346e+10   6.0930794e+10   4.4186485e+10   5.7450650e+10   3.8273951e+10   4.5973590e+10   3.2410807e+10   4.4907708e+10   4.4697527e+10   4.4801138e+10   3.2756180e+10   5.6133931e+10   3.3959440e+10   5.5838968e+10   3.7791332e+10   5.6900518e+10   5.0239914e+10   3.0880491e+10   6.8823812e+10   4.9055653e+10   5.9926233e+10   3.9528356e+10   5.0399343e+10
   3.7724931e+10   2.7265257e+10   3.0703120e+10   3.4756189e+10   4.2988142e+10   3.0617122e+10   2.7697121e+10   4.0079346e+10   3.4204993e+10   4.4186485e+10   3.6002847e+10   3.7307440e+10   4.5973590e+10   3.2410807e+10   3.5341204e+10   4.4697527e+10   3.3058327e+10   3.1687813e+10   3.8590303e+10   3.3959440e+10   4.4761252e+10   3.6553919e+10   3.7537910e+10   4.4806097e+10   3.0880491e+10   4.0179093e+10   4.8906449e+10   4.2255707e+10   2.2426787e+10   5.0399343e+10
   2.2740208e+10   2.4903180e+10   1.8064631e+10   1.6375528e+10   1.7091514e+10   1.8933760e+10   1.9907998e+10   3.4112148e+10   3.4204993e+10   2.4426828e+10   2.5747111e+10   2.1898562e+10   2.4860083e+10   2.1576062e+10   2.0991503e+10   3.2344966e+10   2.0474701e+10   2.3087611e+10   2.4009186e+10   1.5154628e+10   1.6335180e+10   1.7422477e+10   1.3912946e+10   3.0682014e+10   2.0131251e+10   3.3076743e+10   2.8128751e+10   1.3191775e+10   2.2426787e+10   3.4025647e+10
   6.1662591e+09   7.6710881e+09   5.6894081e+09   1.0578932e+10   6.1867449e+09   1.0056671e+10   6.5428745e+09   1.7429276e+10   1.7666215e+10   1.1112470e+10   9.9742522e+09   1.0109007e+10   9.9152827e+09   1.1273223e+10   8.0086031e+09   1.2654412e+10   4.1754015e+09   7.3614249e+09   9.6179210e+09   8.8326504e+09   5.3010075e+09   5.9160477e+09   9.1276202e+09   1.3088304e+10   4.4721397e+09   6.5476589e+09   1.1469818e+10   9.4382166e+09   1.0369776e+10   1.1966838e+10
   2.3883347e+09   2.1015059e+09   2.0484262e+09   1.7183888e+09   1.4391691e+09   1.4837474e+09   1.3282070e+09   4.8822033e+09   2.4873598e+09   1.2018209e+09   2.8380000e+09   1.3370435e+09   2.1215571e+09   3.2256827e+09   2.5812860e+09   2.6144122e+09   7.3508206e+08   8.4511932e+08   5.1848022e+08   1.7677455e+09   1.4256147e+09   5.8263301e+08   1.8823463e+09   2.7196176e+09   1.0405003e+09   1.7522753e+09   2.9737535e+09   1.2550999e+09   2.0557763e+09   2.0358240e+09
   3.0553207e+08   1.4234393e+08   5.2105124e+08   1.1445781e+08   5.8995756e+07   6.4536570e+07   9.0555447e+07   1.3809835e+08   1.2062516e+08   3.2816539e+07   2.9075206e+08   8.3335059e+07   1.8210520e+08   2.3035020e+08   8.0281557e+07   1.1789440e+08   5.5170936e+07   6.7025920e+07   5.9215606e+07   1.9153928e+08   8.7933255e+07   9.1194605e+07   5.6653871e+07   1.7716119e+08   1.8175584e+08   7.8031428e+07   2.3460946e+08   1.8238233e+08   1.6530206e+08   2.7405059e+07
   6.6514490e+06   7.7416946e+06   3.8165343e+06   1.3349419e+06   2.4563410e+06   1.2942582e+06   1.9010633e+06   1.3114398e+06   6.0339327e+06   2.2541361e+05   4.4509472e+06   4.5807312e+06   3.3478366e+06   4.2059807e+06   5.3487115e+05   8.5700673e+06   2.2946707e+06   1.8516316e+06   2.1441948e+06   9.1606451e+05   2.2083970e+06   3.0803875e+06   6.2743986e+05   2.0107220e+06   3.3621655e+07   3.0960210e+05   4.6284116e+06   6.9558447e+06   2.7806456e+06   5.7740304e+05
   1.3709222e+04   6.0478400e+04   3.1100816e+04   1.6630057e+04   1.5041983e+04   6.4453273e+03   5.8982649e+03   4.3948202e+03   6.4243686e+04   6.8275511e+02   2.0751637e+04   3.4770637e+04   2.3752088e+04   1.1316217e+05   2.7638184e+03   9.8613153e+04   3.1856267e+04   4.7440215e+04   8.9641356e+04   7.3647202e+02   2.3380376e+04   1.6096254e+04   1.1562913e+04   4.0263103e+03   1.7320412e+05   1.3890962e+03   4.1136206e+04   9.2035379e+04   1.7398613e+04   1.0402478e+04
   2.5445991e+01   5.1257842e+01   3.2408002e+01   2.0467322e+02   4.7080153e+01   5.2422897e+01   1.4840357e+02   3.4517211e+03   2.8471780e+02   1.2365721e+01   1.7387630e+02   5.3236928e+02   7.0272812e+01   7.4858120e+03   1.3660332e+02   6.7096056e+02   1.3345307e+02   4.2353583e+01   1.2347400e+02   1.8163398e+02   6.0269603e+02   2.7492153e+02   1.7786264e+01   6.6160952e+02   5.2431504e+02   2.4422033e+01   4.6396977e+02   2.1318873e+02   1.6604049e+02   1.0837570e+02
   4.7546000e-04   7.2387000e-04   5.1238700e-03   6.6302302e-01   4.5693000e-04   4.1819200e-03   6.0907000e-04   4.6382910e-02   1.7369300e-03   5.7451000e-04   7.8340000e-04   1.1418810e-02   1.0612500e-03   1.3719567e-01   1.6947600e-03   6.4240200e-03   3.8689600e-03   1.5290400e-03   2.6409100e-03   3.4690500e-03   1.1111350e-02   1.8707120e-02   1.2726000e-04   1.5948490e-02   6.2483200e-03   1.9335500e-03   2.1569600e-02   4.1466900e-03   5.3210600e-03   2.4482290e-02
   0.0000000e+00   0.0000000e+00   0.0000000e+00   0.0000000e+00   0.0000000e+00   0.0000000e+00   0.0000000e+00   0.0000000e+00   0.0000000e+00   0.0000000e+00   0.0000000e+00   0.0000000e+00   0.0000000e+00   0.0000000e+00   0.0000000e+00   0.0000000e+00   0.0000000e+00   0.0000000e+00   0.0000000e+00   0.0000000e+00   0.0000000e+00   0.0000000e+00   0.0000000e+00   0.0000000e+00   0.0000000e+00   0.0000000e+00   0.0000000e+00   0.0000000e+00   0.0000000e+00   0.0000000e+00
   0.0000000e+00   0.0000000e+00   0.0000000e+00   0.0000000e+00   0.0000000e+00   0.0000000e+00   0.0000000e+00   0.0000000e+00   0.0000000e+00   0.0000000e+00   0.0000000e+00   0.0000000e+00   0.0000000e+00   0.0000000e+00   0.0000000e+00   0.0000000e+00   0.0000000e+00   0.0000000e+00   0.0000000e+00   0.0000000e+00   0.0000000e+00   0.0000000e+00   0.0000000e+00   0.0000000e+00   0.0000000e+00   0.0000000e+00   0.0000000e+00   0.0000000e+00   0.0000000e+00   0.0000000e+00
   0.0000000e+00   0.0000000e+00   0.0000000e+00   0.0000000e+00   0.0000000e+00   0.0000000e+00   0.0000000e+00   0.0000000e+00   0.0000000e+00   0.0000000e+00   0.0000000e+00   0.0000000e+00   0.0000000e+00   0.0000000e+00   0.0000000e+00   0.0000000e+00   0.0000000e+00   0.0000000e+00   0.0000000e+00   0.0000000e+00   0.0000000e+00   0.0000000e+00   0.0000000e+00   0.0000000e+00   0.0000000e+00   0.0000000e+00   0.0000000e+00   0.0000000e+00   0.0000000e+00   0.0000000e+00
   0.0000000e+00   0.0000000e+00   0.0000000e+00   0.0000000e+00   0.0000000e+00   0.0000000e+00   0.0000000e+00   0.0000000e+00   0.0000000e+00   0.0000000e+00   0.0000000e+00   0.0000000e+00   0.0000000e+00   0.0000000e+00   0.0000000e+00   0.0000000e+00   0.0000000e+00   0.0000000e+00   0.0000000e+00   0.0000000e+00   0.0000000e+00   0.0000000e+00   0.0000000e+00   0.0000000e+00   0.0000000e+00   0.0000000e+00   0.0000000e+00   0.0000000e+00   0.0000000e+00   0.0000000e+00
   0.0000000e+00   0.0000000e+00   0.0000000e+00   0.0000000e+00   0.0000000e+00   0.0000000e+00   0.0000000e+00   0.0000000e+00   0.0000000e+00   0.0000000e+00   0.0000000e+00   0.0000000e+00   0.0000000e+00   0.0000000e+00   0.0000000e+00   0.0000000e+00   0.0000000e+00   0.0000000e+00   0.0000000e+00   0.0000000e+00   0.0000000e+00   0.0000000e+00   0.0000000e+00   0.0000000e+00   0.0000000e+00   0.0000000e+00   0.0000000e+00   0.0000000e+00   0.0000000e+00   0.0000000e+00
