   9.4141895e+02   1.5533581e+03   7.3199417e+02   1.3606476e+03   7.8295207e+02   6.9877256e+02   1.1198881e+03   1.5479652e+03   1.1704527e+03   8.3805551e+02   1.1816608e+03   1.2818981e+03   1.4061594e+03   8.2715047e+02   1.9032835e+03   1.5388242e+03   1.0270530e+03   1.5588629e+03   1.2316989e+03   1.5492015e+03   1.8128995e+03   9.5629591e+02   1.2787590e+03   1.4660233e+03   1.2619444e+03   7.5849974e+02   1.4255583e+03   1.1991236e+03   7.7685923e+02   8.2184978e+02
   7.1031917e+02   8.9427455e+02   7.3199417e+02   1.1011735e+03   7.3608444e+02   6.8537066e+02   8.1794524e+02   8.7571756e+02   5.7810613e+02   7.9344647e+02   8.4652765e+02   1.1166520e+03   6.6884982e+02   5.4374578e+02   1.0276521e+03   5.9873994e+02   6.9718860e+02   5.1584649e+02   7.4489906e+02   9.3926503e+02   9.6307739e+02   7.9066858e+02   8.8651044e+02   1.1432016e+03   8.1432801e+02   6.6250415e+02   1.0257134e+03   6.7849386e+02   5.4199944e+02   7.8078863e+02
   6.5959196e+02   5.5412255e+02   6.6564852e+02   7.2536586e+02   5.1933090e+02   5.8078089e+02   5.9250934e+02   6.2505279e+02   5.7810613e+02   5.6774388e+02   5.6487373e+02   7.8509442e+02   5.8846367e+02   5.2292723e+02   8.0538414e+02   4.8467296e+02   6.1895828e+02   5.1584649e+02   5.1410279e+02   7.7966440e+02   6.8403229e+02   5.5744158e+02   5.8468115e+02   8.3279562e+02   6.0241539e+02   5.1729781e+02   7.6513059e+02   5.9172145e+02   4.7620571e+02   5.8185607e+02
   4.9801387e+02   4.9432320e+02   4.5884397e+02   5.3747558e+02   5.0621220e+02   4.8806701e+02   5.0618950e+02   4.8024355e+02   5.0001324e+02   4.8322429e+02   5.0879002e+02   5.4823301e+02   4.6304889e+02   4.6854498e+02   4.9678907e+02   4.6660515e+02   4.9926678e+02   4.6919723e+02   4.4574231e+02   5.8016187e+02   5.0113518e+02   4.7324678e+02   5.0801871e+02   6.0589791e+02   4.8035081e+02   4.5586457e+02   5.7133591e+02   5.0036692e+02   4.6252254e+02   4.8375054e+02
   4.5880788e+02   4.8812136e+02   4.5164596e+02   5.1291465e+02   4.6420766e+02   4.5989705e+02   4.6898303e+02   4.5553019e+02   4.5024893e+02   4.3317332e+02   4.9287097e+02   4.5673900e+02   4.3790425e+02   4.5413690e+02   4.4081379e+02   4.5157308e+02   4.5902386e+02   4.5693807e+02   4.2548416e+02   4.7312283e+02   4.6584687e+02   4.5750996e+02   4.5364616e+02   4.8958532e+02   4.5948457e+02   4.5099915e+02   4.9466507e+02   4.8626437e+02   4.5204590e+02   4.6041981e+02
   4.4861425e+02   4.8694560e+02   4.4876345e+02   4.9919900e+02   4.5157447e+02   4.4870053e+02   4.5736934e+02   4.5005577e+02   4.1915428e+02   4.1092005e+02   4.8664344e+02   4.4939983e+02   4.2718819e+02   4.4718433e+02   4.1041492e+02   4.4904255e+02   4.4997534e+02   4.4969529e+02   4.2030246e+02   4.5506231e+02   4.5753791e+02   4.5158606e+02   4.4611764e+02   4.6512520e+02   4.5247553e+02   4.4877968e+02   4.5028781e+02   4.6866268e+02   4.5025299e+02   4.5505259e+02
   4.4511822e+02   4.8643218e+02   4.4717835e+02   4.5509534e+02   4.5047579e+02   4.4635259e+02   4.5393379e+02   4.4909096e+02   4.0185144e+02   3.9986375e+02   4.7939269e+02   4.4723537e+02   4.1089949e+02   4.4448020e+02   4.0264019e+02   4.4705555e+02   4.3046451e+02   4.4764025e+02   4.1137668e+02   4.4937161e+02   4.5242258e+02   4.4924733e+02   4.4430406e+02   4.5481203e+02   4.4977942e+02   4.4814645e+02   4.1342983e+02   4.4719755e+02   4.4929708e+02   4.5305664e+02
   4.4419979e+02   4.7174142e+02   4.4503371e+02   4.4634066e+02   4.4845456e+02   4.4576332e+02   4.4982971e+02   4.4852999e+02   3.9960462e+02   3.9879886e+02   4.7222829e+02   4.4696592e+02   3.9877549e+02   4.4382408e+02   4.0127050e+02   4.4642009e+02   4.0281436e+02   4.4729543e+02   4.0022729e+02   4.4643162e+02   4.5149321e+02   4.4663088e+02   4.4388614e+02   4.4591983e+02   4.4783875e+02   4.4814645e+02   3.9966987e+02   4.4421765e+02   4.4894826e+02   4.5036368e+02
   4.4381781e+02   4.4606390e+02   4.4431602e+02   4.4607353e+02   4.4791167e+02   4.4576110e+02   4.4943261e+02   4.4838796e+02   3.9819217e+02   3.9857088e+02   4.7155995e+02   4.4693268e+02   3.9774287e+02   4.4382269e+02   4.0070659e+02   4.4605359e+02   3.9798409e+02   4.4728880e+02   3.9979373e+02   4.4609890e+02   4.5126885e+02   4.4586582e+02   4.4370165e+02   4.4530070e+02   4.4707327e+02   4.4797858e+02   3.9873090e+02   4.4352371e+02   4.4891981e+02   4.4964069e+02
   4.4381777e+02   4.4425286e+02   4.4423509e+02   4.2780806e+02   4.4741500e+02   4.4392123e+02   4.4929085e+02   4.4836409e+02   3.9800062e+02   3.9846069e+02   4.2647639e+02   4.4693268e+02   3.9774287e+02   4.4382269e+02   4.0007081e+02   4.4591217e+02   3.9789855e+02   4.4728875e+02   3.9961057e+02   4.4586543e+02   4.0682422e+02   4.4211242e+02   4.4361517e+02   4.4487328e+02   4.0338779e+02   4.4793486e+02   3.9831489e+02   4.4349862e+02   4.4548934e+02   4.1958144e+02
   4.4361975e+02   4.2867099e+02   4.1332549e+02   4.0219206e+02   4.0116342e+02   4.4350979e+02   4.4498925e+02   4.0670340e+02   3.9786554e+02   3.9822965e+02   3.9812886e+02   3.9934279e+02   3.9774287e+02   4.1421593e+02   3.9980724e+02   4.3541835e+02   3.9776059e+02   4.0802512e+02   3.9960999e+02   4.1166017e+02   3.9828125e+02   4.0832210e+02   4.2471960e+02   4.0190801e+02   3.9963918e+02   4.4231764e+02   3.9826553e+02   4.0264193e+02   4.0971755e+02   3.9903981e+02
   3.9811279e+02   4.0043401e+02   3.9891732e+02   3.9983627e+02   3.9963198e+02   4.1820900e+02   3.9883751e+02   4.0090808e+02   3.9774578e+02   3.9818846e+02   3.9799141e+02   3.9848656e+02   3.9774287e+02   3.9870821e+02   3.9962048e+02   4.0075954e+02   3.9774287e+02   3.9961309e+02   3.9958497e+02   4.0366017e+02   3.9799141e+02   3.9815424e+02   4.0142082e+02   3.9835143e+02   3.9963114e+02   4.0006746e+02   3.9814086e+02   3.9897564e+02   4.0024439e+02   3.9800023e+02
   3.9794044e+02   3.9878668e+02   3.0037764e+02   3.9829948e+02   3.9958497e+02   3.9789427e+02   3.9851991e+02   3.9980264e+02   3.9774567e+02   3.9814286e+02   3.9794044e+02   3.9838162e+02   3.9774287e+02   3.9823927e+02   3.9960999e+02   3.9988608e+02   3.9774287e+02   1.6239003e+02   3.9958497e+02   3.9971104e+02   3.9774287e+02   3.9812599e+02   1.1101220e+02   3.9831218e+02   3.9774290e+02   3.9961061e+02   3.9814086e+02   3.9861254e+02   2.1759984e+02   3.9799141e+02
   3.9774304e+02   3.9827234e+02   2.0000367e+02   3.9818963e+02   3.9958497e+02   3.9774287e+02   3.9835023e+02   3.9958497e+02   3.9774567e+02   1.0065440e+02   3.9774287e+02   2.2587384e+02   3.9774287e+02   3.9819921e+02   3.3841895e+02   3.9780162e+02   3.9774287e+02   1.0022830e+02   3.7317338e+02   3.9958497e+02   3.9774287e+02   3.9806821e+02   1.0007806e+02   1.3955204e+02   3.9774287e+02   3.9958497e+02   3.8014655e+02   3.9816367e+02   1.0015836e+02   3.9774287e+02
   3.9774287e+02   1.1321116e+02   2.0000000e+02   3.9804632e+02   3.9774567e+02   3.9774287e+02   3.9821054e+02   3.9809906e+02   3.9774567e+02   1.0004345e+02   3.9774287e+02   2.0000000e+02   3.9774287e+02   3.9802865e+02   3.0000000e+02   3.9774287e+02   2.0450997e+02   1.0003669e+02   1.0103457e+02   3.9774287e+02   3.9774287e+02   3.9806821e+02   1.0005720e+02   1.0097452e+02   3.9774287e+02   3.0000000e+02   1.0171731e+02   3.9780338e+02   1.0002101e+02   3.9774287e+02
   3.9774287e+02   1.0017681e+02   2.0000000e+02   3.9800899e+02   3.9774287e+02   3.9774287e+02   3.9782261e+02   3.9806821e+02   3.9774567e+02   1.0004026e+02   1.0006481e+02   2.0000000e+02   3.9774287e+02   3.9774287e+02   3.0000000e+02   3.9774287e+02   1.0004624e+02   1.0003011e+02   1.0103369e+02   3.9774287e+02   3.9774287e+02   3.9806821e+02   1.0005615e+02   1.0097345e+02   3.9774287e+02   3.0000000e+02   1.0171393e+02   3.9776245e+02   1.0001626e+02   3.9774287e+02
