   3.4401209e+04   7.6989321e+02   8.9038510e+04   1.2596480e+03   3.1467737e+04   1.8029742e+04   6.5107641e+03   6.0009433e+04   5.0720829e+04   1.6950005e+05   1.6002753e+04   4.5731782e+04   2.1453895e+04   6.8908670e+03   1.3826838e+04   2.5305809e+04   5.1437171e+04   7.3139291e+04   1.1494092e+05   4.3191491e+04   4.5606393e+04   6.5001884e+04   2.0522212e+04   2.0309943e+03   7.2058803e+04   1.9570640e+04   1.5559993e+04   4.0385472e+04   1.6580889e+03   4.7015268e+03
   1.0147093e+03   2.7564240e+02   5.7501313e+02   1.1196838e+03   2.6332930e+03   2.3348963e+02   8.4593506e+02   6.0009433e+04   6.0105454e+03   1.4573943e+04   1.4652526e+04   1.3778514e+04   2.8175356e+02   6.5748173e+03   7.2818923e+01   7.8688584e+02   1.3228575e+03   1.3578282e+04   9.7962208e+02   4.0231957e+03   4.5606393e+04   2.3828711e+04   5.8372613e+02   4.8061231e+02   3.5851799e+04   3.0171142e+03   3.0229739e+02   1.3902944e+01   1.7315795e+02   1.7620988e+03
   2.8192788e+02   2.7564240e+02   1.8346914e+01   1.0886537e+01   1.5358553e+02   2.1133462e+01   1.7737195e+02   2.5011580e+04   1.8212267e+02   2.3104265e+02   3.9038328e+02   4.4226474e+01   9.2486000e+01   8.5031563e+02   2.2106494e+01   3.6546513e+02   3.9043476e+02   2.7720065e+03   3.9814662e+02   4.0193104e+02   6.9415762e+02   6.6817207e+02   1.7156634e+02   2.3254541e+02   5.1778364e+02   2.7379141e+02   2.5023664e+01   1.3902944e+01   1.7315795e+02   1.2976574e+02
   1.8506418e+01   1.0880850e+01   7.6637191e+00   8.7382127e+00   1.3490876e+01   1.1309036e+01   3.5109293e+01   1.3303133e+02   2.1300110e+01   2.2533650e+01   2.7276706e+01   2.8936829e+01   1.2554271e+01   1.2870002e+01   1.0539360e+01   1.0555105e+01   6.4097970e+01   7.0506199e+01   1.9899666e+02   1.1341720e+01   1.5142254e+01   1.3819275e+01   1.4233947e+01   1.6671716e+01   1.4424120e+01   2.6421684e+01   8.1705248e+00   1.3902944e+01   3.6527522e+01   1.9115319e+01
   5.9962296e+00   4.4726404e+00   7.0497679e+00   6.7140791e+00   5.8839467e+00   7.6639306e+00   1.0785586e+01   9.0079129e+00   6.7459039e+00   6.7351680e+00   5.3977961e+00   1.0072630e+01   5.4436761e+00   6.3773554e+00   4.4488427e+00   7.3685544e+00   9.6793425e+00   9.8328418e+00   8.9103354e+01   7.0301587e+00   6.6958543e+00   6.1365235e+00   6.0843519e+00   1.3237509e+01   9.3233921e+00   7.2615742e+00   7.4707930e+00   5.9200256e+00   9.7689612e+00   5.7736391e+00
   4.1047389e+00   3.8530794e+00   3.7559164e+00   5.2107481e+00   5.8260886e+00   5.9854410e+00   7.6488621e+00   5.5856560e+00   5.1952211e+00   5.5431592e+00   5.3977961e+00   4.8747040e+00   4.7543580e+00   5.4702590e+00   4.4488427e+00   4.3892970e+00   5.2341165e+00   6.2881647e+00   6.5371715e+01   4.1776275e+00   5.7069009e+00   5.0047897e+00   5.8274033e+00   7.3174226e+00   7.7952036e+00   5.0077671e+00   7.2645781e+00   5.0819152e+00   5.9595970e+00   4.5108211e+00
   3.7474347e+00   3.8530794e+00   2.9879365e+00   3.0711035e+00   3.7343159e+00   5.1904828e+00   6.6435185e+00   5.5856560e+00   4.5478347e+00   4.1837828e+00   5.2752732e+00   4.3750408e+00   4.7543580e+00   3.1432543e+00   3.4734714e+00   3.6609313e+00   3.8988637e+00   4.3357359e+00   1.5809553e+01   4.1771253e+00   4.2013470e+00   3.6984199e+00   5.4467649e+00   4.5025747e+00   6.4838312e+00   5.0077671e+00   4.2893223e+00   5.0819152e+00   4.3961067e+00   4.2972807e+00
   3.0781951e+00   2.4280834e+00   2.9879365e+00   3.0711035e+00   3.7343159e+00   3.4631665e+00   4.8303413e+00   4.6480010e+00   3.6648558e+00   3.8011989e+00   3.5805497e+00   3.0644086e+00   3.6692240e+00   2.5891835e+00   3.4734714e+00   3.1629536e+00   3.4277133e+00   3.6103306e+00   7.4640497e+00   3.1552994e+00   3.1435439e+00   2.0643014e+00   5.4467649e+00   3.3355206e+00   3.2482180e+00   4.8155455e+00   4.2893223e+00   3.5645786e+00   2.3891017e+00   3.8920839e+00
   2.5733444e+00   2.4280834e+00   2.0897997e+00   1.8380804e+00   2.7757682e+00   2.4476813e+00   4.8303413e+00   3.0436591e+00   2.7813506e+00   2.8188916e+00   2.2365030e+00   2.8767336e+00   3.1841250e+00   2.5891835e+00   2.7632178e+00   3.1629536e+00   2.3091726e+00   3.0982366e+00   4.8480315e+00   2.6513738e+00   3.1185372e+00   1.8735755e+00   5.1797330e+00   2.7449340e+00   3.2482180e+00   3.6012018e+00   4.2893223e+00   2.4769087e+00   2.3891017e+00   3.4945069e+00
   2.5733444e+00   1.4508658e+00   1.8712857e+00   1.4291291e+00   2.7757682e+00   2.4079357e+00   4.4009887e+00   2.8085739e+00   1.9720104e+00   1.4457596e+00   2.0110778e+00   2.6423454e+00   2.1578382e+00   2.4219465e+00   2.1304037e+00   2.8814843e+00   1.9104120e+00   2.6985291e+00   4.4837121e+00   1.2360153e+00   3.1185372e+00   1.4300420e+00   4.2883490e+00   9.4926754e-01   2.9482034e+00   3.6012018e+00   4.2893223e+00   2.3766537e+00   2.2088306e+00   2.0942007e+00
   1.9097273e+00   1.4037580e+00   1.2499456e+00   1.1806347e+00   2.2559758e+00   2.0364307e+00   4.0151724e+00   2.0843399e+00   1.1987294e+00   1.3973569e+00   1.9821054e+00   2.0695144e+00   2.1056067e+00   1.7737515e+00   2.1304037e+00   2.5910627e+00   1.8026517e+00   1.4529595e+00   3.5581043e+00   1.2360153e+00   3.1113487e+00   1.4300420e+00   3.9963296e+00   5.0464427e-01   2.4499809e+00   2.4604703e+00   4.2589759e+00   1.9468135e+00   2.2088306e+00   1.9950337e+00
   1.1197627e+00   1.4037580e+00   9.3623228e-01   1.1614132e+00   1.6206970e+00   1.6733703e+00   3.8938018e+00   1.4402056e+00   1.0576648e+00   1.3973569e+00   1.2538785e+00   1.1963895e+00   1.7954303e+00   1.7620480e+00   2.1230174e+00   2.5319199e+00   1.7526584e+00   1.0133245e+00   2.1689336e+00   1.2268874e+00   1.2293303e+00   1.2678380e+00   3.6250419e+00   3.5526912e-01   1.6275370e+00   1.9777582e+00   2.7070157e+00   1.5697957e+00   1.9370615e+00   1.4552544e+00
   1.1197627e+00   1.1506589e+00   8.7658678e-01   1.0484297e+00   1.2309121e+00   1.5547373e+00   2.3340461e+00   1.4117952e+00   9.0043264e-01   1.1526988e+00   1.0495475e+00   5.5139822e-01   1.6078456e+00   1.4677757e+00   1.3995296e+00   1.4578255e+00   1.7166719e+00   8.7296891e-01   1.4145833e+00   1.2268874e+00   7.7085212e-01   1.2025661e+00   2.2114632e+00   3.4840331e-01   1.1502771e+00   1.3824619e+00   1.2623358e+00   1.3710449e+00   1.4778240e+00   1.1381164e+00
   8.8294123e-01   1.0119240e+00   7.7015352e-01   9.8217257e-01   7.4565953e-01   1.2833360e+00   1.1418308e+00   1.1066978e+00   8.0108599e-01   1.1104792e+00   1.0302501e+00   5.3625350e-01   9.3568971e-01   1.1532062e+00   1.2153877e+00   1.2863821e+00   1.1829103e+00   7.3280498e-01   1.0387749e+00   1.1569783e+00   6.6192745e-01   1.1571958e+00   2.2114632e+00   3.4623399e-01   1.0335945e+00   1.3412382e+00   1.1162909e+00   1.0785529e+00   1.1712911e+00   1.1380157e+00
   6.6511700e-01   7.7432208e-01   6.4138572e-01   8.8566527e-01   6.6230036e-01   1.0131835e+00   9.1851377e-01   8.1269248e-01   7.7026027e-01   6.4653541e-01   8.0986310e-01   5.3625350e-01   7.9022687e-01   1.1014241e+00   9.5881831e-01   1.0988229e+00   9.2483962e-01   5.7804089e-01   1.0138931e+00   1.0776475e+00   5.4853229e-01   1.0099529e+00   6.8916427e-01   3.4594235e-01   7.5938596e-01   1.1017846e+00   8.6084737e-01   8.2928952e-01   1.1194441e+00   6.6841914e-01
   6.4055288e-01   5.2770218e-01   6.4124231e-01   7.3388970e-01   4.4660726e-01   9.6829254e-01   6.2232224e-01   7.1428076e-01   6.5349751e-01   5.7449117e-01   6.0419070e-01   5.1960363e-01   7.1471142e-01   9.8002246e-01   9.5790144e-01   1.0988229e+00   8.9231924e-01   5.4623043e-01   9.4749450e-01   6.7298483e-01   4.9479048e-01   9.1425770e-01   6.8916427e-01   3.4590309e-01   7.4029972e-01   8.8551311e-01   8.6084737e-01   8.0410354e-01   1.0328883e+00   5.9620925e-01
