   8.2001461e+02   1.1226033e+03   1.1176348e+03   8.6990453e+02   9.2242865e+02   7.7142541e+02   1.0138696e+03   1.1297947e+03   1.0291503e+03   1.0883008e+03   8.4647127e+02   1.0826742e+03   8.6076408e+02   8.0892765e+02   6.8340757e+02   9.0119418e+02   8.1558268e+02   6.8250616e+02   5.1992421e+02   7.0843089e+02   1.0437374e+03   9.8211019e+02   1.0891105e+03   6.8116355e+02   9.2818370e+02   6.5148509e+02   9.5328122e+02   8.4053893e+02   7.8432117e+02   9.2968516e+02
   7.8265222e+02   7.3991328e+02   8.4872803e+02   7.3517800e+02   8.7408218e+02   7.7142541e+02   7.1547145e+02   1.0590495e+03   6.4722538e+02   7.0840406e+02   6.6312256e+02   1.0206837e+03   3.6843280e+02   8.0436724e+02   3.1325413e+02   6.6295625e+02   6.9185124e+02   6.8250616e+02   5.1992421e+02   7.0004621e+02   8.7096841e+02   2.4693910e+02   6.5670112e+02   6.4712936e+02   6.1643808e+02   6.5148509e+02   8.5200202e+02   8.4053893e+02   6.0959126e+02   5.6149613e+02
   5.2027179e+02   4.1810543e+02   6.9449345e+02   2.9914860e+02   3.0176905e+02   5.8158189e+02   4.2870252e+02   7.0599476e+02   6.4722538e+02   6.7042242e+02   6.3753599e+02   8.4774328e+02   3.6843280e+02   5.6741169e+02   3.1325413e+02   4.8426671e+02   5.5351310e+02   4.1978774e+02   5.1992421e+02   6.2093491e+02   6.0843925e+02   2.4693910e+02   6.5670112e+02   3.5851363e+02   5.5781532e+02   5.9220351e+02   4.0760261e+02   6.4839020e+02   3.7205100e+02   5.6149613e+02
   2.2452221e+02   4.0717773e+02   5.6920027e+02   2.9298077e+02   3.0176905e+02   3.4099693e+02   4.2252480e+02   4.0338247e+02   3.8656964e+02   3.9779351e+02   3.8918022e+02   5.5930635e+02   3.5198548e+02   4.3924733e+02   3.1325413e+02   3.9933661e+02   3.6380472e+02   3.6718490e+02   4.4172752e+02   4.2114286e+02   2.2915197e+02   2.4693910e+02   4.2543469e+02   2.7889907e+02   4.9414304e+02   5.4852740e+02   3.1268245e+02   4.5574745e+02   3.0175119e+02   4.8611464e+02
   1.7553218e+02   3.3489300e+02   3.6583536e+02   1.8089641e+02   3.0176905e+02   3.4099693e+02   4.0845609e+02   4.0233272e+02   3.5768492e+02   7.4052275e+01   2.8666743e+02   4.9709514e+02   2.3380070e+02   3.7126255e+02   2.5700364e+02   2.8259693e+02   3.3775885e+02   2.5920425e+02   3.5172788e+02   1.1679385e+02   1.4856661e+02   1.1492793e+02   2.2724780e+02   2.4441259e+02   1.5342124e+02   4.5504418e+02   7.4697068e+01   4.1814751e+02   2.7963054e+02   1.2693459e+02
   3.5273116e+01   2.1540607e+02   2.5721820e+02   1.0252746e+02   2.2243749e+02   1.2515005e+02   3.1124291e+02   2.9859107e+02   1.5144309e+02   3.3297961e+01   1.7469242e+02   2.2035298e+02   2.1059301e+02   2.3555080e+02   2.0608576e+02   2.7207891e+02   8.4168301e+01   1.9555685e+02   2.5988850e+02   1.0491313e+02   1.4856661e+02   5.6175769e+01   1.2184454e+02   2.4122554e+02   8.9436751e+01   2.9314200e+02   6.0932081e+01   3.4339027e+02   2.7799357e+02   1.2693459e+02
   1.3135060e+00   1.3514872e+02   1.8111575e+02   1.4979944e+01   2.2243749e+02   5.9080116e+01   2.3462837e+02   1.9538035e+02   1.4149916e+02   2.1609237e+01   1.3662120e+02   1.6159704e+02   1.3107668e+02   9.3656837e+01   1.9701507e+01   1.6019697e+02   5.3461276e+01   1.8902064e+02   3.7087955e+01   1.9633296e+01   7.1863917e+01   1.6607605e+01   6.0260658e+01   2.4082015e+02   2.2946473e+01   2.1307416e+02   3.2088134e+01   3.4339027e+02   2.7773431e+02   3.9066467e+01
   6.9812251e-01   1.2069367e+02   2.3044343e+01   1.3099972e+01   5.5398950e+01   9.3430270e+00   2.3182685e+02   5.1362535e+01   1.2335761e+02   2.0121945e+00   1.2923640e+02   1.2745847e+02   1.2050957e+02   4.5591269e+01   9.7014236e+00   1.3810575e+02   6.0328245e+00   1.3982209e+02   6.9840698e+00   1.0335917e+01   7.1863917e+01   1.2546724e+01   3.9898539e+00   2.4082015e+02   1.3012417e+01   2.1307416e+02   2.6391024e+00   2.0207886e+02   2.7762264e+02   3.9066467e+01
   5.9456809e-01   1.1977834e+02   1.9876917e+01   1.2463237e+01   5.3243559e+01   5.2848769e+00   4.0515178e+00   1.1803871e+01   1.2121348e+02   8.2096712e-01   1.2053033e+02   7.2014942e+01   1.1957431e+02   1.1134415e+01   1.5324720e+00   8.4724547e+00   1.7543462e+00   1.3121625e+02   3.9855682e-01   7.4773095e+00   3.9595060e+01   1.2152278e+01   1.4141719e+00   1.2268824e+02   1.1869161e+01   1.0491641e+02   1.3525910e+00   7.2999325e+01   2.9170524e+01   1.7360656e+01
   5.7546318e-01   2.1987536e+00   3.6532016e+00   1.2094637e+01   2.5107643e+00   4.9798924e+00   6.8769441e-01   1.0774309e+01   2.2427552e+00   6.3048769e-01   3.2754665e+01   2.9132396e+01   1.6765557e+01   1.3533704e+00   1.2239101e+00   3.2921158e+00   1.4496899e+00   1.3947957e+01   2.2335596e-01   5.8410763e+00   5.5912801e+00   1.1999083e+01   8.1888850e-01   3.9574827e+00   1.1723260e+01   2.2787424e+01   1.3271161e+00   7.2877384e+01   1.4194756e+01   1.0259111e+01
   5.7374437e-01   1.2004798e+00   8.0671198e-01   1.1752729e+01   8.4273965e-01   9.7465919e-01   5.7642848e-01   1.3111614e+00   1.5928243e+00   6.2998008e-01   1.2947290e+00   1.9096916e+00   1.2070867e+01   6.8690446e-01   1.2239101e+00   1.0118814e+00   1.4370887e+00   1.2318732e+01   1.0001456e-01   2.2903149e+00   8.4157894e-01   1.1923328e+01   7.6173351e-01   1.2428941e+00   8.7232349e+00   2.4109273e+00   1.2688534e+00   1.8738788e+01   1.2894017e+01   1.2805387e+00
   5.7352689e-01   8.4728191e-01   7.0719397e-01   1.1387563e+01   7.0748461e-01   8.3536813e-01   5.7350176e-01   5.4166546e-01   1.5917080e+00   6.1818246e-01   5.6932246e-01   1.0523317e+00   1.1908902e+01   5.8423765e-01   1.2192715e+00   9.5085189e-01   1.4330731e+00   1.2010856e+01   7.8403890e-02   1.8819951e+00   7.5698046e-01   1.1803063e+01   6.5812605e-01   1.1303131e+00   7.4023623e-01   1.2268808e+00   1.2609922e+00   2.1911287e+00   1.9609850e+00   1.2425821e+00
   5.7350919e-01   5.0337449e-01   6.9385718e-01   1.1367814e+01   7.0660178e-01   8.3283920e-01   5.7195455e-01   3.8072010e-01   1.5916753e+00   6.0833634e-01   4.8357834e-01   8.3379516e-01   7.3325036e-01   5.2905633e-01   1.2082895e+00   9.4072474e-01   1.4329292e+00   1.1912557e+01   6.5004120e-02   5.9422942e-01   6.9825017e-01   1.1626070e+01   6.2222901e-01   1.0612610e+00   6.3698587e-01   7.0573648e-01   1.2465105e+00   5.9357911e-01   4.9104651e-01   1.2302344e+00
   5.7350908e-01   4.8549241e-01   6.9366458e-01   1.1324414e+01   6.6095452e-01   8.3246619e-01   5.1767069e-01   2.1359187e-01   7.2743768e-01   5.9730978e-01   4.7792701e-01   7.8775654e-01   7.2751159e-01   4.8959997e-01   1.2005724e+00   9.1914086e-01   1.4329154e+00   3.3351254e+00   5.1190090e-02   4.8400524e-01   6.9648879e-01   1.1510092e+01   6.1485389e-01   1.0553747e+00   6.3304017e-01   5.4187034e-01   1.2436118e+00   5.4894102e-01   4.6959592e-01   1.2302344e+00
   5.7350902e-01   4.7360649e-01   6.9366117e-01   1.7194880e+00   6.5872874e-01   8.3246524e-01   5.1695312e-01   1.0235234e-01   7.2730679e-01   5.6256588e-01   4.7500853e-01   7.8571506e-01   7.2749862e-01   4.6337199e-01   1.1990361e+00   9.0773147e-01   7.7415292e-01   3.7476338e-01   5.1190090e-02   4.6946469e-01   6.9648867e-01   1.1446960e+01   6.1371869e-01   1.0492203e+00   6.3302001e-01   4.9821410e-01   1.2436074e+00   5.3227868e-01   4.6958497e-01   1.2265297e+00
   5.7350896e-01   4.4764996e-01   6.9366117e-01   2.7560709e-01   6.4831509e-01   8.3246524e-01   5.1695229e-01   7.6792240e-02   5.9287520e-01   5.4754081e-01   4.7500853e-01   7.4231259e-01   7.2749862e-01   4.2016325e-01   1.1963454e+00   9.0772535e-01   7.2130850e-01   3.6490523e-01   4.9498700e-02   4.6664807e-01   6.9648867e-01   1.1441041e+01   6.0897647e-01   1.0386645e+00   6.3302001e-01   4.8955711e-01   1.2435686e+00   5.1355222e-01   4.6958493e-01   1.2246936e+00
