   5.3249259e+04   6.9438921e+04   1.3376859e+04   1.2439849e+03   1.3660809e+04   6.1668210e+04   6.2494648e+04   4.5321208e+04   7.4274722e+04   1.5733866e+04   4.8310200e+04   7.6804852e+04   6.2261611e+04   1.4082189e+05   3.3248486e+04   3.9041370e+04   2.8459612e+04   1.3665455e+04   9.3736906e+02   1.6685711e+04   7.8014781e+04   1.8463318e+05   1.2295253e+04   1.2132906e+04   3.2624294e+04   6.3584747e+03   1.7058571e+04   5.1120902e+03   4.0888019e+04   2.7610425e+04
   3.8912847e+04   6.2308879e+03   4.8453483e+03   1.2439849e+03   2.0253493e+03   1.5887735e+04   5.8314208e+02   4.8862954e+03   7.8479458e+02   1.0519990e+04   6.6893314e+03   7.7132602e+03   1.1178664e+03   2.6554403e+04   3.3010401e+03   6.9812294e+03   6.9503308e+02   6.6543853e+03   1.5030906e+02   3.2592449e+02   1.3674128e+04   7.1715059e+04   1.2295253e+04   1.6071125e+03   2.3534309e+03   3.0135032e+03   5.6739509e+03   4.6433429e+02   2.2471943e+03   1.3073729e+04
   2.4855565e+02   6.4009912e+01   1.3348811e+03   3.3898819e+02   2.8221981e+02   1.7425180e+03   4.0802273e+01   1.5508289e+03   2.8439779e+01   3.6909209e+03   3.3760142e+02   1.3265698e+03   1.7970557e+02   7.7548692e+02   3.2902263e+03   9.0165577e+02   2.2488252e+02   2.8087228e+02   1.2109609e+01   3.2592449e+02   7.1146896e+01   2.0786863e+03   3.7278770e+03   8.3565543e+01   2.2481618e+02   1.9876375e+02   2.4665337e+03   3.1541152e+01   4.8109917e+02   1.3734310e+03
   3.3148378e+01   1.5064441e+01   2.8574906e+02   3.9535860e+01   2.7943982e+01   2.8635984e+01   9.7533619e+00   8.6330732e+01   9.6173162e+00   8.7173793e+02   9.6847467e+01   3.2756529e+02   6.8194409e+01   2.8721484e+01   1.5733657e+02   2.0859738e+01   3.7922794e+01   1.7616252e+01   8.0893067e+00   3.2767552e+01   1.4569258e+01   1.0824686e+02   1.3694509e+03   1.4607011e+01   2.1368927e+01   1.3203227e+01   2.7757275e+01   8.0237285e+00   4.8184241e+01   6.4025934e+02
   7.7380751e+00   5.2725435e+00   9.8516226e+01   2.2833325e+01   8.9883658e+00   5.3771835e+00   3.8446498e+00   3.3975182e+01   4.4927347e+00   4.3681701e+02   1.1587338e+01   1.0270255e+01   8.9212392e+00   7.6623979e+00   5.4694953e+01   6.0654446e+00   1.4660744e+01   5.8902773e+00   4.2347321e+00   8.2266556e+00   6.7955092e+00   3.9981609e+01   1.4503735e+02   4.4683480e+00   8.0513436e+00   6.9443842e+00   1.0863973e+01   3.6622571e+00   1.2106337e+01   3.1358504e+02
   4.4088896e+00   3.2933774e+00   4.3457631e+01   1.0324400e+01   4.1746201e+00   3.9145848e+00   3.2593926e+00   1.3250057e+01   3.8078130e+00   2.5295179e+02   5.7128081e+00   6.4070984e+00   5.0113074e+00   6.8535707e+00   8.9273061e+00   5.0327690e+00   6.2680271e+00   3.2131017e+00   3.5113181e+00   4.9323118e+00   5.3215484e+00   2.3183793e+01   1.7815952e+01   3.7468451e+00   3.5613326e+00   5.9578463e+00   4.7428260e+00   2.9131552e+00   9.7891184e+00   7.6879958e+01
   3.4586049e+00   2.4603543e+00   1.2476105e+01   6.6652431e+00   1.9261467e+00   2.0174273e+00   2.4814459e+00   9.9076834e+00   2.7516840e+00   4.8285452e+01   5.2988967e+00   3.9060802e+00   3.5204791e+00   5.6709788e+00   6.7584982e+00   3.1438702e+00   4.0721232e+00   1.6445621e+00   2.0760592e+00   3.4544679e+00   2.3663396e+00   9.3125606e+00   1.1444871e+01   3.2059094e+00   3.1179521e+00   2.2796983e+00   3.1775558e+00   2.5909541e+00   5.6411067e+00   1.4073216e+01
   3.0180994e+00   1.4646584e+00   8.8169077e+00   6.3360773e+00   1.5943760e+00   1.4787212e+00   2.2412909e+00   7.9477333e+00   2.1659894e+00   1.1637901e+01   3.2777911e+00   2.5017355e+00   3.1821067e+00   3.7747221e+00   3.2102220e+00   1.5996878e+00   1.7039309e+00   8.6056854e-01   1.6888041e+00   1.6296999e+00   1.5397634e+00   6.0993515e+00   9.0232443e+00   2.1424989e+00   3.0986848e+00   2.2616862e+00   8.3973566e-01   1.3863240e+00   3.9636434e+00   9.0381654e+00
   2.2038110e+00   1.4646584e+00   4.4340928e+00   4.9752575e+00   1.4156274e+00   1.2418423e+00   1.5047617e+00   7.7464160e+00   1.7954817e+00   3.2397705e+00   2.7085863e+00   1.4966792e+00   2.6452231e+00   1.8567842e+00   2.0148515e+00   1.0047410e+00   6.5373143e-01   5.7675345e-01   1.0408862e+00   1.5800499e+00   9.1541542e-01   5.7253732e+00   7.6445425e+00   1.7469985e+00   2.1374540e+00   1.5730600e+00   8.3582382e-01   1.3520931e+00   2.9229353e+00   6.9304163e+00
   1.8367745e+00   1.2189696e+00   2.7051675e+00   1.9525160e+00   9.9678397e-01   7.9468969e-01   1.2549398e+00   4.5325216e+00   9.2454066e-01   2.2421926e+00   2.3223480e+00   1.2627583e+00   1.6554850e+00   1.4054456e+00   1.1133822e+00   6.9308010e-01   5.5986736e-01   3.4500898e-01   9.0695332e-01   7.8764821e-01   9.1541542e-01   1.8300178e+00   3.4751839e+00   1.4303288e+00   1.7677563e+00   1.3704076e+00   6.7267213e-01   9.2940199e-01   2.0665463e+00   8.8909971e-01
   1.5763306e+00   6.8704526e-01   2.4365264e+00   9.3206514e-01   5.8791164e-01   6.8911800e-01   5.9607586e-01   1.0440180e+00   8.0486849e-01   1.1705148e+00   1.8896072e+00   6.3387526e-01   1.1250859e+00   1.1720737e+00   8.2156560e-01   6.7082451e-01   1.9440541e-01   1.8396773e-01   6.6636775e-01   7.2409374e-01   8.7516063e-01   1.2780679e+00   1.5429195e+00   1.1526166e+00   1.3067930e+00   1.2579644e+00   6.1698968e-01   7.5278198e-01   1.8833362e+00   4.3168933e-01
   1.5636314e+00   6.7403598e-01   1.6308003e+00   5.4654246e-01   5.8693140e-01   6.6420257e-01   5.7709976e-01   6.0978355e-01   6.7387509e-01   7.6174162e-01   1.6142114e+00   1.7040381e-01   1.0044725e+00   7.8366226e-01   7.8956338e-01   4.1109869e-01   6.1278080e-02   1.5561225e-01   6.3434081e-01   6.6169638e-01   7.2084976e-01   9.0960857e-01   1.1943207e+00   8.2035699e-01   1.1740267e+00   1.2153276e+00   3.8149703e-01   7.2550134e-01   1.1611402e+00   4.9522800e-02
   7.7627766e-01   5.3554984e-01   1.1313471e+00   4.9426644e-01   5.1427157e-01   6.4752564e-01   5.7658402e-01   5.8791842e-01   5.6584047e-01   6.8906193e-01   5.4787142e-01   1.1486000e-01   7.7041979e-01   5.5796319e-01   5.5393505e-01   3.7626245e-01   2.0416970e-02   6.1724210e-02   5.9798709e-01   6.0120384e-01   6.6224909e-01   5.7627789e-01   9.4170633e-01   5.8237241e-01   1.0226187e+00   8.7669827e-01   2.0754212e-01   6.3292302e-01   9.2791735e-01   4.9379490e-02
   4.2258654e-01   4.4289933e-01   9.4362310e-01   3.4242435e-01   4.3775419e-01   4.9439668e-01   3.0060568e-01   5.8387239e-01   4.4206630e-01   6.1292154e-01   3.9851101e-01   7.8471780e-02   6.4877713e-01   4.1857237e-01   3.8539603e-01   3.0500374e-01   1.1635360e-02   3.3742930e-02   5.6759301e-01   4.3110964e-01   4.9792573e-01   5.7610069e-01   8.7665174e-01   4.8193822e-01   7.4077391e-01   7.0747981e-01   1.3466181e-01   4.2578379e-01   7.7952901e-01   4.9379280e-02
   3.6923249e-01   3.8122635e-01   5.3020375e-01   3.0094827e-01   3.3252202e-01   4.7745482e-01   2.6241189e-01   1.8980030e-01   3.8372000e-01   5.1734516e-01   2.1963312e-01   7.6333020e-02   5.8564420e-01   3.9385797e-01   2.9634353e-01   1.5064544e-01   1.0582510e-02   9.8769000e-03   3.5250856e-01   4.0312287e-01   4.0195384e-01   4.3458402e-01   5.4537239e-01   3.6727472e-01   2.6706397e-01   5.2959366e-01   1.3323468e-01   4.1901474e-01   4.8354811e-01   0.0000000e+00
   2.5778906e-01   3.6574150e-01   3.8506576e-01   2.9963789e-01   2.0175802e-01   8.8943130e-02   2.3947902e-01   1.8850305e-01   3.6490660e-01   4.2917126e-01   1.8053978e-01   3.0742310e-02   5.6580555e-01   3.3391116e-01   2.3853546e-01   9.1711670e-02   9.0659700e-03   2.0000000e-08   3.4569439e-01   3.7693509e-01   3.2840531e-01   2.7374265e-01   3.4262345e-01   3.6530979e-01   2.5920510e-01   3.8986848e-01   7.0969140e-02   4.1785238e-01   1.6080440e-01   0.0000000e+00
