   3.0370701e+02   3.1076214e+02   2.6613754e+02   4.0383101e+02   2.4745898e+02   2.3894852e+02   2.1251199e+02   2.9916523e+02   2.5516606e+02   3.2659979e+02   3.7446435e+02   3.4093247e+02   1.8611993e+02   3.0192898e+02   4.1676435e+02   4.5902187e+02   3.7187615e+02   3.3593606e+02   2.5544679e+02   2.4011895e+02   2.9489160e+02   3.4037149e+02   2.9040426e+02   2.6341759e+02   3.0649222e+02   3.6862662e+02   3.2895956e+02   1.8013700e+02   2.5554603e+02   2.9158547e+02
   2.5442562e+02   2.0974286e+02   1.3232561e+02   2.7136115e+02   1.8284218e+02   1.7901925e+02   8.9227425e+01   2.4612167e+02   1.7054799e+02   2.2998094e+02   1.5972492e+02   2.1032275e+02   1.7142384e+02   1.7637322e+02   2.0202450e+02   2.6413206e+02   2.7686271e+02   2.1339866e+02   1.4931895e+02   1.5352450e+02   1.1740868e+02   1.4113049e+02   2.1377214e+02   1.1640550e+02   1.6024988e+02   2.4527062e+02   1.9221309e+02   1.7150214e+02   2.2122229e+02   1.8013030e+02
   1.3840744e+02   1.3423201e+02   1.2108093e+02   1.0942479e+02   1.3349832e+02   1.1492215e+02   8.9227425e+01   1.6702112e+02   1.2463789e+02   1.6361053e+02   1.1454902e+02   1.6942643e+02   1.4166238e+02   1.6637078e+02   1.3540688e+02   1.8377347e+02   2.0256584e+02   1.2784571e+02   1.1094017e+02   1.1440373e+02   1.0787980e+02   9.7442230e+01   1.5319932e+02   1.1321164e+02   1.0986432e+02   1.5350180e+02   1.5509269e+02   1.2319854e+02   1.3454167e+02   1.2421157e+02
   7.5209709e+01   1.0158401e+02   9.6673443e+01   9.1815096e+01   1.0738417e+02   1.0181645e+02   8.2635805e+01   7.8783978e+01   1.1197986e+02   1.0579399e+02   1.1454902e+02   1.4704540e+02   1.1729546e+02   1.2819575e+02   6.4775953e+01   1.5637509e+02   8.5180735e+01   7.5778644e+01   8.8845233e+01   6.7365090e+01   9.2299943e+01   7.2943944e+01   8.7342702e+01   8.2990348e+01   9.8439662e+01   1.2373153e+02   1.0260329e+02   1.1004708e+02   1.1692965e+02   7.8660729e+01
   6.5999322e+01   9.0072571e+01   7.6761862e+01   8.6762321e+01   9.8120674e+01   7.7892936e+01   5.5734809e+01   5.2124957e+01   9.7771103e+01   9.6446206e+01   9.1085506e+01   1.2536091e+02   5.7620180e+01   1.1275621e+02   6.4775953e+01   7.8220360e+01   6.9293490e+01   6.8486906e+01   7.7992045e+01   6.7365090e+01   8.9868922e+01   5.2322248e+01   7.7071785e+01   7.3090921e+01   6.0414236e+01   8.5955856e+01   6.7562544e+01   7.0947430e+01   8.8844041e+01   6.1737513e+01
   5.7145487e+01   9.0072571e+01   7.3073748e+01   6.6498698e+01   6.0486025e+01   6.8840945e+01   5.4776260e+01   5.2124957e+01   7.4522991e+01   7.7066194e+01   9.1085506e+01   7.8269841e+01   4.9445578e+01   1.0397988e+02   5.5755899e+01   7.8220360e+01   5.3800310e+01   6.0697666e+01   7.0908403e+01   5.2883247e+01   6.5807004e+01   5.2322248e+01   5.5210454e+01   5.9221391e+01   6.0414236e+01   7.7356570e+01   6.7562544e+01   5.1809268e+01   7.9374302e+01   5.1993186e+01
   4.7004909e+01   6.9195497e+01   6.5044812e+01   5.3945026e+01   4.8584161e+01   4.4949138e+01   5.1249444e+01   3.9830784e+01   6.2392955e+01   5.7476577e+01   7.8050808e+01   6.2165604e+01   4.7102174e+01   8.0901439e+01   4.5031930e+01   7.2225268e+01   4.6458680e+01   4.1155080e+01   4.7446654e+01   4.7366823e+01   5.2447166e+01   4.1742117e+01   5.4344471e+01   4.7440867e+01   6.0414236e+01   6.4488956e+01   5.4243891e+01   5.1809268e+01   5.7315846e+01   5.1638149e+01
   4.0762196e+01   6.6593192e+01   3.9496205e+01   4.8481896e+01   4.5748458e+01   4.3723160e+01   5.1249444e+01   3.4795638e+01   4.8671517e+01   3.8295287e+01   6.2493004e+01   4.5166172e+01   4.4200543e+01   5.2546839e+01   3.6753074e+01   5.9371761e+01   3.6231928e+01   3.7820489e+01   4.7446654e+01   3.4551972e+01   4.9363802e+01   3.4272129e+01   4.1213968e+01   4.6548303e+01   4.9676021e+01   5.4123984e+01   2.5759964e+01   5.0274108e+01   4.3759143e+01   3.6143537e+01
   3.1748448e+01   6.2838454e+01   3.3737923e+01   4.7299362e+01   4.0661435e+01   4.3629336e+01   4.6407311e+01   3.4097854e+01   4.1801096e+01   3.8295287e+01   5.1470104e+01   3.6450911e+01   3.4220431e+01   3.7307382e+01   2.4855376e+01   4.6919002e+01   3.3149362e+01   2.9510740e+01   3.5681879e+01   3.0616093e+01   3.9775139e+01   2.8625195e+01   3.9336565e+01   4.4050502e+01   4.6446922e+01   4.5488805e+01   2.4098373e+01   3.7714509e+01   4.3139721e+01   3.0513045e+01
   2.7579907e+01   4.3435236e+01   3.0136602e+01   3.6900767e+01   3.8120048e+01   3.7205955e+01   3.1965791e+01   1.9654785e+01   3.2671929e+01   2.9265814e+01   2.6996464e+01   3.3443387e+01   2.8164843e+01   3.5558316e+01   1.8116912e+01   4.6122804e+01   2.6291343e+01   2.3373531e+01   2.0369782e+01   2.3370018e+01   3.4327735e+01   2.0935578e+01   3.0544840e+01   3.3476377e+01   2.7923056e+01   4.2009807e+01   2.2500058e+01   2.3061663e+01   3.0213728e+01   2.9997176e+01
   2.5538070e+01   3.7668541e+01   3.0038773e+01   2.5328277e+01   3.7078244e+01   3.0475767e+01   2.3470337e+01   1.5899474e+01   2.8017404e+01   2.7599901e+01   2.1431625e+01   3.0342015e+01   2.6185473e+01   2.5106688e+01   1.8116820e+01   3.7677867e+01   2.3239455e+01   2.2881349e+01   1.9413658e+01   1.8501234e+01   3.3440104e+01   1.7161569e+01   2.2321164e+01   2.9550113e+01   2.3512559e+01   3.5569670e+01   2.1380514e+01   1.4981079e+01   2.8278815e+01   2.8452018e+01
   2.3752630e+01   2.8699073e+01   2.9156821e+01   1.9582414e+01   2.7919681e+01   1.9073699e+01   2.0397063e+01   1.3860070e+01   2.6674532e+01   1.8833717e+01   2.0294751e+01   2.8735801e+01   2.1002487e+01   2.5106688e+01   1.8116820e+01   2.8950719e+01   1.9991144e+01   2.0698372e+01   1.9413658e+01   1.8347771e+01   2.6892233e+01   1.6733044e+01   2.1193284e+01   2.3191135e+01   2.3512559e+01   3.0845366e+01   2.0013933e+01   1.3174969e+01   2.5569053e+01   1.9978750e+01
   2.2055733e+01   2.1290513e+01   2.5508224e+01   1.5700047e+01   2.0201179e+01   1.4884487e+01   1.9733658e+01   1.3651049e+01   2.2539026e+01   1.7818603e+01   1.7171593e+01   2.3479747e+01   1.7000608e+01   2.4613079e+01   1.8116820e+01   2.6225064e+01   1.7318372e+01   1.2388411e+01   1.7899427e+01   1.7622708e+01   2.0537410e+01   1.6088551e+01   1.8870653e+01   1.9605956e+01   2.1463290e+01   2.0201877e+01   1.9433827e+01   1.2956397e+01   1.5839333e+01   1.8364801e+01
   1.6738511e+01   1.7471586e+01   2.1352307e+01   1.5700047e+01   1.5730520e+01   1.2411665e+01   1.5517909e+01   1.3651049e+01   1.3608561e+01   1.5495093e+01   1.3820672e+01   1.7295155e+01   1.7000608e+01   2.1432852e+01   1.6020255e+01   1.4446882e+01   1.5201442e+01   1.2183708e+01   1.2978967e+01   1.6732581e+01   1.5083998e+01   1.4652397e+01   1.5080727e+01   1.4448127e+01   1.3934638e+01   1.9619593e+01   1.8046832e+01   1.2775031e+01   1.5733909e+01   1.5509173e+01
   1.3742800e+01   1.4331920e+01   1.5697238e+01   1.1862342e+01   1.5159672e+01   1.2385930e+01   1.3041834e+01   1.2522753e+01   1.3209600e+01   1.3349214e+01   1.3644138e+01   1.4855100e+01   1.5427255e+01   1.2971735e+01   1.3770139e+01   1.1158700e+01   1.3096961e+01   1.2183708e+01   1.2978266e+01   1.5966443e+01   1.2979869e+01   1.1533562e+01   1.5068111e+01   1.4438720e+01   1.3195892e+01   1.8284315e+01   1.5877719e+01   1.2464280e+01   1.4706913e+01   1.4142227e+01
   1.1402023e+01   1.2104365e+01   1.2071831e+01   1.0727418e+01   1.3064699e+01   1.1244078e+01   1.2451532e+01   1.0981215e+01   1.3209600e+01   1.1982001e+01   1.2350044e+01   1.1914598e+01   1.1593223e+01   1.2397362e+01   1.1896331e+01   1.1158700e+01   1.0946686e+01   1.2183708e+01   1.2965192e+01   1.4239279e+01   1.1185165e+01   1.1010985e+01   1.1817582e+01   1.4438720e+01   1.1675422e+01   1.3457584e+01   1.4769009e+01   1.1479583e+01   1.1543309e+01   1.1359595e+01
