   5.5585887e+03   5.7772403e+03   5.8677015e+03   5.7397505e+03   5.1764201e+03   5.8458990e+03   5.4031684e+03   5.5567844e+03   5.5737674e+03   6.1734226e+03   5.6953641e+03   5.0435715e+03   6.4345165e+03   5.6907543e+03   5.7975606e+03   5.0379410e+03   5.8210449e+03   5.9650264e+03   5.8697340e+03   5.1730935e+03   5.5944739e+03   5.8999338e+03   5.1396414e+03   6.0269773e+03   5.1572902e+03   5.7120834e+03   6.0185136e+03   6.2043344e+03   5.3677046e+03   5.8810920e+03
   5.5585887e+03   5.1833100e+03   5.2707275e+03   5.7397505e+03   5.1764201e+03   5.5070698e+03   5.4031684e+03   5.5567844e+03   5.5737674e+03   5.6774452e+03   5.6953641e+03   5.0435715e+03   5.5435604e+03   5.5702652e+03   5.7631586e+03   5.0379410e+03   5.3558959e+03   5.1469779e+03   5.8697340e+03   5.1730935e+03   5.5620168e+03   5.8597406e+03   5.1396414e+03   5.9627555e+03   5.1321202e+03   5.3043811e+03   5.9625520e+03   5.0206449e+03   5.3677046e+03   5.8810920e+03
   5.1243864e+03   5.1833100e+03   5.2707275e+03   5.7397505e+03   5.1134735e+03   5.5070698e+03   5.4031684e+03   5.5567844e+03   5.5737674e+03   5.6774452e+03   5.6953641e+03   5.0435715e+03   5.5435604e+03   5.0468081e+03   5.1826117e+03   4.5654483e+03   5.3558959e+03   4.8433818e+03   5.5463084e+03   5.1730935e+03   5.5620168e+03   5.7396245e+03   5.1396414e+03   5.8624245e+03   5.1321202e+03   5.3043811e+03   5.5316347e+03   4.8168504e+03   5.3677046e+03   5.3854788e+03
   4.2586949e+03   4.7763907e+03   4.8576900e+03   5.0138781e+03   5.1134735e+03   5.4106714e+03   5.4031684e+03   4.8016142e+03   4.3585930e+03   5.0879974e+03   4.9006068e+03   5.0435715e+03   4.6655096e+03   5.0468081e+03   5.1826117e+03   4.5654483e+03   4.6974344e+03   4.8433818e+03   4.9283323e+03   5.1730935e+03   5.0735477e+03   5.1133319e+03   4.4004871e+03   5.2925571e+03   5.1321202e+03   5.3043811e+03   5.1309707e+03   4.8168504e+03   4.0592884e+03   5.2822099e+03
   4.2483756e+03   4.2718691e+03   4.4197823e+03   4.3631285e+03   4.3434109e+03   4.8543701e+03   3.9882684e+03   3.6249225e+03   3.8472679e+03   4.3519578e+03   4.1918737e+03   4.0704863e+03   4.6655096e+03   4.5317140e+03   4.9098129e+03   4.5425313e+03   3.3962433e+03   4.5960247e+03   4.2671443e+03   4.5983399e+03   4.6180696e+03   4.1465574e+03   4.0939540e+03   4.7350337e+03   4.1374798e+03   4.9417482e+03   4.6039539e+03   3.9834279e+03   3.2604497e+03   4.6121809e+03
   3.4757367e+03   3.6432490e+03   3.4802347e+03   3.8610959e+03   4.0298433e+03   3.2447157e+03   3.7786344e+03   3.1740691e+03   3.5942855e+03   3.9042234e+03   3.2807179e+03   3.8133828e+03   4.0785502e+03   3.8774131e+03   4.3444054e+03   3.3341917e+03   3.1411882e+03   4.1330634e+03   3.6125615e+03   4.5175807e+03   4.0025656e+03   3.0379840e+03   2.6190298e+03   3.9661836e+03   3.4871757e+03   3.6095036e+03   4.0214958e+03   3.9834279e+03   3.2604497e+03   3.9109983e+03
   2.7462133e+03   2.8374544e+03   2.5114283e+03   2.9501800e+03   3.1224071e+03   2.8252867e+03   3.0173679e+03   2.5938108e+03   3.0797416e+03   2.7774017e+03   2.9247517e+03   3.3415319e+03   3.0592015e+03   2.7777411e+03   3.2066944e+03   2.5976626e+03   2.5546320e+03   2.9521665e+03   3.0905949e+03   3.2964549e+03   3.2879654e+03   2.6437165e+03   2.2377202e+03   2.7064803e+03   2.8764015e+03   3.0895626e+03   3.1373642e+03   3.5359270e+03   2.5689862e+03   2.8665789e+03
   1.7667681e+03   2.1275288e+03   2.3267612e+03   1.9799443e+03   2.2590353e+03   2.1686912e+03   2.3212586e+03   2.4860447e+03   2.2420352e+03   2.4323024e+03   1.8731613e+03   2.4263114e+03   2.1324986e+03   2.1383027e+03   2.6018369e+03   1.7850157e+03   1.9283571e+03   2.1297456e+03   2.5809384e+03   2.2098001e+03   2.1860702e+03   1.7545478e+03   2.2073611e+03   2.5789967e+03   1.6229156e+03   1.8113950e+03   1.9179657e+03   3.0077752e+03   2.2211993e+03   2.4355631e+03
   1.0799606e+03   1.4246332e+03   8.0195075e+02   1.0670342e+03   8.0438146e+02   1.5384733e+03   6.4473631e+02   1.5587463e+03   1.3636874e+03   7.2916597e+02   1.2276990e+03   6.3811544e+02   1.8292493e+03   1.1864291e+03   1.8864991e+03   1.1621900e+03   1.3105751e+03   1.2752106e+03   5.5774541e+02   1.1349955e+03   9.9769565e+02   1.4547082e+03   1.5190939e+03   1.4029597e+03   1.0920399e+03   1.2236031e+03   7.3582223e+02   1.7472701e+03   9.9763663e+02   8.2508332e+02
   2.4493344e+02   3.7943179e+02   1.8155635e+02   1.1199106e+02   2.1636907e+02   3.5958110e+02   1.1435328e+02   1.7136756e+02   2.6452967e+02   7.6293710e+01   3.0374484e+02   1.1828274e+02   4.0126477e+02   1.7871442e+02   3.6861401e+02   1.6984668e+02   2.2705313e+02   2.9460798e+02   1.2243498e+02   1.9355322e+02   1.7461712e+02   2.3884418e+02   4.3426356e+02   4.3511279e+02   1.7241292e+02   4.3994586e+02   1.6484905e+02   6.3909833e+02   2.0615593e+02   2.3099944e+02
   2.8543646e+01   2.8399558e+01   3.9076246e+01   2.7725993e+01   3.7179741e+01   4.0883384e+01   1.7519183e+01   2.5048076e+01   3.3198396e+01   2.1501778e+01   2.4770143e+01   2.0401094e+01   5.8091386e+01   1.5163671e+01   5.2599513e+01   2.4782843e+01   2.7295344e+01   4.5123611e+01   2.7828765e+01   2.7751906e+01   2.6506139e+01   2.1001757e+01   3.1766005e+01   7.9844038e+01   2.6058074e+01   6.3859811e+01   2.8539112e+01   7.3016493e+01   2.0539807e+01   2.6523737e+01
   1.8737075e-01   2.4982766e-01   3.1228460e-02   9.3685380e-02   1.4598336e+00   1.8737075e-01   9.3691490e-02   1.3337382e-01   1.8324618e+00   1.9389369e+00   1.8894269e-01   6.9057015e-01   1.5847832e-01   5.1489107e-01   1.2491384e-01   9.3685370e-02   6.6270733e-01   1.8324618e+00   2.4982776e-01   3.5571424e-01   2.8105619e-01   1.2880416e-01   1.5614229e-01   1.8419346e+00   2.4225521e-01   1.0693305e+00   8.6443478e-01   1.7065020e+00   2.8105614e-01   3.7522805e-01
   3.1228460e-02   1.2491383e-01   0.0000000e+00   9.3685370e-02   8.7274970e-02   1.2877458e-01   6.2456920e-02   0.0000000e+00   7.5162570e-02   3.1228460e-02   0.0000000e+00   3.1228460e-02   1.3453704e-01   6.2456920e-02   1.7178880e-02   6.2456920e-02   4.6810780e-02   2.1419082e-01   6.2456920e-02   1.8739178e-01   1.4695986e-01   8.0438050e-02   6.2555720e-02   9.3685370e-02   5.0855520e-02   9.3685370e-02   1.5614229e-01   1.1753354e-01   9.3685370e-02   0.0000000e+00
   0.0000000e+00   3.1228460e-02   0.0000000e+00   3.1228460e-02   0.0000000e+00   0.0000000e+00   0.0000000e+00   0.0000000e+00   3.1228460e-02   0.0000000e+00   0.0000000e+00   0.0000000e+00   0.0000000e+00   3.1228460e-02   0.0000000e+00   3.1228460e-02   0.0000000e+00   3.1228460e-02   6.2456920e-02   6.2456920e-02   6.2456920e-02   5.4200000e-06   0.0000000e+00   3.1228460e-02   0.0000000e+00   3.0000000e-08   3.1228460e-02   3.1228460e-02   4.0571960e-02   0.0000000e+00
   0.0000000e+00   0.0000000e+00   0.0000000e+00   3.1228460e-02   0.0000000e+00   0.0000000e+00   0.0000000e+00   0.0000000e+00   0.0000000e+00   0.0000000e+00   0.0000000e+00   0.0000000e+00   0.0000000e+00   0.0000000e+00   0.0000000e+00   0.0000000e+00   0.0000000e+00   0.0000000e+00   0.0000000e+00   3.1228460e-02   0.0000000e+00   0.0000000e+00   0.0000000e+00   3.1228460e-02   0.0000000e+00   0.0000000e+00   0.0000000e+00   0.0000000e+00   3.1228460e-02   0.0000000e+00
   0.0000000e+00   0.0000000e+00   0.0000000e+00   0.0000000e+00   0.0000000e+00   0.0000000e+00   0.0000000e+00   0.0000000e+00   0.0000000e+00   0.0000000e+00   0.0000000e+00   0.0000000e+00   0.0000000e+00   0.0000000e+00   0.0000000e+00   0.0000000e+00   0.0000000e+00   0.0000000e+00   0.0000000e+00   0.0000000e+00   0.0000000e+00   0.0000000e+00   0.0000000e+00   0.0000000e+00   0.0000000e+00   0.0000000e+00   0.0000000e+00   0.0000000e+00   0.0000000e+00   0.0000000e+00
