   1.4142668e+03   1.0746809e+03   1.1145930e+03   1.6372825e+03   1.0973112e+03   1.1251961e+03   7.4660353e+02   1.6859035e+03   6.2263421e+02   7.2386697e+02   9.5995486e+02   1.0133764e+03   9.4191324e+02   1.2178213e+03   1.3278468e+03   1.5267433e+03   1.7258094e+03   1.1610472e+03   1.1149484e+03   1.1852940e+03   1.2954803e+03   9.3028483e+02   1.0528486e+03   1.2053312e+03   1.9213935e+03   1.1381190e+03   1.0108875e+03   1.1109608e+03   4.7097151e+02   1.9674702e+03
   8.5273273e+02   7.3421976e+02   7.9751701e+02   1.1400046e+03   3.7514558e+02   5.0687910e+02   5.0098041e+02   8.9412072e+02   5.6525209e+02   7.2386697e+02   4.0794499e+02   1.0133764e+03   9.4191324e+02   7.1662320e+02   1.2229484e+03   7.6354891e+02   8.0516899e+02   8.1452741e+02   1.0175605e+03   6.1408923e+02   1.2675283e+03   9.3028483e+02   3.9749674e+02   7.9131676e+02   7.5777159e+02   5.7644877e+02   1.0108875e+03   6.6425475e+02   2.7240313e+02   9.9033103e+02
   7.8183868e+02   4.2799874e+02   7.9751701e+02   3.9870174e+02   3.2728577e+02   2.8905057e+02   2.4925513e+02   4.1513326e+02   3.8184111e+02   1.6772670e+02   2.8405850e+02   5.6751120e+02   4.6966322e+02   4.1628101e+02   1.1395388e+03   6.1945797e+02   2.9230998e+02   3.3920664e+02   7.2044908e+02   4.2873622e+02   9.8956985e+02   3.9344982e+02   2.0430375e+02   3.0724899e+02   4.9489769e+02   2.9501631e+02   6.1991389e+02   2.2600095e+02   1.6791983e+02   4.6702438e+02
   4.6061636e+02   2.4138738e+02   1.9392597e+02   1.4741329e+02   2.6563221e+02   1.6232700e+02   1.3796995e+02   2.0020649e+02   1.8993439e+02   1.6772670e+02   1.4174506e+02   2.0477434e+02   1.9618732e+02   2.5151690e+02   4.0752887e+02   1.3567728e+02   1.5211205e+02   1.4586000e+02   2.4290113e+02   2.0924387e+02   4.5733016e+02   1.5222558e+02   1.4533429e+02   1.5672427e+02   2.3196469e+02   1.8611203e+02   3.8595599e+02   1.4624151e+02   1.4292351e+02   2.0003344e+02
   2.1888227e+02   1.4063316e+02   1.2651368e+02   1.1181548e+02   2.4952251e+02   1.3190036e+02   1.1509611e+02   1.1500048e+02   1.2908020e+02   1.2442143e+02   1.1825988e+02   1.4676125e+02   1.2645856e+02   1.1772217e+02   1.4726715e+02   1.1885771e+02   1.1545656e+02   1.1503906e+02   1.5887203e+02   1.4983180e+02   1.5808462e+02   1.3417442e+02   1.1816426e+02   1.1871963e+02   1.3596403e+02   1.1817992e+02   1.2969194e+02   1.1312769e+02   1.2677105e+02   1.5843689e+02
   1.5533566e+02   1.2207561e+02   1.1416020e+02   1.0565018e+02   1.3394832e+02   1.1693787e+02   1.1102050e+02   1.1033453e+02   1.1070419e+02   1.2354060e+02   1.1396726e+02   1.2608475e+02   1.1119615e+02   1.1096161e+02   1.1890079e+02   1.1234033e+02   1.1022804e+02   1.1001525e+02   1.2496886e+02   1.1849477e+02   1.1469596e+02   1.1985326e+02   1.1107997e+02   1.1334623e+02   1.1955622e+02   1.1157540e+02   1.1731915e+02   1.0784719e+02   1.1679091e+02   1.2829952e+02
   1.1680884e+02   1.1193969e+02   1.1015582e+02   1.0545441e+02   1.2056894e+02   1.1176857e+02   1.0272503e+02   1.0430054e+02   1.0529991e+02   8.6496080e+01   1.0947802e+02   1.1348321e+02   1.0467925e+02   1.0829426e+02   1.1080131e+02   1.0703588e+02   1.0605872e+02   1.0791922e+02   1.1895761e+02   1.1068000e+02   1.0715088e+02   1.0766906e+02   1.0415457e+02   1.1050351e+02   1.1170426e+02   1.0757624e+02   1.0788583e+02   1.0631361e+02   1.1134190e+02   1.1738787e+02
   1.0883524e+02   1.0682157e+02   1.0678128e+02   1.0511084e+02   1.1573288e+02   1.0622277e+02   1.0128910e+02   1.0273051e+02   1.0091497e+02   5.6655425e+01   1.0863448e+02   1.0360033e+02   1.0467925e+02   1.0363407e+02   1.0405191e+02   1.0603495e+02   1.0120163e+02   1.0648005e+02   1.1388798e+02   1.0694652e+02   1.0386290e+02   1.0337012e+02   1.0391324e+02   1.0854025e+02   1.0661216e+02   1.0515328e+02   1.0598260e+02   1.0441966e+02   1.1019739e+02   1.0948860e+02
   1.0288488e+02   1.0315741e+02   1.0469224e+02   1.0328604e+02   1.1415120e+02   1.0415284e+02   1.0125730e+02   1.0262187e+02   1.0056918e+02   3.9242876e+01   1.0629655e+02   1.0079637e+02   1.0342815e+02   1.0067707e+02   1.0325776e+02   1.0458541e+02   1.0003325e+02   1.0551041e+02   1.1280915e+02   1.0373355e+02   1.0314345e+02   1.0236426e+02   1.0353321e+02   1.0850704e+02   1.0661216e+02   1.0398129e+02   1.0341799e+02   1.0298265e+02   1.0894290e+02   1.0619721e+02
   1.0109348e+02   1.0255283e+02   1.0199623e+02   1.0306706e+02   1.1411190e+02   1.0268856e+02   1.0125581e+02   1.0223191e+02   1.0049117e+02   2.9296819e+01   1.0488185e+02   1.0078196e+02   1.0306259e+02   1.0052619e+02   1.0172497e+02   1.0235850e+02   1.0000019e+02   1.0409683e+02   1.1227740e+02   1.0252917e+02   1.0177677e+02   1.0127345e+02   1.0317718e+02   1.0850681e+02   1.0282500e+02   1.0342433e+02   1.0224558e+02   1.0274264e+02   1.0684097e+02   1.0527822e+02
   1.0071502e+02   1.0201463e+02   1.0165457e+02   1.0228169e+02   1.1411172e+02   1.0155526e+02   1.0041893e+02   1.0222418e+02   1.0039428e+02   2.9250901e+01   1.0351144e+02   1.0078127e+02   1.0196279e+02   1.0049144e+02   1.0133939e+02   1.0177748e+02   1.0000000e+02   1.0217377e+02   1.1142589e+02   1.0065641e+02   1.0099418e+02   1.0066800e+02   1.0213084e+02   1.0850677e+02   1.0210837e+02   1.0210369e+02   1.0148236e+02   7.0128114e+01   1.0664726e+02   1.0517038e+02
   1.0041084e+02   6.1037109e+01   1.0160951e+02   1.0166748e+02   1.0064593e+02   1.0083567e+02   5.5912197e+01   1.0222403e+02   6.1438779e+01   2.9250751e+01   9.0318817e+01   1.0078124e+02   7.4456256e+01   1.0049144e+02   6.5856810e+01   1.0157769e+02   8.5217801e+01   7.5772186e+01   1.1096195e+02   8.8323632e+01   7.3518758e+01   1.0064691e+02   1.0101003e+02   1.0246595e+02   6.2210871e+01   9.1850739e+01   1.0101102e+02   4.7397043e+01   8.1232820e+01   1.0460050e+02
   1.0033899e+02   5.2062524e+01   7.1614284e+01   7.7595014e+01   9.6930519e+01   1.0080378e+02   5.3174560e+01   5.0048889e+01   3.2608013e+01   2.7379389e+01   5.2794739e+01   9.1162907e+01   6.3417143e+01   7.6061732e+01   5.9693446e+01   6.2584893e+01   7.6830351e+01   7.3131048e+01   7.2011468e+01   8.0012171e+01   7.1652616e+01   3.5064025e+01   1.0099587e+02   1.0050302e+02   5.8444761e+01   5.5171558e+01   6.2207282e+01   4.5790985e+01   6.2973627e+01   1.0126024e+02
   1.0028638e+02   4.0106574e+01   1.2750601e-01   3.1621831e+01   4.1347822e+01   1.0064331e+02   5.3171815e+01   4.3452606e+01   3.2607686e+01   1.6349852e+01   5.0553286e+01   6.2252112e+01   6.2938494e+01   3.9369300e+01   5.9396620e+01   6.0561336e+01   7.6826950e+01   7.3114768e+01   7.1015675e+01   7.9501058e+01   1.1415276e+01   2.5562647e+01   1.0001030e+02   1.5834642e+01   5.8440848e+01   5.4574627e+01   6.2019887e+01   4.5781668e+01   2.2303047e+01   1.0000000e+02
   9.7985027e+01   3.0750739e+01   0.0000000e+00   1.5560470e+01   0.0000000e+00   1.0064331e+02   5.3171771e+01   0.0000000e+00   1.1563058e+01   1.6349852e+01   2.0647018e+01   1.8723293e+01   1.1563058e+01   3.9369298e+01   2.2456562e+01   6.0436236e+01   7.6826920e+01   1.5181496e+01   3.4346320e+01   1.1396522e+01   0.0000000e+00   1.7886552e+01   1.0000000e+02   1.5834642e+01   1.1563057e+01   1.8709503e+01   1.7520841e+01   1.1563061e+01   1.6094879e+01   1.0000000e+02
   3.8593420e+01   3.0750739e+01   0.0000000e+00   0.0000000e+00   0.0000000e+00   4.0763548e+01   5.3171763e+01   0.0000000e+00   1.1563057e+01   1.1563058e+01   0.0000000e+00   0.0000000e+00   1.1563057e+01   3.9369297e+01   0.0000000e+00   6.0436171e+01   7.6826914e+01   0.0000000e+00   1.1602980e+01   0.0000000e+00   0.0000000e+00   0.0000000e+00   1.0000000e+02   0.0000000e+00   1.1563057e+01   1.1563060e+01   1.1563057e+01   1.1563057e+01   0.0000000e+00   1.0000000e+02
