   5.4413669e+02   4.9446374e+02   5.1446061e+02   5.6160131e+02   4.6837337e+02   4.9124853e+02   4.8858862e+02   4.7842356e+02   4.5714671e+02   4.8495241e+02   5.2257562e+02   5.3172153e+02   4.3386144e+02   5.1761918e+02   4.7640036e+02   4.5049935e+02   5.1504370e+02   4.5654713e+02   4.2230027e+02   6.0324685e+02   4.8403039e+02   5.6293701e+02   5.4423006e+02   4.8243988e+02   5.3843170e+02   4.6529775e+02   5.8148018e+02   5.8859088e+02   4.9191665e+02   5.1033728e+02
   4.9440752e+02   4.5007833e+02   4.3379131e+02   4.3567549e+02   4.3312198e+02   4.4642760e+02   4.6486262e+02   3.8692961e+02   4.4147886e+02   4.5519564e+02   4.3693139e+02   4.5635371e+02   4.3386144e+02   5.0444670e+02   4.7640036e+02   4.2320656e+02   4.2555350e+02   4.2087941e+02   4.2230027e+02   5.2286980e+02   4.8403039e+02   4.9650130e+02   4.4674048e+02   4.5792172e+02   4.7723662e+02   4.5066770e+02   4.4142191e+02   4.9555794e+02   4.8886745e+02   4.5564135e+02
   4.9440752e+02   4.3700385e+02   4.1719088e+02   4.1593652e+02   4.0705247e+02   4.2157044e+02   4.2755493e+02   1.6129145e+02   4.1458859e+02   4.2230566e+02   4.3693139e+02   3.9954377e+02   4.2694029e+02   4.0594897e+02   3.4543762e+02   3.7487370e+02   4.1331007e+02   4.1018523e+02   4.2230027e+02   4.3319610e+02   4.8403039e+02   4.5711984e+02   4.1896839e+02   4.1967054e+02   4.4467695e+02   4.2702941e+02   4.1935305e+02   4.3849364e+02   4.6711736e+02   4.2710935e+02
   4.2105548e+02   3.9915296e+02   3.7739942e+02   3.8703281e+02   3.9825504e+02   3.8792595e+02   4.2755493e+02   1.5566237e+02   4.1458859e+02   4.1444713e+02   4.3433040e+02   3.9916842e+02   3.9616173e+02   3.9315282e+02   3.4543762e+02   3.7487370e+02   4.0162670e+02   3.9763212e+02   3.8310876e+02   4.1298678e+02   4.4031430e+02   4.0597026e+02   4.1795053e+02   4.0448809e+02   4.3691344e+02   4.0655144e+02   4.1456359e+02   3.3377363e+02   4.0485391e+02   3.9555228e+02
   3.8972793e+02   3.7584987e+02   3.7739942e+02   3.6872285e+02   3.8203000e+02   3.7383420e+02   4.0189209e+02   1.5566237e+02   3.9555005e+02   3.9576284e+02   4.0066271e+02   3.8824893e+02   3.7760125e+02   3.8883308e+02   3.4543762e+02   3.7487370e+02   3.9449654e+02   3.8909848e+02   3.1610142e+02   4.0239928e+02   3.5703914e+02   3.7234668e+02   4.0069135e+02   3.4792994e+02   3.8419405e+02   3.8640383e+02   3.7909167e+02   3.2282239e+02   3.8491707e+02   3.7915602e+02
   3.8972793e+02   3.7584987e+02   3.4137740e+02   3.4323641e+02   3.6728790e+02   3.6299646e+02   3.8804163e+02   1.5493621e+02   2.7326556e+02   3.8746523e+02   3.9138357e+02   3.8079758e+02   3.7760125e+02   3.6385245e+02   3.4543762e+02   3.7487370e+02   3.7933483e+02   3.6306818e+02   2.7664306e+02   3.8666840e+02   2.6517785e+02   3.7226995e+02   3.7757054e+02   2.3557639e+02   3.8419405e+02   3.7517180e+02   3.0719436e+02   2.8652923e+02   3.7044204e+02   3.6110403e+02
   3.7155318e+02   3.5609576e+02   3.4137740e+02   3.4188954e+02   3.6475775e+02   3.5697747e+02   3.7035583e+02   1.2707810e+02   2.4914781e+02   3.8164449e+02   3.8892968e+02   3.6969140e+02   3.7531670e+02   3.4718367e+02   2.4395706e+02   3.6826128e+02   3.5503468e+02   3.5954017e+02   2.1367988e+02   3.8447903e+02   2.2071659e+02   3.6518628e+02   3.7158277e+02   1.3152335e+02   3.7284755e+02   2.9473465e+02   2.5834152e+02   2.5205971e+02   3.4744308e+02   3.5979119e+02
   3.6048096e+02   2.8683124e+02   2.7323043e+02   3.4183530e+02   3.5457877e+02   3.4599097e+02   3.5807160e+02   1.1741292e+02   2.0169262e+02   3.6969911e+02   3.6213103e+02   3.5810429e+02   3.4060436e+02   2.7677535e+02   2.2564034e+02   3.6370506e+02   3.5503468e+02   3.5457559e+02   1.9717323e+02   3.6063118e+02   1.7997392e+02   3.4985505e+02   3.6256068e+02   8.9774604e+01   3.5543245e+02   1.5144445e+02   1.7777824e+02   1.8230769e+02   3.4630237e+02   3.5251032e+02
   3.5375020e+02   2.4261130e+02   1.5831738e+02   2.0546653e+02   3.5191589e+02   3.3668213e+02   3.4530190e+02   1.0051322e+02   1.8847298e+02   3.5739317e+02   3.6202500e+02   3.4783201e+02   3.4060436e+02   1.6170297e+02   1.8745283e+02   3.5851986e+02   3.4741845e+02   3.5338810e+02   1.0385655e+02   3.5833080e+02   1.4609922e+02   3.4234717e+02   3.1229074e+02   6.1111851e+01   3.4607915e+02   1.2579401e+01   1.6592084e+02   1.2112187e+02   3.4489174e+02   3.4645503e+02
   3.4822413e+02   1.9232990e+02   5.0430944e+01   1.6877130e+02   3.4288249e+02   3.0040588e+02   3.4396310e+02   1.0000001e+02   1.3129110e+02   3.5162657e+02   2.7053066e+02   3.3640079e+02   1.9912612e+02   1.0579615e+02   1.7315270e+02   2.8465219e+02   2.9231078e+02   2.5702045e+02   1.0000003e+02   3.4917015e+02   1.2530300e+02   3.3663136e+02   2.4850005e+02   3.9545931e-01   3.0978557e+02   6.0108000e-04   1.3118046e+02   1.0000091e+02   3.4489167e+02   3.0250550e+02
   2.2256257e+02   1.1826452e+02   2.0685520e+01   1.0235049e+02   1.6372005e+02   2.1271286e+02   1.6273873e+02   1.0000000e+02   1.0000002e+02   3.2750138e+02   1.8748197e+02   2.6847947e+02   1.1924992e+02   1.0000019e+02   1.1107883e+02   1.5151470e+02   2.3222100e+02   1.3264263e+02   1.0000000e+02   1.9930789e+02   1.0000188e+02   2.1140505e+02   1.7185142e+02   9.6000000e-07   1.4132326e+02   3.0000000e-08   1.0000000e+02   1.0000000e+02   3.4489167e+02   1.7911609e+02
   2.0617257e+02   1.0000000e+02   3.5220000e-05   1.0000000e+02   1.0503334e+02   1.3930098e+02   1.0000000e+02   1.0000000e+02   1.0000000e+02   2.3211285e+02   1.0021233e+02   1.0022541e+02   1.0000000e+02   1.0000000e+02   1.0000084e+02   1.0128588e+02   1.4900159e+02   1.0000000e+02   1.0000000e+02   1.0968951e+02   1.0000000e+02   2.0213657e+02   1.0027727e+02   0.0000000e+00   1.0000001e+02   0.0000000e+00   1.0000000e+02   1.0000000e+02   2.1161878e+02   1.0459502e+02
   1.0243310e+02   1.0000000e+02   0.0000000e+00   1.0000000e+02   1.0000001e+02   1.0000000e+02   1.0000000e+02   1.0000000e+02   1.0000000e+02   2.1129771e+02   1.0000000e+02   1.0000000e+02   9.5178201e+01   1.0000000e+02   1.0000000e+02   1.0000000e+02   1.0000000e+02   1.0000000e+02   1.0000000e+02   1.0000000e+02   1.0000000e+02   1.9008974e+02   1.0000000e+02   0.0000000e+00   1.0000000e+02   0.0000000e+00   1.0000000e+02   1.0000000e+02   2.0110818e+02   1.0000000e+02
   1.0000845e+02   1.0000000e+02   0.0000000e+00   1.0000000e+02   1.0000000e+02   1.0000000e+02   1.0000000e+02   1.0000000e+02   1.0000000e+02   2.1081991e+02   1.0000000e+02   1.0000000e+02   0.0000000e+00   1.0000000e+02   1.0000000e+02   1.0000000e+02   1.0000000e+02   1.0000000e+02   1.0000000e+02   1.0000000e+02   1.0000000e+02   1.0000000e+02   1.0000000e+02   0.0000000e+00   1.0000000e+02   0.0000000e+00   1.0000000e+02   1.0000000e+02   1.1961858e+02   1.0000000e+02
   1.0000000e+02   1.0000000e+02   0.0000000e+00   1.0000000e+02   1.0000000e+02   1.0000000e+02   1.0000000e+02   1.0000000e+02   1.0000000e+02   1.0863789e+02   1.0000000e+02   1.0000000e+02   0.0000000e+00   1.0000000e+02   1.0000000e+02   1.0000000e+02   1.0000000e+02   1.0000000e+02   1.0000000e+02   1.0000000e+02   1.0000000e+02   1.0000000e+02   1.0000000e+02   0.0000000e+00   1.0000000e+02   0.0000000e+00   1.0000000e+02   1.0000000e+02   1.0000003e+02   1.0000000e+02
   1.0000000e+02   1.0000000e+02   0.0000000e+00   1.0000000e+02   1.0000000e+02   1.0000000e+02   1.0000000e+02   1.0000000e+02   1.0000000e+02   1.0000000e+02   1.0000000e+02   1.0000000e+02   0.0000000e+00   0.0000000e+00   1.0000000e+02   1.0000000e+02   1.0000000e+02   1.0000000e+02   1.0000000e+02   1.0000000e+02   1.0000000e+02   1.0000000e+02   1.0000000e+02   0.0000000e+00   1.0000000e+02   0.0000000e+00   1.0000000e+02   1.0000000e+02   1.0000000e+02   1.0000000e+02
