   4.4394629e+10   4.3592571e+10   3.7645640e+10   3.9920015e+10   4.4562667e+10   4.3161819e+10   3.8952161e+10   2.9944565e+10   4.4230552e+10   4.8256326e+10   5.1308070e+10   4.5163299e+10   4.5500363e+10   4.4109645e+10   3.8268897e+10   5.3773665e+10   4.7907902e+10   4.9983966e+10   5.3268248e+10   3.1527827e+10   5.3196279e+10   4.3212219e+10   4.7433914e+10   4.7469948e+10   4.7039513e+10   3.8259314e+10   4.6087162e+10   3.8876718e+10   4.2141258e+10   2.7814273e+10
   3.6769996e+10   2.7599171e+10   3.7645640e+10   3.8593109e+10   4.4562667e+10   4.2658349e+10   3.8952161e+10   2.9944565e+10   3.1675814e+10   4.2438683e+10   4.5525833e+10   2.4702879e+10   4.5500363e+10   2.3780905e+10   3.8268897e+10   4.4033706e+10   3.7265341e+10   2.8477059e+10   3.8116007e+10   3.1527827e+10   4.7423067e+10   3.2317267e+10   4.7342359e+10   4.4134294e+10   3.7403939e+10   3.8259314e+10   3.5047114e+10   3.7773825e+10   3.6328428e+10   2.7814273e+10
   3.3606894e+10   2.7599171e+10   3.7645640e+10   3.7802785e+10   2.4156367e+10   3.7243473e+10   3.0423439e+10   2.9758953e+10   3.1675814e+10   3.0779794e+10   3.2484628e+10   2.4702879e+10   3.4441620e+10   1.9754490e+10   3.8268897e+10   4.4033706e+10   3.0546313e+10   2.8477059e+10   3.3845261e+10   3.1527827e+10   3.9987897e+10   3.2317267e+10   3.9503873e+10   4.1943699e+10   3.7376326e+10   2.8494243e+10   3.4818743e+10   3.7773825e+10   2.7202932e+10   2.7814273e+10
   2.1489522e+10   2.2811794e+10   1.4757411e+10   2.2512970e+10   2.1372382e+10   1.9826876e+10   2.0772055e+10   2.4492390e+10   2.9925782e+10   1.9880688e+10   1.9687276e+10   1.1205907e+10   2.0223140e+10   1.8350613e+10   1.7771985e+10   3.0822588e+10   1.3783789e+10   2.1209905e+10   1.3029766e+10   2.2501735e+10   1.7940287e+10   1.5109948e+10   1.3295531e+10   2.0429367e+10   1.7881031e+10   2.8106794e+10   1.5974413e+10   1.3759534e+10   1.5797689e+10   1.6943085e+10
   4.8284481e+09   1.1657225e+10   5.4714885e+09   1.3297455e+10   8.3866066e+09   1.0117259e+10   8.8047242e+09   6.2753040e+09   9.3838262e+09   4.0237793e+09   9.9683549e+09   3.6613884e+09   5.3115439e+09   5.1494550e+09   8.2085107e+09   1.5801525e+10   5.3595440e+09   6.2366764e+09   4.1183748e+09   1.4138316e+10   6.6949668e+09   5.6244314e+09   6.9960579e+09   5.7493208e+09   5.7805155e+09   9.6688126e+09   8.4382180e+09   7.5620926e+09   8.4226345e+09   7.1010170e+09
   1.5027333e+09   1.6230145e+09   6.0156998e+08   2.2284998e+09   8.4013616e+08   2.9642014e+09   1.0066824e+09   2.1420364e+09   1.7329906e+09   6.3803856e+08   2.8752879e+09   1.7812008e+08   1.4766176e+09   8.4812792e+08   1.4410248e+09   2.0129849e+09   1.4704640e+09   9.1455064e+08   5.2463922e+08   3.2940339e+09   1.1243064e+09   8.2266503e+08   1.4071968e+09   1.0386776e+09   8.4591241e+08   1.0494482e+09   5.9745429e+08   1.0198196e+09   1.5203428e+09   7.9563339e+08
   1.3665813e+08   8.1024867e+07   2.6668651e+07   7.4212667e+07   2.8879193e+07   1.0790594e+08   6.0782332e+07   9.1601624e+07   9.3614493e+07   6.2346785e+07   9.8518504e+07   1.1297497e+07   5.3723668e+07   1.8017139e+07   6.4424313e+07   6.0358715e+07   3.9942770e+07   5.8032458e+07   4.3310566e+07   6.9863602e+07   9.4943489e+07   5.6135637e+07   6.0488669e+07   3.6832652e+07   1.6756336e+07   9.3325214e+07   2.1931896e+07   3.8935766e+07   1.2559208e+08   4.2148697e+07
   2.5656207e+05   8.4024155e+05   2.4642434e+05   8.3292694e+04   2.5429523e+04   3.5991968e+05   6.2448820e+04   1.6307105e+05   2.0200619e+05   4.6497404e+05   2.3366422e+05   2.3271600e+04   5.3467380e+04   5.8081959e+04   2.2563878e+06   1.4704544e+05   1.5878543e+05   1.1588760e+05   3.0136477e+05   9.4755315e+04   3.4307700e+05   8.4744218e+04   3.8767777e+05   3.0282839e+05   2.1267626e+04   2.8952055e+05   8.9797658e+04   2.0457115e+05   2.8076740e+05   3.9106476e+05
   3.6719695e+00   1.8873240e+01   3.5033401e+00   1.9115529e+00   5.2951710e-01   9.2335650e+00   2.1115294e+00   3.4190349e+00   5.5756723e+00   3.5745382e+01   6.2633049e+00   3.3322934e-01   2.1317064e-01   2.1463991e+00   1.6996986e+01   2.2625362e+00   2.0378135e+00   5.9188114e+00   3.4083752e+00   5.7720239e+00   6.4089888e+00   1.8515355e-01   4.2875033e+00   8.5246365e+00   3.7673792e-01   3.2135254e+00   6.5459179e-01   2.0562995e+00   5.3693612e+01   8.7417114e-01
   0.0000000e+00   2.0000000e-08   7.0000000e-08   0.0000000e+00   0.0000000e+00   1.4000000e-07   0.0000000e+00   4.0000000e-08   2.0000000e-08   5.6000000e-07   2.0000000e-08   0.0000000e+00   0.0000000e+00   1.0000000e-07   8.0000000e-08   0.0000000e+00   0.0000000e+00   5.0000000e-08   1.0000000e-08   7.0000000e-08   1.0000000e-07   0.0000000e+00   0.0000000e+00   1.3000000e-07   0.0000000e+00   0.0000000e+00   0.0000000e+00   1.1000000e-07   7.1700000e-06   0.0000000e+00
   0.0000000e+00   0.0000000e+00   0.0000000e+00   0.0000000e+00   0.0000000e+00   0.0000000e+00   0.0000000e+00   0.0000000e+00   0.0000000e+00   0.0000000e+00   0.0000000e+00   0.0000000e+00   0.0000000e+00   0.0000000e+00   0.0000000e+00   0.0000000e+00   0.0000000e+00   0.0000000e+00   0.0000000e+00   0.0000000e+00   0.0000000e+00   0.0000000e+00   0.0000000e+00   0.0000000e+00   0.0000000e+00   0.0000000e+00   0.0000000e+00   0.0000000e+00   0.0000000e+00   0.0000000e+00
   0.0000000e+00   0.0000000e+00   0.0000000e+00   0.0000000e+00   0.0000000e+00   0.0000000e+00   0.0000000e+00   0.0000000e+00   0.0000000e+00   0.0000000e+00   0.0000000e+00   0.0000000e+00   0.0000000e+00   0.0000000e+00   0.0000000e+00   0.0000000e+00   0.0000000e+00   0.0000000e+00   0.0000000e+00   0.0000000e+00   0.0000000e+00   0.0000000e+00   0.0000000e+00   0.0000000e+00   0.0000000e+00   0.0000000e+00   0.0000000e+00   0.0000000e+00   0.0000000e+00   0.0000000e+00
   0.0000000e+00   0.0000000e+00   0.0000000e+00   0.0000000e+00   0.0000000e+00   0.0000000e+00   0.0000000e+00   0.0000000e+00   0.0000000e+00   0.0000000e+00   0.0000000e+00   0.0000000e+00   0.0000000e+00   0.0000000e+00   0.0000000e+00   0.0000000e+00   0.0000000e+00   0.0000000e+00   0.0000000e+00   0.0000000e+00   0.0000000e+00   0.0000000e+00   0.0000000e+00   0.0000000e+00   0.0000000e+00   0.0000000e+00   0.0000000e+00   0.0000000e+00   0.0000000e+00   0.0000000e+00
   0.0000000e+00   0.0000000e+00   0.0000000e+00   0.0000000e+00   0.0000000e+00   0.0000000e+00   0.0000000e+00   0.0000000e+00   0.0000000e+00   0.0000000e+00   0.0000000e+00   0.0000000e+00   0.0000000e+00   0.0000000e+00   0.0000000e+00   0.0000000e+00   0.0000000e+00   0.0000000e+00   0.0000000e+00   0.0000000e+00   0.0000000e+00   0.0000000e+00   0.0000000e+00   0.0000000e+00   0.0000000e+00   0.0000000e+00   0.0000000e+00   0.0000000e+00   0.0000000e+00   0.0000000e+00
   0.0000000e+00   0.0000000e+00   0.0000000e+00   0.0000000e+00   0.0000000e+00   0.0000000e+00   0.0000000e+00   0.0000000e+00   0.0000000e+00   0.0000000e+00   0.0000000e+00   0.0000000e+00   0.0000000e+00   0.0000000e+00   0.0000000e+00   0.0000000e+00   0.0000000e+00   0.0000000e+00   0.0000000e+00   0.0000000e+00   0.0000000e+00   0.0000000e+00   0.0000000e+00   0.0000000e+00   0.0000000e+00   0.0000000e+00   0.0000000e+00   0.0000000e+00   0.0000000e+00   0.0000000e+00
   0.0000000e+00   0.0000000e+00   0.0000000e+00   0.0000000e+00   0.0000000e+00   0.0000000e+00   0.0000000e+00   0.0000000e+00   0.0000000e+00   0.0000000e+00   0.0000000e+00   0.0000000e+00   0.0000000e+00   0.0000000e+00   0.0000000e+00   0.0000000e+00   0.0000000e+00   0.0000000e+00   0.0000000e+00   0.0000000e+00   0.0000000e+00   0.0000000e+00   0.0000000e+00   0.0000000e+00   0.0000000e+00   0.0000000e+00   0.0000000e+00   0.0000000e+00   0.0000000e+00   0.0000000e+00
