   3.7589185e+02   1.6221526e+02   3.2302421e+02   5.8628445e+02   2.5271710e+02   2.8554336e+02   2.2554845e+02   3.9307565e+02   4.7723327e+02   2.7541055e+02   3.2167042e+02   2.6512716e+02   5.1902566e+02   5.6227036e+02   2.9654255e+02   6.6158965e+02   5.0387359e+02   4.7928564e+02   1.7006398e+02   4.6524230e+02   5.6682191e+02   5.0817620e+02   5.3172599e+02   4.8854416e+02   3.5200780e+02   5.5066766e+02   2.2954391e+02   4.5510022e+02   5.4779628e+02   7.2235205e+02
   1.6791369e+02   1.1777386e+02   1.9228304e+02   3.1444313e+02   2.0311159e+02   1.9729335e+02   1.9881331e+02   1.2141020e+02   2.4535414e+02   1.0920666e+02   2.2581813e+02   1.5473980e+02   2.3001388e+02   2.6293493e+02   1.2566787e+02   3.0479266e+02   1.5692188e+02   2.2529603e+02   1.1705488e+02   2.6354197e+02   3.9045324e+02   2.8879546e+02   2.4815091e+02   2.4124869e+02   2.1148203e+02   3.0315676e+02   1.2784512e+02   3.6591701e+02   2.5815119e+02   3.8436111e+02
   1.6099124e+02   8.9797392e+01   1.2605778e+02   2.2497271e+02   1.4369712e+02   9.7432438e+01   1.5402086e+02   7.8087695e+01   1.3194629e+02   8.2368648e+01   1.0561969e+02   1.1762143e+02   1.4839548e+02   1.1739838e+02   9.3111670e+01   1.6498213e+02   1.1246481e+02   1.4973224e+02   6.4773175e+01   1.4145882e+02   1.8339009e+02   1.6287472e+02   1.6093121e+02   1.1309291e+02   1.4879262e+02   2.4319164e+02   1.2784512e+02   1.6445332e+02   1.5796483e+02   1.9395893e+02
   8.2749825e+01   7.9340315e+01   9.0675560e+01   1.4128621e+02   1.0889367e+02   7.0029152e+01   9.2695003e+01   6.6974683e+01   8.1186689e+01   7.6957430e+01   7.6949308e+01   7.7208986e+01   1.1561770e+02   8.0167522e+01   7.0654648e+01   9.1051589e+01   7.5575182e+01   7.7246004e+01   5.0670575e+01   9.0243900e+01   1.4529293e+02   1.1426648e+02   9.2929325e+01   9.7103098e+01   9.0796850e+01   7.4608825e+01   9.1601034e+01   1.2064001e+02   1.0150221e+02   1.0650563e+02
   6.6340337e+01   4.0104858e+01   7.7477233e+01   9.2559947e+01   9.2148700e+01   4.4686873e+01   8.5117046e+01   5.8714514e+01   3.5854595e+01   6.7093476e+01   5.5986930e+01   2.0797998e+01   8.5451573e+01   5.7554006e+01   4.8713436e+01   4.1269369e+01   4.8031529e+01   5.4477411e+01   2.3198358e+01   5.4217761e+01   8.9621531e+01   9.1455756e+01   7.5771496e+01   8.5987041e+01   5.7036859e+01   4.2999963e+01   5.2243111e+01   8.8415957e+01   7.9610136e+01   7.9195954e+01
   3.5268366e+01   1.8111257e+01   6.6158529e+01   7.1021185e+01   6.3326130e+01   3.5844298e+01   8.3906453e+01   5.7011183e+01   1.2263568e+01   6.3970191e+01   4.5133193e+01   9.4287055e+00   6.7401667e+01   1.8429207e+01   1.2327648e+01   1.8297956e+01   1.5467823e+01   2.8015006e+01   9.3361391e+00   2.6007070e+01   5.4560295e+01   8.1855504e+01   6.5038158e+01   6.9144112e+01   3.5060523e+01   1.9384349e+01   1.8603965e+01   6.8284338e+01   6.9733687e+01   6.9198712e+01
   8.5070960e+00   9.5073546e+00   6.4010966e+01   6.3854340e+01   1.2213936e+01   1.0632055e+01   8.3698028e+01   5.5390930e+01   1.6196444e+00   4.8458357e+01   1.6990611e+01   2.3009070e+00   4.2840901e+01   2.3515636e+00   5.2542876e+00   1.4369446e+01   8.0459624e+00   1.6864551e+01   3.3158517e-01   1.0516821e+01   9.0948816e+00   8.1191871e+01   6.2900687e+01   1.0096316e+01   1.0205556e+01   1.0486388e+01   5.9661870e+00   3.0921566e+01   6.6120034e+01   4.3966804e+01
   1.3289773e+00   7.1031053e+00   6.2778862e+01   6.2936481e+01   3.3484892e-01   1.8376744e-01   8.3194127e+01   5.4486898e+01   5.1953880e-02   4.5200414e+01   6.9895763e+00   3.8707200e-02   7.1974704e+00   4.5082400e-03   3.7514090e+00   1.3695561e+01   6.0085565e-01   5.8597306e+00   1.9228853e-01   1.7433258e+00   7.1616790e-02   5.6509822e+01   6.1177513e+01   6.7101379e-01   3.7147830e-01   2.2526600e+00   5.8834070e-02   6.4958108e-01   2.0122961e+01   3.0666735e+01
   1.2398300e-03   6.9258766e+00   6.2693588e+01   6.1865736e+01   1.8177000e-04   3.7476000e-04   8.3104814e+01   5.4460246e+01   2.6610000e-05   4.3435288e+01   7.3015000e-03   4.1221000e-04   4.2172500e-03   1.6338000e-04   1.6589900e-03   1.3384720e+01   4.7763000e-04   5.3535840e+00   2.1547800e-03   9.9836087e-01   7.1510000e-05   1.6727318e+01   6.0584404e+01   4.2389967e-01   9.5922100e-03   1.1581625e+00   3.8962000e-04   2.0812000e-04   6.9176962e+00   9.3936261e+00
   5.1000000e-07   6.9160161e+00   5.3254200e+01   1.7051289e+01   3.0000000e-08   5.0000000e-08   9.8381906e+00   2.6323212e+01   1.0000000e-08   2.2847677e+01   4.5000000e-07   0.0000000e+00   1.6200000e-06   2.0000000e-08   1.8800000e-06   1.3380436e+01   0.0000000e+00   5.3535431e+00   2.0000000e-08   1.8025000e-04   2.0000000e-08   1.9679100e-03   2.1446328e+01   6.2140000e-05   7.8000000e-07   1.6635000e-04   0.0000000e+00   2.0000000e-08   5.2383520e+00   7.4927872e-01
   0.0000000e+00   6.8823829e+00   5.6259000e-04   3.3709275e+00   0.0000000e+00   0.0000000e+00   1.5227309e+00   7.9621881e+00   0.0000000e+00   7.8037000e-04   0.0000000e+00   0.0000000e+00   0.0000000e+00   0.0000000e+00   0.0000000e+00   1.0250000e-05   0.0000000e+00   3.0000000e-06   0.0000000e+00   0.0000000e+00   0.0000000e+00   0.0000000e+00   1.0215287e+01   4.0000000e-08   0.0000000e+00   0.0000000e+00   0.0000000e+00   0.0000000e+00   8.7560000e-05   1.0930000e-04
   0.0000000e+00   3.5543000e-04   0.0000000e+00   0.0000000e+00   0.0000000e+00   0.0000000e+00   0.0000000e+00   0.0000000e+00   0.0000000e+00   0.0000000e+00   0.0000000e+00   0.0000000e+00   0.0000000e+00   0.0000000e+00   0.0000000e+00   0.0000000e+00   0.0000000e+00   0.0000000e+00   0.0000000e+00   0.0000000e+00   0.0000000e+00   0.0000000e+00   8.0302965e+00   0.0000000e+00   0.0000000e+00   0.0000000e+00   0.0000000e+00   0.0000000e+00   0.0000000e+00   0.0000000e+00
   0.0000000e+00   0.0000000e+00   0.0000000e+00   0.0000000e+00   0.0000000e+00   0.0000000e+00   0.0000000e+00   0.0000000e+00   0.0000000e+00   0.0000000e+00   0.0000000e+00   0.0000000e+00   0.0000000e+00   0.0000000e+00   0.0000000e+00   0.0000000e+00   0.0000000e+00   0.0000000e+00   0.0000000e+00   0.0000000e+00   0.0000000e+00   0.0000000e+00   0.0000000e+00   0.0000000e+00   0.0000000e+00   0.0000000e+00   0.0000000e+00   0.0000000e+00   0.0000000e+00   0.0000000e+00
   0.0000000e+00   0.0000000e+00   0.0000000e+00   0.0000000e+00   0.0000000e+00   0.0000000e+00   0.0000000e+00   0.0000000e+00   0.0000000e+00   0.0000000e+00   0.0000000e+00   0.0000000e+00   0.0000000e+00   0.0000000e+00   0.0000000e+00   0.0000000e+00   0.0000000e+00   0.0000000e+00   0.0000000e+00   0.0000000e+00   0.0000000e+00   0.0000000e+00   0.0000000e+00   0.0000000e+00   0.0000000e+00   0.0000000e+00   0.0000000e+00   0.0000000e+00   0.0000000e+00   0.0000000e+00
   0.0000000e+00   0.0000000e+00   0.0000000e+00   0.0000000e+00   0.0000000e+00   0.0000000e+00   0.0000000e+00   0.0000000e+00   0.0000000e+00   0.0000000e+00   0.0000000e+00   0.0000000e+00   0.0000000e+00   0.0000000e+00   0.0000000e+00   0.0000000e+00   0.0000000e+00   0.0000000e+00   0.0000000e+00   0.0000000e+00   0.0000000e+00   0.0000000e+00   0.0000000e+00   0.0000000e+00   0.0000000e+00   0.0000000e+00   0.0000000e+00   0.0000000e+00   0.0000000e+00   0.0000000e+00
   0.0000000e+00   0.0000000e+00   0.0000000e+00   0.0000000e+00   0.0000000e+00   0.0000000e+00   0.0000000e+00   0.0000000e+00   0.0000000e+00   0.0000000e+00   0.0000000e+00   0.0000000e+00   0.0000000e+00   0.0000000e+00   0.0000000e+00   0.0000000e+00   0.0000000e+00   0.0000000e+00   0.0000000e+00   0.0000000e+00   0.0000000e+00   0.0000000e+00   0.0000000e+00   0.0000000e+00   0.0000000e+00   0.0000000e+00   0.0000000e+00   0.0000000e+00   0.0000000e+00   0.0000000e+00
