   6.4030145e+04   4.9169282e+04   4.2406822e+05   3.4302762e+04   6.8455398e+03   3.6011596e+05   4.0480139e+04   1.2510235e+05   1.1473319e+06   5.7861162e+05   1.4063092e+06   3.0261355e+05   1.3750560e+05   6.8367763e+05   3.0115601e+05   8.2203263e+04   3.8069676e+05   5.7716305e+04   1.8146668e+06   3.3711194e+05   7.2548529e+04   1.9516306e+06   5.7117453e+04   1.0903877e+06   1.2677900e+06   2.4670867e+05   8.4261059e+04   2.7372665e+05   5.2431920e+05   5.2217534e+04
   4.1536570e+02   4.9169282e+04   3.3738593e+04   1.2670441e+04   5.6001414e+03   6.0429425e+04   2.5386756e+04   1.2510235e+05   2.5467470e+05   8.0492495e+03   3.9303458e+05   3.5444748e+04   6.6488029e+03   2.0211916e+05   8.3503982e+03   5.8776388e+04   1.3841303e+05   5.4801413e+04   2.7916221e+05   2.7766333e+04   2.4074276e+04   9.9385128e+03   1.4464841e+04   6.3151609e+05   3.6700687e+04   4.3776142e+04   4.0431609e+02   9.8022288e+04   7.0275526e+04   9.0798527e+03
   2.2963129e+02   2.7197429e+03   2.2490974e+04   4.0973951e+03   1.7895975e+03   6.0429425e+04   1.3490360e+04   2.7578814e+04   6.0456283e+03   8.0492495e+03   1.0939915e+04   6.7169369e+03   4.0636934e+03   1.7495477e+04   1.6264596e+03   1.0153912e+04   3.2206242e+04   3.9525824e+03   5.8383311e+04   6.4028316e+03   1.0063246e+04   6.9735643e+03   3.8882613e+03   7.5539891e+03   7.3937132e+03   2.6089385e+03   1.5304786e+02   8.4506003e+04   3.7099738e+04   6.6129159e+03
   1.8255760e+01   1.4525038e+02   2.5902618e+03   3.1161218e+02   1.8685214e+02   7.4700067e+01   2.4242731e+02   2.6335145e+02   2.4118956e+01   2.5705550e+02   1.0171771e+02   4.5747706e+02   1.7988371e+03   5.0507747e+03   2.4808186e+02   3.1958154e+01   5.9455520e+02   4.6941073e+01   1.4626400e+04   2.4550548e+03   1.1070900e+03   2.0847080e+02   9.2341388e+01   7.5846441e+02   9.6216456e+02   8.2394211e+01   9.9706393e+00   1.1697579e+04   1.5029355e+04   3.6213594e+03
   4.7965198e+00   1.0680590e+01   3.2400546e+02   8.1237985e+00   1.2267784e+01   6.5870940e+00   2.9429770e+01   7.6600094e+01   8.7298015e+00   1.3616046e+01   1.9655460e+01   2.0355003e+01   4.0262497e+02   5.2868712e+02   1.1220714e+02   6.3589292e+00   2.3791792e+01   1.7403606e+01   2.0106758e+03   1.0339573e+03   9.3420184e+00   3.3409651e+01   3.1958562e+01   1.4293567e+01   1.6567023e+02   1.4443795e+01   5.1761391e+00   1.1605878e+03   1.2795203e+03   5.1958334e+02
   3.0301618e+00   5.0263487e+00   5.4943006e+00   8.1237985e+00   4.6568662e+00   6.2619184e+00   7.8959168e+00   2.1641069e+01   3.9446972e+00   6.6186084e+00   7.0117417e+00   8.8416965e+00   3.7078272e+01   2.0601049e+01   4.4534094e+01   3.6718833e+00   1.1734593e+01   7.0734943e+00   6.9368436e+01   9.2730738e+02   6.0514218e+00   1.0881535e+01   1.0220843e+01   7.1647376e+00   4.0089514e+01   6.0791103e+00   3.6937288e+00   4.4502791e+02   4.2617570e+01   7.7765653e+01
   1.4814421e+00   4.8325926e+00   4.7421688e+00   2.8875303e+00   4.4288948e+00   4.2855898e+00   5.2940734e+00   1.5066306e+01   2.4803315e+00   5.3587339e+00   5.6682436e+00   3.6273078e+00   9.6418689e+00   6.4414629e+00   2.2317142e+01   3.6718833e+00   5.4716737e+00   6.6184009e+00   1.2889203e+01   8.3315608e+02   2.9345467e+00   7.9983227e+00   5.0639104e+00   6.9602787e+00   1.4527593e+01   3.5585992e+00   2.9798115e+00   6.1346268e+01   7.9246989e+00   1.5249465e+01
   1.3711102e+00   4.3034281e+00   3.8724274e+00   2.8875303e+00   2.5145528e+00   2.6544957e+00   4.5450076e+00   1.1497050e+01   2.4803315e+00   4.7731948e+00   2.6575529e+00   3.6038380e+00   4.9992176e+00   5.0264453e+00   1.5876085e+01   2.6339256e+00   2.4746096e+00   4.6410963e+00   5.0290799e+00   6.0893126e+00   2.9345467e+00   4.7581376e+00   3.5543559e+00   5.0149331e+00   5.6409690e+00   2.0898518e+00   2.4572144e+00   4.6429523e+00   3.8955882e+00   6.6194713e+00
   1.3044849e+00   3.0749908e+00   3.5637435e+00   2.8875303e+00   1.8425781e+00   2.6544957e+00   2.9005043e+00   1.1497050e+01   1.9613074e+00   3.4121118e+00   2.6575529e+00   2.5845722e+00   4.0264850e+00   4.2557457e+00   8.9885880e+00   2.3624911e+00   2.3706063e+00   3.1278376e+00   4.0329269e+00   3.6175387e+00   2.9345467e+00   3.1585272e+00   2.6988263e+00   5.0149331e+00   4.3977540e+00   8.0483394e-01   2.1335651e+00   2.0631184e+00   2.6091472e+00   5.3052395e+00
   1.1862210e+00   2.7250811e+00   3.4253650e+00   2.5679535e+00   1.3806243e+00   2.5652575e+00   2.7708980e+00   9.5673922e+00   1.9613074e+00   2.1404296e+00   2.6575529e+00   1.7086761e+00   3.0379224e+00   4.2557457e+00   7.2686089e+00   1.8516054e+00   2.3706063e+00   2.4515112e+00   3.7927292e+00   2.2825599e+00   2.5538717e+00   2.7196723e+00   2.3423327e+00   4.5368427e+00   4.3977540e+00   8.0483394e-01   1.9359314e+00   1.6700533e+00   2.3195803e+00   3.0374729e+00
   8.9061047e-01   2.7250811e+00   2.4806580e+00   2.5679535e+00   7.5530086e-01   1.0471762e+00   2.3842445e+00   2.0998801e+00   1.3490441e+00   1.6319332e+00   1.5497416e+00   1.3872559e+00   2.0753112e+00   3.1939409e+00   6.2603174e+00   1.8516054e+00   2.3706063e+00   1.9345096e+00   1.9379018e+00   1.1447323e+00   1.4563764e+00   1.3733255e+00   2.2888469e+00   3.9536478e+00   2.6257942e+00   4.6783310e-01   1.2981692e+00   6.7156187e-01   1.5371992e+00   2.1832167e+00
   8.5672287e-01   2.0361684e+00   2.0910771e+00   2.5384926e+00   5.8892283e-01   9.6015545e-01   1.5614723e+00   1.3671329e+00   5.3091805e-01   1.4562877e+00   9.7805433e-01   1.2979542e+00   1.7895028e+00   2.6365912e+00   3.6793987e+00   1.3730029e+00   1.5840144e+00   1.2554001e+00   1.6313699e+00   9.6756045e-01   1.3247829e+00   1.0572230e+00   1.8265785e+00   3.9536478e+00   2.4368508e+00   2.7518968e-01   1.0909625e+00   3.8516139e-01   1.4292503e+00   1.5142514e+00
   8.3604211e-01   2.0361684e+00   1.7648165e+00   1.7266618e+00   4.3067594e-01   9.6015545e-01   1.4615250e+00   1.0045059e+00   3.5526718e-01   1.4240217e+00   7.2191836e-01   1.2804319e+00   1.3390378e+00   1.7971607e+00   2.1884814e+00   1.1872272e+00   1.5083743e+00   1.1722098e+00   6.9549587e-01   3.8827579e-01   6.9433443e-01   9.7198880e-01   1.4977089e+00   1.7581857e+00   1.8843164e+00   2.0749556e-01   1.0260589e+00   3.2710234e-01   1.3896828e+00   1.1764154e+00
   8.1904083e-01   1.6659229e+00   1.2200633e+00   1.4482553e+00   1.9942318e-01   9.4572447e-01   1.1413906e+00   7.5207096e-01   3.3178032e-01   1.1236968e+00   5.5982063e-01   1.2016507e+00   6.6047118e-01   1.3519192e+00   1.7328127e+00   1.1248828e+00   1.2744775e+00   1.1320096e+00   6.3967554e-01   8.0320720e-02   6.7462451e-01   9.6513044e-01   8.9521895e-01   1.0519932e+00   1.7021619e+00   1.8900711e-01   1.0254295e+00   1.6793298e-01   1.3709558e+00   9.2768177e-01
   8.1405953e-01   1.1881403e+00   1.0978352e+00   8.7687122e-01   1.5121440e-01   9.4514526e-01   1.1276279e+00   7.2117086e-01   3.2517402e-01   7.5787624e-01   4.5557515e-01   1.0748190e+00   6.2319043e-01   1.2252797e+00   7.5285496e-01   8.9057275e-01   8.1206730e-01   7.9374992e-01   5.3882423e-01   7.9357250e-02   6.6543363e-01   9.6099322e-01   6.1880739e-01   9.5521006e-01   1.5325944e+00   1.7962412e-01   1.0254277e+00   9.2472500e-02   1.1947579e+00   6.5555922e-01
   2.5427487e-01   8.0963757e-01   1.0930003e+00   6.8517711e-01   1.5074874e-01   9.0266751e-01   7.7539606e-01   6.6764999e-01   3.0702698e-01   6.2717772e-01   3.1377102e-01   7.1021618e-01   5.6584017e-01   1.1671049e+00   7.4589451e-01   8.3786484e-01   5.6220664e-01   6.4893844e-01   3.8599822e-01   5.9376140e-02   4.9488344e-01   9.5382850e-01   5.3669871e-01   7.3924050e-01   1.0426880e+00   1.7675111e-01   9.4770267e-01   9.1575720e-02   7.6288088e-01   6.5555922e-01
