   9.3536949e+07   9.3694077e+07   7.7898838e+07   3.8747001e+07   6.2551442e+07   1.4463322e+07   8.7598965e+07   6.5615733e+07   5.9441481e+07   6.7326284e+07   1.2914551e+08   7.3445272e+07   1.6994937e+07   4.4645277e+07   7.0906611e+07   6.0347546e+07   2.5318109e+08   3.7390136e+07   9.3182139e+07   8.1494488e+07   1.5539320e+07   1.1165973e+07   7.0647670e+07   9.2358311e+07   4.4860119e+07   2.1407091e+07   5.3644582e+07   6.7729676e+07   5.3822941e+07   8.7311641e+07
   1.4239695e+07   4.9874354e+07   1.5450260e+07   3.8747001e+07   5.2222557e+07   6.9829398e+06   4.5970133e+07   6.5615733e+07   4.3300133e+07   3.3934052e+07   9.2214584e+07   7.3445272e+07   1.6994937e+07   4.4645277e+07   1.2079072e+07   6.0347546e+07   4.3937165e+07   3.7390136e+07   9.3182139e+07   5.5235235e+07   1.5539320e+07   1.1165973e+07   3.8207915e+07   2.4693619e+07   4.4860119e+07   2.1407091e+07   5.3644582e+07   1.5276653e+07   5.3822941e+07   7.3519170e+07
   1.4239695e+07   4.9874354e+07   1.5450260e+07   3.8747001e+07   4.0489197e+07   6.9829398e+06   3.2530570e+07   3.3953816e+07   9.8201703e+06   3.3934052e+07   1.8612600e+07   5.6065123e+07   1.6994937e+07   4.4645277e+07   1.2079072e+07   2.8685212e+07   1.8277685e+07   3.4181134e+07   5.7205851e+07   2.6084759e+07   1.5539320e+07   1.1165973e+07   3.8207915e+07   2.2141482e+07   4.4523811e+07   2.1407091e+07   5.1994548e+07   1.5276653e+07   3.3197135e+07   6.0380274e+07
   1.4239695e+07   3.2371660e+07   1.4191618e+07   2.9481311e+07   1.4736982e+07   6.9829398e+06   2.5184073e+07   1.0396755e+07   4.0285370e+06   9.2410214e+06   1.8612600e+07   1.1394155e+07   1.4301038e+07   3.1607783e+06   4.6634407e+06   2.3735226e+07   1.2951416e+07   2.2986952e+07   2.4685835e+07   8.7314202e+06   1.0605841e+07   8.1333390e+06   7.6360634e+06   6.8131159e+06   1.1926062e+07   1.1969406e+07   2.8472337e+07   1.2361889e+07   2.1177757e+07   1.2336926e+07
   1.1559115e+07   1.3268372e+07   6.4311028e+06   6.6011044e+06   8.3053522e+06   6.9829398e+06   9.0954697e+06   2.8078188e+06   9.7139032e+05   1.1061118e+06   7.9684677e+06   1.1394155e+07   2.8006858e+06   3.1607783e+06   2.3097090e+06   6.5709408e+06   1.8300077e+06   4.6313048e+06   2.0798268e+06   1.9801117e+06   2.0153541e+06   2.6512401e+06   4.0043375e+06   3.1387230e+06   6.0237203e+06   5.6332368e+06   7.5043836e+06   1.3345671e+06   9.8518897e+06   4.2020205e+06
   7.8170629e+06   3.5972871e+06   1.3851178e+06   2.3532059e+06   6.0906571e+05   5.3114230e+06   3.1251437e+06   7.1364132e+05   6.1910648e+05   3.5160447e+05   2.1153364e+06   1.2653390e+06   7.4745510e+05   1.7077275e+06   1.2413836e+06   1.3814747e+06   3.9174773e+05   7.4522325e+05   1.5733225e+06   5.6175123e+05   9.8648842e+05   2.6512401e+06   2.1279681e+06   1.1526231e+06   1.5953030e+06   1.5871786e+06   3.3362164e+06   3.6754547e+05   1.2945384e+06   2.1449967e+06
   1.6597805e+06   3.5972871e+06   1.1127918e+06   4.6185083e+05   6.0906571e+05   6.9075887e+05   4.9973531e+05   1.1200884e+05   2.9481305e+05   1.5543254e+05   9.6902480e+05   6.9623057e+05   3.4483257e+05   1.0739509e+06   4.3207192e+05   8.6423418e+05   2.4579215e+05   4.7392553e+05   6.6381047e+05   1.5157977e+05   5.4654840e+05   8.9663737e+05   5.5417851e+05   4.1897307e+05   4.4820290e+05   4.5331373e+05   9.4170179e+05   1.0594438e+05   3.0511518e+05   7.2969071e+05
   5.3166408e+05   7.2174076e+05   5.6180674e+05   1.5321236e+05   1.3930612e+05   9.2766469e+04   2.3235897e+05   3.1597973e+04   7.8053957e+04   2.1724140e+04   4.5082127e+05   3.0316557e+05   8.0109293e+04   5.1246446e+05   1.4251642e+05   3.7399571e+05   2.1344825e+05   1.5796222e+05   3.9949802e+04   7.9840612e+04   2.7844946e+05   2.1690973e+05   3.9114658e+05   1.5964475e+05   2.1222862e+05   2.0852874e+05   4.0487884e+05   1.8668680e+04   7.4182018e+04   2.1576104e+05
   3.0999134e+05   3.5218030e+05   2.5045115e+05   3.9561139e+04   6.5909433e+04   8.2461622e+04   2.0264440e+05   2.8498051e+04   2.3126162e+04   1.1790114e+04   2.7262224e+05   8.1231452e+04   5.7189867e+04   5.0419626e+05   9.2294603e+04   2.4645219e+05   1.8732038e+05   8.5975944e+04   1.9157211e+04   1.4642930e+04   4.4365514e+04   7.3242783e+04   1.8580015e+05   1.0190020e+05   1.3096043e+05   1.6619619e+05   3.0124980e+05   1.0091960e+04   3.9437034e+04   1.5181401e+05
   2.1592295e+05   1.5488343e+05   4.3061755e+04   5.8816132e+03   6.0851433e+04   1.0167685e+04   1.9506819e+05   2.0926114e+04   8.4534414e+03   7.0902715e+03   2.0692142e+05   2.7807930e+04   2.2664484e+04   7.7080488e+04   6.4743906e+04   1.6838008e+05   1.5388611e+04   3.6630807e+04   1.7054433e+04   5.8863493e+03   1.6944359e+04   1.3942271e+04   3.2073119e+04   9.7722078e+04   8.6653767e+04   4.3060511e+04   9.1972832e+04   9.9300215e+03   1.9330168e+04   4.1965928e+04
   3.4869245e+03   2.2620183e+04   5.6149548e+03   4.8384681e+03   5.3952486e+03   1.3123814e+03   6.3994912e+03   5.1904489e+03   2.9111412e+03   1.8501360e+03   4.2265164e+03   4.6829777e+03   7.4582590e+03   3.4136262e+03   1.0895415e+04   4.9243677e+03   4.0736055e+03   3.1588933e+03   4.4111723e+03   2.6949737e+03   2.3562164e+03   6.2337549e+03   2.7083406e+03   1.4592000e+04   1.1924112e+04   9.2577979e+03   2.7747675e+04   2.8443555e+03   4.5698002e+03   5.1489274e+03
   1.1987565e+03   2.3165233e+03   1.8235793e+03   2.0829486e+03   8.8549000e+02   1.0863576e+03   1.1851803e+03   1.9197808e+03   1.1433756e+03   6.1563671e+02   1.1834020e+03   1.7234529e+03   1.9493692e+03   1.0820400e+03   1.8659832e+03   1.0603440e+03   9.0535669e+02   1.7410172e+03   1.4673553e+03   8.4201364e+02   8.5835493e+02   1.3580792e+03   8.0203486e+02   1.5692218e+03   1.0218256e+03   9.1306868e+02   2.3735643e+03   9.3839068e+02   9.6860628e+02   1.5706723e+03
   5.8417612e+02   1.0224916e+03   7.5703998e+02   6.2616726e+02   4.1708311e+02   7.5653458e+02   4.5281926e+02   6.2964253e+02   5.5868214e+02   4.6814755e+02   8.1474088e+02   5.7513645e+02   8.9159270e+02   7.8577391e+02   7.8800874e+02   5.6636184e+02   4.5370834e+02   6.7676544e+02   9.8711183e+02   7.3206721e+02   4.4340793e+02   9.4461859e+02   5.0888266e+02   1.0275321e+03   6.1598986e+02   5.5564479e+02   9.7777171e+02   5.0324887e+02   5.0702208e+02   6.7328577e+02
   5.3958652e+02   6.9509453e+02   6.7523433e+02   4.6521130e+02   3.5247465e+02   5.5418897e+02   3.0437777e+02   5.5308799e+02   4.0448265e+02   3.9726698e+02   7.6791526e+02   4.4663348e+02   6.7228033e+02   2.5290005e+02   6.7114330e+02   5.0969393e+02   3.4473975e+02   5.3752138e+02   7.9850407e+02   5.0182607e+02   3.0587134e+02   7.2679457e+02   2.9252493e+02   4.9669934e+02   5.3008376e+02   3.8817774e+02   4.9719345e+02   4.7839322e+02   4.9866047e+02   6.0343804e+02
   4.1051324e+02   5.9997928e+02   2.4469189e+02   3.7557075e+02   3.2412804e+02   2.3093696e+02   2.9923008e+02   4.5249206e+02   3.4524524e+02   3.7271336e+02   4.7480400e+02   4.1797895e+02   5.4407996e+02   1.6195114e+02   2.8976994e+02   3.5481629e+02   2.9186849e+02   2.0440566e+02   3.9097613e+02   4.5521137e+02   2.6485754e+02   5.6477743e+02   2.6823263e+02   2.8165221e+02   5.0214988e+02   2.6294623e+02   3.6204160e+02   3.6517181e+02   3.7742917e+02   3.7760860e+02
   2.5669005e+02   5.0710241e+02   1.9274980e+02   2.3709343e+02   3.1376826e+02   1.9018534e+02   2.6477025e+02   3.5444938e+02   3.3071983e+02   2.4291728e+02   3.3981452e+02   3.3874481e+02   3.6973015e+02   1.0515781e+02   2.7488417e+02   2.8275001e+02   2.8965406e+02   1.4492628e+02   3.7311062e+02   3.5214693e+02   1.9752862e+02   5.0820947e+02   1.9174146e+02   2.3360972e+02   4.5075180e+02   1.1784580e+02   2.4555507e+02   3.0020733e+02   2.8160878e+02   2.6463082e+02
