   1.3598812e+03   2.1622616e+03   2.1422854e+03   2.3621695e+03   1.8996230e+03   2.1423906e+03   2.4852892e+03   2.4317140e+03   1.8950630e+03   2.4354230e+03   2.3807338e+03   1.8440658e+03   2.4832800e+03   2.2540327e+03   2.3267433e+03   2.1711632e+03   2.1244709e+03   2.0795804e+03   1.8870329e+03   1.8225054e+03   2.2034525e+03   2.3539967e+03   2.0149597e+03   2.5937492e+03   2.2119668e+03   2.2819243e+03   2.2416247e+03   1.8455428e+03   1.9574325e+03   2.1442852e+03
   1.3598812e+03   2.1622616e+03   1.8187021e+03   2.3289222e+03   1.7366324e+03   1.7314103e+03   2.1026566e+03   2.3919544e+03   1.8822769e+03   1.7941885e+03   1.7312622e+03   1.8440658e+03   1.6994027e+03   2.2540327e+03   1.4845959e+03   2.1711632e+03   2.0889206e+03   2.0795804e+03   1.8870329e+03   1.5556827e+03   2.2034525e+03   1.9178099e+03   1.7694480e+03   1.6925443e+03   2.1791433e+03   2.0552667e+03   1.2070128e+03   1.8455428e+03   1.9574325e+03   2.1442852e+03
   1.3598812e+03   1.4659808e+03   1.3738537e+03   2.3289222e+03   1.4882298e+03   1.7314103e+03   2.1026566e+03   1.9955000e+03   1.8451711e+03   1.5813124e+03   1.6103713e+03   1.6591812e+03   1.6994027e+03   2.2536683e+03   1.4085739e+03   1.9899576e+03   1.9718446e+03   1.7463114e+03   1.8870329e+03   1.4044835e+03   1.6432341e+03   1.9178099e+03   1.7694480e+03   1.6925443e+03   2.1791433e+03   2.0544651e+03   1.2070128e+03   1.8455428e+03   1.8575940e+03   1.8345000e+03
   1.3535479e+03   1.3210918e+03   1.3738537e+03   1.3066052e+03   1.4882298e+03   1.7314103e+03   1.4346908e+03   1.5609071e+03   1.4941225e+03   1.5813124e+03   1.6103713e+03   1.5492768e+03   1.6994027e+03   1.7951679e+03   1.0787773e+03   1.3082154e+03   1.6257201e+03   1.6280132e+03   1.1470753e+03   9.9212983e+02   1.6432341e+03   1.5895792e+03   1.6794411e+03   1.3088429e+03   1.5540907e+03   1.5564695e+03   1.2070128e+03   9.2009992e+02   1.8106633e+03   1.8345000e+03
   9.3889501e+02   1.0574551e+03   3.9618876e+02   1.0936737e+03   1.1987932e+03   1.5784271e+03   8.2975550e+02   9.3020517e+02   1.4669914e+03   1.2989272e+03   1.2457620e+03   1.0324707e+03   1.1350561e+03   7.0925301e+02   3.5768944e+02   1.1705808e+03   1.3511150e+03   9.9119445e+02   9.2189747e+02   6.5018223e+02   1.2450767e+03   6.1528924e+02   1.1711054e+03   1.2062105e+03   1.3805615e+03   1.0319199e+03   1.1323420e+03   4.9922171e+02   1.3174218e+03   1.5278019e+03
   8.1555582e+02   4.1860719e+02   3.1832863e+02   6.2091204e+02   5.3582405e+02   1.2326843e+03   3.9084753e+02   7.1860175e+02   9.2590081e+02   1.1164524e+03   1.0188521e+03   5.6601243e+02   9.0791016e+02   4.0213210e+02   1.9253958e+02   6.0869164e+02   6.9190404e+02   6.1397879e+02   4.9430495e+02   4.0065923e+02   5.5378023e+02   2.2484451e+02   6.8950584e+02   7.0512020e+02   1.0467624e+03   6.6856147e+02   7.3222499e+02   3.6321778e+02   7.5373430e+02   1.1802521e+03
   3.3733506e+02   3.2643932e+02   2.5592862e+02   3.8773662e+02   1.7867923e+02   5.5411149e+02   1.5263133e+02   9.4442522e+01   4.4869842e+02   8.6323981e+02   6.4244016e+02   2.7800511e+02   5.6325256e+02   3.2540321e+02   9.7566231e+01   5.7337957e+02   3.4704177e+02   5.8007395e+02   1.0262229e+02   8.1411367e+01   3.1690022e+02   1.2955681e+02   4.4874815e+02   6.2557444e+02   3.6768761e+02   3.9071763e+02   7.3222499e+02   1.0633493e+02   4.3900841e+02   7.3374972e+02
   9.6426084e+01   1.2152818e+02   3.5552369e+01   7.6734222e+01   4.8928671e+01   2.6685211e+02   1.1979506e+02   2.7973484e+01   1.5289282e+02   4.6702615e+02   3.5290641e+02   1.1801832e+01   2.0742982e+02   1.7456589e+02   1.3059207e+01   1.3832512e+02   1.1650710e+02   8.7961497e+01   2.2332284e+01   1.4716851e+01   9.3057020e+00   6.6657772e+01   1.2332745e+02   1.2410161e+02   1.6586578e+02   1.9599095e+01   3.8807199e+02   1.7227304e+01   2.8755162e+02   3.8660171e+02
   6.2275641e+00   1.9996514e+01   3.7302146e+00   1.4252132e+01   1.0124758e+01   2.2513255e+01   8.8658005e+00   1.8535291e+01   1.3362044e+02   4.7118050e+01   1.3368186e+02   3.6044826e+00   1.1638288e+01   7.4624632e+00   1.1954435e+01   1.3552358e+01   3.4506811e+00   1.6438719e+01   2.2012038e+01   3.6409925e+00   6.9550480e+00   3.6717243e+00   2.2404835e+01   8.9985974e+00   9.5580141e+00   7.0187576e+00   5.6514075e+01   6.1416815e-01   1.2848670e+01   2.4910910e+01
   3.7272329e+00   3.5398818e+00   3.7272329e+00   1.1954434e+01   1.0119973e+01   9.2232974e-01   1.2505112e-01   1.8534538e+01   1.5182031e+01   1.2598840e-01   8.9080263e+00   3.6023240e+00   1.0244919e+01   3.1227225e-01   1.1954434e+01   1.3534934e+01   3.7472665e-01   3.3532436e+00   2.2011953e+01   3.6023240e+00   6.9548303e+00   3.6647785e+00   6.9548304e+00   3.7472666e-01   3.6023496e+00   7.0172847e+00   3.5399570e+00   2.4984367e-01   3.6647935e+00   3.4774573e+00
   3.7272329e+00   3.5398696e+00   3.1227255e-01   4.8773826e-01   5.1206131e+00   3.7472665e-01   1.2490888e-01   1.1941190e+01   1.2982283e-01   1.2490889e-01   3.1227221e-01   1.4900970e+00   1.0244882e+01   3.1227221e-01   3.7472689e-01   1.3088249e+01   3.7472665e-01   3.3525062e+00   3.6647803e+00   4.2852678e-01   5.3434543e+00   2.5639682e+00   6.9548303e+00   3.7472665e-01   3.6023240e+00   3.8016197e-01   3.5398696e+00   2.4981776e-01   3.6647785e+00   1.7047051e+00
   1.8736332e-01   1.8736332e-01   2.4995115e-01   2.7509279e-01   2.4982839e-01   3.1227221e-01   1.2490888e-01   1.9680490e-01   1.2490888e-01   1.2490888e-01   2.4982063e-01   1.2490888e-01   1.2490888e-01   3.1227221e-01   2.4982225e-01   1.2490888e-01   3.1227221e-01   0.0000000e+00   1.2490889e-01   2.4981776e-01   2.4981776e-01   3.1227221e-01   3.5398696e+00   2.4981776e-01   3.5398696e+00   2.9308091e-01   2.1295306e+00   6.2454440e-02   1.8736332e-01   1.2490888e-01
   1.2490888e-01   6.2455600e-02   1.8736336e-01   6.2454440e-02   1.2490888e-01   1.2490888e-01   3.0247400e-03   1.8736332e-01   6.2454440e-02   0.0000000e+00   1.3833416e-01   4.0733300e-03   2.0700000e-05   0.0000000e+00   1.2490888e-01   1.2600000e-06   1.2490888e-01   0.0000000e+00   6.3011850e-02   7.4450900e-02   1.8736332e-01   6.2454440e-02   1.2490900e-01   1.4118984e-01   6.2454440e-02   1.2490889e-01   0.0000000e+00   2.5500000e-06   6.2454440e-02   0.0000000e+00
   1.2490888e-01   6.2454440e-02   1.8736332e-01   6.2454440e-02   6.2454440e-02   0.0000000e+00   0.0000000e+00   1.2490888e-01   0.0000000e+00   0.0000000e+00   0.0000000e+00   0.0000000e+00   0.0000000e+00   0.0000000e+00   0.0000000e+00   0.0000000e+00   2.5000000e-07   0.0000000e+00   0.0000000e+00   6.2454440e-02   0.0000000e+00   6.2454440e-02   1.2490888e-01   6.2454440e-02   0.0000000e+00   0.0000000e+00   0.0000000e+00   0.0000000e+00   0.0000000e+00   0.0000000e+00
   6.2454440e-02   0.0000000e+00   6.2454440e-02   0.0000000e+00   0.0000000e+00   0.0000000e+00   0.0000000e+00   0.0000000e+00   0.0000000e+00   0.0000000e+00   0.0000000e+00   0.0000000e+00   0.0000000e+00   0.0000000e+00   0.0000000e+00   0.0000000e+00   0.0000000e+00   0.0000000e+00   0.0000000e+00   0.0000000e+00   0.0000000e+00   0.0000000e+00   0.0000000e+00   0.0000000e+00   0.0000000e+00   0.0000000e+00   0.0000000e+00   0.0000000e+00   0.0000000e+00   0.0000000e+00
   0.0000000e+00   0.0000000e+00   6.2454440e-02   0.0000000e+00   0.0000000e+00   0.0000000e+00   0.0000000e+00   0.0000000e+00   0.0000000e+00   0.0000000e+00   0.0000000e+00   0.0000000e+00   0.0000000e+00   0.0000000e+00   0.0000000e+00   0.0000000e+00   0.0000000e+00   0.0000000e+00   0.0000000e+00   0.0000000e+00   0.0000000e+00   0.0000000e+00   0.0000000e+00   0.0000000e+00   0.0000000e+00   0.0000000e+00   0.0000000e+00   0.0000000e+00   0.0000000e+00   0.0000000e+00
