   8.4589114e+05   1.6342546e+06   1.7953755e+06   3.6481665e+06   1.3515033e+07   9.9181194e+06   7.4544144e+06   1.6391305e+07   4.4511844e+06   2.5827867e+06   1.0066729e+07   2.3028482e+06   1.9234264e+06   6.6948150e+06   9.9311752e+05   4.1125534e+06   1.6302842e+06   7.9788854e+05   2.1591969e+06   1.2125993e+06   5.3768932e+06   8.4628208e+05   7.0309020e+06   5.9847300e+06   1.0964623e+06   7.1748537e+06   1.1166903e+06   4.7335132e+06   5.8467412e+05   1.5529929e+06
   5.4509111e+04   6.7082200e+04   6.3608199e+05   7.9378455e+05   4.6980428e+05   8.3477237e+05   3.5704960e+05   6.3014730e+05   3.6853303e+05   4.1547148e+05   1.0834226e+06   3.8393582e+04   3.1017513e+05   3.5229802e+05   6.2766971e+05   3.1690679e+06   2.6411004e+05   8.2248207e+04   2.7301472e+05   1.9350606e+05   1.3011970e+06   5.3931821e+04   8.9198033e+05   7.7453087e+05   3.2170802e+05   2.8445061e+05   1.4007546e+05   7.5763608e+05   1.0478832e+05   2.9049496e+05
   2.6198851e+04   1.7908158e+04   7.7476497e+04   1.3998454e+04   5.9903452e+03   4.3047284e+04   1.8850402e+05   8.5651675e+03   7.0060262e+04   2.2212081e+04   1.9120538e+05   8.8074394e+03   1.1115884e+05   3.5229802e+05   3.9021558e+04   5.2307823e+04   1.3542979e+04   1.5826571e+04   1.1959421e+04   2.6676890e+04   6.4720202e+04   1.2134644e+03   1.8867318e+05   1.2962035e+04   5.7056940e+04   1.3129892e+05   4.7132131e+04   2.6232535e+04   1.4046363e+04   2.9396335e+04
   3.6987043e+03   1.9038059e+03   1.3709796e+03   2.1344505e+03   1.2305624e+03   2.4685696e+03   1.6080945e+03   1.4318325e+03   5.3671887e+03   3.3709332e+03   2.2994739e+03   2.0438441e+03   2.9751696e+03   4.9798949e+03   1.0690845e+03   3.9759698e+03   1.6162872e+03   9.1587559e+02   7.2052632e+02   7.9117205e+02   2.8812090e+03   1.1839071e+03   7.2236971e+03   1.0899058e+03   2.2502823e+03   1.0707398e+03   9.9445243e+02   4.0220477e+03   3.4603266e+03   1.3424823e+03
   3.6734456e+02   4.8762030e+02   5.8541390e+02   6.3162038e+02   2.6300477e+02   3.0984232e+02   4.3888042e+02   3.9984488e+02   4.8074538e+02   5.5454318e+02   2.5238246e+02   1.8565523e+02   5.6715580e+02   7.9303750e+02   2.9019031e+02   2.8750440e+02   1.2797837e+02   2.1457004e+02   5.1779979e+02   8.3599320e+01   3.8790824e+02   1.4789236e+02   9.1681936e+02   1.9105088e+02   4.7135258e+02   1.8390972e+02   1.2661578e+02   4.3223349e+02   2.0761821e+02   7.6368803e+01
   1.0147667e+02   8.7782115e+01   7.7701981e+01   3.2434448e+02   4.7650502e+01   8.1418610e+01   1.3958725e+02   8.3371925e+01   6.3437620e+01   1.2562547e+02   8.4024032e+01   3.2675074e+01   1.2464068e+02   2.8526673e+02   4.2181784e+01   7.9198693e+01   3.7315145e+01   3.8110024e+01   3.9349234e+01   2.0517262e+01   1.6326477e+02   3.0247406e+01   3.0258715e+02   4.1037677e+01   1.1538738e+02   6.1538330e+01   3.9884495e+01   8.2591553e+01   9.6076579e+01   6.5944797e+01
   1.7639069e+01   3.2646294e+01   1.0374858e+01   2.3440732e+02   9.5002805e+00   2.9638656e+01   1.2944997e+02   9.7820558e+00   2.9155960e+01   7.5739083e+00   7.8615961e+00   1.4556450e+00   2.9708293e+01   6.1244864e+01   1.6936362e+01   2.6790776e+00   5.1189101e+00   6.5026095e+00   2.3792473e+01   3.5891372e+00   1.2320214e+02   1.5389469e+01   4.3383042e+01   3.1692293e+01   1.8972333e+01   1.1237910e+01   2.6705628e+00   2.1473617e+01   1.9878115e+01   1.0804637e+01
   1.2377705e+01   2.0697154e+00   2.3254195e+00   2.2057628e+02   4.8894689e-01   1.5691144e+00   1.2780999e+02   6.9099991e-01   2.3551195e+01   5.1864043e+00   4.2569281e-01   2.0819292e-01   4.1934742e+00   5.6395655e+00   1.2377837e+01   1.6197438e+00   1.2598449e+00   4.1885091e+00   2.0343155e+01   4.1656244e-01   1.2262656e+02   1.2378276e+01   1.3585009e+00   3.1300521e+01   1.4318248e+00   1.1152753e+01   7.6068000e-04   4.9114215e-01   2.5587072e+00   6.8366128e-01
   1.2376057e+01   2.0819507e-01   2.1980613e+00   2.2027125e+02   4.1628597e-01   1.2031049e+00   1.2780922e+02   6.2442900e-01   2.3549012e+01   5.1829332e+00   4.1628604e-01   2.0814298e-01   3.9798693e+00   2.0836982e-01   1.2376060e+01   1.6193890e+00   1.2031043e+00   4.1879742e+00   2.0335699e+01   4.1628597e-01   1.2262631e+02   1.2376057e+01   6.2442902e-01   3.1300511e+01   1.4112450e+00   1.1152662e+01   2.0000000e-08   4.1628604e-01   2.7130000e-05   2.0814368e-01
   1.2880319e+00   2.0814298e-01   2.0453566e+00   3.7851221e-01   4.1628597e-01   1.2031020e+00   1.5015695e+01   6.2442895e-01   2.3549012e+01   1.2184237e+00   4.1628597e-01   2.0814298e-01   3.9798312e+00   2.0814298e-01   1.2376057e+01   1.6193880e+00   1.2031020e+00   2.1313502e-01   4.8359187e-01   4.1628597e-01   4.1544949e+00   7.5459195e+00   6.2442895e-01   2.2345933e+01   1.4112450e+00   1.2031078e+00   0.0000000e+00   4.1628597e-01   0.0000000e+00   2.0814298e-01
   1.2031020e+00   2.0814298e-01   1.2031020e+00   2.0814298e-01   4.1628597e-01   4.1628597e-01   4.1628597e-01   4.1905627e-01   1.2031020e+00   1.2031020e+00   2.0814298e-01   2.0814298e-01   0.0000000e+00   2.0814298e-01   1.2035244e+00   6.2442919e-01   2.0814298e-01   2.0814299e-01   3.7329901e-01   4.1628597e-01   0.0000000e+00   4.1628597e-01   4.1628597e-01   2.0814299e-01   4.1628597e-01   1.2031020e+00   0.0000000e+00   2.8473180e-01   0.0000000e+00   2.0814298e-01
   2.0814298e-01   2.0814298e-01   2.0814298e-01   0.0000000e+00   4.1628597e-01   2.0814298e-01   2.0814298e-01   2.2766096e-01   2.0814298e-01   2.0814298e-01   2.0814298e-01   2.0814298e-01   0.0000000e+00   2.4000000e-07   2.0814298e-01   2.0814298e-01   2.0814298e-01   2.0814298e-01   2.0814298e-01   2.0000000e-08   0.0000000e+00   0.0000000e+00   2.0814298e-01   0.0000000e+00   2.0814298e-01   1.2500000e-06   0.0000000e+00   2.0814298e-01   0.0000000e+00   1.0000000e-08
   0.0000000e+00   2.0814298e-01   2.0814298e-01   0.0000000e+00   4.1628597e-01   0.0000000e+00   2.0814298e-01   0.0000000e+00   2.0814298e-01   0.0000000e+00   2.0814298e-01   2.0814298e-01   0.0000000e+00   0.0000000e+00   2.0814298e-01   2.0814298e-01   2.0814298e-01   2.0814298e-01   0.0000000e+00   0.0000000e+00   0.0000000e+00   0.0000000e+00   0.0000000e+00   0.0000000e+00   2.0814298e-01   0.0000000e+00   0.0000000e+00   2.0814298e-01   0.0000000e+00   0.0000000e+00
   0.0000000e+00   0.0000000e+00   0.0000000e+00   0.0000000e+00   0.0000000e+00   0.0000000e+00   0.0000000e+00   0.0000000e+00   0.0000000e+00   0.0000000e+00   0.0000000e+00   0.0000000e+00   0.0000000e+00   0.0000000e+00   2.0814298e-01   0.0000000e+00   0.0000000e+00   2.0814298e-01   0.0000000e+00   0.0000000e+00   0.0000000e+00   0.0000000e+00   0.0000000e+00   0.0000000e+00   0.0000000e+00   0.0000000e+00   0.0000000e+00   0.0000000e+00   0.0000000e+00   0.0000000e+00
   0.0000000e+00   0.0000000e+00   0.0000000e+00   0.0000000e+00   0.0000000e+00   0.0000000e+00   0.0000000e+00   0.0000000e+00   0.0000000e+00   0.0000000e+00   0.0000000e+00   0.0000000e+00   0.0000000e+00   0.0000000e+00   0.0000000e+00   0.0000000e+00   0.0000000e+00   0.0000000e+00   0.0000000e+00   0.0000000e+00   0.0000000e+00   0.0000000e+00   0.0000000e+00   0.0000000e+00   0.0000000e+00   0.0000000e+00   0.0000000e+00   0.0000000e+00   0.0000000e+00   0.0000000e+00
   0.0000000e+00   0.0000000e+00   0.0000000e+00   0.0000000e+00   0.0000000e+00   0.0000000e+00   0.0000000e+00   0.0000000e+00   0.0000000e+00   0.0000000e+00   0.0000000e+00   0.0000000e+00   0.0000000e+00   0.0000000e+00   0.0000000e+00   0.0000000e+00   0.0000000e+00   0.0000000e+00   0.0000000e+00   0.0000000e+00   0.0000000e+00   0.0000000e+00   0.0000000e+00   0.0000000e+00   0.0000000e+00   0.0000000e+00   0.0000000e+00   0.0000000e+00   0.0000000e+00   0.0000000e+00
