   6.1315647e+03   5.8836446e+03   5.7364241e+03   5.1897267e+03   5.6825454e+03   5.5512195e+03   5.1741461e+03   5.8077781e+03   6.0012515e+03   5.6898113e+03   5.6736510e+03   6.4350773e+03   6.0477320e+03   5.8516597e+03   5.0977182e+03   6.1098179e+03   5.9038380e+03   6.0132154e+03   6.1359941e+03   6.0945053e+03   6.0747842e+03   6.0500374e+03   5.4955361e+03   6.3930680e+03   5.8745800e+03   6.0988380e+03   5.6680479e+03   5.8127282e+03   6.2084135e+03   5.9394162e+03
   5.5666045e+03   5.4274869e+03   5.7364241e+03   5.0907907e+03   5.6825454e+03   5.5243868e+03   5.1741461e+03   5.8077781e+03   5.2678885e+03   5.6898113e+03   5.6736510e+03   5.8487734e+03   6.0477320e+03   5.8516597e+03   5.0977182e+03   5.9420223e+03   5.9038380e+03   5.1062681e+03   5.2016551e+03   5.8256738e+03   5.8172684e+03   5.6532478e+03   5.4955361e+03   6.0647376e+03   5.4541769e+03   5.9101661e+03   5.6680479e+03   5.8127282e+03   5.4654551e+03   5.7566031e+03
   5.1898434e+03   5.4274869e+03   5.7364241e+03   5.0907907e+03   5.2283778e+03   5.2487363e+03   4.8540405e+03   5.4245825e+03   4.8394500e+03   5.6898113e+03   5.1787748e+03   5.8487734e+03   5.6543056e+03   4.3689774e+03   5.0977182e+03   5.8908270e+03   5.1025528e+03   5.1062681e+03   5.2016551e+03   5.8256738e+03   5.1661122e+03   5.6532478e+03   5.4955361e+03   5.8105766e+03   5.4541769e+03   5.5962927e+03   5.6680479e+03   5.7786884e+03   5.4654551e+03   5.7566031e+03
   5.1898434e+03   5.2566152e+03   4.3325568e+03   5.0907907e+03   4.9268957e+03   5.1450686e+03   4.8540405e+03   5.1264427e+03   4.8394500e+03   5.4350858e+03   5.1787748e+03   4.9925621e+03   5.0491035e+03   4.3689774e+03   4.9881572e+03   4.6806404e+03   4.9029184e+03   5.1062681e+03   4.9476894e+03   4.6840146e+03   5.1661122e+03   4.7481579e+03   5.4955361e+03   5.2560524e+03   5.0150786e+03   4.9408228e+03   5.1781817e+03   5.0459287e+03   4.3907199e+03   5.0861037e+03
   4.9205347e+03   4.4879024e+03   4.2940637e+03   4.6163756e+03   4.5315675e+03   4.6274406e+03   4.8540405e+03   4.3320262e+03   4.4849107e+03   4.4111103e+03   4.3479601e+03   4.5842530e+03   3.9986255e+03   4.2184879e+03   3.8518571e+03   3.9978088e+03   4.8509540e+03   5.1062681e+03   4.2892710e+03   4.6218507e+03   4.6613713e+03   4.4045697e+03   4.1834739e+03   5.1427664e+03   4.7699928e+03   4.6144616e+03   5.1781817e+03   3.5059056e+03   4.3907199e+03   4.3137253e+03
   3.8792296e+03   3.8914265e+03   3.9338934e+03   4.3562832e+03   3.9428438e+03   3.3781909e+03   3.6970896e+03   4.3320262e+03   4.1163591e+03   3.8317207e+03   4.1941556e+03   3.8144743e+03   3.1951032e+03   3.3628780e+03   3.4335431e+03   3.4216387e+03   3.9556136e+03   3.7369153e+03   3.4873812e+03   4.1707516e+03   4.0609659e+03   3.3262573e+03   3.9973789e+03   3.8219575e+03   4.2867457e+03   3.3315162e+03   4.0214517e+03   3.3424471e+03   3.7127866e+03   4.1037818e+03
   2.9407470e+03   3.2452052e+03   3.0195543e+03   3.7656483e+03   3.2421234e+03   2.2021786e+03   2.5212450e+03   3.1976567e+03   3.2551696e+03   2.9988392e+03   2.7881410e+03   3.4413293e+03   2.8217174e+03   2.2637038e+03   3.1756238e+03   2.3784037e+03   2.7383308e+03   3.6146046e+03   2.3952058e+03   3.3981495e+03   3.5855217e+03   2.3608664e+03   2.6612109e+03   2.8017195e+03   3.5300492e+03   2.3481329e+03   3.7794685e+03   2.7397676e+03   3.2330635e+03   3.0733943e+03
   2.3399192e+03   2.0406045e+03   2.5307364e+03   2.4049202e+03   2.2775970e+03   1.5920217e+03   2.1373754e+03   2.1819901e+03   2.3244819e+03   1.7036163e+03   2.1223456e+03   1.9311478e+03   1.7958428e+03   2.1460015e+03   2.1037690e+03   2.0834680e+03   1.7582275e+03   2.3619431e+03   1.6543509e+03   2.5386507e+03   2.6694947e+03   1.5110510e+03   2.2179586e+03   1.7744037e+03   2.6606853e+03   2.2033890e+03   2.2610986e+03   1.8003429e+03   2.5417187e+03   2.6302416e+03
   1.3134944e+03   9.5719826e+02   1.3269082e+03   9.8372098e+02   1.0355278e+03   8.9016257e+02   1.4812898e+03   1.0202166e+03   7.2302380e+02   1.2507653e+03   9.7321260e+02   8.9206128e+02   3.6837176e+02   1.3817428e+03   9.0121098e+02   1.3106127e+03   8.7880379e+02   1.2464089e+03   1.0158419e+03   8.0819862e+02   7.2533372e+02   1.0553074e+03   8.8766562e+02   4.2185434e+02   1.2911710e+03   1.0092895e+03   1.0763482e+03   8.0408947e+02   1.0727662e+03   1.5112259e+03
   3.4671663e+02   1.4178170e+02   1.1399525e+02   1.0626296e+02   2.4805491e+02   2.7836027e+02   2.6903323e+02   1.0846658e+02   1.1766681e+02   2.5146690e+02   1.2037416e+02   1.3008438e+02   1.2818874e+02   2.0002386e+02   7.8679837e+01   1.4028355e+02   2.7562825e+02   1.4123025e+02   2.7286723e+02   1.0726972e+02   1.7480297e+02   2.1335429e+02   8.7066254e+01   8.7772174e+01   2.6463566e+02   9.8432810e+01   2.0630429e+02   9.8917040e+01   2.2072193e+02   5.8546373e+02
   2.7112309e+01   2.1744374e+01   1.8037050e+01   1.7888255e+01   5.6429456e+01   2.2944696e+00   2.3778459e+01   1.1836978e+01   1.3459033e+01   3.4593391e+01   3.9382214e+00   1.6600822e+01   2.3806589e+01   1.9038645e+01   1.7300097e+01   1.3018818e+01   8.3043232e+00   1.1877704e+01   2.5036704e+01   2.0920840e+01   2.2723638e+01   2.2605872e+01   1.6238092e+01   1.6604345e+01   2.8204618e+01   1.3869214e+01   1.8927513e+01   1.4446853e+01   1.1455008e+01   5.4502110e+01
   2.1906138e-01   9.3685370e-02   1.8738184e-01   1.8737077e-01   3.6467767e-01   1.9261472e+00   9.3685370e-02   1.5614229e-01   2.1859920e-01   1.5614229e-01   1.2491383e-01   1.5787766e+00   1.8012334e+00   1.5614237e-01   5.7541478e-01   3.0311180e-01   2.1859920e-01   2.1859920e-01   1.8737198e-01   1.3934797e-01   1.8737075e-01   2.1859920e-01   6.2457030e-02   2.1859920e-01   2.1859921e-01   1.5614229e-01   1.5614229e-01   9.3685390e-02   1.8737075e-01   3.5628738e+00
   6.2456920e-02   6.2456920e-02   1.6468456e-01   3.1228460e-02   1.5614229e-01   1.2983107e-01   7.0529740e-02   6.2456920e-02   3.1228460e-02   0.0000000e+00   1.6944420e-02   3.1228500e-02   6.2456920e-02   6.2456920e-02   4.1169580e-02   3.0000000e-08   1.0474763e-01   6.2456920e-02   3.2052590e-02   6.2457140e-02   7.9215250e-02   1.5628093e-01   6.2456920e-02   6.2456920e-02   9.3685370e-02   9.5032910e-02   3.1228460e-02   3.1228460e-02   6.2456920e-02   6.2456920e-02
   3.1228460e-02   3.1228460e-02   8.1161260e-02   0.0000000e+00   4.0917800e-03   9.3685370e-02   0.0000000e+00   3.1228460e-02   0.0000000e+00   0.0000000e+00   0.0000000e+00   0.0000000e+00   3.1228460e-02   0.0000000e+00   0.0000000e+00   0.0000000e+00   3.1228460e-02   1.6000000e-07   3.1228460e-02   0.0000000e+00   0.0000000e+00   3.1228460e-02   0.0000000e+00   6.2456920e-02   6.2700110e-02   3.1228460e-02   0.0000000e+00   0.0000000e+00   3.1228460e-02   3.1228460e-02
   0.0000000e+00   0.0000000e+00   0.0000000e+00   0.0000000e+00   0.0000000e+00   3.1228460e-02   0.0000000e+00   0.0000000e+00   0.0000000e+00   0.0000000e+00   0.0000000e+00   0.0000000e+00   0.0000000e+00   0.0000000e+00   0.0000000e+00   0.0000000e+00   0.0000000e+00   0.0000000e+00   0.0000000e+00   0.0000000e+00   0.0000000e+00   0.0000000e+00   0.0000000e+00   3.1228460e-02   0.0000000e+00   0.0000000e+00   0.0000000e+00   0.0000000e+00   0.0000000e+00   0.0000000e+00
   0.0000000e+00   0.0000000e+00   0.0000000e+00   0.0000000e+00   0.0000000e+00   0.0000000e+00   0.0000000e+00   0.0000000e+00   0.0000000e+00   0.0000000e+00   0.0000000e+00   0.0000000e+00   0.0000000e+00   0.0000000e+00   0.0000000e+00   0.0000000e+00   0.0000000e+00   0.0000000e+00   0.0000000e+00   0.0000000e+00   0.0000000e+00   0.0000000e+00   0.0000000e+00   0.0000000e+00   0.0000000e+00   0.0000000e+00   0.0000000e+00   0.0000000e+00   0.0000000e+00   0.0000000e+00
