   1.9253025e+10   7.6359123e+09   1.0751764e+10   1.3307086e+10   1.2692674e+10   5.7442344e+09   1.0650617e+10   1.5108037e+10   1.2704851e+10   8.6700369e+09   1.0897895e+10   9.5531127e+09   5.2483946e+09   1.4915658e+10   1.4402919e+10   1.3542874e+10   1.5809191e+10   3.3650503e+09   8.1431853e+09   1.7322624e+10   2.3010757e+10   1.6293438e+10   2.4088274e+09   6.3362158e+09   1.2698467e+10   1.1958092e+10   1.2053644e+10   1.7928873e+10   7.4422009e+09   1.2135806e+10
   1.5817922e+10   2.2160724e+09   4.2733456e+09   5.4679423e+09   6.9289293e+09   4.5149390e+09   1.1832015e+09   8.2177246e+09   5.7213936e+09   4.7066933e+09   6.7661776e+09   3.8717529e+09   1.8024511e+09   4.2764134e+09   9.2272080e+09   1.0818511e+10   2.8510449e+09   3.3650503e+09   8.1431853e+09   7.3755700e+09   8.8651983e+09   6.1045866e+09   1.0997628e+09   3.6992582e+09   3.4125036e+09   8.4079098e+09   1.2053644e+10   8.4402392e+09   7.2735866e+09   4.8651402e+09
   2.7224987e+09   6.6288917e+08   2.5875661e+09   1.1531979e+09   4.5637035e+09   2.8943064e+09   9.5304946e+08   3.6226433e+09   1.3591946e+09   1.9200460e+09   2.7685301e+09   1.1189772e+09   8.5930187e+08   1.4142245e+09   4.8275731e+09   3.4753551e+09   2.1711167e+09   1.4570299e+09   4.0441263e+09   4.9150849e+09   5.0082524e+09   3.4124539e+09   9.7413608e+08   2.5325998e+09   2.8494513e+09   5.2828343e+09   5.9109146e+09   4.9928801e+09   3.2185381e+09   2.3286628e+09
   1.7169470e+09   2.3915052e+08   1.6696302e+09   5.0314331e+08   2.7571078e+09   1.0800469e+09   1.3939180e+08   5.9900769e+08   3.9108593e+08   2.3333201e+08   1.0937955e+09   8.7295699e+07   1.3316945e+08   2.2754092e+08   2.5137785e+09   1.0862193e+09   8.8787016e+08   3.3653549e+08   1.4791731e+09   1.2146621e+09   2.5565868e+09   4.7328258e+08   3.2698497e+08   1.0754112e+08   4.8441604e+08   2.0820016e+09   2.9674714e+09   2.3202567e+09   1.1427267e+09   4.7913715e+08
   6.1891481e+08   4.1326351e+07   1.5362453e+09   2.7479126e+08   8.0724325e+08   5.3715841e+08   1.0627648e+07   8.0252383e+07   3.8632282e+07   8.3001206e+07   4.2330199e+07   6.8783517e+06   5.7438229e+06   1.0912020e+07   1.0447196e+09   1.7340791e+08   5.7454825e+08   1.4188974e+07   3.2022479e+07   3.7958488e+08   8.7434635e+08   1.7749296e+08   9.0966123e+07   9.9157096e+06   1.2089035e+08   1.5746197e+08   1.2987320e+09   2.8540079e+08   2.8533945e+08   5.2541885e+07
   3.6337607e+08   4.8327570e+06   9.8589191e+08   4.0832161e+07   1.5272381e+08   2.5719302e+08   1.1799467e+06   8.0714329e+06   4.4644780e+06   2.7709415e+07   2.9277436e+06   2.6319256e+06   3.6078866e+05   1.9205356e+06   8.3889939e+08   4.0721931e+06   3.7477416e+08   1.6033798e+06   1.1304023e+07   1.8360118e+08   2.3579148e+08   3.0921656e+07   4.7463755e+07   8.0284775e+05   6.1660956e+07   2.3599780e+07   7.7672368e+08   5.5020896e+07   1.1302659e+08   6.1707730e+06
   3.7850517e+06   1.6782910e+06   1.0835860e+07   1.0310417e+07   1.3567583e+07   2.4540515e+07   1.4318971e+05   1.2729822e+06   1.9877938e+05   1.2434864e+06   3.3744326e+05   7.4151350e+05   1.6571593e+04   2.7868644e+05   7.2588508e+08   1.5358748e+06   1.5910393e+07   8.2951825e+04   1.3578881e+06   1.0748212e+08   3.3100982e+07   1.2480912e+07   8.9654519e+05   3.7553970e+05   1.1025355e+06   6.6661915e+04   2.9834136e+08   1.9889665e+06   2.2445910e+07   5.2578224e+05
   1.0245806e+05   5.9340957e+05   9.0240382e+06   1.1407009e+06   1.6756532e+06   5.1425948e+04   1.6292654e+04   3.2265848e+04   3.3519939e+03   8.6248226e+03   1.1390628e+05   4.7759362e+03   6.1045666e+03   1.0210984e+04   1.4421060e+07   3.4961065e+05   8.0749996e+05   2.8288626e+03   2.2617094e+04   6.0503086e+07   9.4402916e+06   7.2290513e+04   8.5642783e+04   8.1656482e+02   3.2245165e+03   1.9729766e+03   5.8291592e+05   8.4955194e+04   4.0959801e+04   2.7324067e+04
   2.3660941e+03   4.7252952e+05   5.7240862e+06   1.3809032e+05   4.7454300e+03   2.3785617e+03   3.8852127e+02   8.6766270e+02   5.6288625e+02   9.4079993e+02   7.2698347e+04   4.2262389e+03   5.2176656e+03   1.5602492e+03   2.7200164e+05   2.8750508e+03   3.3171660e+05   4.0930569e+02   2.5235818e+03   3.7521094e+07   7.8303298e+06   4.5221277e+03   4.1211746e+03   6.4615358e+02   6.9360218e+02   3.0967777e+01   5.8913398e+02   5.8645168e+02   2.0179538e+03   2.3817223e+03
   5.9103688e+02   2.0180553e+03   5.6741215e+02   1.8636572e+02   1.1144180e+03   6.9237545e+02   1.7489710e+00   5.0593504e+02   6.2602732e+00   1.6033003e+02   5.4427216e+03   3.5390810e+03   1.6644012e+03   7.1375416e+02   6.8690368e+04   8.5826743e+02   2.3486817e+03   1.5552761e+01   1.0847830e+03   4.8050045e+06   3.7430218e+05   2.7825980e+03   2.2092499e+02   1.2334644e+02   1.8049620e+02   3.9686777e+00   4.9224173e+01   6.8315966e+01   2.2103421e+02   5.5023652e+01
   4.0765300e-03   1.7101961e+02   1.6522424e+02   5.3419723e+01   4.9609342e+01   2.9195850e-02   1.3497111e+00   3.3412539e+00   2.6565530e-02   3.6070100e-03   1.4395440e+02   1.9505073e+01   5.0708101e-01   5.2891946e-01   6.6423778e+02   1.6389295e+02   1.0439259e+02   8.3590862e-01   3.6700460e-01   6.4814043e+02   6.4395490e+01   2.2983025e+00   1.2613537e-01   2.1830488e+01   9.9571270e-02   5.0740385e-01   4.8629170e-02   1.5444012e+00   7.7601850e-02   4.9409770e-02
   1.4080000e-05   1.6502305e+00   9.8460000e-05   4.3490592e+00   1.1059816e-01   3.8000000e-07   9.8720000e-05   5.9204000e-04   3.2000000e-07   1.5297000e-04   3.9835467e+00   2.5177300e-03   1.0126270e-02   4.2110000e-05   4.6536000e-04   1.7447000e-04   6.8400900e-03   7.5500000e-06   5.1250000e-05   3.5746186e-01   3.4806901e-01   2.1960000e-05   1.5800000e-06   5.1091600e-03   2.2710000e-05   8.9553000e-04   1.3400000e-06   1.6700000e-06   1.8700000e-06   9.6000000e-07
   0.0000000e+00   1.2114940e+00   0.0000000e+00   1.0000000e-08   0.0000000e+00   0.0000000e+00   8.0000000e-08   0.0000000e+00   0.0000000e+00   0.0000000e+00   1.0394000e-04   0.0000000e+00   0.0000000e+00   0.0000000e+00   0.0000000e+00   0.0000000e+00   0.0000000e+00   0.0000000e+00   0.0000000e+00   0.0000000e+00   0.0000000e+00   0.0000000e+00   0.0000000e+00   0.0000000e+00   0.0000000e+00   0.0000000e+00   0.0000000e+00   0.0000000e+00   0.0000000e+00   0.0000000e+00
   0.0000000e+00   3.0000000e-08   0.0000000e+00   0.0000000e+00   0.0000000e+00   0.0000000e+00   0.0000000e+00   0.0000000e+00   0.0000000e+00   0.0000000e+00   0.0000000e+00   0.0000000e+00   0.0000000e+00   0.0000000e+00   0.0000000e+00   0.0000000e+00   0.0000000e+00   0.0000000e+00   0.0000000e+00   0.0000000e+00   0.0000000e+00   0.0000000e+00   0.0000000e+00   0.0000000e+00   0.0000000e+00   0.0000000e+00   0.0000000e+00   0.0000000e+00   0.0000000e+00   0.0000000e+00
   0.0000000e+00   0.0000000e+00   0.0000000e+00   0.0000000e+00   0.0000000e+00   0.0000000e+00   0.0000000e+00   0.0000000e+00   0.0000000e+00   0.0000000e+00   0.0000000e+00   0.0000000e+00   0.0000000e+00   0.0000000e+00   0.0000000e+00   0.0000000e+00   0.0000000e+00   0.0000000e+00   0.0000000e+00   0.0000000e+00   0.0000000e+00   0.0000000e+00   0.0000000e+00   0.0000000e+00   0.0000000e+00   0.0000000e+00   0.0000000e+00   0.0000000e+00   0.0000000e+00   0.0000000e+00
   0.0000000e+00   0.0000000e+00   0.0000000e+00   0.0000000e+00   0.0000000e+00   0.0000000e+00   0.0000000e+00   0.0000000e+00   0.0000000e+00   0.0000000e+00   0.0000000e+00   0.0000000e+00   0.0000000e+00   0.0000000e+00   0.0000000e+00   0.0000000e+00   0.0000000e+00   0.0000000e+00   0.0000000e+00   0.0000000e+00   0.0000000e+00   0.0000000e+00   0.0000000e+00   0.0000000e+00   0.0000000e+00   0.0000000e+00   0.0000000e+00   0.0000000e+00   0.0000000e+00   0.0000000e+00
