   5.9471576e+03   5.6635779e+03   5.9643221e+03   5.1024028e+03   5.5740733e+03   5.9555146e+03   5.8099689e+03   5.5241085e+03   5.4085811e+03   5.6190899e+03   5.6081098e+03   6.2186882e+03   5.7030680e+03   5.8269308e+03   5.8731110e+03   5.8680854e+03   5.7527750e+03   5.2316515e+03   5.9406489e+03   5.8846584e+03   5.6636859e+03   5.4539407e+03   5.7250703e+03   5.8027770e+03   5.5810571e+03   6.2526007e+03   5.5892673e+03   6.1817155e+03   5.8144332e+03   6.0890749e+03
   5.9471576e+03   5.6635779e+03   5.9643221e+03   5.1024028e+03   5.0382429e+03   5.8487334e+03   5.6344003e+03   5.5241085e+03   5.4085811e+03   5.6190899e+03   5.6081098e+03   5.6986663e+03   5.7030680e+03   5.3421426e+03   5.8731110e+03   5.8680854e+03   5.7527750e+03   5.2316515e+03   5.2283840e+03   5.8846584e+03   5.6636859e+03   5.4539407e+03   5.7250703e+03   5.8027770e+03   5.4105516e+03   5.3614723e+03   5.5892673e+03   5.2839227e+03   5.8144332e+03   6.0890749e+03
   5.8517274e+03   5.6635779e+03   5.2879235e+03   5.1024028e+03   5.0382429e+03   5.7030398e+03   5.6344003e+03   5.4524358e+03   5.4085811e+03   5.6190899e+03   5.4065366e+03   5.6986663e+03   5.3442451e+03   5.2811089e+03   5.6512087e+03   5.3481633e+03   5.4871338e+03   5.2316515e+03   5.2283840e+03   5.2908737e+03   5.6636859e+03   5.4539407e+03   5.7250703e+03   5.8027770e+03   5.4105516e+03   5.3614723e+03   5.5669280e+03   5.2839227e+03   5.8144332e+03   5.7171296e+03
   5.4154279e+03   5.3930229e+03   4.8254349e+03   5.0937474e+03   5.0382429e+03   3.8608430e+03   5.3973047e+03   5.4524358e+03   5.4085811e+03   5.5851208e+03   5.4065366e+03   5.6887617e+03   5.2131071e+03   5.2811089e+03   5.1548009e+03   5.2422720e+03   5.4871338e+03   5.0008375e+03   5.2283840e+03   5.2908737e+03   5.3471463e+03   5.1366463e+03   5.0076990e+03   5.3817250e+03   5.4105516e+03   5.3614723e+03   5.1864040e+03   4.8868850e+03   5.2765734e+03   5.1341662e+03
   4.8278780e+03   3.9300321e+03   4.6918773e+03   5.0307603e+03   5.0382429e+03   3.8608430e+03   4.6290251e+03   4.9378068e+03   5.3474709e+03   5.0637328e+03   4.9081096e+03   5.0395185e+03   5.2131071e+03   3.7650475e+03   5.1247919e+03   4.6280068e+03   5.3761144e+03   5.0008375e+03   5.2283840e+03   5.1043112e+03   4.8751443e+03   4.5095313e+03   4.2503119e+03   5.3817250e+03   5.3956236e+03   5.0347634e+03   5.1864040e+03   4.8868850e+03   5.0482005e+03   5.1341662e+03
   4.7364589e+03   3.5595669e+03   4.6918773e+03   4.0247759e+03   4.2851275e+03   3.5144273e+03   3.5033998e+03   4.4147906e+03   3.9377752e+03   4.8215697e+03   4.1841550e+03   3.9940686e+03   3.8482518e+03   2.1381455e+03   4.2858337e+03   4.6280068e+03   3.8228154e+03   4.5680684e+03   4.2089401e+03   4.2144925e+03   4.8751443e+03   3.4897274e+03   3.4776832e+03   4.9581266e+03   3.6342233e+03   4.3168347e+03   4.9123855e+03   4.6591062e+03   4.5940101e+03   3.2546538e+03
   3.6438088e+03   3.5595669e+03   3.6937139e+03   3.3352244e+03   2.4444920e+03   1.7928551e+03   1.9404910e+03   2.7639608e+03   3.5008150e+03   3.9239095e+03   2.6681738e+03   2.8001490e+03   2.2621680e+03   1.6776851e+03   3.1432036e+03   3.0669777e+03   1.2419619e+03   4.5680684e+03   3.1857554e+03   3.8719608e+03   4.0815115e+03   1.9484249e+03   2.5857303e+03   4.3708176e+03   3.6342233e+03   2.3027290e+03   4.5308051e+03   3.5667943e+03   4.5940101e+03   2.8059921e+03
   1.2603492e+03   3.1125086e+03   1.7705127e+03   3.0411405e+03   1.3007268e+03   1.1645533e+03   1.0653878e+03   1.3673686e+03   2.3422943e+03   1.9593822e+03   2.0362421e+03   1.5998488e+03   1.1086645e+03   1.3095366e+03   1.9473937e+03   1.5651554e+03   5.1198927e+02   4.3433281e+03   2.0554075e+03   2.5360399e+03   1.3122935e+03   7.9009993e+02   1.8645370e+03   2.7273925e+03   2.0526979e+03   1.0464714e+03   3.8650417e+03   1.7269010e+03   3.9658472e+03   1.5878168e+03
   8.1228207e+02   1.2142191e+03   7.3823449e+02   1.5037306e+03   8.6659796e+02   4.8277627e+02   3.7666631e+02   9.5419739e+02   7.9571163e+02   8.8678207e+02   9.7889284e+02   6.9803637e+02   5.3714112e+02   6.2402739e+02   7.9472624e+02   7.2519051e+02   2.0225202e+02   2.2333448e+03   9.5062248e+02   1.2794033e+03   6.7736332e+02   4.3969140e+02   1.1026733e+03   1.2632613e+03   1.2433363e+03   5.2504015e+02   3.1029403e+03   1.0401477e+03   2.5781018e+03   6.4238546e+02
   4.6975910e+02   5.5634400e+02   5.8332474e+02   7.7677176e+02   4.5845291e+02   3.5953293e+02   1.2342903e+02   3.5997746e+02   6.1672655e+02   4.3597739e+02   4.8304327e+02   3.2853181e+02   2.8897599e+02   3.4420171e+02   8.7657409e+01   4.0764945e+02   1.3475839e+02   7.1661922e+02   6.7288219e+02   5.1793402e+02   2.7265669e+02   3.2544117e+02   5.8741836e+02   4.4083106e+02   5.2732029e+02   1.4578715e+02   9.8750833e+02   5.7002701e+02   1.7709225e+03   4.4531658e+02
   2.5206314e+02   3.3900783e+02   3.5883566e+02   3.9814274e+02   2.4537641e+02   1.5089713e+02   1.0059919e+02   1.2853918e+02   2.2498000e+02   3.2977940e+02   2.7239761e+02   1.7432117e+02   8.4079710e+01   1.4710520e+02   7.9244647e+01   2.5133070e+02   1.3475119e+02   2.8986969e+02   8.9453613e+01   2.4044796e+02   8.6075885e+01   2.6949248e+02   2.7489098e+02   1.7763377e+02   2.3174810e+02   1.1421180e+02   5.0261893e+02   2.5626385e+02   9.9854034e+02   3.3140506e+02
   1.5699052e+02   1.7698718e+02   2.2791344e+02   1.9553566e+02   1.7679156e+02   1.0838575e+02   1.0059916e+02   8.2621764e+01   9.2487057e+01   1.0818802e+02   1.7167921e+02   8.0733559e+01   8.3164313e+01   1.2378981e+02   7.9244647e+01   1.4124152e+02   1.3475119e+02   1.4010093e+02   3.6481741e+01   1.4275512e+02   8.6061808e+01   1.7541847e+02   2.0105429e+02   1.3431086e+02   1.8620746e+02   1.1412606e+02   3.6803572e+02   1.1051701e+02   3.0945628e+02   2.2937404e+02
   9.5426127e+01   1.5224663e+02   1.9453121e+02   1.4732868e+02   1.1968936e+02   1.0827492e+02   1.0059916e+02   8.1743905e+01   7.0686487e+01   6.5518987e+01   1.3319257e+02   7.0307655e+01   8.3164313e+01   1.1311992e+02   7.9244647e+01   1.1134038e+02   1.3475119e+02   1.4010093e+02   3.6469022e+01   8.5073620e+01   8.6061808e+01   9.9815770e+01   1.2132548e+02   1.3430823e+02   1.3381550e+02   1.1412606e+02   2.5630685e+02   9.6423258e+01   1.0986494e+02   2.0547594e+02
   9.3942439e+01   1.1659185e+02   1.4794090e+02   1.3376850e+02   9.9426361e+01   1.0827492e+02   1.0059916e+02   8.1743905e+01   7.0686487e+01   5.7000545e+01   1.0532389e+02   6.4541788e+01   3.6970519e+00   1.1311992e+02   7.9244647e+01   9.4049889e+01   1.2756003e+02   9.8914006e+01   3.6469022e+01   6.6946537e+01   8.6061808e+01   7.4954142e+01   7.8138726e+01   1.3430823e+02   1.0546704e+02   7.7378245e+01   2.1578985e+02   7.9932328e+01   7.3761982e+01   1.8550441e+02
   9.3942439e+01   1.1009468e+02   1.2009654e+02   1.1472993e+02   9.3311062e+01   1.0827492e+02   1.0059916e+02   8.1743905e+01   7.0686487e+01   4.1764632e+01   9.7510605e+01   5.4159185e+01   0.0000000e+00   6.9382759e+01   7.9244647e+01   8.6540769e+01   1.0383666e+02   7.7725473e+01   3.6469022e+01   6.1434892e+01   5.9666536e+01   2.8793513e+01   7.5337877e+01   9.7768824e+01   1.0519070e+02   7.7378245e+01   1.8784575e+02   7.9745702e+01   6.5221540e+01   1.6276246e+02
   9.3942439e+01   9.8954102e+01   8.1510492e+01   1.0898575e+02   8.5122638e+01   5.0394267e+01   8.8050948e+01   6.8339004e+01   0.0000000e+00   0.0000000e+00   8.3401481e+01   4.8862555e+01   0.0000000e+00   6.9222058e+01   7.9244647e+01   8.6540768e+01   6.1503491e+01   7.7725473e+01   3.6469022e+01   0.0000000e+00   0.0000000e+00   4.2755153e+00   3.6469022e+01   9.7768824e+01   8.0386751e+01   7.7378245e+01   6.7342543e+01   7.9745702e+01   2.0283144e+01   8.4099470e+01
