   2.4484281e+06   3.6083742e+06   3.3441682e+06   1.7894623e+06   4.9998862e+05   1.7238250e+06   8.9533751e+06   7.0869677e+05   1.6761074e+07   5.9884445e+05   2.6320781e+07   5.3112891e+06   1.2755460e+06   2.2013458e+06   8.7757825e+05   7.0904257e+05   2.0029012e+06   2.6337084e+06   1.7621397e+06   4.7464805e+06   9.7198319e+06   5.3720448e+05   1.4777970e+06   6.6332997e+05   7.8672027e+06   6.2143436e+05   1.7302210e+06   2.6699333e+06   2.9303253e+06   1.3731488e+06
   5.4878058e+05   3.2763465e+06   1.4168269e+05   7.9416297e+04   4.9998862e+05   5.4766701e+05   8.3702447e+05   7.0869677e+05   3.0269486e+06   5.9884445e+05   1.0920694e+07   6.1193390e+05   1.2755460e+06   4.9064599e+05   8.7757825e+05   7.0904257e+05   2.0029012e+06   9.9602265e+05   1.4373339e+06   1.3875052e+06   3.9037023e+06   5.3720448e+05   7.5181771e+03   2.6585672e+05   9.3804712e+05   5.8974111e+05   8.6570989e+05   9.2642536e+05   1.4092867e+06   5.5635179e+05
   3.3776802e+05   2.1901204e+05   3.8770847e+04   7.9416297e+04   4.9998862e+05   2.5151525e+05   9.0713151e+03   1.6692969e+05   1.4207558e+06   7.4581381e+04   1.1434491e+06   6.1193390e+05   1.1874900e+06   2.1607889e+05   3.2562882e+05   2.0078773e+05   1.4917157e+06   2.9654351e+05   5.0217794e+05   1.9284252e+05   2.0784540e+05   2.9565964e+05   7.5181771e+03   1.3162250e+05   3.8840377e+05   7.0559873e+03   2.7273977e+05   1.0091180e+05   4.7262384e+05   5.5635179e+05
   3.0880897e+04   1.5015359e+04   4.4959620e+03   7.5489692e+04   4.9998862e+05   8.9539156e+04   9.0713151e+03   1.0867584e+05   2.3670286e+04   9.6560796e+03   7.0548946e+04   6.6900262e+04   6.0943745e+03   1.8583773e+04   4.7848023e+04   1.9169394e+05   4.1070007e+05   9.4490539e+04   2.7459912e+05   4.2349692e+04   2.0784540e+05   2.9209712e+04   7.1586049e+03   4.0912136e+04   2.2241574e+05   4.9726938e+03   2.3211527e+04   7.4115076e+04   1.1975124e+05   2.6751465e+05
   1.7099620e+04   5.1594286e+03   2.7586092e+03   1.2625201e+04   1.4116316e+05   3.0977623e+04   2.0856045e+03   6.5561802e+04   6.0246779e+03   2.7488762e+03   4.0406510e+03   3.1843129e+04   6.0943745e+03   1.8583773e+04   1.8711058e+04   7.2252492e+04   6.3452876e+03   2.8603186e+04   2.3833180e+05   1.2450466e+04   9.1825655e+03   2.5823624e+03   6.7585254e+03   3.7205852e+04   1.2433418e+05   3.6698988e+03   9.0906670e+03   5.7684961e+04   4.5152830e+03   2.1548941e+04
   4.2189848e+03   1.7241284e+03   2.4370207e+03   1.2355539e+03   6.3269233e+04   7.8432788e+03   1.6371824e+03   2.7279031e+03   1.9007614e+03   1.4027784e+03   1.7319582e+03   5.7062000e+03   2.5855590e+03   1.0171698e+04   1.0176400e+04   9.7629092e+03   4.7216929e+03   4.0355647e+03   2.1471763e+05   1.2450466e+04   5.4322265e+03   2.4103988e+03   5.8464925e+03   4.9220379e+03   4.8001038e+04   3.0034250e+03   7.9119980e+03   4.9486409e+04   2.9940256e+03   4.8105829e+03
   4.2189848e+03   8.8908737e+02   1.9213957e+03   7.9799347e+02   1.9312781e+04   6.3918814e+03   1.5733143e+03   1.4521518e+03   1.6484942e+03   1.3250986e+03   7.4650608e+02   5.0028798e+03   2.1587140e+03   5.0677257e+03   5.6012260e+03   5.4509765e+03   3.1776416e+03   3.0302139e+03   1.7640899e+04   1.1493608e+04   3.6360761e+03   2.0563089e+03   5.5707517e+03   2.1343952e+03   4.3733930e+04   2.9532848e+03   7.8175977e+03   3.4006819e+04   2.2806765e+03   3.7228960e+03
   3.0192481e+03   6.2544730e+02   1.8396686e+03   4.1715950e+02   1.4451979e+03   5.2835530e+03   1.2793772e+03   5.4494774e+02   1.4743685e+03   1.0946400e+03   3.8999368e+02   4.1178325e+03   1.7254443e+03   2.3859648e+03   7.8428754e+02   4.1941368e+03   2.9397659e+03   2.7970658e+03   9.7571307e+03   7.5279888e+03   3.2679368e+03   1.7402798e+03   4.7269035e+03   1.9910140e+03   1.9332518e+03   2.9242754e+03   6.9372199e+03   1.2245598e+04   1.8755975e+03   3.7036919e+03
   1.5900212e+03   3.2421418e+02   1.6111133e+03   3.3554198e+02   2.1261956e+02   9.0061343e+02   7.3334312e+02   4.0965518e+02   1.2940416e+03   9.6216610e+02   3.1578058e+02   1.8324632e+03   1.5853895e+03   1.8539388e+03   3.8058567e+02   1.9575208e+03   9.6789927e+02   2.0069233e+03   7.3389389e+02   1.2971716e+03   2.5025874e+03   1.4596875e+03   4.6205996e+03   1.6865504e+03   1.0380121e+03   2.9216262e+03   3.8201981e+02   4.3687396e+03   1.6791350e+03   3.5690597e+03
   6.5547526e+02   1.5229555e+02   4.3925635e+02   2.1452383e+02   7.4654634e+01   5.0976414e+02   1.5926659e+02   1.4905556e+02   3.4809987e+02   3.8141465e+02   1.0978007e+02   1.9376851e+02   5.2702973e+02   2.3990095e+02   5.3241281e+01   4.4575278e+02   4.8070690e+02   7.2633414e+01   2.5707023e+02   5.5783859e+02   2.2897220e+02   9.6616591e+02   7.0789986e+02   2.5325018e+02   4.1151873e+02   3.8083446e+02   1.9989328e+02   2.8652203e+02   3.8524992e+02   3.6861838e+02
   1.2641454e+02   1.2295934e+02   2.0904233e+02   1.3335901e+02   4.7442633e+01   1.6711304e+02   1.0647529e+02   9.3122318e+01   1.2361096e+01   1.4934985e+02   4.0216243e+01   1.1757267e+02   2.0001636e+02   1.5755373e+01   2.5887785e+01   1.6898109e+02   1.9714020e+02   2.7709322e+01   1.4357232e+02   2.5465938e+02   5.2275919e+01   1.6323220e+02   8.4787192e+01   1.4187627e+02   9.3749524e+01   9.6512212e+01   5.3401467e+01   7.7889443e+01   1.4570254e+02   1.4336179e+02
   1.4278487e+01   4.3306417e+01   1.4545099e+02   8.9022659e+01   4.0075093e+01   1.2196851e+02   7.0310385e+01   8.0181453e+01   3.4599004e+00   9.0083308e+01   2.1151223e+01   6.4810957e+00   1.1088350e+02   2.8079974e+00   1.9344632e+01   1.5574748e+01   1.7758511e+02   2.2414259e+01   1.2190562e+02   6.2754651e+01   1.2395884e+01   1.4849549e+02   4.7469248e+01   1.6469248e+01   2.3060799e+01   5.0596609e+01   2.4224905e+01   4.5325529e+01   8.5996013e+01   2.6110896e+01
   2.6069620e+00   2.8490749e+01   2.9654814e+01   2.2664278e+01   1.7003519e+01   8.1849559e+01   2.5138873e+01   1.6765653e+01   2.5804770e+00   3.4588735e+00   1.1877637e+01   6.0534528e+00   4.7440130e+01   2.2601868e+00   4.3636189e+00   1.2586957e+01   3.2374495e+00   2.2356092e+01   3.8402779e+01   5.5843096e+00   4.1042373e+00   1.8744958e+01   2.2013950e+01   1.1502385e+01   1.4347284e+01   1.8085474e+01   1.2341157e+01   7.1031750e+00   5.3181617e+01   2.2197825e+00
   2.4062237e+00   2.7823582e+01   2.8366693e+01   1.4190550e+00   2.2625747e+00   2.9230804e+01   1.7858139e+01   1.2173846e+01   2.2367452e+00   2.3179781e-01   6.6365907e+00   5.2714888e+00   2.2642578e+01   1.7007835e+00   2.4442267e-01   1.2584200e+01   1.2031360e+00   2.2345910e+01   1.3246463e+01   2.6143693e+00   1.1055265e+00   1.2376182e+01   1.7111948e+01   1.1381110e+01   5.4795911e+00   1.2561994e+01   1.2214078e+01   1.2694710e+00   1.4922185e+01   2.1983404e+00
   2.4062041e+00   2.7554788e+01   2.8338209e+01   1.4112451e+00   2.1981266e+00   1.6616351e+00   1.1497038e+01   1.2167914e+01   2.2006591e+00   2.0890557e-01   3.7876420e+00   2.3299214e+00   2.2554058e+01   1.6193985e+00   2.0814355e-01   1.2584200e+01   1.2031056e+00   2.2345910e+01   1.1172955e+01   2.6143486e+00   4.3103509e-01   1.2376058e+01   6.8888283e+00   1.1381098e+01   5.3910769e+00   3.6259939e+00   1.2167915e+01   1.2031918e+00   4.2585280e-01   2.1980612e+00
   2.4062041e+00   2.7529090e+01   1.7558991e+01   1.4112450e+00   1.2314880e+00   2.0814372e-01   1.1381098e+01   1.2167914e+01   2.1980699e+00   2.0814308e-01   3.6093071e+00   2.1980711e+00   2.2173735e+01   1.6193880e+00   2.0814298e-01   1.2031021e+00   1.2031020e+00   2.2345910e+01   4.1628618e-01   2.6143471e+00   4.1628597e-01   1.1838225e+01   2.4062060e+00   2.1068340e-01   1.4424480e+00   3.6093064e+00   1.2167914e+01   1.2031020e+00   4.1636673e-01   2.1980611e+00
