   1.9154996e+03   1.7737486e+03   1.7708136e+03   1.4682914e+03   2.3050625e+03   1.4240270e+03   2.1751599e+03   2.5001441e+03   2.0003501e+03   2.0738121e+03   1.8991304e+03   2.0120078e+03   1.9873002e+03   2.4706424e+03   2.1724825e+03   2.0456141e+03   2.2119926e+03   2.6358005e+03   2.1040850e+03   2.0671251e+03   2.1185172e+03   2.0508053e+03   2.1794123e+03   2.4204656e+03   2.3582895e+03   2.3491839e+03   1.9574958e+03   2.3609883e+03   2.2103166e+03   1.7792993e+03
   1.9154996e+03   1.7737486e+03   1.3635263e+03   1.4682914e+03   2.3050625e+03   1.4240270e+03   1.8555550e+03   1.8800465e+03   1.7544559e+03   2.0738121e+03   1.7572961e+03   2.0120078e+03   1.9873002e+03   1.5111164e+03   2.1335321e+03   2.0284635e+03   2.2119926e+03   2.1793657e+03   2.1040850e+03   2.0671251e+03   2.0439828e+03   2.0508053e+03   2.0955142e+03   1.9060256e+03   2.2413583e+03   1.8958238e+03   1.9574958e+03   1.8370241e+03   1.9385911e+03   1.7792993e+03
   8.9302398e+02   1.7737486e+03   1.2041929e+03   1.4682914e+03   2.0552725e+03   1.4240270e+03   1.3051603e+03   1.6769110e+03   1.7544559e+03   1.7451301e+03   1.7572961e+03   2.0120078e+03   1.5458679e+03   1.5111164e+03   1.5493201e+03   1.5537534e+03   2.2119926e+03   1.9011452e+03   1.6810462e+03   1.5800085e+03   1.8268795e+03   1.8303724e+03   2.0538812e+03   1.9060256e+03   1.6726565e+03   1.8958238e+03   1.7027414e+03   1.5944147e+03   1.9385911e+03   1.6814483e+03
   8.9302398e+02   1.6913036e+03   1.0977296e+03   1.4682914e+03   1.6206763e+03   1.4240270e+03   1.3051521e+03   1.6769110e+03   1.0142479e+03   1.0442617e+03   1.1006657e+03   1.5787141e+03   1.2196720e+03   1.3753584e+03   1.2552034e+03   1.5537534e+03   1.6865325e+03   9.2336188e+02   1.4726054e+03   1.5517583e+03   1.6075907e+03   9.3618423e+02   1.2962054e+03   1.8150100e+03   1.5089406e+03   1.1184961e+03   1.4185195e+03   8.8792523e+02   1.6672350e+03   1.6814483e+03
   7.6415659e+02   1.2300291e+03   8.4645936e+02   7.0953685e+02   1.1713166e+03   1.0386372e+03   9.9028780e+02   1.2818207e+03   9.2856076e+02   1.0442617e+03   1.1006657e+03   8.6701594e+02   6.3193340e+02   9.4569578e+02   8.1357636e+02   5.1904843e+02   1.2309529e+03   9.2336188e+02   1.1780908e+03   9.8804574e+02   1.1492165e+03   8.3545063e+02   1.0534168e+03   9.3064000e+02   8.0731479e+02   1.1184961e+03   1.3406100e+03   4.4564536e+02   1.2688305e+03   1.1016304e+03
   2.8263210e+02   8.4963909e+02   4.8502469e+02   2.3113085e+02   7.3594645e+02   5.6222299e+02   4.6307466e+02   6.8011829e+02   6.1965046e+02   6.4993522e+02   6.5853846e+02   5.8652046e+02   5.5489190e+02   5.0071794e+02   5.1059577e+02   4.7687520e+02   7.4312055e+02   7.1440650e+02   1.0516895e+03   7.1996295e+02   6.9563503e+02   6.4785599e+02   6.7109637e+02   5.3267036e+02   6.8343310e+02   6.5627011e+02   6.3846660e+02   3.9723178e+02   8.0496377e+02   7.5588351e+02
   2.2781020e+02   2.5489900e+02   1.1411081e+02   1.5380790e+02   3.2376493e+02   3.0319389e+02   2.3140489e+02   1.0360445e+02   2.2363118e+02   4.0182918e+02   3.7079104e+02   1.2386908e+02   8.2273303e+01   2.6832803e+02   1.9335459e+02   2.8170277e+02   1.5256381e+02   3.3864194e+02   4.3806318e+02   4.4837803e+02   5.0216568e+02   2.7891280e+02   2.4347744e+02   2.8617882e+02   3.3598663e+02   3.4692489e+02   1.6073151e+02   1.0666406e+02   3.3868768e+02   2.1915655e+02
   4.7699249e+01   1.0577368e+02   3.0314179e+01   3.2749939e+01   5.8104220e+01   8.6392410e+01   5.3184878e+01   2.8996082e+01   4.0179433e+01   6.2329364e+01   3.0763605e+01   4.4165042e+01   2.4389204e+01   7.8943671e+01   5.9532573e+01   1.2426600e+02   5.5921238e+01   1.7679202e+02   5.4162130e+01   4.9746480e+01   7.7297498e+01   9.4713876e+01   8.3778350e+01   2.8832267e+01   4.3788554e+01   6.9833253e+01   6.3690800e+01   1.4076166e+01   1.1463131e+02   6.8627945e+01
   6.8006599e+00   1.5733197e+01   5.4491679e+00   7.3871301e+00   1.7032784e+01   7.9788768e+00   1.1431379e+01   5.2681285e+00   5.7691276e+00   1.2572027e+01   7.3729616e+00   5.1234725e+00   4.7362718e+00   1.1866407e+01   7.7963496e+00   2.1071692e+01   1.0807699e+01   2.8319259e+01   1.2170960e+01   6.8763063e+00   8.9196461e+00   6.4124271e+00   1.1668043e+01   5.9692618e+00   6.5601127e+00   1.4205980e+01   7.2540333e+00   6.6917371e+00   1.0361929e+01   1.4307800e+01
   3.7042153e+00   5.2031218e+00   3.9019935e+00   3.8139502e+00   5.0385286e+00   4.1009393e+00   3.1074603e+00   3.1733013e+00   3.6903465e+00   9.9455538e+00   4.2992096e+00   3.2829727e+00   3.0633554e+00   3.9423007e+00   4.8010858e+00   5.6773519e+00   5.2769835e+00   4.7810408e+00   5.1059693e+00   4.1692101e+00   4.4212798e+00   4.3020163e+00   3.4659092e+00   3.6792193e+00   4.5541668e+00   4.7971866e+00   3.3949135e+00   4.1436937e+00   4.9918374e+00   5.3143601e+00
   2.8274080e+00   3.2257312e+00   3.4670347e+00   3.2348760e+00   2.4203393e+00   3.4196053e+00   1.2448670e+00   2.6010865e+00   3.3488630e+00   3.0706488e+00   3.8126665e+00   2.0446623e+00   1.9891206e+00   2.2052769e+00   3.5539839e+00   1.8306306e+00   3.2909687e+00   2.2479172e+00   2.8499222e+00   3.3694828e+00   3.5877811e+00   1.8335043e+00   2.7607415e+00   3.1976250e+00   3.6441873e+00   3.3590694e+00   1.7666792e+00   2.8946141e+00   2.6753140e+00   3.1811634e+00
   2.4479152e+00   2.5995398e+00   3.0152094e+00   2.9317369e+00   9.0381810e-01   2.7851369e+00   8.3645763e-01   2.0843071e+00   2.9735822e+00   2.4729683e+00   3.2588111e+00   1.5149724e+00   1.5219862e+00   1.4908985e+00   2.9897132e+00   1.0590545e+00   2.6634757e+00   5.9350879e-01   2.4207843e+00   2.2210110e+00   3.2188041e+00   1.0953737e+00   2.2372913e+00   2.7374017e+00   3.1836748e+00   2.7458800e+00   1.4663950e+00   2.6147224e+00   2.3031586e+00   1.9281005e+00
   1.9949304e+00   2.0623479e+00   2.4835477e+00   7.6789721e-01   5.0064866e-01   1.1150043e+00   5.3805085e-01   1.7978809e+00   2.5574450e+00   2.0048593e+00   1.1738276e+00   1.0744205e+00   1.3745335e+00   1.3399314e+00   2.5389962e+00   8.8056850e-01   6.4760473e-01   4.6255142e-01   1.2389633e+00   6.1840680e-01   2.5840584e+00   7.8581029e-01   1.5490490e+00   2.2771929e+00   2.7239658e+00   2.2266153e+00   1.2493647e+00   1.2601721e+00   1.8190449e+00   3.9010342e-01
   1.4664145e+00   8.2343496e-01   1.8090176e+00   4.3792001e-01   3.5625371e-01   6.2350948e-01   4.8067631e-01   1.3557652e+00   1.3578640e+00   1.1092387e+00   7.2750555e-01   8.1495018e-01   1.0268338e+00   9.0407582e-01   1.9121168e+00   4.7056748e-01   2.7837291e-01   2.8563585e-01   1.1310322e+00   4.9215066e-01   1.3263046e+00   4.5957562e-01   1.3626460e+00   1.6711498e+00   1.8401969e+00   6.0988896e-01   1.0409592e+00   7.4332081e-01   1.3326886e+00   2.6025619e-01
   9.6308942e-01   1.5880266e-01   9.0491295e-01   2.2250689e-01   2.4559922e-01   4.5048081e-01   1.5836472e-01   1.0400410e+00   2.1096606e-01   4.6121833e-01   5.4791568e-01   6.2020501e-01   6.5244874e-01   5.3178437e-01   1.1961234e+00   1.9709587e-01   1.8164208e-01   2.1920039e-01   9.2723559e-01   3.8326316e-01   4.8031472e-01   4.0014754e-01   1.0363532e+00   7.9137670e-01   2.8803654e-01   2.7904942e-01   8.7391197e-01   6.3862804e-01   9.2991385e-01   2.3103250e-01
   5.4125060e-01   1.0115328e-01   3.1773016e-01   1.3710052e-01   2.1644946e-01   2.9282338e-01   1.3528978e-01   8.0416512e-01   1.5291463e-01   1.7443675e-01   3.4652782e-01   4.3324763e-01   2.8019902e-01   1.8711877e-01   5.5978574e-01   1.8742724e-01   8.8791930e-02   1.7193509e-01   5.2181615e-01   3.8319016e-01   2.0644931e-01   2.1261683e-01   6.3946364e-01   2.9112980e-01   2.8019276e-01   1.4090682e-01   5.4364088e-01   3.4036556e-01   2.0035316e-01   7.3314160e-02
