   1.7900102e+03   1.4817667e+03   2.4400022e+03   2.1223357e+03   2.2137073e+03   2.0160099e+03   2.0304853e+03   1.9876663e+03   2.1823250e+03   2.1720290e+03   1.9569470e+03   1.6436690e+03   2.1498889e+03   1.8144318e+03   2.3602460e+03   1.9853299e+03   2.2513927e+03   2.2257250e+03   2.1451405e+03   2.4851255e+03   2.2032415e+03   2.0243002e+03   2.5383286e+03   1.6900967e+03   2.5084746e+03   2.2649093e+03   2.3774202e+03   2.1182043e+03   2.3368734e+03   2.0826631e+03
   1.7900102e+03   1.4817667e+03   2.0770805e+03   2.0050286e+03   1.8462327e+03   2.0160099e+03   2.0304853e+03   1.9876663e+03   1.8140353e+03   2.1720290e+03   1.3125527e+03   1.6436690e+03   2.1498889e+03   1.5087793e+03   1.5854768e+03   1.4754589e+03   2.2439558e+03   1.7985612e+03   2.0378892e+03   2.1361385e+03   2.0693576e+03   2.0243002e+03   2.0703580e+03   1.6900967e+03   2.3223654e+03   1.5557514e+03   1.2389385e+03   2.1182043e+03   1.4296945e+03   2.0526549e+03
   1.7900102e+03   1.4817667e+03   1.6897150e+03   2.0050286e+03   8.0038858e+02   1.6952096e+03   2.0304853e+03   1.6836409e+03   1.0415609e+03   2.1720290e+03   1.3125527e+03   1.6436690e+03   2.1230014e+03   1.5087793e+03   1.5854768e+03   1.4572965e+03   2.0701250e+03   1.7985612e+03   1.9132095e+03   1.5889820e+03   2.0693576e+03   2.0243002e+03   2.0703580e+03   1.5753625e+03   2.1487115e+03   1.5557514e+03   8.9757730e+02   1.8675713e+03   1.0872693e+03   1.8885515e+03
   1.5961303e+03   1.2195132e+03   1.3310516e+03   1.7448535e+03   7.0172473e+02   1.6952096e+03   2.0304853e+03   9.8818215e+02   1.0415609e+03   1.2403545e+03   1.0099651e+03   1.4609138e+03   2.0144344e+03   1.3963151e+03   1.5854768e+03   9.2249025e+02   2.0307515e+03   1.7985612e+03   1.6708008e+03   1.5889820e+03   1.9221766e+03   1.9392286e+03   1.7818670e+03   1.5753625e+03   1.9162962e+03   1.0721988e+03   6.5295148e+02   1.7812121e+03   6.6243973e+02   1.4806403e+03
   9.6695362e+02   1.1960588e+03   4.8524028e+02   1.6869595e+03   3.7159570e+02   9.2442931e+02   1.4176246e+03   4.4846146e+02   7.5516122e+02   6.8677590e+02   4.5484475e+02   1.1979859e+03   1.5395526e+03   5.3845897e+02   1.5170185e+03   6.3028229e+02   1.1061696e+03   1.2478184e+03   1.0656335e+03   9.2903556e+02   9.3803021e+02   1.5142118e+03   1.6969367e+03   1.5753625e+03   1.9162962e+03   9.4291488e+02   5.3864016e+02   1.4425160e+03   4.1982495e+02   7.2989463e+02
   6.8918044e+02   8.1966967e+02   4.3949078e+02   1.5091392e+03   3.0894591e+02   9.2190664e+02   1.0137980e+03   3.5858996e+02   4.1531732e+02   2.3588452e+02   2.6420454e+02   1.1203475e+03   1.1981750e+03   1.9327467e+02   9.8347733e+02   3.6615678e+02   4.7777206e+02   1.1811666e+03   4.4953863e+02   7.0662431e+02   5.4549113e+02   1.3311534e+03   1.2374499e+03   1.5118667e+03   1.6547378e+03   6.9742527e+02   4.5775089e+02   5.4530449e+02   2.0633809e+02   5.2099430e+02
   2.2463135e+02   4.9386579e+02   2.5565248e+02   4.7187977e+02   1.5959514e+02   5.9197317e+02   7.1213562e+02   3.0842584e+02   2.1987420e+02   1.1387108e+02   1.4059236e+02   6.2579004e+02   5.2321788e+02   8.5925356e+01   7.5511439e+02   1.0454320e+02   1.4447214e+02   1.0911274e+03   2.9628368e+02   3.6091387e+02   3.9299738e+02   2.8046947e+02   5.9661532e+02   1.5118667e+03   1.3209285e+03   5.9955878e+02   2.7351896e+02   3.0311194e+02   1.7869982e+02   2.3862577e+02
   7.6059357e+01   4.4324270e+02   1.2538133e+02   3.2451899e+02   8.2733374e+01   2.1752289e+02   4.7971603e+02   2.5999124e+02   4.3035613e+01   5.6271268e+01   6.0134084e+01   5.1787527e+02   4.3297465e+02   6.5839083e+01   6.3744061e+02   5.7108397e-01   7.6657963e+01   5.6324956e+02   9.4950728e+01   2.7583282e+01   1.9705308e+02   4.0859351e+01   1.6811926e+02   5.9911796e+02   1.1043516e+03   2.8156300e+02   2.2785447e+02   1.6868537e+02   1.7853935e+02   1.5703099e+02
   6.1778444e+01   3.0094722e+02   1.0231716e+02   1.7543093e+02   6.2539834e+01   5.3508919e+01   5.8528595e+01   1.3617116e+02   4.0233214e+01   5.5747212e+01   5.7999790e+01   2.5258870e+02   5.7804376e+01   6.5232542e+01   5.6550892e+02   7.9109000e-04   6.9932022e+01   3.9419215e+02   9.3989296e+01   5.8350937e+00   9.1394117e+01   2.7165074e+01   5.5456354e+01   2.3109674e+02   9.0826456e+02   2.1279021e+02   2.2431891e+02   5.4755699e+01   1.7853887e+02   6.5782429e+01
   6.1728703e+01   2.5156703e+02   1.0123057e+02   9.2246581e+01   6.2538395e+01   5.2323572e+01   4.0346105e+01   6.3018775e+01   4.0233134e+01   5.5747200e+01   5.7945060e+01   1.6356559e+02   5.7384688e+01   6.5231365e+01   5.6496202e+02   0.0000000e+00   6.9646887e+01   1.5781312e+02   9.3989279e+01   2.5872278e+00   8.0383444e+01   2.7163584e+01   5.3919808e+01   1.3160024e+02   8.8583076e+02   1.3514778e+02   2.2431841e+02   3.8577004e+01   1.7853879e+02   3.2822678e+01
   6.1728702e+01   2.4937194e+02   1.0120790e+02   5.9722977e+01   6.2538395e+01   5.2321299e+01   4.0233123e+01   6.2538397e+01   4.0233120e+01   5.5747198e+01   5.7945060e+01   6.7766269e+01   5.7383680e+01   6.5231365e+01   2.0267047e+02   0.0000000e+00   6.9646853e+01   1.5501583e+02   9.3989279e+01   2.5778393e+00   8.0383305e+01   2.7163583e+01   5.3919808e+01   3.7028761e+01   4.1616520e+02   1.1417444e+02   1.5386223e+02   3.6225664e+01   5.2352639e+01   1.2228664e+01
   6.1728702e+01   2.4928814e+02   1.0119609e+02   4.8785601e+01   3.6841900e+01   5.2321297e+01   4.0233120e+01   6.2538395e+01   4.0233120e+01   3.3172566e+01   5.7945060e+01   4.9940236e+01   5.7383680e+01   6.5231365e+01   1.9621187e+02   0.0000000e+00   5.7383891e+01   1.5501564e+02   9.3989279e+01   0.0000000e+00   8.0383305e+01   2.7163583e+01   5.3919808e+01   3.6759448e+01   3.4971143e+02   4.6733164e+01   1.3759549e+02   3.6225662e+01   5.2321297e+01   3.5623290e-02
   6.1728702e+01   5.9566334e+01   6.8109023e+01   4.8763907e+01   2.4226491e+01   5.2321297e+01   4.0233120e+01   6.2538395e+01   4.0233120e+01   3.2170638e+01   0.0000000e+00   4.3882575e+01   4.3104916e+01   5.4691046e+01   5.0777768e+01   0.0000000e+00   5.7383680e+01   7.2343295e+01   4.4121784e+01   0.0000000e+00   0.0000000e+00   0.0000000e+00   5.3919808e+01   3.6759448e+01   2.9847002e+02   2.3257879e+01   3.0468374e+01   2.9465167e+00   5.2321297e+01   0.0000000e+00
   6.1728702e+01   3.4182794e+01   6.1152625e+01   4.8763907e+01   2.3257879e+01   5.2321297e+01   4.0233120e+01   6.2538395e+01   4.0233120e+01   3.2170638e+01   0.0000000e+00   4.0538851e+01   4.3104552e+01   3.6759448e+01   5.0777768e+01   0.0000000e+00   5.3515411e-01   4.0393495e+01   4.4120666e+01   0.0000000e+00   0.0000000e+00   0.0000000e+00   3.2170789e+01   3.6759448e+01   2.7585725e+02   1.0000000e-08   4.7820676e+00   0.0000000e+00   5.2321297e+01   0.0000000e+00
   0.0000000e+00   3.4182794e+01   3.9977124e+01   4.0430845e+01   0.0000000e+00   4.4811636e+01   0.0000000e+00   4.4914617e+01   0.0000000e+00   3.2170638e+01   0.0000000e+00   4.0538794e+01   4.3104552e+01   3.6759448e+01   0.0000000e+00   0.0000000e+00   0.0000000e+00   3.2170648e+01   4.4120666e+01   0.0000000e+00   0.0000000e+00   0.0000000e+00   3.2170638e+01   0.0000000e+00   2.7067954e+02   0.0000000e+00   0.0000000e+00   0.0000000e+00   3.4549074e+01   0.0000000e+00
   0.0000000e+00   0.0000000e+00   3.4549074e+01   2.6130109e+01   0.0000000e+00   3.2170638e+01   0.0000000e+00   0.0000000e+00   0.0000000e+00   3.2170638e+01   0.0000000e+00   0.0000000e+00   0.0000000e+00   0.0000000e+00   0.0000000e+00   0.0000000e+00   0.0000000e+00   3.2170638e+01   4.4120666e+01   0.0000000e+00   0.0000000e+00   0.0000000e+00   3.2170638e+01   0.0000000e+00   3.6759448e+01   0.0000000e+00   0.0000000e+00   0.0000000e+00   3.4549074e+01   0.0000000e+00
