   1.6860937e+03   1.5157469e+03   1.6537799e+03   1.3188909e+03   1.4474016e+03   1.4055432e+03   1.3747068e+03   1.4063779e+03   1.4715034e+03   1.5587487e+03   1.3386833e+03   1.7288168e+03   1.2401201e+03   1.3638384e+03   1.5374320e+03   1.3764024e+03   1.4863936e+03   1.5692583e+03   1.6812080e+03   1.6715989e+03   1.5139781e+03   1.3786514e+03   1.3991978e+03   1.4784970e+03   1.6244210e+03   1.4015423e+03   1.7809769e+03   1.5181063e+03   1.2417938e+03   1.5107934e+03
   1.4679149e+03   1.1596339e+03   1.4093609e+03   1.2177876e+03   1.3820881e+03   1.4055432e+03   1.3747068e+03   1.4063779e+03   8.5419840e+02   9.6410934e+02   1.3386833e+03   1.1345538e+03   1.2401201e+03   1.3638384e+03   1.4966620e+03   1.3514884e+03   1.2928678e+03   1.5692583e+03   1.4897201e+03   1.3663811e+03   1.1334586e+03   1.3786514e+03   1.3991978e+03   1.3400976e+03   1.4927139e+03   1.3639883e+03   1.6645920e+03   1.3751374e+03   1.2417938e+03   1.4520681e+03
   1.1063503e+03   1.1322745e+03   1.1423677e+03   1.0008328e+03   1.3820881e+03   9.4545329e+02   1.3747068e+03   1.3913102e+03   8.5419840e+02   9.6410934e+02   1.3223917e+03   1.1345538e+03   1.2401201e+03   1.3513187e+03   1.2501786e+03   1.2213479e+03   1.2472884e+03   9.9201578e+02   1.2700120e+03   1.0638273e+03   8.2982216e+02   1.2496786e+03   9.1109952e+02   9.8412270e+02   1.4172603e+03   9.0213755e+02   1.2249559e+03   1.0015082e+03   1.2417938e+03   1.0413187e+03
   7.1867040e+02   6.8263432e+02   8.7287755e+02   6.6254629e+02   5.8152955e+02   6.3864920e+02   6.4217403e+02   5.8863068e+02   5.9933266e+02   7.5020658e+02   5.6775721e+02   5.6138464e+02   5.1580999e+02   8.0754014e+02   7.6056130e+02   4.4012444e+02   7.7327404e+02   6.2649497e+02   7.1780767e+02   7.4368212e+02   5.8557616e+02   7.6269447e+02   8.4505904e+02   4.7895707e+02   5.7915905e+02   5.7415427e+02   7.7076939e+02   7.4865861e+02   6.3572043e+02   8.3006452e+02
   2.5657984e+02   1.6133640e+02   2.6228506e+02   2.2103295e+02   3.5657896e+02   3.0668954e+02   3.6972789e+02   3.6731308e+02   2.3406078e+02   2.9446080e+02   2.6811952e+02   2.9191651e+02   2.3747067e+02   2.7582781e+02   2.8739187e+02   1.3595482e+02   3.3430574e+02   2.4697723e+02   2.7800871e+02   3.1887249e+02   1.7768643e+02   3.2134003e+02   3.0853047e+02   1.9844656e+02   3.5763268e+02   2.3333376e+02   3.5973802e+02   2.2945396e+02   2.8251298e+02   2.6759285e+02
   9.4325797e+01   8.7972690e+01   1.1833518e+02   1.1936949e+02   8.0134366e+01   1.1906260e+02   1.2804655e+02   1.3290581e+02   1.0369928e+02   1.2928026e+02   1.1591342e+02   1.1698472e+02   1.1122599e+02   1.0171121e+02   1.3068525e+02   7.7923105e+01   1.1111445e+02   1.3350723e+02   1.3336637e+02   1.1122988e+02   7.0519770e+01   8.9835685e+01   1.1288829e+02   9.7659383e+01   1.2059872e+02   9.9311847e+01   1.3231675e+02   9.8793853e+01   1.0505604e+02   8.9504630e+01
   1.8407933e+01   1.7202995e+01   1.9732155e+01   2.8884432e+01   3.8675230e+01   2.5902762e+01   2.2934545e+01   2.1176628e+01   2.0787684e+01   2.9267079e+01   2.8996086e+01   1.9742686e+01   2.5023307e+01   2.4572362e+01   2.9854801e+01   3.0737116e+01   1.9376923e+01   4.1378123e+01   2.6367165e+01   2.5097328e+01   2.3443557e+01   1.3026796e+01   2.6719036e+01   2.3826645e+01   2.7682295e+01   2.1882475e+01   2.6297459e+01   2.0323301e+01   1.7426267e+01   2.0030873e+01
   9.0470817e-01   5.6220565e-01   1.3516232e+00   1.9916442e+00   1.2369690e+00   3.3427887e+00   2.5848015e+00   6.3600931e-01   1.5572088e+00   2.9115699e+00   2.6047790e+00   5.9154301e-01   1.9884721e+00   6.1216815e-01   1.8120289e+00   3.0134149e+00   1.2857849e+00   5.9545523e+00   1.1135251e+00   3.8064999e+00   1.4898468e+00   7.4728000e-01   2.2235370e+00   2.9302478e+00   2.1999537e+00   1.1064516e+00   9.5080134e-01   1.0606250e+00   1.9821628e+00   7.2800015e-01
   1.2535400e-03   1.5925300e-03   2.5022100e-03   2.2793900e-03   3.3199400e-03   5.0053500e-03   2.7668300e-03   1.4770600e-03   6.0887900e-03   4.0094400e-03   8.1092800e-03   8.3369000e-04   3.1598900e-03   1.3175700e-03   3.2213300e-03   3.2001600e-03   1.6239100e-03   3.9118200e-03   1.4717500e-03   6.0543700e-03   4.3359700e-03   1.3905600e-03   8.5460300e-03   4.9123100e-03   4.1521300e-03   1.3368800e-03   5.3369900e-03   1.8645600e-03   3.4394700e-03   1.5153100e-03
   5.0000000e-08   1.7000000e-07   3.6000000e-07   3.4000000e-07   5.3000000e-07   2.0000000e-07   1.5000000e-07   1.1000000e-07   8.7000000e-07   2.1000000e-07   4.9000000e-07   6.0000000e-08   7.0000000e-08   1.9000000e-07   1.1000000e-07   7.1000000e-07   8.0000000e-08   1.2000000e-07   1.7000000e-07   4.8000000e-07   2.7000000e-07   5.0000000e-08   4.8000000e-07   2.6000000e-07   2.7000000e-07   1.5000000e-07   2.8000000e-07   6.0000000e-08   4.3000000e-07   6.0000000e-08
   0.0000000e+00   0.0000000e+00   0.0000000e+00   0.0000000e+00   0.0000000e+00   0.0000000e+00   0.0000000e+00   0.0000000e+00   0.0000000e+00   0.0000000e+00   0.0000000e+00   0.0000000e+00   0.0000000e+00   0.0000000e+00   0.0000000e+00   0.0000000e+00   0.0000000e+00   0.0000000e+00   0.0000000e+00   0.0000000e+00   0.0000000e+00   0.0000000e+00   0.0000000e+00   0.0000000e+00   0.0000000e+00   0.0000000e+00   0.0000000e+00   0.0000000e+00   0.0000000e+00   0.0000000e+00
   0.0000000e+00   0.0000000e+00   0.0000000e+00   0.0000000e+00   0.0000000e+00   0.0000000e+00   0.0000000e+00   0.0000000e+00   0.0000000e+00   0.0000000e+00   0.0000000e+00   0.0000000e+00   0.0000000e+00   0.0000000e+00   0.0000000e+00   0.0000000e+00   0.0000000e+00   0.0000000e+00   0.0000000e+00   0.0000000e+00   0.0000000e+00   0.0000000e+00   0.0000000e+00   0.0000000e+00   0.0000000e+00   0.0000000e+00   0.0000000e+00   0.0000000e+00   0.0000000e+00   0.0000000e+00
   0.0000000e+00   0.0000000e+00   0.0000000e+00   0.0000000e+00   0.0000000e+00   0.0000000e+00   0.0000000e+00   0.0000000e+00   0.0000000e+00   0.0000000e+00   0.0000000e+00   0.0000000e+00   0.0000000e+00   0.0000000e+00   0.0000000e+00   0.0000000e+00   0.0000000e+00   0.0000000e+00   0.0000000e+00   0.0000000e+00   0.0000000e+00   0.0000000e+00   0.0000000e+00   0.0000000e+00   0.0000000e+00   0.0000000e+00   0.0000000e+00   0.0000000e+00   0.0000000e+00   0.0000000e+00
   0.0000000e+00   0.0000000e+00   0.0000000e+00   0.0000000e+00   0.0000000e+00   0.0000000e+00   0.0000000e+00   0.0000000e+00   0.0000000e+00   0.0000000e+00   0.0000000e+00   0.0000000e+00   0.0000000e+00   0.0000000e+00   0.0000000e+00   0.0000000e+00   0.0000000e+00   0.0000000e+00   0.0000000e+00   0.0000000e+00   0.0000000e+00   0.0000000e+00   0.0000000e+00   0.0000000e+00   0.0000000e+00   0.0000000e+00   0.0000000e+00   0.0000000e+00   0.0000000e+00   0.0000000e+00
   0.0000000e+00   0.0000000e+00   0.0000000e+00   0.0000000e+00   0.0000000e+00   0.0000000e+00   0.0000000e+00   0.0000000e+00   0.0000000e+00   0.0000000e+00   0.0000000e+00   0.0000000e+00   0.0000000e+00   0.0000000e+00   0.0000000e+00   0.0000000e+00   0.0000000e+00   0.0000000e+00   0.0000000e+00   0.0000000e+00   0.0000000e+00   0.0000000e+00   0.0000000e+00   0.0000000e+00   0.0000000e+00   0.0000000e+00   0.0000000e+00   0.0000000e+00   0.0000000e+00   0.0000000e+00
   0.0000000e+00   0.0000000e+00   0.0000000e+00   0.0000000e+00   0.0000000e+00   0.0000000e+00   0.0000000e+00   0.0000000e+00   0.0000000e+00   0.0000000e+00   0.0000000e+00   0.0000000e+00   0.0000000e+00   0.0000000e+00   0.0000000e+00   0.0000000e+00   0.0000000e+00   0.0000000e+00   0.0000000e+00   0.0000000e+00   0.0000000e+00   0.0000000e+00   0.0000000e+00   0.0000000e+00   0.0000000e+00   0.0000000e+00   0.0000000e+00   0.0000000e+00   0.0000000e+00   0.0000000e+00
