   2.8243868e+03   5.8269069e+03   4.4728523e+03   3.5779652e+03   5.7049538e+03   2.8226855e+03   2.5049264e+03   3.7656775e+03   2.5415705e+03   2.9250301e+03   2.3380579e+03   3.4808631e+03   2.1268073e+03   5.0134569e+03   3.2041037e+03   3.8591871e+03   2.9026088e+03   4.3747287e+03   3.3632183e+03   4.0402655e+03   4.2365798e+03   2.0768293e+03   3.4638070e+03   3.7449265e+03   3.7221888e+03   3.1065634e+03   3.0814666e+03   1.8439321e+03   3.7448823e+03   3.0256905e+03
   2.8243868e+03   3.2287239e+03   2.9917715e+03   3.5779652e+03   4.1297972e+03   2.8226855e+03   2.5049264e+03   1.9300590e+03   1.7285727e+03   1.7561746e+03   2.3380579e+03   3.2624657e+03   2.1268073e+03   4.7386904e+03   3.2041037e+03   2.9670206e+03   2.9026088e+03   4.3747287e+03   2.5006985e+03   3.4897494e+03   1.9071500e+03   2.0768293e+03   3.4638070e+03   3.7449265e+03   2.8990832e+03   2.3870750e+03   3.0814666e+03   1.7665338e+03   2.8491590e+03   3.0256905e+03
   2.4696932e+03   3.0923387e+03   1.8890084e+03   3.1694354e+03   2.7988300e+03   2.8226855e+03   2.5049264e+03   1.9300590e+03   1.7285727e+03   1.7561746e+03   1.9243714e+03   1.8327612e+03   1.1241065e+03   3.3455899e+03   2.2843641e+03   2.9670206e+03   2.6656432e+03   2.3340939e+03   2.5006985e+03   1.6339066e+03   1.9071500e+03   2.0768293e+03   3.4638070e+03   3.4133724e+03   2.0232411e+03   2.3870750e+03   1.2661812e+03   1.7665338e+03   2.5389877e+03   2.1243948e+03
   1.1380539e+03   4.9961370e+02   1.2632941e+03   1.7695829e+03   1.4189561e+03   1.0849189e+03   1.5099922e+03   8.2412145e+02   1.2910038e+03   4.0245831e+02   5.9046116e+02   1.0105605e+03   6.3161835e+02   1.0176326e+03   1.2415530e+03   1.4179606e+03   1.3252345e+03   1.1186611e+03   1.0608918e+03   8.3204713e+02   1.2209024e+03   1.0212644e+03   6.5422287e+02   9.7165950e+02   9.8379492e+02   1.8374527e+03   1.0299324e+03   9.6185351e+02   8.5429059e+02   1.6479076e+03
   4.8095212e+02   2.8133577e+02   4.8739559e+02   3.0738866e+02   3.8804151e+02   2.6152787e+02   3.9595881e+02   2.8122387e+02   3.6900382e+02   2.6303191e+02   2.8869805e+02   3.3554253e+02   2.6145621e+02   2.4748568e+02   4.3796119e+02   4.0344807e+02   3.8377763e+02   3.5960977e+02   5.8201227e+02   3.7508996e+02   3.9172380e+02   4.6779916e+02   2.7513071e+02   5.0895343e+02   5.1229032e+02   3.9066144e+02   7.2341623e+02   3.6213993e+02   3.6859859e+02   5.2992568e+02
   1.7278686e+02   1.3907075e+02   1.9277408e+02   1.6578441e+02   1.8287720e+02   1.7896484e+02   1.5964639e+02   1.0950815e+02   1.4793970e+02   1.2930414e+02   1.1330072e+02   1.8401950e+02   1.8167004e+02   1.3746521e+02   1.7621040e+02   2.2820889e+02   1.7603592e+02   2.3053981e+02   2.5184134e+02   1.7065291e+02   2.3197472e+02   2.6994891e+02   1.5128297e+02   1.8667084e+02   1.7310436e+02   1.7697199e+02   3.0405511e+02   2.1244886e+02   1.6265364e+02   2.5872879e+02
   1.0579553e+02   1.0318040e+02   9.6172003e+01   9.0749753e+01   1.1235179e+02   9.8270837e+01   9.2879886e+01   8.2326649e+01   8.4727227e+01   8.4122469e+01   8.1682610e+01   1.1774980e+02   1.1367483e+02   1.1095105e+02   1.2178736e+02   9.1367374e+01   1.1281026e+02   1.2100031e+02   1.2048249e+02   1.1630371e+02   1.4266547e+02   9.4415786e+01   1.2185020e+02   1.2492875e+02   1.2610772e+02   1.1304402e+02   1.3406926e+02   1.4880609e+02   9.7910496e+01   9.9365987e+01
   7.1799699e+01   9.2162700e+01   7.1291400e+01   7.6903130e+01   8.4219601e+01   6.9588533e+01   6.9135038e+01   7.2831807e+01   7.2703559e+01   7.3947305e+01   6.6504105e+01   6.9844439e+01   7.4108447e+01   7.7419731e+01   9.1720166e+01   6.8181304e+01   7.6444806e+01   8.9353133e+01   7.5655915e+01   7.4860711e+01   9.3772678e+01   7.4854303e+01   1.0095582e+02   1.0353450e+02   9.6767223e+01   8.4314218e+01   8.9143265e+01   9.1056912e+01   7.1310647e+01   7.6586707e+01
   6.6352631e+01   8.7652314e+01   6.6914615e+01   7.4166316e+01   7.7760714e+01   6.6106346e+01   6.6603730e+01   6.8538252e+01   6.6876844e+01   6.9676353e+01   6.5562579e+01   6.5969874e+01   6.7603249e+01   6.8588767e+01   6.9427636e+01   6.5330671e+01   6.8753623e+01   8.1857483e+01   7.0881344e+01   6.8685472e+01   7.9378989e+01   6.8085758e+01   9.4631950e+01   8.4172579e+01   8.2599163e+01   6.9807868e+01   7.5446070e+01   7.1858632e+01   6.5305825e+01   7.4281116e+01
   6.5417361e+01   8.1769744e+01   6.6186174e+01   7.2042562e+01   7.5330986e+01   6.5378924e+01   6.5346676e+01   6.7791208e+01   6.6317023e+01   6.8512204e+01   6.4966159e+01   6.4987097e+01   6.6549405e+01   6.6712744e+01   6.5534399e+01   6.4232281e+01   6.6128190e+01   8.0286088e+01   6.9991238e+01   6.7154668e+01   7.6463847e+01   6.6700115e+01   9.2782363e+01   8.0827304e+01   7.9683931e+01   6.5923378e+01   7.0428378e+01   6.9042187e+01   6.4707427e+01   7.2154073e+01
   6.4682278e+01   7.9423329e+01   6.5372733e+01   6.9955564e+01   7.4287383e+01   6.4719405e+01   6.3964331e+01   6.6586110e+01   6.5959968e+01   6.7541390e+01   6.4462452e+01   6.4653385e+01   6.6163718e+01   6.5881209e+01   6.4694585e+01   6.4028892e+01   6.5499926e+01   7.9444610e+01   6.9791438e+01   6.6623817e+01   7.5231778e+01   6.5856876e+01   6.6056459e+01   7.9310801e+01   7.8576261e+01   6.4681784e+01   6.9357197e+01   6.7579640e+01   6.4273926e+01   7.1097315e+01
   6.4328882e+01   7.8698466e+01   6.4953139e+01   6.8890384e+01   7.4082671e+01   6.4206415e+01   6.3958639e+01   6.5576792e+01   6.5176015e+01   6.7298202e+01   6.4367879e+01   6.4273551e+01   6.5556088e+01   6.5290025e+01   6.4030377e+01   6.3825522e+01   6.4780498e+01   7.8171535e+01   6.9230957e+01   6.6418909e+01   6.8851320e+01   6.5021327e+01   6.4474385e+01   7.9256990e+01   7.8058169e+01   6.4213818e+01   6.8775438e+01   6.6353992e+01   6.3878411e+01   7.0865174e+01
   6.3791821e+01   7.0554788e+01   6.4284950e+01   6.7913424e+01   7.1151487e+01   6.3727048e+01   6.3552752e+01   6.4684925e+01   6.4896697e+01   6.6932955e+01   6.3955567e+01   6.3880665e+01   6.4931923e+01   6.4688192e+01   6.3647964e+01   6.3322549e+01   6.4349423e+01   7.1491082e+01   6.9043649e+01   6.5450088e+01   6.5221519e+01   6.4685001e+01   6.4007083e+01   6.9902830e+01   7.2823703e+01   6.3661949e+01   6.8241078e+01   6.5618662e+01   6.3412112e+01   6.9072964e+01
   6.3386014e+01   6.9149405e+01   6.4007174e+01   6.7704895e+01   6.3706792e+01   6.3548421e+01   6.3509862e+01   6.3443458e+01   6.4657340e+01   6.6788454e+01   6.3321921e+01   6.3616063e+01   6.4526689e+01   6.4123530e+01   6.3402470e+01   6.3035109e+01   6.4126779e+01   6.9575038e+01   6.8570276e+01   6.5020371e+01   6.4297954e+01   6.4562597e+01   6.3767737e+01   6.5535015e+01   7.0150368e+01   6.3257598e+01   6.7782989e+01   6.5081505e+01   6.3196844e+01   6.5346692e+01
   6.3254532e+01   6.7243050e+01   6.3767209e+01   6.6281653e+01   6.3285145e+01   6.3361194e+01   6.3386285e+01   6.3314696e+01   6.4433815e+01   6.6463737e+01   6.2997299e+01   6.3378061e+01   6.4410424e+01   6.3767090e+01   6.3278753e+01   6.2921303e+01   6.3704619e+01   6.4723324e+01   6.7920774e+01   6.4607868e+01   6.3823494e+01   6.4426082e+01   6.3274662e+01   6.3459856e+01   6.5110161e+01   6.2983720e+01   6.7027579e+01   6.4506485e+01   6.2933380e+01   6.3126932e+01
   6.3081986e+01   6.5661877e+01   6.3530094e+01   6.3336045e+01   6.3087778e+01   6.3311265e+01   6.3338335e+01   6.2851621e+01   6.4224951e+01   6.4459255e+01   6.2856902e+01   6.3144926e+01   6.3954695e+01   6.3612371e+01   6.3237692e+01   6.2809427e+01   6.3510593e+01   6.3224362e+01   6.3228765e+01   6.4203744e+01   6.3694606e+01   6.4348008e+01   6.3062844e+01   6.3006385e+01   6.3348251e+01   6.2922726e+01   6.3160837e+01   6.4396286e+01   6.2878403e+01   6.2869899e+01
