   1.3717770e+03   1.1710671e+03   1.2303098e+03   1.2560840e+03   1.4782957e+03   1.6578570e+03   1.2366093e+03   1.5967114e+03   1.4893194e+03   1.4635879e+03   1.0153120e+03   1.1301525e+03   1.0620293e+03   1.0368139e+03   1.3776996e+03   1.5938979e+03   1.6152487e+03   1.1496814e+03   1.3190621e+03   1.0781532e+03   1.6654756e+03   1.4858112e+03   8.2055649e+02   1.1186592e+03   1.2330716e+03   1.1030310e+03   1.3556901e+03   1.5744693e+03   1.3181297e+03   1.3628196e+03
   1.3488615e+03   1.1426036e+03   1.2303098e+03   1.1519105e+03   1.4782957e+03   1.3818709e+03   1.2366093e+03   1.2451927e+03   1.4893194e+03   1.1604795e+03   1.0153120e+03   1.0619696e+03   1.0309020e+03   1.0368139e+03   1.1792443e+03   1.2673184e+03   1.2216481e+03   1.1496814e+03   1.0849078e+03   1.0781532e+03   1.3260996e+03   1.3559537e+03   8.2055649e+02   1.1186592e+03   1.2330716e+03   1.1030310e+03   1.3556901e+03   1.1827736e+03   1.2724593e+03   1.3628196e+03
   1.0015105e+03   1.1119506e+03   1.1033123e+03   1.1045517e+03   9.4347767e+02   1.0493305e+03   1.2366093e+03   1.0740395e+03   8.5793113e+02   1.1604795e+03   1.0153120e+03   1.0038999e+03   9.7596627e+02   8.0074405e+02   1.0883989e+03   1.0620917e+03   1.2173611e+03   1.1496814e+03   1.0523475e+03   1.0781532e+03   1.2138767e+03   1.1461137e+03   8.2055649e+02   1.0129291e+03   9.3674754e+02   1.1030310e+03   1.2407778e+03   1.1745492e+03   1.0911667e+03   1.2259153e+03
   6.1375186e+02   5.9470290e+02   7.3830408e+02   7.2322082e+02   7.5641570e+02   4.7131051e+02   7.5545274e+02   5.7074626e+02   5.6869339e+02   5.7874009e+02   6.6342992e+02   5.4700364e+02   6.2674775e+02   5.7465261e+02   5.7573170e+02   5.8457606e+02   5.6179676e+02   5.9609199e+02   4.8526933e+02   7.8320235e+02   7.8371053e+02   7.4675832e+02   6.2077887e+02   5.1744680e+02   7.6674177e+02   6.9045049e+02   6.8315457e+02   7.0509256e+02   6.6583577e+02   6.5474238e+02
   2.8510331e+02   3.5565058e+02   4.0636190e+02   3.3493298e+02   4.2021072e+02   3.4632036e+02   5.2620895e+02   2.8678473e+02   3.7894074e+02   3.1046240e+02   3.1770441e+02   3.4488570e+02   4.0759783e+02   3.3214173e+02   2.9383661e+02   3.3804065e+02   4.1738861e+02   3.4197169e+02   3.2907869e+02   3.5324237e+02   3.6758163e+02   3.7261336e+02   3.1413320e+02   4.0139945e+02   4.2088948e+02   3.3929790e+02   2.8154321e+02   3.3622572e+02   3.6715821e+02   3.5992477e+02
   1.6387157e+02   2.2888433e+02   2.4828732e+02   1.7485264e+02   2.7742476e+02   2.3438238e+02   2.8751566e+02   1.9050227e+02   2.1478335e+02   1.6730218e+02   2.0904755e+02   2.0830262e+02   2.3216790e+02   1.9847681e+02   2.0963437e+02   2.1165332e+02   2.2944795e+02   2.3081479e+02   2.2006210e+02   2.0435044e+02   2.3832438e+02   2.2388724e+02   2.2075803e+02   2.3475609e+02   2.1275853e+02   2.1212369e+02   2.1559420e+02   1.6609603e+02   1.8355211e+02   1.9806663e+02
   1.3331146e+02   1.6101539e+02   1.4923560e+02   1.5272395e+02   1.6412678e+02   1.4383756e+02   1.8451355e+02   1.4188021e+02   1.5468253e+02   1.5959453e+02   1.1081263e+02   1.4203708e+02   1.6752931e+02   1.2889173e+02   1.5893634e+02   1.4687336e+02   1.5482668e+02   1.4402000e+02   1.4991442e+02   1.3530369e+02   1.5614887e+02   1.5802290e+02   1.3323505e+02   1.5515026e+02   1.4674529e+02   1.5576441e+02   1.5731881e+02   1.4497741e+02   1.4297816e+02   1.4981302e+02
   9.0670675e+01   9.8477433e+01   9.8259460e+01   1.0139029e+02   1.2180040e+02   1.2162960e+02   1.2934594e+02   1.0574973e+02   1.2554623e+02   1.2414896e+02   1.0251869e+02   1.3099203e+02   1.2288708e+02   1.0369525e+02   1.0476042e+02   7.4161197e+01   1.1906367e+02   1.0912947e+02   1.1496106e+02   1.0636103e+02   1.2064126e+02   1.1828964e+02   1.0494366e+02   1.0449754e+02   8.8217347e+01   1.2860367e+02   1.1536456e+02   1.1381735e+02   1.1371024e+02   1.1945101e+02
   7.8992798e+01   8.2854538e+01   7.8693605e+01   8.7511045e+01   8.8618552e+01   8.7213176e+01   8.8662607e+01   7.3283496e+01   1.0716302e+02   9.2261908e+01   7.7868838e+01   8.8081838e+01   8.0505340e+01   6.2531680e+01   7.5403650e+01   6.7745038e+01   8.1804713e+01   8.0797948e+01   9.7358381e+01   9.0113921e+01   9.5849503e+01   9.2454708e+01   7.6637002e+01   8.7479856e+01   7.6563481e+01   7.8401405e+01   8.2980765e+01   8.0305600e+01   8.4440689e+01   9.5442225e+01
   6.7468945e+01   6.6378229e+01   6.9988181e+01   6.0488024e+01   7.2705478e+01   7.1734083e+01   7.6408512e+01   6.2597634e+01   8.2550619e+01   7.1677268e+01   6.1198010e+01   5.8117215e+01   6.7535722e+01   4.7956697e+01   5.4583368e+01   5.8237248e+01   5.8945171e+01   6.7720455e+01   6.5356502e+01   6.3792834e+01   6.5013735e+01   7.2102545e+01   6.5841313e+01   6.7900529e+01   6.8140036e+01   6.6338211e+01   6.0169003e+01   5.7627215e+01   5.8753693e+01   7.1934716e+01
   4.3639949e+01   4.9591564e+01   4.7335404e+01   3.6171891e+01   4.7917673e+01   5.5384841e+01   4.3228899e+01   4.6589744e+01   5.9129519e+01   5.1721924e+01   4.1766908e+01   4.6659031e+01   4.6531754e+01   4.3856016e+01   4.4441576e+01   4.4321308e+01   4.5956545e+01   4.7153213e+01   4.7627672e+01   4.6268617e+01   4.8930915e+01   5.1602753e+01   4.9608322e+01   4.8458734e+01   4.4517013e+01   5.3723012e+01   4.6715589e+01   4.9407210e+01   3.8579590e+01   5.5413509e+01
   3.3792421e+01   3.2727050e+01   3.6428415e+01   2.9753448e+01   3.6585943e+01   3.5473991e+01   2.9624755e+01   3.6643325e+01   3.8299849e+01   3.6318666e+01   3.5143522e+01   3.7950069e+01   3.5426945e+01   3.4697960e+01   3.9544244e+01   3.3879699e+01   3.2033211e+01   3.5082473e+01   3.2179905e+01   3.1787203e+01   3.2103852e+01   3.6972014e+01   3.5710068e+01   3.8395731e+01   2.7746530e+01   3.4846069e+01   3.4911469e+01   3.4312687e+01   3.1247971e+01   3.7290865e+01
   2.5332380e+01   2.6607362e+01   2.3118628e+01   2.3237432e+01   2.7081697e+01   2.5201337e+01   2.5478899e+01   2.6579304e+01   2.3887106e+01   2.6564085e+01   2.3453552e+01   2.8098341e+01   2.7035031e+01   2.6860826e+01   2.6388037e+01   2.5982185e+01   2.6071549e+01   2.6155499e+01   2.6781555e+01   2.3973120e+01   2.5749846e+01   2.5009411e+01   2.6860747e+01   2.4865187e+01   2.4074662e+01   2.7111318e+01   2.6211295e+01   2.4275864e+01   2.5616712e+01   2.4374391e+01
   2.3369984e+01   2.1704392e+01   2.1026404e+01   2.2770980e+01   2.3616394e+01   2.2471311e+01   2.2057459e+01   2.5265483e+01   2.2317138e+01   2.2646048e+01   2.1349815e+01   2.3989205e+01   2.3625034e+01   2.3045754e+01   2.3019545e+01   2.3465485e+01   2.4950091e+01   2.4045045e+01   2.1879333e+01   2.1707572e+01   2.2762948e+01   2.3198863e+01   2.4255098e+01   2.3171753e+01   2.2615132e+01   2.4603837e+01   2.3417085e+01   2.2326436e+01   2.2472788e+01   2.2324203e+01
   2.1715923e+01   2.1028239e+01   2.0398185e+01   2.1562192e+01   2.3078777e+01   2.1006339e+01   2.1335920e+01   2.2237467e+01   2.1568008e+01   2.1070549e+01   2.0561658e+01   2.1780014e+01   2.1949415e+01   2.2053728e+01   2.1888915e+01   2.1518159e+01   2.2308237e+01   2.2543370e+01   2.1596912e+01   2.0617900e+01   2.1257473e+01   2.1703013e+01   2.1988089e+01   2.1633278e+01   2.0875353e+01   2.1498408e+01   2.2773245e+01   2.0802993e+01   2.2035876e+01   2.1282848e+01
   2.1093591e+01   2.0387215e+01   2.0387215e+01   2.0387215e+01   2.0604738e+01   2.0387215e+01   2.0988866e+01   2.1017767e+01   2.0497917e+01   2.0886326e+01   2.0387215e+01   2.0497917e+01   2.0497917e+01   2.0561658e+01   2.0604738e+01   2.0387215e+01   2.0561658e+01   2.1184364e+01   2.0771334e+01   2.0497917e+01   2.0387215e+01   2.0604738e+01   2.0604738e+01   2.0497917e+01   2.0387215e+01   2.0570132e+01   2.0535076e+01   2.0604738e+01   2.0908038e+01   2.0387215e+01
