   6.1892122e+02   4.4483383e+02   4.8772068e+02   5.3514494e+02   4.9516046e+02   6.7695287e+02   3.4636556e+02   3.6980609e+02   7.1537205e+02   4.8533066e+02   5.1696244e+02   5.8623246e+02   6.2647791e+02   6.4569489e+02   5.6646854e+02   4.5581978e+02   3.4563681e+02   5.6043817e+02   5.6895859e+02   4.6367555e+02   4.7493976e+02   3.5832287e+02   4.4998581e+02   7.0763164e+02   7.6475446e+02   6.4646522e+02   6.7415996e+02   6.5345479e+02   3.1841272e+02   3.6549287e+02
   1.6637626e+02   2.0432471e+02   4.8772068e+02   3.9953687e+02   4.9516046e+02   3.8429662e+02   3.4636556e+02   3.6980609e+02   6.7621940e+02   3.6832081e+02   5.1696244e+02   3.8513100e+02   5.3394973e+02   5.4734054e+02   5.4841052e+02   4.5581978e+02   3.4563681e+02   4.9721429e+02   5.6895859e+02   4.6367555e+02   4.7493976e+02   3.5832287e+02   4.4998581e+02   4.3789167e+02   5.7204056e+02   5.9336121e+02   3.9674883e+02   5.9512649e+02   3.1841272e+02   3.6549287e+02
   1.6637626e+02   2.0432471e+02   4.4044983e+02   3.9953687e+02   2.9362514e+02   3.8429662e+02   3.1942757e+02   3.6980609e+02   4.9297455e+02   3.6832081e+02   5.1696244e+02   3.7553984e+02   3.7035790e+02   4.8750915e+02   4.8272779e+02   3.4577760e+02   3.4563681e+02   4.9721429e+02   5.6895859e+02   3.7607896e+02   4.1646221e+02   3.5832287e+02   3.2780895e+02   3.1698264e+02   5.7204056e+02   5.9336121e+02   3.2068331e+02   4.8306844e+02   2.2602759e+02   3.6549287e+02
   8.5289913e+01   1.7406753e+02   4.2487914e+02   3.9953687e+02   2.9362514e+02   3.6557286e+02   1.8915546e+02   2.4275508e+02   4.9297455e+02   1.7531567e+02   3.9674261e+02   3.7416465e+02   3.6886898e+02   4.8750915e+02   4.3818866e+02   3.4577760e+02   3.2050753e+02   1.8954940e+02   5.0581722e+02   9.0057046e+01   3.9397100e+02   2.8263950e+02   3.2780895e+02   1.0758389e+02   2.5353462e+02   4.4235169e+02   3.2068331e+02   4.3017195e+02   2.2602759e+02   3.6549287e+02
   8.5289913e+01   1.3846031e+02   2.7996827e+02   1.7908779e+02   2.5813602e+02   2.9162468e+02   5.3031837e+01   2.0047968e+02   1.6465087e+02   1.7531567e+02   2.1071006e+02   1.0638233e+02   2.9400577e+02   2.6359153e+02   2.5308307e+02   3.2828408e+02   1.7929360e+02   1.5259142e+02   3.5040651e+02   1.7637956e+01   2.3046510e+02   1.1730058e+02   2.5953357e+02   6.7481149e+01   2.3559812e+02   2.7323594e+02   3.1226329e+02   2.8743897e+02   1.7595954e+02   2.9059753e+02
   6.0218142e+01   8.4679733e+01   1.1354731e+02   1.7908779e+02   2.1891056e+02   1.1390339e+02   2.4219631e+01   1.1317269e+02   1.3628096e+02   7.8394549e+01   1.3414756e+02   5.5403983e+01   1.0117829e+02   1.4146722e+02   1.5335020e+02   2.7811388e+02   9.3387823e+01   1.5259142e+02   1.2396994e+02   2.9374302e+00   1.3551671e+02   9.6648904e+01   1.2280748e+02   2.9108908e+01   7.1006285e+01   1.2286099e+02   2.2093792e+02   2.8743897e+02   6.1632854e+01   2.0220301e+02
   4.4792726e+01   2.7572583e+01   6.5815511e+01   1.5955856e+02   1.4536216e+02   1.0745552e+02   7.8771146e+00   1.0373400e+02   1.0711628e+02   7.8150398e+01   6.5002646e+01   4.6358986e+01   2.6077401e+01   1.2865649e+02   3.7674916e+01   1.0905261e+02   6.8027070e+01   1.5259142e+02   9.8156313e+00   1.9749620e+00   5.6846873e+01   4.5135977e+01   1.8739768e+01   1.8971696e+01   3.8843497e+01   4.1396599e+01   5.3710225e+01   1.7660020e+02   2.2249765e+01   4.7676804e+01
   4.4165659e+01   7.3343943e+00   1.2620703e+01   1.0629860e+02   4.1794714e+01   5.2365306e+01   3.8959149e+00   9.7641595e+01   4.7048295e+00   4.1080736e+01   1.8232600e+01   3.4870381e+01   1.5716459e+01   6.8455006e+01   2.5075119e+01   2.9805529e+01   3.6064314e+01   7.8329257e+01   6.3152712e+00   1.9076340e+00   3.9241348e+01   3.3651582e+00   1.4262131e+01   1.5393214e+01   2.0107440e+01   2.5464658e+01   1.5060561e+01   7.1016605e+00   1.5952770e+01   2.7010991e+01
   1.6374915e+01   3.6854399e+00   3.1856557e+00   9.0892842e+01   6.5533036e+00   3.5502923e+01   1.5045307e+00   2.5139222e+01   2.0236518e+00   3.6814653e+01   1.6656532e+01   2.1482817e+01   1.4303109e+01   2.6499138e+01   6.3284530e+00   1.3411730e+01   2.4141626e+01   5.7042360e+01   1.0864853e+00   1.8341404e+00   1.6299286e+01   1.9754860e+00   1.3185574e+01   1.4995965e+01   3.5215022e+00   2.4017443e+01   1.4444906e+01   4.7863458e+00   1.3233655e+01   2.5558213e+00
   1.7865173e+00   1.8375917e+00   1.2947789e+00   2.4250561e+01   1.7301945e+00   6.2713043e+00   9.3972060e-01   2.4407081e+01   1.6893426e+00   1.4035594e+01   1.5864301e+01   1.8827765e+01   1.3675623e+01   1.7772850e+00   2.9556281e+00   1.2383490e+01   1.5924277e+01   6.3292869e+00   5.6623792e-01   1.3447322e+00   2.1636541e+00   1.5780889e+00   1.2677052e+01   1.4579843e+01   2.4932948e+00   2.3857357e+01   1.4397245e+01   3.7235953e+00   1.2844545e+01   1.8157786e+00
   1.7407843e+00   1.7628762e+00   1.1963166e+00   1.0310147e+00   1.1155043e+00   4.4266973e+00   8.5408314e-01   1.8122789e+01   1.5988739e+00   1.0280245e+00   1.2262137e+01   1.8265899e+01   1.2661504e+01   1.6784458e+00   2.8136947e+00   1.2271201e+01   1.4040106e+01   2.4387561e+00   5.6385336e-01   1.2855025e+00   1.0940986e+00   1.5581714e+00   1.2568589e+01   1.4366222e+01   1.3438087e+00   1.7087015e+01   4.1666815e+00   2.8042761e+00   1.2679784e+01   1.7555123e+00
   1.7395708e+00   1.7478912e+00   8.5203786e-01   5.0848916e-01   4.8788464e-01   1.1596980e+00   8.4023528e-01   2.1739269e+00   1.5761655e+00   6.8515568e-01   1.2007164e+01   1.6804734e+01   1.2123857e+01   1.5953550e+00   2.7701015e+00   2.1136423e+00   3.2810004e+00   1.2367788e+00   5.5656229e-01   1.2822358e+00   7.6241606e-01   1.5244809e+00   1.2493375e+01   1.4366024e+01   1.2628178e+00   1.2596708e+01   2.4484959e+00   6.5310925e-01   1.2397026e+01   1.7471929e+00
   1.7395071e+00   1.7448933e+00   6.7544474e-01   4.6394785e-01   4.8788455e-01   5.0743541e-01   8.1574316e-01   2.1554948e+00   1.5718788e+00   6.2296395e-01   1.1950930e+01   1.5272355e+01   6.1911764e+00   1.5378051e+00   2.6403880e+00   8.8263157e-01   3.1103021e-01   9.3067817e-01   5.5095176e-01   1.2821977e+00   6.9147412e-01   1.4596054e+00   6.0080106e-01   4.2716545e+00   1.1521561e+00   1.2563118e+01   2.0094039e+00   5.1055563e-01   4.6243506e+00   1.7466243e+00
   1.0174265e+00   1.7448558e+00   5.1907020e-01   4.0697338e-01   4.8788455e-01   4.4923603e-01   8.0829866e-01   2.1553096e+00   1.5627767e+00   5.4684480e-01   1.1947553e+01   5.9248100e-01   9.3207154e-01   1.4932191e+00   1.3063425e+00   8.4543193e-01   2.9380213e-01   9.0785730e-01   5.4905211e-01   1.2821933e+00   6.7370697e-01   1.4373445e+00   5.5758862e-01   1.2795508e+00   1.1352440e+00   1.2514616e+01   1.7637208e+00   5.0897985e-01   7.5955205e-01   1.5514064e+00
   9.3750008e-01   1.7448440e+00   5.1885039e-01   3.4596801e-01   4.4742957e-01   4.4493862e-01   7.9785925e-01   2.0964097e+00   1.5627699e+00   4.9650844e-01   1.1947553e+01   5.5153914e-01   9.2713030e-01   1.4932164e+00   1.2069989e+00   7.6249135e-01   2.7661607e-01   9.0784787e-01   5.4279658e-01   1.2821933e+00   6.6098789e-01   1.4328389e+00   5.5758862e-01   7.4981660e-01   1.1340841e+00   1.1333409e+01   1.6760849e+00   5.0897941e-01   7.5584350e-01   1.3911848e+00
   9.3606378e-01   1.1890053e+00   5.1885012e-01   3.0249955e-01   3.8263683e-01   4.4175078e-01   7.9656876e-01   6.1353986e-01   1.1464638e+00   4.5452646e-01   9.6798538e-01   5.4592823e-01   9.2373521e-01   1.4932164e+00   1.2069981e+00   6.7936301e-01   2.7224311e-01   8.9293126e-01   5.4251414e-01   1.2821933e+00   5.8087729e-01   1.4328201e+00   4.9062006e-01   7.2754664e-01   1.1340838e+00   1.1248371e+01   1.4812064e+00   5.0897941e-01   7.5576579e-01   1.3911848e+00
