   4.2920023e+05   2.7666228e+05   1.3714872e+05   1.1711470e+05   1.9889957e+06   4.4651216e+05   2.2561553e+05   3.1050618e+05   3.4800807e+06   3.3156354e+05   1.2221301e+06   1.1502529e+06   1.4690743e+06   1.3326621e+06   5.2937247e+05   6.6159028e+05   5.7959728e+05   1.5695274e+05   2.0275442e+05   2.0869714e+06   7.0908221e+04   1.6354650e+06   1.7356157e+06   1.3550114e+04   2.9445610e+06   7.5579931e+04   5.0303155e+06   9.2870773e+05   4.0175276e+04   1.3713174e+06
   3.9806000e+05   2.5086817e+04   1.3645237e+05   1.4654675e+04   5.2329567e+04   2.8532051e+05   1.7932463e+05   1.2898047e+04   6.4047284e+05   5.1765610e+04   8.4264439e+04   2.4546214e+04   2.4237367e+04   2.2260048e+04   4.3962116e+04   2.5988863e+05   1.1923046e+05   1.5695274e+05   1.9262629e+05   6.4231540e+04   3.1491850e+04   2.2939348e+04   1.1564326e+05   1.3550114e+04   6.9913326e+04   1.4993310e+04   7.4902931e+05   4.6713719e+04   4.0175276e+04   3.0202227e+04
   1.3609960e+04   8.2059002e+03   3.8710719e+03   1.4823940e+03   3.7713686e+03   1.6541466e+04   1.9736672e+04   2.4752697e+03   2.5935737e+03   3.8060968e+04   5.4119392e+03   2.3522311e+03   3.6417888e+03   1.4730676e+03   3.1637970e+04   7.1464100e+03   1.9258375e+04   1.3293517e+04   1.7318272e+04   5.0016696e+03   9.4636160e+02   3.0072513e+03   1.6034772e+03   5.4340624e+03   1.4728012e+03   7.0870157e+03   1.0779298e+04   9.4316370e+03   3.0720885e+03   8.8231285e+02
   1.4444539e+03   3.7282201e+03   5.6407141e+02   7.1258778e+02   6.3327929e+02   4.0553654e+03   6.0757397e+02   9.3692199e+02   9.1968067e+02   3.1980664e+03   7.0108058e+02   3.4994142e+02   4.9694329e+02   5.9744237e+02   2.3204906e+03   1.1625800e+03   2.3628405e+03   5.1606488e+03   5.0408140e+03   4.2164717e+02   3.0989588e+02   1.0088245e+03   1.9867135e+02   4.2250825e+02   5.0194531e+02   9.2743246e+02   8.0495101e+02   7.4449816e+02   8.9576641e+02   3.5883086e+02
   9.8437073e+01   2.2847041e+02   1.0065689e+02   5.2536051e+01   3.1557236e+01   5.7243479e+02   2.9318419e+01   2.4093438e+02   3.1795465e+02   1.6833056e+02   2.2184280e+02   6.4549680e+01   1.1619046e+02   2.5862438e+01   4.7749901e+02   4.2477200e+02   4.7623747e+02   1.7010392e+03   3.2678406e+03   3.5063548e+01   4.9622480e+01   8.1909550e+01   5.7896665e+00   1.0777580e+02   1.9915948e+02   2.2439968e+02   6.2863550e+01   2.1486551e+02   4.3087608e+01   4.4268244e+01
   5.8208015e+00   1.1393500e+02   9.4131757e+00   1.1453218e+01   1.9848201e+01   8.7807364e+01   7.0923657e+00   2.2035156e+02   1.5184226e+01   1.2793402e+01   1.1597174e+01   1.2420575e+01   6.1809975e+01   1.6843245e+00   1.2421160e+02   1.5823330e+02   6.6797786e+01   1.3387135e+03   2.1941378e+03   3.9048886e+00   2.0906503e+01   1.2747051e+01   2.0306968e+00   3.1801378e+01   4.2184607e+01   1.3014938e+02   1.6295919e+01   2.3029168e+01   5.6851948e+00   2.3925908e+00
   1.2970346e+00   3.6074389e+00   1.7839505e+00   2.6139865e+00   1.7445753e+01   3.3176381e+00   6.3674274e+00   2.1773806e+02   1.8231861e+00   1.5363282e+00   3.1034821e+00   4.2355529e+00   5.9089815e+01   6.8874947e-01   8.9538330e+00   1.2048200e+02   6.2955348e+00   8.6997847e+00   1.8166620e+02   7.6437872e-01   1.7591308e+01   2.6626160e+00   1.1781436e+00   7.9992560e+00   2.2484712e+01   1.2036211e+02   1.4567674e+00   6.2243146e+00   1.4597927e+00   1.0959842e+00
   7.8819204e-01   1.2222880e+00   9.4969827e-01   1.3139688e+00   1.7207663e+01   1.2080771e+00   2.5896649e+00   2.1764963e+02   4.7755236e-01   7.2854066e-01   2.4082344e+00   1.6009016e+00   5.8705539e+01   1.4905924e-01   7.2517388e-01   1.1924909e+02   1.0883379e+00   1.1771902e+00   9.4884744e-01   2.5771886e-01   1.6993323e+01   5.6905468e-01   9.5793422e-01   3.4139824e+00   2.0420822e+01   1.1905102e+02   7.8775818e-01   1.0716870e+00   9.1334064e-01   8.9428957e-01
   6.6126010e-01   6.5266960e-01   8.7472495e-01   1.0731599e+00   1.7151450e+01   9.9550020e-01   1.3101614e+00   8.8179110e+00   3.2854507e-01   3.7878511e-01   9.8590731e-01   9.3744639e-01   3.2049684e-01   6.5358240e-02   5.0017262e-01   2.3136492e+00   5.5536681e-01   6.1377295e-01   7.7268372e-01   1.8140411e-01   1.6877553e+01   4.4159551e-01   8.2526699e-01   1.8013469e+00   1.7614514e+01   1.1068833e+01   3.4270904e-01   9.0955069e-01   6.7910576e-01   8.4786359e-01
   6.2641061e-01   2.3576679e-01   4.5106862e-01   6.6995796e-01   5.3901183e-01   9.1816020e-01   1.1694692e+00   2.5956454e-01   3.1463995e-01   3.1287478e-01   8.8110966e-01   7.3768051e-01   4.6172720e-02   4.2522280e-02   4.8795757e-01   8.1261524e-01   3.9808454e-01   3.4969791e-01   7.6975125e-01   7.0612020e-02   3.5243978e+00   3.6479091e-01   7.8590310e-01   1.4943167e+00   1.8474913e+00   3.7147384e-01   3.1321256e-01   8.9787915e-01   6.2587004e-01   8.3092007e-01
   6.2532363e-01   2.1791800e-01   4.4956990e-01   6.6680149e-01   3.5490663e-01   9.0566316e-01   1.1670937e+00   2.5658882e-01   3.1451301e-01   3.1229538e-01   8.7193151e-01   3.5964526e-01   2.9628140e-02   4.2345060e-02   4.8755714e-01   8.1202663e-01   3.2395337e-01   3.3507922e-01   7.6968231e-01   6.7575800e-02   1.4036400e-03   3.6370506e-01   7.8098649e-01   8.1018058e-01   4.1688057e-01   3.2700105e-01   3.1258200e-01   8.9710412e-01   6.2519262e-01   8.3074769e-01
   6.2532175e-01   2.1789081e-01   4.4956984e-01   6.6679867e-01   2.6675060e-02   3.8446875e-01   9.0003757e-01   2.5658649e-01   3.1451291e-01   3.1228611e-01   4.1188875e-01   3.3983312e-01   2.8923320e-02   4.1766900e-02   3.1902156e-01   4.7773448e-01   3.2371665e-01   3.3504206e-01   6.9861136e-01   6.7574670e-02   4.1617000e-04   5.2090810e-02   4.6879274e-01   8.0403798e-01   4.1685830e-01   3.2668464e-01   3.1257722e-01   3.9905443e-01   3.1306556e-01   3.1628739e-01
   2.1314845e-01   1.1138850e-01   6.0190940e-02   4.2469850e-02   2.6669560e-02   7.8323330e-02   3.3034934e-01   7.6323000e-04   1.2564400e-03   3.1228611e-01   2.1407036e-01   2.7641920e-02   2.8923060e-02   4.1766670e-02   8.6015500e-03   3.5331552e-01   3.2371663e-01   2.2868830e-02   5.2800067e-01   6.2888400e-02   4.1615000e-04   5.1524590e-02   4.6879086e-01   2.6170624e-01   8.2132410e-02   3.2668461e-01   5.3450200e-03   4.9294200e-02   8.4377000e-04   3.1238335e-01
   9.6574000e-04   2.6705100e-03   3.2471440e-02   2.4941840e-02   2.6669520e-02   1.2801410e-02   3.3034907e-01   7.6322000e-04   1.2564000e-03   7.7792000e-04   7.9738000e-04   1.8255230e-02   2.8923020e-02   9.8977400e-03   8.6015300e-03   3.1265170e-02   3.1242336e-01   3.2762300e-03   3.3939700e-01   5.3453030e-02   4.1614000e-04   4.4114730e-02   3.6915436e-01   1.2574180e-02   8.2125360e-02   3.1754332e-01   3.7866000e-04   1.6617390e-02   8.4376000e-04   3.1238335e-01
   9.3592000e-04   2.6704900e-03   3.2267970e-02   2.4941780e-02   1.6953560e-02   1.2801350e-02   3.3034901e-01   7.6321000e-04   1.2561200e-03   1.1285000e-04   7.9736000e-04   1.7925920e-02   2.8922940e-02   9.8977000e-03   8.6014900e-03   3.1265100e-02   2.0097000e-04   3.2762100e-03   8.4158460e-02   5.3452930e-02   4.1613000e-04   4.4114640e-02   3.6915426e-01   1.2573380e-02   1.9005100e-03   4.7954300e-03   3.7865000e-04   1.6617340e-02   8.4375000e-04   3.1238334e-01
   9.3590000e-04   1.5914700e-03   3.2267840e-02   2.4941670e-02   1.6953470e-02   1.2801270e-02   1.8175690e-02   7.6319000e-04   1.2560900e-03   1.1284000e-04   7.9735000e-04   1.7925820e-02   2.8922820e-02   9.8976400e-03   8.6014200e-03   3.1264990e-02   2.0096000e-04   3.2761700e-03   1.7507160e-02   5.3437950e-02   4.1612000e-04   4.4114490e-02   5.6980880e-02   1.2573290e-02   1.9004800e-03   4.7953900e-03   3.7865000e-04   1.6617260e-02   8.4373000e-04   2.1008000e-04
