   2.7508094e+02   3.0035385e+02   3.3362090e+02   2.7745240e+02   2.6019627e+02   2.6156576e+02   2.9523946e+02   3.2524439e+02   2.6300672e+02   2.3034058e+02   1.6786490e+02   3.9915252e+02   3.1001109e+02   2.1766476e+02   2.9206510e+02   2.6047391e+02   2.6517027e+02   3.0623089e+02   3.2485634e+02   3.1836286e+02   2.8423523e+02   4.0690107e+02   2.9928258e+02   3.5490078e+02   3.8273615e+02   3.3084806e+02   2.6144745e+02   1.6234880e+02   3.8156546e+02   2.9402648e+02
   2.0141384e+02   2.1361156e+02   1.8340349e+02   1.3332878e+02   1.9649861e+02   1.7464120e+02   1.8543978e+02   1.9966304e+02   1.8303791e+02   1.5241240e+02   1.6786490e+02   2.6676722e+02   2.3231754e+02   1.6440424e+02   1.4586794e+02   1.6984348e+02   2.3502581e+02   1.2086414e+02   2.6612608e+02   2.6575547e+02   1.6676011e+02   2.5344187e+02   1.5235363e+02   1.7687492e+02   2.4035814e+02   2.2543660e+02   1.1666744e+02   1.3958746e+02   2.4443433e+02   1.3994834e+02
   1.1060007e+02   1.4443373e+02   1.6134358e+02   1.2445018e+02   1.6186075e+02   1.6489355e+02   9.4211747e+01   1.5110968e+02   1.3450099e+02   1.2289889e+02   1.3356193e+02   2.0781731e+02   1.4534226e+02   1.3030879e+02   1.0491866e+02   1.4563286e+02   1.4897829e+02   1.1021894e+02   1.5164068e+02   1.1781753e+02   1.1010154e+02   1.2320394e+02   1.4097620e+02   1.1841144e+02   1.4885011e+02   1.2878428e+02   1.0285624e+02   1.3958746e+02   1.3069933e+02   7.9238022e+01
   1.0027553e+02   8.7781523e+01   6.7024391e+01   7.7972818e+01   9.8921879e+01   1.1060541e+02   9.4211747e+01   1.1168239e+02   9.1524696e+01   8.7735939e+01   9.7628867e+01   1.2609169e+02   8.9283490e+01   7.2681839e+01   4.2115604e+01   1.0627031e+02   1.1426396e+02   8.0081729e+01   8.1759736e+01   7.3577388e+01   5.9378055e+01   1.1862824e+02   9.7020125e+01   9.0852608e+01   8.1061009e+01   1.0782421e+02   6.4530637e+01   1.1400374e+02   9.7819327e+01   7.6450028e+01
   7.3861803e+01   7.7636484e+01   6.7024391e+01   5.7222064e+01   7.0830751e+01   8.3195952e+01   7.8231594e+01   8.9148233e+01   8.2762467e+01   6.0210408e+01   7.6249942e+01   9.1978969e+01   8.9283490e+01   7.2681839e+01   4.2115604e+01   8.8825256e+01   1.0101634e+02   6.0806494e+01   6.4601371e+01   6.6582588e+01   5.9378055e+01   6.5145064e+01   7.4495638e+01   9.0144977e+01   7.5734762e+01   6.0603657e+01   6.4530637e+01   8.4184616e+01   7.7521121e+01   6.2577704e+01
   7.2449322e+01   5.6490657e+01   6.1206939e+01   5.7222064e+01   7.0830751e+01   7.3804314e+01   4.2750448e+01   6.2650928e+01   7.6931227e+01   4.3392342e+01   7.2187009e+01   6.8138427e+01   6.6205470e+01   6.1498068e+01   4.2115604e+01   6.4388667e+01   6.3646964e+01   6.0806494e+01   5.2569184e+01   5.3775586e+01   5.4458300e+01   4.1793880e+01   6.0445133e+01   8.8149405e+01   6.7362059e+01   5.7181013e+01   6.4530637e+01   5.9096400e+01   6.2173228e+01   6.0857627e+01
   4.9916742e+01   5.0088125e+01   5.6692555e+01   3.9999505e+01   6.2685160e+01   4.0664241e+01   3.3905366e+01   5.9335717e+01   5.6691981e+01   4.3335666e+01   5.4853437e+01   4.0678540e+01   6.6205470e+01   5.7803629e+01   4.2115604e+01   4.9723563e+01   4.8272091e+01   4.9788274e+01   5.2442490e+01   5.2921180e+01   4.5020058e+01   4.1793880e+01   5.0332640e+01   6.0105681e+01   5.3148084e+01   5.7181013e+01   4.6777630e+01   3.7908724e+01   6.2173228e+01   6.0857627e+01
   4.6885112e+01   3.0735173e+01   5.3670888e+01   2.4808066e+01   5.6173794e+01   3.8965350e+01   2.3330706e+01   5.0283188e+01   5.6691981e+01   3.9202783e+01   5.2327321e+01   3.8607434e+01   5.2265129e+01   5.7803629e+01   3.7636785e+01   4.3137415e+01   4.8272091e+01   3.0800498e+01   4.3503057e+01   3.9900181e+01   3.7422499e+01   4.0688427e+01   4.3291531e+01   4.0375144e+01   5.0149710e+01   4.7913255e+01   4.2908408e+01   3.2245943e+01   5.2304829e+01   4.8260486e+01
   4.2631740e+01   3.0735173e+01   4.2804896e+01   1.8762267e+01   4.6134503e+01   3.4396160e+01   2.0708263e+01   3.9680424e+01   5.0841036e+01   3.0281287e+01   4.7880783e+01   3.2413611e+01   4.5064466e+01   4.9657780e+01   3.2291659e+01   4.1634191e+01   4.1364021e+01   2.9291110e+01   3.6867747e+01   3.7686438e+01   3.4751581e+01   3.7721310e+01   4.1098176e+01   3.2881743e+01   4.2141460e+01   3.4870814e+01   4.2908408e+01   3.2245943e+01   3.7534665e+01   4.2532143e+01
   3.2929993e+01   2.3521978e+01   3.9666199e+01   1.3612164e+01   3.5974961e+01   2.8029627e+01   1.8924679e+01   3.2968661e+01   3.8916844e+01   2.3005565e+01   3.6759849e+01   3.1870542e+01   4.0097216e+01   4.5824500e+01   2.7816336e+01   3.2361976e+01   3.0060592e+01   2.8965967e+01   3.0296514e+01   2.5856805e+01   3.2191378e+01   2.6578317e+01   3.4077231e+01   3.1029056e+01   3.7051419e+01   3.1685303e+01   3.6050473e+01   2.8278321e+01   3.3481858e+01   3.1435979e+01
   2.5466707e+01   1.7245251e+01   2.6620377e+01   1.3411307e+01   3.2236564e+01   2.5673030e+01   1.8274894e+01   2.7126749e+01   2.5465743e+01   2.0323245e+01   3.6017990e+01   2.7283582e+01   2.9346822e+01   3.1085238e+01   2.6225932e+01   3.0326270e+01   2.3310326e+01   2.8965967e+01   2.4392362e+01   2.4307470e+01   2.9334985e+01   2.1890735e+01   2.7750299e+01   2.5193187e+01   3.1197034e+01   3.0293532e+01   2.9837697e+01   2.7036580e+01   3.0140049e+01   2.3468488e+01
   1.7622809e+01   1.6619363e+01   2.0663599e+01   1.3291668e+01   2.1752742e+01   2.2505029e+01   1.6736090e+01   2.2168188e+01   2.4003963e+01   1.9490606e+01   2.3131753e+01   2.0193795e+01   2.5237616e+01   2.5965740e+01   2.5094641e+01   2.4199649e+01   1.9985624e+01   2.4857162e+01   2.4336452e+01   2.3070405e+01   2.7074383e+01   1.7619848e+01   2.5282250e+01   2.0068249e+01   2.2459054e+01   3.0285421e+01   1.8414542e+01   1.5998507e+01   2.6128630e+01   1.9188299e+01
   1.4723375e+01   1.3111982e+01   1.9322267e+01   1.3291668e+01   2.0291953e+01   1.7670003e+01   1.4841387e+01   2.0958939e+01   1.9642400e+01   1.6625133e+01   1.9184835e+01   1.7378481e+01   1.9860552e+01   1.7688055e+01   1.7094717e+01   1.9787328e+01   1.5590246e+01   1.9532375e+01   2.1248550e+01   1.5408713e+01   2.1352418e+01   1.7282422e+01   1.9479881e+01   1.8602913e+01   1.9696943e+01   2.3939207e+01   1.8113814e+01   1.5939198e+01   1.7467340e+01   1.6747789e+01
   1.3844694e+01   1.3103150e+01   1.8017868e+01   1.3291668e+01   1.7248937e+01   1.5034539e+01   1.4370320e+01   1.6670600e+01   1.8550814e+01   1.4616565e+01   1.6268822e+01   1.4807614e+01   1.6365860e+01   1.5338619e+01   1.6643950e+01   1.5219206e+01   1.4030422e+01   1.8107298e+01   1.8212085e+01   1.3074132e+01   2.0200952e+01   1.4809829e+01   1.7037838e+01   1.6058325e+01   1.7019182e+01   1.6106783e+01   1.6712356e+01   1.5939198e+01   1.6379398e+01   1.4030991e+01
   1.3745403e+01   1.2494367e+01   1.4697770e+01   1.2089289e+01   1.6351091e+01   1.3170391e+01   1.3881986e+01   1.5864283e+01   1.4532184e+01   1.2614777e+01   1.5081576e+01   1.4471885e+01   1.4844892e+01   1.4369171e+01   1.4216619e+01   1.2520739e+01   1.4030422e+01   1.4184852e+01   1.2248831e+01   1.1756787e+01   1.3204092e+01   1.3780216e+01   1.6405163e+01   1.4131804e+01   1.4550557e+01   1.4097239e+01   1.2738740e+01   1.5939198e+01   1.3381696e+01   1.3437133e+01
   1.2507083e+01   1.1678775e+01   1.4533672e+01   1.1862922e+01   1.3942540e+01   1.2725464e+01   1.3282214e+01   1.4923641e+01   1.2042357e+01   1.1422164e+01   1.2145261e+01   1.1746269e+01   1.1433299e+01   1.2673185e+01   1.3020796e+01   1.2330237e+01   1.2281984e+01   1.3826348e+01   1.1136154e+01   1.1756787e+01   1.0893394e+01   1.2411010e+01   1.4239678e+01   1.1876524e+01   1.4204875e+01   1.2440541e+01   1.2295414e+01   1.3097919e+01   1.1521049e+01   1.1396934e+01
