   3.3564066e+10   3.3254289e+10   3.1566694e+10   2.2826872e+10   4.0315899e+10   2.7667525e+10   3.5596487e+10   3.7374348e+10   3.4195975e+10   3.2620586e+10   3.0434342e+10   2.1009278e+10   3.4921602e+10   3.8325968e+10   3.2484985e+10   2.4399674e+10   3.4387430e+10   3.0650719e+10   4.0114817e+10   2.9934484e+10   3.5058115e+10   3.9805176e+10   2.0268650e+10   3.9618849e+10   2.6789506e+10   3.4145947e+10   2.6467069e+10   2.5830350e+10   3.7847801e+10   3.0587636e+10
   3.0871353e+10   2.9147948e+10   3.1225506e+10   2.2826872e+10   3.4579075e+10   2.7667525e+10   3.0223560e+10   2.8714776e+10   2.9716642e+10   2.7238532e+10   2.9463813e+10   2.1009278e+10   2.6235353e+10   2.6875341e+10   3.2484985e+10   1.9707827e+10   1.9726197e+10   3.0650719e+10   3.3734440e+10   2.9934484e+10   2.9086113e+10   1.9645624e+10   2.0268650e+10   2.7705091e+10   2.6789506e+10   3.4145947e+10   2.6467069e+10   2.5830350e+10   3.0863300e+10   2.1449268e+10
   1.8424621e+10   2.0497194e+10   2.5759897e+10   1.7343407e+10   1.4709821e+10   2.7667525e+10   2.3898830e+10   2.2690124e+10   2.9716642e+10   2.4085618e+10   2.5283744e+10   2.1009278e+10   1.9742459e+10   2.6875341e+10   1.9985902e+10   1.9707827e+10   1.9726197e+10   2.0748492e+10   2.6616830e+10   2.6975644e+10   2.6813352e+10   1.9645624e+10   2.0268650e+10   2.7705091e+10   2.5913005e+10   2.5879985e+10   2.3235954e+10   2.3382774e+10   2.3108733e+10   2.0197697e+10
   1.3715165e+10   1.5381041e+10   8.3826528e+09   1.3476145e+10   1.4709821e+10   1.2757871e+10   1.1205338e+10   1.5266639e+10   1.4006072e+10   1.2035457e+10   1.5486403e+10   1.0547299e+10   1.4976832e+10   8.8327438e+09   8.0749847e+09   1.2449539e+10   1.1704397e+10   1.0007328e+10   1.5151354e+10   1.4229740e+10   1.0821951e+10   1.1403859e+10   1.0879480e+10   1.2660005e+10   1.2978713e+10   1.3154706e+10   1.6872735e+10   5.6013376e+09   1.2074480e+10   1.1991028e+10
   1.9349219e+09   4.5932886e+09   3.8029072e+09   2.5769382e+09   4.0886136e+09   3.9514284e+09   3.7053983e+09   5.0447984e+09   2.6789143e+09   3.9370026e+09   3.2308262e+09   4.3153058e+09   2.7994617e+09   2.8121280e+09   4.0290088e+09   4.5134193e+09   5.3827676e+09   5.4061991e+09   3.5392529e+09   9.6475122e+09   3.5348933e+09   4.2694045e+09   4.9355220e+09   3.2067218e+09   7.0661327e+09   9.3781897e+09   3.3516145e+09   2.6816612e+09   2.2657913e+09   2.5953048e+09
   5.5766109e+08   1.0292961e+09   6.8585458e+08   3.3151793e+08   1.2396716e+09   1.1974613e+09   5.6573907e+08   6.9081295e+08   5.1928396e+08   4.2965847e+08   4.4288502e+08   1.1243764e+09   6.7038408e+08   8.6057320e+08   6.0605752e+08   5.5641545e+08   6.6731772e+08   7.5950844e+08   9.3673823e+08   2.0042655e+09   5.8875156e+08   4.0011339e+08   6.5148244e+08   7.1386539e+08   1.3542262e+09   1.3716801e+09   3.8172539e+08   4.0788560e+08   2.7992508e+08   6.8717122e+08
   3.4359964e+07   5.0226349e+07   1.9264455e+07   1.4412772e+07   2.0549045e+08   4.6459385e+07   1.5600319e+07   2.0253841e+07   1.7056012e+07   9.7674104e+06   2.0979140e+07   3.8646293e+07   6.0141156e+07   3.3712782e+07   2.1562833e+07   4.2005785e+07   1.1072190e+07   3.5328009e+07   9.8218814e+07   2.6848963e+07   4.4426634e+07   1.6125253e+07   3.6065175e+07   2.8223438e+07   2.2060841e+07   3.2116074e+07   1.0891783e+07   1.7804783e+07   4.3984629e+06   3.6879296e+07
   2.3249224e+05   4.7872857e+04   4.4344066e+04   3.5422154e+04   1.0541454e+06   2.5347792e+05   5.0500679e+04   1.3068846e+05   3.6324731e+04   2.6656850e+04   6.8097931e+04   2.0880124e+05   2.6700832e+05   5.6709815e+04   1.1494614e+05   1.7698986e+05   2.7646366e+04   1.3554413e+05   2.3413617e+05   5.3243262e+04   3.3456320e+04   3.8898647e+04   7.2069209e+04   5.2358821e+04   3.6151440e+04   8.8978147e+04   9.0251493e+04   8.7953302e+04   2.0184438e+04   3.7290251e+04
   1.4209412e+01   3.8724108e+00   5.6740163e-01   5.6259142e-01   7.8351818e+01   3.0750746e+00   2.4352445e+00   7.1948990e+00   1.0133223e+00   8.2045795e-01   5.5370930e-01   1.4157125e+01   5.1951082e+00   3.1298563e-01   5.4871741e+00   1.1167124e+01   2.6618391e+00   5.5717396e-01   8.3612153e+00   1.0691418e+00   3.2724590e-01   9.0520541e-01   4.1584523e-01   1.3583901e+00   5.1864295e-01   1.4559154e+00   2.1893215e+00   5.1158155e+00   4.7874887e-01   6.7593297e-01
   8.9000000e-07   2.0000000e-08   0.0000000e+00   0.0000000e+00   6.4000000e-07   5.0000000e-08   2.0000000e-08   0.0000000e+00   2.0000000e-08   0.0000000e+00   0.0000000e+00   1.2000000e-07   8.0000000e-08   0.0000000e+00   0.0000000e+00   3.0000000e-08   1.0000000e-08   0.0000000e+00   4.0000000e-08   0.0000000e+00   0.0000000e+00   0.0000000e+00   0.0000000e+00   2.0000000e-08   0.0000000e+00   0.0000000e+00   7.0000000e-08   4.0000000e-08   0.0000000e+00   3.0000000e-08
   0.0000000e+00   0.0000000e+00   0.0000000e+00   0.0000000e+00   0.0000000e+00   0.0000000e+00   0.0000000e+00   0.0000000e+00   0.0000000e+00   0.0000000e+00   0.0000000e+00   0.0000000e+00   0.0000000e+00   0.0000000e+00   0.0000000e+00   0.0000000e+00   0.0000000e+00   0.0000000e+00   0.0000000e+00   0.0000000e+00   0.0000000e+00   0.0000000e+00   0.0000000e+00   0.0000000e+00   0.0000000e+00   0.0000000e+00   0.0000000e+00   0.0000000e+00   0.0000000e+00   0.0000000e+00
   0.0000000e+00   0.0000000e+00   0.0000000e+00   0.0000000e+00   0.0000000e+00   0.0000000e+00   0.0000000e+00   0.0000000e+00   0.0000000e+00   0.0000000e+00   0.0000000e+00   0.0000000e+00   0.0000000e+00   0.0000000e+00   0.0000000e+00   0.0000000e+00   0.0000000e+00   0.0000000e+00   0.0000000e+00   0.0000000e+00   0.0000000e+00   0.0000000e+00   0.0000000e+00   0.0000000e+00   0.0000000e+00   0.0000000e+00   0.0000000e+00   0.0000000e+00   0.0000000e+00   0.0000000e+00
   0.0000000e+00   0.0000000e+00   0.0000000e+00   0.0000000e+00   0.0000000e+00   0.0000000e+00   0.0000000e+00   0.0000000e+00   0.0000000e+00   0.0000000e+00   0.0000000e+00   0.0000000e+00   0.0000000e+00   0.0000000e+00   0.0000000e+00   0.0000000e+00   0.0000000e+00   0.0000000e+00   0.0000000e+00   0.0000000e+00   0.0000000e+00   0.0000000e+00   0.0000000e+00   0.0000000e+00   0.0000000e+00   0.0000000e+00   0.0000000e+00   0.0000000e+00   0.0000000e+00   0.0000000e+00
   0.0000000e+00   0.0000000e+00   0.0000000e+00   0.0000000e+00   0.0000000e+00   0.0000000e+00   0.0000000e+00   0.0000000e+00   0.0000000e+00   0.0000000e+00   0.0000000e+00   0.0000000e+00   0.0000000e+00   0.0000000e+00   0.0000000e+00   0.0000000e+00   0.0000000e+00   0.0000000e+00   0.0000000e+00   0.0000000e+00   0.0000000e+00   0.0000000e+00   0.0000000e+00   0.0000000e+00   0.0000000e+00   0.0000000e+00   0.0000000e+00   0.0000000e+00   0.0000000e+00   0.0000000e+00
   0.0000000e+00   0.0000000e+00   0.0000000e+00   0.0000000e+00   0.0000000e+00   0.0000000e+00   0.0000000e+00   0.0000000e+00   0.0000000e+00   0.0000000e+00   0.0000000e+00   0.0000000e+00   0.0000000e+00   0.0000000e+00   0.0000000e+00   0.0000000e+00   0.0000000e+00   0.0000000e+00   0.0000000e+00   0.0000000e+00   0.0000000e+00   0.0000000e+00   0.0000000e+00   0.0000000e+00   0.0000000e+00   0.0000000e+00   0.0000000e+00   0.0000000e+00   0.0000000e+00   0.0000000e+00
   0.0000000e+00   0.0000000e+00   0.0000000e+00   0.0000000e+00   0.0000000e+00   0.0000000e+00   0.0000000e+00   0.0000000e+00   0.0000000e+00   0.0000000e+00   0.0000000e+00   0.0000000e+00   0.0000000e+00   0.0000000e+00   0.0000000e+00   0.0000000e+00   0.0000000e+00   0.0000000e+00   0.0000000e+00   0.0000000e+00   0.0000000e+00   0.0000000e+00   0.0000000e+00   0.0000000e+00   0.0000000e+00   0.0000000e+00   0.0000000e+00   0.0000000e+00   0.0000000e+00   0.0000000e+00
