   8.1508936e+04   3.2935536e+05   2.8481560e+06   6.5577977e+05   8.6623298e+05   9.6432647e+06   5.8687956e+05   2.0733642e+06   1.1960590e+06   5.8289237e+04   7.5052720e+05   1.1908962e+06   1.7225626e+06   2.2073739e+06   1.1564381e+05   6.2637943e+05   8.7646255e+04   7.6832540e+05   9.0945698e+04   1.3673223e+06   1.2289141e+05   1.7551989e+05   4.4550515e+06   1.2044864e+05   1.5648176e+06   1.8277931e+06   1.2556273e+06   7.5265393e+05   8.7492379e+05   9.6033623e+03
   1.6671088e+04   1.8834572e+05   1.2431313e+04   1.3687494e+05   1.9317546e+04   1.5479797e+05   1.4925515e+04   6.1592706e+04   8.9158401e+03   2.6405063e+03   8.3590893e+04   6.6920899e+05   1.1643114e+05   1.1507702e+05   6.0775974e+04   8.4964248e+04   4.9158857e+03   1.5344242e+05   2.1442729e+03   6.7228190e+04   9.0466860e+04   1.4127176e+04   1.3229043e+05   1.2044864e+05   2.1819548e+03   6.4517290e+04   1.3293154e+05   8.1029478e+03   8.7492379e+05   7.1022302e+03
   1.8696084e+03   3.4950515e+04   6.7413304e+03   2.8341417e+03   2.4775700e+03   1.9128473e+03   3.0951128e+03   3.7256511e+03   1.8477558e+03   7.8828601e+02   5.2030378e+03   4.0703466e+04   1.4822540e+04   3.2612112e+03   6.1498010e+03   6.0625788e+03   1.3576023e+03   3.9150502e+03   8.7443956e+02   4.0503375e+04   1.1351071e+03   3.4374769e+03   1.8049003e+04   2.2051140e+03   1.1829933e+03   6.2900051e+04   7.6740569e+03   3.3037817e+03   5.2647046e+03   1.1439228e+03
   2.3404538e+02   5.7209095e+03   7.5592695e+02   7.9028105e+02   4.9610224e+02   6.6349551e+02   2.0966704e+02   4.9595954e+02   6.9959509e+02   4.7366226e+02   1.5723159e+03   2.2669123e+03   9.5288036e+02   8.3976206e+02   3.8437823e+02   9.6001309e+02   3.2272892e+02   4.0835708e+02   3.7928678e+02   1.2854234e+03   2.6771488e+02   8.1353664e+02   7.1024330e+02   6.6397350e+02   3.0304737e+02   3.5512030e+03   3.4019626e+02   7.5751388e+02   1.2999764e+03   1.2677436e+02
   1.1307585e+02   2.9720372e+02   1.4149347e+02   2.7172343e+02   7.6254114e+01   8.3220956e+01   5.4840685e+01   1.3786572e+01   1.1501680e+02   2.1184393e+01   3.1952181e+02   1.6771132e+02   2.1203474e+02   1.3539490e+02   2.4168547e+02   7.2824265e+01   7.9889023e+01   1.4953241e+02   6.3573404e+01   2.6937666e+02   6.9681567e+01   5.8904214e+01   1.7119425e+02   9.2373585e+01   9.9453967e+01   1.4402701e+02   2.3561049e+02   3.9842765e+02   2.9633314e+02   2.7241987e+01
   1.2064852e+01   1.1865051e+01   3.8943700e+01   9.8534698e+00   1.1795887e+01   6.6561178e+00   6.1399483e+00   6.8944345e+00   5.9698257e+01   5.2169451e+00   2.3720304e+02   2.7798963e+01   6.3238224e+01   3.0816493e+01   2.1875392e+02   3.7383915e+01   1.3380243e+01   1.2158900e+02   3.0982842e+01   6.3870336e+00   2.6319517e+00   1.8074725e+01   1.1922911e+02   5.9769694e+00   3.2793528e+01   1.4586949e+01   4.3075898e+01   2.3093068e+01   6.2659647e+01   8.1297597e+00
   1.9046936e+00   5.4370003e+00   2.3101545e+00   9.6291217e-01   1.7975234e+00   1.9557449e+00   1.4396698e+00   3.8174301e+00   1.7288929e+01   1.2561747e+00   2.3479704e+02   1.8229799e+01   5.9532505e+01   1.7666766e+01   2.1805813e+02   1.8253522e+00   3.6757374e+00   1.1904281e+02   4.0809301e+00   2.7714000e+00   1.5998857e+00   1.7562593e+01   5.7323741e+00   1.1132900e+00   3.8535585e+00   9.1633301e-01   1.8199261e+01   1.5931319e+00   1.5667842e+00   2.1224373e+00
   6.0286028e-01   1.0930663e+00   5.9607461e-01   5.0954126e-01   6.4368018e-01   1.4653817e+00   5.4402576e-01   3.1396069e+00   1.5666657e+01   6.0816895e-01   2.3431439e+02   1.7677685e+01   5.9092621e+01   1.7215115e+01   2.1796375e+02   8.4830166e-01   1.1211869e+00   1.1864800e+02   2.0982689e+00   6.5509372e-01   1.0925296e+00   1.7289112e+01   1.5359140e+00   8.3569419e-01   1.0964946e+00   5.5731582e-01   1.7425267e+01   5.9098774e-01   5.7643944e-01   1.4941559e+00
   4.2167456e-01   7.0670460e-01   4.3225427e-01   3.7680107e-01   4.8322480e-01   1.1349098e+00   3.2867239e-01   2.8924377e+00   3.5677605e+00   2.2902200e-01   1.9435402e+01   1.7574158e+01   5.9003187e+01   1.7120279e+01   2.1865993e+00   5.1677677e-01   7.9647777e-01   6.1983704e+00   3.1765556e-01   3.9971915e-01   8.9695592e-01   1.7265898e+01   3.0626150e-01   8.0982774e-01   8.2474629e-01   4.6264407e-01   1.7305472e+01   1.6519553e-01   3.9649324e-01   1.2121408e+00
   3.3182176e-01   6.3368537e-01   4.2214368e-01   3.3452169e-01   4.4984648e-01   1.1216555e+00   3.2410132e-01   1.1069995e+00   1.7321027e-01   1.2870064e-01   9.9049903e-01   8.1109026e-01   1.1216159e+00   3.2570699e-01   1.1322000e+00   4.8720406e-01   4.4222546e-01   3.7556420e-02   6.1491570e-02   3.4389269e-01   8.8852198e-01   1.5742573e+00   1.7727404e-01   8.0704400e-01   7.9306751e-01   4.2396226e-01   8.6440655e-01   1.3179402e-01   3.1401356e-01   1.0049412e+00
   3.3136867e-01   6.3275222e-01   4.2205712e-01   3.3256905e-01   4.4903907e-01   1.1213501e+00   3.2366163e-01   9.7363550e-02   1.6542318e-01   1.1630049e-01   9.8382813e-01   8.1087774e-01   1.1200994e+00   3.1112944e-01   1.1243377e+00   4.8536562e-01   4.1421494e-01   9.9812000e-03   1.7318800e-02   3.4109148e-01   8.8839855e-01   4.9688257e-01   1.7480468e-01   8.0655689e-01   7.9185075e-01   4.2340600e-01   6.3016386e-01   1.2075786e-01   3.1167514e-01   9.9089408e-01
   3.3136716e-01   3.4985577e-01   4.2205610e-01   3.3256062e-01   1.4199801e-01   5.2842101e-01   3.2366064e-01   9.5977530e-02   1.6539952e-01   1.1626070e-01   2.6577015e-01   4.6785888e-01   4.9467727e-01   3.1110482e-01   8.1216944e-01   1.7306901e-01   4.1418958e-01   9.8357300e-03   1.7207100e-02   3.4107780e-01   3.5946362e-01   4.9685373e-01   1.7479892e-01   5.6209775e-01   3.9926893e-01   2.3887210e-02   3.1331128e-01   1.2075334e-01   3.1166973e-01   9.9089224e-01
   1.9193890e-02   3.4978217e-01   3.5955336e-01   3.3256059e-01   1.3173200e-03   3.1919516e-01   1.1098120e-02   9.5977390e-02   1.6539948e-01   8.6497230e-02   6.9517580e-02   3.2627574e-01   4.9386799e-01   9.5460000e-04   3.1228430e-01   3.4494280e-02   7.2492560e-02   9.8357200e-03   1.7207090e-02   2.8904530e-02   2.8127439e-01   4.9685373e-01   1.1312846e-01   3.1440463e-01   3.2059382e-01   1.8452750e-02   3.1247738e-01   3.4866530e-02   1.6568168e-01   8.2627968e-01
   1.9193870e-02   3.4383536e-01   6.2791070e-02   3.3256056e-01   1.3172200e-03   7.0213300e-03   1.1098090e-02   5.3002990e-02   1.6539939e-01   1.4045660e-02   6.7149800e-02   1.4126740e-02   3.1349156e-01   9.2241000e-04   3.1228430e-01   2.8952630e-02   1.9342750e-02   9.8357200e-03   7.4911600e-03   3.1852500e-03   2.8127434e-01   3.1123960e-01   6.9850280e-02   2.2313600e-03   5.9242210e-02   2.9886400e-03   3.1247738e-01   3.4866490e-02   1.6568158e-01   5.3402089e-01
   1.9193790e-02   3.4383530e-01   3.7663060e-02   2.0387040e-02   1.3172000e-03   7.0212900e-03   1.1098050e-02   5.2492440e-02   1.6539928e-01   1.4045600e-02   6.1591600e-02   1.4102440e-02   1.3182900e-03   9.2240000e-04   3.1228429e-01   2.8941490e-02   1.6669330e-02   1.1992000e-04   7.4911400e-03   3.1852200e-03   2.6552240e-01   3.1123815e-01   5.8808050e-02   2.2313400e-03   5.4282900e-02   2.9886200e-03   3.0414000e-04   3.4866410e-02   1.4584880e-02   3.1494839e-01
   1.9193680e-02   3.1661970e-02   3.7662930e-02   2.0386960e-02   1.3171700e-03   7.0212400e-03   1.1097980e-02   5.2492230e-02   2.1834770e-02   1.4045500e-02   6.1591460e-02   4.9500000e-06   1.3182600e-03   8.9186000e-04   3.1228429e-01   2.8941390e-02   1.6669240e-02   8.0370000e-05   7.4910600e-03   3.1851800e-03   2.6552230e-01   3.1047616e-01   5.8723190e-02   2.2313100e-03   5.4282740e-02   2.9885700e-03   2.8200000e-06   3.4866300e-02   1.4584810e-02   3.1494835e-01
