   2.1815710e+03   2.3211092e+03   2.2345682e+03   2.0655247e+03   2.5802119e+03   2.0540264e+03   1.9797660e+03   2.6213941e+03   2.0180221e+03   2.3142619e+03   2.4204028e+03   2.2386618e+03   2.6465943e+03   2.1696654e+03   2.2279506e+03   2.2241001e+03   1.8300417e+03   2.3555588e+03   2.1007117e+03   2.1807481e+03   1.9622798e+03   2.0808522e+03   2.2095766e+03   1.7272270e+03   2.5045806e+03   2.3396180e+03   2.3760064e+03   2.0779965e+03   2.4988985e+03   2.5267292e+03
   2.1815710e+03   2.3211092e+03   2.2345682e+03   1.5663738e+03   2.5772054e+03   2.0540264e+03   1.9797660e+03   1.9182146e+03   2.0180221e+03   2.3142619e+03   2.3342244e+03   2.2386618e+03   2.0456448e+03   2.1163621e+03   2.1783225e+03   1.9183333e+03   1.8300417e+03   2.3555588e+03   2.1007117e+03   2.1807481e+03   1.9622798e+03   1.9226940e+03   2.2095766e+03   1.7272270e+03   2.1015139e+03   2.3184365e+03   2.3760064e+03   2.0779965e+03   2.4904513e+03   2.5267292e+03
   2.0416414e+03   2.1986846e+03   2.1037742e+03   1.5663738e+03   1.8693080e+03   2.0540264e+03   1.9797660e+03   1.9182146e+03   2.0180221e+03   2.3142619e+03   2.3342244e+03   2.2151486e+03   1.8442372e+03   2.1138023e+03   1.8261584e+03   1.9102383e+03   1.8300417e+03   2.3555588e+03   2.0310223e+03   2.1807481e+03   1.9622798e+03   1.9226940e+03   2.2095766e+03   1.7272270e+03   1.8410812e+03   2.1311712e+03   2.2514933e+03   2.0779965e+03   1.9696558e+03   2.0217548e+03
   2.0416414e+03   1.9815407e+03   1.9101205e+03   1.5663738e+03   1.8693080e+03   2.0540264e+03   1.8776318e+03   1.9182146e+03   1.8157373e+03   2.1776202e+03   2.3342244e+03   1.9198655e+03   1.8442372e+03   1.9151108e+03   1.7963910e+03   1.6918130e+03   1.8300417e+03   2.1597911e+03   2.0310223e+03   1.7468536e+03   1.9622798e+03   1.9226940e+03   2.1597258e+03   1.5048050e+03   1.8410812e+03   1.9230178e+03   1.6802191e+03   2.0779965e+03   1.8371412e+03   1.8032735e+03
   1.8793467e+03   1.7539717e+03   1.8815885e+03   1.5663738e+03   1.8693080e+03   2.0540264e+03   1.7007465e+03   1.7461872e+03   1.6842236e+03   1.9586471e+03   1.5762206e+03   1.2711123e+03   1.8442372e+03   1.8089909e+03   1.7203967e+03   1.6918130e+03   1.6044104e+03   2.1547916e+03   2.0310223e+03   1.7468536e+03   1.9622798e+03   1.3843509e+03   2.0367587e+03   1.5048050e+03   1.8410812e+03   1.9230178e+03   1.6802191e+03   2.0779965e+03   1.8371412e+03   1.7517919e+03
   1.4890597e+03   1.7539717e+03   1.1818402e+03   1.5663738e+03   1.5189103e+03   2.0540264e+03   1.6180199e+03   1.2724483e+03   1.6842236e+03   1.8039233e+03   1.5762206e+03   1.2711123e+03   1.8191615e+03   1.4494381e+03   1.5124094e+03   1.6918130e+03   1.6044104e+03   1.1631039e+03   1.8178770e+03   1.6401467e+03   1.5649258e+03   1.3843509e+03   1.7492612e+03   1.5048050e+03   1.7985914e+03   1.9230178e+03   1.6802191e+03   1.3438597e+03   1.6060304e+03   1.3945845e+03
   1.4890597e+03   1.1237784e+03   6.0548640e+02   1.3256097e+03   9.6261497e+02   1.5513004e+03   1.4528585e+03   1.2724483e+03   1.5671052e+03   1.2925922e+03   1.2978036e+03   9.9638736e+01   1.4704152e+03   1.2434494e+03   9.3573145e+02   1.3648227e+03   1.3329182e+03   1.0456611e+03   1.4946938e+03   1.2942604e+03   1.4535760e+03   1.3843509e+03   1.2468820e+03   1.2468924e+03   1.5132812e+03   1.6805268e+03   1.3750099e+03   1.1261562e+03   1.2726055e+03   1.3945845e+03
   1.3052015e+03   1.1237784e+03   5.8145868e+02   1.3038581e+03   9.6261497e+02   1.3710815e+03   1.0748263e+03   8.7777777e+02   1.3864062e+03   1.2150331e+03   1.2259318e+03   3.9240571e+01   1.3387639e+03   1.1603889e+03   7.3729166e+02   1.1441146e+03   1.2605758e+03   1.0456611e+03   1.0313341e+03   1.1190665e+03   1.0263467e+03   1.2807534e+03   8.7730083e+02   1.1234955e+03   7.6478807e+02   1.1186107e+03   3.9654192e+02   9.8469086e+02   1.1835845e+03   1.0724203e+03
   7.4174010e+02   1.1237784e+03   4.3972810e+02   1.0749975e+03   7.4284183e+02   6.0533731e+02   8.1538167e+02   1.0325951e+02   1.1802162e+03   1.1364081e+03   7.5607113e+02   3.9239622e+01   7.9940939e+02   7.3235172e+02   5.5799450e+02   1.0911755e+03   5.3545688e+02   1.0456611e+03   1.0313341e+03   1.1067267e+03   9.4861369e+02   1.1896947e+03   8.7730083e+02   6.4333730e+02   4.4497046e+02   9.9341750e+02   3.5898021e+02   8.3831629e+02   1.0135205e+03   9.4351780e+02
   6.3597166e+02   7.7426647e+02   2.0429536e+02   5.7747673e+02   2.7229999e+02   4.5770281e+02   6.3224345e+02   1.0124260e+01   9.0969112e+02   6.4522941e+02   4.3886261e+02   3.9239622e+01   7.7151872e+02   3.2478126e+02   5.5794947e+02   7.0526696e+02   1.6361925e+02   1.0005369e+03   9.5939636e+02   9.8014740e+02   7.4219119e+02   1.0191064e+03   5.7423626e+02   6.2045808e+02   1.1875220e+02   6.3235187e+02   3.5897978e+02   6.5335387e+02   6.0398240e+02   4.7811284e+02
   4.3961246e+02   6.6382224e+02   1.5200634e+02   2.0289144e+02   1.8659447e+01   4.5755621e+02   3.5289976e+02   1.0119973e+01   8.6302740e+02   2.0461086e+02   4.3794412e+02   3.8704943e+01   6.5073602e+02   2.4484163e+02   3.4495504e+02   2.7152219e+02   7.6503576e+01   5.2394114e+02   3.3896612e+02   8.6114734e+02   6.1235230e+02   3.7908462e+02   3.1615442e+02   5.1473793e+02   1.1875061e+02   3.6668374e+02   3.5897978e+02   6.4309078e+02   3.8673181e+02   3.4968888e+02
   3.4922810e+02   5.2035541e+02   1.5200634e+02   1.0432247e+01   1.8659447e+01   9.9187419e+01   1.9451151e+02   1.0119973e+01   2.3856831e+02   1.8753289e+02   2.0493533e+01   3.8625850e+01   3.8146375e+02   2.4484105e+02   2.3155179e+02   2.9991015e+01   7.6503576e+01   4.3892958e+02   2.1795843e+02   3.7232626e+02   3.7375985e+02   8.7091073e+01   2.2819534e+02   2.8877572e+02   1.1875061e+02   2.9205847e+02   3.5897978e+02   3.5685410e+02   1.3938139e+02   2.2724376e+02
   1.9175529e+02   2.9786913e+02   1.1472198e+02   1.0432245e+01   1.8659447e+01   1.8307827e+01   1.9752651e+01   1.0119973e+01   9.4416442e+01   3.6707220e+01   3.7896873e+00   3.8625850e+01   1.9411295e+02   5.6865208e+01   7.5762205e+01   2.9989336e+01   7.6503576e+01   3.6787315e+02   1.4247709e+02   8.5953134e+01   2.4483807e+02   7.2779274e+01   1.9331727e+02   1.2946754e+02   1.0961152e+02   6.9529205e+01   3.5897978e+02   6.3003384e+01   5.2821827e+01   2.0564976e+02
   1.5671773e+02   2.5625168e+02   5.7107872e+01   1.0432245e+01   1.8659447e+01   7.5059685e+00   6.9548303e+00   6.7674669e+00   9.4416442e+01   1.8596995e+01   3.7896873e+00   3.8625850e+01   7.1307353e+01   2.6886648e+01   2.3529998e+01   2.9989336e+01   7.6503576e+01   1.1552287e+02   1.0071633e+02   5.0579248e+01   1.3071632e+02   4.9644448e+01   9.7193076e+01   3.2988735e+01   1.1526136e+01   4.9455335e+01   1.9941713e+02   4.3983402e+01   2.1134748e+01   1.4503484e+02
   3.4226286e+01   3.6070308e+01   3.6227894e+01   6.9548303e+00   1.8659447e+01   1.1426613e+00   6.9548303e+00   6.7674669e+00   4.9419744e+01   1.8596995e+01   3.6647785e+00   3.8625850e+01   3.9623471e+01   2.1824589e+01   1.6949895e+01   2.9989336e+01   1.6829399e+01   4.0260814e+01   2.2194050e+01   5.0579248e+01   2.1205925e+01   4.2017333e+01   7.8007037e+01   4.5496245e-01   3.7472665e-01   3.9932891e+01   3.0136315e+01   4.2577275e+01   1.2971865e+01   8.7765137e+01
   6.9548303e+00   1.4599075e+01   7.6169073e+00   6.9548303e+00   7.5918435e-01   2.2679515e-01   6.9548303e+00   2.4981776e-01   1.6245959e+01   1.8596995e+01   3.4774151e+00   1.8736332e-01   2.2907520e+01   6.9548303e+00   1.6949895e+01   2.5298595e+01   1.0369791e+01   2.8181512e+01   6.9548303e+00   4.4251489e+01   3.5398696e+00   4.0784711e+01   4.1632407e+01   1.2490888e-01   3.7472665e-01   2.1414801e+01   1.4356636e+01   3.6510685e+00   6.9548303e+00   2.2397126e+01
