   1.3495882e+03   1.2365404e+03   1.1666529e+03   1.0779395e+03   1.0359718e+03   1.4844166e+03   1.4665189e+03   1.0541149e+03   9.7888009e+02   1.3987621e+03   9.8240554e+02   1.1592538e+03   1.1626270e+03   1.4438965e+03   1.3130507e+03   1.2030181e+03   1.1923138e+03   1.2356649e+03   1.5634775e+03   9.6527012e+02   1.0605202e+03   1.2658984e+03   1.0240530e+03   1.5335608e+03   1.1760563e+03   1.3365283e+03   1.1537785e+03   1.2429450e+03   1.1192494e+03   1.4039114e+03
   1.3495882e+03   1.2087175e+03   1.1247688e+03   1.0779395e+03   1.0359718e+03   9.7300267e+02   1.1314619e+03   1.0541149e+03   9.7888009e+02   1.0624113e+03   9.8240554e+02   1.1592538e+03   1.1431934e+03   1.1231557e+03   1.0467254e+03   1.0989969e+03   1.1295745e+03   1.2356649e+03   1.1690482e+03   9.6527012e+02   1.0605202e+03   1.2658984e+03   1.0240530e+03   1.1221125e+03   1.1760563e+03   1.0384423e+03   1.1537785e+03   1.2429450e+03   1.0202122e+03   1.2231289e+03
   1.0717315e+03   1.0398537e+03   1.1247688e+03   1.0779395e+03   1.0359718e+03   9.0907128e+02   8.7793626e+02   1.0541149e+03   9.7603799e+02   1.0624113e+03   9.5894921e+02   1.1592538e+03   9.4841688e+02   1.1231557e+03   1.0467254e+03   9.7656740e+02   9.5496496e+02   1.0699561e+03   1.0548255e+03   9.6527012e+02   8.8415493e+02   1.1213832e+03   1.0240530e+03   9.3426285e+02   9.1335511e+02   1.0384423e+03   1.1238162e+03   1.1270284e+03   1.0202122e+03   1.0007291e+03
   9.2949956e+02   8.5567977e+02   9.0552616e+02   8.5483256e+02   7.9938473e+02   7.8674222e+02   7.6485947e+02   8.4352546e+02   8.7485343e+02   9.3947936e+02   8.8595815e+02   8.0557520e+02   8.0960681e+02   7.0674610e+02   9.1733979e+02   8.4527492e+02   9.0755638e+02   9.4235930e+02   8.1371488e+02   7.2559972e+02   6.9233819e+02   8.4744254e+02   1.0101140e+03   8.2136423e+02   7.1258456e+02   7.1349420e+02   8.1169380e+02   9.9846206e+02   8.9722561e+02   9.3135901e+02
   7.2538430e+02   6.7016935e+02   6.9704147e+02   6.6355401e+02   7.2281218e+02   6.4846870e+02   6.3348536e+02   6.3520024e+02   6.8011340e+02   7.6011528e+02   6.4899082e+02   7.0794446e+02   7.1065804e+02   6.7126072e+02   7.5851142e+02   7.1447145e+02   6.6489829e+02   6.7441591e+02   6.3959588e+02   6.7277862e+02   6.0924583e+02   6.9396052e+02   7.0146736e+02   6.8888967e+02   6.8374155e+02   6.9578363e+02   7.3129104e+02   7.4585449e+02   7.2859818e+02   6.9508913e+02
   5.8272684e+02   5.8929889e+02   6.2016233e+02   5.6135934e+02   5.9494625e+02   5.8438163e+02   5.6173334e+02   6.3520024e+02   6.0686389e+02   5.8397439e+02   5.7165985e+02   5.1341313e+02   6.1833339e+02   6.0253798e+02   6.1061059e+02   6.1224053e+02   6.1175335e+02   5.2949897e+02   6.0042532e+02   5.2415974e+02   5.6387319e+02   5.7283982e+02   6.3733168e+02   6.0825191e+02   5.6423962e+02   6.1052441e+02   6.3366910e+02   6.4476278e+02   6.5173504e+02   5.7538713e+02
   5.4185188e+02   5.4473974e+02   5.7490821e+02   5.5444943e+02   5.4959260e+02   5.3358208e+02   5.5907934e+02   5.5694534e+02   5.7058323e+02   5.6630231e+02   5.6165734e+02   5.1172531e+02   5.7345033e+02   5.4579319e+02   5.6005084e+02   5.5267575e+02   5.8129412e+02   5.2949897e+02   5.7688805e+02   5.2415974e+02   5.4586750e+02   5.7283982e+02   5.4213008e+02   5.5499389e+02   5.2527629e+02   5.8146679e+02   5.6537054e+02   5.6154221e+02   5.5842716e+02   5.1864920e+02
   5.2839522e+02   4.9646947e+02   5.3557017e+02   5.2761482e+02   5.0689784e+02   4.8790375e+02   5.2894440e+02   5.4479851e+02   5.2585375e+02   5.2159423e+02   5.2257241e+02   5.0635995e+02   5.3047327e+02   5.1352565e+02   5.5010537e+02   5.2828685e+02   5.4041368e+02   5.2540967e+02   5.3792874e+02   5.2415974e+02   5.3511419e+02   5.6430104e+02   5.0682993e+02   5.2718938e+02   5.1380309e+02   5.2932059e+02   5.1557506e+02   5.4343906e+02   5.4361516e+02   5.1864920e+02
   5.1901811e+02   4.9646947e+02   5.1772653e+02   5.1150711e+02   4.6825340e+02   4.5218066e+02   5.0676279e+02   5.1799208e+02   5.0622772e+02   5.1672056e+02   5.1234716e+02   4.8931217e+02   5.0733145e+02   4.9744252e+02   5.3262322e+02   5.1001445e+02   5.4041368e+02   5.1186667e+02   5.1369764e+02   4.9773979e+02   5.0043333e+02   5.1134910e+02   5.0208399e+02   4.9817819e+02   4.8559528e+02   5.2580423e+02   5.1557506e+02   5.0805890e+02   5.0231736e+02   5.1540464e+02
   4.7753629e+02   4.8544621e+02   5.0722775e+02   4.9553401e+02   4.4601000e+02   4.2773530e+02   4.9820964e+02   5.0587292e+02   4.9694958e+02   4.9626634e+02   5.0326147e+02   4.4964439e+02   4.8780983e+02   4.7475298e+02   5.1057794e+02   4.9194426e+02   5.0611881e+02   4.9304173e+02   4.9038412e+02   4.5644330e+02   4.6632661e+02   5.1134910e+02   4.6919732e+02   4.8937931e+02   4.6223010e+02   5.1235889e+02   4.8036656e+02   4.8678937e+02   4.9789750e+02   4.9633224e+02
   4.3912516e+02   4.5772064e+02   4.4632369e+02   4.5561689e+02   4.2813358e+02   4.2484572e+02   4.4318520e+02   4.4107682e+02   4.5643524e+02   4.7427303e+02   4.7373035e+02   4.2189458e+02   4.7117881e+02   4.6459939e+02   4.7294588e+02   4.6807431e+02   4.9563326e+02   4.6771254e+02   4.5734708e+02   4.2492262e+02   4.3440964e+02   4.8189157e+02   4.6510845e+02   4.5151983e+02   4.4639482e+02   4.6381955e+02   4.6689481e+02   4.5353993e+02   4.6684086e+02   4.5758333e+02
   2.3022137e+02   4.4162789e+02   4.3257661e+02   4.1435056e+02   4.2396190e+02   4.1207044e+02   4.3721404e+02   1.7519384e+02   4.3013268e+02   4.4977938e+02   4.5483169e+02   4.1642799e+02   4.3837174e+02   4.3759570e+02   4.4907988e+02   4.3825298e+02   4.5068435e+02   4.4505517e+02   4.3938900e+02   4.1999342e+02   3.3468350e+02   4.5048412e+02   4.4288935e+02   4.3371001e+02   4.2188909e+02   4.5473292e+02   4.4867735e+02   4.2489541e+02   4.3863570e+02   4.3614667e+02
   1.7435399e+02   4.3700632e+02   3.3645075e+02   4.1058938e+02   4.2173328e+02   4.0517697e+02   4.2996959e+02   1.2018555e+02   4.2456026e+02   4.3730872e+02   4.3068842e+02   4.1234107e+02   4.0479070e+02   4.1572053e+02   4.3648515e+02   2.8646269e+02   4.3686261e+02   4.3030814e+02   4.2389492e+02   2.9898077e+02   2.3906306e+02   4.2841312e+02   4.3292982e+02   4.1901363e+02   4.1937761e+02   4.3285075e+02   4.3527583e+02   1.8506229e+02   4.2553272e+02   4.3088271e+02
   1.0758155e+02   4.2247317e+02   2.1325048e+02   4.0967029e+02   4.1959102e+02   4.0513995e+02   4.2879035e+02   1.0053844e+02   4.2056558e+02   4.2674809e+02   4.1787864e+02   4.1114272e+02   1.8350445e+02   4.0699721e+02   4.3267341e+02   1.3093691e+02   4.2838929e+02   4.2595562e+02   4.2219578e+02   1.7012071e+02   1.0153288e+02   4.2469423e+02   4.2439922e+02   4.1063749e+02   4.1199897e+02   4.2636516e+02   4.2545093e+02   1.1362367e+02   4.2020464e+02   4.2911569e+02
   1.0111577e+02   4.1744197e+02   2.0856616e+02   4.0892298e+02   4.1710884e+02   4.0513995e+02   4.2722443e+02   1.0000000e+02   4.1893234e+02   4.2310401e+02   4.1640342e+02   4.1075691e+02   1.1110438e+02   4.0426252e+02   4.2513898e+02   1.0000000e+02   4.2679053e+02   4.1686519e+02   4.1687911e+02   1.0001750e+02   1.0000000e+02   4.1730064e+02   4.1443022e+02   4.0980525e+02   4.0946808e+02   4.2318283e+02   4.2121613e+02   1.0000000e+02   4.2020464e+02   4.2226297e+02
   1.0000000e+02   4.1399080e+02   2.0000000e+02   4.0891745e+02   4.1649790e+02   4.0513995e+02   4.2244226e+02   1.0000000e+02   4.1477277e+02   4.2118705e+02   4.1508661e+02   4.1075691e+02   1.0000000e+02   4.0394335e+02   4.1844169e+02   1.0000000e+02   4.2506726e+02   4.1542089e+02   4.1398283e+02   1.0000000e+02   1.0000000e+02   4.1505431e+02   4.1052883e+02   4.0937768e+02   4.0691579e+02   4.2124823e+02   4.1111469e+02   1.0000000e+02   4.1408289e+02   4.2154286e+02
