   1.1460301e+10   8.8547705e+09   8.3588384e+09   4.6759354e+09   9.8170873e+09   9.5653490e+09   9.4955617e+09   5.8699013e+09   6.8570818e+09   1.0243746e+10   1.5838489e+09   7.3493866e+09   1.2726450e+10   1.1224748e+10   6.9251876e+09   1.3635469e+10   4.0406459e+09   1.0602410e+10   6.1415846e+09   7.5921978e+09   1.4199455e+10   4.6450793e+09   6.6266196e+09   1.0704551e+10   9.3794192e+09   8.3363108e+09   3.4507193e+09   1.2276963e+10   8.1052340e+09   6.7239795e+09
   4.6863592e+09   2.8511968e+09   8.3588384e+09   2.3715567e+09   5.4378075e+09   4.5473765e+09   4.6829692e+09   3.1481762e+09   6.3851676e+09   4.5688138e+09   1.5838489e+09   1.7802623e+09   3.3322419e+09   8.6568619e+09   3.3159036e+09   5.6971663e+09   4.0406459e+09   2.8891213e+09   4.1014744e+09   4.3677397e+09   7.8684992e+09   3.4243894e+09   9.3941596e+08   2.7161677e+09   6.1768288e+09   4.5901531e+09   2.1902407e+09   3.4801854e+09   4.6089256e+09   5.3903943e+09
   2.0546962e+09   8.3437637e+08   6.4546093e+09   1.0048670e+09   2.4139115e+09   1.8656037e+09   9.1743986e+08   1.8722056e+09   3.5056065e+09   1.9131800e+09   7.8235543e+08   7.6995000e+08   6.7748951e+08   2.1959263e+09   2.1527477e+09   3.1963725e+09   9.1256382e+08   1.0528786e+09   3.6220718e+09   3.0564212e+09   2.2356622e+09   1.7140486e+09   3.1785848e+08   6.5417556e+08   2.7010252e+09   2.3205740e+09   1.1143604e+09   1.0162150e+09   2.4752688e+09   2.7013560e+09
   5.8389579e+08   2.0484308e+08   1.2250048e+09   1.8816154e+08   6.1428826e+08   3.0971540e+08   2.2785034e+08   4.3651201e+08   3.1204199e+09   4.7025300e+08   3.6196420e+08   4.0340212e+08   3.3114178e+08   3.7273737e+08   1.2345821e+09   1.5266930e+09   2.6901034e+08   2.5808175e+08   1.7681769e+09   1.0076713e+09   8.3899214e+08   3.4048078e+08   1.5388844e+08   2.6148544e+08   9.6999993e+08   1.0063539e+09   1.0097366e+08   1.9365062e+08   1.3115782e+09   1.4572641e+09
   1.0269488e+08   1.6951273e+07   2.0079657e+08   1.9251008e+07   3.6411204e+07   4.1809656e+07   4.3365072e+07   8.0484489e+07   9.0430733e+08   1.1634741e+08   1.3216829e+07   1.2344516e+08   1.7266375e+08   2.8143065e+07   5.1620889e+08   1.4355377e+08   5.8343197e+07   1.5358522e+07   1.0030077e+09   1.3768349e+08   3.1581920e+08   2.9517789e+08   6.0819759e+07   5.5384644e+07   5.4228864e+08   1.7165612e+08   4.0172481e+07   1.1199765e+07   1.9209556e+08   1.1730963e+09
   1.0265814e+07   9.5412615e+05   4.9053564e+07   3.4458347e+05   4.4103447e+06   1.8072586e+06   1.9102195e+06   1.7711766e+07   4.6592838e+07   2.2580665e+07   2.5812833e+06   9.6283465e+06   1.1362913e+08   2.2094328e+06   1.3598395e+08   2.3074877e+07   2.4828890e+07   2.9629168e+06   4.3216471e+08   5.1646271e+07   1.6194410e+07   1.3872721e+07   6.1057552e+06   1.8843302e+07   4.8398975e+08   6.9250885e+07   7.2808064e+06   2.0321168e+06   5.7097601e+07   6.8637405e+08
   1.1918867e+06   8.5339961e+04   1.1072840e+07   1.6742810e+03   4.1051997e+05   5.5070918e+04   4.8559243e+04   3.0601631e+06   2.5144367e+06   1.1813597e+07   1.7691511e+06   4.6862012e+04   1.0889215e+08   1.7414804e+05   8.3629616e+06   8.3581622e+05   1.7640297e+05   2.2050754e+05   7.4002286e+06   6.9715345e+06   2.9573096e+06   2.5645709e+06   4.3001022e+04   7.1506036e+05   8.5847042e+07   2.2312056e+07   9.7767401e+05   4.6613839e+04   2.6046785e+06   3.4518932e+08
   8.4506224e+04   4.4640850e+02   4.6104620e+05   9.2802699e+02   5.8448867e+03   1.7671139e+03   4.3563838e+03   8.0556729e+04   1.5652561e+05   5.8296620e+06   1.6343051e+06   2.0776987e+03   8.9285488e+07   5.7266750e+03   1.4878572e+06   2.7547045e+05   3.0762497e+03   6.5215756e+03   2.6780193e+04   2.3191463e+05   2.5761196e+05   2.4086421e+05   4.3386026e+03   4.7373878e+03   8.4927995e+06   6.4209114e+06   6.2949404e+04   3.5266803e+03   4.6532958e+05   1.1048721e+06
   1.3725087e+04   4.1918716e+02   7.9336419e+03   9.1330247e+02   6.8228091e+02   5.0317558e+02   2.5986124e+03   7.6707540e+02   1.0667663e+03   8.3451364e+05   1.5243412e+06   1.6647146e+03   9.8524685e+05   3.1701982e+02   8.3275277e+04   2.4586183e+04   1.8365828e+03   3.8961777e+02   8.2331028e+03   2.1279598e+04   5.6841270e+03   1.4392094e+04   3.7053144e+03   1.2410109e+03   8.8749836e+05   4.9461431e+05   4.3924743e+03   1.3115444e+03   4.3080256e+04   1.0638787e+04
   8.7700232e+02   4.1385131e+02   3.2519711e+02   4.7405734e+02   6.3711842e+02   2.6579233e+02   2.1155034e+03   4.7233323e+01   8.5130959e+00   2.6087631e+04   4.1757439e+02   6.2892343e+02   6.6142672e+03   2.4145484e+02   5.3806964e+03   9.7023136e+02   1.8362557e+03   8.1780108e+01   2.1710663e+02   9.1963637e+02   3.1820662e+03   8.3697371e+02   1.3145111e+03   2.2707520e+02   1.7063183e+03   7.7371695e+02   3.5054321e+03   7.9460941e+02   5.0302774e+02   3.3394293e+03
   1.3077645e+02   4.8105736e-01   4.4038109e-01   1.7298784e-01   7.5277017e+01   1.3225327e+02   3.4122221e+00   2.8189303e+00   1.5433114e-01   7.8732416e+00   3.1390939e+02   6.2083513e+02   1.3897875e+02   1.4864374e+00   2.5883378e+02   4.9680609e+02   1.8361466e+03   1.6340285e+01   2.7295545e-01   2.9863032e+01   6.2612702e+00   1.4674710e-02   8.1614596e+01   7.7331879e+00   4.3145776e-01   5.2077199e-01   5.8422772e+00   1.5163068e+01   1.0169382e+00   4.7120779e+02
   8.3970000e-05   3.1200000e-06   3.3400000e-06   2.2400000e-06   1.4457200e-03   5.9491710e-02   4.2000000e-06   1.9200000e-06   1.7685830e-02   6.3451000e-04   1.8871700e-02   6.2077474e+02   3.7992700e-03   2.6616200e-03   7.3231850e-02   5.8395600e-03   1.8360304e+03   7.0155920e-02   7.2100000e-06   9.2030000e-05   1.2860000e-05   5.6000000e-06   5.8560000e-05   2.8847300e-03   1.6480000e-05   2.1500000e-06   2.7543000e-04   3.4763100e-03   4.7500000e-06   1.6590800e-03
   0.0000000e+00   0.0000000e+00   0.0000000e+00   0.0000000e+00   0.0000000e+00   5.4000000e-07   0.0000000e+00   0.0000000e+00   0.0000000e+00   0.0000000e+00   5.3900000e-06   9.4700000e-04   0.0000000e+00   0.0000000e+00   0.0000000e+00   0.0000000e+00   2.1011200e-03   2.5000000e-07   0.0000000e+00   0.0000000e+00   0.0000000e+00   0.0000000e+00   0.0000000e+00   0.0000000e+00   0.0000000e+00   0.0000000e+00   0.0000000e+00   3.0000000e-08   0.0000000e+00   0.0000000e+00
   0.0000000e+00   0.0000000e+00   0.0000000e+00   0.0000000e+00   0.0000000e+00   0.0000000e+00   0.0000000e+00   0.0000000e+00   0.0000000e+00   0.0000000e+00   0.0000000e+00   0.0000000e+00   0.0000000e+00   0.0000000e+00   0.0000000e+00   0.0000000e+00   0.0000000e+00   0.0000000e+00   0.0000000e+00   0.0000000e+00   0.0000000e+00   0.0000000e+00   0.0000000e+00   0.0000000e+00   0.0000000e+00   0.0000000e+00   0.0000000e+00   0.0000000e+00   0.0000000e+00   0.0000000e+00
   0.0000000e+00   0.0000000e+00   0.0000000e+00   0.0000000e+00   0.0000000e+00   0.0000000e+00   0.0000000e+00   0.0000000e+00   0.0000000e+00   0.0000000e+00   0.0000000e+00   0.0000000e+00   0.0000000e+00   0.0000000e+00   0.0000000e+00   0.0000000e+00   0.0000000e+00   0.0000000e+00   0.0000000e+00   0.0000000e+00   0.0000000e+00   0.0000000e+00   0.0000000e+00   0.0000000e+00   0.0000000e+00   0.0000000e+00   0.0000000e+00   0.0000000e+00   0.0000000e+00   0.0000000e+00
   0.0000000e+00   0.0000000e+00   0.0000000e+00   0.0000000e+00   0.0000000e+00   0.0000000e+00   0.0000000e+00   0.0000000e+00   0.0000000e+00   0.0000000e+00   0.0000000e+00   0.0000000e+00   0.0000000e+00   0.0000000e+00   0.0000000e+00   0.0000000e+00   0.0000000e+00   0.0000000e+00   0.0000000e+00   0.0000000e+00   0.0000000e+00   0.0000000e+00   0.0000000e+00   0.0000000e+00   0.0000000e+00   0.0000000e+00   0.0000000e+00   0.0000000e+00   0.0000000e+00   0.0000000e+00
