   5.3940052e+02   5.4723314e+02   5.5522275e+02   4.8607967e+02   4.3968524e+02   4.7106991e+02   4.7832433e+02   4.4478512e+02   4.9147803e+02   4.7948555e+02   5.0735805e+02   5.2252975e+02   4.8196527e+02   4.7596801e+02   5.2880797e+02   3.3157197e+02   4.7713630e+02   4.6401864e+02   5.2399100e+02   5.2036699e+02   5.2428691e+02   5.0338993e+02   4.9175904e+02   5.4480962e+02   5.7641519e+02   4.7935384e+02   4.9543431e+02   4.4298054e+02   4.6430385e+02   5.4785868e+02
   5.1134706e+02   5.2527247e+02   4.8880333e+02   4.6075482e+02   4.3968524e+02   4.3893751e+02   4.7832433e+02   4.4478512e+02   4.9046745e+02   4.7173527e+02   4.6522620e+02   5.1776150e+02   4.8196527e+02   4.7596801e+02   4.4600577e+02   3.3157197e+02   4.3556221e+02   4.6401864e+02   4.8511078e+02   5.2036699e+02   4.3945680e+02   4.5449116e+02   4.9175904e+02   5.1241916e+02   4.7333377e+02   4.3487181e+02   4.2694034e+02   4.4298054e+02   4.6430385e+02   5.4564947e+02
   4.7326745e+02   5.0260838e+02   4.3534643e+02   4.3679824e+02   4.3968524e+02   4.1395941e+02   4.6097340e+02   4.4478512e+02   4.6986534e+02   4.6594324e+02   4.3757505e+02   4.6109304e+02   4.7316802e+02   4.7391119e+02   4.4600577e+02   3.3157197e+02   4.3556221e+02   4.6401864e+02   4.8377954e+02   4.2989643e+02   4.3945680e+02   4.4798838e+02   4.1054604e+02   4.5644963e+02   4.7333377e+02   4.3487181e+02   4.2694034e+02   3.5582553e+02   4.2494309e+02   5.1946850e+02
   4.2085782e+02   4.2145879e+02   4.1866085e+02   4.3679824e+02   4.3131495e+02   4.1395941e+02   4.4201979e+02   4.4478512e+02   4.3260582e+02   4.2376706e+02   4.3060260e+02   4.4087436e+02   4.3888815e+02   4.3110302e+02   4.3653999e+02   3.3157197e+02   4.3556221e+02   4.6280677e+02   4.3868196e+02   4.2989643e+02   4.3496433e+02   4.3132113e+02   4.1054604e+02   4.5644963e+02   4.6454700e+02   4.3487181e+02   4.2694034e+02   3.5582553e+02   4.2494309e+02   4.7580926e+02
   4.0087030e+02   4.1798985e+02   4.0111465e+02   4.0574346e+02   4.0670911e+02   4.1245956e+02   4.1302272e+02   4.0827164e+02   4.1110485e+02   4.1870054e+02   4.1168024e+02   4.1290107e+02   4.0055828e+02   3.8491393e+02   4.0864160e+02   3.3157197e+02   4.0076900e+02   4.0983130e+02   3.5798910e+02   3.9907509e+02   4.0540331e+02   4.1204584e+02   3.9879464e+02   4.0954483e+02   4.0446806e+02   4.0726868e+02   3.7961532e+02   3.5582553e+02   3.9045744e+02   4.1378675e+02
   3.8744038e+02   3.9467992e+02   3.7900743e+02   3.7999402e+02   3.8751511e+02   3.7776794e+02   3.6875388e+02   3.9734329e+02   3.8228396e+02   3.8285450e+02   3.8965291e+02   3.9062983e+02   3.7589675e+02   3.7959677e+02   3.1629757e+02   3.3157197e+02   3.9237936e+02   3.9081333e+02   3.5798910e+02   3.8867488e+02   3.7534588e+02   3.8902325e+02   3.8025981e+02   3.9175840e+02   4.0008901e+02   3.8606645e+02   3.7961532e+02   3.5582553e+02   3.8992079e+02   4.0180531e+02
   3.8354553e+02   3.9032327e+02   3.7900743e+02   3.6759591e+02   3.7784073e+02   3.7776794e+02   3.6875388e+02   3.8640732e+02   3.8228396e+02   3.8285450e+02   3.8965291e+02   3.9062983e+02   3.7589675e+02   3.7613200e+02   3.1629757e+02   3.3157197e+02   3.8432056e+02   3.8806695e+02   3.4217573e+02   3.8282854e+02   3.7534588e+02   3.8902325e+02   3.8025981e+02   3.8527428e+02   3.8017945e+02   3.8606645e+02   3.7961532e+02   3.5582553e+02   3.8169054e+02   3.7803904e+02
   3.7294755e+02   3.7574194e+02   3.7797554e+02   3.6759591e+02   3.6904254e+02   3.7166937e+02   3.6875388e+02   3.8168938e+02   3.6772751e+02   3.7370598e+02   3.7487560e+02   3.8204843e+02   3.7589675e+02   3.7613200e+02   3.1629757e+02   3.3157197e+02   3.7287514e+02   3.7736533e+02   3.4217573e+02   3.6518454e+02   3.7534588e+02   3.7628744e+02   3.8025981e+02   3.7841781e+02   3.6865679e+02   3.7822954e+02   3.7627282e+02   3.5582553e+02   3.6596256e+02   3.7803904e+02
   3.6707063e+02   3.7170092e+02   3.7219301e+02   3.5969520e+02   3.6709624e+02   3.7166937e+02   3.6875388e+02   3.6188048e+02   3.5103682e+02   3.6813577e+02   3.7410157e+02   3.7611929e+02   3.6680375e+02   3.5959390e+02   3.1629757e+02   2.4881945e+02   3.6552426e+02   3.6878504e+02   3.4217573e+02   3.6518454e+02   3.7086594e+02   3.6920144e+02   3.6004759e+02   3.7841781e+02   3.6481200e+02   3.7822954e+02   3.7627282e+02   3.5582553e+02   3.6596256e+02   3.7251535e+02
   3.6116406e+02   3.6263263e+02   3.6201811e+02   3.5446398e+02   3.5506986e+02   3.6829203e+02   3.6366635e+02   3.6188048e+02   3.5103682e+02   3.6813577e+02   3.7008343e+02   3.6293627e+02   3.6680375e+02   3.5959390e+02   3.1629757e+02   2.3950943e+02   3.6552426e+02   3.5415586e+02   2.2671293e+02   3.6399033e+02   3.6683204e+02   3.6838629e+02   3.6004759e+02   3.6894408e+02   3.6152465e+02   3.6616202e+02   3.6213977e+02   3.4301823e+02   3.6596256e+02   3.6162939e+02
   3.5082110e+02   3.6263263e+02   3.5912071e+02   3.5446398e+02   3.5207869e+02   3.5348882e+02   3.5463596e+02   3.5924774e+02   3.5061135e+02   3.2312084e+02   3.4425131e+02   3.5982872e+02   3.6381350e+02   3.5809468e+02   3.1147029e+02   1.3393833e+02   3.5287232e+02   3.4836520e+02   1.4725253e+02   3.5560567e+02   3.6502333e+02   3.4750240e+02   3.5613964e+02   3.5454657e+02   3.5015903e+02   3.4797397e+02   3.5781355e+02   1.5781437e+02   3.5339484e+02   3.5912880e+02
   3.4531776e+02   3.4078954e+02   3.4838923e+02   3.4842548e+02   3.4275452e+02   3.4162488e+02   3.4318702e+02   3.4307832e+02   3.4412117e+02   1.4129228e+02   3.3431381e+02   3.4391261e+02   3.4602135e+02   3.4070964e+02   3.0061471e+02   1.0010769e+02   3.4310021e+02   3.4345044e+02   1.0014365e+02   3.4175983e+02   3.4724157e+02   3.4320259e+02   3.4119423e+02   3.4783283e+02   3.4054001e+02   3.4015059e+02   3.4388544e+02   1.0042968e+02   3.4187785e+02   3.4736334e+02
   3.3685603e+02   3.3678943e+02   3.3701166e+02   3.4095603e+02   3.3402304e+02   3.3705163e+02   3.3586128e+02   3.3612563e+02   3.3733203e+02   1.0000124e+02   3.3403431e+02   3.3774249e+02   3.3893674e+02   3.3441938e+02   2.7560917e+02   1.0000000e+02   3.3742999e+02   3.3859613e+02   1.0000000e+02   3.3812085e+02   3.3719172e+02   3.3723998e+02   3.3512206e+02   3.3769800e+02   3.3595041e+02   3.3420320e+02   3.3631691e+02   1.0000000e+02   3.3859539e+02   3.4119681e+02
   3.3195749e+02   3.3267774e+02   3.3152738e+02   3.3404330e+02   3.3139701e+02   3.3133474e+02   3.3366834e+02   3.3164110e+02   3.3293887e+02   1.0000000e+02   3.3250927e+02   3.3317861e+02   3.3540552e+02   3.3175454e+02   2.4621898e+02   1.0000000e+02   3.2979815e+02   3.3199265e+02   1.0000000e+02   3.3251348e+02   3.3111460e+02   3.3381823e+02   3.3177135e+02   3.3202303e+02   3.3324076e+02   3.2412395e+02   3.3194448e+02   1.0000000e+02   3.3201050e+02   3.3149757e+02
   3.3176455e+02   3.3136086e+02   3.2982942e+02   3.3404088e+02   3.3048574e+02   3.3039628e+02   3.3225578e+02   3.2830934e+02   3.3214018e+02   1.0000000e+02   3.3129725e+02   3.2966337e+02   3.3322785e+02   3.2946444e+02   2.1173168e+02   1.0000000e+02   3.2878900e+02   3.3028116e+02   1.0000000e+02   3.3057152e+02   3.3027623e+02   3.3244945e+02   3.2978275e+02   3.3026880e+02   3.2969467e+02   3.2412395e+02   3.3039200e+02   1.0000000e+02   3.2882441e+02   3.2990151e+02
   3.3170055e+02   3.3132567e+02   3.2982604e+02   3.3404088e+02   3.3038663e+02   3.3038698e+02   3.3225578e+02   3.2827734e+02   3.3211678e+02   1.0000000e+02   3.3122693e+02   3.2964513e+02   3.3322785e+02   3.2943488e+02   2.0318209e+02   1.0000000e+02   3.2878100e+02   3.3024395e+02   1.0000000e+02   3.3053926e+02   3.3024395e+02   3.3239339e+02   3.2975461e+02   3.3024386e+02   3.2956417e+02   3.2412395e+02   3.3038683e+02   1.0000000e+02   3.2878101e+02   3.2984302e+02
