   1.3961206e+02   3.8693143e+02   1.5912366e+02   3.8589833e+02   2.3657536e+02   2.4329768e+02   2.6452016e+02   3.5630566e+02   4.0324214e+02   3.6324357e+02   2.3889051e+02   2.5303640e+02   5.9845126e+02   5.7064092e+02   3.1032020e+02   3.0517270e+02   2.2885229e+02   2.1700579e+02   2.2418102e+02   2.1821293e+02   2.2441195e+02   4.5211083e+02   2.3050260e+02   2.0571191e+02   2.4330070e+02   3.2620076e+02   1.8695149e+02   3.5734212e+02   4.1343038e+02   4.0611224e+02
   1.3961206e+02   3.8693143e+02   1.5912366e+02   2.5137278e+02   1.6637038e+02   2.3588864e+02   1.9942606e+02   3.3665735e+02   2.7788753e+02   3.1094540e+02   2.3889051e+02   2.0517634e+02   3.8095300e+02   3.6732776e+02   2.0746087e+02   1.6211598e+02   2.2885229e+02   2.1700579e+02   2.2418102e+02   2.1821293e+02   2.2441195e+02   3.6561162e+02   2.0991345e+02   2.0571191e+02   2.4330070e+02   3.0563239e+02   1.8695149e+02   1.9585302e+02   3.3270774e+02   3.1902652e+02
   1.3961206e+02   2.5421266e+02   1.5912366e+02   1.8345160e+02   1.6637038e+02   2.3588864e+02   1.9942606e+02   2.1664319e+02   2.0264409e+02   2.6488059e+02   2.1511831e+02   2.0517634e+02   2.1289455e+02   3.6732776e+02   2.0746087e+02   1.6211598e+02   2.2885229e+02   2.1700579e+02   2.2418102e+02   2.1412469e+02   1.7039175e+02   2.3632779e+02   2.0991345e+02   2.0571191e+02   2.3015593e+02   2.2037854e+02   1.8695149e+02   1.9585302e+02   2.0683423e+02   2.6990968e+02
   1.3961206e+02   1.9282065e+02   1.5912366e+02   1.8345160e+02   1.6637038e+02   2.3588864e+02   1.9942606e+02   2.0273241e+02   1.9741074e+02   1.5636388e+02   1.7830776e+02   2.0517634e+02   2.1289455e+02   2.2495302e+02   1.2371853e+02   1.6211598e+02   1.9733240e+02   2.1700579e+02   2.1049820e+02   1.8678221e+02   1.2462688e+02   2.1751751e+02   2.0991345e+02   2.0571191e+02   2.2241868e+02   2.1153584e+02   1.8695149e+02   1.8738253e+02   1.4583735e+02   1.6828348e+02
   1.1722533e+02   1.5095410e+02   1.2550719e+02   1.5412662e+02   1.0742469e+02   1.2094963e+02   1.3635076e+02   1.4075283e+02   1.1934853e+02   1.5636388e+02   1.4818901e+02   1.3559389e+02   1.2300316e+02   1.6336102e+02   1.1311001e+02   1.2787204e+02   1.3863935e+02   1.7030072e+02   1.3850796e+02   1.5524213e+02   1.2462688e+02   1.0626370e+02   1.6099856e+02   1.2736436e+02   1.7725499e+02   1.3637870e+02   1.5226289e+02   1.3661942e+02   1.4583735e+02   1.2798758e+02
   1.1535228e+02   1.2658386e+02   1.1539614e+02   1.2409049e+02   1.0199634e+02   1.1964821e+02   1.2381490e+02   1.1013584e+02   8.3809430e+01   1.1978406e+02   1.2494041e+02   1.2658776e+02   1.2273306e+02   1.4503531e+02   1.0572758e+02   1.2021133e+02   1.0610503e+02   1.1855607e+02   1.2728532e+02   1.0464376e+02   1.2462688e+02   1.0626370e+02   1.3226435e+02   1.2736436e+02   1.5633988e+02   1.2184967e+02   1.0762078e+02   1.2644092e+02   9.9526968e+01   1.2162189e+02
   1.0132205e+02   1.1454899e+02   9.3657707e+01   9.7204090e+01   9.5741949e+01   1.0316445e+02   9.4802471e+01   1.0695888e+02   8.3809430e+01   9.5132868e+01   1.0722337e+02   8.9610825e+01   1.0101997e+02   1.0150334e+02   9.4876687e+01   1.0579083e+02   9.6359864e+01   9.6263771e+01   1.0295713e+02   1.0290520e+02   1.0807570e+02   1.0563490e+02   9.2150360e+01   9.0831926e+01   1.1030355e+02   9.1852243e+01   9.4572034e+01   9.6974618e+01   9.9526968e+01   9.9322602e+01
   8.8460608e+01   8.6671177e+01   8.5431795e+01   8.6980171e+01   8.4931088e+01   8.3388976e+01   8.1795647e+01   8.9988530e+01   8.1268174e+01   8.4349280e+01   8.7081334e+01   8.3887325e+01   9.3268764e+01   8.1714841e+01   8.7261129e+01   8.5788386e+01   8.0267369e+01   9.4754033e+01   8.5915943e+01   8.0426701e+01   8.5882279e+01   9.3622596e+01   8.5023708e+01   8.4863679e+01   8.3964154e+01   8.6111268e+01   9.3651660e+01   8.5735544e+01   8.5503340e+01   8.8043824e+01
   7.7950316e+01   7.7147309e+01   7.7749451e+01   7.6518987e+01   7.7249690e+01   7.5671913e+01   7.6848469e+01   7.7362374e+01   7.6691789e+01   7.7449943e+01   7.8694596e+01   7.5562017e+01   7.8159946e+01   7.8179172e+01   7.7223847e+01   7.0053195e+01   7.6121781e+01   7.9503279e+01   7.7806701e+01   7.7171447e+01   7.8249498e+01   7.7531098e+01   7.7425083e+01   7.7011821e+01   7.7378135e+01   7.7918825e+01   7.8287378e+01   7.6803288e+01   7.2174785e+01   7.6744888e+01
   6.1086612e+01   7.3869703e+01   5.5205114e+01   7.3067734e+01   7.4118404e+01   5.5952107e+01   7.4265219e+01   7.3695599e+01   7.2944252e+01   7.4035248e+01   5.5650679e+01   5.5397384e+01   7.4425358e+01   7.3993485e+01   7.3482119e+01   5.4404446e+01   7.4320371e+01   7.4212443e+01   7.3516396e+01   5.4982135e+01   7.3785146e+01   5.5643152e+01   7.2983533e+01   7.4095493e+01   7.3173758e+01   7.3095307e+01   7.4320611e+01   7.3604792e+01   5.5239638e+01   7.4572656e+01
   5.3351103e+01   7.2829959e+01   5.3189260e+01   7.2724668e+01   7.2992999e+01   5.2933592e+01   7.3651600e+01   7.2838853e+01   7.2609796e+01   7.2682064e+01   5.2800795e+01   5.3279175e+01   7.2013196e+01   7.2752763e+01   7.2131352e+01   5.3644649e+01   7.3081715e+01   7.2811072e+01   7.2832993e+01   5.3087693e+01   7.2837029e+01   5.2983551e+01   7.2983533e+01   7.2667168e+01   7.2818874e+01   7.2829627e+01   7.2901555e+01   7.2810315e+01   5.2697891e+01   7.3257511e+01
   5.2289410e+01   7.2325291e+01   5.2202229e+01   7.1983195e+01   7.2524763e+01   5.2545579e+01   7.2884204e+01   7.2459654e+01   7.2017474e+01   7.2005913e+01   5.2800795e+01   5.1891368e+01   7.2013196e+01   7.2432112e+01   7.1831657e+01   5.2457937e+01   7.2669462e+01   7.1867483e+01   7.2090883e+01   5.2489216e+01   7.2325712e+01   5.2632158e+01   7.2295095e+01   7.2365153e+01   7.2564140e+01   7.2237402e+01   7.2695168e+01   7.2153594e+01   5.1924125e+01   7.2635193e+01
   5.1839323e+01   7.1463096e+01   5.1602161e+01   7.1435101e+01   7.1742170e+01   5.1768988e+01   7.1867905e+01   7.1430234e+01   7.1561467e+01   7.1383030e+01   5.1867579e+01   5.1721495e+01   7.1825276e+01   7.1577619e+01   7.1473620e+01   5.1734237e+01   7.1925963e+01   7.1520016e+01   7.1576779e+01   5.1757565e+01   7.1728499e+01   5.1749264e+01   7.1307185e+01   7.1481922e+01   7.1625238e+01   7.1825027e+01   7.1552108e+01   7.1496597e+01   5.1902987e+01   7.2191581e+01
   5.1513966e+01   7.1128110e+01   5.1393832e+01   7.1179041e+01   7.1134013e+01   5.1360373e+01   7.1377841e+01   7.1017458e+01   7.1061271e+01   7.1075659e+01   5.1486397e+01   5.1395329e+01   7.1306868e+01   7.1029867e+01   7.1167991e+01   5.1470014e+01   7.1172899e+01   7.1255873e+01   7.1065987e+01   5.1419365e+01   7.1236868e+01   5.1423412e+01   7.1195396e+01   7.1337738e+01   7.1277084e+01   7.1216753e+01   7.1215187e+01   7.1129463e+01   5.1656166e+01   7.1288768e+01
   5.1314819e+01   7.0996618e+01   5.1308989e+01   7.0993797e+01   7.0970764e+01   5.1299794e+01   7.0975713e+01   7.0990536e+01   7.0941889e+01   7.0980081e+01   5.1323852e+01   5.1331513e+01   7.0959955e+01   7.0970787e+01   7.0949799e+01   5.1332975e+01   7.0972217e+01   7.0905920e+01   7.0936048e+01   5.1296846e+01   7.1053789e+01   5.1291975e+01   7.0967750e+01   7.0986465e+01   7.1038926e+01   7.1045720e+01   7.0950504e+01   7.0965687e+01   5.1341216e+01   7.0958131e+01
   5.1283270e+01   7.0989761e+01   5.1293367e+01   7.0978042e+01   7.0943546e+01   5.1287190e+01   7.0916621e+01   7.0964020e+01   7.0936754e+01   7.0925288e+01   5.1319531e+01   5.1328101e+01   7.0954552e+01   7.0946408e+01   7.0923092e+01   5.1326293e+01   7.0943515e+01   7.0893003e+01   7.0910909e+01   5.1291361e+01   7.1037153e+01   5.1288546e+01   7.0946294e+01   7.0943543e+01   7.1007670e+01   7.1045720e+01   7.0935656e+01   7.0942437e+01   5.1341216e+01   7.0951531e+01
