   8.4639781e+02   1.0846146e+03   6.6439309e+02   9.3289108e+02   1.0489195e+03   7.6829540e+02   8.1099702e+02   1.6176153e+03   1.2983652e+03   9.5760758e+02   1.1282159e+03   5.4658754e+02   3.2666021e+02   8.4821655e+02   8.1363223e+02   1.1125960e+03   1.4085694e+03   1.3931769e+03   9.2940856e+02   9.0799953e+02   1.3616517e+03   1.1815962e+03   1.1191634e+03   7.8919520e+02   6.7804043e+02   1.0753178e+03   1.5286565e+03   9.3636818e+02   9.1730013e+02   7.7949508e+02
   8.4639781e+02   9.1339880e+02   6.6439309e+02   7.7353189e+02   1.0033552e+03   7.6829540e+02   8.1099702e+02   9.9375916e+02   8.1185237e+02   3.1017048e+02   1.1282159e+03   5.4658754e+02   3.2666021e+02   8.4821655e+02   8.1363223e+02   9.2103500e+02   9.6178009e+02   8.4260866e+02   8.6799250e+02   9.0799953e+02   7.5813020e+02   4.7140457e+02   7.7767547e+02   7.8919520e+02   6.7804043e+02   1.0001130e+03   7.0688348e+02   9.3636818e+02   6.7119205e+02   7.7949508e+02
   6.6401000e+02   7.4549958e+02   6.6439309e+02   7.5201043e+02   8.7377463e+02   3.8501107e+02   7.0158681e+02   8.2140372e+02   6.3521938e+02   3.1017048e+02   5.2366728e+02   5.4658754e+02   3.2666021e+02   6.0402756e+02   7.4346008e+02   7.5511627e+02   7.7739090e+02   8.4260866e+02   7.9187129e+02   8.4016842e+02   5.8481787e+02   4.7140457e+02   5.5254488e+02   7.7067006e+02   5.4621864e+02   9.3442094e+02   5.0977547e+02   8.4291933e+02   4.2871301e+02   7.2366680e+02
   6.1860874e+02   6.8462487e+02   6.6439309e+02   4.9010658e+02   5.7461021e+02   3.8501107e+02   4.0325813e+02   6.2839920e+02   4.3896316e+02   3.1017048e+02   5.2366728e+02   5.4658754e+02   3.2666021e+02   5.2240249e+02   4.0410950e+02   7.2865369e+02   5.9089559e+02   4.9752153e+02   2.8010494e+02   4.8737347e+02   5.8481787e+02   2.6731861e+02   4.6108882e+02   7.6132523e+02   5.0941851e+02   6.6110535e+02   5.0977547e+02   6.0792296e+02   3.5639620e+02   6.6658351e+02
   5.0090301e+02   2.5804983e+02   5.4161039e+02   2.4717207e+02   3.3386469e+02   3.8501107e+02   2.8309751e+02   4.2979410e+02   4.2492437e+02   3.0440289e+02   4.2033113e+02   3.1814735e+02   3.2666021e+02   2.9145607e+02   1.9464869e+02   3.7398288e+02   4.4611594e+02   3.9899172e+02   2.8010494e+02   3.1297510e+02   3.0369592e+02   2.6731861e+02   4.5520210e+02   5.1775947e+02   2.4116335e+02   4.0234460e+02   4.5289491e+02   4.5232974e+02   3.1443358e+02   4.0161942e+02
   2.0825063e+02   2.5804983e+02   1.7922846e+02   2.4717207e+02   2.9987446e+02   2.7482354e+02   2.3035883e+02   2.6394204e+02   2.6973215e+02   2.4968045e+02   2.4568493e+02   1.9637622e+02   3.1485568e+02   2.6137886e+02   1.9464869e+02   2.3614163e+02   2.6928079e+02   3.0450839e+02   2.5876265e+02   2.7094928e+02   1.9635534e+02   2.2390722e+02   3.1389685e+02   2.6351910e+02   2.4116335e+02   3.2795639e+02   2.0764127e+02   2.4527965e+02   1.9815536e+02   2.6523089e+02
   2.0825063e+02   2.0220900e+02   1.6627792e+02   1.9065210e+02   2.4252062e+02   1.5810552e+02   1.7391584e+02   1.8956683e+02   2.2121499e+02   1.8947875e+02   1.9417936e+02   1.9637622e+02   1.5063766e+02   1.9906044e+02   1.9464869e+02   2.2146803e+02   2.0680495e+02   2.1299874e+02   2.0293783e+02   1.7587639e+02   1.7781874e+02   2.0057476e+02   2.3423070e+02   1.5453988e+02   1.9951681e+02   1.7367678e+02   1.9879867e+02   1.7680027e+02   1.8370791e+02   1.8378138e+02
   1.4307526e+02   1.4381559e+02   1.6105433e+02   1.2975555e+02   1.4213339e+02   1.3657411e+02   1.2804264e+02   1.2859469e+02   1.3742663e+02   1.2792336e+02   1.3181390e+02   1.3527667e+02   1.2754768e+02   1.4367361e+02   1.2800068e+02   1.3229290e+02   1.3726359e+02   1.3126962e+02   1.3789385e+02   1.3757969e+02   1.3327332e+02   1.3437296e+02   1.4231843e+02   1.4021446e+02   1.2850049e+02   1.3261702e+02   1.3484856e+02   1.4162599e+02   1.3588317e+02   1.3582890e+02
   1.1413180e+02   1.1329395e+02   8.6350976e+01   1.1227536e+02   1.1257147e+02   1.1331672e+02   1.1324904e+02   1.1360366e+02   1.1267084e+02   1.1342735e+02   1.1428731e+02   1.1342351e+02   1.1375162e+02   1.1491129e+02   1.1264747e+02   1.1339401e+02   1.1272054e+02   1.1286857e+02   1.1415955e+02   1.1274408e+02   1.1259908e+02   1.1242072e+02   1.1397447e+02   1.1434958e+02   1.1328778e+02   1.1271792e+02   1.1198350e+02   1.1179038e+02   1.1185669e+02   1.1316606e+02
   1.0725272e+02   1.0632049e+02   3.6357438e+01   1.0689457e+02   1.0686271e+02   1.0728083e+02   1.0747199e+02   1.0775598e+02   1.0883169e+02   1.0561420e+02   1.0827282e+02   1.0644444e+02   1.0743600e+02   1.0898142e+02   1.0809713e+02   1.0796786e+02   1.0847361e+02   1.0693135e+02   1.0816180e+02   1.0714377e+02   1.0688540e+02   1.0781480e+02   1.0700720e+02   1.0758994e+02   1.0710284e+02   1.0840741e+02   1.0679428e+02   1.0738526e+02   1.0572724e+02   1.0783343e+02
   1.0313334e+02   1.0342234e+02   9.8698609e+00   1.0285012e+02   1.0633857e+02   1.0179558e+02   1.0332576e+02   1.0471289e+02   1.0290404e+02   1.0284129e+02   1.0268925e+02   1.0069443e+02   1.0314204e+02   1.0275810e+02   1.0288709e+02   1.0439289e+02   1.0459029e+02   1.0301791e+02   1.0480896e+02   1.0338441e+02   1.0383905e+02   1.0280744e+02   1.0235632e+02   1.0184919e+02   1.0366309e+02   1.0393053e+02   1.0342096e+02   1.0501335e+02   1.0323284e+02   1.0440260e+02
   1.0270170e+02   1.0226523e+02   5.2570781e-03   1.0106034e+02   1.0215606e+02   1.0000076e+02   1.0099580e+02   1.0226818e+02   1.0005074e+02   1.0179986e+02   1.0065443e+02   1.0014887e+02   1.0039579e+02   1.0000525e+02   1.0001598e+02   1.0175276e+02   1.0196252e+02   1.0011151e+02   1.0301609e+02   1.0141311e+02   1.0193855e+02   1.0189016e+02   1.0123370e+02   1.0000140e+02   1.0159265e+02   1.0096074e+02   1.0122371e+02   1.0249140e+02   1.0133151e+02   1.0162704e+02
   1.0073828e+02   1.0029845e+02   8.2161932e-08   1.0003841e+02   1.0099326e+02   1.0000000e+02   1.0040928e+02   1.0118105e+02   1.0000000e+02   1.0038570e+02   1.0012705e+02   1.0000000e+02   1.0000000e+02   1.0000000e+02   1.0000000e+02   1.0055191e+02   1.0078790e+02   1.0000000e+02   1.0110724e+02   1.0056803e+02   1.0013708e+02   1.0016004e+02   1.0015616e+02   1.0000000e+02   1.0015039e+02   1.0057414e+02   1.0033923e+02   1.0091637e+02   1.0113080e+02   1.0047445e+02
   1.0000016e+02   1.0000000e+02   0.0000000e+00   1.0000000e+02   1.0001718e+02   1.0000000e+02   1.0000000e+02   1.0000234e+02   1.0000000e+02   1.0000000e+02   1.0000000e+02   1.0000000e+02   1.0000000e+02   1.0000000e+02   1.0000000e+02   1.0000001e+02   1.0000012e+02   1.0000000e+02   1.0003682e+02   1.0000000e+02   1.0000000e+02   1.0000000e+02   1.0000000e+02   1.0000000e+02   1.0000000e+02   1.0000000e+02   1.0000000e+02   1.0000040e+02   1.0000066e+02   1.0000000e+02
   1.0000000e+02   1.0000000e+02   0.0000000e+00   1.0000000e+02   1.0000000e+02   1.0000000e+02   1.0000000e+02   1.0000000e+02   1.0000000e+02   1.0000000e+02   1.0000000e+02   1.0000000e+02   1.0000000e+02   1.0000000e+02   1.0000000e+02   1.0000000e+02   1.0000000e+02   1.0000000e+02   1.0000000e+02   1.0000000e+02   1.0000000e+02   1.0000000e+02   1.0000000e+02   1.0000000e+02   1.0000000e+02   1.0000000e+02   1.0000000e+02   1.0000000e+02   1.0000000e+02   1.0000000e+02
   1.0000000e+02   1.0000000e+02   0.0000000e+00   1.0000000e+02   1.0000000e+02   1.0000000e+02   1.0000000e+02   1.0000000e+02   1.0000000e+02   1.0000000e+02   1.0000000e+02   1.0000000e+02   1.0000000e+02   1.0000000e+02   1.0000000e+02   1.0000000e+02   1.0000000e+02   1.0000000e+02   1.0000000e+02   1.0000000e+02   1.0000000e+02   1.0000000e+02   1.0000000e+02   1.0000000e+02   1.0000000e+02   1.0000000e+02   1.0000000e+02   1.0000000e+02   1.0000000e+02   1.0000000e+02
