   9.6494668e+02   7.8842763e+02   7.4317754e+02   6.7536743e+02   9.5131545e+02   9.2723656e+02   6.7139812e+02   1.5342882e+03   1.3315553e+03   1.1234140e+03   1.9309962e+03   5.3039001e+02   1.0895948e+03   1.0849897e+03   1.2037370e+03   1.1296697e+03   1.2301853e+03   1.3460599e+03   1.3967896e+03   1.1074983e+03   1.5099941e+03   9.5054900e+02   1.2195520e+03   1.1877983e+03   9.8802807e+02   1.4554895e+03   1.0727743e+03   7.7212348e+02   1.1563544e+03   6.2450962e+02
   8.3633625e+02   7.8842763e+02   7.4317754e+02   6.7536743e+02   7.5264057e+02   9.2723656e+02   6.7139812e+02   1.1466431e+03   9.4627000e+02   9.8889922e+02   9.9217025e+02   4.0091021e+02   1.0121945e+03   8.2021128e+02   8.3550262e+02   7.4818055e+02   8.8286952e+02   8.5410576e+02   1.1994853e+03   1.1074983e+03   9.9529423e+02   9.5054900e+02   1.2195520e+03   5.6875461e+02   9.7194115e+02   1.3687795e+03   1.0727743e+03   7.7212348e+02   6.0772307e+02   6.2450962e+02
   8.3633625e+02   7.8842763e+02   7.4317754e+02   5.8370710e+02   7.0605757e+02   8.7912432e+02   6.7139812e+02   1.0416112e+03   8.5088605e+02   6.4664813e+02   7.1459022e+02   4.0091021e+02   9.4667198e+02   8.0322062e+02   7.0589062e+02   7.4818055e+02   6.5012692e+02   8.5410576e+02   6.5132893e+02   8.0011627e+02   7.3795771e+02   6.3133327e+02   7.8285467e+02   5.6875461e+02   9.3223989e+02   8.2326209e+02   7.7153570e+02   7.7212348e+02   4.8992171e+02   6.2450962e+02
   7.0033270e+02   6.7455508e+02   7.4317754e+02   5.8370710e+02   6.2774231e+02   8.7912432e+02   6.7139812e+02   5.0483576e+02   4.4642560e+02   6.4664813e+02   5.9029969e+02   4.0091021e+02   5.2155076e+02   8.0322062e+02   6.2657714e+02   5.6991202e+02   6.5010400e+02   6.3321658e+02   6.5132893e+02   3.1673289e+02   7.0832968e+02   6.3133327e+02   6.9332354e+02   5.6875461e+02   4.3183642e+02   7.1315728e+02   6.7475250e+02   7.2556506e+02   4.8992171e+02   5.7112969e+02
   3.5879202e+02   3.7566533e+02   3.4051678e+02   4.6651345e+02   3.6095061e+02   2.6159622e+02   3.3720509e+02   5.0483576e+02   2.3325497e+02   3.7716421e+02   3.9043217e+02   3.4947185e+02   4.4230076e+02   4.3871853e+02   3.8269557e+02   3.9782771e+02   5.2813110e+02   4.3974848e+02   4.0323733e+02   3.1673289e+02   4.7879658e+02   3.1270476e+02   4.6754295e+02   5.0861827e+02   4.2640176e+02   4.8186633e+02   4.9117716e+02   4.2879801e+02   3.5346953e+02   5.1446182e+02
   3.0534865e+02   3.3854976e+02   3.4051678e+02   3.4517221e+02   2.3689406e+02   2.6159622e+02   3.3720509e+02   2.6315244e+02   2.3325497e+02   3.3847809e+02   2.5460562e+02   3.4947185e+02   3.2964218e+02   3.5626223e+02   3.0583776e+02   3.9782771e+02   3.1201655e+02   3.5327036e+02   3.4327737e+02   2.2904273e+02   3.1602552e+02   3.1270476e+02   3.5539475e+02   2.3826836e+02   2.2992370e+02   4.5849357e+02   3.5927172e+02   3.4192453e+02   2.6354728e+02   3.3364278e+02
   2.2719786e+02   2.4397300e+02   2.1266899e+02   1.9763384e+02   1.7331363e+02   2.2578084e+02   2.8353827e+02   2.6315244e+02   2.2953672e+02   2.0875269e+02   2.5460562e+02   2.1476770e+02   2.1664335e+02   2.1890130e+02   1.8821190e+02   2.1212976e+02   2.1835646e+02   2.0304437e+02   2.2243525e+02   2.2591680e+02   2.2279944e+02   2.4909933e+02   2.2564222e+02   1.9803257e+02   2.2992370e+02   3.0195550e+02   1.9538129e+02   1.7228208e+02   2.6354728e+02   2.3232510e+02
   1.3998809e+02   1.5040541e+02   1.6527227e+02   1.5109575e+02   1.3470854e+02   1.4335855e+02   1.5338879e+02   1.4735743e+02   1.5250087e+02   1.5158903e+02   1.4183558e+02   1.3298590e+02   1.3205852e+02   1.4229522e+02   1.4723077e+02   1.6627495e+02   1.5578626e+02   1.2783230e+02   1.6304349e+02   1.4708504e+02   1.6015826e+02   1.5053370e+02   1.4252384e+02   1.4791224e+02   1.4311038e+02   1.5066677e+02   1.2606373e+02   1.4633432e+02   1.5947536e+02   1.5482326e+02
   1.1464550e+02   1.1309904e+02   1.2133658e+02   1.1284951e+02   1.1283508e+02   1.1576360e+02   1.1525504e+02   1.1768840e+02   1.1450785e+02   1.1454961e+02   1.1808251e+02   1.1482339e+02   1.1454045e+02   1.1258855e+02   1.1514640e+02   1.1710241e+02   1.1628288e+02   1.1470218e+02   1.2005251e+02   1.1229192e+02   1.1506443e+02   1.1619527e+02   1.1359027e+02   1.1271553e+02   1.1476382e+02   1.1633647e+02   1.1552577e+02   1.1285739e+02   1.1477647e+02   1.1648050e+02
   1.0724966e+02   1.0784212e+02   1.0905502e+02   1.0780286e+02   1.0753878e+02   1.0856666e+02   1.0935765e+02   1.0895162e+02   1.0790688e+02   1.0759714e+02   1.0690968e+02   1.0700820e+02   1.0735638e+02   1.0772964e+02   1.0816731e+02   1.0706698e+02   1.0853733e+02   1.0832124e+02   1.0902815e+02   1.0832128e+02   1.0837970e+02   1.0851650e+02   1.0702159e+02   1.0826465e+02   1.0549034e+02   1.0727110e+02   1.0700439e+02   1.0830646e+02   1.0677093e+02   1.0890295e+02
   1.0278902e+02   1.0226279e+02   1.0347855e+02   1.0268582e+02   1.0307232e+02   1.0200052e+02   1.0371592e+02   1.0276983e+02   1.0418635e+02   1.0328947e+02   1.0578783e+02   1.0173632e+02   1.0278458e+02   1.0299646e+02   1.0230394e+02   1.0527546e+02   1.0262416e+02   1.0184677e+02   1.0157943e+02   1.0100344e+02   1.0414526e+02   1.0298455e+02   1.0215682e+02   1.0119707e+02   1.0307106e+02   1.0456611e+02   1.0288733e+02   1.0279977e+02   1.0185090e+02   1.0280651e+02
   1.0007924e+02   1.0007910e+02   1.0126973e+02   1.0005130e+02   1.0231010e+02   1.0000243e+02   1.0124320e+02   1.0155412e+02   1.0034839e+02   1.0071262e+02   1.0138381e+02   1.0013909e+02   1.0070543e+02   1.0137874e+02   1.0127740e+02   1.0044574e+02   1.0262416e+02   1.0000661e+02   1.0000937e+02   1.0000238e+02   1.0087004e+02   1.0097203e+02   1.0014748e+02   1.0000089e+02   1.0008386e+02   1.0136708e+02   1.0213410e+02   1.0000549e+02   1.0005478e+02   1.0004775e+02
   1.0000000e+02   1.0000000e+02   1.0000093e+02   1.0000000e+02   1.0016827e+02   1.0000000e+02   1.0000014e+02   1.0057457e+02   1.0000000e+02   1.0000007e+02   1.0000090e+02   1.0000000e+02   1.0000017e+02   1.0000004e+02   1.0016233e+02   1.0000000e+02   1.0112362e+02   1.0000000e+02   1.0000000e+02   1.0000000e+02   1.0000040e+02   1.0000001e+02   1.0000000e+02   1.0000000e+02   1.0000000e+02   1.0030927e+02   1.0003319e+02   1.0000000e+02   1.0000000e+02   1.0000000e+02
   1.0000000e+02   1.0000000e+02   1.0000000e+02   1.0000000e+02   1.0000000e+02   1.0000000e+02   1.0000000e+02   1.0000062e+02   1.0000000e+02   1.0000000e+02   1.0000000e+02   1.0000000e+02   1.0000000e+02   1.0000000e+02   1.0000000e+02   1.0000000e+02   1.0005687e+02   1.0000000e+02   1.0000000e+02   1.0000000e+02   1.0000000e+02   1.0000000e+02   1.0000000e+02   1.0000000e+02   1.0000000e+02   1.0000000e+02   1.0000000e+02   1.0000000e+02   1.0000000e+02   1.0000000e+02
   1.0000000e+02   1.0000000e+02   1.0000000e+02   1.0000000e+02   1.0000000e+02   1.0000000e+02   1.0000000e+02   1.0000000e+02   1.0000000e+02   1.0000000e+02   1.0000000e+02   1.0000000e+02   1.0000000e+02   1.0000000e+02   1.0000000e+02   1.0000000e+02   1.0000000e+02   1.0000000e+02   1.0000000e+02   1.0000000e+02   1.0000000e+02   1.0000000e+02   1.0000000e+02   1.0000000e+02   1.0000000e+02   1.0000000e+02   1.0000000e+02   1.0000000e+02   1.0000000e+02   1.0000000e+02
   1.0000000e+02   1.0000000e+02   1.0000000e+02   1.0000000e+02   1.0000000e+02   1.0000000e+02   1.0000000e+02   1.0000000e+02   1.0000000e+02   1.0000000e+02   1.0000000e+02   1.0000000e+02   1.0000000e+02   1.0000000e+02   1.0000000e+02   1.0000000e+02   1.0000000e+02   1.0000000e+02   1.0000000e+02   1.0000000e+02   1.0000000e+02   1.0000000e+02   1.0000000e+02   1.0000000e+02   1.0000000e+02   1.0000000e+02   1.0000000e+02   1.0000000e+02   1.0000000e+02   1.0000000e+02
