   1.9088148e+06   9.8903182e+05   9.7994009e+05   3.6902749e+06   3.7331599e+06   7.1437524e+05   6.4543914e+06   4.9504976e+06   6.5664155e+06   2.2975520e+06   1.0563477e+07   2.9985575e+06   1.5149276e+06   1.5497007e+06   3.6777444e+06   2.3059448e+06   9.1720950e+06   1.8557992e+06   5.5253323e+06   2.5435551e+06   1.6801603e+06   2.0542448e+06   1.0515722e+06   8.8841858e+05   1.0368813e+07   2.6555317e+05   6.4722589e+06   4.5786089e+06   2.1587005e+06   7.5865091e+05
   1.9088148e+06   9.8903182e+05   3.9804526e+05   2.7632045e+06   2.6310979e+06   7.1437524e+05   2.1993418e+06   4.9504976e+06   3.8653315e+06   1.1122526e+06   3.0138751e+06   1.7721072e+06   1.5149276e+06   1.5497007e+06   3.2836337e+06   2.2926447e+06   2.5801576e+06   7.4743284e+04   5.5253323e+06   8.6678031e+05   1.6213367e+06   6.8675892e+05   1.0515722e+06   8.8841858e+05   4.5076943e+06   2.6555317e+05   7.2120878e+05   2.6806197e+06   2.1587005e+06   7.5865091e+05
   8.8231383e+05   9.8903182e+05   3.9804526e+05   2.7632045e+06   2.6310979e+06   7.1437524e+05   1.9610831e+06   4.9504976e+06   3.8653315e+06   1.1122526e+06   3.0138751e+06   1.7721072e+06   1.4965215e+06   1.5497007e+06   2.9499682e+06   2.2926447e+06   2.5801576e+06   7.4743284e+04   2.4282337e+06   8.6678031e+05   2.5694198e+05   6.8675892e+05   1.0515722e+06   8.8841858e+05   4.5076869e+06   1.9853056e+05   7.2120878e+05   2.6806197e+06   1.5915102e+06   7.5865091e+05
   8.8231383e+05   9.8903182e+05   3.9804526e+05   2.7632045e+06   2.6310979e+06   7.1437524e+05   1.9610831e+06   1.4890933e+06   3.8653315e+06   1.1122526e+06   4.3808890e+05   1.1519924e+06   1.4965215e+06   1.3403581e+06   2.9499682e+06   9.1824463e+05   2.3643580e+06   7.4743284e+04   2.4282337e+06   4.3103565e+05   2.5694198e+05   6.8675892e+05   1.0515722e+06   8.8841858e+05   4.5076869e+06   1.9853056e+05   7.2120878e+05   2.6806197e+06   1.5915102e+06   7.5865091e+05
   6.7797295e+05   9.7705585e+05   3.9804526e+05   2.1718027e+06   2.4591227e+06   7.1437524e+05   4.0526668e+05   1.4890933e+06   6.3640946e+05   9.9216302e+05   4.3808890e+05   1.1130101e+06   1.4965215e+06   1.0171589e+06   1.8969648e+06   9.1824463e+05   1.4660665e+06   7.4743284e+04   2.2054508e+06   4.3103565e+05   2.5694198e+05   3.8258721e+05   2.7393944e+05   8.8841858e+05   6.9349427e+05   4.2493690e+04   9.4310345e+04   1.2552756e+06   5.2403277e+05   7.5865091e+05
   2.0837445e+05   1.5478456e+05   3.2556326e+05   1.3977330e+06   3.9254939e+05   1.4730703e+05   4.0526668e+05   7.0770735e+05   6.3640946e+05   3.1563527e+05   4.3808890e+05   3.1908537e+05   1.0609152e+06   7.9174889e+05   3.6075608e+05   9.1824463e+05   5.3149219e+05   7.4743284e+04   3.3383128e+05   2.0778052e+04   2.5694198e+05   3.8233289e+05   2.7393944e+05   8.8841858e+05   6.9349427e+05   4.2493690e+04   9.4310345e+04   1.2552756e+06   5.2403277e+05   3.6339321e+05
   1.8673320e+05   1.5478456e+05   2.3223200e+05   2.1208319e+05   3.9254939e+05   1.2372310e+05   3.8257669e+05   2.6003815e+05   6.6553693e+04   9.0264910e+04   4.2527536e+05   1.1472905e+05   2.9470233e+05   4.0396162e+05   3.6052034e+05   3.0956768e+05   4.7347452e+05   7.4743284e+04   2.7881374e+05   2.0778052e+04   2.5694198e+05   3.8233289e+05   2.7393944e+05   3.1070098e+05   1.5710275e+05   4.2493690e+04   9.4310345e+04   1.0935501e+06   2.5632420e+05   7.4494121e+04
   7.5662818e+04   1.5478456e+05   1.1204967e+05   1.4490500e+05   2.7214187e+05   1.2372310e+05   3.9399717e+04   8.0300332e+03   6.6553693e+04   5.4887812e+04   9.7582832e+04   7.1635572e+04   3.4209025e+04   1.0219508e+05   2.8701982e+05   1.2047959e+04   2.0722521e+05   4.3164921e+04   4.9405385e+04   2.0778052e+04   8.9552076e+04   1.3677641e+05   1.2724146e+05   6.3547002e+04   3.1533864e+04   4.2493690e+04   5.2993543e+04   1.1216732e+05   2.5632420e+05   7.4494121e+04
   3.4730704e+03   5.7710349e+03   1.1070583e+04   9.3648966e+03   8.6561627e+03   1.0083227e+04   1.1147341e+04   4.0588153e+03   5.1172169e+03   8.7874751e+03   1.4890234e+04   1.2935459e+04   1.7895131e+04   7.6773122e+03   1.0796097e+04   7.8230314e+03   6.2611282e+03   3.6184317e+03   8.8982298e+03   9.8812536e+03   4.2884643e+03   2.0713372e+04   1.4062874e+04   5.1136246e+03   8.3546120e+03   7.3337627e+03   3.8276195e+03   5.7447358e+03   2.1938096e+04   2.5673063e+03
   8.7515995e+02   8.8471861e+02   7.4415028e+02   7.6320794e+02   1.1783527e+03   1.3757942e+03   7.3053597e+02   9.1286030e+02   8.1393370e+02   1.0280955e+03   1.0475124e+03   8.7251820e+02   1.1565581e+03   5.8002800e+02   1.1093705e+03   8.0832836e+02   1.1201368e+03   5.4989721e+02   1.2328650e+03   8.2188278e+02   1.1061800e+03   7.5719278e+02   1.2088295e+03   4.8019455e+02   9.5120922e+02   1.2094549e+03   8.3429936e+02   8.2706936e+02   8.9765760e+02   4.0427187e+02
   7.6388324e+01   2.2637285e+02   1.6479085e+02   2.4465472e+02   2.0253834e+02   2.5911435e+02   1.9872265e+02   2.1502516e+02   1.7155772e+02   1.8075599e+02   3.1543060e+02   2.8290059e+02   2.5433760e+02   1.0542456e+02   2.9690926e+02   2.1052677e+02   2.7706600e+02   1.3313431e+02   1.8918792e+02   1.8800717e+02   1.1053459e+02   2.5876514e+02   1.9830145e+02   1.1944457e+02   1.8756871e+02   2.0659487e+02   1.9530013e+02   2.5451730e+02   1.9944763e+02   1.8787895e+02
   7.0109361e+01   7.4293335e+01   1.1484418e+02   1.2854569e+02   8.6911640e+01   7.3580231e+01   9.6697379e+01   9.2150612e+01   9.0234969e+01   9.0519625e+01   1.1953106e+02   9.8221571e+01   1.1388963e+02   7.8368948e+01   1.0660510e+02   1.3091332e+02   7.8656214e+01   9.9085568e+01   1.0923359e+02   6.1916064e+01   8.0748080e+01   1.1182319e+02   1.1634803e+02   9.5456609e+01   1.3723141e+02   9.4202851e+01   1.3998778e+02   6.4756539e+01   9.1216065e+01   7.9378425e+01
   2.8700721e+01   3.9483209e+01   3.9259024e+01   5.6329342e+01   1.4928539e+01   3.4338642e+01   6.3856575e+01   3.2028596e+01   4.8189113e+01   3.7389969e+01   3.2781088e+01   3.7504830e+01   3.8133718e+01   2.7099316e+01   4.7877346e+01   4.5361310e+01   3.9610083e+01   5.5833554e+01   4.6018709e+01   3.1057696e+01   2.9526266e+01   5.0541109e+01   4.5265005e+01   2.9897378e+01   6.7877311e+01   1.1139832e+01   5.0510601e+01   3.2495203e+01   4.3348214e+01   4.0671103e+01
   1.1829987e+01   1.0323347e+01   8.9597363e+00   9.9758555e+00   1.0778255e+00   1.0633236e+01   1.3323218e+01   8.1643990e+00   1.5768153e+01   9.4339894e+00   1.1643888e+01   1.5395310e+01   1.0903910e+01   4.8272728e+00   2.1407232e+01   1.6639670e+01   1.9422832e+01   1.4751739e+01   1.4840813e+01   7.6496993e+00   9.6084085e+00   1.1110134e+01   5.2417073e+00   3.9603966e+00   1.4271584e+01   8.1106217e+00   1.2333368e+01   6.6107399e+00   1.6052959e+01   6.9636714e+00
   2.0608376e-06   1.2031020e+00   2.4118086e+00   6.9729020e-08   2.0814298e-01   9.9495906e-01   4.1628597e-01   6.2442895e-01   1.9972627e+00   2.7583720e+00   6.2603992e-01   2.4642075e-01   4.1628597e-01   4.1628597e-01   0.0000000e+00   4.1628862e-01   4.1628613e-01   6.8903496e-01   5.7261820e-01   0.0000000e+00   2.0814298e-01   1.2031020e+00   1.8493100e+00   6.2442895e-01   1.2031020e+00   2.0814298e-01   1.8868553e+00   2.0814298e-01   4.1663983e-01   1.2031020e+00
   0.0000000e+00   1.2031020e+00   1.6228440e+00   0.0000000e+00   2.0814298e-01   9.9495906e-01   4.1628597e-01   6.2442895e-01   1.9899181e+00   1.2031020e+00   6.2442895e-01   2.0814298e-01   4.1628597e-01   4.1628597e-01   0.0000000e+00   4.1628597e-01   4.1628597e-01   2.0814298e-01   2.0814298e-01   0.0000000e+00   2.0814298e-01   1.2031020e+00   7.2971079e-01   6.2442895e-01   1.2031020e+00   2.0814298e-01   1.7932042e+00   2.0814298e-01   4.1628597e-01   1.2031020e+00
