   5.1145273e+03   5.7168381e+03   5.3349558e+03   5.4748499e+03   5.1914365e+03   5.5935574e+03   5.3998226e+03   5.0996883e+03   5.1661412e+03   4.9752186e+03   5.9106130e+03   5.7592097e+03   5.4893391e+03   5.7583059e+03   4.8529021e+03   5.0799974e+03   5.5735846e+03   5.0744310e+03   5.1560079e+03   5.2850532e+03   4.9586844e+03   5.4523027e+03   5.4253671e+03   5.4622380e+03   4.9355711e+03   5.3890757e+03   5.2826042e+03   5.6045402e+03   5.6394617e+03   5.6614395e+03
   5.1145273e+03   5.4527192e+03   5.0927093e+03   5.2291350e+03   5.1914365e+03   5.1858631e+03   4.9046306e+03   5.0996883e+03   5.1661412e+03   4.9752186e+03   5.8195251e+03   5.4517820e+03   5.1466594e+03   5.6729064e+03   4.8529021e+03   4.2551039e+03   4.2088386e+03   5.0744310e+03   5.1560079e+03   5.1790568e+03   4.9586844e+03   4.6330112e+03   4.6531974e+03   5.4123356e+03   4.9355711e+03   5.0339216e+03   5.0780122e+03   4.7787350e+03   5.3922769e+03   5.5080096e+03
   5.1145273e+03   5.1484747e+03   5.0927093e+03   4.5788475e+03   4.4263496e+03   5.1858631e+03   4.9046306e+03   5.0996883e+03   5.1661412e+03   4.8093011e+03   5.0334455e+03   5.3974326e+03   5.1466594e+03   5.1551385e+03   4.8117802e+03   4.2551039e+03   4.2088386e+03   5.0744310e+03   5.1560079e+03   5.0828858e+03   4.9159631e+03   4.6330112e+03   4.6531974e+03   5.3630985e+03   4.9355711e+03   5.0339216e+03   5.0321072e+03   4.7787350e+03   4.5081127e+03   5.4837941e+03
   4.9935951e+03   5.1484747e+03   4.6489255e+03   4.5788475e+03   4.4263496e+03   4.9007311e+03   4.9046306e+03   5.0996883e+03   5.1661412e+03   4.8093011e+03   4.3324469e+03   5.3974326e+03   5.1466594e+03   5.1446156e+03   4.8117802e+03   4.2551039e+03   4.2088386e+03   5.0744310e+03   5.1560079e+03   5.0023144e+03   4.9159631e+03   4.6330112e+03   4.6531974e+03   4.6977925e+03   4.9355711e+03   5.0339216e+03   5.0321072e+03   4.7787350e+03   4.5081127e+03   5.3654953e+03
   4.9537275e+03   5.0066782e+03   4.6489255e+03   4.5788475e+03   4.4263496e+03   4.9007311e+03   4.9046306e+03   5.0996883e+03   5.1661412e+03   4.8093011e+03   4.3324469e+03   5.3113510e+03   5.1466594e+03   4.7045841e+03   4.8117802e+03   4.2551039e+03   4.2088386e+03   5.0744310e+03   4.7662965e+03   4.9318451e+03   4.3908707e+03   4.6330112e+03   4.6531974e+03   4.5976707e+03   4.9355711e+03   5.0339216e+03   5.0321072e+03   4.7787350e+03   4.5081127e+03   4.4516889e+03
   4.8677776e+03   4.6570079e+03   4.3045564e+03   4.2356363e+03   4.4263496e+03   4.9007311e+03   4.9046306e+03   4.8894435e+03   4.9941334e+03   4.8093011e+03   4.3324469e+03   5.2235442e+03   4.7656396e+03   4.7045841e+03   4.6854174e+03   4.1644444e+03   4.2088386e+03   4.8637636e+03   4.7662965e+03   4.4353660e+03   3.9344891e+03   4.6330112e+03   4.6531974e+03   4.3795770e+03   4.9355711e+03   5.0339216e+03   4.7988773e+03   4.7787350e+03   4.5081127e+03   4.2719672e+03
   4.8201483e+03   4.5764706e+03   4.3045564e+03   4.2356363e+03   4.4263496e+03   4.7859100e+03   4.3239506e+03   3.9827671e+03   4.4934013e+03   4.2234630e+03   4.1379684e+03   4.7056339e+03   4.1971221e+03   4.2489259e+03   4.6564923e+03   4.1644444e+03   4.2088386e+03   4.1292837e+03   4.3658835e+03   4.4353660e+03   3.9344891e+03   4.1036474e+03   4.4790006e+03   4.0374368e+03   4.3878193e+03   3.6828801e+03   4.5400798e+03   4.5902604e+03   4.5081127e+03   4.2719672e+03
   4.3001425e+03   3.8065152e+03   4.3045564e+03   3.7935839e+03   4.2249158e+03   4.1081207e+03   4.2174013e+03   3.9827671e+03   4.4934013e+03   3.5179960e+03   4.1379684e+03   4.1310447e+03   4.1971221e+03   3.9434781e+03   4.2610564e+03   4.1363714e+03   3.7963066e+03   4.1292837e+03   4.3658835e+03   4.1406089e+03   3.9344891e+03   4.1036474e+03   4.3798501e+03   3.7538564e+03   4.1461797e+03   3.6828801e+03   3.4426822e+03   4.2570700e+03   4.1012267e+03   4.2719672e+03
   3.8279957e+03   3.6222297e+03   3.7676822e+03   3.7935839e+03   4.0371395e+03   4.1081207e+03   4.0964040e+03   3.9103740e+03   3.7132424e+03   3.5179960e+03   4.0974660e+03   3.5013536e+03   4.1971221e+03   3.9434781e+03   3.4600647e+03   3.8621224e+03   3.7963066e+03   4.1292837e+03   3.7251201e+03   4.0191743e+03   3.9344891e+03   3.6047699e+03   4.1279871e+03   3.7538564e+03   4.1461797e+03   3.6828801e+03   3.4426822e+03   3.9899505e+03   4.1012267e+03   4.0028227e+03
   3.4028596e+03   2.7721262e+03   3.5093483e+03   3.7935839e+03   3.4093690e+03   3.5879397e+03   3.9253493e+03   3.7608857e+03   3.6021897e+03   3.5071625e+03   3.6703284e+03   3.5013536e+03   3.4943518e+03   2.9714844e+03   3.4600647e+03   3.3264225e+03   3.1401149e+03   3.4856314e+03   3.3228470e+03   3.3045232e+03   3.2955288e+03   3.5191530e+03   3.5266507e+03   3.1487931e+03   3.4123191e+03   3.2003634e+03   3.2893265e+03   3.3742090e+03   3.5393926e+03   3.5151869e+03
   2.4702334e+03   2.0605801e+03   2.5486919e+03   2.6739475e+03   2.8606308e+03   2.8974494e+03   2.6398222e+03   3.0774598e+03   2.7236538e+03   2.5207866e+03   2.8362793e+03   2.9638709e+03   2.8534047e+03   2.6011104e+03   2.5447352e+03   2.4849268e+03   2.6797790e+03   2.7777616e+03   2.4590988e+03   2.5865870e+03   2.6298728e+03   2.6484823e+03   3.0321752e+03   2.7575582e+03   3.0054914e+03   2.8275358e+03   2.5107596e+03   2.5470066e+03   2.8237046e+03   2.5740520e+03
   1.9279185e+03   1.7532409e+03   1.4845490e+03   1.9202994e+03   1.7589466e+03   1.8718823e+03   1.8938371e+03   1.5931560e+03   1.8059835e+03   1.7111543e+03   1.5428731e+03   1.9188472e+03   1.7607658e+03   1.8415028e+03   1.5362554e+03   1.7963444e+03   1.8169413e+03   1.5058294e+03   1.8639042e+03   1.8066104e+03   1.6535418e+03   1.7603102e+03   1.9491288e+03   1.6608712e+03   1.7693296e+03   1.8081730e+03   1.8976965e+03   1.7443780e+03   1.6385718e+03   1.7561811e+03
   1.0469894e+03   8.7384556e+02   8.2292090e+02   8.2987914e+02   8.8059370e+02   7.6106782e+02   9.2818718e+02   1.0608068e+03   8.2369788e+02   7.3484180e+02   7.1573854e+02   9.5066018e+02   5.9631666e+02   9.6819926e+02   5.4081850e+02   9.4201651e+02   7.5265693e+02   8.9085673e+02   8.9838107e+02   8.1832028e+02   8.9895546e+02   9.7110360e+02   7.7231404e+02   6.4345016e+02   9.3567212e+02   6.6758490e+02   9.8589002e+02   9.3236438e+02   8.7725459e+02   7.3102445e+02
   2.6152407e+02   2.3786548e+02   1.4806565e+02   2.7542208e+02   2.5323294e+02   1.5584688e+02   3.3757340e+02   2.2972794e+02   3.2679406e+02   2.1201301e+02   1.0022132e+02   1.6493665e+02   1.8111137e+02   1.6114114e+02   1.4496722e+02   2.8982314e+02   1.6687534e+02   2.3344385e+02   1.7323675e+02   2.1711851e+02   1.4139209e+02   2.1582354e+02   1.5651298e+02   1.7674234e+02   1.3560345e+02   1.1901613e+02   2.1754666e+02   1.9759176e+02   1.6223231e+02   2.1504437e+02
   1.9456433e+01   2.4096641e+01   1.3168804e+01   2.1654734e+01   1.2539756e+01   9.5158138e+00   1.4932640e+01   1.2897395e+01   1.4922639e+01   1.3894059e+01   4.3959537e+00   1.2751388e+01   8.1998000e+00   1.9998634e+01   1.4497647e+01   1.7495280e+01   1.1115254e+01   1.6898917e+01   1.5993368e+01   2.4169800e+01   3.4899656e+00   9.0612431e+00   8.0092684e+00   7.2185451e+00   1.0810673e+01   1.6264243e+01   1.5431167e+01   2.5731628e+01   2.4570889e+01   2.3086213e+01
   1.8113192e+00   3.4929629e+00   1.8637679e+00   3.4480169e+00   3.4899829e+00   1.9246373e+00   5.1314322e+00   1.8703118e+00   1.8333476e+00   7.6542164e+00   1.8981785e+00   2.2093521e-01   1.8671038e+00   3.5139297e+00   1.6363573e-01   3.5150774e+00   5.1578395e+00   1.7826514e+00   5.1609277e+00   1.7821385e+00   1.8203407e+00   5.1989657e+00   1.7811654e+00   5.1774830e+00   1.8643970e+00   1.8625152e+00   1.7772001e+00   1.8028670e+00   3.5719808e+00   3.4682157e+00
