   2.4777801e+03   2.2912386e+03   2.0767439e+03   2.3133356e+03   2.2531044e+03   2.0981100e+03   2.4841648e+03   1.9486920e+03   2.5514133e+03   2.3722261e+03   1.8886500e+03   2.1377397e+03   2.0197723e+03   2.0981100e+03   2.3357829e+03   2.1560095e+03   2.0739095e+03   2.5335961e+03   2.3751868e+03   2.1323389e+03   2.2593064e+03   2.4724363e+03   2.4287312e+03   2.1296650e+03   1.8740392e+03   2.3488517e+03   2.0147050e+03   2.5701869e+03   2.2075524e+03   2.3844101e+03
   2.0356248e+03   2.2750191e+03   1.6531281e+03   2.1293713e+03   2.2531044e+03   2.0981100e+03   2.4841648e+03   1.9486920e+03   2.1204962e+03   2.2719659e+03   1.8886500e+03   1.8138755e+03   1.7667860e+03   2.0981100e+03   2.3203862e+03   2.0117066e+03   2.0739095e+03   2.5070531e+03   1.8813649e+03   2.1323389e+03   2.0786780e+03   1.8676358e+03   1.7088730e+03   2.1296650e+03   1.8740392e+03   2.0459326e+03   1.8063031e+03   2.3140675e+03   2.2075524e+03   2.2871850e+03
   1.7183564e+03   1.5367892e+03   1.6531281e+03   1.8559728e+03   2.2531044e+03   2.0981100e+03   2.3146332e+03   1.9486920e+03   1.9423713e+03   1.9016067e+03   1.8886500e+03   1.8138755e+03   1.7667860e+03   2.0981100e+03   2.1670677e+03   2.0117066e+03   1.8939865e+03   2.3159935e+03   1.8813649e+03   2.0751943e+03   1.4550643e+03   1.8676358e+03   1.7088730e+03   1.9828355e+03   1.8740392e+03   2.0323349e+03   1.8063031e+03   2.3140675e+03   1.9914998e+03   1.9128983e+03
   1.6417992e+03   1.5367892e+03   1.6531281e+03   1.8559728e+03   2.2531044e+03   2.0981100e+03   2.0532600e+03   1.9486920e+03   1.9423713e+03   1.9016067e+03   1.8886500e+03   1.8138755e+03   1.7667860e+03   2.0981100e+03   2.1670677e+03   2.0117066e+03   1.8939865e+03   1.9556578e+03   1.8813649e+03   1.9768118e+03   1.4550643e+03   1.8676358e+03   1.7088730e+03   1.9076197e+03   1.8740392e+03   1.9688774e+03   1.8063031e+03   2.3140675e+03   1.9914998e+03   1.9128983e+03
   1.6417992e+03   1.5367892e+03   1.6531281e+03   1.5065101e+03   1.7667915e+03   1.8873207e+03   2.0159618e+03   1.9486920e+03   1.5716960e+03   1.2556845e+03   1.3616494e+03   1.6943607e+03   1.1620257e+03   1.8873207e+03   1.9133431e+03   1.8397267e+03   1.5138634e+03   1.5475612e+03   1.8813649e+03   1.9768118e+03   1.4550643e+03   1.8676358e+03   1.7088730e+03   1.9076197e+03   1.8058778e+03   1.8435213e+03   1.8063031e+03   2.0577528e+03   1.6633729e+03   1.8815439e+03
   1.3284731e+03   1.5367892e+03   1.6194091e+03   1.5065101e+03   1.6559083e+03   1.8520585e+03   1.6867975e+03   1.8466337e+03   1.4582549e+03   1.2556845e+03   1.3616494e+03   1.6943607e+03   1.1620257e+03   1.8520585e+03   1.6828962e+03   1.7920634e+03   1.5138634e+03   1.5475612e+03   1.7768176e+03   1.8179906e+03   1.4550643e+03   1.8116488e+03   1.5347346e+03   1.3850348e+03   1.4296941e+03   1.6227540e+03   1.8063031e+03   1.6314211e+03   1.6633729e+03   1.8815439e+03
   1.3284731e+03   1.5367892e+03   1.6194091e+03   1.5065101e+03   1.4921281e+03   1.4615206e+03   1.4214032e+03   1.5143285e+03   1.4582549e+03   1.2556845e+03   1.3616494e+03   1.2976666e+03   1.1620257e+03   1.4615206e+03   1.5726859e+03   1.5156074e+03   1.4381722e+03   1.5475612e+03   1.6342772e+03   1.7444363e+03   1.4550643e+03   1.4785457e+03   1.4738731e+03   1.3850348e+03   1.2646997e+03   1.4962404e+03   1.7396141e+03   1.4774324e+03   1.5587175e+03   1.5467812e+03
   1.2717876e+03   1.3653426e+03   1.3839177e+03   1.2230699e+03   1.1854135e+03   1.3257889e+03   1.4214032e+03   1.3988300e+03   1.4582549e+03   1.2556845e+03   1.3616494e+03   1.1390452e+03   1.1620257e+03   1.3257889e+03   1.4967468e+03   1.3569905e+03   1.4381722e+03   1.5359091e+03   1.4282860e+03   1.5738106e+03   1.4550643e+03   1.3795024e+03   1.2674047e+03   1.1419545e+03   1.0630547e+03   1.4962404e+03   1.5387744e+03   1.4774324e+03   1.1865777e+03   1.3645773e+03
   8.9229486e+02   1.2693984e+03   1.0994074e+03   1.0105216e+03   1.0161593e+03   1.1379265e+03   1.1944667e+03   1.2714074e+03   1.0315956e+03   1.0320641e+03   1.0725434e+03   9.3263978e+02   8.3895673e+02   1.1379265e+03   8.7103790e+02   1.1300947e+03   1.0986264e+03   1.2637588e+03   1.0299487e+03   8.7817763e+02   1.4332318e+03   7.1974758e+02   1.0131226e+03   1.0590734e+03   1.0054436e+03   1.1547217e+03   1.1170808e+03   1.2694924e+03   1.1624421e+03   8.4959374e+02
   6.3859767e+02   9.4225000e+02   8.6498757e+02   8.8708957e+02   6.8535601e+02   7.3249217e+02   9.8395736e+02   7.4331713e+02   7.9201174e+02   1.0173553e+03   8.3105233e+02   6.0203627e+02   5.6546098e+02   7.3249217e+02   7.7451058e+02   6.9636283e+02   9.0665660e+02   7.1511956e+02   8.2683748e+02   8.7817763e+02   8.8170631e+02   7.1974758e+02   7.5581039e+02   1.0590734e+03   7.1196921e+02   7.8941991e+02   6.9997303e+02   7.7274176e+02   9.8281552e+02   8.4959374e+02
   6.0106683e+02   3.6167404e+02   6.0757808e+02   3.7035357e+02   4.4915177e+02   5.2193411e+02   4.4909182e+02   3.7835782e+02   4.3598923e+02   3.7926362e+02   3.8758267e+02   3.2920577e+02   3.9408813e+02   5.2193411e+02   3.1840984e+02   4.1494655e+02   5.4733988e+02   6.9665893e+02   4.1135169e+02   3.7524945e+02   7.0170198e+02   3.8642669e+02   5.2638595e+02   2.4730497e+02   3.5690659e+02   5.3894082e+02   6.0815751e+02   6.3145107e+02   7.1972447e+02   2.6064823e+02
   1.4143693e+02   1.3800378e+02   7.2920510e+01   1.6098481e+02   1.1178298e+02   8.1716632e+01   8.8677798e+01   1.4271805e+02   1.7088300e+02   1.4835816e+02   1.1146539e+02   6.5029241e+01   6.8778191e+01   8.1716632e+01   9.9610828e+01   9.9202963e+01   1.7464280e+02   1.4964531e+02   1.7714636e+02   2.1012266e+02   2.9847602e+02   1.4900703e+02   5.4702381e+01   1.1128372e+02   1.5085886e+02   1.8386608e+02   1.4776555e+02   1.1742328e+02   2.2777490e+02   1.9651160e+02
   4.2600747e+01   1.9352961e+01   2.6724766e+01   2.6377173e+01   3.4695329e+01   1.2880464e+01   2.8515203e+01   2.2383939e+01   2.8355862e+01   2.1048761e+01   2.9616276e+01   1.5221129e+01   3.0273194e+01   1.2880464e+01   1.8276150e+01   2.8729901e+01   2.9763919e+01   3.0292623e+01   2.8768242e+01   4.3823124e+01   5.1064189e+01   1.7185584e+01   2.8052562e+01   3.5530446e+01   3.1722899e+01   1.4523146e+01   2.7694971e+01   3.4811918e+01   4.5653330e+01   2.8739150e+01
   2.0780884e+00   1.5355807e+00   6.9312193e-01   1.1143756e+00   1.0792045e+00   1.2824435e+00   1.2764495e+00   1.4697842e+00   1.3567113e+00   1.4727303e+00   9.3199229e-01   4.2615689e-01   1.0503680e+00   1.2824435e+00   1.1682669e+00   1.2377767e+00   1.5791257e+00   1.9811959e+00   5.7811689e-01   1.7708851e+00   1.8589701e+00   1.2529332e+00   1.0852201e+00   1.1686324e+00   2.0986518e+00   9.3996639e-01   9.8808683e-01   8.4535314e-01   9.4556484e-01   6.5197667e-01
   0.0000000e+00   0.0000000e+00   0.0000000e+00   0.0000000e+00   0.0000000e+00   0.0000000e+00   0.0000000e+00   0.0000000e+00   0.0000000e+00   0.0000000e+00   0.0000000e+00   0.0000000e+00   0.0000000e+00   0.0000000e+00   0.0000000e+00   0.0000000e+00   0.0000000e+00   0.0000000e+00   0.0000000e+00   0.0000000e+00   0.0000000e+00   0.0000000e+00   0.0000000e+00   0.0000000e+00   0.0000000e+00   0.0000000e+00   0.0000000e+00   0.0000000e+00   0.0000000e+00   0.0000000e+00
   0.0000000e+00   0.0000000e+00   0.0000000e+00   0.0000000e+00   0.0000000e+00   0.0000000e+00   0.0000000e+00   0.0000000e+00   0.0000000e+00   0.0000000e+00   0.0000000e+00   0.0000000e+00   0.0000000e+00   0.0000000e+00   0.0000000e+00   0.0000000e+00   0.0000000e+00   0.0000000e+00   0.0000000e+00   0.0000000e+00   0.0000000e+00   0.0000000e+00   0.0000000e+00   0.0000000e+00   0.0000000e+00   0.0000000e+00   0.0000000e+00   0.0000000e+00   0.0000000e+00   0.0000000e+00
