   2.5878057e+03   1.6268755e+03   2.4716378e+03   2.0148103e+03   2.4535455e+03   3.4180619e+03   4.0768984e+03   3.1854834e+03   2.5470363e+03   2.4717937e+03   2.7288020e+03   3.2314879e+03   2.5095793e+03   2.5804925e+03   1.4138038e+03   3.4674664e+03   3.0124817e+03   3.5117333e+03   3.1395399e+03   2.3327992e+03   3.1402156e+03   3.3370482e+03   2.3812461e+03   1.3676127e+03   4.1614008e+03   2.0603422e+03   2.2348561e+03   2.6237811e+03   3.6736986e+03   3.2676777e+03
   2.1071123e+03   1.4513825e+03   1.7924349e+03   2.0148103e+03   2.4085668e+03   2.1385398e+03   2.7730320e+03   1.2698923e+03   2.1509524e+03   8.4440161e+02   1.6349607e+03   2.6579369e+03   1.2034136e+03   1.7446538e+03   1.4138038e+03   2.8507601e+03   9.0200869e+02   2.1692413e+03   2.1066288e+03   2.1886045e+03   2.2167424e+03   1.8927280e+03   2.2753062e+03   1.3676127e+03   2.4106178e+03   2.0603422e+03   2.2348561e+03   2.2633443e+03   2.0594872e+03   1.8959790e+03
   1.1979022e+03   1.4513825e+03   8.0697438e+02   1.0276763e+03   1.5430428e+03   1.4601261e+03   2.0638374e+03   1.2698923e+03   1.9207979e+03   6.6335884e+02   1.6349607e+03   9.4570472e+02   1.2034136e+03   1.6446248e+03   1.1205441e+03   1.7991640e+03   9.0200869e+02   1.1537060e+03   2.0909310e+03   1.1008740e+03   1.3287183e+03   1.8927280e+03   1.6726835e+03   1.2197031e+03   1.6316139e+03   1.5304864e+03   1.0089846e+03   1.5967824e+03   1.5426682e+03   1.4281851e+03
   1.0509330e+03   1.3798335e+03   8.0697438e+02   5.8698039e+02   1.1996665e+03   1.2976673e+03   1.2397144e+03   1.0749663e+03   1.1114757e+03   6.6335884e+02   8.6527446e+02   9.4570472e+02   1.0165574e+03   1.3745555e+03   1.1205441e+03   1.1977868e+03   9.0200869e+02   7.8771756e+02   1.0043853e+03   7.0599437e+02   1.1907895e+03   1.4837389e+03   4.7609871e+02   1.2197031e+03   8.9155077e+02   6.8279866e+02   1.0089846e+03   1.0128334e+03   9.8730116e+02   8.7720102e+02
   7.5689699e+02   9.9930636e+02   8.0697438e+02   5.8698039e+02   1.1101725e+03   1.2976673e+03   1.0784114e+03   9.7317818e+02   9.1654482e+02   6.6335884e+02   8.0179096e+02   9.4570472e+02   1.0070175e+03   1.0614294e+03   8.5986138e+02   7.8122087e+02   9.0200869e+02   6.4602263e+02   1.0043853e+03   7.0599437e+02   1.1134921e+03   8.9791054e+02   4.7609871e+02   8.4073247e+02   8.9155077e+02   6.8279866e+02   1.0089846e+03   7.1337309e+02   9.8730116e+02   8.3891889e+02
   7.2449941e+02   5.6591051e+02   5.1854782e+02   5.8698039e+02   7.5836615e+02   5.6405239e+02   3.9342681e+02   8.6602525e+02   6.2021225e+02   4.0267560e+02   8.0179096e+02   6.4027092e+02   7.5093059e+02   7.8120369e+02   6.1067040e+02   5.9181446e+02   6.7503159e+02   5.1284356e+02   6.7750264e+02   7.0599437e+02   9.4237852e+02   6.0745383e+02   4.7609871e+02   5.8339753e+02   8.6162412e+02   6.5454419e+02   5.3373324e+02   7.1337309e+02   9.8730116e+02   8.3891889e+02
   3.8329698e+02   4.1320291e+02   3.7276489e+02   3.8505283e+02   4.0726280e+02   3.8327188e+02   3.9342681e+02   3.6325258e+02   4.2066178e+02   2.6371661e+02   4.1956623e+02   2.1256286e+02   3.7622065e+02   4.1645472e+02   4.3283653e+02   4.7408002e+02   2.7292464e+02   3.5580540e+02   3.6443722e+02   3.3470253e+02   4.5599326e+02   2.6741968e+02   2.7657921e+02   2.2624047e+02   4.4248179e+02   3.9578536e+02   4.2611920e+02   3.3419258e+02   4.2404324e+02   4.8828049e+02
   2.5548364e+02   1.9397190e+02   1.4944290e+02   1.6944980e+02   2.2221043e+02   1.8392751e+02   1.9877732e+02   1.9067614e+02   1.9997455e+02   2.0960285e+02   1.9968633e+02   1.7409692e+02   2.3565878e+02   1.9252413e+02   1.9637395e+02   2.0023171e+02   2.0170289e+02   1.7591871e+02   1.9949773e+02   1.9293920e+02   2.3733492e+02   2.2066584e+02   2.1602516e+02   1.8212456e+02   2.1466181e+02   2.1342996e+02   1.7416477e+02   1.7170405e+02   2.0168606e+02   2.0050065e+02
   8.8246746e+01   8.9951097e+01   8.6491316e+01   8.8797377e+01   8.7933338e+01   8.8305853e+01   8.5921691e+01   8.9267576e+01   9.3727025e+01   9.1751453e+01   9.0715397e+01   8.5576868e+01   9.2240658e+01   1.0264850e+02   9.4444323e+01   8.4882424e+01   8.9487702e+01   9.3294297e+01   9.4149290e+01   8.1818897e+01   9.1078786e+01   9.5676903e+01   9.1187331e+01   9.5421554e+01   9.5006616e+01   8.7284472e+01   9.0251899e+01   8.6772221e+01   9.0401919e+01   9.3354654e+01
   6.5638204e+01   6.5559117e+01   6.5563566e+01   6.5751875e+01   6.5384171e+01   6.5568989e+01   6.5588091e+01   6.5463975e+01   6.5342884e+01   6.5405068e+01   6.5195060e+01   6.5217617e+01   6.5258228e+01   6.5810914e+01   6.5449047e+01   6.5509214e+01   6.5739125e+01   6.5209323e+01   6.5470890e+01   6.5477620e+01   6.5742834e+01   6.5865870e+01   6.5810370e+01   6.5757279e+01   6.5595146e+01   6.5265423e+01   6.5810192e+01   6.5390344e+01   6.5568024e+01   6.5856572e+01
   6.4786505e+01   6.4614701e+01   6.4581427e+01   6.4814914e+01   6.4629575e+01   6.4682373e+01   6.4292790e+01   6.4282606e+01   6.4599274e+01   6.4710631e+01   6.4431885e+01   6.4786324e+01   6.4740003e+01   6.4563589e+01   6.4649270e+01   6.4514712e+01   6.4432857e+01   6.4621633e+01   6.4350370e+01   6.4435390e+01   6.4598495e+01   6.4789179e+01   6.4293450e+01   6.4735236e+01   6.4582443e+01   6.4599935e+01   6.4507968e+01   6.4701137e+01   6.4381091e+01   6.4662354e+01
   6.4013676e+01   6.3867660e+01   6.3889981e+01   6.3749006e+01   6.3767423e+01   6.4006029e+01   6.3766544e+01   6.3828478e+01   6.4127875e+01   6.3951521e+01   6.3479084e+01   6.3879909e+01   6.3928862e+01   6.3835837e+01   6.3763084e+01   6.3793789e+01   6.3782370e+01   6.3749050e+01   6.3894942e+01   6.3793429e+01   6.3798681e+01   6.3799591e+01   6.3898571e+01   6.4055521e+01   6.3855234e+01   6.3610751e+01   6.3926964e+01   6.4057979e+01   6.3999391e+01   6.4012150e+01
   6.3225363e+01   6.3103588e+01   6.3147388e+01   6.3077566e+01   6.3141456e+01   6.3250237e+01   6.3154063e+01   6.3092180e+01   6.2891976e+01   6.2994756e+01   6.2963529e+01   6.3228894e+01   6.3147756e+01   6.3277345e+01   6.2853619e+01   6.3110116e+01   6.3227952e+01   6.3303639e+01   6.3057047e+01   6.3220914e+01   6.3168687e+01   6.3366074e+01   6.3297827e+01   6.3328456e+01   6.3089906e+01   6.3138566e+01   6.3241759e+01   6.3203578e+01   6.3229725e+01   6.3102404e+01
   6.2611026e+01   6.2595419e+01   6.2592785e+01   6.2639756e+01   6.2516764e+01   6.2568244e+01   6.2572866e+01   6.2477334e+01   6.2497224e+01   6.2583543e+01   6.2599896e+01   6.2591744e+01   6.2522422e+01   6.2527293e+01   6.2507859e+01   6.2508961e+01   6.2586620e+01   6.2513050e+01   6.2554742e+01   6.2547330e+01   6.2624845e+01   6.2542947e+01   6.2550646e+01   6.2661657e+01   6.2628550e+01   6.2555072e+01   6.2531212e+01   6.2504206e+01   6.2615864e+01   6.2614465e+01
   6.2425153e+01   6.2422791e+01   6.2400137e+01   6.2397950e+01   6.2402988e+01   6.2386604e+01   6.2392131e+01   6.2399876e+01   6.2378391e+01   6.2392525e+01   6.2424805e+01   6.2412897e+01   6.2434569e+01   6.2366304e+01   6.2375094e+01   6.2402680e+01   6.2394664e+01   6.2379042e+01   6.2422509e+01   6.2397027e+01   6.2407681e+01   6.2395766e+01   6.2420576e+01   6.2422062e+01   6.2412137e+01   6.2413033e+01   6.2392098e+01   6.2391848e+01   6.2424978e+01   6.2416111e+01
   6.2414386e+01   6.2418620e+01   6.2393743e+01   6.2387667e+01   6.2397953e+01   6.2383093e+01   6.2384710e+01   6.2397869e+01   6.2374233e+01   6.2386499e+01   6.2419785e+01   6.2408269e+01   6.2425722e+01   6.2362047e+01   6.2370341e+01   6.2398671e+01   6.2390461e+01   6.2371813e+01   6.2416904e+01   6.2388575e+01   6.2397952e+01   6.2386953e+01   6.2413515e+01   6.2406163e+01   6.2399360e+01   6.2401342e+01   6.2375481e+01   6.2377454e+01   6.2419313e+01   6.2401919e+01
