   5.3952039e+03   4.5257736e+03   5.9210304e+03   4.7766891e+03   5.1009071e+03   4.9391267e+03   5.8771895e+03   4.9905770e+03   4.5278519e+03   5.5620785e+03   4.6094956e+03   5.9150220e+03   5.6837429e+03   5.3992345e+03   5.8337597e+03   5.9383349e+03   5.7446458e+03   4.7845633e+03   4.9814020e+03   4.7056581e+03   5.4867110e+03   4.5792192e+03   6.2707171e+03   5.1972721e+03   4.8560185e+03   3.8861330e+03   6.0884603e+03   4.5430935e+03   5.4036721e+03   6.0071386e+03
   5.3952039e+03   4.3678084e+03   4.3354922e+03   4.7766891e+03   5.1009071e+03   3.6913929e+03   4.7169841e+03   4.9905770e+03   4.5278519e+03   5.4167797e+03   4.6094956e+03   4.9550035e+03   5.2033833e+03   5.3992345e+03   5.6705487e+03   5.6757720e+03   5.3043156e+03   4.7845633e+03   4.5436391e+03   4.7056581e+03   5.4867110e+03   4.5792192e+03   3.0320269e+03   5.1972721e+03   4.8560185e+03   3.8861330e+03   4.2738683e+03   3.7864658e+03   4.6039662e+03   4.7596087e+03
   4.0809861e+03   4.3678084e+03   2.5973704e+03   4.7766891e+03   4.0080513e+03   3.0602944e+03   4.7169841e+03   4.0365081e+03   4.5278519e+03   3.5626419e+03   4.6094956e+03   4.9550035e+03   4.1716284e+03   4.6983597e+03   4.6051596e+03   3.4740114e+03   4.8236423e+03   4.5895341e+03   4.0613031e+03   3.2247345e+03   5.0355742e+03   3.9755335e+03   3.0320269e+03   5.1849555e+03   3.1305302e+03   3.8861330e+03   3.9389918e+03   2.7197477e+03   4.4824941e+03   3.3338581e+03
   4.0809861e+03   4.3678084e+03   2.5973704e+03   4.1493042e+03   3.4380746e+03   2.7960677e+03   4.2750384e+03   2.8780127e+03   4.1395187e+03   3.5626419e+03   4.2915706e+03   3.9285178e+03   4.1716284e+03   3.3923256e+03   4.6051596e+03   3.4740114e+03   4.7058361e+03   4.2229807e+03   3.5941279e+03   3.2247345e+03   3.6671835e+03   2.9435107e+03   3.0320269e+03   3.7098334e+03   3.1305302e+03   3.8711248e+03   3.9389918e+03   2.6535993e+03   4.3225818e+03   3.3338581e+03
   3.2644788e+03   4.1913224e+03   2.5973704e+03   4.1493042e+03   3.2985450e+03   2.7960677e+03   3.8587435e+03   2.8780127e+03   2.8913990e+03   3.2293056e+03   2.4153421e+03   3.9285178e+03   3.8833329e+03   2.9800723e+03   4.5148484e+03   3.4740114e+03   3.0164821e+03   2.5447026e+03   3.2415987e+03   3.2247345e+03   3.6671835e+03   2.7834048e+03   3.0320269e+03   3.2718940e+03   3.1305302e+03   3.1799282e+03   3.9389918e+03   2.6535993e+03   3.2858312e+03   3.3338581e+03
   2.8409218e+03   3.4676418e+03   2.5973704e+03   2.9419579e+03   3.1311574e+03   2.7960677e+03   2.7921406e+03   2.8780127e+03   2.8913990e+03   3.1503742e+03   2.3979740e+03   2.9934959e+03   3.0301368e+03   2.4387249e+03   2.6839255e+03   2.5964852e+03   2.7522724e+03   2.5447026e+03   2.6885270e+03   2.9062779e+03   2.8371412e+03   2.1444067e+03   3.0320269e+03   3.2603197e+03   3.1305302e+03   2.2340488e+03   3.4837147e+03   2.6535993e+03   2.5980791e+03   2.8256191e+03
   1.5880494e+03   1.8726155e+03   1.5157979e+03   1.6178249e+03   1.6294094e+03   1.9069102e+03   1.7922633e+03   1.6418537e+03   2.1127253e+03   1.7983059e+03   1.4928706e+03   1.7504034e+03   1.6597729e+03   1.6017526e+03   1.6405764e+03   1.5665713e+03   1.3023449e+03   1.5761473e+03   1.3678008e+03   1.2666771e+03   1.5282373e+03   1.1404512e+03   1.6555894e+03   1.9668294e+03   1.6665133e+03   1.5885706e+03   1.5027393e+03   1.3037725e+03   1.2336051e+03   1.5942901e+03
   5.7922167e+02   9.0168427e+02   8.0389382e+02   8.8944052e+02   8.4338258e+02   7.5667518e+02   6.1151914e+02   8.9573428e+02   8.6287284e+02   9.8352186e+02   5.9747818e+02   8.8214551e+02   7.6078439e+02   5.5784454e+02   8.0687610e+02   9.1881847e+02   8.5475348e+02   9.0038196e+02   8.7813005e+02   6.8839322e+02   6.6625749e+02   6.7831273e+02   8.0956096e+02   8.3600550e+02   9.1707388e+02   7.8080494e+02   9.4705606e+02   7.3826934e+02   7.6783492e+02   7.3758697e+02
   2.2770087e+02   2.1510211e+02   2.2868112e+02   2.8156226e+02   2.1687284e+02   2.4044612e+02   2.3591509e+02   2.2261850e+02   2.6913492e+02   2.5045144e+02   2.2287424e+02   2.4903933e+02   1.9290602e+02   1.9070607e+02   2.3146925e+02   2.0292520e+02   2.6457934e+02   2.1690657e+02   2.2925214e+02   2.2038670e+02   2.1518506e+02   2.4447673e+02   2.2464515e+02   2.5806214e+02   2.6648618e+02   2.3790938e+02   2.6925405e+02   2.0743838e+02   2.2311396e+02   1.9046290e+02
   1.1266218e+02   1.1331179e+02   1.1263261e+02   1.1366906e+02   1.1279295e+02   1.1256447e+02   1.1246541e+02   1.1242846e+02   1.1213386e+02   1.1324495e+02   1.1246690e+02   1.1346986e+02   1.1282234e+02   1.1187287e+02   1.1273550e+02   1.1246166e+02   1.1313227e+02   1.1249699e+02   1.1264563e+02   1.1314258e+02   1.1216006e+02   1.1217909e+02   1.1211766e+02   1.1313159e+02   1.1330583e+02   1.1254611e+02   1.1333513e+02   1.1223189e+02   1.1218839e+02   1.1195518e+02
   1.0001738e+02   1.0002264e+02   1.0002114e+02   1.0002908e+02   1.0001853e+02   1.0001813e+02   1.0001645e+02   1.0002135e+02   1.0001821e+02   1.0002616e+02   1.0001816e+02   1.0001980e+02   1.0001462e+02   1.0001076e+02   1.0001661e+02   1.0001845e+02   1.0002595e+02   1.0001754e+02   1.0001846e+02   1.0002281e+02   1.0001507e+02   1.0001134e+02   1.0001889e+02   1.0002411e+02   1.0001889e+02   1.0001904e+02   1.0001995e+02   1.0001207e+02   1.0001521e+02   1.0001279e+02
   1.0000000e+02   1.0000000e+02   1.0000000e+02   1.0000000e+02   1.0000000e+02   1.0000000e+02   1.0000000e+02   1.0000000e+02   1.0000000e+02   1.0000000e+02   1.0000000e+02   1.0000000e+02   1.0000000e+02   1.0000000e+02   1.0000000e+02   1.0000000e+02   1.0000000e+02   1.0000000e+02   1.0000000e+02   1.0000000e+02   1.0000000e+02   1.0000000e+02   1.0000000e+02   1.0000000e+02   1.0000000e+02   1.0000000e+02   1.0000000e+02   1.0000000e+02   1.0000000e+02   1.0000000e+02
   1.0000000e+02   1.0000000e+02   1.0000000e+02   1.0000000e+02   1.0000000e+02   1.0000000e+02   1.0000000e+02   1.0000000e+02   1.0000000e+02   1.0000000e+02   1.0000000e+02   1.0000000e+02   1.0000000e+02   1.0000000e+02   1.0000000e+02   1.0000000e+02   1.0000000e+02   1.0000000e+02   1.0000000e+02   1.0000000e+02   1.0000000e+02   1.0000000e+02   1.0000000e+02   1.0000000e+02   1.0000000e+02   1.0000000e+02   1.0000000e+02   1.0000000e+02   1.0000000e+02   1.0000000e+02
   1.0000000e+02   1.0000000e+02   1.0000000e+02   1.0000000e+02   1.0000000e+02   1.0000000e+02   1.0000000e+02   1.0000000e+02   1.0000000e+02   1.0000000e+02   1.0000000e+02   1.0000000e+02   1.0000000e+02   1.0000000e+02   1.0000000e+02   1.0000000e+02   1.0000000e+02   1.0000000e+02   1.0000000e+02   1.0000000e+02   1.0000000e+02   1.0000000e+02   1.0000000e+02   1.0000000e+02   1.0000000e+02   1.0000000e+02   1.0000000e+02   1.0000000e+02   1.0000000e+02   1.0000000e+02
   1.0000000e+02   1.0000000e+02   1.0000000e+02   1.0000000e+02   1.0000000e+02   1.0000000e+02   1.0000000e+02   1.0000000e+02   1.0000000e+02   1.0000000e+02   1.0000000e+02   1.0000000e+02   1.0000000e+02   1.0000000e+02   1.0000000e+02   1.0000000e+02   1.0000000e+02   1.0000000e+02   1.0000000e+02   1.0000000e+02   1.0000000e+02   1.0000000e+02   1.0000000e+02   1.0000000e+02   1.0000000e+02   1.0000000e+02   1.0000000e+02   1.0000000e+02   1.0000000e+02   1.0000000e+02
   1.0000000e+02   1.0000000e+02   1.0000000e+02   1.0000000e+02   1.0000000e+02   1.0000000e+02   1.0000000e+02   1.0000000e+02   1.0000000e+02   1.0000000e+02   1.0000000e+02   1.0000000e+02   1.0000000e+02   1.0000000e+02   1.0000000e+02   1.0000000e+02   1.0000000e+02   1.0000000e+02   1.0000000e+02   1.0000000e+02   1.0000000e+02   1.0000000e+02   1.0000000e+02   1.0000000e+02   1.0000000e+02   1.0000000e+02   1.0000000e+02   1.0000000e+02   1.0000000e+02   1.0000000e+02
