   2.0347119e+03   2.0159503e+03   2.4406777e+03   2.1937512e+03   2.1156535e+03   2.1736287e+03   2.2426631e+03   1.8020930e+03   1.9996550e+03   2.1666981e+03   2.1694427e+03   2.2542560e+03   2.3134395e+03   1.8686321e+03   1.9343152e+03   1.7590697e+03   2.1643765e+03   2.0945526e+03   1.6993510e+03   2.2670054e+03   2.2480907e+03   1.9529220e+03   1.8208847e+03   1.8817107e+03   1.7371286e+03   1.9165132e+03   2.0100522e+03   2.4583218e+03   2.3014504e+03   2.2005105e+03
   1.8315711e+03   1.7738739e+03   1.9839210e+03   2.0654278e+03   1.9923216e+03   1.9685081e+03   2.1377582e+03   1.8020930e+03   1.9996550e+03   2.1537924e+03   2.0219755e+03   2.0694609e+03   2.0190429e+03   1.8036013e+03   1.7185922e+03   1.7590697e+03   2.0215114e+03   2.0945526e+03   1.6993510e+03   2.2670054e+03   1.7466648e+03   1.8287554e+03   1.8208847e+03   1.5187427e+03   1.7371286e+03   1.9165132e+03   2.0100522e+03   2.1130249e+03   1.4551197e+03   2.2005105e+03
   1.8315711e+03   1.7738739e+03   1.9839210e+03   1.3130914e+03   1.6078935e+03   1.8858469e+03   1.9457292e+03   1.6330338e+03   1.8114903e+03   1.8621786e+03   1.9294744e+03   1.7723261e+03   1.8879886e+03   1.3339750e+03   1.6823172e+03   1.7590697e+03   2.0215114e+03   2.0880309e+03   1.6993510e+03   2.0094063e+03   1.7466648e+03   1.7924454e+03   1.7930095e+03   1.5187427e+03   1.7371286e+03   1.7692479e+03   1.8516461e+03   2.0946445e+03   1.4551197e+03   1.7033092e+03
   1.7615853e+03   1.7738739e+03   1.8414899e+03   1.3130914e+03   1.6078935e+03   1.5350677e+03   1.8574180e+03   1.6330338e+03   1.7323752e+03   1.8621786e+03   1.9088322e+03   1.7723261e+03   1.4773764e+03   1.3339750e+03   1.6823172e+03   1.7590697e+03   2.0215114e+03   1.8637908e+03   1.6507622e+03   1.7173224e+03   1.7466648e+03   1.7924454e+03   1.7281462e+03   1.4534486e+03   1.7371286e+03   1.5335398e+03   1.8516461e+03   1.7759915e+03   1.4551197e+03   1.7033092e+03
   1.4529476e+03   1.3148120e+03   1.6647411e+03   1.1076651e+03   1.6078935e+03   1.5142583e+03   1.6036976e+03   1.5820001e+03   1.6344604e+03   1.5516439e+03   1.6672573e+03   1.2788621e+03   1.3884908e+03   1.2605369e+03   1.1019370e+03   1.4928443e+03   1.1540567e+03   1.5607986e+03   1.3478485e+03   1.5753159e+03   1.4596675e+03   1.2075851e+03   1.4979882e+03   1.4035600e+03   1.0906553e+03   1.5305785e+03   1.6694907e+03   1.0978906e+03   1.4551197e+03   1.1579277e+03
   1.2090716e+03   1.2979646e+03   1.3819036e+03   1.0725562e+03   1.4548487e+03   1.0953774e+03   1.1372076e+03   1.2980771e+03   1.3484334e+03   1.3055471e+03   8.0862815e+02   1.2788621e+03   1.3884908e+03   1.2159995e+03   1.1019370e+03   1.2385695e+03   1.1540567e+03   1.2939939e+03   1.2439420e+03   1.0594885e+03   1.3911049e+03   1.2075851e+03   1.3311458e+03   1.1760842e+03   1.0906553e+03   1.4837422e+03   1.4087010e+03   1.0978906e+03   1.1553136e+03   1.1579277e+03
   9.3639257e+02   1.1787576e+03   9.9533471e+02   1.0725562e+03   1.1803234e+03   1.0953774e+03   5.4701619e+02   1.0196340e+03   9.7542446e+02   1.1263900e+03   8.0862815e+02   8.0425002e+02   9.8751121e+02   1.1179799e+03   1.1019370e+03   1.0135023e+03   1.1435313e+03   1.2174918e+03   1.0517760e+03   8.2542511e+02   1.1628496e+03   9.8395277e+02   1.0981018e+03   1.1048927e+03   1.0906553e+03   1.1295326e+03   8.9522109e+02   1.0506847e+03   1.1280890e+03   1.1579277e+03
   5.4987843e+02   8.0567329e+02   7.5009124e+02   8.8306688e+02   7.6468136e+02   8.1925867e+02   5.4701619e+02   7.6957921e+02   6.8411199e+02   7.9528806e+02   7.7710865e+02   8.0425002e+02   9.4690860e+02   8.1803296e+02   6.6762847e+02   7.0074246e+02   7.6928895e+02   7.5109367e+02   6.0019692e+02   8.2542511e+02   7.4049198e+02   7.8701228e+02   5.8497225e+02   6.7826943e+02   6.7224789e+02   7.8834364e+02   8.3467071e+02   7.7472117e+02   8.4166386e+02   7.7897899e+02
   2.6547569e+02   4.6272943e+02   4.4346930e+02   5.5649406e+02   4.1629872e+02   4.0228739e+02   5.2586489e+02   3.4312984e+02   5.3999337e+02   4.1386402e+02   4.6513149e+02   6.1492097e+02   5.0625572e+02   5.4103511e+02   4.6283614e+02   3.9909496e+02   4.3825833e+02   5.4579991e+02   4.2653066e+02   5.3132822e+02   4.2997437e+02   3.3686598e+02   4.5621695e+02   4.7264257e+02   5.0200670e+02   4.3539811e+02   3.0508343e+02   4.2032793e+02   4.1012809e+02   5.3789333e+02
   2.3851525e+02   3.4976121e+02   2.3806584e+02   2.5066297e+02   2.1913395e+02   2.0830285e+02   1.7181848e+02   2.3279758e+02   1.2907340e+02   3.2315897e+02   1.4209940e+02   1.9573877e+02   1.4033367e+02   2.4504463e+02   1.8692007e+02   3.2528400e+02   2.9065393e+02   1.3006255e+02   2.0812968e+02   2.2981428e+02   2.5588550e+02   2.2116789e+02   1.5951768e+02   3.3149269e+02   3.4816728e+02   2.8767105e+02   2.6821699e+02   2.1334971e+02   2.2078993e+02   2.6234256e+02
   9.2385223e+01   1.2485938e+02   1.5697964e+02   1.6471202e+02   1.1023337e+02   1.3249082e+02   1.1799975e+02   1.0229271e+02   1.0317563e+02   1.6821880e+02   1.3042019e+02   1.0184298e+02   1.1345791e+02   9.8596622e+01   1.4908295e+02   1.3268305e+02   1.1813755e+02   1.3006255e+02   1.5980425e+02   1.0258548e+02   8.7591878e+01   1.4290440e+02   1.1991634e+02   1.3402405e+02   1.1466532e+02   2.0386535e+02   1.3630130e+02   9.1326174e+01   1.0768582e+02   1.7468106e+02
   3.7813220e+01   2.7100198e+01   3.1105133e+01   4.3566899e+01   2.4748538e+01   3.7622022e+01   2.5522046e+01   2.4135500e+01   2.3777162e+01   5.4622353e+01   3.5632078e+01   2.6919855e+01   2.1448717e+01   4.1736285e+01   4.2898230e+01   4.4422688e+01   4.2025357e+01   3.8774129e+01   3.4027786e+01   4.3750712e+01   1.9926170e+01   3.5600497e+01   3.9607252e+01   6.2955817e+01   4.3360359e+01   4.5079994e+01   5.9685148e+01   4.3257641e+01   6.2288927e+01   9.7935188e+01
   1.0350275e-01   1.2455491e-02   1.2911877e-02   5.0295664e-01   6.0692463e-04   1.6149155e-02   3.1468175e-04   3.6560922e-03   3.8354764e-03   3.3950968e-02   1.9917681e-01   5.0102625e-02   4.8639489e-02   5.2114725e-02   3.1980831e-01   3.8174945e-02   1.1169878e-03   9.9428438e-02   7.2576159e-02   5.3655697e-01   4.2391287e-04   6.0034661e-01   8.0835366e-02   6.3453372e-01   5.0045758e-01   1.3321654e-01   9.2558832e-01   7.3813017e-02   4.5065711e-01   4.2433328e+00
   0.0000000e+00   0.0000000e+00   0.0000000e+00   0.0000000e+00   0.0000000e+00   0.0000000e+00   0.0000000e+00   0.0000000e+00   0.0000000e+00   0.0000000e+00   0.0000000e+00   0.0000000e+00   0.0000000e+00   0.0000000e+00   0.0000000e+00   0.0000000e+00   0.0000000e+00   0.0000000e+00   0.0000000e+00   0.0000000e+00   0.0000000e+00   0.0000000e+00   0.0000000e+00   0.0000000e+00   0.0000000e+00   0.0000000e+00   0.0000000e+00   0.0000000e+00   0.0000000e+00   0.0000000e+00
   0.0000000e+00   0.0000000e+00   0.0000000e+00   0.0000000e+00   0.0000000e+00   0.0000000e+00   0.0000000e+00   0.0000000e+00   0.0000000e+00   0.0000000e+00   0.0000000e+00   0.0000000e+00   0.0000000e+00   0.0000000e+00   0.0000000e+00   0.0000000e+00   0.0000000e+00   0.0000000e+00   0.0000000e+00   0.0000000e+00   0.0000000e+00   0.0000000e+00   0.0000000e+00   0.0000000e+00   0.0000000e+00   0.0000000e+00   0.0000000e+00   0.0000000e+00   0.0000000e+00   0.0000000e+00
   0.0000000e+00   0.0000000e+00   0.0000000e+00   0.0000000e+00   0.0000000e+00   0.0000000e+00   0.0000000e+00   0.0000000e+00   0.0000000e+00   0.0000000e+00   0.0000000e+00   0.0000000e+00   0.0000000e+00   0.0000000e+00   0.0000000e+00   0.0000000e+00   0.0000000e+00   0.0000000e+00   0.0000000e+00   0.0000000e+00   0.0000000e+00   0.0000000e+00   0.0000000e+00   0.0000000e+00   0.0000000e+00   0.0000000e+00   0.0000000e+00   0.0000000e+00   0.0000000e+00   0.0000000e+00
