   1.4112148e+03   1.2120565e+03   1.4005827e+03   1.0704388e+03   1.1141136e+03   1.3843299e+03   1.2129364e+03   1.1469602e+03   1.1877273e+03   1.2376169e+03   1.2647788e+03   1.1509958e+03   1.3542221e+03   1.1300242e+03   1.3051867e+03   1.4410979e+03   1.4004931e+03   1.1308681e+03   1.1166029e+03   1.3596237e+03   1.3925033e+03   1.4427769e+03   1.2964477e+03   8.0405592e+02   1.5042627e+03   1.1992838e+03   1.2915178e+03   1.2961724e+03   1.2965103e+03   1.2624809e+03
   1.0556107e+03   9.8698785e+02   9.9146656e+02   1.0528067e+03   1.0723926e+03   9.6042570e+02   1.0642588e+03   9.5561002e+02   1.0023100e+03   1.2145489e+03   1.1117619e+03   5.7885209e+02   1.0403601e+03   9.3335132e+02   6.8059446e+02   1.0849001e+03   9.6778105e+02   9.4506994e+02   9.9741056e+02   1.0154967e+03   9.2576797e+02   9.5986537e+02   1.1167108e+03   8.0405592e+02   1.0193664e+03   1.1504577e+03   9.4059569e+02   1.0916922e+03   1.2136494e+03   1.2120325e+03
   7.1191131e+02   7.5535127e+02   8.5316145e+02   9.8683541e+02   7.9296523e+02   9.6042570e+02   8.5177287e+02   8.3147221e+02   8.3346007e+02   9.3477627e+02   9.2791026e+02   5.7885209e+02   8.1024133e+02   7.7474522e+02   6.8059446e+02   9.0691519e+02   9.6778105e+02   9.4506994e+02   9.8510939e+02   7.5532137e+02   8.9077193e+02   9.5986537e+02   9.5392562e+02   8.0405592e+02   8.2182056e+02   8.4637762e+02   9.2961123e+02   9.8172272e+02   9.4043310e+02   9.7923370e+02
   7.1191131e+02   7.5535127e+02   6.9266231e+02   8.9742373e+02   7.9296523e+02   8.0484484e+02   7.6893100e+02   8.3147221e+02   5.9937011e+02   8.0241119e+02   7.5419491e+02   5.7885209e+02   8.1024133e+02   7.7474522e+02   6.8059446e+02   8.8469244e+02   7.6982794e+02   7.7448352e+02   7.8489683e+02   7.3040531e+02   6.3358742e+02   8.3075789e+02   6.8696747e+02   7.0107603e+02   6.6653068e+02   7.6913402e+02   8.9812818e+02   8.8170933e+02   8.8965280e+02   8.5506504e+02
   7.1191131e+02   7.4619250e+02   6.9266231e+02   5.4134038e+02   6.2799053e+02   7.5817780e+02   7.6893100e+02   6.5862786e+02   5.9937011e+02   7.5118342e+02   6.7232787e+02   5.7885209e+02   6.5228320e+02   6.8096329e+02   6.8059446e+02   6.9569146e+02   7.6982794e+02   7.7448352e+02   7.8489683e+02   6.8966930e+02   6.3358742e+02   7.8278198e+02   6.8696747e+02   6.3324121e+02   6.6653068e+02   7.6695284e+02   6.9863921e+02   4.8512216e+02   8.4987241e+02   7.2512589e+02
   5.7600909e+02   5.2777723e+02   6.3018659e+02   5.4134038e+02   5.7254256e+02   6.6080662e+02   5.7162191e+02   5.8585158e+02   5.9937011e+02   6.1515652e+02   5.4716813e+02   5.0718922e+02   6.0175282e+02   5.9578581e+02   5.2670590e+02   4.9602976e+02   6.5707320e+02   3.8905354e+02   6.9019764e+02   5.4780185e+02   6.3358742e+02   5.8904086e+02   5.7877184e+02   6.3324121e+02   6.5801604e+02   4.5638281e+02   6.6402686e+02   4.8512216e+02   6.4390507e+02   5.6843669e+02
   4.1615114e+02   4.1104720e+02   3.4108674e+02   4.6221690e+02   4.1724991e+02   3.7730958e+02   4.2220651e+02   3.3455515e+02   4.2179207e+02   4.4892257e+02   4.6452320e+02   4.2545251e+02   4.8554715e+02   3.7839984e+02   3.8452678e+02   4.5969130e+02   4.2636641e+02   3.3958943e+02   4.7405466e+02   3.8887472e+02   4.7741828e+02   4.5964810e+02   4.2799751e+02   4.2950251e+02   4.2918586e+02   4.1891707e+02   4.3913188e+02   4.1689389e+02   4.4261505e+02   4.7010531e+02
   2.4490224e+02   2.6956592e+02   2.5449111e+02   2.9587901e+02   2.1627540e+02   2.1226311e+02   2.8479829e+02   2.4582668e+02   2.8294255e+02   2.6728348e+02   2.6429734e+02   2.6620426e+02   2.9944309e+02   2.5230455e+02   2.1860240e+02   2.0997594e+02   2.8370715e+02   2.6396089e+02   2.6485958e+02   2.5987027e+02   2.8453262e+02   2.7263891e+02   2.7145848e+02   2.5513353e+02   2.5947358e+02   2.7047732e+02   2.8557679e+02   2.4204010e+02   2.7261850e+02   2.8332079e+02
   1.5662553e+02   1.6894467e+02   1.6262465e+02   1.7553398e+02   1.4306589e+02   1.6236507e+02   1.4625810e+02   1.4713215e+02   1.6912766e+02   1.4557917e+02   1.5164289e+02   1.5479937e+02   1.2806862e+02   1.5970129e+02   1.5970200e+02   1.7150803e+02   1.7606456e+02   1.3929292e+02   1.3600279e+02   1.5986005e+02   1.7812340e+02   1.5439445e+02   1.5552774e+02   1.7660126e+02   1.6783743e+02   1.6327597e+02   1.6523376e+02   1.6411596e+02   1.6104706e+02   1.6654209e+02
   1.1483222e+02   1.1924491e+02   1.3269273e+02   1.3222924e+02   1.2550721e+02   1.2248712e+02   1.1598453e+02   1.2753643e+02   1.2740059e+02   1.3320638e+02   1.3130705e+02   1.3283320e+02   1.0615166e+02   1.0957158e+02   1.1999354e+02   1.2512024e+02   1.2709019e+02   1.2479088e+02   1.2894736e+02   1.2442370e+02   1.1775364e+02   1.2174097e+02   1.2881455e+02   1.3997102e+02   1.3481351e+02   1.3244419e+02   1.3128781e+02   1.3430857e+02   1.3412087e+02   1.2940210e+02
   1.1203515e+02   1.1492562e+02   1.1614903e+02   1.1241076e+02   1.0939217e+02   1.1358846e+02   1.1232870e+02   1.2107334e+02   1.0597823e+02   1.1068988e+02   1.0771516e+02   1.0874289e+02   1.0615166e+02   1.0535587e+02   1.1330057e+02   1.0697749e+02   1.0418159e+02   1.0127663e+02   1.1148479e+02   1.0380157e+02   1.0852581e+02   1.0744555e+02   1.0643530e+02   1.1606780e+02   1.0041660e+02   1.0779106e+02   1.2498217e+02   1.0797590e+02   1.1868230e+02   1.1405595e+02
   6.1339473e+01   7.6483896e+01   7.5630895e+01   7.8735880e+01   7.7875773e+01   7.5020528e+01   6.2953150e+01   7.4573385e+01   7.1128215e+01   6.5197415e+01   7.4034861e+01   7.1823895e+01   6.9684926e+01   7.2311514e+01   7.4602510e+01   7.1719728e+01   6.8595356e+01   6.5681543e+01   6.5792018e+01   7.4364421e+01   7.9872093e+01   6.9050183e+01   7.4197808e+01   6.6052012e+01   6.2611738e+01   7.5934400e+01   7.4355680e+01   7.9053699e+01   6.4740820e+01   7.2247803e+01
   4.3832806e+01   4.5029806e+01   4.4232766e+01   4.5454304e+01   4.6304003e+01   4.4058107e+01   4.1133520e+01   4.2827071e+01   4.1187888e+01   4.0584691e+01   4.8088684e+01   4.3882747e+01   4.4949158e+01   4.8445873e+01   4.8491527e+01   4.6068893e+01   4.3510498e+01   4.1148102e+01   4.5792353e+01   4.5223752e+01   4.1276034e+01   4.4698586e+01   4.0914083e+01   4.2875243e+01   4.3078290e+01   4.4520308e+01   4.9591004e+01   4.6758732e+01   4.4953804e+01   4.0494877e+01
   3.0013739e+01   3.0345660e+01   2.5921149e+01   2.6125311e+01   2.9438863e+01   2.8905501e+01   2.8249625e+01   2.9309284e+01   2.7639828e+01   2.8050423e+01   2.6304786e+01   2.9764890e+01   2.8176136e+01   2.7226453e+01   2.8642089e+01   2.7867740e+01   2.7885478e+01   2.6830167e+01   2.9015424e+01   2.9650881e+01   2.9472107e+01   3.0251941e+01   2.7829720e+01   2.6916009e+01   2.8054252e+01   2.9397140e+01   2.6211360e+01   2.9707103e+01   2.8691237e+01   2.7933046e+01
   2.2490319e+01   2.3256315e+01   2.2496062e+01   2.1952701e+01   2.3203992e+01   2.2629412e+01   2.2464931e+01   2.1910624e+01   2.2852593e+01   2.2086137e+01   2.2647422e+01   2.2663723e+01   2.2140914e+01   2.2844557e+01   2.2023946e+01   2.2080786e+01   2.2836355e+01   2.2525317e+01   2.2808147e+01   2.2447056e+01   2.2209136e+01   2.1683409e+01   2.2875778e+01   2.3286540e+01   2.2226025e+01   2.2046268e+01   2.1399767e+01   2.2095515e+01   2.2276002e+01   2.1631004e+01
   2.1969418e+01   2.1890348e+01   2.1819866e+01   2.1893905e+01   2.1976932e+01   2.1773496e+01   2.1946705e+01   2.1494161e+01   2.2610037e+01   2.1366981e+01   2.2093476e+01   2.2266537e+01   2.1601738e+01   2.2452816e+01   2.1629507e+01   2.1438267e+01   2.1453707e+01   2.2044278e+01   2.2068767e+01   2.2060542e+01   2.1760354e+01   2.0387215e+01   2.1865350e+01   2.2355054e+01   2.1722210e+01   2.1765467e+01   2.1272685e+01   2.1238989e+01   2.1947037e+01   2.1404391e+01
