   4.2427508e+07   3.4750329e+07   6.9534540e+07   2.6722515e+07   4.6595566e+07   2.6585725e+07   4.4567690e+07   8.5879688e+07   4.8172626e+07   1.9240168e+07   2.2200787e+07   2.0659698e+07   4.1381093e+07   5.3016079e+07   6.3348586e+07   5.9901423e+07   1.8774186e+07   2.9817245e+07   6.0907305e+07   3.6688932e+07   4.5988564e+07   9.9032130e+06   3.5831897e+07   4.8715058e+07   6.0366945e+07   5.9838055e+07   3.8071575e+07   5.9110069e+07   6.0272894e+07   5.3729870e+07
   1.2542114e+07   1.8166954e+07   4.1543585e+07   2.6722515e+07   3.2670888e+07   2.6585725e+07   4.4567690e+07   2.2280703e+07   4.8172626e+07   1.9240168e+07   2.2200787e+07   2.0659698e+07   3.4053364e+07   2.4995684e+07   2.0417492e+07   4.0321020e+07   1.8774186e+07   2.9817245e+07   4.7973975e+07   1.4182088e+07   4.5988564e+07   9.9032130e+06   3.5831897e+07   4.6824763e+07   3.8950007e+07   4.2976855e+07   3.8071575e+07   3.6511385e+07   1.7298517e+07   4.5881290e+07
   1.2542114e+07   1.0367863e+07   4.1543585e+07   1.7448738e+07   2.1898258e+07   2.6585725e+07   2.6660907e+07   2.2280703e+07   1.8691146e+07   1.9240168e+07   2.2200787e+07   1.3863221e+07   3.4053364e+07   1.6877835e+07   2.0417492e+07   1.2143990e+07   1.8774186e+07   2.9817245e+07   1.8772281e+07   1.4182088e+07   1.2305259e+07   9.9032130e+06   1.9107089e+07   3.6099272e+07   3.4452353e+07   3.3921614e+07   3.1959102e+07   2.6495796e+07   5.0971014e+06   3.8673315e+07
   1.0528763e+07   1.0367863e+07   4.1543585e+07   1.7448738e+07   1.7893212e+07   4.1406166e+06   1.2403767e+07   1.6564301e+07   1.8691146e+07   1.9240168e+07   1.8722145e+07   9.9204430e+06   2.1334037e+07   1.6877835e+07   2.0417492e+07   1.2143990e+07   1.2637294e+07   7.4343774e+06   6.6806812e+06   1.4182088e+07   1.2305259e+07   9.9032130e+06   1.9107089e+07   1.9399837e+07   2.8458032e+07   1.8378972e+07   1.7572125e+07   1.3677387e+07   5.0971014e+06   3.3649884e+07
   1.0528763e+07   5.6466584e+06   2.0891895e+07   6.9124577e+06   1.2217961e+07   4.1406166e+06   1.2403767e+07   7.4256235e+06   1.8581873e+07   1.1124734e+07   7.0602903e+06   9.9204430e+06   2.1334037e+07   1.6877835e+07   2.0417492e+07   1.2143990e+07   1.2637294e+07   7.4343774e+06   6.6806812e+06   1.4182088e+07   1.2305259e+07   9.9032130e+06   1.0177341e+07   1.5286573e+07   1.6229799e+07   1.8378972e+07   4.1055144e+06   1.3677387e+07   5.0971014e+06   2.2319674e+07
   6.5292500e+06   4.8456336e+06   8.0717786e+06   2.9931816e+06   1.2217961e+07   4.1406166e+06   1.2403767e+07   5.7130857e+06   7.2665148e+06   1.1124734e+07   7.0602903e+06   9.9204430e+06   1.0354807e+07   6.7937383e+06   1.8454788e+07   1.0737553e+07   1.2637294e+07   7.4343774e+06   6.6806812e+06   1.3413421e+07   1.2305259e+07   8.0669340e+06   1.0177341e+07   8.8447644e+06   1.6229799e+07   1.2388673e+07   4.1055144e+06   1.1731196e+07   5.0971014e+06   1.0645696e+07
   2.0514934e+06   3.0095665e+06   8.0717786e+06   2.9931816e+06   3.7725512e+06   4.1406166e+06   5.0420340e+06   5.7130857e+06   5.2347486e+06   6.3137852e+06   5.2925729e+06   5.8715738e+06   1.2768048e+06   6.7937383e+06   9.2748729e+06   1.0737553e+07   9.3757763e+06   7.3698851e+06   6.4825265e+06   6.4625428e+06   7.3330071e+06   8.0669340e+06   6.0160854e+06   4.7121433e+06   8.3615540e+06   6.0928627e+06   4.1055144e+06   1.8473848e+06   3.7939866e+06   7.4094277e+06
   2.0514934e+06   3.0095665e+06   5.8642974e+06   2.8722139e+06   1.3888540e+06   4.1406166e+06   4.3860300e+06   1.8878518e+06   4.2619941e+06   3.1210747e+06   3.0742823e+06   3.2983713e+06   1.2768048e+06   6.7937383e+06   3.7275779e+06   4.4431008e+06   1.8738355e+06   1.7900691e+06   6.2603035e+06   4.8019464e+06   4.6950435e+05   4.2036884e+06   5.3585333e+06   1.6855564e+06   1.1408777e+06   2.0468621e+06   3.2312341e+06   1.8473848e+06   2.3587491e+06   2.8754602e+06
   6.6686091e+05   6.0473979e+05   4.4803265e+05   8.5844258e+05   8.6540928e+05   6.3560278e+05   5.7519104e+05   6.4944106e+05   7.0123213e+05   8.8777370e+05   6.8237038e+05   4.3792184e+05   7.2993879e+05   5.9935284e+05   4.0407873e+05   6.0545135e+05   6.5911517e+05   3.3045355e+05   2.8891823e+05   7.2336346e+05   4.6950435e+05   3.8202191e+05   7.2093658e+05   7.1605075e+05   3.0327159e+05   3.6118138e+05   3.9927108e+05   6.0792058e+05   7.8513084e+05   3.9897008e+05
   1.1149096e+04   9.2383506e+03   6.8207260e+03   1.4208994e+04   1.4972755e+04   7.3837697e+03   8.1349178e+03   9.7050505e+03   7.6421722e+03   1.0387593e+04   1.2766127e+04   8.0962590e+03   1.4853377e+04   1.2360232e+04   1.4272368e+04   9.9431104e+03   1.1518347e+04   7.0649135e+03   1.0795138e+04   6.9670757e+03   8.1915881e+03   1.1468470e+04   1.8396039e+04   1.5984992e+04   9.7270622e+03   6.4942635e+03   1.2969869e+04   7.9085205e+03   9.3010110e+03   8.8566657e+03
   7.5195734e+02   1.0562629e+03   7.2771184e+02   1.0803979e+03   8.4544568e+02   1.1336355e+03   9.9898244e+02   9.0374566e+02   1.1679878e+03   9.4155392e+02   9.4071996e+02   1.1359378e+03   9.9114314e+02   8.4823101e+02   9.9890521e+02   1.0879131e+03   8.4490515e+02   1.0146396e+03   1.0420355e+03   1.1060758e+03   7.1820825e+02   5.7464375e+02   9.5402573e+02   1.2160069e+03   8.4929386e+02   1.0249841e+03   8.9576182e+02   1.0366675e+03   1.0757535e+03   1.0293073e+03
   3.1843442e+02   5.4925572e+02   5.4821947e+02   6.5584145e+02   4.6288929e+02   4.6187673e+02   4.5862718e+02   4.2635185e+02   5.8861812e+02   4.1868013e+02   5.6976033e+02   5.4265488e+02   3.1436201e+02   3.6289640e+02   4.1991258e+02   4.4414175e+02   5.5395012e+02   6.2869709e+02   4.1971927e+02   5.7043687e+02   2.3984570e+02   3.5792625e+02   4.2134643e+02   6.1591636e+02   2.3801459e+02   5.9973707e+02   4.3561140e+02   4.2340114e+02   4.6311745e+02   5.1772367e+02
   1.3337181e+02   3.2867502e+02   3.1314667e+02   2.6880337e+02   1.0996459e+02   2.5171158e+02   2.6019234e+02   2.0299186e+02   2.6627857e+02   2.4841438e+02   2.7056535e+02   2.9520263e+02   1.8612075e+02   1.5195952e+02   1.3255583e+02   3.8933231e+02   3.5177431e+02   3.0327002e+02   2.6970413e+02   2.8799720e+02   1.3701351e+02   1.4643888e+02   2.9805501e+02   3.3212476e+02   1.2388199e+02   2.6882123e+02   1.9443234e+02   2.1456195e+02   2.8330329e+02   1.5764474e+02
   5.2808242e+01   2.3208843e+02   2.0952806e+02   1.0460428e+02   6.1269642e+01   1.7458977e+02   9.6564825e+01   7.9291500e+01   8.8489305e+01   6.6626803e+01   1.5630941e+02   1.0690105e+02   5.9828005e+01   5.8906503e+01   9.5822360e+01   2.9402167e+02   2.3712130e+02   1.0362317e+02   1.1364583e+02   1.3932642e+02   6.1778378e+01   7.3299149e+01   1.8436489e+02   2.0874176e+02   7.3001868e+01   1.3175153e+02   8.2105551e+01   5.5512942e+01   1.7246220e+02   8.7184658e+01
   7.3810493e+00   1.3195237e+02   1.3044908e+02   4.2920919e+00   5.3911362e+00   1.2018723e+02   5.8994710e+00   8.7802629e+00   8.7802629e+00   1.2031295e+00   1.2676941e+02   3.0188576e+00   7.7853038e+00   1.0944540e+01   1.3287613e+01   1.1929636e+02   1.3771393e+02   2.1980886e+00   9.9495906e-01   3.2971329e+00   3.1930476e+00   8.1678379e+00   1.3528232e+02   1.4307123e+02   1.5153852e+00   3.4012181e+00   3.6453622e+00   1.0365921e+01   1.2797254e+02   3.4012181e+00
   7.3810493e+00   1.3195237e+02   1.3044907e+02   4.2920919e+00   5.3911362e+00   1.2018723e+02   5.8994710e+00   8.7802629e+00   8.7802629e+00   1.2031295e+00   1.2676941e+02   2.0817047e-01   7.7853038e+00   1.0944540e+01   4.3961772e+00   1.1929636e+02   1.3771393e+02   2.1980886e+00   9.9495906e-01   3.2971329e+00   3.1930476e+00   8.1678379e+00   1.3528232e+02   1.4307123e+02   1.5153852e+00   3.4012181e+00   1.2031295e+00   1.0365921e+01   1.2797254e+02   3.4012181e+00
