   1.8036499e+04   4.4856890e+04   1.8587078e+04   1.9871681e+04   6.9735027e+03   2.3978573e+04   5.4635054e+04   1.8240548e+04   1.4078164e+04   4.1435291e+04   6.9265038e+03   4.1656540e+04   1.7222083e+04   2.6115172e+04   1.5762328e+04   3.6810812e+04   8.6108059e+03   1.2763410e+04   1.1494597e+04   2.2073360e+04   3.7968008e+04   4.1296559e+04   7.0700025e+03   3.6234947e+04   2.7405884e+03   2.3756244e+04   5.0097456e+04   1.7485483e+04   3.3495655e+03   1.4066877e+04
   1.4941423e+04   4.1568108e+04   1.0544713e+04   1.4586369e+04   3.2723264e+03   1.9418399e+04   2.3629314e+04   1.4929432e+04   1.4078164e+04   1.2222713e+04   6.9265038e+03   1.1647099e+04   1.2116800e+03   2.2425185e+03   4.4201020e+03   6.2518342e+03   8.6108059e+03   1.2763410e+04   1.1494597e+04   1.8721076e+04   3.4898097e+03   1.4871117e+04   7.0700025e+03   1.2080283e+04   2.7405884e+03   2.3756244e+04   5.0097456e+04   1.4888483e+04   3.3495655e+03   3.5368237e+03
   1.2742366e+03   1.1619675e+04   1.0544713e+04   5.1570359e+03   3.2723264e+03   1.9418399e+04   9.6064910e+03   1.4929432e+04   1.4957958e+03   1.1471942e+03   6.9265038e+03   2.8687464e+03   1.2116800e+03   2.2425185e+03   1.2087934e+03   1.0550543e+03   3.9712788e+03   1.6221075e+03   2.4937352e+03   3.2355227e+03   8.7361524e+02   8.3228637e+03   7.0365257e+03   7.3568002e+03   2.7405884e+03   3.8888798e+03   8.0363560e+03   9.9201541e+02   3.3495655e+03   1.0315316e+03
   1.2742366e+03   6.5573408e+02   1.1977829e+03   2.7969344e+03   6.8686367e+02   8.5864490e+03   2.3607562e+03   4.1339080e+03   6.7729910e+02   1.1471942e+03   3.0109150e+03   1.1733146e+03   2.4617567e+02   2.2425185e+03   1.2087934e+03   1.0550543e+03   1.4122214e+03   1.6221075e+03   2.4937352e+03   9.7284319e+02   8.7361524e+02   8.3228637e+03   1.5030510e+03   7.3568002e+03   2.7405884e+03   3.4621728e+03   2.7983561e+03   5.8111504e+02   3.3495655e+03   1.0315316e+03
   8.7880719e+02   6.5573408e+02   2.4067024e+02   3.1980797e+02   6.8686367e+02   1.2595745e+03   1.5310158e+03   1.1457446e+03   4.8769608e+02   1.1471942e+03   2.8562893e+02   8.6092630e+01   1.4870685e+02   2.7684497e+02   5.8332655e+02   5.8631420e+02   6.0930556e+02   4.0174525e+02   1.4854712e+02   3.8038900e+02   5.0460529e+02   1.1346739e+03   8.1789041e+02   9.2210647e+02   1.4058770e+03   2.2350575e+02   1.5044264e+02   4.6136488e+02   2.0003953e+03   2.4733867e+02
   1.9809534e+02   1.8507427e+02   1.9768886e+01   1.4457986e+02   4.2095509e+02   1.6731093e+02   1.3965809e+02   1.6851456e+02   7.6145332e+01   3.5660387e+02   1.6283302e+02   3.6092650e+01   1.4870685e+02   2.5843566e+01   5.0281938e+01   4.1312367e+02   9.2028435e+01   2.7269299e+02   8.7570304e+01   3.4865275e+01   2.6760860e+01   2.7808537e+02   2.9331955e+02   5.2255963e+01   5.1816358e+02   1.9624292e+02   3.8073552e+01   3.5673023e+01   1.0961733e+02   1.0190880e+02
   1.3507215e+01   2.4224242e+01   1.2938887e+01   2.4824192e+01   3.3387086e+01   3.5707130e+01   7.0648091e+01   1.4714677e+01   1.3695458e+01   8.2473436e+01   8.7540519e+01   3.6092650e+01   7.0219490e+01   2.5843566e+01   2.5369695e+01   4.0102772e+01   4.7596743e+01   7.1892907e+01   3.2225784e+01   3.4865275e+01   2.6760860e+01   1.6814266e+01   6.1700435e+01   2.4333364e+01   4.7187770e+01   2.8112323e+01   3.8073552e+01   3.5673023e+01   1.9248185e+01   5.4742092e+01
   9.1273252e+00   1.1712390e+01   1.1635061e+01   9.8665053e+00   1.5763727e+01   9.9538399e+00   1.5986524e+01   9.1634525e+00   8.7926657e+00   1.7953283e+01   1.8480507e+01   9.6408070e+00   1.1970642e+01   1.0169416e+01   1.1798380e+01   1.7745559e+01   7.9145869e+00   1.5610616e+01   1.1974771e+01   1.6856815e+01   9.9297657e+00   1.0405033e+01   1.0147353e+01   7.2817353e+00   1.0089698e+01   1.0632493e+01   1.0246298e+01   8.7670436e+00   8.2328102e+00   2.1067415e+01
   4.5101035e+00   4.8564971e+00   6.2734307e+00   4.7730415e+00   4.7564594e+00   4.2504227e+00   6.5000620e+00   4.1444527e+00   5.7809795e+00   5.2898377e+00   6.4614947e+00   5.6417192e+00   5.6301310e+00   4.7681472e+00   3.0683575e+00   6.5399660e+00   3.9082032e+00   6.2313349e+00   6.1922076e+00   6.4441122e+00   3.7914186e+00   5.7799718e+00   5.6826937e+00   5.7755794e+00   6.2128898e+00   4.5311967e+00   4.3437344e+00   5.7758270e+00   3.8381544e+00   4.5463563e+00
   3.3445249e+00   3.9716424e+00   2.4552057e+00   3.6836886e+00   3.8485310e+00   2.9536093e+00   4.0243208e+00   3.7529809e+00   2.5781665e+00   3.6454093e+00   2.9698853e+00   3.4881346e+00   4.1795262e+00   3.9541311e+00   3.0683575e+00   3.1178411e+00   2.8261914e+00   3.3501736e+00   3.5666590e+00   1.6178285e+00   2.8217899e+00   3.3958379e+00   3.7066176e+00   3.0197511e+00   3.5943111e+00   2.6202986e+00   3.3468450e+00   2.5868471e+00   2.3978683e+00   2.6324967e+00
   2.8841112e+00   3.4196015e+00   2.4552057e+00   3.1339187e+00   2.1438658e+00   2.5286590e+00   2.0394827e+00   2.1796329e+00   1.9089577e+00   3.2197105e+00   2.4337665e+00   2.7663782e+00   3.1800592e+00   2.3629404e+00   2.7602067e+00   2.3215588e+00   2.8261914e+00   2.4543300e+00   3.5666590e+00   1.6178285e+00   2.8217899e+00   2.0879208e+00   2.6086488e+00   2.7948758e+00   2.5114095e+00   2.6202986e+00   2.7208152e+00   2.5868471e+00   2.3978683e+00   2.6324967e+00
   1.9815674e+00   2.0532048e+00   1.6694953e+00   1.8249024e+00   1.7334186e+00   1.8492266e+00   2.0394827e+00   2.0536758e+00   1.4754022e+00   2.1547565e+00   2.4337665e+00   1.3544230e+00   2.1593958e+00   1.6914779e+00   1.6376824e+00   1.7823599e+00   1.7730405e+00   1.8050583e+00   1.5095878e+00   1.6178285e+00   1.6607396e+00   1.8484216e+00   1.5244191e+00   1.6797383e+00   1.9336850e+00   1.7849844e+00   1.8005703e+00   2.0131909e+00   1.9847107e+00   1.7289241e+00
   1.1445826e+00   1.2219520e+00   1.2947116e+00   1.2197927e+00   1.2842165e+00   8.9182937e-01   1.1094904e+00   8.6305196e-01   8.8985653e-01   8.7069662e-01   8.6182183e-01   1.1540059e+00   1.1994090e+00   1.1144328e+00   1.0360263e+00   8.3828026e-01   1.0564062e+00   1.5510271e+00   1.1379787e+00   7.0948441e-01   7.4781219e-01   8.5356739e-01   8.9608342e-01   9.8214675e-01   8.8760493e-01   1.1646938e+00   1.1668986e+00   1.1881791e+00   8.3207078e-01   1.3476754e+00
   7.0222058e-01   6.9352951e-01   7.0750366e-01   7.9798472e-01   9.7268544e-01   5.4018567e-01   6.3765852e-01   6.7848144e-01   5.6337409e-01   5.7361685e-01   6.5005331e-01   8.1513069e-01   6.3110931e-01   5.9680892e-01   7.7721744e-01   6.1052241e-01   4.5440046e-01   8.7447523e-01   7.2247447e-01   5.0223032e-01   5.1746682e-01   5.1181934e-01   5.5208689e-01   8.3811647e-01   8.0559169e-01   7.6747858e-01   6.4679462e-01   7.2227896e-01   5.3774180e-01   8.2928688e-01
   5.6138261e-01   5.5751835e-01   4.2109483e-01   3.8756374e-01   5.2625766e-01   4.2845407e-01   2.7573909e-01   5.3725873e-01   4.3914853e-01   4.3434455e-01   5.0924447e-01   4.9349324e-01   4.9132761e-01   3.4311000e-01   3.0136669e-01   5.2302533e-01   3.7521787e-01   4.2189322e-01   3.4235899e-01   3.4514324e-01   4.3138734e-01   4.0707131e-01   4.2852341e-01   3.9273677e-01   4.0804202e-01   4.5767167e-01   4.7973919e-01   3.6979559e-01   4.3338966e-01   3.6886732e-01
   4.0987351e-01   4.7324946e-01   3.5050668e-01   3.3192673e-01   4.4172317e-01   3.6418562e-01   2.5693063e-01   4.1324851e-01   3.8243932e-01   3.0345778e-01   3.8447479e-01   3.6149329e-01   3.7755849e-01   2.8249687e-01   1.6035273e-01   3.9449168e-01   3.5712468e-01   3.4111829e-01   2.9683195e-01   3.0730534e-01   3.8644224e-01   3.7519395e-01   2.9647471e-01   2.0835709e-01   3.6638764e-01   3.4707032e-01   3.7400007e-01   3.4407755e-01   3.5493893e-01   3.5247926e-01
