   5.6457225e+03   2.4856296e+04   4.4720915e+03   1.0127574e+04   9.7768827e+03   1.3582145e+04   2.9588812e+04   2.7495790e+04   1.5973682e+04   5.4233498e+03   3.9736205e+04   1.0911878e+04   1.3726414e+04   5.2145834e+04   3.5198902e+04   2.8760004e+04   3.0150484e+04   6.7572036e+03   1.9769524e+04   6.4855989e+03   3.4669090e+04   3.3652529e+04   6.3635592e+03   2.1173971e+04   2.6410101e+04   1.1727030e+04   3.0341291e+04   1.7290961e+04   4.2961818e+03   2.1652294e+03
   4.0533956e+03   2.5229598e+03   4.4382823e+03   8.9710561e+03   2.3626820e+03   1.8173531e+03   4.8153969e+03   7.7911136e+03   9.1037975e+03   9.5831568e+02   1.9495566e+04   1.0911878e+04   7.3773338e+03   4.5657284e+02   3.0086745e+03   2.5057229e+04   2.6732066e+04   6.7572036e+03   2.1818494e+03   6.0779640e+03   7.1461613e+02   3.3652529e+04   6.3635592e+03   2.8612239e+03   4.6286094e+03   1.1727030e+04   4.2502685e+03   4.2451276e+03   4.2961818e+03   2.1652294e+03
   3.0276346e+03   4.4384320e+02   4.4382823e+03   8.9710561e+03   2.3626820e+03   1.8173531e+03   1.9090899e+03   1.4090526e+03   7.7447709e+03   2.0922742e+02   1.7120675e+03   8.5832542e+02   5.0683500e+02   4.5657284e+02   8.3800800e+02   3.9711312e+03   1.2056977e+04   3.0391686e+03   2.1818494e+03   1.3860901e+03   7.1461613e+02   4.6090440e+03   4.3312869e+03   1.1869768e+03   2.5442028e+03   1.3455939e+03   4.2502685e+03   4.2451276e+03   1.8188065e+03   3.5071053e+02
   2.7220708e+03   4.4384320e+02   4.4382823e+03   9.3682585e+02   2.3626820e+03   1.8173531e+03   6.3338589e+01   1.4090526e+03   3.4866347e+03   1.0334249e+02   1.7120675e+03   8.5832542e+02   5.0683500e+02   3.1015654e+02   2.7534161e+02   5.5310206e+01   1.5394789e+03   8.1062409e+02   2.1406172e+03   1.0125612e+03   7.1461613e+02   1.0926239e+03   9.1267527e+02   1.1869768e+03   1.1191012e+03   1.3455939e+03   3.7442826e+03   1.7436961e+03   1.8188065e+03   3.5071053e+02
   1.9962242e+02   7.8448435e+01   3.2757708e+02   1.5698594e+02   1.2660907e+02   1.4933633e+02   6.3338589e+01   7.8888117e+01   1.9901616e+02   1.0334249e+02   4.7661222e+02   5.5569038e+02   1.1275236e+02   2.2182662e+02   2.0052006e+02   5.5310206e+01   2.4331931e+01   1.5989161e+02   2.6577399e+02   2.9618159e+02   1.8632145e+02   1.7333954e+02   2.0950761e+02   7.3462206e+02   1.1532484e+02   4.7689727e+01   3.7821457e+02   5.1530840e+02   8.5458025e+01   1.2064815e+02
   4.9010329e+01   2.1969608e+01   4.3185185e+01   1.1998846e+02   1.6299542e+01   1.4933633e+02   4.3454147e+01   7.8888117e+01   5.9472996e+01   1.9674290e+01   8.4330062e+01   2.2339811e+01   3.4327351e+01   3.3416860e+01   6.2854327e+01   2.8975944e+01   2.4331931e+01   5.6701176e+01   7.1480668e+01   1.7480684e+01   8.2464629e+01   2.5156009e+01   1.4112786e+01   3.3087729e+01   5.3584367e+01   4.1447606e+01   9.7858027e+01   1.0898358e+02   2.4664283e+01   3.1337224e+01
   1.1431081e+01   2.1969608e+01   2.5568636e+01   9.0446922e+00   1.1133341e+01   3.1588761e+01   6.9351920e+00   2.1065904e+01   1.6969311e+01   1.4941286e+01   2.2671170e+01   1.7266346e+01   1.4015747e+01   1.8521877e+01   2.5771878e+01   2.2314372e+01   1.7718044e+01   1.7754731e+01   1.2192870e+01   9.2334083e+00   2.1643700e+01   2.5156009e+01   1.3114104e+01   1.4896635e+01   1.5916063e+01   1.9085740e+01   1.5892568e+01   2.1483472e+01   1.0616918e+01   1.3660087e+01
   6.1722267e+00   8.7438222e+00   1.0691569e+01   6.8389943e+00   6.7869537e+00   5.0472734e+00   6.9351920e+00   1.0051318e+01   6.7860097e+00   6.0169104e+00   7.6952004e+00   7.2522728e+00   7.2960334e+00   1.0014331e+01   8.1952359e+00   9.5029252e+00   9.5994485e+00   1.1439977e+01   1.0348539e+01   8.8947082e+00   1.0239466e+01   7.2604122e+00   6.6257712e+00   9.7310922e+00   9.6905798e+00   8.7644087e+00   7.4174348e+00   7.7667106e+00   6.5982020e+00   1.2288957e+01
   4.2073894e+00   2.5111082e+00   4.0947994e+00   5.9802125e+00   4.4204893e+00   4.8916002e+00   2.9250281e+00   5.7559983e+00   3.2990846e+00   3.4395246e+00   5.0609626e+00   4.4579070e+00   3.7664250e+00   5.0500013e+00   4.5827778e+00   5.2152142e+00   4.9639938e+00   5.3232427e+00   5.6804671e+00   3.7639310e+00   4.8425518e+00   4.3879216e+00   4.9059380e+00   5.6088003e+00   5.7606411e+00   4.5143071e+00   3.3586550e+00   4.6758808e+00   4.4280192e+00   4.8256810e+00
   3.0272012e+00   2.5111082e+00   3.6598830e+00   2.2317190e+00   2.6566126e+00   3.0419571e+00   2.9250281e+00   2.7686781e+00   2.9252197e+00   2.7200730e+00   3.2485355e+00   2.4913466e+00   3.7451956e+00   4.4109427e+00   3.3062510e+00   3.1667624e+00   2.7485438e+00   3.2620047e+00   3.7072352e+00   3.2837993e+00   4.0626315e+00   3.4032220e+00   2.9060195e+00   3.4062827e+00   3.6057920e+00   3.4887736e+00   3.3072380e+00   2.7574936e+00   3.8464232e+00   3.5811444e+00
   1.6735411e+00   2.0110518e+00   2.3131905e+00   1.6287232e+00   2.6566126e+00   2.2843174e+00   2.8198742e+00   2.2015025e+00   2.3830825e+00   2.6137567e+00   2.0086058e+00   2.0280015e+00   2.7406433e+00   2.3403149e+00   2.0478564e+00   2.7010178e+00   2.7485438e+00   2.6259544e+00   1.8473326e+00   3.0959792e+00   2.9332917e+00   2.4373836e+00   2.4480346e+00   2.9027892e+00   2.8332226e+00   2.8432298e+00   2.4317768e+00   2.5911734e+00   2.4053890e+00   2.3745512e+00
   1.6735411e+00   1.4750408e+00   2.0321807e+00   1.6277397e+00   1.6102638e+00   1.4492709e+00   1.3550414e+00   1.4922030e+00   1.4718293e+00   1.4184431e+00   1.6662123e+00   1.1376788e+00   1.5321203e+00   1.2169636e+00   1.2825427e+00   1.4005605e+00   2.1236227e+00   1.4083100e+00   1.5490707e+00   1.1700444e+00   1.2534262e+00   1.1807291e+00   1.0569943e+00   1.7478411e+00   1.4573061e+00   1.5766958e+00   1.2130908e+00   1.1854664e+00   1.2524766e+00   1.8068919e+00
   7.0701946e-01   8.5177563e-01   7.8498621e-01   7.9269024e-01   7.5567701e-01   7.2573841e-01   8.5690204e-01   8.8521333e-01   6.7700913e-01   8.2863487e-01   8.8284091e-01   8.3043810e-01   8.6057215e-01   7.3468105e-01   8.2812340e-01   7.1936985e-01   1.3333005e+00   7.3793722e-01   8.2094954e-01   6.8013406e-01   9.1424691e-01   7.2679445e-01   6.6124366e-01   8.5805003e-01   7.7699351e-01   6.4669085e-01   9.2408628e-01   6.8904438e-01   2.6466848e-01   1.1264789e+00
   3.6808103e-01   4.0718486e-01   4.9585528e-01   4.2310600e-01   4.0430440e-01   4.7958977e-01   2.7703933e-01   5.6328154e-01   5.1736465e-01   3.3713277e-01   4.3548085e-01   5.9416869e-01   4.6360638e-01   3.8512751e-01   5.0305613e-01   3.6069404e-01   5.3892239e-01   4.7682844e-01   4.8573493e-01   4.6745956e-01   4.9825426e-01   3.7845954e-01   4.6639203e-01   4.4397734e-01   4.9961997e-01   4.7636613e-01   4.4153492e-01   2.3942857e-01   2.6203323e-01   5.1208546e-01
   1.8446342e-01   2.4930180e-01   2.9925788e-01   2.7940803e-01   2.7883801e-01   2.5476982e-01   1.7683967e-01   2.9850136e-01   3.1182580e-01   3.1298500e-01   1.7309084e-01   3.1194257e-01   2.7515559e-01   2.8522936e-01   2.3249090e-01   2.4509098e-01   3.1752838e-01   2.8577046e-01   2.7189748e-01   3.1718768e-01   2.4217688e-01   2.6567226e-01   2.6406106e-01   2.6324295e-01   2.7004562e-01   2.3965448e-01   2.4107613e-01   1.9697610e-01   1.9909937e-01   2.7566706e-01
   1.5843031e-01   2.1643998e-01   2.3566969e-01   2.4711578e-01   2.1653241e-01   1.8820693e-01   1.7000945e-01   2.2478896e-01   2.4422653e-01   2.4182196e-01   1.5103475e-01   2.5551541e-01   1.9143818e-01   2.3893133e-01   1.6424547e-01   1.5791988e-01   2.0058954e-01   1.5985480e-01   2.2682972e-01   1.8916640e-01   1.7954675e-01   2.3416899e-01   2.1412394e-01   1.7720714e-01   2.1483556e-01   2.1788465e-01   1.8527891e-01   1.5685493e-01   1.7484861e-01   1.7843060e-01
