   2.0773682e+03   2.6054199e+03   2.3231421e+03   2.9122708e+03   2.0720103e+03   2.5014273e+03   1.7607289e+03   2.5581765e+03   1.8630891e+03   2.2680808e+03   2.6502091e+03   1.8523365e+03   2.3565956e+03   2.5014273e+03   2.2403321e+03   1.9846971e+03   2.1388588e+03   2.2049592e+03   2.4153495e+03   2.5512287e+03   1.9855249e+03   1.8817880e+03   1.9840583e+03   2.2416463e+03   2.6859877e+03   2.5757339e+03   2.3814427e+03   1.9666292e+03   1.9512437e+03   2.1641203e+03
   1.8488541e+03   2.6036423e+03   1.4998044e+03   2.4038296e+03   2.0690510e+03   2.4964792e+03   1.5884827e+03   1.3154283e+03   1.8630891e+03   1.7801098e+03   2.0362428e+03   1.8523365e+03   2.3565956e+03   2.4964792e+03   2.2403321e+03   1.9846971e+03   2.1388588e+03   1.7474891e+03   2.2145635e+03   2.4025334e+03   1.9855249e+03   1.8817880e+03   1.7129945e+03   1.6011917e+03   2.2605732e+03   2.5757339e+03   2.2698467e+03   1.9666292e+03   1.9512437e+03   1.8531903e+03
   1.8488541e+03   1.8669871e+03   1.4998044e+03   2.1253000e+03   2.0690510e+03   2.0201197e+03   1.5713053e+03   1.3154283e+03   1.8392561e+03   1.7801098e+03   1.6853216e+03   1.7868084e+03   2.3565956e+03   2.0201197e+03   2.0560268e+03   1.9846971e+03   1.7803611e+03   1.5787535e+03   2.2145635e+03   1.7006242e+03   1.7715623e+03   1.8817880e+03   1.3398709e+03   1.6011917e+03   1.9879345e+03   1.8621621e+03   2.0365060e+03   1.6619464e+03   1.9512437e+03   1.8531903e+03
   1.8488541e+03   1.7944444e+03   1.4998044e+03   2.0156271e+03   2.0201267e+03   1.5855137e+03   1.5713053e+03   1.3154283e+03   1.3885154e+03   1.6140121e+03   1.6853216e+03   1.5817492e+03   1.8501960e+03   1.5855137e+03   2.0560268e+03   1.9836458e+03   1.7324730e+03   1.5787535e+03   1.7978747e+03   1.7006242e+03   1.7715623e+03   1.8585973e+03   1.3398709e+03   1.4504786e+03   1.8134122e+03   1.8621621e+03   1.6038599e+03   1.6619464e+03   1.8091385e+03   1.8531903e+03
   1.7832967e+03   1.4790138e+03   1.3827866e+03   1.2537263e+03   1.8350178e+03   1.5855137e+03   1.4265471e+03   1.3154283e+03   1.3885154e+03   1.6140121e+03   1.6674995e+03   1.5817492e+03   1.6998160e+03   1.5855137e+03   1.6208443e+03   1.9836458e+03   1.7324730e+03   1.5787535e+03   1.7013270e+03   1.7006242e+03   1.6981106e+03   1.6086386e+03   1.3398709e+03   1.4504786e+03   1.2874517e+03   1.5952335e+03   1.6038599e+03   1.6619464e+03   1.4312500e+03   1.8531903e+03
   1.4781568e+03   1.3166087e+03   9.9619292e+02   1.2537263e+03   1.6811212e+03   1.5855137e+03   1.4265471e+03   1.3154283e+03   1.3885154e+03   9.6859209e+02   1.4076541e+03   1.4359856e+03   1.6083176e+03   1.5855137e+03   1.6208443e+03   1.6976824e+03   1.6212720e+03   1.4836046e+03   1.7013270e+03   1.6286820e+03   1.4308958e+03   1.2512964e+03   1.2701333e+03   1.3019146e+03   1.2589964e+03   1.4083940e+03   1.2039960e+03   1.4795045e+03   1.2364083e+03   1.5417082e+03
   1.2743131e+03   1.0240893e+03   9.9619292e+02   1.2053614e+03   1.0700990e+03   1.1573176e+03   1.2411367e+03   8.1394653e+02   1.2173317e+03   9.2010439e+02   8.8936875e+02   9.6098309e+02   1.3519787e+03   1.1573176e+03   1.1180465e+03   1.0638579e+03   9.8759590e+02   1.0394682e+03   1.1297108e+03   1.0257978e+03   1.1902177e+03   1.0115123e+03   8.6359229e+02   1.0375563e+03   1.1148283e+03   1.2401068e+03   7.8384041e+02   1.1656083e+03   1.1214031e+03   8.6595363e+02
   6.5138542e+02   6.7458780e+02   9.0595973e+02   9.4997260e+02   8.2670104e+02   8.4777265e+02   8.8670425e+02   7.3328851e+02   8.0427619e+02   7.7000327e+02   6.7102924e+02   9.1610861e+02   1.0821097e+03   8.4777265e+02   8.5282700e+02   8.1336499e+02   7.2982613e+02   9.1182870e+02   4.6383791e+02   8.8556081e+02   8.3353086e+02   8.1567245e+02   5.5723216e+02   8.8486496e+02   9.4733485e+02   9.8098018e+02   4.7265196e+02   9.3078921e+02   8.2903191e+02   7.4185813e+02
   4.3191299e+02   6.4136837e+02   6.5842055e+02   5.9221850e+02   7.6981901e+02   5.3660521e+02   4.1012962e+02   6.6775652e+02   5.3770482e+02   4.1923889e+02   6.7102924e+02   5.5114381e+02   8.1727591e+02   5.3660521e+02   5.7736387e+02   5.6003361e+02   5.3818211e+02   5.5370965e+02   4.6383791e+02   7.7329913e+02   5.5707593e+02   3.6060107e+02   5.5723216e+02   5.1051597e+02   6.2353182e+02   7.5240392e+02   4.7265196e+02   6.6434090e+02   4.1400394e+02   5.7413331e+02
   3.8906266e+02   3.0068059e+02   4.8876439e+02   2.9622626e+02   3.5570808e+02   3.5081039e+02   3.1069580e+02   4.1702216e+02   2.9587755e+02   2.8226715e+02   3.6418251e+02   3.9851122e+02   3.6607131e+02   3.5081039e+02   5.0115233e+02   3.3460929e+02   3.1513815e+02   4.3884226e+02   4.1103520e+02   6.1022359e+02   3.4358593e+02   3.6060107e+02   2.7030713e+02   5.1051597e+02   3.5523387e+02   4.9889106e+02   3.2329583e+02   5.0036414e+02   2.7010887e+02   4.4389999e+02
   1.8465820e+02   1.3884189e+02   1.8031686e+02   1.2354703e+02   1.3974475e+02   1.0846860e+02   1.2222530e+02   2.2944832e+02   1.3760796e+02   1.3733277e+02   1.8024751e+02   1.4944884e+02   1.9146473e+02   1.0846860e+02   1.7142387e+02   1.2349478e+02   1.1632705e+02   1.4939712e+02   1.4358005e+02   1.9534679e+02   1.6106773e+02   1.2431098e+02   1.2621213e+02   1.7699162e+02   1.3712315e+02   1.2553009e+02   1.1121226e+02   1.3605951e+02   1.4856044e+02   1.1299913e+02
   5.7592694e+01   3.3580726e+01   4.1948097e+01   5.1743426e+01   6.1636934e+01   3.9856212e+01   4.2614737e+01   5.7847471e+01   3.3713503e+01   5.3869094e+01   4.4786494e+01   6.6225586e+01   5.4902074e+01   3.9856212e+01   6.6747471e+01   4.7972168e+01   3.2451528e+01   5.1594205e+01   6.2501603e+01   6.1248277e+01   3.9801825e+01   5.4005877e+01   4.3807420e+01   5.8013774e+01   4.1227688e+01   5.4351411e+01   4.4580996e+01   5.7149623e+01   6.0802819e+01   5.0389661e+01
   9.5028609e+00   7.6809711e+00   6.9653491e+00   6.9997017e+00   9.8412362e+00   6.1370794e+00   8.3754973e+00   7.7893497e+00   1.0501917e+01   9.4079210e+00   6.1700447e+00   7.3018176e+00   7.1811399e+00   6.1370794e+00   8.5435803e+00   8.2005525e+00   6.5745943e+00   9.2050135e+00   9.4683285e+00   8.7413364e+00   8.2446061e+00   7.0029412e+00   8.9640084e+00   9.9847508e+00   6.2315093e+00   1.1286096e+01   9.3969460e+00   9.3412941e+00   8.8077641e+00   9.3993836e+00
   1.5606193e+00   1.6216728e+00   9.1049811e-01   1.5232184e+00   1.8222055e+00   1.4901508e+00   1.3945174e+00   1.8599414e+00   1.5696225e+00   1.9551503e+00   1.4418755e+00   1.8343654e+00   1.9998536e+00   1.4901508e+00   1.5298339e+00   1.1030025e+00   1.1933958e+00   1.5700571e+00   1.7480975e+00   1.6691078e+00   1.8945135e+00   1.7336242e+00   1.2881487e+00   2.0023278e+00   1.8607162e+00   1.5106458e+00   1.7802477e+00   2.0008566e+00   1.8851161e+00   1.5611474e+00
   1.9835637e-01   2.1106122e-01   2.0701871e-01   1.8398367e-01   2.0740664e-01   1.9421689e-01   1.9495891e-01   2.4389935e-01   1.8639522e-01   2.0878048e-01   2.5133196e-01   2.0740411e-01   2.1757749e-01   1.9421689e-01   1.7268442e-01   2.3500591e-01   1.8929447e-01   2.5697904e-01   2.6299979e-01   1.8388074e-01   1.8869604e-01   2.3390266e-01   2.2067981e-01   1.9153253e-01   2.0670435e-01   2.0373122e-01   2.5211709e-01   2.0722004e-01   2.1731054e-01   1.6119384e-01
   1.1321203e-01   8.1727891e-02   1.0479585e-01   9.0482537e-02   8.6576951e-02   8.8261333e-02   8.4265556e-02   1.2349089e-01   6.0845148e-02   1.2131964e-01   1.0313406e-01   9.3136161e-02   7.8510793e-02   8.8261333e-02   1.0289376e-01   7.8959740e-02   7.3836186e-02   1.1898587e-01   7.9140549e-02   8.8662617e-02   9.1677301e-02   6.2668975e-02   8.9252441e-02   5.6516299e-02   5.5212272e-02   9.4487274e-02   7.1226604e-02   9.3833095e-02   1.0711438e-01   8.0143193e-02
