   1.3961206e+02   3.8693143e+02   1.5912366e+02   3.8589833e+02   2.3657536e+02   2.4329768e+02   2.6452016e+02   3.5630566e+02   4.0324214e+02   3.6324357e+02   2.3889051e+02   2.5303640e+02   5.9845126e+02   5.7064092e+02   3.1032020e+02   3.0517270e+02   2.2885229e+02   2.1700579e+02   2.2418102e+02   2.1821293e+02   2.2441195e+02   4.5211083e+02   2.3050260e+02   2.0571191e+02   2.4330070e+02   3.2620076e+02   1.8695149e+02   3.5734212e+02   4.1343038e+02   4.0611224e+02
   1.3961206e+02   3.8693143e+02   1.5912366e+02   2.5137278e+02   1.6637038e+02   2.3588864e+02   1.9942606e+02   3.3665735e+02   2.7788753e+02   3.1094540e+02   2.3889051e+02   2.0517634e+02   3.8095300e+02   3.6732776e+02   2.0746087e+02   1.6211598e+02   2.2885229e+02   2.1700579e+02   2.2418102e+02   2.1821293e+02   2.2441195e+02   3.6561162e+02   2.0991345e+02   2.0571191e+02   2.4330070e+02   3.0563239e+02   1.8695149e+02   1.9585302e+02   3.3270774e+02   3.1902652e+02
   1.3961206e+02   2.5421266e+02   1.5912366e+02   1.8345160e+02   1.6637038e+02   2.3588864e+02   1.9942606e+02   2.1664319e+02   2.0264409e+02   2.6488059e+02   2.1511831e+02   2.0517634e+02   2.1289455e+02   3.6732776e+02   2.0746087e+02   1.6211598e+02   2.2885229e+02   2.1700579e+02   2.2418102e+02   2.1412469e+02   1.7039175e+02   2.3632779e+02   2.0991345e+02   2.0571191e+02   2.3015593e+02   2.2037854e+02   1.8695149e+02   1.9585302e+02   2.0683423e+02   2.6990968e+02
   1.3961206e+02   1.9282065e+02   1.5912366e+02   1.8345160e+02   1.6637038e+02   2.3588864e+02   1.9942606e+02   2.0273241e+02   1.9741074e+02   1.5636388e+02   1.7830776e+02   2.0517634e+02   2.1289455e+02   2.2495302e+02   1.2371853e+02   1.6211598e+02   1.9733240e+02   2.1700579e+02   2.1049820e+02   1.8678221e+02   1.2462688e+02   2.1751751e+02   2.0991345e+02   2.0571191e+02   2.2241868e+02   2.1153584e+02   1.8695149e+02   1.8738253e+02   1.4583735e+02   1.6828348e+02
   1.1722533e+02   1.5095410e+02   1.2550719e+02   1.5412662e+02   1.0742469e+02   1.2094963e+02   1.3635076e+02   1.4075283e+02   1.1934853e+02   1.5636388e+02   1.4818901e+02   1.3559389e+02   1.2300316e+02   1.6336102e+02   1.1311001e+02   1.2787204e+02   1.3863935e+02   1.7030072e+02   1.3850796e+02   1.5524213e+02   1.2462688e+02   1.0626370e+02   1.6099856e+02   1.2736436e+02   1.7725499e+02   1.3637870e+02   1.5226289e+02   1.3661942e+02   1.4583735e+02   1.2798758e+02
   1.1535228e+02   1.2658386e+02   1.1539614e+02   1.2409049e+02   1.0199634e+02   1.1964821e+02   1.2381490e+02   1.1013584e+02   8.3809430e+01   1.1978406e+02   1.2494041e+02   1.2658776e+02   1.2273306e+02   1.4503531e+02   1.0572758e+02   1.2021133e+02   1.0610503e+02   1.1855607e+02   1.2728532e+02   1.0464376e+02   1.2462688e+02   1.0626370e+02   1.3226435e+02   1.2736436e+02   1.5633988e+02   1.2184967e+02   1.0762078e+02   1.2644092e+02   9.9526968e+01   1.2162189e+02
   1.0132205e+02   1.1454899e+02   9.3657707e+01   9.7204090e+01   9.5741949e+01   1.0316445e+02   9.4802471e+01   1.0695888e+02   8.3809430e+01   9.5132868e+01   1.0722337e+02   8.9610825e+01   1.0101997e+02   1.0150334e+02   9.4876687e+01   1.0579083e+02   9.6359864e+01   9.6263771e+01   1.0295713e+02   1.0290520e+02   1.0807570e+02   1.0563490e+02   9.2150360e+01   9.0831926e+01   1.1030355e+02   9.1852243e+01   9.4572034e+01   9.6974618e+01   9.9526968e+01   9.9322602e+01
   8.8460608e+01   8.6671177e+01   8.5431795e+01   8.6980171e+01   8.4931088e+01   8.3388976e+01   8.1795647e+01   8.9988530e+01   8.1268174e+01   8.4349280e+01   8.7081334e+01   8.3887325e+01   9.3268764e+01   8.1714841e+01   8.7261129e+01   8.5788386e+01   8.0267369e+01   9.4754033e+01   8.5915943e+01   8.0426701e+01   8.5882279e+01   9.3622596e+01   8.5023708e+01   8.4863679e+01   8.3964154e+01   8.6111268e+01   9.3651660e+01   8.5735544e+01   8.5503340e+01   8.8043824e+01
   7.7950316e+01   7.7147309e+01   7.7749451e+01   7.6518987e+01   7.7249690e+01   7.5671913e+01   7.6848469e+01   7.7362374e+01   7.6691789e+01   7.7449943e+01   7.8694596e+01   7.5562017e+01   7.8159946e+01   7.8179172e+01   7.7223847e+01   7.0053195e+01   7.6121781e+01   7.9503279e+01   7.7806701e+01   7.7171447e+01   7.8249498e+01   7.7531098e+01   7.7425083e+01   7.7011821e+01   7.7378135e+01   7.7918825e+01   7.8287378e+01   7.6803288e+01   7.2174785e+01   7.6744888e+01
   6.1086612e+01   7.3869703e+01   5.5205114e+01   7.3067734e+01   7.4118404e+01   5.5952107e+01   7.4265219e+01   7.3695599e+01   7.2944252e+01   7.4035248e+01   5.5650679e+01   5.5397384e+01   7.4425358e+01   7.3993485e+01   7.3482119e+01   5.4404446e+01   7.4320371e+01   7.4212443e+01   7.3516396e+01   5.4982135e+01   7.3785146e+01   5.5643152e+01   7.2983533e+01   7.4095493e+01   7.3173758e+01   7.3095307e+01   7.4320611e+01   7.3604792e+01   5.5239638e+01   7.4572656e+01
   5.3351103e+01   7.2829959e+01   5.3189260e+01   7.2724668e+01   7.2995222e+01   5.2815110e+01   7.3331339e+01   7.2839530e+01   7.2893330e+01   7.2682057e+01   5.2800795e+01   5.3279175e+01   7.2013233e+01   7.2752763e+01   7.2373554e+01   5.3644649e+01   7.2724576e+01   7.2861208e+01   7.2466558e+01   5.3087693e+01   7.2837068e+01   5.2983551e+01   7.2983533e+01   7.2667092e+01   7.2861630e+01   7.2943050e+01   7.2901555e+01   7.2494587e+01   5.2697891e+01   7.3257511e+01
   5.2699636e+01   7.2311582e+01   5.2830010e+01   7.2542547e+01   7.2156856e+01   5.2334157e+01   7.2643192e+01   7.2164710e+01   7.1990721e+01   7.2682057e+01   5.2656596e+01   5.1992853e+01   7.2013233e+01   7.2751393e+01   7.2040050e+01   5.2594766e+01   7.2184918e+01   7.2428367e+01   7.2466558e+01   5.2141945e+01   7.2345862e+01   5.2228746e+01   7.2407253e+01   7.2218580e+01   7.1829127e+01   7.2604919e+01   7.2306518e+01   7.2340634e+01   5.2365295e+01   7.2142641e+01
   5.1818256e+01   7.1661199e+01   5.1990924e+01   7.1855736e+01   7.1870077e+01   5.1857124e+01   7.1841944e+01   7.1547033e+01   7.1412339e+01   7.1610901e+01   5.1894025e+01   5.1569202e+01   7.1690570e+01   7.2086037e+01   7.1662540e+01   5.1733630e+01   7.1717285e+01   7.1588069e+01   7.1628399e+01   5.1520614e+01   7.1813481e+01   5.1702039e+01   7.1568016e+01   7.1492002e+01   7.1532734e+01   7.1677607e+01   7.1549536e+01   7.1513775e+01   5.1659558e+01   7.1723621e+01
   5.1457160e+01   7.1192092e+01   5.1544925e+01   7.1150025e+01   7.1185155e+01   5.1462711e+01   7.1132486e+01   7.1145086e+01   7.1050338e+01   7.1195473e+01   5.1386910e+01   5.1435340e+01   7.1271621e+01   7.1286849e+01   7.1124210e+01   5.1508639e+01   7.1193948e+01   7.1043360e+01   7.1106579e+01   5.1369707e+01   7.1237891e+01   5.1362347e+01   7.1192950e+01   7.1118873e+01   7.1035098e+01   7.1127067e+01   7.1242849e+01   7.1073815e+01   5.1469505e+01   7.1213071e+01
   5.1358039e+01   7.0976143e+01   5.1289886e+01   7.1034677e+01   7.0942219e+01   5.1275449e+01   7.0982549e+01   7.0949145e+01   7.0948305e+01   7.0952190e+01   5.1310350e+01   5.1309636e+01   7.1033404e+01   7.1096364e+01   7.0941696e+01   5.1373557e+01   7.0998106e+01   7.0969273e+01   7.0978448e+01   5.1305208e+01   7.1052548e+01   5.1290323e+01   7.1001621e+01   7.0960642e+01   7.0928072e+01   7.0949634e+01   7.0980478e+01   7.0943914e+01   5.1296418e+01   7.0981418e+01
   5.1324836e+01   7.0954407e+01   5.1289886e+01   7.1009225e+01   7.0920899e+01   5.1274526e+01   7.0908681e+01   7.0935680e+01   7.0936167e+01   7.0948736e+01   5.1283275e+01   5.1293153e+01   7.1026776e+01   7.0954955e+01   7.0938897e+01   5.1370487e+01   7.0963525e+01   7.0959056e+01   7.0951265e+01   5.1291373e+01   7.1032594e+01   5.1279887e+01   7.0985380e+01   7.0927845e+01   7.0903338e+01   7.0940242e+01   7.0948375e+01   7.0905269e+01   5.1291360e+01   7.0967673e+01
