   5.3841062e+05   7.5864884e+05   5.9236054e+05   2.4896704e+05   1.9512982e+05   3.8549101e+05   1.1001269e+06   5.9924525e+05   3.3981221e+05   1.0928900e+06   1.6986462e+05   2.9905061e+05   4.1406712e+05   2.0412050e+05   4.6829124e+05   1.0988679e+05   2.7256228e+05   1.8508979e+05   3.0207186e+05   7.6512085e+05   6.9930918e+05   4.2941842e+05   1.6484025e+05   5.0423122e+05   4.1826367e+05   5.0308918e+05   2.0380758e+05   9.1167179e+04   6.0804051e+05   3.1017801e+05
   4.4279529e+05   1.3678565e+05   2.6343286e+05   2.4896704e+05   3.9633573e+04   1.7642934e+05   5.0258064e+05   2.4832530e+05   3.3981221e+05   3.1303159e+05   1.0823405e+05   9.1190785e+04   1.9366667e+05   6.5237011e+04   9.9667574e+04   1.0988679e+05   2.7256228e+05   1.8508979e+05   3.0207186e+05   1.6749959e+05   2.0314583e+05   2.6438751e+05   1.6484025e+05   1.3880651e+05   1.8793308e+05   3.1947203e+05   1.3168231e+05   9.1167179e+04   2.1991090e+05   3.1017801e+05
   1.1206832e+05   8.4091941e+04   2.2920512e+05   1.6385963e+05   3.9633573e+04   7.9588676e+04   1.6015815e+05   2.0552416e+05   4.5757654e+04   8.6345724e+04   4.2584231e+04   5.2593207e+04   8.1900149e+04   6.5237011e+04   9.9667574e+04   1.0988679e+05   4.2433510e+04   5.1206428e+04   2.9468041e+04   1.5248889e+05   1.9458828e+05   5.6859616e+04   1.6484025e+05   1.3880651e+05   1.8793308e+05   3.1947203e+05   1.2958636e+05   9.1167179e+04   1.8666860e+05   8.1264259e+04
   1.1206832e+05   8.4091941e+04   9.4765252e+04   1.1332142e+05   3.9633573e+04   7.9588676e+04   7.4500970e+04   1.3953706e+05   4.5757654e+04   1.4105295e+04   4.2584231e+04   5.2593207e+04   5.4684202e+04   6.5237011e+04   9.9667574e+04   9.1448700e+04   4.2433510e+04   5.1206428e+04   2.5980782e+04   1.2602629e+05   1.1152040e+05   5.6859616e+04   1.3280331e+05   6.0604947e+04   9.1519112e+04   8.5500970e+04   1.2009542e+05   6.9197266e+04   1.8666860e+05   7.2852152e+04
   4.1882403e+04   8.4091941e+04   7.4240499e+04   8.7194449e+04   3.9633573e+04   3.0844338e+04   6.9630534e+04   8.1585421e+03   4.5757654e+04   1.4105295e+04   4.2584231e+04   5.2593207e+04   5.4684202e+04   1.7984423e+04   9.9667574e+04   4.8452588e+04   4.2433510e+04   4.8495246e+04   2.5980782e+04   4.6832058e+04   8.3245230e+04   3.8644389e+04   3.4812372e+04   5.3807055e+04   8.5770097e+04   8.5500970e+04   1.0088262e+05   6.9197266e+04   1.4210239e+05   7.2852152e+04
   3.2509251e+04   4.3243784e+04   5.1942195e+04   1.1945116e+04   3.6900016e+04   1.8033090e+04   3.6302190e+04   8.1585421e+03   4.2482379e+04   1.4105295e+04   5.0355500e+03   2.6992126e+04   1.2073278e+04   1.7984423e+04   3.8807274e+04   6.1962180e+03   3.0921604e+04   3.6951915e+04   2.3387441e+04   2.5911713e+04   6.5287364e+03   3.7101203e+04   1.6427509e+04   2.0946005e+04   6.7311630e+04   3.6671126e+04   3.5727399e+04   4.2709870e+04   6.3278763e+04   5.6020550e+04
   2.0030194e+03   9.5135639e+03   1.1263830e+03   5.6983089e+03   4.0433989e+03   2.2649692e+03   6.4060933e+03   7.0949203e+03   3.8118477e+03   7.4388268e+03   5.0355500e+03   2.4340267e+03   4.7645588e+03   1.4784554e+03   2.0910685e+03   2.9330605e+03   1.1915268e+04   7.9980725e+03   6.5392292e+03   4.7012590e+03   6.5287364e+03   2.2415976e+03   1.6427509e+04   1.3939767e+04   3.3598360e+03   1.3756510e+04   1.9664594e+03   1.2820874e+03   7.4793298e+03   5.5683893e+03
   9.3108605e+02   9.2016911e+02   7.5097007e+02   3.4325189e+02   4.9143808e+02   1.0458121e+03   1.3135479e+03   6.8875703e+02   4.1747075e+02   6.0031180e+02   6.9642995e+02   7.7780271e+02   6.4291694e+02   3.6531472e+02   5.4964014e+02   9.1685036e+02   1.3165324e+03   1.7560408e+03   6.2745000e+02   2.6710994e+03   8.0789322e+02   4.2075387e+02   1.2099396e+03   1.2511346e+03   1.1639809e+02   3.2113610e+02   4.1633081e+02   3.4245043e+02   1.7834537e+03   2.5888620e+03
   2.5574277e+01   2.5898750e+01   2.1737513e+01   1.6930572e+01   2.5354347e+01   2.3958784e+01   2.8322776e+01   3.5418393e+01   2.3682989e+01   2.5400162e+01   2.6925787e+01   2.0744620e+01   2.2426505e+01   1.8177373e+01   3.6764475e+01   1.9968518e+01   2.4871490e+01   2.5848677e+01   1.8314363e+01   2.6482910e+01   3.7110312e+01   2.1644715e+01   1.7315855e+01   1.9291727e+01   2.2894926e+01   1.8812724e+01   2.3155588e+01   2.6135903e+01   1.6951708e+01   2.4707645e+01
   8.4606996e+00   1.1084910e+01   9.9187465e+00   8.5057741e+00   1.1185183e+01   1.0161223e+01   9.8902142e+00   1.1506008e+01   1.0247644e+01   1.0651746e+01   1.1999325e+01   1.1088358e+01   9.9014243e+00   8.8911034e+00   1.0369890e+01   1.1030464e+01   9.2946334e+00   8.8835400e+00   9.9391448e+00   9.5192743e+00   9.9225048e+00   8.5546300e+00   9.9094456e+00   9.8593093e+00   9.6088705e+00   9.9293246e+00   8.5541662e+00   1.0161254e+01   9.3690683e+00   9.9741250e+00
   8.4052093e+00   9.5414343e+00   7.9731561e+00   8.5057741e+00   9.2693058e+00   9.1898201e+00   9.2325540e+00   8.7886163e+00   8.3244116e+00   8.1702249e+00   7.6292188e+00   9.3104648e+00   6.9458927e+00   8.8911034e+00   9.6310817e+00   7.6517993e+00   8.3922925e+00   8.8835400e+00   7.8831440e+00   8.8344979e+00   7.4775591e+00   7.7657050e+00   9.3925601e+00   8.0520186e+00   7.1036762e+00   8.8449285e+00   7.0020200e+00   7.7478025e+00   8.9598618e+00   8.1833553e+00
   6.1667482e+00   5.0865284e+00   4.6759157e+00   5.1239365e+00   5.1961278e+00   5.8886660e+00   6.8925439e+00   5.3072961e+00   4.4340842e+00   5.5768134e+00   6.3594231e+00   5.6432080e+00   5.3320277e+00   5.3608230e+00   7.4664457e+00   4.8030942e+00   5.5529400e+00   6.2702066e+00   5.2792490e+00   5.4278398e+00   6.6052324e+00   5.5665847e+00   6.6478512e+00   4.4674182e+00   5.8425242e+00   6.2349354e+00   5.4965200e+00   7.1000866e+00   6.0433244e+00   6.4127157e+00
   2.9183337e+00   2.6758905e+00   3.4464078e+00   2.8130251e+00   2.8195953e+00   2.4669722e+00   2.7429145e+00   2.5823339e+00   3.3796865e+00   2.8474511e+00   3.0736605e+00   2.9204741e+00   2.4621961e+00   3.1446599e+00   3.3446949e+00   2.4537725e+00   2.8869599e+00   2.5329047e+00   2.6944646e+00   2.7389617e+00   3.4139751e+00   2.9648280e+00   2.8539907e+00   3.2850323e+00   2.9033793e+00   3.2766227e+00   3.2064580e+00   2.4293069e+00   2.5345572e+00   2.7649015e+00
   1.4602169e+00   1.5132665e+00   1.5319490e+00   1.5747854e+00   1.4842422e+00   1.6639527e+00   1.5303436e+00   1.4091065e+00   1.6403373e+00   1.6165849e+00   1.5140840e+00   1.5543604e+00   1.4077433e+00   1.5564147e+00   1.2894321e+00   1.2923875e+00   1.2543023e+00   1.3590385e+00   1.3892284e+00   1.4494028e+00   1.7210713e+00   1.5464545e+00   1.5302350e+00   1.4748589e+00   1.4204485e+00   1.6219955e+00   1.5441249e+00   1.4436324e+00   1.5475965e+00   1.4437155e+00
   8.5474255e-01   8.1699656e-01   8.7882639e-01   8.4583903e-01   8.4805782e-01   8.8543637e-01   8.5871310e-01   8.6587545e-01   7.5517757e-01   7.4819987e-01   8.3972796e-01   8.2277635e-01   8.8917388e-01   8.5524536e-01   7.2681959e-01   7.3474538e-01   8.7608695e-01   7.0336051e-01   8.2834947e-01   5.9418657e-01   7.5905198e-01   8.4495761e-01   7.7819276e-01   9.9353489e-01   8.0251921e-01   8.7498309e-01   8.1199947e-01   8.4156958e-01   9.0697093e-01   8.8489490e-01
   5.8164628e-01   6.3406214e-01   6.1328065e-01   6.2064967e-01   5.7827202e-01   6.3501996e-01   6.1217774e-01   5.4302465e-01   6.0558496e-01   5.1763187e-01   4.8902052e-01   5.4599454e-01   6.1837192e-01   5.0374654e-01   5.7963112e-01   5.2666166e-01   6.1751645e-01   5.6087842e-01   5.2588299e-01   4.3796009e-01   5.7756358e-01   5.5517144e-01   5.1837653e-01   6.3521975e-01   5.4344314e-01   5.2492953e-01   5.8107310e-01   5.3821569e-01   5.5367970e-01   5.4740977e-01
