   1.3393152e+03   1.4502809e+03   1.2321852e+03   1.1830922e+03   1.3008896e+03   1.4085274e+03   1.4774652e+03   1.2480847e+03   1.4922284e+03   1.2671744e+03   1.2043348e+03   1.2087714e+03   1.4337324e+03   1.3387111e+03   1.2537229e+03   1.1472575e+03   1.0635241e+03   1.1699358e+03   1.3903841e+03   1.4994093e+03   1.3289874e+03   1.4848904e+03   1.3944196e+03   1.4053632e+03   1.4419556e+03   1.4864533e+03   1.5612842e+03   1.2856484e+03   1.3515791e+03   1.1393994e+03
   1.3167128e+03   8.7280568e+02   1.1426427e+03   1.1830922e+03   1.2939782e+03   1.1034138e+03   1.1548307e+03   1.2249118e+03   1.2184738e+03   1.2005414e+03   1.1751046e+03   1.2087714e+03   1.2125930e+03   1.2046275e+03   8.4842835e+02   1.1461765e+03   1.0635241e+03   1.1699358e+03   1.2216564e+03   1.3077901e+03   1.0365444e+03   1.0462436e+03   1.3358711e+03   9.4769516e+02   1.1921511e+03   1.2035095e+03   1.0159272e+03   1.1477080e+03   1.0723968e+03   1.1152934e+03
   1.0225273e+03   8.7280568e+02   9.9861015e+02   1.0165988e+03   7.1305251e+02   1.0882840e+03   9.6545498e+02   1.0467129e+03   1.0978247e+03   1.1265115e+03   1.0329698e+03   9.9252056e+02   1.0928886e+03   1.0934883e+03   8.4842835e+02   1.0664074e+03   1.0436479e+03   9.2725942e+02   9.8421226e+02   7.0516604e+02   9.9725082e+02   7.3388108e+02   1.0874772e+03   9.4769516e+02   9.0618580e+02   1.1769126e+03   1.0159272e+03   1.0645762e+03   1.0163253e+03   1.1152934e+03
   6.7534005e+02   8.7280568e+02   9.7212293e+02   9.8898605e+02   7.1305251e+02   1.0005724e+03   8.3667264e+02   1.0467129e+03   9.5037888e+02   1.0251137e+03   8.3398614e+02   9.2579850e+02   8.7497994e+02   8.7351384e+02   8.4842835e+02   9.8587918e+02   9.6397005e+02   9.2725942e+02   9.8421226e+02   7.0516604e+02   9.7508757e+02   7.3388108e+02   6.2112987e+02   8.1527527e+02   9.0618580e+02   7.2076697e+02   9.0626139e+02   1.0583105e+03   8.8860595e+02   1.1152934e+03
   6.7534005e+02   7.1209175e+02   7.9700776e+02   8.9216649e+02   5.2644497e+02   8.3907582e+02   7.3193632e+02   6.4093175e+02   8.2534331e+02   8.9895230e+02   8.3398614e+02   9.2579850e+02   5.1698712e+02   8.7351384e+02   8.4842835e+02   5.4598983e+02   7.6780983e+02   6.7581157e+02   7.1289229e+02   6.2697197e+02   9.4944808e+02   7.3388108e+02   6.2112987e+02   8.1527527e+02   9.0618580e+02   6.7202193e+02   8.2654265e+02   8.3426846e+02   8.8860595e+02   9.2397121e+02
   6.7534005e+02   7.1209175e+02   7.7323965e+02   8.0021747e+02   5.2644497e+02   7.0805398e+02   6.8842059e+02   6.4093175e+02   6.2877575e+02   4.5722434e+02   6.9764277e+02   5.2986644e+02   5.1698712e+02   7.4812494e+02   6.1653751e+02   5.4598983e+02   7.2092112e+02   6.7581157e+02   6.0105996e+02   6.2310882e+02   5.2299539e+02   4.9526615e+02   5.9752516e+02   6.9576546e+02   8.1889142e+02   6.7202193e+02   5.9126118e+02   6.5670621e+02   8.0519273e+02   5.9996977e+02
   3.8563892e+02   4.5186307e+02   4.4749914e+02   4.1467607e+02   3.7745945e+02   3.7910351e+02   4.8406938e+02   3.5558331e+02   3.7022828e+02   3.2500819e+02   3.6228139e+02   4.3311261e+02   3.4090914e+02   3.5463274e+02   2.6603792e+02   3.4365136e+02   4.1738357e+02   3.9300079e+02   4.2796183e+02   4.1294320e+02   2.9093137e+02   4.3982764e+02   2.6560659e+02   4.0444056e+02   4.4495291e+02   4.4562646e+02   3.4798563e+02   3.1120715e+02   4.2345595e+02   4.2644649e+02
   1.9810161e+02   1.6725678e+02   1.7605574e+02   1.6578938e+02   1.7772228e+02   1.8167580e+02   1.4237225e+02   1.6947100e+02   1.9890647e+02   1.6372253e+02   1.8989741e+02   1.5653105e+02   1.5581765e+02   1.6496435e+02   1.5489916e+02   1.6444226e+02   1.8450377e+02   1.7933234e+02   1.8108317e+02   1.8867858e+02   1.6408869e+02   1.6671794e+02   1.9687647e+02   1.9343967e+02   1.5642061e+02   1.6805238e+02   1.5355526e+02   1.6104726e+02   1.9005427e+02   1.7702267e+02
   5.5467599e+01   5.5881488e+01   5.5300656e+01   4.8355103e+01   5.3497735e+01   5.9546209e+01   6.1128625e+01   6.3710370e+01   5.8452461e+01   5.3368476e+01   5.5373536e+01   5.3338908e+01   5.7846280e+01   5.9566697e+01   5.0310745e+01   5.2299000e+01   5.7019290e+01   5.1923249e+01   5.5758647e+01   5.1255287e+01   4.7818498e+01   5.9224143e+01   5.8458012e+01   5.6671052e+01   5.4907769e+01   6.3303094e+01   6.2837624e+01   6.1111754e+01   5.6584212e+01   5.3093604e+01
   7.4330112e+00   8.2984004e+00   8.0123903e+00   6.2410826e+00   7.8720905e+00   7.9038627e+00   6.1476702e+00   7.7498742e+00   7.9487090e+00   7.7344229e+00   7.6185786e+00   6.8884978e+00   7.7919855e+00   8.1097022e+00   7.7838007e+00   7.4518316e+00   6.5416023e+00   6.4954411e+00   7.2804753e+00   8.8117481e+00   6.8191720e+00   8.2570244e+00   9.0541423e+00   6.9120411e+00   7.5603367e+00   7.8541147e+00   7.6628941e+00   6.9686673e+00   5.9747616e+00   8.4124701e+00
   1.0756646e-02   1.0789981e-02   1.0909331e-02   9.3995701e-03   1.2579761e-02   1.4316114e-02   1.1485520e-02   1.1132775e-02   8.5193371e-03   1.3464759e-02   9.0069877e-03   1.1277397e-02   1.1378129e-02   9.3607058e-03   1.1388739e-02   9.9077172e-03   9.9960036e-03   1.0621997e-02   9.7477153e-03   1.2734404e-02   1.1334479e-02   1.5385070e-02   1.3611228e-02   1.0102508e-02   9.6939927e-03   1.0949744e-02   9.3721716e-03   8.1678513e-03   9.1759246e-03   1.2721552e-02
   4.0153054e-07   4.2215288e-07   4.6444802e-07   3.2570142e-07   4.5643083e-07   2.7681563e-07   3.9136603e-07   5.0697417e-07   4.0688337e-07   5.9434478e-07   3.7982363e-07   4.2335114e-07   4.4963417e-07   3.3956212e-07   4.4700391e-07   4.4695207e-07   3.5756148e-07   3.4562663e-07   3.1458239e-07   4.8257016e-07   3.9311135e-07   5.8652586e-07   5.5443570e-07   3.2958314e-07   3.6651636e-07   4.1501335e-07   2.8475051e-07   3.2703929e-07   4.4690341e-07   3.8878079e-07
   0.0000000e+00   0.0000000e+00   0.0000000e+00   0.0000000e+00   0.0000000e+00   0.0000000e+00   0.0000000e+00   0.0000000e+00   0.0000000e+00   0.0000000e+00   0.0000000e+00   0.0000000e+00   0.0000000e+00   0.0000000e+00   0.0000000e+00   0.0000000e+00   0.0000000e+00   0.0000000e+00   0.0000000e+00   0.0000000e+00   0.0000000e+00   0.0000000e+00   0.0000000e+00   0.0000000e+00   0.0000000e+00   0.0000000e+00   0.0000000e+00   0.0000000e+00   0.0000000e+00   0.0000000e+00
   0.0000000e+00   0.0000000e+00   0.0000000e+00   0.0000000e+00   0.0000000e+00   0.0000000e+00   0.0000000e+00   0.0000000e+00   0.0000000e+00   0.0000000e+00   0.0000000e+00   0.0000000e+00   0.0000000e+00   0.0000000e+00   0.0000000e+00   0.0000000e+00   0.0000000e+00   0.0000000e+00   0.0000000e+00   0.0000000e+00   0.0000000e+00   0.0000000e+00   0.0000000e+00   0.0000000e+00   0.0000000e+00   0.0000000e+00   0.0000000e+00   0.0000000e+00   0.0000000e+00   0.0000000e+00
   0.0000000e+00   0.0000000e+00   0.0000000e+00   0.0000000e+00   0.0000000e+00   0.0000000e+00   0.0000000e+00   0.0000000e+00   0.0000000e+00   0.0000000e+00   0.0000000e+00   0.0000000e+00   0.0000000e+00   0.0000000e+00   0.0000000e+00   0.0000000e+00   0.0000000e+00   0.0000000e+00   0.0000000e+00   0.0000000e+00   0.0000000e+00   0.0000000e+00   0.0000000e+00   0.0000000e+00   0.0000000e+00   0.0000000e+00   0.0000000e+00   0.0000000e+00   0.0000000e+00   0.0000000e+00
   0.0000000e+00   0.0000000e+00   0.0000000e+00   0.0000000e+00   0.0000000e+00   0.0000000e+00   0.0000000e+00   0.0000000e+00   0.0000000e+00   0.0000000e+00   0.0000000e+00   0.0000000e+00   0.0000000e+00   0.0000000e+00   0.0000000e+00   0.0000000e+00   0.0000000e+00   0.0000000e+00   0.0000000e+00   0.0000000e+00   0.0000000e+00   0.0000000e+00   0.0000000e+00   0.0000000e+00   0.0000000e+00   0.0000000e+00   0.0000000e+00   0.0000000e+00   0.0000000e+00   0.0000000e+00
