   1.1001612e+07   2.4786702e+07   2.7052502e+07   1.6779929e+07   2.8781995e+07   1.7151636e+07   1.0399816e+07   3.0400104e+06   2.0869690e+07   2.1895003e+07   1.1434553e+07   1.1527980e+07   1.0029111e+07   8.6088637e+06   5.8542822e+06   3.6841609e+06   1.0854340e+07   1.0382724e+07   5.4697324e+06   3.4311210e+07   1.2255072e+07   2.7646510e+07   2.0524775e+06   4.0595294e+06   3.6389272e+06   4.5160182e+06   1.0556715e+06   1.0824180e+07   7.7149984e+06   1.7034534e+07
   4.3569917e+06   7.6064369e+06   1.7370080e+07   1.0425854e+07   4.2167342e+06   6.7029144e+06   1.0354364e+07   1.1100122e+06   1.1854960e+07   1.6127385e+07   1.1434553e+07   1.1527980e+07   1.0029111e+07   8.6088637e+06   5.8542822e+06   3.6841609e+06   1.0854340e+07   1.0382724e+07   5.4697324e+06   2.1134059e+07   1.2255072e+07   2.5952361e+07   2.0524775e+06   4.0595294e+06   2.3339762e+06   4.5160182e+06   1.0556715e+06   1.0824180e+07   7.7149984e+06   6.9651258e+06
   4.3569917e+06   7.6064369e+06   1.7370080e+07   1.0425854e+07   4.2167342e+06   6.7029144e+06   6.2970977e+06   1.1100122e+06   1.1589461e+07   9.4329374e+06   1.1434553e+07   1.1527980e+07   1.0029111e+07   8.6088637e+06   5.8542822e+06   3.6841609e+06   8.1968161e+06   7.0251763e+06   5.4697324e+06   9.7503445e+06   2.5871614e+06   7.3465388e+06   2.0524775e+06   7.8752875e+05   2.3339762e+06   4.1900704e+06   1.0556715e+06   6.6166915e+06   3.4509288e+06   6.9651258e+06
   3.4839622e+06   7.6057651e+06   1.7370080e+07   1.0425854e+07   4.2167342e+06   6.7029144e+06   2.7818813e+06   1.1100122e+06   2.6683808e+06   4.0542633e+06   1.1434553e+07   6.7308756e+05   2.8666530e+06   5.5969314e+06   5.8542822e+06   3.6841609e+06   2.8798269e+06   7.0251763e+06   5.4697324e+06   6.9970490e+06   2.5871614e+06   4.3864804e+06   2.0524775e+06   7.8752875e+05   2.3339762e+06   4.1900704e+06   1.0556715e+06   6.6166915e+06   3.4509288e+06   6.3203794e+06
   3.4839622e+06   7.6057651e+06   1.3330560e+07   2.7400735e+06   1.5546246e+06   6.7029144e+06   2.7818813e+06   1.1100122e+06   2.6683808e+06   4.0542633e+06   4.4035046e+06   6.7308756e+05   2.1196273e+06   5.5969314e+06   5.8542822e+06   3.6841609e+06   2.8798269e+06   7.0251763e+06   5.4697324e+06   2.7332559e+06   2.5871614e+06   4.3864804e+06   2.0524775e+06   7.8752875e+05   2.3339762e+06   4.1900704e+06   1.0556715e+06   6.6166915e+06   3.4509288e+06   4.5235293e+06
   1.7279486e+06   7.6057651e+06   5.5639632e+06   8.2835271e+05   9.1623707e+05   4.5431627e+06   2.7818813e+06   1.1100122e+06   2.3098803e+06   4.0542633e+06   4.4035046e+06   6.7308756e+05   2.1196273e+06   3.8682988e+06   5.3338252e+06   3.6841609e+06   2.8798269e+06   8.4447677e+05   1.8229560e+06   2.7332559e+06   8.5603932e+05   4.1882348e+06   2.0524775e+06   7.8752875e+05   2.3339762e+06   1.4824701e+06   1.0556715e+06   6.2277667e+06   3.4509288e+06   4.5235293e+06
   1.7279486e+06   1.3301666e+06   2.6977579e+06   8.2835271e+05   9.1623707e+05   1.5036697e+06   1.3990499e+06   1.1100122e+06   2.2793113e+06   1.1191012e+06   1.6531431e+06   6.7308756e+05   2.1196273e+06   3.1671343e+05   2.7271704e+06   1.3603624e+06   2.8798269e+06   8.4447677e+05   8.5168798e+05   1.0158058e+06   8.5603932e+05   2.1354726e+06   2.0524775e+06   7.8752875e+05   7.2074336e+05   1.4559818e+06   1.0556715e+06   1.7237302e+06   2.4423165e+06   2.4372531e+06
   1.1284787e+06   6.2016146e+05   2.3150196e+05   4.2266063e+05   4.4480541e+05   1.5036697e+06   8.3182471e+05   9.3635838e+05   4.2260753e+05   1.8831199e+05   1.6531431e+06   4.4305316e+05   1.2696661e+06   3.1671343e+05   1.9005715e+06   8.5026015e+05   4.3168872e+05   3.6277003e+05   6.0131871e+05   9.2614434e+05   8.5603932e+05   7.5785705e+05   9.2367354e+05   3.0545776e+05   7.2074336e+05   1.0380193e+06   7.3621069e+05   8.6803888e+05   7.8332392e+05   9.6615795e+05
   7.8056902e+04   2.1014360e+05   1.7361578e+05   1.3577140e+05   1.3553252e+05   9.1412685e+04   2.2960886e+05   1.2883078e+05   9.5866616e+04   1.2272781e+05   1.3283150e+05   5.4927281e+04   1.8100032e+05   2.4713643e+05   1.3109457e+05   4.9078802e+04   2.2194701e+05   2.6429265e+05   4.7647186e+04   1.0714433e+05   7.5561953e+04   1.2322623e+05   1.6249184e+05   1.0992480e+05   8.4384181e+04   5.4171062e+04   1.0377612e+05   2.6842161e+05   9.4883610e+04   1.2548287e+05
   4.1046021e+03   3.3863215e+03   4.2135228e+03   4.1269960e+03   3.3599859e+03   3.0296271e+03   2.5472626e+03   4.8889163e+03   3.3649178e+03   3.2049392e+03   3.3196095e+03   3.8761196e+03   3.1698870e+03   4.4048343e+03   3.1290166e+03   3.2993890e+03   3.3595831e+03   4.3533601e+03   2.1383407e+03   4.1714429e+03   2.7229437e+03   4.0985074e+03   2.9292199e+03   3.5921961e+03   2.0485864e+03   3.8968887e+03   3.5442151e+03   4.8197493e+03   2.6740109e+03   3.7374834e+03
   3.9754239e+02   4.5991009e+02   6.7426220e+02   3.0911658e+02   6.2916329e+02   6.5261462e+02   6.3776172e+02   5.6157413e+02   4.9034701e+02   4.5279665e+02   4.2668974e+02   4.1395556e+02   5.3762592e+02   5.7724731e+02   3.2247982e+02   7.1841173e+02   5.3029839e+02   4.8378762e+02   5.5862815e+02   2.7630026e+02   3.5387953e+02   3.9774063e+02   4.3674819e+02   3.9557073e+02   5.8763034e+02   6.6450703e+02   4.8822569e+02   7.3768442e+02   4.9580763e+02   5.6428857e+02
   2.5224989e+02   2.3856485e+02   1.7618356e+02   3.0911658e+02   1.6945456e+02   3.2529825e+02   2.8513534e+02   1.7467525e+02   3.3748127e+02   1.6077315e+02   2.3497377e+02   2.7291079e+02   1.7623849e+02   3.5936234e+02   3.1193587e+02   3.0354901e+02   1.5842156e+02   2.4940551e+02   1.8914181e+02   8.4087532e+01   2.2279532e+02   2.7273479e+02   1.6172758e+02   2.1185890e+02   2.3814399e+02   1.5107779e+02   2.3689002e+02   2.7443848e+02   1.8358121e+02   1.1621375e+02
   8.4399988e+01   1.0924790e+02   1.1005826e+02   1.1364253e+02   1.0778390e+02   1.2129211e+02   1.2831353e+02   1.2652206e+02   1.1159240e+02   7.0481246e+01   1.7101500e+02   1.1308047e+02   6.2747173e+01   1.1263622e+02   1.2931775e+02   1.3325684e+02   1.1229388e+02   8.0247677e+01   1.0977384e+02   6.3121518e+01   1.0266231e+02   1.2032446e+02   6.8439466e+01   3.9920462e+01   6.2883839e+01   6.3500100e+01   6.7828390e+01   6.9485932e+01   6.5841506e+01   7.7899615e+01
   1.9488704e+01   2.5119492e+01   3.2277510e+01   4.0524258e+01   1.6287273e+01   2.8739729e+01   2.9721408e+01   2.0468924e+01   2.4987957e+01   1.0914985e+01   4.0225896e+01   5.9331851e+01   1.5900458e+01   3.8762870e+01   3.8079395e+01   5.2882744e+01   1.3639838e+01   1.6731650e+01   4.3804799e+01   1.1594334e+01   3.2214492e+01   1.5979658e+01   1.3802133e+01   4.9192547e+00   1.8107561e+01   2.8940309e+01   1.1807887e+01   4.4000486e+01   1.7783807e+01   3.9716297e+01
   1.8103116e+00   8.1320805e-01   8.2612276e-01   8.3162493e-01   6.4149928e-01   6.5607898e-01   8.1217330e-01   8.3108464e-01   9.2107879e+00   4.7546166e-01   9.5981310e-01   6.7548041e-01   6.7431344e-01   8.2180763e-01   9.7899488e-01   7.9465854e-01   1.1438933e+00   5.6836152e-01   8.3166270e-01   6.5918126e-01   8.1645588e-01   9.8506486e-01   9.6835267e-01   9.8778273e-01   8.3022501e-01   8.1335711e-01   8.2627659e-01   9.8711720e-01   8.3166577e-01   8.2719953e-01
   1.8103116e+00   8.1000505e-01   8.2596968e-01   8.3160937e-01   6.4142394e-01   6.5603253e-01   8.1216059e-01   8.3098387e-01   9.2107452e+00   3.9774253e-01   9.4673017e-01   6.7545942e-01   6.7409071e-01   8.2151664e-01   9.7874576e-01   7.9362020e-01   1.1438925e+00   5.6834674e-01   8.3166031e-01   6.5915447e-01   8.1223177e-01   9.8505459e-01   9.6835261e-01   9.8778251e-01   8.3008505e-01   8.1321749e-01   8.2577148e-01   9.8701546e-01   8.3166563e-01   8.2710207e-01
