   6.4300042e+02   4.7609387e+02   4.0877329e+02   2.8220633e+02   3.3909364e+02   4.3900024e+02   5.0644599e+02   5.3905440e+02   5.2543649e+02   2.5919644e+02   4.5727791e+02   1.9072207e+02   3.6341084e+02   3.8812530e+02   5.3036114e+02   5.0202743e+02   3.8955957e+02   4.4640489e+02   3.9464729e+02   5.0410848e+02   7.5852257e+02   3.9915399e+02   2.4619017e+02   5.0893221e+02   4.9072490e+02   4.2502661e+02   5.6871274e+02   6.3158092e+02   2.9234273e+02   5.0607643e+02
   4.5424823e+02   3.5532498e+02   2.3082899e+02   2.8220633e+02   3.3909364e+02   3.9845222e+02   5.0644599e+02   5.2226851e+02   5.2543649e+02   2.5919644e+02   4.5727791e+02   1.9072207e+02   3.6341084e+02   3.8812530e+02   5.3036114e+02   5.0202743e+02   3.8955957e+02   4.4640489e+02   3.9464729e+02   5.0410848e+02   2.9101524e+02   3.9915399e+02   2.4619017e+02   5.0893221e+02   4.8347019e+02   4.2502661e+02   4.9002226e+02   5.1370439e+02   2.9234273e+02   2.2812652e+02
   2.3516232e+02   3.2557787e+02   2.3082899e+02   2.8220633e+02   3.3909364e+02   3.9189072e+02   5.0644599e+02   5.1434637e+02   5.2543649e+02   2.5919644e+02   2.7596210e+02   1.9072207e+02   3.6341084e+02   3.8812530e+02   2.0420487e+02   5.0202743e+02   2.6539237e+02   4.4640489e+02   3.9464729e+02   5.0410848e+02   2.8177472e+02   3.7675233e+02   2.4619017e+02   5.0893221e+02   4.5422404e+02   6.5518564e+01   1.8343017e+02   4.8171278e+02   2.9234273e+02   2.2812652e+02
   2.3516232e+02   3.2557787e+02   2.3082899e+02   9.8915357e+01   3.3909364e+02   3.9189072e+02   5.0644599e+02   4.1657873e+02   3.3352145e+02   2.5919644e+02   2.7596210e+02   1.3195950e+02   3.6341084e+02   2.1866454e+02   2.0420487e+02   4.5534560e+02   2.6539237e+02   3.5262891e+02   3.0070721e+02   2.8459416e+02   2.8177472e+02   3.7675233e+02   2.4619017e+02   4.3475250e+02   3.6557729e+02   6.5518564e+01   1.8343017e+02   3.8985452e+02   2.9234273e+02   2.2812652e+02
   2.3516232e+02   2.4944827e+02   1.8511469e+02   9.8915357e+01   2.0644360e+02   7.7732903e+01   2.2906957e+02   3.8407054e+02   2.8745354e+02   2.5919644e+02   1.7175570e+02   1.3195950e+02   2.7021270e+02   9.9161711e+01   2.0420487e+02   2.6281357e+02   2.6539237e+02   3.4699878e+02   2.3036731e+02   2.8459416e+02   1.2536901e+02   8.3897895e+01   2.4619017e+02   3.4071381e+02   7.4506049e+01   6.5518564e+01   1.5715234e+02   3.1080474e+02   1.7444855e+02   2.2812652e+02
   2.3516232e+02   2.4944827e+02   1.2051149e+02   9.8915357e+01   1.7056820e+02   7.3147803e+01   9.8905277e+01   2.4092991e+02   1.3425866e+02   1.8461788e+02   1.7175570e+02   1.3195950e+02   2.2914694e+02   9.9161711e+01   2.0420487e+02   1.4257207e+02   1.1349944e+02   7.2501717e+01   1.4962204e+02   9.7244123e+01   1.2536901e+02   8.3897895e+01   2.4619017e+02   1.9167254e+02   7.4506049e+01   6.3984018e+01   5.8100301e+01   2.5580520e+02   1.7444855e+02   5.0225389e+01
   6.6640392e+01   1.3836104e+02   1.2034764e+02   9.8915357e+01   1.2598864e+02   7.3147803e+01   9.4668519e+01   1.8483371e+02   1.3425866e+02   1.4244576e+02   9.7856085e+01   1.3195950e+02   1.4618371e+02   9.9161711e+01   1.0914733e+02   1.1482971e+02   1.1329074e+02   7.2501717e+01   1.4962204e+02   9.7244123e+01   1.2536901e+02   8.3897895e+01   1.5306441e+02   1.1952911e+02   7.4506049e+01   6.3984018e+01   5.1699398e+01   1.8473096e+02   1.0875510e+02   5.0225389e+01
   4.5294068e+01   9.1536194e+01   5.1690538e+01   4.6376370e+01   1.1061519e+02   4.2832925e+01   7.2935162e+01   1.3240153e+02   1.1126065e+02   5.9344394e+01   9.2565270e+01   7.7996739e+01   7.3096252e+01   9.9161711e+01   5.5987056e+01   6.3494340e+01   5.0615742e+01   6.7118532e+01   7.0944495e+01   3.2208749e+01   3.5415197e+01   8.3897895e+01   1.0208748e+02   9.1531056e+01   7.4506049e+01   6.0332390e+01   5.1699398e+01   1.4057921e+02   5.3025429e+01   5.0225389e+01
   2.8268020e+01   4.9590116e+01   3.8403186e+01   3.2353029e+01   7.8866966e+01   4.2832925e+01   2.2877778e+01   5.7972111e+01   4.7237397e+01   4.6880671e+01   4.3507835e+01   5.0166538e+01   4.7443497e+01   4.7475628e+01   5.1106215e+01   2.8070809e+01   5.0615742e+01   6.5999803e+01   5.2562842e+01   3.2208749e+01   1.6870541e+01   5.7897771e+01   2.8860219e+01   3.3908401e+01   1.8851646e+01   4.1961505e+01   5.1699398e+01   5.8772680e+01   5.3025429e+01   4.9379287e+01
   2.6686599e+01   2.0234376e+01   3.0390653e+01   1.7530870e+01   3.2683823e+01   2.2808736e+01   2.2877778e+01   3.1328287e+01   2.5535984e+01   4.6880671e+01   1.5936914e+01   2.1609855e+01   2.5193453e+01   3.3520887e+01   1.2791403e+01   1.5012131e+01   1.2538728e+01   2.8295277e+01   1.9264440e+01   2.9647912e+01   1.5813491e+01   2.8207130e+01   1.4110200e+01   1.8568887e+01   1.8851646e+01   3.2640235e+01   2.2498181e+01   4.9303405e+01   1.5124934e+01   2.1918654e+01
   1.7103279e+01   1.1560819e+01   1.0054121e+01   1.1423143e+01   1.7163623e+01   9.6725409e+00   7.4717329e+00   1.5513010e+01   1.0848604e+01   2.2867494e+01   1.0254262e+01   1.1264570e+01   1.4422715e+01   1.6104909e+01   1.0355792e+01   1.0396585e+01   1.2538728e+01   1.6737822e+01   1.3818113e+01   1.0952551e+01   6.6101518e+00   1.4270917e+01   9.5561876e+00   1.0988231e+01   1.4037473e+01   9.7850393e+00   5.4358830e+00   8.2007730e+00   8.9404028e+00   1.2198276e+01
   3.3008715e+00   3.1536788e+00   3.7653361e+00   5.1170918e+00   3.8117047e+00   3.8324386e+00   4.2979552e+00   4.6167348e+00   4.3877318e+00   3.3175151e+00   4.8909162e+00   3.9518576e+00   3.7416481e+00   4.0373029e+00   3.2850072e+00   3.3904195e+00   3.9467510e+00   6.8546518e+00   5.0522664e+00   2.8430960e+00   5.6858098e+00   4.7709788e+00   4.0029384e+00   5.2916789e+00   5.2510004e+00   3.8741104e+00   3.9055067e+00   4.7027395e+00   3.9703455e+00   4.6599115e+00
   1.7767666e+00   2.0012238e+00   1.9841593e+00   1.9286661e+00   2.1029705e+00   1.6522791e+00   2.0743364e+00   1.8828467e+00   2.2318606e+00   1.9785681e+00   2.1710398e+00   1.7974978e+00   1.8457861e+00   1.5045124e+00   1.0481658e+00   2.0559827e+00   1.8270361e+00   2.4040059e+00   2.2341274e+00   1.9554748e+00   2.0305531e+00   1.3200243e+00   2.2152486e+00   2.0204956e+00   1.9623802e+00   2.1951232e+00   1.6151878e+00   2.3760158e+00   1.7369514e+00   1.9969679e+00
   5.1429249e-01   7.1099254e-01   4.2804881e-01   6.0879737e-01   5.0006636e-01   4.4719108e-01   5.5453037e-01   3.9536959e-01   5.1181233e-01   4.8742788e-01   8.2956415e-01   4.7227347e-01   6.5622203e-01   5.0979778e-01   4.5107368e-01   5.5565150e-01   5.9545751e-01   1.0421550e+00   4.5761743e-01   4.9020055e-01   9.3536153e-01   4.9608576e-01   5.6330667e-01   7.7109779e-01   6.9059665e-01   5.0381220e-01   5.2930294e-01   6.7522619e-01   4.5425578e-01   7.3426807e-01
   5.7803574e-02   9.7379938e-02   4.2996113e-02   5.8165646e-02   5.2067220e-02   1.0822127e-01   7.2620997e-02   1.2277688e-01   6.2264748e-02   8.3488009e-02   1.7602354e-01   8.1650924e-02   7.3507466e-02   7.6288092e-02   5.8898891e-02   4.0964857e-02   5.8359037e-02   1.6696898e-01   5.1812098e-02   5.3055463e-02   9.6026794e-02   1.2900998e-01   1.3454620e-01   1.0482209e-01   8.1843680e-02   7.6062049e-02   4.6500802e-02   8.7252904e-02   1.0500637e-01   9.6154665e-02
   2.8152137e-02   4.9494619e-02   2.1227652e-02   1.4845989e-02   2.0810602e-02   6.3302579e-02   3.3583071e-02   5.6725107e-02   3.5709860e-02   5.6859517e-02   9.1791227e-02   4.7717676e-02   2.5266382e-02   4.5009693e-02   3.0594297e-02   1.7525277e-02   2.9016064e-02   5.4820091e-02   2.5837735e-02   2.5494106e-02   3.2694927e-02   7.0119199e-02   9.5634100e-02   4.5129386e-02   5.2664130e-02   5.5802988e-02   2.1770671e-02   5.3426406e-02   8.1753851e-02   5.8548743e-02
