   5.2584375e+06   1.0931217e+06   6.5200745e+06   1.4227750e+06   2.0897076e+07   9.3355031e+05   1.3898085e+06   9.5870477e+06   2.3567374e+06   7.8228829e+05   2.8094670e+06   4.8067580e+06   2.9756048e+06   4.9417995e+06   2.7027688e+06   1.4286786e+06   2.4964605e+06   3.1269626e+06   6.1892306e+06   7.0258616e+05   5.2161364e+05   1.0981882e+06   3.4306416e+06   1.5585374e+07   5.2049154e+06   1.1694786e+06   4.5574053e+05   5.0102788e+05   2.6878022e+06   2.8320695e+06
   5.2584375e+06   1.0695833e+06   1.4099952e+06   1.4227750e+06   6.3775561e+06   9.3355031e+05   1.1680040e+06   9.2199177e+06   2.3567374e+06   7.8228829e+05   1.6154216e+06   2.1887212e+06   1.7375673e+06   1.0864480e+06   2.4551028e+06   1.4286786e+06   1.8131733e+06   3.1269626e+06   5.7718762e+06   7.0258616e+05   5.2161364e+05   1.0981882e+06   5.3198314e+05   6.1923086e+06   2.6442987e+05   6.0076031e+05   4.5574053e+05   5.0102788e+05   2.5753667e+06   2.8320695e+06
   4.2551972e+06   1.0695833e+06   1.4099952e+06   2.7094558e+05   6.3775561e+06   9.3355031e+05   4.8447290e+05   1.8996130e+06   2.3567374e+06   7.8228829e+05   1.6154216e+06   7.8269672e+05   1.7375673e+06   1.0864480e+06   2.4551028e+06   1.3816810e+06   3.9259480e+05   1.1960382e+06   2.1856338e+06   7.0258616e+05   5.2161364e+05   4.6131566e+05   5.3198314e+05   3.6256964e+06   2.6442987e+05   6.0076031e+05   4.5574053e+05   5.0102788e+05   2.5753667e+06   2.8320695e+06
   1.2204625e+06   1.0695833e+06   8.4951216e+05   2.7094558e+05   1.7203185e+06   9.3355031e+05   4.8447290e+05   6.9351735e+05   1.2966043e+06   7.8228829e+05   5.2155415e+03   7.8269672e+05   1.7324139e+06   1.0864480e+06   2.4551028e+06   1.1615252e+06   3.9259480e+05   5.7984009e+05   2.1856338e+06   5.9645296e+05   5.2161364e+05   4.6131566e+05   5.3198314e+05   3.9938524e+05   2.6442987e+05   6.0076031e+05   4.5574053e+05   4.0708018e+05   9.2183396e+05   8.5700958e+05
   3.0630860e+05   8.1170019e+05   5.7754087e+05   2.7094558e+05   2.1655459e+04   5.0717516e+05   3.5032155e+05   2.8022107e+05   2.6108836e+05   1.3340004e+05   5.2155415e+03   3.3738943e+05   1.2573773e+06   4.1713400e+05   1.1984855e+05   1.0812967e+05   2.8549928e+05   4.0299276e+05   1.6299092e+06   5.9645296e+05   5.2160630e+05   3.4703484e+05   1.9005605e+05   2.4550523e+05   1.8872550e+05   6.0076031e+05   4.2072500e+05   2.8177225e+05   1.2778493e+05   6.4608875e+05
   3.0630860e+05   4.7395385e+05   1.3184286e+05   2.1101974e+05   2.1655459e+04   4.6080630e+05   8.9793556e+04   2.8022107e+05   3.4848715e+04   1.3326768e+05   5.2155415e+03   2.3681569e+05   2.5460160e+05   1.2410393e+05   5.2564379e+04   1.0636323e+04   1.1001339e+05   1.6965245e+05   4.6021631e+04   3.9225920e+05   1.0938697e+05   7.0690782e+04   1.6616135e+05   6.1588581e+04   7.9154010e+04   2.5249636e+05   9.3518033e+04   2.8177225e+05   4.8196611e+04   2.9996235e+05
   5.9516844e+04   1.2305709e+05   2.8072822e+04   4.5016121e+04   2.0148090e+04   8.7708369e+04   8.3918650e+04   4.4648592e+04   3.4848715e+04   9.0595643e+04   5.2155415e+03   2.9173601e+04   1.9951679e+05   1.9615940e+04   3.0666274e+04   1.0636323e+04   8.3015495e+04   1.1037531e+05   1.0775345e+04   3.4497028e+04   1.0929140e+04   7.0690782e+04   5.8819082e+03   6.1588581e+04   7.9154010e+04   2.4408311e+04   2.9967004e+04   5.6379942e+04   4.8196611e+04   1.6897600e+05
   6.4105845e+03   9.3624479e+03   1.1428864e+04   2.9649941e+03   5.5066761e+03   4.1431830e+03   5.8712419e+03   2.6729893e+03   1.0375935e+04   6.7447388e+03   5.2155415e+03   9.4924730e+03   8.8272220e+03   2.2792379e+03   5.7589527e+03   7.5696408e+03   6.1975137e+03   6.6924384e+03   7.5878275e+03   1.4653033e+03   5.0510031e+03   4.2972740e+03   5.5883381e+03   7.6857515e+03   1.0774614e+04   1.0151682e+04   5.3609920e+03   7.7911840e+03   6.0364069e+03   3.3198163e+03
   1.7703605e+03   1.8291446e+03   1.3443785e+03   1.8184197e+03   9.8053145e+02   1.4388908e+03   1.4378671e+03   1.6848811e+03   1.8444024e+03   1.4382038e+03   1.9270253e+03   1.4955938e+03   1.4916613e+03   1.0436932e+03   1.5979338e+03   9.8023718e+02   9.2941175e+02   1.3804252e+03   1.1420150e+03   1.4653033e+03   1.3286280e+03   9.5960528e+02   1.4848195e+03   1.2611028e+03   1.1800259e+03   1.1685646e+03   1.3047618e+03   1.3749456e+03   1.4342235e+03   1.8562778e+03
   3.1464813e+02   3.7948443e+02   2.5876369e+02   3.9918184e+02   2.3602176e+02   1.5484528e+02   3.1283048e+02   3.8771044e+02   3.8643278e+02   2.9858566e+02   3.6529138e+02   3.0639493e+02   3.8801925e+02   2.7133187e+02   3.6452384e+02   4.0148935e+02   2.4660732e+02   1.9930975e+02   2.6479483e+02   3.4461355e+02   2.0580453e+02   1.2986161e+02   3.3583163e+02   3.1076139e+02   4.6654093e+02   1.6898334e+02   2.8452760e+02   3.3191882e+02   2.6453325e+02   2.1240319e+02
   9.3570110e+01   5.8091966e+01   1.1797184e+02   6.6869843e+01   6.7717271e+01   1.3156258e+02   5.3104080e+01   6.3211428e+01   1.0078718e+02   9.7529600e+01   6.5152008e+01   6.5601094e+01   1.1969756e+02   1.2601595e+02   1.2655819e+02   7.0743100e+01   1.5404323e+02   1.0778374e+02   1.0306229e+02   1.4595360e+02   6.1365459e+01   9.0359403e+01   1.3081076e+02   1.0074725e+02   1.2433500e+02   1.1205670e+02   1.1701338e+02   1.2987206e+02   8.0522797e+01   7.4417741e+01
   3.4317296e+01   2.5934249e+01   4.3529467e+01   3.3505186e+01   1.6749161e+01   1.1746376e+01   2.9730572e+01   2.4974812e+01   1.9777603e+01   2.7110287e+01   4.1011058e+01   2.4925415e+01   3.8385108e+01   3.3093672e+01   4.0013958e+01   3.2118548e+01   3.1947923e+01   3.0880481e+01   2.2139144e+01   2.6198260e+01   2.8451561e+01   2.0525675e+01   2.6543235e+01   3.6999772e+01   2.6246397e+01   3.1326575e+01   5.4005633e+01   2.8425139e+01   3.0715253e+01   3.9628022e+01
   3.8063001e+00   7.2330138e+00   5.7056702e+00   2.3802574e+00   3.3288169e+00   6.3293667e+00   4.0054090e+00   5.1090493e+00   1.3117341e+00   3.1262812e+00   5.8038366e+00   4.7686374e+00   3.6316335e+00   4.5523451e+00   2.8990192e+00   6.5945260e+00   5.6156039e+00   4.3755725e+00   2.6860886e+00   3.1523168e+00   4.0165729e+00   2.8461229e+00   5.6480287e+00   2.6791551e+00   4.0612273e+00   4.9670411e+00   3.9917555e+00   3.5099434e+00   2.5993670e+00   7.7098329e+00
   2.7320886e-05   2.8525525e-03   1.7534521e-02   2.0282132e-06   6.4617445e-05   1.2490374e-03   5.2129028e-05   1.6760756e-04   1.3242129e-07   1.1286807e-07   1.5925153e-04   3.3670037e-06   6.6819878e-05   7.2515969e-05   1.9380410e-03   1.2160150e-04   5.5973710e-05   7.6302481e-06   1.2607592e-05   1.7597424e-04   2.0922218e-06   2.2914878e-07   8.4166650e-04   1.2929434e-06   6.6479782e-05   1.1560831e-03   1.0617757e-03   1.9417757e-04   3.0133451e-06   4.6119783e-03
   0.0000000e+00   0.0000000e+00   0.0000000e+00   0.0000000e+00   0.0000000e+00   0.0000000e+00   0.0000000e+00   0.0000000e+00   0.0000000e+00   0.0000000e+00   0.0000000e+00   0.0000000e+00   0.0000000e+00   0.0000000e+00   0.0000000e+00   0.0000000e+00   0.0000000e+00   0.0000000e+00   0.0000000e+00   0.0000000e+00   0.0000000e+00   0.0000000e+00   0.0000000e+00   0.0000000e+00   0.0000000e+00   0.0000000e+00   0.0000000e+00   0.0000000e+00   0.0000000e+00   0.0000000e+00
   0.0000000e+00   0.0000000e+00   0.0000000e+00   0.0000000e+00   0.0000000e+00   0.0000000e+00   0.0000000e+00   0.0000000e+00   0.0000000e+00   0.0000000e+00   0.0000000e+00   0.0000000e+00   0.0000000e+00   0.0000000e+00   0.0000000e+00   0.0000000e+00   0.0000000e+00   0.0000000e+00   0.0000000e+00   0.0000000e+00   0.0000000e+00   0.0000000e+00   0.0000000e+00   0.0000000e+00   0.0000000e+00   0.0000000e+00   0.0000000e+00   0.0000000e+00   0.0000000e+00   0.0000000e+00
