   5.7601283e+03   5.5231004e+03   5.8546740e+03   5.3662399e+03   5.7190472e+03   5.0455061e+03   5.7872371e+03   5.8119728e+03   5.2939968e+03   5.3036729e+03   5.3893965e+03   5.6231821e+03   5.3572214e+03   5.5117031e+03   5.4029369e+03   5.9473035e+03   5.1455134e+03   5.5878977e+03   5.1071747e+03   5.9942853e+03   5.3375927e+03   5.3102325e+03   5.5800571e+03   5.4198895e+03   5.6602621e+03   5.2051975e+03   5.2952676e+03   5.7645606e+03   5.7153782e+03   5.6747097e+03
   5.2596977e+03   5.5231004e+03   4.9716952e+03   5.3662399e+03   5.7190472e+03   5.0455061e+03   5.1698720e+03   5.6401910e+03   5.2939968e+03   4.8494803e+03   5.2116878e+03   5.4196320e+03   5.3572214e+03   5.2406442e+03   5.3905153e+03   5.4562355e+03   5.1455134e+03   5.1772938e+03   5.1071747e+03   5.6488421e+03   4.9779421e+03   5.0864457e+03   4.6644918e+03   4.9016233e+03   5.2678314e+03   5.2051975e+03   4.8932619e+03   5.1436684e+03   5.7153782e+03   5.0951560e+03
   5.2243831e+03   5.5231004e+03   4.9716952e+03   5.3662399e+03   5.2248204e+03   5.0455061e+03   5.1698720e+03   5.5247661e+03   5.2939968e+03   4.8308383e+03   4.9728514e+03   5.3266216e+03   5.1749417e+03   5.2406442e+03   5.3905153e+03   5.2957671e+03   5.1455134e+03   5.1772938e+03   5.1071747e+03   5.4797186e+03   4.9779421e+03   4.9340336e+03   4.6644918e+03   4.9016233e+03   4.5942041e+03   5.2051975e+03   4.6378937e+03   5.1284148e+03   5.5639795e+03   5.0951560e+03
   5.1840713e+03   5.2699380e+03   4.9716952e+03   4.9630145e+03   4.9098896e+03   5.0455061e+03   4.9208141e+03   5.1664890e+03   5.1825995e+03   4.8308383e+03   4.9728514e+03   5.3266216e+03   5.1749417e+03   5.2406442e+03   4.9833469e+03   5.2957671e+03   5.1455134e+03   4.5966590e+03   4.8974826e+03   5.4384267e+03   4.8687982e+03   4.9340336e+03   4.6644918e+03   4.7668815e+03   4.5942041e+03   5.2051975e+03   4.6378937e+03   5.1284148e+03   5.1387602e+03   4.7694890e+03
   4.8867212e+03   5.0806190e+03   4.9716952e+03   4.9630145e+03   4.9098896e+03   4.9382393e+03   4.9208141e+03   5.1664890e+03   5.1305839e+03   4.8308383e+03   4.9728514e+03   5.3266216e+03   4.9018073e+03   4.5686834e+03   4.9754464e+03   5.1889254e+03   4.9262188e+03   4.5498267e+03   4.8974826e+03   4.2423181e+03   4.8687982e+03   4.7714400e+03   4.6644918e+03   4.7668815e+03   4.5942041e+03   4.7987978e+03   4.6378937e+03   5.1284148e+03   5.1387602e+03   4.7694890e+03
   4.8867212e+03   5.0295484e+03   4.3701824e+03   4.4480512e+03   4.2162856e+03   4.9382393e+03   4.9208141e+03   4.1103920e+03   5.1305839e+03   4.8308383e+03   4.2638745e+03   4.9575950e+03   4.9018073e+03   4.5686834e+03   4.7140336e+03   5.1274338e+03   4.9189015e+03   4.5067307e+03   4.6955484e+03   4.2423181e+03   4.3776196e+03   4.7714400e+03   4.6644918e+03   4.6891329e+03   4.5942041e+03   4.7987978e+03   4.2547217e+03   4.7874841e+03   5.1387602e+03   4.7694890e+03
   3.6907548e+03   4.6578008e+03   4.3701824e+03   4.4480512e+03   4.2162856e+03   4.4656403e+03   4.5301737e+03   4.1103920e+03   4.2229381e+03   4.1242426e+03   4.2420785e+03   4.5417468e+03   4.6758338e+03   4.5686834e+03   4.4992667e+03   4.5922077e+03   4.4253211e+03   4.4372215e+03   4.4958754e+03   4.2423181e+03   4.3776196e+03   4.4438832e+03   4.5169161e+03   4.6891329e+03   4.5674140e+03   4.2978131e+03   4.2547217e+03   4.1192590e+03   3.9357683e+03   4.5539233e+03
   3.5823410e+03   3.9062773e+03   3.9239524e+03   4.4480512e+03   4.2162856e+03   4.1190171e+03   4.5301737e+03   4.1103920e+03   4.2229381e+03   4.1242426e+03   4.0586767e+03   4.2289429e+03   4.0534881e+03   4.3710991e+03   4.3487397e+03   3.8969658e+03   3.7462346e+03   4.4372215e+03   4.2757225e+03   4.2423181e+03   4.3281615e+03   4.2945822e+03   4.1883262e+03   3.8107314e+03   4.1902577e+03   4.1688364e+03   3.9130511e+03   4.1192590e+03   3.9357683e+03   4.0089289e+03
   3.5823410e+03   3.9062773e+03   3.7232950e+03   4.1394021e+03   4.1534661e+03   4.1053073e+03   4.0901882e+03   4.1103920e+03   4.0571174e+03   4.1242426e+03   4.0586767e+03   3.9956757e+03   3.8369000e+03   4.0895306e+03   4.1086718e+03   3.8969658e+03   3.7462346e+03   4.0391293e+03   3.9292586e+03   4.2423181e+03   3.9590960e+03   4.1054767e+03   4.1883262e+03   3.8107314e+03   3.8488639e+03   3.8694661e+03   3.8663230e+03   4.0020508e+03   3.8934557e+03   3.5903810e+03
   2.9802261e+03   3.8325863e+03   3.6270232e+03   3.7097787e+03   3.6226461e+03   3.4707283e+03   3.4975211e+03   3.2618018e+03   3.4161514e+03   3.4126905e+03   3.3480995e+03   3.6809315e+03   3.5050148e+03   4.0895306e+03   3.3803542e+03   3.2537850e+03   3.7364820e+03   3.9863627e+03   3.1767402e+03   3.2785187e+03   3.6140469e+03   3.0461230e+03   3.4172933e+03   3.2916642e+03   3.6647411e+03   3.5862528e+03   3.3856328e+03   2.3387593e+03   3.5753243e+03   3.4922558e+03
   2.3735663e+03   2.6550118e+03   2.9187565e+03   2.8641080e+03   2.6728794e+03   2.8910290e+03   2.9028739e+03   2.6550966e+03   2.6482605e+03   2.7001049e+03   2.4200565e+03   2.6343144e+03   2.5041120e+03   2.7933525e+03   2.5908444e+03   2.5190949e+03   2.6765923e+03   2.8553155e+03   2.5123721e+03   2.9802071e+03   2.9673240e+03   2.1850457e+03   2.8321258e+03   2.6896279e+03   2.2261305e+03   2.7491867e+03   2.7368616e+03   1.8482992e+03   2.7228840e+03   2.4348422e+03
   1.5368519e+03   2.0920477e+03   1.9109740e+03   1.5136931e+03   1.9464560e+03   1.8470785e+03   1.5481056e+03   1.6632035e+03   1.7602327e+03   1.8379803e+03   1.8203829e+03   1.9483109e+03   1.4032362e+03   1.7832828e+03   1.9278169e+03   1.9189830e+03   1.6955532e+03   1.5075388e+03   1.7662377e+03   1.8891938e+03   1.6222150e+03   1.4893073e+03   1.7258885e+03   1.7863727e+03   1.6989342e+03   1.5424561e+03   1.6353522e+03   1.5211726e+03   1.5589623e+03   1.6597140e+03
   9.0709708e+02   7.7317013e+02   7.2120866e+02   5.6642580e+02   7.4916841e+02   9.3532196e+02   7.6568933e+02   6.0511326e+02   7.0352970e+02   4.8863379e+02   7.5755017e+02   8.6286003e+02   8.0366241e+02   8.9301142e+02   8.9742871e+02   9.4565712e+02   7.4503669e+02   8.3578053e+02   7.8167021e+02   9.7238440e+02   9.8204395e+02   8.4678709e+02   5.9815243e+02   8.1382348e+02   8.0496911e+02   6.9994575e+02   6.3570828e+02   9.2994324e+02   9.3348479e+02   8.0599893e+02
   1.9500851e+02   2.1257546e+02   2.4806508e+02   2.3897292e+02   1.9465627e+02   2.3127782e+02   1.7448438e+02   1.2163903e+02   2.2825952e+02   1.4048572e+02   1.2309056e+02   2.4597331e+02   1.9393021e+02   2.6145680e+02   1.4495320e+02   8.5828959e+01   1.1847724e+02   2.6029241e+02   3.1444508e+02   1.7755713e+02   2.1357433e+02   2.2684652e+02   1.4705197e+02   1.9501105e+02   1.2460107e+02   1.9861680e+02   2.2811701e+02   1.2784674e+02   1.0183221e+02   1.0318278e+02
   8.9796891e+00   9.6266117e+00   1.3274336e+01   1.8036954e+01   1.1456956e+01   2.0409240e+01   1.8696955e+01   1.4021687e+01   1.4023195e+01   7.3271372e+00   1.2030037e+01   1.0645632e+01   7.6480413e+00   1.1801823e+01   1.3120925e+01   3.3610964e+00   9.7480047e+00   1.5653298e+01   1.5240666e+01   1.2637088e+01   1.4801840e+01   1.0113511e+01   1.0521624e+01   1.0422474e+01   1.0526236e+01   7.1997352e+00   1.5500031e+01   2.7862254e+01   8.2168797e+00   1.6375305e+01
   1.8744248e+00   3.4481085e+00   1.7770333e+00   7.6145151e+00   1.8398100e+00   1.8405182e+00   1.9044035e+00   2.0603074e-01   3.3971844e+00   3.4169754e+00   1.8999055e+00   5.1528518e+00   2.3397415e-01   1.9016849e+00   1.8130947e+00   1.8052975e+00   3.5569466e+00   3.5453689e+00   1.8069204e+00   3.4829426e+00   3.5111764e+00   1.8961308e+00   3.4509676e+00   3.4321395e+00   3.4470945e+00   3.5436210e+00   5.1233129e+00   3.5406892e+00   3.4560092e+00   1.7389084e+00
