   1.1780713e+03   8.5738862e+02   9.5825641e+02   1.2613204e+03   8.5793967e+02   1.0026398e+03   8.5907064e+02   1.2663281e+03   1.0600234e+03   1.1661895e+03   8.4205308e+02   1.0121759e+03   1.0830020e+03   1.2111820e+03   1.0376546e+03   8.7519490e+02   1.0422938e+03   1.3306324e+03   1.2211784e+03   9.8111957e+02   9.7727309e+02   1.0419661e+03   8.4987917e+02   1.1908474e+03   1.0658365e+03   7.8769072e+02   7.1368836e+02   7.8145756e+02   8.9821159e+02   8.1564977e+02
   9.1121917e+02   8.5738862e+02   6.6973443e+02   1.0047681e+03   8.5550754e+02   1.0026398e+03   8.5907064e+02   1.0113970e+03   1.0600234e+03   7.0794914e+02   6.9681230e+02   1.0121759e+03   1.0830020e+03   9.7323102e+02   1.0056239e+03   8.7519490e+02   5.4077277e+02   1.1058038e+03   6.3616024e+02   6.9906826e+02   9.7727309e+02   8.6865630e+02   8.1691286e+02   1.1908474e+03   9.5095222e+02   6.2522279e+02   7.1368836e+02   7.8145756e+02   8.9821159e+02   8.1564977e+02
   5.6789921e+02   8.2539257e+02   5.9318647e+02   9.3103250e+02   8.3526064e+02   6.0087563e+02   6.8413402e+02   8.4690674e+02   1.0600234e+03   6.8299882e+02   6.9681230e+02   1.0121759e+03   7.1202715e+02   8.2464252e+02   6.0089127e+02   7.3859927e+02   5.4077277e+02   8.5796018e+02   6.3616024e+02   5.6371722e+02   9.3878885e+02   7.8691976e+02   8.1691286e+02   9.4489136e+02   7.4869948e+02   6.2522279e+02   5.9877575e+02   7.8145756e+02   8.4017428e+02   7.2989299e+02
   5.6789921e+02   7.1547448e+02   5.9318647e+02   9.1954407e+02   7.1283992e+02   6.0087563e+02   6.0777389e+02   7.0506656e+02   6.1204900e+02   6.8299882e+02   6.9681230e+02   7.7899821e+02   7.1202715e+02   7.7869608e+02   6.0089127e+02   6.7863297e+02   5.4077277e+02   8.3631972e+02   6.1165815e+02   5.6371722e+02   9.3878885e+02   6.2852620e+02   6.2427670e+02   6.9585366e+02   7.4869948e+02   6.2522279e+02   5.9877575e+02   5.8971578e+02   6.3267777e+02   6.2173317e+02
   5.0686948e+02   6.0837058e+02   5.4035336e+02   4.7141352e+02   5.3476067e+02   5.3836318e+02   5.4494983e+02   6.8324822e+02   6.0844672e+02   5.5770487e+02   6.2608319e+02   6.3925610e+02   5.7305540e+02   5.4743248e+02   5.7191344e+02   5.5459473e+02   5.4077277e+02   6.2692735e+02   5.8432585e+02   5.2420742e+02   5.5485293e+02   6.2852620e+02   5.4794702e+02   5.9659179e+02   6.2649347e+02   5.2218062e+02   5.6166371e+02   5.0859492e+02   5.4884022e+02   5.2714536e+02
   5.0686948e+02   5.3040383e+02   4.7444294e+02   4.7141352e+02   5.2543454e+02   5.1887450e+02   4.9595643e+02   5.2353272e+02   4.6788594e+02   5.4333729e+02   5.4666910e+02   5.5184984e+02   5.3821896e+02   5.0923375e+02   5.2410772e+02   4.8993082e+02   5.1180032e+02   5.2319553e+02   5.1956872e+02   5.1537942e+02   5.0907646e+02   4.9189669e+02   4.9635189e+02   5.3780608e+02   5.2398679e+02   5.0208370e+02   5.0309802e+02   5.0859492e+02   5.0894747e+02   5.1246494e+02
   4.9659867e+02   5.0266498e+02   4.7444294e+02   4.7141352e+02   4.7847189e+02   4.7926236e+02   4.8907433e+02   4.8413224e+02   4.6381461e+02   4.6330999e+02   4.7699059e+02   4.9331815e+02   4.9111366e+02   5.0591346e+02   4.9710511e+02   4.8712459e+02   4.9383224e+02   4.8068348e+02   4.8678019e+02   4.8132396e+02   4.8837840e+02   4.9189669e+02   4.7420223e+02   4.7158637e+02   4.8136868e+02   4.9565249e+02   4.8759610e+02   4.8930880e+02   5.0779259e+02   4.7943612e+02
   4.5547161e+02   4.5136006e+02   4.5679422e+02   4.4973760e+02   4.6776326e+02   4.5256636e+02   4.5932867e+02   4.6053775e+02   4.6381461e+02   4.6330999e+02   4.6025676e+02   4.6396809e+02   4.6785595e+02   4.6241960e+02   4.4792310e+02   4.6854327e+02   4.5909070e+02   4.6869785e+02   4.6971432e+02   4.6636109e+02   4.6209138e+02   4.6381228e+02   4.5615253e+02   4.5002388e+02   4.5909985e+02   4.5836452e+02   4.6944995e+02   4.6572285e+02   4.6296251e+02   4.7037170e+02
   4.5089006e+02   4.3623266e+02   4.5304850e+02   4.0483514e+02   4.5059290e+02   4.2973564e+02   4.5107471e+02   4.5181205e+02   4.3671885e+02   4.1211570e+02   4.5005393e+02   4.3104007e+02   4.5129713e+02   4.5188422e+02   4.2147710e+02   4.4698620e+02   4.3470882e+02   4.4970261e+02   4.4811520e+02   4.1876711e+02   4.3042687e+02   4.5362767e+02   4.4632426e+02   4.1010198e+02   4.4790433e+02   4.5214830e+02   4.5005049e+02   4.4383944e+02   4.5204259e+02   4.5283766e+02
   4.4435112e+02   3.9940327e+02   4.0067164e+02   3.9906583e+02   4.4424113e+02   3.9949856e+02   4.0830500e+02   4.4514702e+02   3.9823151e+02   3.9922663e+02   4.0049725e+02   3.9958162e+02   4.4446697e+02   3.9958186e+02   3.9925204e+02   4.0134938e+02   3.9996527e+02   4.4433065e+02   4.2435045e+02   3.9906898e+02   4.0091125e+02   4.4456190e+02   4.0937986e+02   3.9834815e+02   4.0124176e+02   4.4447917e+02   4.4438171e+02   3.9974875e+02   3.9992436e+02   4.0755678e+02
   4.4369770e+02   3.9847290e+02   3.9849404e+02   3.9848607e+02   4.4382249e+02   3.9850588e+02   3.9862012e+02   4.4383035e+02   3.9775391e+02   3.9836126e+02   3.9858391e+02   3.9851598e+02   4.4381749e+02   3.9855694e+02   3.9840307e+02   3.9777856e+02   3.9859564e+02   4.4375335e+02   3.9788827e+02   3.9857250e+02   3.9861022e+02   4.4370727e+02   3.9866341e+02   3.9774742e+02   3.9862621e+02   4.4377679e+02   4.4376426e+02   3.9776110e+02   3.9850843e+02   3.9783901e+02
   4.4351718e+02   3.9801711e+02   3.9814942e+02   3.9812512e+02   4.4347829e+02   3.9813040e+02   3.9820243e+02   4.4353174e+02   3.9774287e+02   3.9818934e+02   3.9831488e+02   3.9823016e+02   4.4352578e+02   3.9807662e+02   3.9813157e+02   3.9774287e+02   3.9816791e+02   4.4358637e+02   3.9774289e+02   3.9819458e+02   3.9816071e+02   4.4346149e+02   3.9826315e+02   3.9774287e+02   3.9815649e+02   4.4359570e+02   4.4352130e+02   3.9774287e+02   3.9808453e+02   3.9774287e+02
   4.4345533e+02   3.9800899e+02   3.9800899e+02   3.9803578e+02   4.4344602e+02   3.9803578e+02   3.9803909e+02   4.4337527e+02   3.9774287e+02   3.9802081e+02   3.9806035e+02   3.9805982e+02   4.4341879e+02   3.9800899e+02   3.9803578e+02   3.9774287e+02   3.9800899e+02   4.4340311e+02   3.9774287e+02   3.9800899e+02   3.9800913e+02   4.4340581e+02   3.9803332e+02   3.9774287e+02   3.9800899e+02   4.4341933e+02   4.4335097e+02   3.9774287e+02   3.9800899e+02   3.9774287e+02
   4.4334227e+02   3.9800899e+02   3.9800899e+02   3.9803578e+02   4.4335204e+02   3.9803578e+02   3.9800899e+02   4.4333997e+02   3.9774287e+02   3.9800899e+02   3.9803754e+02   3.9800899e+02   4.4338032e+02   3.9800899e+02   3.9803578e+02   3.9774287e+02   3.9800899e+02   4.4338017e+02   3.9774287e+02   3.9800899e+02   3.9800899e+02   4.4336990e+02   3.9803196e+02   3.9774287e+02   3.9800899e+02   4.4333010e+02   4.4332995e+02   3.9774287e+02   3.9800899e+02   3.9774287e+02
   4.4334227e+02   3.9800899e+02   3.9800899e+02   3.9803578e+02   4.4333418e+02   3.9803578e+02   3.9800899e+02   4.4333011e+02   3.9774287e+02   3.9800899e+02   3.9803578e+02   3.9800899e+02   4.4335697e+02   3.9800899e+02   3.9803578e+02   3.9774287e+02   3.9800899e+02   4.4335672e+02   3.9774287e+02   3.9800899e+02   3.9800899e+02   4.4336990e+02   3.9803196e+02   3.9774287e+02   3.9800899e+02   4.4332995e+02   4.4332995e+02   3.9774287e+02   3.9800899e+02   3.9774287e+02
   4.4334227e+02   3.9800899e+02   3.9800899e+02   3.9803578e+02   4.4333391e+02   3.9803578e+02   3.9800899e+02   4.4332995e+02   3.9774287e+02   3.9800899e+02   3.9803578e+02   3.9800899e+02   4.4335672e+02   3.9800899e+02   3.9803578e+02   3.9774287e+02   3.9800899e+02   4.4335672e+02   3.9774287e+02   3.9800899e+02   3.9800899e+02   4.4336990e+02   3.9803196e+02   3.9774287e+02   3.9800899e+02   4.4332995e+02   4.4332995e+02   3.9774287e+02   3.9800899e+02   3.9774287e+02
