   2.8676755e+07   6.9539648e+06   1.6090378e+07   2.3144010e+07   4.2049731e+07   2.5947311e+07   6.0746252e+06   2.4416501e+07   1.2668474e+07   2.4109789e+06   1.5362947e+07   8.4591259e+06   9.2901948e+06   5.0447129e+07   1.3182830e+07   3.4491887e+07   5.4206499e+06   7.6500173e+06   1.0090772e+07   3.8282584e+07   1.8200078e+07   1.7867278e+07   1.3851132e+07   2.6261197e+07   3.6558608e+07   1.5143373e+07   1.5313943e+07   1.9522419e+07   7.2394464e+06   3.2873747e+07
   2.8676755e+07   6.9539648e+06   9.3559912e+06   1.6133438e+07   5.3246217e+06   1.0038000e+07   6.0746252e+06   1.1921071e+07   1.1733406e+07   2.4109789e+06   8.9827046e+06   8.4591259e+06   9.2901948e+06   5.7486829e+06   1.3182830e+07   1.0534276e+07   5.4206499e+06   7.6500173e+06   1.0090772e+07   3.2556518e+07   1.8200078e+07   5.0148764e+06   1.3851132e+07   2.6261197e+07   2.7131991e+07   1.5143373e+07   3.8133362e+06   1.0656002e+07   7.2394464e+06   2.2317732e+07
   7.0377556e+06   6.9539648e+06   5.4621550e+06   1.4108097e+07   5.3246217e+06   1.0038000e+07   6.0746252e+06   5.9323023e+06   1.0382335e+07   2.4109789e+06   8.9827046e+06   8.4591259e+06   6.0486609e+06   5.7486829e+06   7.5641984e+06   8.5685532e+06   4.5315281e+06   6.1835251e+06   3.2107836e+06   2.4390801e+07   9.2681201e+06   5.0148764e+06   9.0572559e+06   1.2589410e+06   1.9492836e+07   2.3616327e+06   3.6327116e+06   1.0656002e+07   7.2394464e+06   8.2320117e+06
   6.4071091e+06   6.9539648e+06   5.4621550e+06   1.1590420e+07   5.3246217e+06   4.1263670e+06   6.0746252e+06   5.9323023e+06   6.4553127e+06   2.4109789e+06   8.9752352e+06   3.5141698e+06   6.0486609e+06   4.3124611e+06   7.5641984e+06   8.5164099e+06   4.5315281e+06   3.6176994e+06   3.2107836e+06   4.6439166e+06   7.4762230e+06   2.6659572e+06   9.0572559e+06   1.2589410e+06   1.1527704e+07   1.1738571e+06   3.6327116e+06   1.0656002e+07   3.9005513e+06   8.2320117e+06
   2.1433640e+06   4.8799932e+06   5.4621550e+06   2.6975565e+06   5.3246217e+06   4.1263670e+06   2.9009530e+06   3.1890219e+06   6.4553127e+06   2.4109789e+06   3.5600156e+06   3.5141698e+06   3.1439703e+06   3.9877277e+06   2.4387075e+06   5.6606201e+06   3.6969142e+06   3.6176994e+06   3.2107836e+06   2.1804272e+06   5.3534043e+06   2.6659572e+06   2.3210665e+06   1.2589410e+06   1.1527704e+07   1.1738571e+06   1.1110324e+06   3.1169034e+06   3.9005513e+06   4.6880925e+06
   8.3375622e+05   9.8021993e+05   3.1480769e+06   1.2294984e+06   3.3082134e+06   1.6443117e+06   2.7711477e+06   1.1244899e+06   2.4641658e+06   8.5392443e+05   3.4297755e+06   1.9160929e+06   1.9869619e+06   2.4407310e+06   2.4387075e+06   3.2734126e+06   2.4019171e+06   3.5316392e+06   3.2107836e+06   2.1804272e+06   2.5870410e+06   2.6659572e+06   2.3210665e+06   1.2474228e+06   2.4115668e+06   1.1738571e+06   1.1110324e+06   8.7345983e+05   2.9927102e+06   4.6880925e+06
   8.3375622e+05   7.3780305e+05   7.5362583e+05   1.2294984e+06   4.3769046e+05   8.5911602e+05   3.0397303e+05   8.2312685e+05   1.1034723e+06   8.5392443e+05   2.3243364e+06   6.3867105e+05   5.7241638e+05   6.1634591e+05   6.6406653e+05   6.6977211e+05   4.7834209e+05   5.2842384e+05   1.3556220e+06   1.2297457e+06   5.0343672e+05   1.1707902e+06   7.9193448e+05   9.7137235e+05   8.6520309e+05   5.8693038e+05   8.8047184e+05   3.2780602e+05   1.0041670e+06   3.7186471e+05
   2.9567051e+05   8.5572300e+04   1.3166751e+05   2.7150420e+05   1.1684898e+05   8.0064952e+04   1.9348785e+05   1.2384939e+05   1.0065904e+05   2.4199285e+05   2.5831781e+05   1.8775641e+05   1.7383131e+05   1.3349399e+05   2.1727225e+05   1.4229257e+05   1.8153461e+05   6.4305366e+04   2.5746961e+05   1.8458480e+05   2.7489211e+05   1.9696330e+05   1.5883177e+05   2.0236756e+05   1.2609622e+05   1.9154150e+05   2.1615699e+05   1.9967149e+05   1.8842775e+05   7.1961024e+04
   1.6016149e+04   1.0169664e+04   9.7236334e+03   1.4865392e+04   9.0766521e+03   1.9844852e+04   1.7689500e+04   1.9871649e+04   1.4890881e+04   9.8721888e+03   1.8565292e+04   1.5409215e+04   9.3069347e+03   1.2625196e+04   1.0844280e+04   2.1385881e+04   1.2914980e+04   2.0388307e+04   1.1355654e+04   1.8909744e+04   2.0648288e+04   1.9980728e+04   5.5335996e+03   1.5363898e+04   8.6940456e+03   1.6470830e+04   2.0074188e+04   1.7202389e+04   1.5853529e+04   1.0618764e+04
   1.0120403e+03   1.2352639e+03   1.1578518e+03   1.0276338e+03   1.0333268e+03   1.2637685e+03   1.0816907e+03   1.1073627e+03   7.6902488e+02   8.0004784e+02   9.5711915e+02   9.9299353e+02   8.4747232e+02   9.3334258e+02   1.0138540e+03   1.1985101e+03   1.0513983e+03   8.2620561e+02   1.0198557e+03   1.2365415e+03   1.0047029e+03   1.1196179e+03   8.7369564e+02   1.1466489e+03   1.0198369e+03   1.1855706e+03   8.3372408e+02   1.0922505e+03   9.7339687e+02   9.5019621e+02
   1.9379906e+02   2.7556966e+02   1.6584145e+02   2.2103252e+02   1.7526249e+02   1.3675989e+02   2.3193063e+02   2.5798959e+02   1.8146874e+02   1.7206296e+02   2.0490987e+02   1.4930790e+02   2.1539279e+02   1.8137957e+02   1.9158199e+02   2.0983888e+02   1.3620085e+02   1.8766490e+02   1.7195784e+02   3.2485009e+02   2.7746830e+02   2.1850992e+02   1.3773718e+02   1.5152045e+02   2.3993049e+02   2.1149287e+02   1.5682124e+02   2.5880995e+02   2.1030779e+02   1.5742059e+02
   3.8995327e+01   4.1519587e+01   4.8974117e+01   5.1177067e+01   2.3251867e+01   4.5407299e+01   6.0566393e+01   6.1355195e+01   5.2520701e+01   3.7433739e+01   5.5581368e+01   4.6434644e+01   7.7149037e+01   5.3412815e+01   3.2695031e+01   6.6810718e+01   3.3253196e+01   5.3373922e+01   6.5170381e+01   6.9692749e+01   6.3181600e+01   2.7430546e+01   4.5414243e+01   5.5588554e+01   2.9237429e+01   5.7427713e+01   4.5056817e+01   5.8749790e+01   5.6288252e+01   5.0041997e+01
   3.2946504e+00   5.1106623e+00   4.0043065e+00   5.1851593e+00   4.1021275e+00   4.4799828e+00   4.2438754e+00   4.2936892e+00   4.1097925e+00   2.9032807e+00   3.9672747e+00   3.7924016e+00   6.9981379e+00   3.8893465e+00   4.1674683e+00   4.3679826e+00   3.2865524e+00   4.2361623e+00   5.2898830e+00   6.2060102e+00   4.4922567e+00   4.0079594e+00   4.2003640e+00   3.9088765e+00   4.6204221e+00   3.7401776e+00   4.0403735e+00   5.6944447e+00   4.5305836e+00   3.6439590e+00
   4.3028816e-01   8.7877118e-01   7.6855412e-01   5.7579059e-01   8.3089298e-01   5.3875726e-01   8.4762306e-01   7.7774271e-01   6.0222333e-01   5.7476055e-01   4.7770290e-01   7.9595199e-01   9.6523664e-01   6.6020838e-01   6.5977498e-01   6.7057658e-01   7.3942813e-01   7.1188305e-01   8.3250559e-01   9.4771415e-01   8.5258130e-01   8.0111830e-01   5.9767874e-01   5.5280734e-01   2.9144625e-01   5.4171104e-01   7.7835587e-01   8.8902155e-01   5.5633472e-01   5.9052362e-01
   1.0084671e-01   1.1833054e-01   1.8589183e-01   1.7410424e-01   1.1951180e-01   4.8646655e-02   6.8867146e-02   1.9475075e-01   1.1466622e-01   2.0309467e-01   9.2824933e-02   1.2442369e-01   7.9273464e-02   1.1394131e-01   6.8318174e-02   1.0818178e-01   1.9231701e-01   1.4334878e-01   1.1768506e-01   6.6287120e-02   1.3653189e-01   1.3106645e-01   1.0339170e-01   1.4185541e-01   9.4579300e-02   1.3124638e-01   6.7462379e-02   1.5469082e-01   9.1293575e-02   8.2227086e-02
   4.5382802e-02   6.1220818e-02   8.6018464e-02   9.3337310e-02   9.1741424e-02   3.1301063e-02   4.1478668e-02   1.1213372e-01   5.7007987e-02   6.4281811e-02   6.7317392e-02   7.4296778e-02   3.1351230e-02   4.6630242e-02   2.9154555e-02   6.1605904e-02   8.4280026e-02   6.0293003e-02   4.8555423e-02   3.8627382e-02   4.8680163e-02   6.2474323e-02   6.0510342e-02   5.2047618e-02   3.8038837e-02   3.4685281e-02   3.3059518e-02   5.0773560e-02   6.4469230e-02   4.1384718e-02
