   1.1881053e+06   1.5702288e+06   1.3042213e+06   1.5682242e+06   1.2307749e+06   1.2416883e+06   8.6981696e+05   1.0754617e+05   1.4139098e+06   9.5184912e+05   1.6478004e+05   3.8179784e+06   7.3360237e+05   7.4124884e+05   2.0140111e+06   8.1639915e+05   1.2509377e+06   1.2054660e+06   1.3217821e+06   6.9260654e+05   9.5379539e+05   1.2763577e+06   1.7719884e+06   1.8527403e+06   6.6124739e+05   1.0066710e+06   1.1424959e+06   7.2565567e+05   1.1338681e+06   1.1380526e+06
   4.3686402e+05   6.5029333e+05   1.3042213e+06   6.4454416e+05   8.3024283e+05   1.5373322e+05   6.4543861e+05   3.9944185e+04   2.9948723e+05   1.9628854e+05   1.6478004e+05   2.1127100e+06   4.5065361e+05   2.6831031e+05   1.0062482e+06   8.1639915e+05   4.8087775e+05   4.0168281e+05   4.1301482e+05   6.9260654e+05   9.5379539e+05   8.8999465e+05   8.1016548e+04   2.5728954e+05   5.4177541e+05   2.3113148e+05   1.1424959e+06   2.5706306e+05   4.2216495e+05   8.9090838e+05
   1.1496518e+05   2.5602388e+05   2.6558058e+05   4.3999010e+05   6.3173593e+05   1.5373322e+05   1.3851259e+05   3.9944185e+04   2.7411132e+05   1.9628854e+05   1.6478004e+05   2.9603626e+05   1.9889482e+05   2.6831031e+05   3.0176898e+05   4.6948595e+05   2.2928585e+05   1.6245585e+04   3.7150965e+05   9.3918052e+04   2.0085764e+05   2.5910698e+05   8.1016548e+04   2.5728954e+05   3.3542040e+05   2.3113148e+05   1.6448208e+05   2.5706306e+05   4.2216495e+05   6.4137258e+05
   1.1496518e+05   2.5602388e+05   2.6558058e+05   1.0639784e+05   1.5163754e+05   1.5373322e+05   9.9683954e+04   2.3218202e+04   4.3712769e+04   1.0231150e+05   1.1763816e+05   2.9603626e+05   1.0541728e+05   2.6831031e+05   3.0176898e+05   1.9839858e+05   1.1439768e+05   1.6245585e+04   3.4015939e+04   9.3918052e+04   8.0532514e+04   1.5492548e+05   5.5156736e+04   4.9985369e+03   3.9379731e+04   9.7711234e+04   1.6448208e+05   5.6207048e+04   4.1710263e+05   4.2100948e+04
   1.1496518e+05   1.4869301e+05   1.8402895e+05   1.0639784e+05   1.1176522e+05   6.9370071e+04   4.8609307e+04   2.3218202e+04   4.3712769e+04   1.0231150e+05   8.1421858e+04   2.1126133e+05   9.0095169e+04   3.5544117e+04   1.3619323e+05   1.2469763e+05   5.4866368e+04   1.6245585e+04   3.4015939e+04   8.1903765e+04   9.8739902e+03   4.0672575e+04   3.6527120e+04   4.9985369e+03   3.9379731e+04   6.7640700e+04   5.4295435e+04   5.6207048e+04   5.0803407e+04   2.9319120e+04
   1.3975233e+04   4.5545893e+04   5.9631883e+04   5.2012726e+04   4.9285394e+04   3.1630126e+04   1.4364032e+04   1.5240451e+04   2.2029836e+04   3.7114852e+04   2.2111160e+04   4.1234207e+04   2.3726434e+04   3.5544117e+04   1.7800702e+04   4.2837102e+04   4.1466555e+03   1.2168034e+04   3.4015939e+04   1.8319944e+04   9.8739902e+03   1.4632904e+04   3.4974736e+04   4.9985369e+03   2.7192075e+04   7.8270089e+03   2.9905040e+04   1.6035138e+04   1.4361959e+04   1.0452349e+04
   5.8385640e+03   2.4087571e+03   8.5022198e+03   4.8763031e+03   2.3393583e+03   1.4272187e+03   1.4738742e+03   3.0662328e+03   7.1338967e+02   1.5144197e+03   1.8201744e+03   1.0862625e+03   7.0566418e+02   3.9504515e+03   8.0717881e+02   1.7051291e+03   1.5991536e+03   8.2908881e+02   5.8891218e+03   1.7855308e+03   3.0007249e+03   6.4863826e+03   3.0996414e+03   1.5335821e+03   6.1523507e+03   1.1236710e+03   1.5996124e+03   4.7701754e+03   2.5757414e+03   1.6882776e+03
   3.5470849e+02   6.9429399e+01   1.5327736e+02   2.9133920e+02   1.0717782e+02   3.0089243e+02   1.4459721e+02   3.6450360e+02   1.4514099e+02   1.7139999e+02   2.3061576e+02   3.2266704e+02   1.2238902e+02   3.5598277e+02   3.5418472e+02   1.3940288e+02   1.9548936e+02   1.6192514e+02   1.7704272e+02   2.8410959e+02   2.7636772e+02   2.6580323e+02   2.9035705e+02   1.3428511e+02   4.2664733e+02   1.2820146e+02   9.9229028e+01   1.5053916e+02   3.9588867e+02   3.4562496e+02
   1.8050664e+01   1.5799581e+01   2.5255598e+01   2.2901386e+01   2.2217522e+01   1.6635475e+01   1.8135470e+01   1.9872703e+01   1.6256711e+01   1.8606909e+01   2.5706388e+01   1.7401753e+01   1.7921275e+01   1.6708297e+01   2.0428335e+01   2.2615089e+01   1.9473168e+01   1.8393828e+01   2.6972999e+01   2.4176167e+01   1.8280275e+01   2.1217746e+01   1.8832406e+01   2.2429392e+01   2.1084968e+01   2.2697224e+01   2.0062958e+01   2.5937528e+01   2.2264649e+01   1.6813170e+01
   8.9727748e+00   8.7477890e+00   1.0980494e+01   9.1583241e+00   1.0548304e+01   9.6604425e+00   8.9656033e+00   1.0753093e+01   1.0599708e+01   9.7019554e+00   9.7636751e+00   8.8926898e+00   1.1087784e+01   1.0401368e+01   1.0587121e+01   1.0302997e+01   9.3331444e+00   1.0579673e+01   1.0223597e+01   1.0184558e+01   1.0561733e+01   1.0904550e+01   9.2462421e+00   9.4544173e+00   9.8379903e+00   9.9319993e+00   9.3003393e+00   1.1898085e+01   1.0104196e+01   1.0156658e+01
   8.6968919e+00   7.7700784e+00   6.3437509e+00   7.6380903e+00   7.2266583e+00   7.3858369e+00   8.0848608e+00   8.6006684e+00   8.3952526e+00   8.2894044e+00   8.3493884e+00   8.0452745e+00   7.8039210e+00   7.9802304e+00   7.3291089e+00   7.2768599e+00   8.8273118e+00   7.8131349e+00   8.3825115e+00   8.3915264e+00   9.0038624e+00   6.4100134e+00   9.0109193e+00   6.8132156e+00   7.9463061e+00   8.5681327e+00   8.1721919e+00   9.2443338e+00   8.2568105e+00   7.3408442e+00
   3.4197673e+00   3.4092962e+00   6.3086103e+00   4.7781459e+00   4.9475621e+00   4.2631599e+00   5.3205796e+00   5.0042216e+00   4.9245773e+00   6.6283907e+00   4.3384499e+00   4.7893989e+00   4.8603732e+00   4.1350642e+00   4.4995220e+00   5.6792397e+00   3.7447144e+00   4.2051434e+00   4.3839609e+00   5.5301576e+00   4.1787902e+00   4.2343200e+00   3.9009948e+00   4.1890510e+00   5.0093267e+00   4.7823025e+00   5.4796790e+00   5.1311633e+00   5.6516548e+00   4.6200334e+00
   2.0022914e+00   2.3689904e+00   2.4551172e+00   2.0525693e+00   2.4698651e+00   2.0559290e+00   2.1361386e+00   2.4245387e+00   2.4732576e+00   2.2998221e+00   2.3573695e+00   2.3940998e+00   2.7297600e+00   2.2432893e+00   1.9091700e+00   2.7309407e+00   2.0310980e+00   2.1350135e+00   2.2570542e+00   2.3168991e+00   2.3283573e+00   2.1501646e+00   2.0018856e+00   2.4801851e+00   2.2742269e+00   2.4426773e+00   2.0449631e+00   2.2276272e+00   2.2617775e+00   2.5178852e+00
   8.7042764e-01   9.1897191e-01   1.2403206e+00   1.0714347e+00   9.8695074e-01   1.2252939e+00   1.2180631e+00   1.1349529e+00   1.2069588e+00   1.3713574e+00   1.1330431e+00   1.1993176e+00   1.0233365e+00   1.2041339e+00   1.3005116e+00   1.2221856e+00   1.1460839e+00   1.0962372e+00   1.0562512e+00   1.1663731e+00   1.1143065e+00   1.1853928e+00   1.1576640e+00   1.3076756e+00   1.1137412e+00   8.9652969e-01   1.2279830e+00   1.2053436e+00   1.2135751e+00   1.2651255e+00
   6.1813174e-01   6.3408890e-01   6.2992054e-01   6.3302478e-01   5.8960886e-01   6.7318176e-01   5.9459551e-01   7.5232825e-01   6.6431587e-01   6.8029047e-01   6.2404388e-01   6.3982668e-01   6.8553534e-01   6.8310170e-01   6.4171884e-01   6.8025165e-01   6.6960344e-01   6.9589753e-01   6.3416758e-01   6.5886111e-01   6.2121883e-01   6.3792979e-01   6.3563528e-01   5.9131441e-01   6.6068075e-01   6.8250162e-01   6.0369420e-01   6.5101166e-01   6.7593946e-01   6.7441597e-01
   4.2970282e-01   3.9378234e-01   3.8702922e-01   4.2453128e-01   4.4335988e-01   4.1841132e-01   4.4717929e-01   4.5429282e-01   3.5279947e-01   4.1433541e-01   4.2244638e-01   4.0768499e-01   4.5185255e-01   4.6454111e-01   4.2440762e-01   4.1864252e-01   4.8617261e-01   3.9248552e-01   4.6595969e-01   4.4087168e-01   4.4459566e-01   4.7174495e-01   4.4142566e-01   4.3691549e-01   3.8190891e-01   4.6576627e-01   3.8780609e-01   4.1061691e-01   4.3021471e-01   4.9516473e-01
