   4.7605771e+03   3.9441621e+03   5.0378445e+03   3.4754390e+03   4.8233320e+03   3.6443185e+03   4.0848520e+03   4.0299367e+03   3.3904228e+03   4.6140562e+03   3.9478192e+03   5.1827803e+03   5.0574146e+03   4.1447793e+03   5.4082317e+03   4.5051601e+03   4.7762739e+03   4.2554239e+03   4.7658497e+03   3.7774285e+03   3.0764772e+03   3.4128216e+03   4.6488677e+03   4.4382979e+03   4.1508371e+03   3.6106446e+03   5.1957969e+03   3.6286596e+03   3.6406855e+03   4.0296087e+03
   4.5005913e+03   3.7337336e+03   3.1967738e+03   3.4754390e+03   4.3616867e+03   3.4807994e+03   3.1007818e+03   4.0299367e+03   3.3904228e+03   4.2086272e+03   3.9478192e+03   3.6994731e+03   3.7536750e+03   3.3567297e+03   4.8281047e+03   3.8884355e+03   4.0214464e+03   2.8529489e+03   2.6669298e+03   3.7550680e+03   3.0764772e+03   2.8827210e+03   3.2469536e+03   3.9810098e+03   4.1508371e+03   3.5050215e+03   2.7034039e+03   3.3986845e+03   3.2917820e+03   3.1707240e+03
   3.7862800e+03   3.6256305e+03   3.1967738e+03   3.2477690e+03   3.1081406e+03   3.1407518e+03   3.1007818e+03   2.9267151e+03   3.3904228e+03   3.4685476e+03   2.8277630e+03   3.2227596e+03   3.6969179e+03   3.3567297e+03   4.0197071e+03   2.7914600e+03   3.3531149e+03   2.8529489e+03   2.6669298e+03   3.4270381e+03   3.0764772e+03   2.8827210e+03   2.2702092e+03   3.5745838e+03   2.5621430e+03   3.0417734e+03   2.7034039e+03   2.0872405e+03   1.9455403e+03   3.1707240e+03
   2.9650217e+03   2.5700692e+03   3.1967738e+03   1.7379924e+03   2.6721510e+03   2.9547344e+03   3.1007818e+03   2.0163679e+03   2.7331137e+03   2.3725258e+03   2.5286527e+03   3.2076641e+03   2.5544257e+03   2.8167163e+03   2.1345007e+03   2.7914600e+03   3.2856779e+03   2.6989904e+03   9.1983517e+02   3.4270381e+03   2.1736023e+03   2.4635991e+03   1.9607436e+03   2.9867646e+03   2.5621430e+03   2.6151876e+03   2.1332330e+03   2.0872405e+03   1.9455403e+03   2.8966915e+03
   2.3628376e+03   2.2753198e+03   1.9942378e+03   1.7379924e+03   2.6721510e+03   2.9547344e+03   2.0223350e+03   2.0163679e+03   2.1630745e+03   2.3725258e+03   2.5286527e+03   2.8837195e+03   2.5544257e+03   2.5826060e+03   2.1345007e+03   2.7914600e+03   2.8706868e+03   2.2861345e+03   9.1983517e+02   2.5521733e+03   2.1736023e+03   1.8434950e+03   1.9607436e+03   1.7871955e+03   2.3252095e+03   2.4746498e+03   2.1332330e+03   2.0872405e+03   1.9455403e+03   2.7988172e+03
   1.7091056e+03   1.9955022e+03   1.6883022e+03   1.4072973e+03   1.7637241e+03   1.2944712e+03   1.9735204e+03   1.8529583e+03   2.1219642e+03   1.9602399e+03   2.1848072e+03   1.4317817e+03   1.6908886e+03   1.8150164e+03   2.1345007e+03   2.2585715e+03   1.7902892e+03   2.0702205e+03   9.1983517e+02   2.1610664e+03   1.6417182e+03   1.5441722e+03   1.9607436e+03   1.4587242e+03   1.5441344e+03   1.4603396e+03   1.5058663e+03   1.5683364e+03   1.6523596e+03   1.6048051e+03
   1.0791206e+03   1.1384463e+03   8.8777381e+02   9.8240327e+02   9.7181626e+02   1.0068121e+03   8.3851823e+02   7.8388995e+02   7.9281021e+02   1.0544171e+03   1.1104277e+03   8.4036506e+02   9.3092522e+02   9.2789049e+02   1.2182318e+03   8.6078243e+02   7.7129704e+02   1.2298712e+03   9.1983517e+02   1.0624676e+03   9.0590712e+02   1.0173827e+03   1.0329025e+03   1.0118936e+03   9.2615822e+02   7.6209460e+02   8.2035308e+02   8.9764457e+02   1.1149164e+03   7.6339099e+02
   5.5159968e+02   5.8079717e+02   4.8947979e+02   5.4863725e+02   4.7088601e+02   4.5130500e+02   3.5332700e+02   4.2607482e+02   4.1418105e+02   5.1767488e+02   4.9409992e+02   5.1164098e+02   4.6463258e+02   5.5590495e+02   4.7814400e+02   5.8359833e+02   5.6424597e+02   3.9702836e+02   4.0370670e+02   3.5038495e+02   4.1527021e+02   4.8648586e+02   4.5882265e+02   4.6659630e+02   4.9113867e+02   4.1491817e+02   4.3213615e+02   3.6082862e+02   4.4799153e+02   3.8572849e+02
   1.6052126e+02   1.8608143e+02   1.7391882e+02   1.8703968e+02   1.6690011e+02   1.6092985e+02   1.6456265e+02   1.6531356e+02   1.7059962e+02   1.7514983e+02   1.6401900e+02   1.7139601e+02   1.7784271e+02   1.6681683e+02   1.8308901e+02   1.7074600e+02   1.6244321e+02   1.7098456e+02   1.5264630e+02   1.6461716e+02   1.7304889e+02   1.6738193e+02   1.6580548e+02   1.6123865e+02   1.7062984e+02   1.6257999e+02   1.6599554e+02   1.7024053e+02   1.7691151e+02   1.4890334e+02
   1.1193040e+02   1.1181945e+02   1.1214478e+02   1.1220374e+02   1.1189858e+02   1.1157399e+02   1.1137217e+02   1.1147506e+02   1.1204560e+02   1.1207731e+02   1.1212585e+02   1.1152186e+02   1.1213698e+02   1.1233209e+02   1.1257658e+02   1.1161724e+02   1.1198834e+02   1.1205099e+02   1.1077990e+02   1.1215136e+02   1.1207158e+02   1.1176980e+02   1.1164320e+02   1.1191529e+02   1.1247466e+02   1.1203123e+02   1.1154748e+02   1.1177902e+02   1.1132291e+02   1.1103553e+02
   1.0000821e+02   1.0001690e+02   1.0001483e+02   1.0001431e+02   1.0001337e+02   1.0001223e+02   1.0000808e+02   1.0000972e+02   1.0001447e+02   1.0001688e+02   1.0001108e+02   1.0000896e+02   1.0001255e+02   1.0001322e+02   1.0001954e+02   1.0001312e+02   1.0001317e+02   1.0001667e+02   1.0000821e+02   1.0001308e+02   1.0000983e+02   1.0001185e+02   1.0000846e+02   1.0000919e+02   1.0001560e+02   1.0001293e+02   1.0001225e+02   1.0001132e+02   1.0001262e+02   1.0001144e+02
   1.0000000e+02   1.0000000e+02   1.0000000e+02   1.0000000e+02   1.0000000e+02   1.0000000e+02   1.0000000e+02   1.0000000e+02   1.0000000e+02   1.0000000e+02   1.0000000e+02   1.0000000e+02   1.0000000e+02   1.0000000e+02   1.0000000e+02   1.0000000e+02   1.0000000e+02   1.0000000e+02   1.0000000e+02   1.0000000e+02   1.0000000e+02   1.0000000e+02   1.0000000e+02   1.0000000e+02   1.0000000e+02   1.0000000e+02   1.0000000e+02   1.0000000e+02   1.0000000e+02   1.0000000e+02
   1.0000000e+02   1.0000000e+02   1.0000000e+02   1.0000000e+02   1.0000000e+02   1.0000000e+02   1.0000000e+02   1.0000000e+02   1.0000000e+02   1.0000000e+02   1.0000000e+02   1.0000000e+02   1.0000000e+02   1.0000000e+02   1.0000000e+02   1.0000000e+02   1.0000000e+02   1.0000000e+02   1.0000000e+02   1.0000000e+02   1.0000000e+02   1.0000000e+02   1.0000000e+02   1.0000000e+02   1.0000000e+02   1.0000000e+02   1.0000000e+02   1.0000000e+02   1.0000000e+02   1.0000000e+02
   1.0000000e+02   1.0000000e+02   1.0000000e+02   1.0000000e+02   1.0000000e+02   1.0000000e+02   1.0000000e+02   1.0000000e+02   1.0000000e+02   1.0000000e+02   1.0000000e+02   1.0000000e+02   1.0000000e+02   1.0000000e+02   1.0000000e+02   1.0000000e+02   1.0000000e+02   1.0000000e+02   1.0000000e+02   1.0000000e+02   1.0000000e+02   1.0000000e+02   1.0000000e+02   1.0000000e+02   1.0000000e+02   1.0000000e+02   1.0000000e+02   1.0000000e+02   1.0000000e+02   1.0000000e+02
   1.0000000e+02   1.0000000e+02   1.0000000e+02   1.0000000e+02   1.0000000e+02   1.0000000e+02   1.0000000e+02   1.0000000e+02   1.0000000e+02   1.0000000e+02   1.0000000e+02   1.0000000e+02   1.0000000e+02   1.0000000e+02   1.0000000e+02   1.0000000e+02   1.0000000e+02   1.0000000e+02   1.0000000e+02   1.0000000e+02   1.0000000e+02   1.0000000e+02   1.0000000e+02   1.0000000e+02   1.0000000e+02   1.0000000e+02   1.0000000e+02   1.0000000e+02   1.0000000e+02   1.0000000e+02
   1.0000000e+02   1.0000000e+02   1.0000000e+02   1.0000000e+02   1.0000000e+02   1.0000000e+02   1.0000000e+02   1.0000000e+02   1.0000000e+02   1.0000000e+02   1.0000000e+02   1.0000000e+02   1.0000000e+02   1.0000000e+02   1.0000000e+02   1.0000000e+02   1.0000000e+02   1.0000000e+02   1.0000000e+02   1.0000000e+02   1.0000000e+02   1.0000000e+02   1.0000000e+02   1.0000000e+02   1.0000000e+02   1.0000000e+02   1.0000000e+02   1.0000000e+02   1.0000000e+02   1.0000000e+02
