   2.7765179e+10   2.6568742e+10   2.9157867e+10   2.4594304e+10   2.9888576e+10   2.0579610e+10   2.5588545e+10   3.0720778e+10   2.7724760e+10   3.5637088e+10   3.0944018e+10   2.7614102e+10   2.3831713e+10   2.0579610e+10   2.7516264e+10   3.0345856e+10   2.4070567e+10   2.9566951e+10   3.0476350e+10   3.0898594e+10   2.8133650e+10   2.9933558e+10   3.2262725e+10   2.3769328e+10   3.4184108e+10   3.2902638e+10   3.3526893e+10   3.2543779e+10   2.6048451e+10   3.3251776e+10
   2.4185812e+10   1.8902995e+10   2.2732884e+10   1.4838347e+10   2.1539792e+10   2.0579610e+10   2.1524290e+10   1.7556525e+10   2.7724760e+10   2.1310623e+10   2.0690262e+10   2.3851266e+10   2.3831713e+10   2.0579610e+10   1.9731108e+10   1.9719506e+10   2.2032630e+10   2.6865443e+10   2.2447287e+10   1.8379021e+10   2.2117660e+10   2.0081098e+10   2.2116188e+10   2.3662394e+10   2.3509091e+10   2.3055430e+10   3.1068682e+10   2.5603583e+10   2.3843425e+10   1.8117242e+10
   1.6267484e+10   1.8902995e+10   1.7502776e+10   1.4838347e+10   2.1539792e+10   1.6926269e+10   2.0235575e+10   1.7556525e+10   1.9812642e+10   1.9819461e+10   1.2241385e+10   1.7193522e+10   2.2375706e+10   1.6926269e+10   1.9731108e+10   1.9230852e+10   1.5914547e+10   1.8177561e+10   1.7698323e+10   1.5999386e+10   2.2117660e+10   1.9055105e+10   2.2116188e+10   1.8237387e+10   2.1907827e+10   1.7038533e+10   2.4841608e+10   1.7288916e+10   1.2922304e+10   1.8117242e+10
   1.6267484e+10   1.8902995e+10   1.6552943e+10   9.2011827e+09   1.6471046e+10   1.6730802e+10   1.5292915e+10   1.7556525e+10   1.6815303e+10   1.7371455e+10   1.2241385e+10   1.6918185e+10   1.8063032e+10   1.6730802e+10   1.2662920e+10   1.6343435e+10   1.4351016e+10   1.6841565e+10   1.7698323e+10   1.5999386e+10   1.8035061e+10   1.9055105e+10   1.8261923e+10   1.2248167e+10   1.8374900e+10   1.5564732e+10   1.6182428e+10   1.7288916e+10   9.6365801e+09   1.8117242e+10
   1.4546074e+10   1.7185097e+10   1.3289823e+10   9.2011827e+09   1.3362597e+10   1.4478656e+10   1.1817711e+10   1.3404082e+10   1.2966901e+10   1.2292256e+10   9.9663192e+09   1.5565241e+10   1.0762750e+10   1.4478656e+10   1.2662920e+10   1.6343435e+10   8.8632158e+09   1.4917038e+10   1.6083119e+10   1.5999386e+10   1.5921801e+10   1.1711332e+10   1.7058431e+10   1.2248167e+10   1.2634196e+10   1.5031659e+10   1.5807052e+10   1.6013022e+10   9.6365801e+09   1.5178861e+10
   1.1660900e+10   1.2382227e+10   1.3196335e+10   6.5226994e+09   1.3189513e+10   1.0120932e+10   1.1817711e+10   1.1605670e+10   1.2567429e+10   1.2292256e+10   9.9663192e+09   1.0798419e+10   1.0762750e+10   1.0120932e+10   1.2662920e+10   1.3270236e+10   8.8632158e+09   9.5109097e+09   1.0432780e+10   1.0153030e+10   1.2712715e+10   1.1546286e+10   1.3678477e+10   1.2248167e+10   1.1668089e+10   1.3153724e+10   6.3878068e+09   1.0046069e+10   8.6663786e+09   7.4832436e+09
   5.3026939e+09   6.8480213e+09   6.4215697e+09   5.5526548e+09   5.4969088e+09   5.3492578e+09   6.4116847e+09   5.3496937e+09   6.1713868e+09   4.9100200e+09   6.2823690e+09   5.1515686e+09   4.4317673e+09   5.3492578e+09   6.8383889e+09   6.2693097e+09   5.4603434e+09   6.0277763e+09   3.4291547e+09   6.8671984e+09   5.4648668e+09   6.7361503e+09   7.1170423e+09   5.2842896e+09   4.6830557e+09   7.4842214e+09   6.3266497e+09   6.1248537e+09   6.6532956e+09   6.7036289e+09
   1.8914358e+09   1.9805175e+09   1.1494351e+09   1.5550883e+09   1.2919128e+09   1.1625873e+09   1.7419240e+09   2.0103340e+09   1.9353471e+09   1.5548527e+09   2.0033279e+09   1.2640848e+09   1.6041203e+09   1.1625873e+09   1.8407419e+09   2.5219642e+09   2.3805118e+09   1.4342104e+09   1.4781503e+09   1.9629932e+09   1.8449679e+09   1.6993510e+09   2.1373677e+09   1.4795432e+09   1.1855931e+09   2.1011752e+09   1.5054748e+09   2.1896452e+09   1.4657849e+09   1.6630607e+09
   1.4381570e+08   2.0117203e+08   1.1644141e+08   1.3054843e+08   9.8293066e+07   1.2741099e+08   1.3469861e+08   1.3055357e+08   1.0803288e+08   1.1294533e+08   1.2475113e+08   1.2211867e+08   1.1871463e+08   1.2741099e+08   8.6950890e+07   2.1384107e+08   1.3608033e+08   1.1841796e+08   1.5368134e+08   9.3579302e+07   1.4073368e+08   1.1192312e+08   1.5959746e+08   1.6883150e+08   1.3888967e+08   1.5308011e+08   1.6904527e+08   1.7740143e+08   1.3269351e+08   1.4145287e+08
   6.1556162e+05   8.0430537e+05   4.8782404e+05   6.2921602e+05   6.5574084e+05   5.2520572e+05   5.1203830e+05   4.9042959e+05   3.8198948e+05   8.3607076e+05   5.5749334e+05   3.4796134e+05   2.9504275e+05   5.2520572e+05   5.0394453e+05   7.8060025e+05   8.2273774e+05   6.5478326e+05   7.6392344e+05   4.1300713e+05   4.3543007e+05   4.7104114e+05   6.9312457e+05   4.2957263e+05   6.9788032e+05   6.4290846e+05   4.7345144e+05   7.5640122e+05   5.5314185e+05   7.4675395e+05
   3.4461389e+01   2.0596894e+01   2.9134342e+01   1.7960098e+01   5.7862453e+01   2.5308754e+01   1.1102661e+01   2.9991050e+01   2.4538905e+01   2.2576166e+01   3.3783026e+01   1.3598762e+01   2.1706975e+01   2.5308754e+01   7.8071232e+01   5.2896881e+01   1.1134996e+01   3.7099322e+01   7.1120740e+01   1.3125348e+01   1.2109141e+02   3.3547949e+01   1.8561832e+01   3.0203148e+01   1.3082850e+02   1.7231835e+01   3.0173814e+01   4.4980602e+01   2.1902205e+01   1.8400381e+01
   1.4808876e-07   8.1487173e-08   6.7371431e-08   5.0682004e-08   7.7413418e-08   5.7537491e-08   3.1450611e-08   1.1298282e-07   6.5471937e-08   6.1006560e-08   7.4255496e-08   3.9153676e-08   5.4709815e-08   5.7537491e-08   3.3466577e-07   6.4215754e-08   3.7284451e-08   7.0825052e-08   1.4245420e-07   4.5088996e-08   3.8005652e-07   6.2268242e-08   3.2559868e-08   7.5552464e-08   3.9055959e-07   3.7286199e-08   6.6930824e-08   7.0116869e-08   5.4294077e-08   3.8750613e-08
   0.0000000e+00   0.0000000e+00   0.0000000e+00   0.0000000e+00   0.0000000e+00   0.0000000e+00   0.0000000e+00   0.0000000e+00   0.0000000e+00   0.0000000e+00   0.0000000e+00   0.0000000e+00   0.0000000e+00   0.0000000e+00   0.0000000e+00   0.0000000e+00   0.0000000e+00   0.0000000e+00   0.0000000e+00   0.0000000e+00   0.0000000e+00   0.0000000e+00   0.0000000e+00   0.0000000e+00   0.0000000e+00   0.0000000e+00   0.0000000e+00   0.0000000e+00   0.0000000e+00   0.0000000e+00
   0.0000000e+00   0.0000000e+00   0.0000000e+00   0.0000000e+00   0.0000000e+00   0.0000000e+00   0.0000000e+00   0.0000000e+00   0.0000000e+00   0.0000000e+00   0.0000000e+00   0.0000000e+00   0.0000000e+00   0.0000000e+00   0.0000000e+00   0.0000000e+00   0.0000000e+00   0.0000000e+00   0.0000000e+00   0.0000000e+00   0.0000000e+00   0.0000000e+00   0.0000000e+00   0.0000000e+00   0.0000000e+00   0.0000000e+00   0.0000000e+00   0.0000000e+00   0.0000000e+00   0.0000000e+00
   0.0000000e+00   0.0000000e+00   0.0000000e+00   0.0000000e+00   0.0000000e+00   0.0000000e+00   0.0000000e+00   0.0000000e+00   0.0000000e+00   0.0000000e+00   0.0000000e+00   0.0000000e+00   0.0000000e+00   0.0000000e+00   0.0000000e+00   0.0000000e+00   0.0000000e+00   0.0000000e+00   0.0000000e+00   0.0000000e+00   0.0000000e+00   0.0000000e+00   0.0000000e+00   0.0000000e+00   0.0000000e+00   0.0000000e+00   0.0000000e+00   0.0000000e+00   0.0000000e+00   0.0000000e+00
   0.0000000e+00   0.0000000e+00   0.0000000e+00   0.0000000e+00   0.0000000e+00   0.0000000e+00   0.0000000e+00   0.0000000e+00   0.0000000e+00   0.0000000e+00   0.0000000e+00   0.0000000e+00   0.0000000e+00   0.0000000e+00   0.0000000e+00   0.0000000e+00   0.0000000e+00   0.0000000e+00   0.0000000e+00   0.0000000e+00   0.0000000e+00   0.0000000e+00   0.0000000e+00   0.0000000e+00   0.0000000e+00   0.0000000e+00   0.0000000e+00   0.0000000e+00   0.0000000e+00   0.0000000e+00
