   1.1254768e+03   1.1031216e+03   1.0851631e+03   1.2259107e+03   1.1024499e+03   9.4243575e+02   1.2241705e+03   1.0273531e+03   9.3847785e+02   9.9103743e+02   1.0426843e+03   1.2346644e+03   1.0666669e+03   1.0402882e+03   1.2035301e+03   1.1577945e+03   1.3257251e+03   8.5653476e+02   1.0100162e+03   1.0721901e+03   1.1536174e+03   1.1326358e+03   9.9205028e+02   1.1354178e+03   9.9252789e+02   1.0338376e+03   1.1848685e+03   1.0859776e+03   1.2008781e+03   1.0157242e+03
   1.1254768e+03   9.6737440e+02   9.3649785e+02   1.0796449e+03   9.0654388e+02   9.3731239e+02   1.1314878e+03   9.1858119e+02   9.3847785e+02   9.9103743e+02   1.0426843e+03   1.0476825e+03   9.1436063e+02   1.0402882e+03   1.0182358e+03   1.1039050e+03   1.0580292e+03   8.5653476e+02   1.0100162e+03   9.6170751e+02   1.1235391e+03   8.2653142e+02   9.9205028e+02   1.0404923e+03   8.8149049e+02   1.0338376e+03   1.0204369e+03   1.0449826e+03   1.1521470e+03   1.0157242e+03
   9.7875217e+02   9.6737440e+02   8.9999767e+02   1.0270091e+03   9.0654388e+02   9.3731239e+02   1.0411340e+03   9.1858119e+02   8.6611109e+02   9.7829012e+02   9.3056908e+02   7.9834998e+02   9.1436063e+02   8.2467040e+02   8.8855442e+02   9.2362159e+02   8.6567038e+02   8.5653476e+02   9.9340046e+02   9.6170751e+02   9.7058660e+02   7.5915254e+02   8.7380132e+02   9.2495795e+02   8.8149049e+02   9.6698761e+02   9.6750924e+02   1.0449826e+03   1.0400561e+03   9.4781851e+02
   9.5553301e+02   8.5979846e+02   7.5888268e+02   8.5450047e+02   8.7988215e+02   9.3731239e+02   9.3863474e+02   8.8063895e+02   8.6611109e+02   9.5300606e+02   8.3128142e+02   7.9834998e+02   8.6414927e+02   8.2467040e+02   8.8855442e+02   8.6297341e+02   7.6668624e+02   7.7001338e+02   8.9154785e+02   9.6170751e+02   8.2699238e+02   6.9256032e+02   8.7380132e+02   9.0751831e+02   8.1600296e+02   8.3025282e+02   9.0342439e+02   8.1149011e+02   9.4998801e+02   7.6188034e+02
   8.5278919e+02   7.7009500e+02   7.4979055e+02   7.9195275e+02   7.4830310e+02   7.5414876e+02   8.2675925e+02   7.4915561e+02   7.7973036e+02   8.6800536e+02   7.2715306e+02   7.8058749e+02   8.3596137e+02   7.3406542e+02   7.6653913e+02   8.2860529e+02   7.6290322e+02   7.4359015e+02   7.8795160e+02   8.9920004e+02   7.8779349e+02   6.9256032e+02   7.4313280e+02   7.7096398e+02   8.1600296e+02   8.3025282e+02   8.4506055e+02   7.6865780e+02   7.7878334e+02   7.6188034e+02
   7.5406695e+02   7.0368335e+02   6.9539910e+02   6.5477263e+02   6.8909637e+02   6.8101683e+02   7.5267373e+02   6.9598809e+02   6.6253448e+02   6.9532767e+02   6.7501188e+02   7.0431376e+02   6.7594883e+02   7.1652057e+02   7.1414627e+02   6.9594365e+02   6.9951659e+02   7.0105463e+02   6.8473738e+02   7.5492930e+02   7.0564478e+02   6.8572078e+02   7.1220838e+02   7.1029440e+02   7.1499065e+02   7.4149240e+02   7.2534046e+02   7.6865780e+02   6.8191684e+02   6.7413932e+02
   5.8719196e+02   5.8548661e+02   5.7314821e+02   5.9170895e+02   5.8569974e+02   5.7698130e+02   5.7893380e+02   5.6789521e+02   5.8478217e+02   5.8350325e+02   5.8285045e+02   5.6679613e+02   5.6505298e+02   5.5185746e+02   5.9985380e+02   5.7621994e+02   5.7122967e+02   5.8833948e+02   5.2946989e+02   5.9025869e+02   6.0719322e+02   5.9098126e+02   5.7658269e+02   6.0371702e+02   5.8910740e+02   5.7894284e+02   5.5045560e+02   5.7944928e+02   5.6937151e+02   5.5714881e+02
   5.4852887e+02   5.2592086e+02   5.4319932e+02   5.4938541e+02   5.3949555e+02   5.3469033e+02   5.4223464e+02   5.3954640e+02   5.4081268e+02   5.1758923e+02   5.4149772e+02   5.4395984e+02   5.5611182e+02   5.3298176e+02   5.3701692e+02   5.3807429e+02   5.4730760e+02   5.2536378e+02   5.2946989e+02   5.2707122e+02   5.5167713e+02   5.5050989e+02   5.2305600e+02   5.4573065e+02   5.3913567e+02   5.4994521e+02   5.2624116e+02   5.4072629e+02   5.1744428e+02   5.4094802e+02
   5.2155161e+02   5.2592086e+02   5.1537074e+02   5.1861259e+02   5.2988950e+02   5.1527534e+02   5.2765884e+02   5.1913421e+02   5.2318558e+02   5.1758923e+02   5.2801372e+02   5.2423234e+02   5.3711587e+02   5.0342215e+02   5.3212611e+02   5.0841140e+02   5.3330843e+02   5.2536378e+02   5.2946989e+02   5.0732466e+02   5.0705882e+02   5.3523936e+02   5.2149486e+02   5.3290014e+02   5.2564860e+02   5.0288131e+02   5.2624116e+02   5.1443016e+02   5.0862555e+02   5.2516724e+02
   5.0497091e+02   5.1465264e+02   5.1537074e+02   5.1504106e+02   5.0952177e+02   5.0380948e+02   4.9975097e+02   4.9587030e+02   5.1102396e+02   5.1399723e+02   4.9824970e+02   5.0817986e+02   5.1343258e+02   5.0342215e+02   5.1408691e+02   5.0841140e+02   5.1611921e+02   5.1654057e+02   5.0954317e+02   5.0732466e+02   5.0705882e+02   4.9885861e+02   5.1188410e+02   5.1504867e+02   5.0904776e+02   4.9778585e+02   5.1827193e+02   5.0807577e+02   5.0862555e+02   5.1183792e+02
   5.0497091e+02   4.9144261e+02   4.9528829e+02   4.7986426e+02   4.8128431e+02   4.9162211e+02   4.8631199e+02   4.7737571e+02   4.8639895e+02   4.9054451e+02   4.9335696e+02   4.7796512e+02   4.8489282e+02   4.9694565e+02   4.8461358e+02   4.9755516e+02   4.8933558e+02   4.9083401e+02   4.8211877e+02   4.9386196e+02   4.9265142e+02   4.9357233e+02   4.7667163e+02   4.8443164e+02   4.9247259e+02   4.8616733e+02   4.9645940e+02   4.8905404e+02   5.0076513e+02   4.9469558e+02
   4.5153704e+02   4.5375345e+02   4.5114876e+02   4.6380521e+02   4.3403252e+02   4.5328080e+02   4.4950802e+02   4.6291709e+02   4.4739539e+02   4.4450985e+02   4.4956415e+02   4.6221030e+02   4.5175474e+02   4.5938304e+02   4.4202694e+02   4.5618363e+02   4.5766359e+02   4.5676208e+02   4.4662226e+02   4.4151503e+02   4.4845199e+02   4.4634891e+02   4.4556959e+02   4.3661824e+02   4.4550109e+02   4.5155270e+02   4.5808470e+02   4.4716759e+02   4.5036801e+02   4.4902372e+02
   4.1827004e+02   4.2432557e+02   4.2741409e+02   4.0949654e+02   4.2367350e+02   4.2574672e+02   4.3115306e+02   4.2144006e+02   4.2680907e+02   4.2370279e+02   4.1612104e+02   4.3268852e+02   4.1820066e+02   4.3372067e+02   4.2063643e+02   4.2806203e+02   4.3206282e+02   4.2189096e+02   4.1475046e+02   4.2272321e+02   4.1928129e+02   4.2782197e+02   4.1838123e+02   4.2026942e+02   4.1824892e+02   4.2855563e+02   4.3247062e+02   4.2970244e+02   4.2266862e+02   4.3243753e+02
   4.0812827e+02   4.0730973e+02   4.0590119e+02   4.0509634e+02   4.0757105e+02   4.0578058e+02   4.0694718e+02   4.0932923e+02   4.0608161e+02   4.0615197e+02   4.0641167e+02   4.0854200e+02   4.0834080e+02   4.1141463e+02   4.0607574e+02   4.0384455e+02   4.0533860e+02   4.1219426e+02   4.0580712e+02   4.0898397e+02   4.0738792e+02   4.0483699e+02   4.0442899e+02   4.0551753e+02   4.0871486e+02   4.0641873e+02   4.0674252e+02   4.0328159e+02   4.0468450e+02   4.0766338e+02
   4.0038216e+02   4.0209225e+02   4.0258405e+02   4.0093340e+02   4.0291159e+02   4.0082406e+02   4.0118314e+02   4.0226580e+02   4.0029219e+02   4.0152423e+02   4.0259408e+02   4.0031685e+02   4.0149202e+02   4.0192351e+02   4.0088748e+02   4.0080244e+02   4.0347587e+02   4.0228626e+02   4.0162479e+02   4.0176296e+02   4.0160967e+02   4.0152516e+02   4.0155902e+02   4.0064824e+02   4.0291286e+02   4.0081486e+02   4.0113305e+02   4.0080740e+02   4.0091978e+02   4.0314156e+02
   4.0019669e+02   4.0154144e+02   4.0228403e+02   4.0072306e+02   4.0278017e+02   4.0071983e+02   4.0085645e+02   4.0202755e+02   4.0008627e+02   4.0121327e+02   4.0231138e+02   3.9979803e+02   4.0128123e+02   4.0173959e+02   4.0076591e+02   4.0053134e+02   4.0329374e+02   4.0209698e+02   4.0144401e+02   4.0164022e+02   4.0146113e+02   4.0130724e+02   4.0144205e+02   4.0041065e+02   4.0258436e+02   4.0076341e+02   4.0080987e+02   4.0066791e+02   4.0081947e+02   4.0303442e+02
