   2.1872023e+03   2.2888400e+03   1.7750575e+03   2.1557990e+03   2.0503205e+03   1.5743633e+03   2.0491301e+03   2.2728495e+03   2.0003207e+03   2.0580824e+03   2.0296006e+03   2.3047861e+03   2.3719916e+03   1.5743633e+03   2.3425705e+03   2.1073397e+03   1.9459703e+03   1.4977349e+03   2.3495592e+03   2.3231332e+03   2.1186474e+03   1.9762100e+03   2.2860010e+03   2.2300680e+03   2.5461767e+03   2.2682869e+03   2.2710370e+03   1.4870772e+03   1.9777556e+03   2.0740985e+03
   2.1872023e+03   2.2888400e+03   1.7750575e+03   2.1557990e+03   2.0503205e+03   1.5743633e+03   2.0491301e+03   2.2569908e+03   2.0003207e+03   2.0580824e+03   2.0296006e+03   2.2091842e+03   2.2345194e+03   1.5743633e+03   2.3425705e+03   2.1073397e+03   1.9459703e+03   1.4977349e+03   1.6164657e+03   2.3231332e+03   2.1186474e+03   1.9762100e+03   2.2860010e+03   2.2300680e+03   2.3540772e+03   2.2682869e+03   2.2710370e+03   1.4870772e+03   1.9777556e+03   2.0740985e+03
   2.1872023e+03   2.2888400e+03   1.7750575e+03   1.9986178e+03   1.9860632e+03   1.5743633e+03   2.0491301e+03   2.1935431e+03   1.3975651e+03   2.0580824e+03   2.0183023e+03   1.9380750e+03   2.2345194e+03   1.5743633e+03   2.3425705e+03   1.6694885e+03   1.9459703e+03   1.4977349e+03   1.6164657e+03   2.3231332e+03   2.1186474e+03   1.9762100e+03   2.2860010e+03   2.2300680e+03   2.3540772e+03   2.0267558e+03   2.2191006e+03   1.4870772e+03   1.9777556e+03   1.8083803e+03
   2.1872023e+03   2.2888400e+03   1.7750575e+03   1.8284295e+03   1.9860632e+03   1.5743633e+03   2.0491301e+03   2.1935431e+03   1.3975651e+03   2.0580824e+03   2.0183023e+03   1.9380750e+03   2.1571758e+03   1.5743633e+03   1.7637865e+03   1.5888296e+03   1.9459703e+03   1.4977349e+03   1.6164657e+03   2.3231332e+03   1.9421321e+03   1.9762100e+03   2.2860010e+03   2.2300680e+03   2.3446454e+03   1.8608892e+03   2.2191006e+03   1.4870772e+03   1.9777556e+03   1.8083803e+03
   2.0203442e+03   1.7786753e+03   1.7750575e+03   1.6541342e+03   1.9271191e+03   1.5743633e+03   1.9817805e+03   2.1248181e+03   1.3975651e+03   2.0580824e+03   1.5988593e+03   1.6541676e+03   1.5312242e+03   1.5743633e+03   1.7637865e+03   1.5888296e+03   1.8109055e+03   1.4977349e+03   1.6164657e+03   1.8716600e+03   1.6842629e+03   1.9762100e+03   1.8562042e+03   2.1963763e+03   1.8614577e+03   1.8608892e+03   2.0214038e+03   1.4870772e+03   1.9777556e+03   1.8083803e+03
   1.7626089e+03   1.7786753e+03   1.7750575e+03   1.6541342e+03   1.9271191e+03   1.5743633e+03   1.7250438e+03   1.9734600e+03   1.3975651e+03   1.7806148e+03   1.5988593e+03   1.6541676e+03   1.5312242e+03   1.5743633e+03   1.7210482e+03   1.5888296e+03   1.8109055e+03   1.4977349e+03   1.6164657e+03   1.6493445e+03   1.6842629e+03   1.6502383e+03   1.7810508e+03   1.5086527e+03   1.8614577e+03   1.8608892e+03   2.0214038e+03   1.4870772e+03   1.9435458e+03   1.8083803e+03
   1.7626089e+03   1.7786753e+03   1.5223645e+03   1.5760845e+03   1.9271191e+03   1.5743633e+03   1.7250438e+03   1.5771435e+03   1.3975651e+03   1.7806148e+03   1.5988593e+03   1.6541676e+03   1.4454630e+03   1.5743633e+03   1.7210482e+03   1.5888296e+03   1.5888898e+03   1.4977349e+03   1.6164657e+03   1.6493445e+03   1.6842629e+03   1.6502383e+03   1.7810508e+03   1.5086527e+03   1.8254407e+03   1.8248144e+03   1.9524851e+03   1.3227951e+03   1.8197427e+03   1.8083803e+03
   1.7029825e+03   1.6883670e+03   1.5223645e+03   1.5640730e+03   1.8143810e+03   1.2769365e+03   1.6690761e+03   1.4545361e+03   1.2870026e+03   1.7806148e+03   1.5988593e+03   1.6541676e+03   1.4454630e+03   1.2769365e+03   1.5601131e+03   1.5643975e+03   1.5888898e+03   1.4977349e+03   1.6164657e+03   1.6493445e+03   1.6842629e+03   1.6502383e+03   1.7634235e+03   1.1049525e+03   1.6703037e+03   1.5639091e+03   1.4707363e+03   1.3227951e+03   1.7348106e+03   1.5019934e+03
   1.3055695e+03   1.1519196e+03   1.4767552e+03   1.2354197e+03   1.8143810e+03   1.2769365e+03   1.6523685e+03   1.2085392e+03   1.2870026e+03   1.7472570e+03   1.5669312e+03   1.5971011e+03   1.4454630e+03   1.2769365e+03   1.0972017e+03   1.4824027e+03   1.5244313e+03   1.4977349e+03   1.5001363e+03   1.3686110e+03   1.4975393e+03   1.0478491e+03   1.6231670e+03   1.1049525e+03   1.5421212e+03   1.5639091e+03   1.4707363e+03   1.3227951e+03   1.6001474e+03   1.4452593e+03
   5.8822816e+02   1.1322532e+03   1.3325863e+03   1.1134006e+03   1.5546636e+03   1.2769365e+03   1.5200038e+03   1.2085392e+03   9.3050917e+02   1.2927243e+03   1.2221306e+03   1.2755015e+03   1.4454630e+03   1.2769365e+03   1.0972017e+03   1.0759844e+03   8.3726257e+02   1.3239130e+03   1.4840480e+03   1.2840208e+03   1.3755292e+03   1.0478491e+03   1.6231670e+03   1.1049525e+03   1.2943349e+03   1.2215477e+03   1.4707363e+03   1.2883404e+03   1.5012877e+03   9.6346970e+02
   5.8822816e+02   9.3133854e+02   1.0194370e+03   9.1197837e+02   1.0547375e+03   9.2341660e+02   1.0765397e+03   5.6235066e+02   7.3415007e+02   9.0149459e+02   9.7044126e+02   1.1265487e+03   9.0750274e+02   9.2341660e+02   1.0935500e+03   8.9564002e+02   8.3726257e+02   1.0223112e+03   1.0120148e+03   1.1364198e+03   1.0716961e+03   8.8402610e+02   9.9648349e+02   7.3292491e+02   1.2369021e+03   1.2215477e+03   9.8587966e+02   1.0698271e+03   9.5411353e+02   8.1431075e+02
   4.3653007e+02   4.9450910e+02   5.3085298e+02   5.9269067e+02   6.5782205e+02   5.5489867e+02   6.7076308e+02   5.5158848e+02   5.3616231e+02   5.6699817e+02   6.2088283e+02   5.6839159e+02   6.8247926e+02   5.5489867e+02   8.0281907e+02   5.8212974e+02   4.9802299e+02   6.1287892e+02   7.5536369e+02   7.9707228e+02   7.5230176e+02   8.3877348e+02   5.6799106e+02   7.1789364e+02   7.6394321e+02   8.1425536e+02   5.7193935e+02   7.0354063e+02   7.6483265e+02   6.7906350e+02
   3.4378365e+02   3.8285853e+02   1.8434616e+02   2.7178514e+02   1.6036890e+02   3.5488184e+02   3.0112329e+02   3.3346164e+02   3.7836927e+02   3.2584431e+02   2.3408339e+02   3.7791236e+02   4.0045714e+02   3.5488184e+02   3.0097931e+02   2.7924540e+02   2.6170856e+02   4.5072647e+02   4.3210155e+02   4.2457790e+02   4.5598652e+02   2.5141331e+02   2.8805454e+02   2.6662973e+02   3.4627291e+02   2.2347151e+02   3.3528523e+02   4.1851856e+02   4.4845055e+02   3.1053895e+02
   8.5422507e+01   8.6526035e+01   9.1427880e+01   5.8182570e+01   7.1516554e+01   1.1207352e+02   1.0017617e+02   6.7672511e+01   1.4916421e+02   5.6355093e+01   7.5317706e+01   1.2849838e+02   6.1026081e+01   1.1207352e+02   6.2976926e+01   1.2206630e+02   7.9117356e+01   1.2570191e+02   1.1266018e+02   1.1331416e+02   4.3996396e+01   1.2362280e+02   7.8465800e+01   7.6151570e+01   7.0314017e+01   8.7078046e+01   7.1676720e+01   1.1994008e+02   1.2303824e+02   7.3975464e+01
   3.1268989e+01   1.3862497e+01   8.0021251e+00   1.3490465e+01   8.8588756e+00   9.5837048e+00   1.8572385e+01   7.6852711e+00   7.9450284e+00   2.3715961e+01   7.1765919e+00   1.1429878e+01   1.9506517e+01   9.5837048e+00   2.3811323e+01   1.3555692e+01   1.7035183e+01   2.2026984e+01   1.8172469e+01   1.5945503e+01   1.7351240e+01   5.6254189e+00   1.4316394e+01   1.4975395e+01   2.1092566e+01   6.8876393e+00   1.3984363e+01   1.4003465e+01   2.5493367e+01   1.2897780e+01
   7.0349788e+00   6.9009689e+00   3.6156540e+00   7.1523185e+00   6.8835671e+00   6.9227071e+00   1.0263837e+01   3.6825713e+00   3.6181654e+00   1.5317380e+01   3.6066197e+00   3.5911678e+00   1.5185790e+01   6.9227071e+00   1.5162263e+01   3.6038198e+00   7.1059582e+00   1.8537944e+01   1.1917998e+01   1.0202396e+01   1.0192466e+01   3.6186627e+00   6.9070358e+00   3.4940753e+00   6.9907000e+00   3.8122211e+00   7.0227571e+00   1.1922578e+01   1.0164456e+01   6.9223582e+00
