   7.6658388e+09   6.2369649e+09   1.0603982e+10   4.8910879e+09   3.5561170e+09   6.9752084e+09   5.9890302e+09   6.8050833e+09   4.8305058e+09   6.8480206e+09   5.7114585e+09   7.8397456e+09   6.6908046e+09   7.7486495e+09   6.2667950e+09   5.7087694e+09   4.8140937e+09   6.2726787e+09   6.5786952e+09   8.3107416e+09   7.6590979e+09   6.2183303e+09   8.0560306e+09   6.3332542e+09   5.9388345e+09   5.9006939e+09   7.4591632e+09   7.1445687e+09   8.6125229e+09   8.7633449e+09
   7.6658388e+09   5.1130034e+09   6.6820432e+09   3.5933082e+09   2.3443001e+09   5.4075717e+09   3.5840083e+09   6.2553716e+09   4.8305058e+09   4.3378384e+09   5.5338052e+09   5.0865177e+09   5.3316542e+09   7.7486495e+09   6.2667950e+09   5.2958806e+09   4.8140937e+09   5.4329942e+09   4.1810100e+09   4.8979505e+09   7.6243565e+09   4.5735251e+09   2.6316033e+09   6.1907361e+09   3.1899297e+09   5.9006939e+09   4.8028644e+09   4.9765732e+09   4.9793438e+09   5.0486905e+09
   2.5266349e+09   5.1130034e+09   5.3437415e+09   2.9840169e+09   2.3443001e+09   4.7975537e+09   3.5840083e+09   3.7153530e+09   3.9141048e+09   4.3378384e+09   3.4106114e+09   3.4379004e+09   4.7880014e+09   4.4629533e+09   4.9611032e+09   5.0917316e+09   4.8140937e+09   2.9785113e+09   1.7406476e+09   4.8979505e+09   4.8377648e+09   4.5735251e+09   1.0657934e+09   4.4528248e+09   3.1899297e+09   5.4857826e+09   4.8028644e+09   4.6318666e+09   3.9143123e+09   4.7817699e+09
   2.1104483e+09   3.3145122e+09   3.7714010e+09   2.8220550e+09   2.3443001e+09   4.3409235e+09   3.5840083e+09   3.7153530e+09   3.1650593e+09   3.1520901e+09   3.3841545e+09   2.2932789e+09   3.5437657e+09   4.4629533e+09   3.0286463e+09   4.9519326e+09   3.4204942e+09   2.9785113e+09   1.7406476e+09   4.0067962e+09   4.7322633e+09   3.3780037e+09   1.0657934e+09   2.6901641e+09   3.1899297e+09   3.4989022e+09   3.1809994e+09   2.5560768e+09   3.6556405e+09   3.6064737e+09
   2.1104483e+09   1.5301295e+09   2.3499626e+09   1.6021425e+09   1.7659257e+09   2.6006491e+09   1.7749705e+09   2.7123774e+09   1.9602540e+09   1.6653043e+09   2.6156401e+09   1.8226471e+09   1.3522329e+09   1.8915387e+09   1.4077055e+09   1.4296137e+09   2.7832796e+09   1.0744711e+09   1.6806389e+09   1.9700475e+09   1.5682178e+09   2.0422000e+09   1.0657934e+09   1.8273454e+09   2.5275094e+09   2.3845080e+09   2.9390384e+09   1.4713110e+09   2.8574245e+09   1.9177014e+09
   7.1874338e+08   1.2807728e+09   1.4480072e+09   7.2596122e+08   4.7648795e+08   1.0146407e+09   9.4831057e+08   1.0900882e+09   1.2780957e+09   9.9610718e+08   1.2786974e+09   1.0803757e+09   1.1073518e+09   1.1009215e+09   1.3764097e+09   7.2347906e+08   1.4712878e+09   1.0112204e+09   5.3607865e+08   1.1166234e+09   1.1821006e+09   1.0384374e+09   1.0545958e+09   3.8116467e+08   9.2392028e+08   1.5313335e+09   1.8147231e+09   1.4075557e+09   1.1318147e+09   7.1915809e+08
   6.6451620e+08   3.2667579e+08   6.9225626e+08   3.6216618e+08   4.7648795e+08   8.0971917e+08   3.7823311e+08   3.8769605e+08   5.9136885e+08   4.3879438e+08   3.3894107e+08   4.4625308e+08   4.1952227e+08   3.8170715e+08   3.2860412e+08   4.8584748e+08   4.0300180e+08   2.4667865e+08   4.0123359e+08   3.7389004e+08   1.0044388e+09   3.0790176e+08   6.1402838e+08   3.8116467e+08   4.8016093e+08   7.2777071e+08   4.1112683e+08   5.2756786e+08   2.4395728e+08   5.2393150e+08
   2.0297414e+08   1.1078059e+08   1.1295370e+08   1.3604289e+08   1.4584686e+08   1.6246314e+08   8.7262227e+07   1.1571481e+08   1.2563986e+08   9.0504798e+07   1.3594430e+08   1.6410702e+08   1.2370009e+08   1.0799535e+08   1.4494030e+08   7.2157351e+07   1.8410737e+08   9.0425200e+07   1.3359166e+08   1.1822882e+08   1.4354841e+08   9.7406342e+07   1.1561015e+08   3.3795865e+07   1.0228507e+08   1.1266301e+08   9.1642199e+07   1.3399927e+08   4.7177140e+07   1.0841466e+08
   1.3824562e+07   8.6673640e+06   1.4283567e+06   1.6118557e+07   1.4143370e+07   5.7626838e+06   4.6779600e+06   1.0556489e+07   1.1992276e+07   1.1333052e+07   7.0399921e+06   9.3124937e+06   9.7100952e+06   1.2450958e+07   2.0985747e+07   7.5629494e+06   1.2599121e+07   9.5967968e+06   1.4651786e+07   7.8686586e+06   1.6026132e+07   2.3329005e+06   9.8605539e+06   8.1569635e+06   4.7714056e+06   6.9866996e+06   1.0568184e+07   1.0900164e+07   1.2029490e+07   1.4332296e+07
   2.3552853e+05   1.8188487e+05   2.9319701e+05   2.9809100e+05   1.6825819e+05   9.8002790e+04   3.4248744e+04   1.0232986e+05   2.1449635e+05   1.0264577e+05   1.7508043e+05   1.3382320e+05   1.4144893e+05   2.0890780e+05   4.0798449e+05   6.4116101e+04   1.1394590e+05   2.3396415e+05   9.6842711e+04   1.4238758e+05   2.8629094e+05   1.4426918e+05   2.7200016e+05   8.8755342e+04   7.8889539e+04   1.6807073e+05   2.1031989e+05   1.4865156e+05   1.7096811e+05   7.1507627e+04
   9.9512265e+01   8.1532309e+01   2.3342804e+02   3.3013965e+02   7.8955267e+01   1.6563506e+02   2.7488890e+01   6.3284086e+01   1.9626238e+02   6.2014622e+01   1.2862900e+02   1.3653693e+02   1.6568379e+02   1.4817513e+02   3.0679594e+02   1.2213049e+02   1.4499804e+02   2.0733282e+02   4.6249982e+01   8.6425673e+01   7.1508363e+01   1.3546642e+02   2.7299148e+02   8.6567937e+01   4.1482383e+01   2.2692788e+02   1.3465613e+02   1.7267937e+02   2.5737187e+02   4.3233926e+01
   7.1345418e-04   2.1212309e-04   2.4614771e-03   5.3452243e-04   2.5439578e-04   3.3701842e-04   1.1888727e-04   1.4449557e-04   5.3553063e-04   3.4748465e-04   1.7555359e-04   6.4698129e-04   6.1066914e-04   6.8367555e-04   1.2741931e-03   1.1228340e-03   1.8523384e-04   6.5659300e-04   1.8109877e-04   2.8690924e-04   9.6007479e-04   6.2238754e-04   3.6124245e-04   2.5063510e-04   2.4474954e-04   4.8298879e-04   2.0456118e-04   6.4577574e-04   4.8948783e-04   3.1887457e-04
   0.0000000e+00   0.0000000e+00   0.0000000e+00   0.0000000e+00   0.0000000e+00   0.0000000e+00   0.0000000e+00   0.0000000e+00   0.0000000e+00   0.0000000e+00   0.0000000e+00   0.0000000e+00   0.0000000e+00   0.0000000e+00   0.0000000e+00   0.0000000e+00   0.0000000e+00   0.0000000e+00   0.0000000e+00   0.0000000e+00   0.0000000e+00   0.0000000e+00   0.0000000e+00   0.0000000e+00   0.0000000e+00   0.0000000e+00   0.0000000e+00   0.0000000e+00   0.0000000e+00   0.0000000e+00
   0.0000000e+00   0.0000000e+00   0.0000000e+00   0.0000000e+00   0.0000000e+00   0.0000000e+00   0.0000000e+00   0.0000000e+00   0.0000000e+00   0.0000000e+00   0.0000000e+00   0.0000000e+00   0.0000000e+00   0.0000000e+00   0.0000000e+00   0.0000000e+00   0.0000000e+00   0.0000000e+00   0.0000000e+00   0.0000000e+00   0.0000000e+00   0.0000000e+00   0.0000000e+00   0.0000000e+00   0.0000000e+00   0.0000000e+00   0.0000000e+00   0.0000000e+00   0.0000000e+00   0.0000000e+00
   0.0000000e+00   0.0000000e+00   0.0000000e+00   0.0000000e+00   0.0000000e+00   0.0000000e+00   0.0000000e+00   0.0000000e+00   0.0000000e+00   0.0000000e+00   0.0000000e+00   0.0000000e+00   0.0000000e+00   0.0000000e+00   0.0000000e+00   0.0000000e+00   0.0000000e+00   0.0000000e+00   0.0000000e+00   0.0000000e+00   0.0000000e+00   0.0000000e+00   0.0000000e+00   0.0000000e+00   0.0000000e+00   0.0000000e+00   0.0000000e+00   0.0000000e+00   0.0000000e+00   0.0000000e+00
   0.0000000e+00   0.0000000e+00   0.0000000e+00   0.0000000e+00   0.0000000e+00   0.0000000e+00   0.0000000e+00   0.0000000e+00   0.0000000e+00   0.0000000e+00   0.0000000e+00   0.0000000e+00   0.0000000e+00   0.0000000e+00   0.0000000e+00   0.0000000e+00   0.0000000e+00   0.0000000e+00   0.0000000e+00   0.0000000e+00   0.0000000e+00   0.0000000e+00   0.0000000e+00   0.0000000e+00   0.0000000e+00   0.0000000e+00   0.0000000e+00   0.0000000e+00   0.0000000e+00   0.0000000e+00
