   2.5479123e+05   3.5817701e+05   1.9688971e+05   9.5620910e+04   1.2760609e+05   1.4937835e+05   2.5398933e+05   3.9996719e+05   4.6625738e+05   3.4137272e+05   3.8130671e+05   6.2211790e+04   3.6187372e+05   1.6459732e+05   4.7343864e+05   1.5610186e+05   4.7138764e+05   1.4158190e+05   4.1761625e+05   2.5900365e+05   2.3272741e+05   2.2647375e+05   1.9792321e+05   3.0390133e+05   3.6374750e+05   3.3679688e+05   2.2404235e+05   7.9902972e+04   6.7602848e+04   2.4389130e+05
   1.1443574e+05   1.4964144e+05   1.5825584e+05   9.5620910e+04   8.8371603e+04   3.6383890e+04   1.4726575e+05   8.5507058e+04   2.1103832e+05   1.4266411e+05   9.3969712e+04   5.2099503e+04   2.2893723e+05   1.6035296e+05   3.1214683e+04   8.6153051e+04   7.9623312e+04   6.5641699e+04   7.6464043e+04   1.2774851e+05   2.8255285e+04   1.2700042e+05   1.0927284e+05   5.3284479e+04   2.8290116e+05   1.0186162e+05   1.6094246e+05   7.9902972e+04   4.5007623e+04   2.1288040e+05
   6.4910090e+04   8.3844427e+04   1.5825584e+05   1.8177464e+04   8.1201692e+04   3.6383890e+04   3.8799411e+04   1.0784675e+04   4.0928111e+04   8.8934464e+04   8.5088871e+04   1.9068218e+04   9.7786243e+04   3.3361857e+04   3.1214683e+04   6.5782801e+04   7.9623312e+04   6.5641699e+04   5.5574629e+04   9.8723649e+03   2.8255285e+04   9.9099267e+04   3.9066364e+04   5.3284479e+04   2.9121121e+04   5.6278030e+04   4.0836449e+04   5.1602184e+04   4.5007623e+04   8.1029957e+04
   1.9014212e+04   6.0863140e+04   3.7480228e+04   1.8177464e+04   4.1382958e+04   3.6383890e+04   3.0238381e+04   1.0784675e+04   4.0928111e+04   1.2923837e+04   6.0523544e+04   4.9394025e+03   7.9737346e+03   3.3361857e+04   3.1214683e+04   3.6789693e+04   3.5434757e+04   4.6228558e+04   1.4127770e+04   9.8723649e+03   2.8255285e+04   6.6735617e+04   3.9066364e+04   5.3284479e+04   2.9121121e+04   5.6278030e+04   1.9475481e+04   5.1602184e+04   3.8233775e+04   6.9567251e+04
   1.9014212e+04   1.6844606e+04   3.7480228e+04   1.8177464e+04   2.8693191e+04   3.6383890e+04   3.0238381e+04   5.8114466e+03   4.0928111e+04   1.2923837e+04   1.3302650e+04   4.9394025e+03   7.9737346e+03   3.3361857e+04   3.1214683e+04   3.3869146e+04   3.5434757e+04   4.6228558e+04   1.0130999e+04   9.8723649e+03   2.8255285e+04   5.3338797e+04   3.9066364e+04   3.0227091e+04   2.3609769e+04   2.7043608e+04   8.6009568e+03   3.0512534e+04   3.8233775e+04   4.0271691e+04
   1.6973621e+04   1.4731641e+04   9.1262908e+03   2.0989973e+03   2.6427471e+04   9.1850838e+03   2.0690391e+04   5.8114466e+03   2.6644548e+04   3.7648650e+03   1.3302650e+04   4.9394025e+03   6.6643852e+03   2.0216700e+04   7.1657914e+03   1.5707085e+04   1.6306496e+04   5.6683688e+03   5.4116913e+03   9.8723649e+03   1.6574562e+04   2.7394360e+04   1.8079180e+04   9.6049703e+03   1.9050376e+04   1.8750373e+04   8.6009568e+03   1.1771355e+04   9.4696808e+03   1.7642141e+04
   4.3868506e+03   5.6592062e+03   2.3335086e+03   2.0989973e+03   3.4911017e+03   6.8703857e+02   4.8027203e+03   4.4220468e+03   2.9359816e+03   3.1549007e+03   1.0629665e+03   3.1799533e+03   1.9369263e+03   2.1170780e+03   2.0032596e+03   4.3283624e+03   6.5491212e+02   3.1362647e+03   5.4116913e+03   1.8755202e+03   4.6565002e+02   4.9276077e+02   1.6775334e+03   3.2940248e+03   5.0651764e+03   1.4913499e+03   2.9178218e+03   2.2340540e+03   4.5923355e+03   5.1208897e+03
   1.6016390e+02   2.3395614e+02   3.8511875e+02   1.3823769e+02   3.7657595e+02   1.4701840e+02   2.2334636e+02   4.2881414e+02   2.0696230e+02   3.3870944e+02   2.4117033e+02   2.3481006e+02   5.2405911e+01   5.7620951e+01   4.7709718e+02   6.1877227e+01   2.2576862e+02   1.6230420e+02   1.8996708e+02   3.8429601e+02   2.1912008e+02   4.9276077e+02   5.2703568e+02   1.6617605e+02   1.6972164e+02   6.7411839e+02   8.5686213e+01   2.2614003e+02   1.0058050e+02   5.1584947e+02
   1.6668340e+01   1.8853526e+01   1.8163295e+01   1.9189769e+01   1.9420044e+01   1.8589459e+01   1.9897420e+01   1.8269108e+01   1.5737516e+01   1.9372417e+01   1.8269292e+01   1.6132658e+01   1.6814859e+01   1.6001619e+01   1.7888354e+01   1.8901832e+01   1.8157783e+01   1.9903299e+01   1.9424892e+01   2.2043163e+01   1.9069281e+01   1.8051302e+01   1.7228579e+01   1.6642308e+01   1.2509855e+01   2.4813565e+01   2.0702353e+01   1.9682908e+01   1.3447457e+01   2.0512742e+01
   9.4613263e+00   8.4021258e+00   1.0586854e+01   1.0425345e+01   9.7084468e+00   1.0162282e+01   1.0728389e+01   9.2177430e+00   8.1219229e+00   9.6120318e+00   8.9985645e+00   8.7167765e+00   8.6571611e+00   1.0637855e+01   9.7223943e+00   9.9750567e+00   1.0510556e+01   1.0376261e+01   9.6783619e+00   1.0684303e+01   9.8633305e+00   9.8640013e+00   9.3273309e+00   1.0462807e+01   1.0776657e+01   1.0171759e+01   1.0134389e+01   1.0601351e+01   9.9039202e+00   8.8140842e+00
   7.8732651e+00   7.8957898e+00   7.7422418e+00   8.1501385e+00   7.8867915e+00   8.4722055e+00   8.0536076e+00   8.1303121e+00   7.8248913e+00   7.2886634e+00   8.6486276e+00   7.4500015e+00   8.5641991e+00   8.0824551e+00   8.5621939e+00   7.5771426e+00   8.5342584e+00   8.7642195e+00   8.0986284e+00   7.6187244e+00   6.1976798e+00   7.9576785e+00   6.4456327e+00   7.5514858e+00   8.2152871e+00   7.9388989e+00   8.2446844e+00   6.4157876e+00   7.7336171e+00   8.2602500e+00
   3.9333037e+00   5.6024714e+00   4.2665961e+00   4.8578827e+00   4.5461433e+00   4.5983210e+00   4.9543029e+00   4.8732079e+00   4.9778265e+00   5.0089690e+00   4.6476123e+00   4.5014295e+00   3.7005046e+00   4.2715879e+00   3.7209986e+00   4.3511238e+00   4.9929627e+00   3.8980908e+00   4.5531292e+00   4.5208511e+00   3.5904340e+00   5.3762720e+00   4.3941357e+00   4.8035718e+00   5.0846173e+00   4.4365399e+00   4.0575684e+00   4.2521574e+00   4.5404361e+00   4.2200189e+00
   2.4522760e+00   2.3850764e+00   2.3199352e+00   2.6669546e+00   2.3749648e+00   2.7251998e+00   2.3523994e+00   2.4153659e+00   2.4334326e+00   2.6234792e+00   2.0395814e+00   2.1240685e+00   2.3281657e+00   2.5884473e+00   2.6518432e+00   2.7238349e+00   2.4344409e+00   2.1835411e+00   2.3193512e+00   2.4558742e+00   2.4894751e+00   2.4431657e+00   1.9717263e+00   2.5085162e+00   2.1843590e+00   2.3971505e+00   2.2330222e+00   2.4454982e+00   2.4540592e+00   2.4064071e+00
   9.9701823e-01   1.3084801e+00   1.1826464e+00   1.2580115e+00   1.0086747e+00   1.1771820e+00   1.1417906e+00   1.2020283e+00   1.1913830e+00   1.2951730e+00   1.0734353e+00   9.9645579e-01   1.2167554e+00   1.1688132e+00   1.2363934e+00   1.0956591e+00   1.1518241e+00   1.2523591e+00   1.1808455e+00   1.1481933e+00   1.1846270e+00   1.2206932e+00   1.0580217e+00   1.0893124e+00   1.1448227e+00   1.2338837e+00   1.1494019e+00   1.1846364e+00   9.4476730e-01   1.1111806e+00
   6.2770513e-01   6.8195078e-01   6.7316476e-01   6.5765971e-01   6.5013221e-01   5.4323163e-01   7.0235633e-01   6.9210556e-01   6.0810805e-01   5.7702677e-01   6.2981552e-01   5.6224871e-01   7.2805485e-01   6.5093582e-01   6.8813533e-01   6.5501300e-01   6.2174591e-01   6.6054630e-01   6.4143779e-01   6.6242728e-01   6.3709328e-01   6.7120947e-01   5.8161180e-01   6.6383508e-01   6.7895732e-01   6.5208258e-01   6.1102279e-01   6.3599035e-01   5.2615281e-01   6.9687011e-01
   3.9404339e-01   3.9861424e-01   4.8941471e-01   4.5007154e-01   4.4727638e-01   4.4791850e-01   3.9625438e-01   3.9785294e-01   4.1011677e-01   4.0707144e-01   4.3723417e-01   4.7051448e-01   4.3218909e-01   3.8478078e-01   3.9604913e-01   4.1520718e-01   3.7767907e-01   4.1321414e-01   4.3027715e-01   4.5735791e-01   4.1839575e-01   3.7861369e-01   4.3156130e-01   4.6413139e-01   4.1543234e-01   3.6314675e-01   4.6877547e-01   4.0102580e-01   4.1937066e-01   3.9258976e-01
