   6.4300042e+02   4.7609387e+02   4.0877329e+02   2.8220633e+02   3.3909364e+02   4.3900024e+02   5.0644599e+02   5.3905440e+02   5.2543649e+02   2.5919644e+02   4.5727791e+02   1.9072207e+02   3.6341084e+02   3.8812530e+02   5.3036114e+02   5.0202743e+02   3.8955957e+02   4.4640489e+02   3.9464729e+02   5.0410848e+02   7.5852257e+02   3.9915399e+02   2.4619017e+02   5.0893221e+02   4.9072490e+02   4.2502661e+02   5.6871274e+02   6.3158092e+02   2.9234273e+02   5.0607643e+02
   4.5424823e+02   3.5532498e+02   2.3082899e+02   2.8220633e+02   3.3909364e+02   3.9845222e+02   5.0644599e+02   5.2226851e+02   5.2543649e+02   2.5919644e+02   4.5727791e+02   1.9072207e+02   3.6341084e+02   3.8812530e+02   5.3036114e+02   5.0202743e+02   3.8955957e+02   4.4640489e+02   3.9464729e+02   5.0410848e+02   2.9101524e+02   3.9915399e+02   2.4619017e+02   5.0893221e+02   4.8347019e+02   4.2502661e+02   4.9002226e+02   5.1370439e+02   2.9234273e+02   2.2812652e+02
   2.3516232e+02   3.2557787e+02   2.3082899e+02   2.8220633e+02   3.3909364e+02   3.9189072e+02   5.0644599e+02   5.1434637e+02   5.2543649e+02   2.5919644e+02   2.7596210e+02   1.9072207e+02   3.6341084e+02   3.8812530e+02   2.0420487e+02   5.0202743e+02   2.6539237e+02   4.4640489e+02   3.9464729e+02   5.0410848e+02   2.8177472e+02   3.7675233e+02   2.4619017e+02   5.0893221e+02   4.5422404e+02   6.5518564e+01   1.8343017e+02   4.8171278e+02   2.9234273e+02   2.2812652e+02
   2.3516232e+02   3.2557787e+02   2.3082899e+02   9.8915357e+01   3.3909364e+02   3.9189072e+02   5.0644599e+02   4.1657873e+02   3.3352145e+02   2.5919644e+02   2.7596210e+02   1.3195950e+02   3.6341084e+02   2.1866454e+02   2.0420487e+02   4.5534560e+02   2.6539237e+02   3.5262891e+02   3.0070721e+02   2.8459416e+02   2.8177472e+02   3.7675233e+02   2.4619017e+02   4.3475250e+02   3.6557729e+02   6.5518564e+01   1.8343017e+02   3.8985452e+02   2.9234273e+02   2.2812652e+02
   2.3516232e+02   2.4944827e+02   1.8511469e+02   9.8915357e+01   2.0644360e+02   7.7732903e+01   2.2906957e+02   3.8407054e+02   2.8745354e+02   2.5919644e+02   1.7175570e+02   1.3195950e+02   2.7021270e+02   9.9161711e+01   2.0420487e+02   2.6281357e+02   2.6539237e+02   3.4699878e+02   2.3036731e+02   2.8459416e+02   1.2536901e+02   8.3897895e+01   2.4619017e+02   3.4071381e+02   7.4506049e+01   6.5518564e+01   1.5715234e+02   3.1080474e+02   1.7444855e+02   2.2812652e+02
   2.3516232e+02   2.4944827e+02   1.2051149e+02   9.8915357e+01   1.7056820e+02   7.3147803e+01   9.8905277e+01   2.4092991e+02   1.3425866e+02   1.8461788e+02   1.7175570e+02   1.3195950e+02   2.2914694e+02   9.9161711e+01   2.0420487e+02   1.4257207e+02   1.1349944e+02   7.2501717e+01   1.4962204e+02   9.7244123e+01   1.2536901e+02   8.3897895e+01   2.4619017e+02   1.9167254e+02   7.4506049e+01   6.3984018e+01   5.8100301e+01   2.5580520e+02   1.7444855e+02   5.0225389e+01
   6.6640392e+01   1.3836104e+02   1.2034764e+02   9.8915357e+01   1.2598864e+02   7.3147803e+01   9.4668519e+01   1.8483371e+02   1.3425866e+02   1.4244576e+02   9.7856085e+01   1.3195950e+02   1.4618371e+02   9.9161711e+01   1.0914733e+02   1.1482971e+02   1.1329074e+02   7.2501717e+01   1.4962204e+02   9.7244123e+01   1.2536901e+02   8.3897895e+01   1.5306441e+02   1.1952911e+02   7.4506049e+01   6.3984018e+01   5.1699398e+01   1.8473096e+02   1.0875510e+02   5.0225389e+01
   4.5294068e+01   9.1536194e+01   5.1690538e+01   4.6376370e+01   1.1061519e+02   4.2832925e+01   7.2935162e+01   1.3240153e+02   1.1126065e+02   5.9344394e+01   9.2565270e+01   7.7996739e+01   7.3096252e+01   9.9161711e+01   5.5987056e+01   6.3494340e+01   5.0615742e+01   6.7118532e+01   7.0944495e+01   3.2208749e+01   3.5415197e+01   8.3897895e+01   1.0208748e+02   9.1531056e+01   7.4506049e+01   6.0332390e+01   5.1699398e+01   1.4057921e+02   5.3025429e+01   5.0225389e+01
   2.8268020e+01   4.9590116e+01   3.8403186e+01   3.2353029e+01   7.8866966e+01   4.2832925e+01   2.2877778e+01   5.7972111e+01   4.7237397e+01   4.6880671e+01   4.3507835e+01   5.0166538e+01   4.7443497e+01   4.7475628e+01   5.1106215e+01   2.8070809e+01   5.0615742e+01   6.5999803e+01   5.2562842e+01   3.2208749e+01   1.6870541e+01   5.7897771e+01   2.8860219e+01   3.3908401e+01   1.8851646e+01   4.1961505e+01   5.1699398e+01   5.8772680e+01   5.3025429e+01   4.9379287e+01
   2.6686599e+01   2.0234376e+01   3.0390653e+01   1.7530870e+01   3.2683823e+01   2.2808736e+01   2.2877778e+01   3.1328287e+01   2.5535984e+01   4.6880671e+01   1.5936914e+01   2.1609855e+01   2.5193453e+01   3.3520887e+01   1.2791403e+01   1.5012131e+01   1.2538728e+01   2.8295277e+01   1.9264440e+01   2.9647912e+01   1.5813491e+01   2.8207130e+01   1.4110200e+01   1.8568887e+01   1.8851646e+01   3.2640235e+01   2.2498181e+01   4.9303405e+01   1.5124934e+01   2.1918654e+01
   1.7103279e+01   1.1560819e+01   1.0054121e+01   1.1423143e+01   1.7163623e+01   9.6725409e+00   7.4717329e+00   1.5513010e+01   1.0848604e+01   2.2867494e+01   1.0254262e+01   1.1264570e+01   1.4422715e+01   1.6104909e+01   1.0355792e+01   1.0396585e+01   1.2538728e+01   1.6737822e+01   1.3818113e+01   1.0952551e+01   6.6101518e+00   1.4270917e+01   9.5561876e+00   1.0988231e+01   1.4037473e+01   9.7850393e+00   5.4358830e+00   8.2007730e+00   8.9404028e+00   1.2198276e+01
   3.3008715e+00   3.1536788e+00   3.7653361e+00   5.1170918e+00   3.8117047e+00   3.8324386e+00   4.2979552e+00   4.6167348e+00   4.3877318e+00   3.3175151e+00   4.8909162e+00   3.9518576e+00   3.7416481e+00   4.0373029e+00   3.2850072e+00   3.3904195e+00   3.9467510e+00   6.8546518e+00   5.0522664e+00   2.8430960e+00   5.6858098e+00   4.7709788e+00   4.0029384e+00   5.2916789e+00   5.2510004e+00   3.8741104e+00   3.9055067e+00   4.7027395e+00   3.9703455e+00   4.6599115e+00
   1.7767660e+00   2.0012238e+00   1.9840109e+00   1.9286666e+00   2.1029705e+00   1.6522776e+00   2.0743145e+00   1.8828453e+00   2.2318607e+00   1.9785684e+00   2.1710401e+00   1.7974978e+00   1.8514630e+00   1.6392500e+00   1.0481658e+00   2.0559875e+00   1.8270579e+00   2.4040058e+00   2.2341275e+00   1.9554784e+00   2.0305625e+00   1.3200243e+00   2.2152492e+00   2.0204998e+00   1.9623964e+00   2.1951224e+00   1.6151880e+00   1.9891411e+00   1.7369514e+00   1.9969609e+00
   6.4017297e-01   5.5324018e-01   2.3392343e-01   7.1674512e-01   5.1881319e-01   7.1331274e-01   6.2190293e-01   6.3572696e-01   6.1259202e-01   4.3895541e-01   7.6622508e-01   5.7666573e-01   4.8800611e-01   6.8062230e-01   4.5661293e-01   3.9346649e-01   6.6831418e-01   9.7169985e-01   5.3503667e-01   6.6559589e-01   8.2127372e-01   4.8135314e-01   6.5494941e-01   6.9386136e-01   7.2045025e-01   5.8036474e-01   2.8034246e-01   5.2916967e-01   6.9238227e-01   6.6426958e-01
   4.8268500e-02   5.2322272e-02   7.6970009e-02   5.5839672e-02   1.0210817e-01   8.2750250e-02   7.7209011e-02   1.2372677e-01   9.1209922e-02   1.0236180e-01   1.6630834e-01   1.1622416e-01   1.4572552e-01   9.0224834e-02   6.6179759e-02   7.2411322e-02   9.5591942e-02   1.3359005e-01   3.8076857e-02   7.2720511e-02   1.5546856e-01   9.7775975e-02   7.7142696e-02   5.3868626e-02   1.0932542e-01   1.5020714e-01   4.5181415e-02   2.3953124e-01   9.0450666e-02   6.3181073e-02
   3.2940260e-02   5.0372256e-02   2.5141149e-02   3.0467334e-02   4.7687494e-02   4.8528725e-02   5.0285383e-02   9.3694004e-02   3.5808475e-02   6.8944053e-02   1.0630761e-01   5.4524173e-02   9.0907442e-02   6.6507008e-02   2.8284224e-02   4.4205113e-02   4.8482558e-02   6.5518606e-02   2.3875349e-02   5.1971394e-02   6.2339254e-02   5.2539424e-02   6.5530587e-02   3.7395210e-02   6.1125872e-02   8.6709411e-02   6.5204455e-03   1.4578418e-01   6.5757895e-02   2.8775197e-02
