   2.1486685e+03   2.7641732e+03   1.6478250e+03   2.5464791e+03   2.3645524e+03   2.4716906e+03   2.2107568e+03   2.5469551e+03   1.9541974e+03   1.6730321e+03   2.4977089e+03   2.0255147e+03   2.8510651e+03   2.4716906e+03   2.6592505e+03   2.1977183e+03   2.2007491e+03   1.8659450e+03   2.5817440e+03   2.4408367e+03   2.3638988e+03   2.3807349e+03   1.9475491e+03   2.7187775e+03   2.5061516e+03   2.3462465e+03   2.4785309e+03   2.1944481e+03   2.2622613e+03   2.2876471e+03
   2.1486685e+03   1.9840405e+03   1.6478250e+03   2.5464791e+03   2.0784381e+03   2.1800752e+03   2.1542537e+03   2.3008705e+03   1.9541974e+03   1.4925104e+03   2.4977089e+03   2.0255147e+03   2.3405890e+03   2.1800752e+03   2.3934100e+03   2.1977183e+03   1.8783797e+03   1.8659450e+03   2.1099373e+03   1.8363530e+03   2.3638988e+03   1.5630762e+03   1.8313455e+03   2.4965429e+03   2.2274046e+03   2.1326348e+03   2.0680596e+03   2.1944481e+03   1.9939028e+03   2.2876471e+03
   1.7740816e+03   1.9840405e+03   1.6478250e+03   1.9058477e+03   2.0360967e+03   2.1800752e+03   2.1542537e+03   1.7896804e+03   1.9541974e+03   1.4925104e+03   1.8572776e+03   2.0255147e+03   2.1471749e+03   2.1800752e+03   2.2036437e+03   2.1660511e+03   1.3905905e+03   1.8659450e+03   2.1099373e+03   1.5919966e+03   2.1307980e+03   1.4405057e+03   1.8313455e+03   1.9425098e+03   2.2274046e+03   2.0097461e+03   1.9492152e+03   1.9317530e+03   1.7287087e+03   2.2876471e+03
   1.4633152e+03   1.9840405e+03   1.6478250e+03   1.9058477e+03   2.0360967e+03   1.8558508e+03   1.7555006e+03   1.7896804e+03   1.9541974e+03   1.4925104e+03   1.8572776e+03   1.7525899e+03   2.0153672e+03   1.8558508e+03   2.0171393e+03   2.1613873e+03   1.3905905e+03   1.8659450e+03   1.5402070e+03   1.4081840e+03   2.1307980e+03   1.4405057e+03   1.4682033e+03   1.9248965e+03   1.7971833e+03   1.8418602e+03   1.7641315e+03   1.9259650e+03   1.6309890e+03   2.0360622e+03
   1.4633152e+03   1.9587162e+03   1.6478250e+03   1.9058477e+03   1.9054856e+03   1.8558508e+03   1.7555006e+03   1.6428918e+03   1.9541974e+03   1.4925104e+03   1.5494961e+03   1.1416506e+03   1.7159317e+03   1.8558508e+03   1.6220267e+03   1.5705370e+03   1.3905905e+03   1.4589919e+03   1.5402070e+03   1.4081840e+03   1.6493225e+03   1.4405057e+03   1.4682033e+03   1.8557435e+03   1.7247374e+03   1.7054382e+03   1.7166439e+03   1.9259650e+03   1.6309890e+03   1.3288297e+03
   1.4633152e+03   1.6292265e+03   1.1028570e+03   1.5981776e+03   1.3259982e+03   1.4199401e+03   1.3079863e+03   1.3707763e+03   1.6328847e+03   7.6692215e+02   1.2162467e+03   1.1416506e+03   1.4877169e+03   1.4199401e+03   1.5380158e+03   1.5705370e+03   1.3905905e+03   1.4589919e+03   1.5402070e+03   1.4081840e+03   1.6493225e+03   1.4405057e+03   1.4377559e+03   1.3942442e+03   1.4344397e+03   1.0809854e+03   1.2588826e+03   1.5497883e+03   1.3087068e+03   1.3288297e+03
   1.3967588e+03   1.2537639e+03   7.7064002e+02   1.2634028e+03   1.2394725e+03   1.4199401e+03   1.2970575e+03   1.2095750e+03   1.0749057e+03   7.6692215e+02   1.0517994e+03   1.1416506e+03   1.3196866e+03   1.4199401e+03   1.2420691e+03   1.1202109e+03   1.2736615e+03   1.1486335e+03   1.3391733e+03   9.7579642e+02   1.3242928e+03   9.2580501e+02   1.2336898e+03   1.1638030e+03   1.0067494e+03   1.0201313e+03   1.1552088e+03   1.2793313e+03   1.0430512e+03   1.2363027e+03
   1.0448457e+03   1.0199882e+03   7.7064002e+02   9.4569951e+02   9.5562837e+02   1.0250577e+03   7.8295549e+02   6.7224901e+02   7.8117012e+02   7.6692215e+02   1.0095046e+03   8.9707656e+02   7.7691697e+02   1.0250577e+03   9.2394066e+02   9.0858231e+02   7.8625046e+02   9.9319185e+02   7.9861400e+02   9.6645147e+02   6.4633615e+02   9.2580501e+02   1.0401230e+03   9.4259410e+02   1.0067494e+03   9.8156928e+02   9.4642715e+02   8.2463927e+02   9.4671476e+02   7.5927433e+02
   6.4341586e+02   7.3615796e+02   5.4140354e+02   5.2496549e+02   7.1254561e+02   3.5527417e+02   5.1808318e+02   6.7224901e+02   5.8594231e+02   5.2353680e+02   6.2774470e+02   3.1868264e+02   6.7657041e+02   3.5527417e+02   5.7284872e+02   6.8381893e+02   6.4432572e+02   6.6019547e+02   6.9113601e+02   7.5923680e+02   6.4633615e+02   7.0653293e+02   7.3115819e+02   8.7648790e+02   6.7239260e+02   6.3461628e+02   6.7065071e+02   8.2463927e+02   4.4911621e+02   6.9911670e+02
   3.6312426e+02   4.2563746e+02   4.3917434e+02   3.6799020e+02   3.8391785e+02   3.5527417e+02   4.0037515e+02   6.6179467e+02   3.4339592e+02   5.2125005e+02   4.3537720e+02   3.1868264e+02   4.5375188e+02   3.5527417e+02   5.0742783e+02   5.4109454e+02   4.0193845e+02   4.0022115e+02   2.6739924e+02   4.2246781e+02   3.3505398e+02   6.5243262e+02   4.5739496e+02   3.6407916e+02   5.6222747e+02   5.3610273e+02   4.2655144e+02   3.8197421e+02   4.4911621e+02   3.4310797e+02
   2.3217403e+02   1.7494752e+02   2.0804018e+02   1.9887925e+02   1.8090289e+02   2.4984864e+02   1.8380314e+02   2.1561323e+02   1.7443325e+02   2.5941227e+02   2.0243225e+02   1.5581390e+02   2.7828942e+02   2.4984864e+02   2.4002377e+02   2.5054095e+02   2.6139678e+02   1.7154142e+02   2.1360411e+02   1.5446790e+02   2.4330078e+02   1.9302621e+02   2.4029942e+02   1.8569839e+02   1.8243030e+02   2.1539772e+02   1.6681399e+02   1.6442994e+02   2.0852858e+02   1.5039858e+02
   7.9675130e+01   6.7040740e+01   6.2958944e+01   5.6969071e+01   6.8273349e+01   6.0524144e+01   4.7207826e+01   8.6022976e+01   5.5720237e+01   8.8263545e+01   5.0696437e+01   5.3118038e+01   7.3024380e+01   6.0524144e+01   4.9589140e+01   8.1518859e+01   5.6438264e+01   7.4771597e+01   8.4958553e+01   5.7505131e+01   7.4438946e+01   6.7041862e+01   7.8350819e+01   9.0809839e+01   4.2997374e+01   6.7833294e+01   6.1968193e+01   5.9999969e+01   7.8940588e+01   8.2089139e+01
   8.8705858e+00   1.7616186e+01   1.1687862e+01   1.3824199e+01   1.1542624e+01   1.5883290e+01   1.4612419e+01   1.3334796e+01   8.0525444e+00   1.2953126e+01   1.6915701e+01   1.0045490e+01   1.4197998e+01   1.5883290e+01   1.0628158e+01   8.2801390e+00   1.3934002e+01   1.4187707e+01   6.5173440e+00   1.1294448e+01   1.1904037e+01   1.7923024e+01   1.5388664e+01   1.4041395e+01   1.1405023e+01   1.2954255e+01   1.0799745e+01   9.7881370e+00   1.1521683e+01   8.5682717e+00
   2.8444501e+00   2.8923729e+00   2.8485600e+00   2.9385860e+00   2.9059326e+00   2.9248228e+00   3.1773083e+00   3.1157139e+00   3.0722846e+00   2.9748122e+00   2.8495119e+00   2.7990496e+00   3.0181214e+00   2.9248228e+00   2.6313348e+00   3.3038067e+00   3.0829950e+00   2.8604552e+00   2.7880741e+00   2.9386675e+00   2.9439374e+00   3.4165152e+00   2.9500542e+00   3.3687255e+00   2.7337757e+00   2.9938557e+00   2.9992376e+00   2.7966634e+00   2.9823196e+00   2.9959819e+00
   8.4211660e-01   9.7159833e-01   8.3255021e-01   7.1411418e-01   8.5229150e-01   7.9798349e-01   8.4522218e-01   8.6653562e-01   8.6251766e-01   7.6969241e-01   8.2582526e-01   8.1616765e-01   1.0535843e+00   7.9798349e-01   8.4352850e-01   1.1096302e+00   8.9727172e-01   7.9246009e-01   6.6641708e-01   6.8068404e-01   1.1439901e+00   1.0614339e+00   1.0300966e+00   5.8702255e-01   7.5736439e-01   9.5163870e-01   8.1108311e-01   1.0173939e+00   5.6503577e-01   8.6254617e-01
   6.4896323e-01   4.8373946e-01   4.9871923e-01   5.2381526e-01   4.6114697e-01   6.0528305e-01   4.5567083e-01   5.8533191e-01   7.0723122e-01   4.1081931e-01   5.3527989e-01   5.0424070e-01   6.1305831e-01   6.0528305e-01   5.4119355e-01   5.7673962e-01   4.7314646e-01   5.0128952e-01   2.7224965e-01   5.4285498e-01   3.4377545e-01   6.4960000e-01   5.4949699e-01   3.6923098e-01   5.0889200e-01   6.2776083e-01   7.0533313e-01   5.2929845e-01   4.7908354e-01   4.9126650e-01
