   2.9809671e+10   4.9032786e+10   5.7618531e+10   5.0147748e+10   4.6631635e+10   2.2761087e+10   4.2713566e+10   3.8255428e+10   3.2027263e+10   4.1913749e+10   4.7911971e+10   4.4196814e+10   4.0714868e+10   2.2761087e+10   3.3475924e+10   3.8040329e+10   5.4085117e+10   4.7760900e+10   2.9196297e+10   5.1008517e+10   4.5648696e+10   4.2783213e+10   4.8320011e+10   4.4926483e+10   2.2785348e+10   4.8359524e+10   3.4702922e+10   5.5859526e+10   4.3075901e+10   5.3134424e+10
   2.9189204e+10   4.5974883e+10   4.3857020e+10   2.0635546e+10   3.9956536e+10   2.2761087e+10   3.5023920e+10   3.2370949e+10   2.8438657e+10   3.1832023e+10   3.8003083e+10   3.8481667e+10   4.0714868e+10   2.2761087e+10   2.6680833e+10   3.5098352e+10   3.7194516e+10   4.1498084e+10   2.3641198e+10   3.3918981e+10   4.1506158e+10   2.8236246e+10   3.7874807e+10   3.8417734e+10   2.2785348e+10   3.4511122e+10   3.4702922e+10   3.1185649e+10   3.0848836e+10   5.1869781e+10
   2.9189204e+10   3.7774986e+10   1.8726685e+10   2.0635546e+10   3.4696810e+10   2.1538753e+10   3.1288451e+10   2.1340488e+10   2.7407218e+10   3.1832023e+10   2.9161740e+10   2.4600498e+10   3.4955054e+10   2.1538753e+10   2.6680833e+10   3.4652310e+10   1.8503192e+10   1.7456628e+10   2.0514746e+10   3.1134510e+10   2.7301819e+10   2.8236246e+10   3.0178977e+10   3.8417734e+10   2.2785348e+10   3.4511122e+10   3.4608704e+10   3.1185649e+10   3.0848836e+10   1.7784970e+10
   2.7170792e+10   2.5424024e+10   1.8726685e+10   1.4685830e+10   2.7156236e+10   2.1538753e+10   2.3387262e+10   2.1340488e+10   2.2264028e+10   2.6386974e+10   2.3689080e+10   2.4600498e+10   2.2575433e+10   2.1538753e+10   2.6680833e+10   2.4196788e+10   1.8503192e+10   1.7456628e+10   1.9197277e+10   3.1134510e+10   2.7301819e+10   1.8263593e+10   1.6625407e+10   2.9540570e+10   2.2785348e+10   2.9240440e+10   3.4555618e+10   2.1719834e+10   2.1349050e+10   1.7784970e+10
   2.0583336e+10   2.0578594e+10   1.8726685e+10   1.4685830e+10   2.0550594e+10   1.7028799e+10   1.8976329e+10   2.0986806e+10   1.6450204e+10   2.2552906e+10   2.2195763e+10   2.0760322e+10   2.1189699e+10   1.7028799e+10   1.3887075e+10   1.1394938e+10   1.3851011e+10   1.7456628e+10   1.7765551e+10   2.3517844e+10   1.5854974e+10   1.7853130e+10   1.6625407e+10   2.1875857e+10   1.3668280e+10   2.6853347e+10   2.6898282e+10   1.6217098e+10   1.8607652e+10   1.7784970e+10
   1.7420736e+10   1.5609335e+10   1.3862933e+10   1.3606582e+10   1.9583545e+10   1.0438043e+10   6.4449334e+09   1.6009275e+10   1.4020987e+10   1.7351936e+10   1.1340287e+10   1.4681475e+10   1.6149827e+10   1.0438043e+10   9.1279592e+09   1.1394938e+10   1.2718252e+10   1.7456628e+10   1.5096836e+10   1.5117766e+10   1.3910762e+10   1.4622386e+10   1.2828695e+10   1.4151710e+10   9.0190270e+09   1.7695598e+10   1.6917731e+10   1.6217098e+10   1.7976632e+10   1.7139939e+10
   5.1685173e+09   6.6866629e+09   5.6511383e+09   5.1932385e+09   8.5386691e+09   8.5782893e+09   4.9345453e+09   8.0468709e+09   7.6619756e+09   6.8609535e+09   6.5478383e+09   8.8610036e+09   6.1515750e+09   8.5782893e+09   7.5891254e+09   7.3733935e+09   7.7584341e+09   6.6885531e+09   7.7340773e+09   7.6373551e+09   6.9606958e+09   7.0731570e+09   6.6132321e+09   7.4843697e+09   7.4921241e+09   8.6443210e+09   7.0541681e+09   8.1390901e+09   6.6734072e+09   4.9268656e+09
   2.7791611e+09   2.0058583e+09   2.7480348e+09   1.6644970e+09   2.3072223e+09   3.0161470e+09   1.7281468e+09   3.0730805e+09   3.2073511e+09   2.5729216e+09   3.1605028e+09   3.0037088e+09   2.2989008e+09   3.0161470e+09   3.1283124e+09   2.0609423e+09   2.3158716e+09   2.9791031e+09   3.1811258e+09   3.0128248e+09   2.6043617e+09   2.4445527e+09   2.3901769e+09   2.7679587e+09   3.0281714e+09   2.6615629e+09   3.1103805e+09   2.2304139e+09   2.3160852e+09   2.7626782e+09
   2.4886911e+08   2.6245843e+08   2.5854983e+08   3.3094487e+08   2.0867169e+08   3.0414975e+08   1.9569413e+08   2.5873019e+08   3.2751452e+08   2.9787661e+08   3.1767108e+08   3.2213796e+08   2.3530577e+08   3.0414975e+08   2.8593695e+08   3.1383870e+08   2.3736602e+08   2.4075169e+08   2.8939129e+08   2.4019337e+08   2.3273326e+08   2.7949286e+08   1.4206002e+08   4.0647267e+08   2.8879284e+08   2.4996712e+08   2.8452631e+08   3.6897414e+08   1.4386537e+08   3.7666492e+08
   1.6274242e+06   1.0763254e+06   1.4912781e+06   1.4342633e+06   1.2196908e+06   1.2867560e+06   1.2605817e+06   1.2612386e+06   1.0997680e+06   1.5489171e+06   1.2893673e+06   1.5348016e+06   1.0147331e+06   1.2867560e+06   1.2952711e+06   1.7393145e+06   1.5176602e+06   1.2717670e+06   1.2781327e+06   6.8280102e+05   1.0678167e+06   1.3634875e+06   1.2437176e+06   1.4807912e+06   1.0853287e+06   9.6435073e+05   9.1912282e+05   1.9112593e+06   1.2706465e+06   1.6816227e+06
   9.9832928e+01   1.1598600e+02   5.6124147e+02   1.6192347e+02   1.8092855e+02   1.2652311e+03   1.0875542e+02   2.9920890e+02   6.9531090e+02   1.6663424e+03   1.9862795e+02   9.1368217e+01   5.3665310e+02   1.2652311e+03   1.0941759e+02   2.3873229e+02   2.4025053e+02   4.9312808e+02   2.1809888e+02   6.7191399e+02   1.0490752e+02   5.8264969e+02   1.3592767e+02   2.9659927e+02   1.2828195e+03   9.7213719e+01   2.0199824e+02   5.6120265e+02   1.0640565e+02   1.7913660e+02
   2.7733318e-06   3.6352542e-06   3.7770394e-05   2.4594186e-05   5.5078658e-06   3.4795943e-05   4.5976100e-06   2.2988114e-05   3.2646885e-05   6.8591828e-05   1.4043128e-05   4.5881593e-06   8.7479997e-05   3.4795943e-05   1.2277197e-05   1.5357332e-05   1.1771205e-05   1.8604533e-05   1.2139607e-05   2.6120573e-05   8.3691394e-06   1.2662685e-05   7.7335531e-06   1.8261869e-05   6.5126538e-05   1.9691086e-06   1.1524993e-05   5.3066981e-05   5.4922810e-06   1.1549692e-05
   0.0000000e+00   0.0000000e+00   0.0000000e+00   0.0000000e+00   0.0000000e+00   0.0000000e+00   0.0000000e+00   0.0000000e+00   0.0000000e+00   0.0000000e+00   0.0000000e+00   0.0000000e+00   0.0000000e+00   0.0000000e+00   0.0000000e+00   0.0000000e+00   0.0000000e+00   0.0000000e+00   0.0000000e+00   0.0000000e+00   0.0000000e+00   0.0000000e+00   0.0000000e+00   0.0000000e+00   0.0000000e+00   0.0000000e+00   0.0000000e+00   0.0000000e+00   0.0000000e+00   0.0000000e+00
   0.0000000e+00   0.0000000e+00   0.0000000e+00   0.0000000e+00   0.0000000e+00   0.0000000e+00   0.0000000e+00   0.0000000e+00   0.0000000e+00   0.0000000e+00   0.0000000e+00   0.0000000e+00   0.0000000e+00   0.0000000e+00   0.0000000e+00   0.0000000e+00   0.0000000e+00   0.0000000e+00   0.0000000e+00   0.0000000e+00   0.0000000e+00   0.0000000e+00   0.0000000e+00   0.0000000e+00   0.0000000e+00   0.0000000e+00   0.0000000e+00   0.0000000e+00   0.0000000e+00   0.0000000e+00
   0.0000000e+00   0.0000000e+00   0.0000000e+00   0.0000000e+00   0.0000000e+00   0.0000000e+00   0.0000000e+00   0.0000000e+00   0.0000000e+00   0.0000000e+00   0.0000000e+00   0.0000000e+00   0.0000000e+00   0.0000000e+00   0.0000000e+00   0.0000000e+00   0.0000000e+00   0.0000000e+00   0.0000000e+00   0.0000000e+00   0.0000000e+00   0.0000000e+00   0.0000000e+00   0.0000000e+00   0.0000000e+00   0.0000000e+00   0.0000000e+00   0.0000000e+00   0.0000000e+00   0.0000000e+00
   0.0000000e+00   0.0000000e+00   0.0000000e+00   0.0000000e+00   0.0000000e+00   0.0000000e+00   0.0000000e+00   0.0000000e+00   0.0000000e+00   0.0000000e+00   0.0000000e+00   0.0000000e+00   0.0000000e+00   0.0000000e+00   0.0000000e+00   0.0000000e+00   0.0000000e+00   0.0000000e+00   0.0000000e+00   0.0000000e+00   0.0000000e+00   0.0000000e+00   0.0000000e+00   0.0000000e+00   0.0000000e+00   0.0000000e+00   0.0000000e+00   0.0000000e+00   0.0000000e+00   0.0000000e+00
