   2.5390627e+05   3.3903060e+05   7.8723439e+05   1.2909690e+06   7.0603035e+05   3.8281248e+05   3.2083895e+05   1.4339765e+05   7.9411778e+05   2.2300181e+05   1.9105989e+06   5.0918203e+06   9.0483160e+05   5.3621102e+05   4.1354330e+05   3.3401702e+06   7.2904128e+05   2.0270211e+05   9.8116407e+04   4.2994667e+05   1.2935322e+06   5.1394637e+05   1.5042682e+06   7.8040750e+05   1.2885565e+05   4.1593409e+05   1.3481680e+06   1.2051585e+06   6.0048840e+05   5.4837668e+05
   2.5390627e+05   3.1220106e+05   5.7398886e+05   1.2909690e+06   7.0603035e+05   3.8281248e+05   3.2083895e+05   1.4339765e+05   2.7598065e+05   2.2300181e+05   8.8715752e+04   4.8845428e+05   9.9700633e+04   2.3234438e+04   1.9972353e+04   2.1839997e+06   4.0169433e+05   2.0270211e+05   9.8116407e+04   3.7012346e+05   1.2935322e+06   5.0507311e+05   8.4876991e+05   2.6846210e+05   1.2885565e+05   4.1593409e+05   6.4655095e+05   1.2051585e+06   6.0048840e+05   3.6513453e+05
   2.5390627e+05   3.1220106e+05   3.1580073e+05   1.0472849e+06   3.5223846e+05   8.3972068e+04   3.2083895e+05   1.4339765e+05   2.7580778e+05   2.2300181e+05   8.8715752e+04   1.3849862e+05   9.9700633e+04   2.3234438e+04   1.9972353e+04   2.1839997e+06   4.0165556e+05   2.0270211e+05   9.8116407e+04   3.7012346e+05   1.2935322e+06   5.0507311e+05   2.9860624e+04   1.1857940e+05   1.2885565e+05   4.1588178e+05   2.3640392e+05   5.0877938e+05   6.0048840e+05   3.6513453e+05
   1.4436215e+05   1.1564382e+05   3.1580073e+05   1.0410049e+05   3.5223846e+05   8.3972068e+04   3.2083895e+05   1.4339765e+05   2.7545600e+05   1.5801139e+05   8.8715752e+04   6.2421758e+04   9.9700633e+04   1.6828898e+04   1.9972353e+04   2.4512573e+05   4.0165556e+05   2.0270211e+05   9.8116407e+04   3.7012346e+05   1.2935322e+06   3.1426074e+05   2.9860624e+04   1.1857940e+05   6.4722861e+04   2.5472375e+05   2.3640392e+05   2.0883133e+05   2.8803256e+05   3.6513453e+05
   1.4253910e+05   3.2534279e+04   1.0305622e+04   7.8728847e+04   1.5678368e+05   3.8862040e+04   1.0084071e+05   6.1607428e+04   1.4645487e+05   1.5801139e+05   2.6919523e+04   6.2421758e+04   5.5127516e+03   1.5495649e+04   1.6789844e+04   2.4512573e+05   4.0165556e+05   1.9193453e+05   9.8116407e+04   3.2379447e+04   5.2920881e+04   1.1586039e+05   2.9860624e+04   7.5723627e+04   6.4722861e+04   6.0744931e+04   8.7747441e+04   2.0883133e+05   6.6116250e+04   7.3070106e+04
   4.9941151e+04   5.8510136e+03   1.0305622e+04   1.0286279e+04   6.2492855e+03   2.6906884e+04   1.1087495e+04   1.9472318e+04   4.1444615e+04   4.1785263e+04   2.6919523e+04   4.4530463e+03   5.5127516e+03   1.5495649e+04   7.6926206e+03   4.1631826e+04   9.8238567e+03   2.9610586e+04   2.7369038e+04   1.4428812e+04   4.6816889e+04   8.7155564e+03   2.9860624e+04   9.5876194e+03   2.9059014e+04   6.0744931e+04   5.3391320e+04   1.2239716e+05   1.8747624e+04   5.6724772e+04
   1.2762747e+04   4.6717734e+03   6.2465398e+03   6.3064103e+03   1.6258401e+03   2.5871724e+03   6.6691387e+03   1.0485003e+04   7.0419245e+03   9.3309025e+03   2.2510966e+03   4.4530463e+03   1.7159484e+03   1.0616938e+04   1.5819075e+03   5.2605010e+03   8.8798390e+03   1.7121950e+04   6.7011831e+03   4.0550833e+03   1.1048126e+04   5.7747034e+03   7.1902541e+03   5.4179308e+03   4.6363830e+03   2.9636153e+03   7.8392585e+03   2.9380116e+03   2.8619159e+03   1.2373359e+04
   1.9921518e+03   1.7189774e+03   1.6320999e+03   2.1892517e+03   1.1422004e+03   2.2517759e+03   1.4093803e+03   1.5841967e+03   1.0915071e+03   8.4080828e+02   1.1275125e+03   1.5242807e+03   1.4764239e+03   1.4716107e+03   1.5819075e+03   2.6090257e+03   1.3678661e+03   1.4268089e+03   1.5400615e+03   1.6066697e+03   5.9151713e+02   1.1600046e+03   2.8860471e+03   1.3852951e+03   1.7365479e+03   1.3323276e+03   1.9329388e+03   1.7311306e+03   1.2115898e+03   1.8684722e+03
   7.7766539e+02   4.7567728e+02   4.7263287e+02   4.8566608e+02   6.5265533e+02   3.3121470e+02   6.6945368e+02   5.7959060e+02   3.1091366e+02   4.3721583e+02   5.4025166e+02   3.5832024e+02   6.0038130e+02   5.7379354e+02   5.2058082e+02   3.0203427e+02   3.6215090e+02   5.3820836e+02   4.1642868e+02   2.3530812e+02   2.9228152e+02   5.1019225e+02   2.9688388e+02   2.9581167e+02   4.9813246e+02   5.3856042e+02   6.2268131e+02   2.8540321e+02   5.4748897e+02   2.6967535e+02
   1.1613338e+02   9.4745833e+01   6.1076511e+01   5.0442793e+01   3.3213207e+01   7.5529091e+01   1.1312735e+02   1.2818758e+02   6.0058706e+01   7.8755050e+01   1.1200761e+02   1.0451535e+02   1.1959800e+02   1.1301652e+02   4.3621235e+01   7.4021175e+01   1.0755230e+02   6.2364587e+01   1.2375817e+02   1.0558742e+02   1.7906134e+02   1.1563119e+02   1.0338095e+02   7.1482323e+01   5.4387467e+01   7.6473546e+01   7.4319613e+01   8.6834408e+01   1.0622573e+02   1.1698696e+02
   2.7912702e+01   3.6020726e+01   3.4090890e+01   2.1124047e+01   2.4911288e+01   1.4742755e+01   6.1874157e+00   2.2509174e+01   1.5072955e+01   4.2578397e+01   3.9326016e+01   3.7209075e+01   2.6207641e+01   3.5646150e+01   2.7649363e+01   2.1943668e+01   2.2607337e+01   4.5337474e+01   2.6990958e+01   3.2698114e+01   3.9037113e+01   3.5604718e+01   3.2547727e+01   3.5415855e+01   2.6559405e+01   3.6244299e+01   2.0396058e+01   6.8490694e+00   4.8998885e+01   1.5148004e+01
   5.6650307e+00   8.1738809e+00   6.8124935e+00   6.2663542e+00   6.8782641e+00   6.1721447e+00   4.9257170e+00   4.2931008e+00   4.8736896e+00   5.4631856e+00   7.8521383e+00   5.5780549e+00   7.8238522e+00   6.4218020e+00   5.5713615e+00   4.9668830e+00   3.7041347e+00   8.3014610e+00   6.7302371e+00   5.6202626e+00   3.8773972e+00   3.3854576e+00   3.4599737e+00   5.5940747e+00   4.1172554e+00   7.4787440e+00   6.3190220e+00   2.7332620e+00   9.8531205e+00   3.7917920e+00
   1.0207734e+00   1.5243983e+00   1.0404137e+00   1.0459858e+00   1.0621800e+00   5.7492264e-01   4.6596681e-01   7.6616834e-01   1.0266924e+00   1.0586057e+00   1.0326671e+00   1.0489488e+00   1.0688725e+00   1.3223680e+00   1.1109054e+00   9.0156234e-01   7.8478885e-01   1.3198541e+00   1.2840652e+00   1.0327393e+00   1.1143427e+00   6.6955979e-01   8.7934535e-01   1.3311538e+00   1.0979074e+00   1.3810496e+00   9.3654214e-01   1.0597634e+00   1.2904799e+00   1.2789104e+00
   1.1723342e-01   1.5676334e-01   1.0759220e-01   1.1572774e-01   1.0045924e-01   1.3150171e-01   1.1192381e-01   8.2468270e-02   1.5898411e-01   9.5762907e-02   1.2112460e-01   1.3476111e-01   1.4236896e-01   1.0494530e-01   2.3342462e-01   9.9105910e-02   8.8815980e-02   5.4711906e-01   9.5124867e-02   1.9324419e-01   1.9826406e-01   1.3469510e-01   6.3527852e-02   1.5294533e-01   1.2469763e-01   1.3211453e-01   1.5413173e-01   1.2290400e-01   1.0061215e-01   1.7858724e-01
   1.5515870e-03   2.5912771e-03   2.4463982e-03   4.8260913e-03   1.9507110e-03   3.4081461e-03   1.8577023e-03   7.0735680e-03   7.8972062e-03   2.4788368e-03   1.7457567e-03   2.0118363e-03   4.6510950e-03   8.4310537e-03   4.8813439e-03   1.6806313e-03   3.8709139e-03   2.7122566e-01   1.0910978e-02   4.4863635e-03   3.0743973e-03   5.4739760e-03   2.7565538e-03   2.9859502e-03   3.5747381e-03   3.4723524e-03   5.2158831e-03   7.0226421e-03   2.8934130e-03   1.1110646e-02
   3.1648017e-04   1.4571878e-03   1.6894813e-03   2.3034721e-03   6.3013255e-05   3.1492578e-05   1.7572888e-05   1.6675637e-03   6.8794008e-05   6.5477691e-06   4.1953756e-04   4.5903520e-04   4.3800410e-04   6.8011126e-04   2.8240828e-04   1.1729473e-05   7.2729090e-06   2.7120709e-01   1.4510167e-03   3.7087108e-03   9.1377251e-04   1.0411418e-03   1.2160967e-05   2.5385645e-04   2.9351902e-06   6.1808979e-04   1.3564430e-03   4.5207866e-05   1.3823619e-03   1.8516235e-04
