   2.2073300e+06   1.9049375e+06   8.0187124e+05   4.6258003e+04   1.6683606e+06   1.2876436e+05   5.1783108e+05   1.2136181e+06   3.9576733e+06   1.8366102e+05   5.2025499e+05   4.0147956e+05   3.7863448e+06   3.6459110e+05   1.7179880e+06   1.4262580e+06   1.3669568e+06   1.0485099e+05   1.4739753e+06   4.1337364e+04   3.5734172e+05   3.9195036e+06   6.5281805e+05   6.6488547e+05   3.0256830e+06   8.5039251e+05   1.1703550e+05   2.1191323e+05   1.1893048e+06   7.3328982e+04
   1.0952381e+06   3.4884641e+05   8.0187124e+05   4.6258003e+04   1.6683606e+06   1.2876436e+05   5.1005381e+05   1.2136181e+06   4.1960002e+05   1.8366102e+05   5.2025499e+05   4.0147956e+05   3.3154203e+05   2.1205020e+05   7.5332320e+05   1.4262580e+06   7.5456099e+05   1.0485099e+05   1.0160803e+06   4.1337364e+04   3.5734172e+05   5.3083533e+05   6.5281805e+05   6.6488547e+05   1.3527900e+06   3.3017953e+05   1.1703550e+05   2.1191323e+05   7.3835325e+05   7.3328982e+04
   8.0349278e+05   3.4884641e+05   8.0187124e+05   4.6258003e+04   1.2610975e+06   1.2876436e+05   6.8085632e+04   4.3881812e+04   1.4548670e+05   1.6331617e+04   5.2025499e+05   4.0147956e+05   3.3154203e+05   2.1205020e+05   1.6775374e+05   1.2202751e+06   7.5456099e+05   1.0485099e+05   1.6023413e+04   4.1337364e+04   3.5734172e+05   5.3083533e+05   1.3714389e+05   6.6488547e+05   5.3798673e+04   3.3017953e+05   1.1703550e+05   2.1191323e+05   7.3835325e+05   7.3328982e+04
   5.4884708e+05   3.4884641e+05   4.1947024e+05   4.6258003e+04   1.2610975e+06   1.2876436e+05   6.8085632e+04   3.6488914e+04   2.5836519e+04   1.6331617e+04   4.8989415e+04   4.0095847e+05   3.3154203e+05   2.1205020e+05   1.6775374e+05   1.2202606e+06   6.3833110e+04   9.4714872e+04   1.6023413e+04   3.9070851e+04   3.5734172e+05   2.8726327e+05   2.7373098e+04   4.8102073e+05   5.3798673e+04   5.9012772e+04   1.1703550e+05   2.1191323e+05   1.1910741e+05   7.3328982e+04
   2.7487764e+04   1.1532030e+05   2.0666656e+05   4.6258003e+04   5.0260845e+05   1.2876436e+05   6.8085632e+04   3.6488914e+04   2.5836519e+04   1.6331617e+04   3.9240237e+04   2.4292292e+04   2.1016368e+05   4.8488297e+04   3.9481450e+04   9.0528041e+04   6.3833110e+04   2.8771688e+04   1.6023413e+04   3.9070851e+04   8.3492283e+04   1.8849060e+04   2.3831807e+04   1.6463548e+05   5.3798673e+04   2.2657054e+04   1.9113493e+04   7.5692825e+04   3.4492488e+04   5.9549370e+04
   1.3891538e+04   2.1239183e+04   6.5743438e+04   4.6258003e+04   2.3926036e+04   6.8844358e+04   6.7753564e+04   1.3981637e+04   1.7461927e+04   1.6331617e+04   1.6306874e+04   2.2221439e+04   4.8204674e+04   2.0309388e+04   1.8257215e+04   8.5543751e+03   5.5439391e+04   7.0947716e+03   1.6023413e+04   8.0935046e+03   8.3492283e+04   1.8849060e+04   2.3226728e+04   5.6738993e+04   2.8241385e+04   2.1355019e+04   1.1804931e+04   4.6585694e+04   3.4492488e+04   4.3959354e+04
   8.4106560e+03   1.6699455e+04   1.6100967e+04   9.2082735e+03   4.6002186e+03   1.8437226e+04   5.8012885e+03   5.5121797e+03   1.1479943e+04   3.4634855e+03   9.4463745e+03   2.5996375e+03   9.8119471e+03   3.9922657e+03   1.2296185e+04   5.1176365e+03   1.0093605e+04   5.2072319e+03   1.0987083e+04   7.9911744e+03   4.9505506e+03   5.7380569e+03   4.3303621e+03   2.5819828e+04   5.0389740e+03   3.5887676e+03   1.1221298e+04   3.0674844e+03   8.7332798e+03   1.2542273e+04
   1.9205967e+03   2.0602481e+03   1.8539000e+03   1.7452463e+03   6.2135528e+02   5.3034843e+02   7.0649276e+02   1.2538914e+03   1.3739909e+03   1.8984076e+03   1.5803398e+03   1.2523762e+03   1.6112597e+03   1.0954670e+03   1.6411857e+03   1.5534821e+03   1.3105799e+03   1.3713442e+03   8.2992178e+02   1.4644192e+03   1.5379085e+03   1.8722380e+03   2.7036257e+03   1.8052723e+03   9.1034445e+02   1.8433318e+03   1.2282198e+03   1.3475566e+03   1.0652315e+03   1.1692653e+03
   5.2121414e+02   3.3385763e+02   4.1414844e+02   6.0326803e+02   4.5884962e+02   3.9504351e+02   3.7310209e+02   5.4256224e+02   3.5568961e+02   5.4950311e+02   5.0930165e+02   3.6789160e+02   5.3209422e+02   3.1244772e+02   3.6841778e+02   3.1061143e+02   4.1047777e+02   2.7958845e+02   2.5785416e+02   4.1843709e+02   5.0277327e+02   3.4317280e+02   5.7288854e+02   4.6787454e+02   2.5171023e+02   3.5451399e+02   3.1246012e+02   5.9576579e+02   4.4557769e+02   3.6441980e+02
   1.1095062e+02   9.8932267e+01   1.3755010e+02   1.0095743e+02   6.2947498e+01   1.3636339e+02   8.7903382e+01   8.0078314e+01   8.2636161e+01   7.0600828e+01   8.1592752e+01   6.5264221e+01   1.3501327e+02   3.7942498e+01   7.6206333e+01   6.0987851e+01   5.1738197e+01   2.7288640e+01   3.5082621e+01   1.2175484e+02   2.8515965e+01   1.4031815e+02   6.0963306e+01   7.7540120e+01   1.0150361e+02   8.3005304e+01   1.2018388e+02   7.9283666e+01   1.0001943e+02   1.2899089e+02
   2.3623369e+01   2.0494342e+01   1.0083753e+01   1.8369389e+01   3.7442666e+01   3.3629679e+01   3.4325641e+01   1.5074445e+01   2.8939144e+01   3.9983050e+01   2.0864522e+01   3.6005342e+01   2.7616668e+01   1.8617072e+01   2.7742116e+01   3.6651807e+01   2.1749225e+01   2.4985036e+01   2.5985694e+01   3.4448803e+01   2.4407978e+01   3.3260878e+01   1.9213429e+01   3.2185108e+01   2.1552240e+01   1.3074352e+01   3.8036886e+01   1.8072118e+01   1.8331112e+01   3.2302494e+01
   3.6252757e+00   2.9466995e+00   3.1219443e+00   6.3333935e+00   5.0612469e+00   7.7718429e+00   5.8085036e+00   4.0005734e+00   3.0803159e+00   6.1200082e+00   7.1109468e+00   5.5977433e+00   5.2310174e+00   3.4415912e+00   4.2969083e+00   7.3434073e+00   3.4351360e+00   5.4286410e+00   2.7767130e+00   3.2475152e+00   4.0730913e+00   4.2530782e+00   5.5673856e+00   7.4710333e+00   2.8126103e+00   2.8667360e+00   7.3938219e+00   3.5947786e+00   4.3946050e+00   3.6787159e+00
   9.4745371e-01   6.6822217e-01   1.0175188e+00   1.1156543e+00   1.2232331e+00   1.1557382e+00   1.0841303e+00   1.0403961e+00   1.1309287e+00   1.2425544e+00   1.0560779e+00   1.0932422e+00   8.2207339e-01   6.9448186e-01   1.2244069e+00   1.3636136e+00   9.5430188e-01   1.2644449e+00   7.7166000e-01   1.3780837e+00   8.4521155e-01   9.4957643e-01   1.1463118e+00   1.3540365e+00   9.2983180e-01   6.9445168e-01   1.4087182e+00   9.0723551e-01   1.1387915e+00   8.5791489e-01
   9.7649596e-02   7.2028727e-02   1.3852193e-01   1.7604982e-01   1.8641271e-01   8.7568894e-02   1.6352729e-01   8.1185792e-02   1.6022645e-01   2.1862944e-01   1.4597708e-01   2.0246221e-01   4.0548862e-01   1.3431917e-01   2.4872015e-01   2.6668154e-01   1.8272044e-01   1.7392514e-01   4.9653889e-02   1.1371115e-01   7.2587449e-02   2.5497820e-01   9.6066446e-02   1.6751952e-01   1.2932024e-01   1.2506473e-01   9.6792100e-02   1.1935934e-01   7.0064801e-02   5.8947468e-02
   1.3707234e-03   2.8489703e-03   6.4527135e-03   5.6609112e-03   2.2095092e-03   3.9197145e-03   4.7458152e-03   3.2232126e-03   6.2724987e-03   2.3871623e-02   6.2286566e-03   2.5050605e-02   1.9933767e-01   4.8770801e-04   6.1889057e-03   5.8415135e-03   2.1226312e-03   2.3629091e-03   1.3629156e-03   7.1811778e-03   6.0919407e-03   8.7019298e-03   2.8345086e-03   6.3091059e-03   4.8492456e-03   3.9707561e-03   8.0829134e-03   4.6174650e-03   9.7591013e-03   2.4122987e-03
   1.2270760e-06   1.7089742e-04   1.8308193e-03   1.3655001e-05   3.0233221e-05   8.0187505e-04   7.3427607e-04   5.8201719e-05   2.0251175e-04   2.3826945e-02   1.1681031e-03   2.0771322e-02   1.9933663e-01   6.1801056e-05   1.1766712e-03   4.1446583e-04   1.0857971e-04   1.0073953e-04   7.0567365e-04   1.8378133e-03   4.7039957e-03   1.3271317e-03   3.4241017e-04   1.9114958e-04   2.0692994e-03   1.4674765e-05   2.8297558e-05   7.6583021e-05   1.2742740e-03   4.6352953e-06
