   8.0399736e+05   9.3407127e+05   1.2262045e+06   5.2223734e+05   1.8029097e+05   7.7480812e+05   2.1039240e+04   3.8559279e+06   1.1886429e+06   1.0005056e+06   3.0300674e+05   1.5625887e+06   1.9928805e+06   8.2907682e+05   8.7622991e+05   2.2493516e+05   1.5337874e+06   7.6263596e+05   4.6787722e+06   6.7919363e+05   1.0224771e+06   1.0629955e+06   1.4693582e+06   8.9530925e+05   6.6974983e+05   2.0027935e+04   1.7887734e+05   1.7043930e+05   9.6344943e+05   8.1867262e+05
   8.0399736e+05   2.6429722e+05   1.7151481e+05   1.0916968e+04   1.8009729e+05   5.3287258e+05   2.1039240e+04   2.8124584e+06   1.0700794e+06   4.4727309e+05   2.8673168e+05   3.4760550e+05   1.9928805e+06   8.2893846e+05   2.5920176e+05   2.2493516e+05   1.7633703e+05   1.2064198e+05   3.9236843e+06   9.4233524e+04   3.3903311e+05   6.9594196e+05   1.4693582e+06   5.9618603e+04   6.6974983e+05   2.0027935e+04   1.7887734e+05   1.7043930e+05   9.6344943e+05   8.0733776e+05
   8.0399736e+05   2.6429722e+05   1.7151481e+05   1.0916968e+04   1.4973655e+05   5.1079773e+04   2.1039240e+04   2.8037023e+06   1.0700794e+06   1.4980072e+05   2.8673168e+05   3.4760550e+05   5.9590323e+05   5.9034653e+05   2.5920176e+05   4.8780081e+04   1.7633703e+05   1.2064198e+05   1.2579203e+06   9.4233524e+04   3.3903311e+05   6.9594196e+05   1.8274097e+05   5.9618603e+04   9.0841683e+04   2.0027935e+04   1.7887734e+05   1.7043930e+05   6.6145294e+05   2.9764952e+05
   3.5104958e+05   2.6429722e+05   1.7151481e+05   1.0916968e+04   3.9597749e+04   2.4768200e+04   2.1039240e+04   1.1330274e+06   2.7959210e+05   1.4980072e+05   2.8673168e+05   1.5972519e+05   2.8575782e+05   2.6824655e+05   8.9257270e+04   4.8780081e+04   1.7633703e+05   1.2064198e+05   6.0114774e+04   9.4233524e+04   1.2135981e+05   6.9594196e+05   1.8274097e+05   5.9618603e+04   9.0841683e+04   2.0027935e+04   1.7887734e+05   1.7043930e+05   2.2476956e+05   2.9764952e+05
   3.5104958e+05   1.4673027e+05   1.2688949e+05   1.0916968e+04   3.9597749e+04   2.4768200e+04   2.1039240e+04   3.6078330e+05   1.1030004e+05   1.4980072e+05   1.1318090e+05   1.1045909e+05   3.4188984e+04   2.6824655e+05   8.2498979e+04   4.8780081e+04   1.3075029e+04   1.2025118e+05   2.1775326e+04   9.4233524e+04   4.4326335e+04   2.0605682e+04   1.8274097e+05   5.9618603e+04   9.0841683e+04   2.0027935e+04   2.1463720e+04   1.1723366e+05   6.2448393e+04   2.1340816e+05
   1.0016371e+05   5.0531899e+04   1.2688949e+05   1.0916968e+04   3.9489470e+04   2.4384919e+04   2.1039240e+04   1.7832470e+05   1.0647408e+05   1.2041742e+05   3.8301887e+04   3.2989762e+04   2.4055066e+04   7.4843529e+04   5.7696383e+04   1.9492609e+04   1.3075029e+04   2.6066387e+04   2.1775326e+04   9.4233524e+04   4.4326335e+04   2.0605682e+04   9.8483771e+04   5.8738629e+04   7.6452519e+04   2.0015663e+04   2.1463720e+04   2.7768420e+04   4.7929301e+04   5.6129742e+04
   2.7479949e+04   3.4492678e+04   2.3924475e+03   1.0916968e+04   3.5063586e+04   2.4384919e+04   2.1039240e+04   6.4356489e+04   5.8481744e+03   1.9283027e+04   3.8301887e+04   3.2989762e+04   2.4055066e+04   4.1242478e+03   1.1123120e+04   1.9492609e+04   8.2199295e+03   2.6066387e+04   4.7554687e+03   1.9640292e+04   2.1714683e+04   1.5171011e+04   2.9591655e+04   1.7027278e+04   5.6274271e+03   1.4216886e+04   1.7961663e+04   2.7768420e+04   2.9828045e+04   2.2519883e+04
   8.0461940e+03   5.4377771e+03   2.3924475e+03   7.6529015e+03   3.8788270e+03   8.0130487e+03   3.5029352e+03   5.4382089e+03   5.8481744e+03   2.4226189e+03   1.0704895e+04   6.4856011e+03   1.8633477e+04   4.1242478e+03   7.2949722e+03   1.0087812e+04   5.3615970e+03   8.3470270e+03   4.7554687e+03   1.0159408e+04   8.6170455e+03   8.9508001e+03   1.5123268e+04   1.7027278e+04   5.6274271e+03   1.1561965e+04   1.5057633e+04   6.0263339e+03   2.1304573e+04   5.2649075e+03
   1.4192046e+03   1.3628094e+03   2.1236531e+03   1.2478859e+03   1.1880148e+03   2.2383677e+03   9.2106601e+02   1.3698829e+03   1.5672630e+03   1.1852042e+03   8.9614941e+02   1.8119497e+03   1.0824905e+03   1.2304293e+03   1.4860153e+03   1.4470939e+03   1.9300778e+03   1.5882093e+03   1.4461441e+03   2.8367520e+03   1.8056781e+03   1.7166362e+03   1.5816938e+03   1.6504222e+03   8.7892656e+02   1.3845652e+03   2.1968565e+03   6.9896577e+02   1.1230068e+03   1.6084238e+03
   3.3728879e+02   1.8345405e+02   4.4882654e+02   1.4210589e+02   3.5624832e+02   3.1113278e+02   3.2104209e+02   2.6823034e+02   1.8127664e+02   2.9696136e+02   2.9032823e+02   3.4422368e+02   3.8963608e+02   2.2418845e+02   2.6653076e+02   3.5196281e+02   3.0271416e+02   3.7235141e+02   2.2771172e+02   2.5801511e+02   3.2504207e+02   2.6059565e+02   1.2407862e+02   3.2758773e+02   2.2329659e+02   1.7552182e+02   2.6921517e+02   2.6360092e+02   2.3915364e+02   4.6398334e+02
   4.2534511e+01   8.5251438e+01   5.0712953e+01   1.1649576e+02   7.7269833e+01   1.1148183e+02   8.0423882e+01   5.4798698e+01   1.0355894e+02   8.6932479e+01   4.9077555e+01   6.8422172e+01   9.4673065e+01   9.8924884e+01   6.7755017e+01   7.7671037e+01   8.6890969e+01   1.2847176e+02   1.1727567e+02   5.5566098e+01   1.0280841e+02   1.0142306e+02   1.1070400e+02   1.0989169e+02   6.9364232e+01   4.6980121e+01   1.1685682e+02   7.5973724e+01   9.5416505e+01   7.6186424e+01
   2.2874408e+01   3.7976017e+01   3.8532434e+01   2.4463293e+01   3.9369977e+01   3.6654129e+01   1.8829114e+01   2.9777101e+01   3.1812385e+01   1.5920268e+01   3.3877481e+01   1.2504666e+01   3.8733215e+01   3.3703608e+01   1.5741492e+01   2.7423274e+01   1.8772105e+01   2.3145865e+01   4.9149668e+01   3.2563389e+01   4.4427199e+01   2.2579252e+01   2.8117153e+01   2.8765348e+01   2.8566132e+01   3.3123409e+01   2.5220815e+01   9.8877215e+00   1.8321163e+01   2.8146996e+01
   2.6835370e+00   6.9839109e+00   2.0679665e+00   4.5033339e+00   5.1422508e+00   9.3228619e+00   1.7046084e+00   3.8262542e+00   5.2073288e+00   4.1883996e+00   1.9964250e+00   4.6711651e+00   1.5930266e+01   1.2493408e+01   3.2409070e+00   9.5478532e+00   1.0270188e+01   4.8754606e+00   1.0221095e+01   4.5098776e+00   6.7406773e+00   3.0975819e+00   8.2368971e+00   3.8573375e+00   3.9950117e+00   6.8076512e+00   3.6666102e+00   1.4822545e+00   3.0762210e+00   5.1869194e+00
   3.7275366e-01   1.1000689e+00   5.9112736e-01   1.6172772e+00   8.4317976e-01   7.6324446e-01   1.0288537e-01   8.6426172e-01   6.6401238e-01   5.1454971e-01   8.0822102e-01   6.3478978e-01   1.3038970e+00   1.2091037e+00   5.3259353e-01   9.2196757e-01   5.1029417e-01   6.3550674e-01   1.3929114e+00   4.0849406e-01   1.2768622e+00   7.9488910e-01   6.9094694e-01   4.9953787e-01   2.7500261e-01   6.6332036e-01   4.3333760e-01   4.0358740e-01   6.7447703e-01   2.9701951e-01
   3.1736086e-01   4.9441405e-01   4.8301201e-01   4.9993376e-01   1.7304349e-01   3.9117188e-01   1.2962022e-02   6.2973890e-01   4.9387064e-01   4.9999973e-01   7.9646346e-01   1.9005823e-01   5.1944401e-02   4.9769991e-01   4.9997062e-01   1.6430787e-02   1.4900633e-03   6.3290199e-03   5.0695147e-01   2.2609456e-03   3.1995621e-01   4.6992902e-01   4.9943633e-01   2.4136110e-02   6.4488606e-03   4.9966460e-01   2.2168127e-03   2.6518857e-01   4.9051568e-01   3.7061889e-03
   3.1735521e-01   4.9441390e-01   4.8301191e-01   4.9993195e-01   1.7303460e-01   3.9115137e-01   2.7773994e-03   6.2972645e-01   4.9387047e-01   4.9999973e-01   7.9646339e-01   1.9003876e-01   5.1859341e-02   4.9769828e-01   4.9997061e-01   2.3187492e-04   1.4446220e-03   4.3099725e-03   1.0287331e-03   2.2281377e-03   3.1964230e-01   4.6992814e-01   4.9943629e-01   1.2254175e-02   3.0025284e-03   4.9966457e-01   2.1617406e-03   2.6518814e-01   4.9051557e-01   3.6051152e-06
