   8.7601968e+02   6.7302926e+02   7.4688606e+02   9.4026326e+02   7.8606098e+02   7.6257384e+02   9.0846200e+02   1.0246642e+03   6.6332657e+02   1.0052641e+03   6.9102332e+02   5.1241420e+02   8.4355966e+02   6.9911190e+02   5.3578812e+02   8.4502896e+02   8.9838114e+02   6.9171258e+02   6.7965011e+02   9.2380804e+02   1.0919953e+03   5.8092865e+02   7.8727210e+02   9.2557336e+02   7.2396271e+02   9.8202735e+02   8.1420548e+02   1.0090194e+03   6.9287237e+02   7.9025110e+02
   8.4712706e+02   6.7302926e+02   7.4688606e+02   3.8970183e+02   5.8745052e+02   7.5698015e+02   8.2034780e+02   8.5041641e+02   6.6332657e+02   8.7120992e+02   5.3568491e+02   5.1241420e+02   4.4739720e+02   6.9911190e+02   5.3578812e+02   8.1685488e+02   8.9838114e+02   6.1435766e+02   6.5404500e+02   7.4680638e+02   9.0708657e+02   5.8092865e+02   7.6806536e+02   5.9488535e+02   5.0138346e+02   9.0672748e+02   8.1420548e+02   8.3253968e+02   5.7963954e+02   7.9025110e+02
   7.3008207e+02   6.7302926e+02   7.4688606e+02   3.8970183e+02   5.8745052e+02   6.6118267e+02   8.1830025e+02   8.5041641e+02   5.9417323e+02   8.5145083e+02   5.3568491e+02   5.1241420e+02   4.4739720e+02   2.4580345e+02   5.3578812e+02   7.0144676e+02   8.5893122e+02   5.7769926e+02   6.5404500e+02   6.0815967e+02   6.0657888e+02   5.8092865e+02   7.4233241e+02   5.9488535e+02   5.0138346e+02   8.7612117e+02   7.6769746e+02   6.8551566e+02   5.7963954e+02   4.5094323e+02
   6.5470856e+02   6.2319624e+02   5.1581542e+02   3.8970183e+02   5.8745052e+02   6.6118267e+02   6.9616627e+02   6.3961882e+02   4.5342304e+02   8.5145083e+02   4.1523990e+02   3.7224457e+02   4.4739720e+02   2.4580345e+02   5.3578812e+02   5.2443647e+02   6.2498816e+02   5.7769926e+02   6.2159479e+02   6.0815967e+02   3.9071194e+02   5.8092865e+02   6.9483902e+02   5.9488535e+02   5.0138346e+02   7.8817468e+02   7.0337142e+02   6.8551566e+02   5.7963954e+02   4.5094323e+02
   4.4941845e+02   5.7135707e+02   3.6671223e+02   3.8970183e+02   5.8745052e+02   4.3163259e+02   4.7917823e+02   3.2644300e+02   3.5009189e+02   5.4107449e+02   4.1523990e+02   3.7224457e+02   4.4739720e+02   2.0601155e+02   5.3452981e+02   4.6665024e+02   4.9361001e+02   4.0572670e+02   3.9439295e+02   4.2075442e+02   3.9071194e+02   4.7940952e+02   3.2692949e+02   1.7129360e+02   2.5074168e+02   3.2374384e+02   4.7041305e+02   4.0761140e+02   3.2562040e+02   4.5094323e+02
   2.2078576e+02   4.6667260e+02   3.5823801e+02   2.9299474e+02   4.7116504e+02   4.1105258e+02   2.6381150e+02   3.2644300e+02   2.8867937e+02   2.4721841e+02   2.6309010e+02   3.1132610e+02   2.5620918e+02   1.3827996e+02   4.3518086e+02   2.9994826e+02   2.6781948e+02   2.7040040e+02   3.9439295e+02   4.2075442e+02   3.9071194e+02   7.3595155e+01   3.2692949e+02   1.7129360e+02   2.1175443e+02   2.1455400e+02   2.7494989e+02   2.9303212e+02   3.2562040e+02   4.5094323e+02
   1.9185377e+02   2.4378300e+02   1.1524152e+02   1.8997583e+02   2.6535119e+02   1.7778151e+02   1.9006452e+02   1.8258663e+02   2.0841881e+02   2.1091999e+02   2.6309010e+02   1.9615786e+02   1.9039936e+02   1.3827996e+02   1.9297392e+02   1.0426523e+02   1.3832187e+02   1.5053625e+02   2.4492592e+02   3.4993484e+02   2.4073128e+02   7.3595155e+01   3.2692949e+02   1.7129360e+02   1.3635324e+02   2.1455400e+02   2.7494989e+02   1.2456728e+02   2.3130504e+02   2.1463825e+02
   8.7777241e+01   1.8734182e+02   1.1524152e+02   4.1422482e+01   1.0686716e+02   1.3377186e+02   1.0475577e+02   1.5015883e+02   1.5318332e+02   1.2063512e+02   7.7148745e+01   1.9615786e+02   1.7709145e+02   7.6707858e+01   1.4966836e+02   3.9666548e+01   4.2747714e+01   1.0731766e+02   2.3596616e+02   1.1567319e+02   2.4044721e+02   7.3595155e+01   2.0730295e+02   1.3267140e+02   5.6386017e+01   2.1455400e+02   8.5567611e+01   1.2456728e+02   1.6621339e+02   1.8147112e+02
   4.9922923e+01   5.3840919e+01   1.1524152e+02   4.1422482e+01   1.0686716e+02   1.0426797e+02   9.2487504e+01   1.1615116e+02   8.6556412e+01   6.7437158e+01   6.5157667e+01   6.1209129e+01   1.0151376e+02   5.6437720e+01   1.1189013e+02   3.9666548e+01   4.2747714e+01   4.5799106e+01   1.3707082e+02   3.9734529e+01   8.4119442e+01   4.4756982e+01   1.0968165e+02   9.8799716e+01   5.6386017e+01   9.3350665e+01   8.5567611e+01   7.9493084e+01   1.6621339e+02   8.6183137e+01
   2.7192586e+01   5.3840919e+01   9.3100773e+01   2.7634297e+01   2.3446908e+01   6.2035143e+01   6.8394598e+01   4.8844956e+01   5.5815193e+01   4.0722839e+01   6.5157667e+01   5.7589544e+01   7.8158165e+01   5.6437720e+01   4.9133821e+01   3.9666548e+01   4.2747714e+01   2.7585009e+01   8.2982656e+01   3.9734529e+01   6.4795241e+01   4.4756982e+01   5.3968056e+01   6.1773833e+01   5.6386017e+01   8.7800224e+01   7.1818617e+01   3.3520315e+01   1.0006213e+02   4.7045347e+01
   2.7192586e+01   2.6266100e+01   3.4281400e+01   2.7185249e+01   2.3446908e+01   3.0873131e+01   1.7930196e+01   4.3813816e+01   2.0552300e+01   2.4416263e+01   2.9367995e+01   2.5791854e+01   2.5670638e+01   3.4748553e+01   2.0073277e+01   1.7991425e+01   2.7553634e+01   2.7585009e+01   2.2881130e+01   3.6308171e+01   5.0279108e+01   3.8835232e+01   3.1022866e+01   2.9303576e+01   4.0335678e+01   5.1701436e+01   3.2544385e+01   2.6650896e+01   2.9387311e+01   4.7045347e+01
   9.5989247e+00   9.8462189e+00   6.9161897e+00   1.4611729e+01   1.0082910e+01   1.7769654e+01   8.4985199e+00   5.5717100e+00   8.7270996e+00   7.0501122e+00   1.6535619e+01   9.5276630e+00   7.0307230e+00   5.6893805e+00   1.3967054e+01   8.0809788e+00   1.0087538e+01   1.2301850e+01   1.7754229e+01   9.9349835e+00   1.3862498e+01   1.0213419e+01   1.8136855e+01   9.3673640e+00   1.0307016e+01   6.8296956e+00   2.0395402e+01   1.3407746e+01   2.3970775e+01   1.0863246e+01
   3.3504783e+00   4.3752036e+00   2.4821147e+00   2.4606940e+00   2.9849601e+00   3.0575140e+00   1.8299053e+00   2.5811868e+00   3.7327216e+00   3.0635476e+00   3.4297317e+00   3.1480241e+00   3.6472544e+00   3.0291049e+00   4.2493488e+00   2.9631514e+00   3.4192454e+00   3.4744697e+00   2.2049338e+00   4.1673373e+00   3.4470945e+00   3.2884507e+00   4.3349066e+00   2.2638639e+00   2.4073709e+00   3.4278284e+00   4.9403106e+00   4.0922685e+00   5.1933343e+00   2.4728386e+00
   1.2611352e+00   9.3819966e-01   6.8269564e-01   4.5370884e-01   1.8387707e+00   1.6326363e+00   1.4012193e+00   1.3296015e+00   7.0808725e-01   1.4297113e+00   8.7746331e-01   9.0201669e-01   9.0319664e-01   7.4106648e-01   1.1207312e+00   1.2259239e+00   9.2450947e-01   1.5374952e+00   1.5302401e+00   1.8046815e+00   1.6605546e+00   7.4707570e-01   5.6235608e-01   8.6217743e-01   1.3011220e+00   1.4276036e+00   1.8442195e+00   1.4291945e+00   1.4621413e+00   1.5501027e+00
   3.3657881e-01   7.7999756e-01   2.9036886e-01   4.5310116e-02   3.4173515e-01   8.3374138e-02   3.6386900e-02   3.3665843e-01   2.8778998e-01   9.7209185e-02   1.7603317e-01   5.6842476e-02   4.5294254e-01   5.7217720e-02   4.1324318e-01   4.2109220e-01   3.9046887e-02   3.1335239e-01   2.4715542e-01   5.9684447e-02   4.6154214e-01   2.3982818e-01   2.3692589e-01   1.3144174e-01   1.7716300e-01   5.8041304e-01   5.9973597e-01   1.2891977e-01   5.4733245e-01   5.2316779e-01
   3.3116019e-01   7.7460348e-01   2.6659879e-01   2.8697474e-02   8.7108380e-02   5.4111798e-02   1.1870754e-02   2.9419794e-01   2.8423746e-01   7.3388744e-02   1.2303221e-01   4.1554915e-02   4.4684223e-01   5.6971551e-02   3.5297468e-01   3.6656024e-01   2.1588117e-03   2.0090064e-01   1.6641765e-01   1.9460898e-02   2.9494578e-01   2.0823159e-01   2.3325862e-01   7.2069380e-02   3.0536443e-02   5.6484300e-01   2.5894597e-01   9.7353361e-02   4.4982694e-01   5.1934757e-01
