   3.3296379e+10   4.4176396e+10   4.8300644e+10   3.2875263e+10   3.4675475e+10   2.4051776e+10   3.7394258e+10   3.3040572e+10   2.8348242e+10   4.2554220e+10   4.0819074e+10   3.7363868e+10   4.1283956e+10   2.4051776e+10   3.7329104e+10   3.4379262e+10   3.7199590e+10   4.4285603e+10   2.5802222e+10   5.0948812e+10   3.8212856e+10   4.1518541e+10   4.1959287e+10   3.4988109e+10   3.0939864e+10   4.2244470e+10   3.1180456e+10   3.7594797e+10   3.8341065e+10   4.0050305e+10
   1.7655885e+10   3.9790876e+10   3.6168424e+10   2.6480500e+10   2.0706575e+10   2.4051776e+10   2.7700363e+10   2.9260025e+10   2.6412945e+10   3.1528009e+10   3.7286117e+10   2.5589461e+10   3.4388565e+10   2.4051776e+10   2.4412785e+10   3.0808117e+10   3.7199590e+10   2.8875303e+10   2.2043708e+10   3.1002529e+10   3.3458087e+10   3.4007298e+10   3.4651724e+10   3.4988109e+10   3.0939864e+10   3.6692853e+10   2.7238913e+10   2.3774173e+10   2.9095170e+10   3.5227939e+10
   1.7655885e+10   2.8142847e+10   2.6548031e+10   2.6480500e+10   2.0706575e+10   2.4051776e+10   2.3509136e+10   2.6549230e+10   2.0556054e+10   2.8624127e+10   2.5513402e+10   2.1169043e+10   2.4857307e+10   2.4051776e+10   2.4027842e+10   2.4990448e+10   2.4618033e+10   2.8875303e+10   2.2043708e+10   1.9642823e+10   2.2953960e+10   2.6500430e+10   3.3008366e+10   2.9412839e+10   2.8246675e+10   2.4474852e+10   1.8618869e+10   2.3774173e+10   2.7881145e+10   2.2422930e+10
   1.7655885e+10   1.9792877e+10   2.4150409e+10   2.0008431e+10   2.0706575e+10   2.4051776e+10   2.1791338e+10   1.7541547e+10   2.0556054e+10   2.3607390e+10   1.9816777e+10   2.1169043e+10   1.9502561e+10   2.4051776e+10   1.5915787e+10   1.4460112e+10   2.2846476e+10   2.4670684e+10   1.6552288e+10   1.9642823e+10   1.7062384e+10   1.4285831e+10   2.1373902e+10   2.3814583e+10   1.7686138e+10   1.7753361e+10   1.8518212e+10   2.1773796e+10   1.9278019e+10   2.2422930e+10
   1.7655885e+10   1.9792877e+10   2.0401682e+10   1.5893783e+10   1.5164883e+10   1.6382678e+10   2.1791338e+10   1.7541547e+10   1.4656849e+10   2.3486394e+10   1.2936173e+10   2.1169043e+10   1.8587180e+10   1.6382678e+10   1.5915787e+10   1.3519284e+10   2.0287235e+10   1.9322701e+10   1.6295838e+10   1.8314635e+10   1.3084737e+10   1.3034629e+10   2.1373902e+10   1.9001615e+10   1.5792860e+10   1.5504264e+10   1.8173247e+10   2.1304530e+10   1.6667151e+10   1.6866931e+10
   1.2689464e+10   1.3153837e+10   1.6127116e+10   8.8266227e+09   1.1275021e+10   8.4398807e+09   1.1701704e+10   1.2645118e+10   1.2478727e+10   9.6008635e+09   1.1900737e+10   1.3762613e+10   1.3554725e+10   8.4398807e+09   1.1376964e+10   1.2705606e+10   1.4367157e+10   8.7751025e+09   1.2150651e+10   1.3515307e+10   1.1448322e+10   7.7707677e+09   1.6014426e+10   1.2004997e+10   9.5564225e+09   1.1731260e+10   1.4196139e+10   1.5420233e+10   1.2206335e+10   1.1941643e+10
   5.9528093e+09   5.5589419e+09   6.7455621e+09   5.9092838e+09   6.7639485e+09   4.1156790e+09   6.4479026e+09   5.7887720e+09   4.4535748e+09   4.8842740e+09   5.0986993e+09   6.4027422e+09   5.1755148e+09   4.1156790e+09   6.4619204e+09   6.3575962e+09   6.2490615e+09   6.1672957e+09   6.0693694e+09   7.4319715e+09   6.6418122e+09   5.8189344e+09   3.6937948e+09   6.1481142e+09   6.1208403e+09   5.0658170e+09   7.6219224e+09   6.6211689e+09   5.6072705e+09   7.5594105e+09
   2.3100168e+09   1.9264434e+09   2.1974243e+09   2.0240566e+09   2.2480269e+09   2.0596843e+09   1.6349537e+09   2.2148837e+09   2.7244069e+09   2.0280783e+09   2.0267967e+09   1.9445419e+09   1.4454487e+09   2.0596843e+09   1.6596083e+09   2.3143666e+09   1.3361908e+09   2.5712450e+09   2.3371170e+09   2.1507171e+09   2.4796767e+09   2.1322261e+09   1.6073096e+09   2.8518445e+09   2.4502380e+09   2.4316457e+09   2.1260635e+09   2.2644579e+09   2.1418911e+09   2.4003287e+09
   2.4705485e+08   1.6323384e+08   1.8484610e+08   1.3258482e+08   1.6673385e+08   1.7997979e+08   1.8740614e+08   2.1882756e+08   2.0155388e+08   2.1524582e+08   2.2962956e+08   2.4081445e+08   1.5828466e+08   1.7997979e+08   1.4916794e+08   2.0717179e+08   1.9375502e+08   2.5686714e+08   2.5632881e+08   2.1418082e+08   1.6865242e+08   1.6465245e+08   1.3260389e+08   2.7859425e+08   1.6818238e+08   1.5816407e+08   2.4057280e+08   2.4145971e+08   2.0368551e+08   2.2827274e+08
   9.2169788e+05   8.4893297e+05   9.4934877e+05   6.4205530e+05   9.9767201e+05   7.8784018e+05   8.1890270e+05   6.3179292e+05   8.7024983e+05   1.1972889e+06   8.8390287e+05   1.2809266e+06   6.9410985e+05   7.8784018e+05   1.2273151e+06   9.2252906e+05   8.7008102e+05   1.4900124e+06   1.0139604e+06   7.7338014e+05   7.1365917e+05   7.6704218e+05   9.2922114e+05   5.4413584e+05   8.9858175e+05   6.7197553e+05   7.7012774e+05   8.0377291e+05   8.0786041e+05   9.0485800e+05
   5.6507523e+01   2.0655428e+01   9.0503021e+01   9.2912659e+01   1.4763584e+02   4.9954382e+01   1.0588901e+02   3.6474530e+01   1.5574785e+02   1.0878944e+02   1.0155092e+02   8.5147266e+01   1.0974064e+02   4.9954382e+01   9.3698135e+01   1.3065211e+02   1.2549471e+02   1.2360436e+02   8.8417984e+01   4.1109014e+01   4.3808257e+01   2.4867170e+02   9.9635308e+01   3.1767365e+02   1.2058615e+02   8.9061599e+01   1.5721694e+02   8.2233325e+01   7.7065891e+01   6.1179068e+01
   1.1529065e-07   8.8819533e-08   2.0583726e-07   4.5110772e-07   5.9997291e-07   1.2019682e-07   3.3705656e-07   7.0942967e-08   3.3535634e-07   3.1457373e-07   4.1790525e-07   1.6903514e-07   3.2794155e-07   1.2019682e-07   1.3228134e-07   3.9094010e-07   4.3975547e-07   4.5289004e-07   3.0078938e-07   1.1379716e-07   1.3089905e-07   7.4481824e-07   2.5802835e-07   6.7577730e-07   4.5154165e-07   3.5264429e-07   3.0195596e-07   6.0800312e-07   1.8284907e-07   2.0777348e-07
   0.0000000e+00   0.0000000e+00   0.0000000e+00   0.0000000e+00   0.0000000e+00   0.0000000e+00   0.0000000e+00   0.0000000e+00   0.0000000e+00   0.0000000e+00   0.0000000e+00   0.0000000e+00   0.0000000e+00   0.0000000e+00   0.0000000e+00   0.0000000e+00   0.0000000e+00   0.0000000e+00   0.0000000e+00   0.0000000e+00   0.0000000e+00   0.0000000e+00   0.0000000e+00   0.0000000e+00   0.0000000e+00   0.0000000e+00   0.0000000e+00   0.0000000e+00   0.0000000e+00   0.0000000e+00
   0.0000000e+00   0.0000000e+00   0.0000000e+00   0.0000000e+00   0.0000000e+00   0.0000000e+00   0.0000000e+00   0.0000000e+00   0.0000000e+00   0.0000000e+00   0.0000000e+00   0.0000000e+00   0.0000000e+00   0.0000000e+00   0.0000000e+00   0.0000000e+00   0.0000000e+00   0.0000000e+00   0.0000000e+00   0.0000000e+00   0.0000000e+00   0.0000000e+00   0.0000000e+00   0.0000000e+00   0.0000000e+00   0.0000000e+00   0.0000000e+00   0.0000000e+00   0.0000000e+00   0.0000000e+00
   0.0000000e+00   0.0000000e+00   0.0000000e+00   0.0000000e+00   0.0000000e+00   0.0000000e+00   0.0000000e+00   0.0000000e+00   0.0000000e+00   0.0000000e+00   0.0000000e+00   0.0000000e+00   0.0000000e+00   0.0000000e+00   0.0000000e+00   0.0000000e+00   0.0000000e+00   0.0000000e+00   0.0000000e+00   0.0000000e+00   0.0000000e+00   0.0000000e+00   0.0000000e+00   0.0000000e+00   0.0000000e+00   0.0000000e+00   0.0000000e+00   0.0000000e+00   0.0000000e+00   0.0000000e+00
   0.0000000e+00   0.0000000e+00   0.0000000e+00   0.0000000e+00   0.0000000e+00   0.0000000e+00   0.0000000e+00   0.0000000e+00   0.0000000e+00   0.0000000e+00   0.0000000e+00   0.0000000e+00   0.0000000e+00   0.0000000e+00   0.0000000e+00   0.0000000e+00   0.0000000e+00   0.0000000e+00   0.0000000e+00   0.0000000e+00   0.0000000e+00   0.0000000e+00   0.0000000e+00   0.0000000e+00   0.0000000e+00   0.0000000e+00   0.0000000e+00   0.0000000e+00   0.0000000e+00   0.0000000e+00
