   1.9560126e+03   2.2595268e+03   1.2109663e+03   1.2234290e+03   1.8411845e+03   1.6638814e+03   2.0782372e+03   1.8072693e+03   2.2934582e+03   1.9537748e+03   1.5899222e+03   1.5807034e+03   1.9893173e+03   1.6638814e+03   1.7823076e+03   2.3194166e+03   2.0415571e+03   1.9622155e+03   1.8756426e+03   1.6684606e+03   2.0967674e+03   1.9422436e+03   1.5463287e+03   1.6563931e+03   1.8417865e+03   1.6393825e+03   1.4267829e+03   2.1787243e+03   1.7061037e+03   2.0257455e+03
   1.9054732e+03   1.9489580e+03   1.2109663e+03   9.7368952e+02   1.7149638e+03   1.5212656e+03   1.6348918e+03   1.7278482e+03   1.5688395e+03   1.2090657e+03   1.5899222e+03   1.5807034e+03   1.9893173e+03   1.5212656e+03   1.7192208e+03   1.9524644e+03   1.9306575e+03   1.8177669e+03   1.8756426e+03   1.6684606e+03   1.7460923e+03   1.8751785e+03   1.5463287e+03   1.6563931e+03   1.6361004e+03   1.6393825e+03   1.4267829e+03   1.8012314e+03   1.7061037e+03   1.9436516e+03
   1.3615999e+03   1.8536400e+03   1.2109663e+03   9.7368952e+02   1.3277359e+03   1.3216204e+03   1.4933717e+03   1.1987617e+03   1.5688395e+03   1.2090657e+03   1.5899222e+03   1.5807034e+03   1.3251075e+03   1.3216204e+03   1.7192208e+03   1.2170272e+03   1.6525118e+03   1.5479072e+03   1.5767354e+03   1.6684606e+03   1.1372182e+03   1.8751785e+03   9.5689922e+02   1.6171978e+03   1.6313162e+03   1.6393825e+03   1.3682967e+03   1.8012314e+03   1.5918148e+03   1.4304234e+03
   1.3615999e+03   1.4587073e+03   1.2109663e+03   9.7368952e+02   1.3277359e+03   1.3216204e+03   1.2344091e+03   1.1987617e+03   1.5688395e+03   1.1595240e+03   1.5899222e+03   1.5807034e+03   1.1621428e+03   1.3216204e+03   1.6759173e+03   1.2170272e+03   1.6190464e+03   1.5479072e+03   1.3186308e+03   1.3508666e+03   1.1372182e+03   1.8751785e+03   9.5689922e+02   1.6171978e+03   1.4434858e+03   1.2014719e+03   1.3682967e+03   1.2635558e+03   1.5370676e+03   1.2592651e+03
   1.3615999e+03   1.4587073e+03   1.2109663e+03   9.7368952e+02   1.3277359e+03   1.3216204e+03   1.1757347e+03   1.1987617e+03   1.4409568e+03   1.1595240e+03   1.4200135e+03   1.5807034e+03   1.1621428e+03   1.3216204e+03   1.4536373e+03   1.2170272e+03   1.6190464e+03   1.5479072e+03   1.3186308e+03   1.3508666e+03   1.1372182e+03   1.2617763e+03   9.5689922e+02   1.3785569e+03   7.2363518e+02   1.2014719e+03   1.3682967e+03   1.2635558e+03   1.2799676e+03   1.1920657e+03
   9.7249183e+02   1.1285784e+03   1.1425861e+03   9.7368952e+02   7.9918468e+02   1.0513223e+03   1.1757347e+03   1.1070335e+03   1.3713306e+03   1.1595240e+03   1.3458932e+03   1.4026906e+03   1.1292984e+03   1.0513223e+03   1.2118292e+03   1.1725095e+03   1.1811132e+03   1.0647615e+03   1.1791231e+03   1.2941250e+03   1.1372182e+03   9.5790169e+02   9.5689922e+02   1.0588783e+03   7.2363518e+02   1.0599837e+03   1.1461403e+03   9.2770243e+02   1.1284839e+03   1.1616646e+03
   9.7249183e+02   1.1285784e+03   7.2048671e+02   7.8558957e+02   7.9918468e+02   8.5747646e+02   8.2418804e+02   1.0347771e+03   6.7856473e+02   8.2443446e+02   9.1380047e+02   1.0556607e+03   9.9395119e+02   8.5747646e+02   7.7429834e+02   8.7530679e+02   9.1669982e+02   1.0647615e+03   9.9859994e+02   1.0451291e+03   7.9238925e+02   9.5790169e+02   7.8403933e+02   9.6333668e+02   7.2363518e+02   9.4813098e+02   9.8484765e+02   9.2770243e+02   8.9171913e+02   9.6870311e+02
   7.5266158e+02   7.4837867e+02   7.2048671e+02   7.1618599e+02   6.8893395e+02   8.4173883e+02   5.4361330e+02   6.2147372e+02   6.7856473e+02   5.5537022e+02   7.3496131e+02   8.2640486e+02   6.6739329e+02   8.4173883e+02   6.8496582e+02   7.7841357e+02   8.5841686e+02   8.1775204e+02   5.8184199e+02   6.2250428e+02   7.6306343e+02   9.2108270e+02   7.0869174e+02   7.7765689e+02   4.2958807e+02   7.5626507e+02   8.3569096e+02   6.8389433e+02   6.5869674e+02   6.3007668e+02
   7.4303925e+02   4.6526062e+02   4.0235132e+02   4.0523492e+02   5.5599147e+02   4.1908185e+02   4.1676590e+02   6.2147372e+02   4.7044181e+02   5.5537022e+02   5.9548014e+02   6.2001477e+02   6.6739329e+02   4.1908185e+02   5.0179373e+02   5.7627136e+02   5.0195869e+02   6.0250147e+02   4.7446249e+02   6.2250428e+02   6.2234574e+02   5.8604252e+02   5.8910439e+02   6.2352982e+02   4.2958807e+02   5.5940664e+02   6.8481855e+02   6.8389433e+02   4.9807673e+02   5.2831830e+02
   1.7927789e+02   2.5619300e+02   2.7967854e+02   3.0554436e+02   2.7457922e+02   4.1908185e+02   2.7863580e+02   3.9372159e+02   2.0461389e+02   1.6353633e+02   2.7867607e+02   4.5843076e+02   3.3916633e+02   4.1908185e+02   4.2756251e+02   2.6826951e+02   1.9353181e+02   4.3813989e+02   2.8539106e+02   3.4336114e+02   3.5140469e+02   2.1902837e+02   2.9810009e+02   2.1052577e+02   3.7823784e+02   3.2910223e+02   3.0916568e+02   3.8132802e+02   4.1314504e+02   2.7977909e+02
   1.2276046e+02   9.5342343e+01   1.2662387e+02   9.1931745e+01   2.1149125e+02   1.5257868e+02   1.1157869e+02   1.1650908e+02   1.0323975e+02   1.3452210e+02   2.1715441e+02   1.4976412e+02   1.8096762e+02   1.5257868e+02   1.7517654e+02   1.4944090e+02   1.3749032e+02   1.5269579e+02   1.4568686e+02   1.4403924e+02   1.4441477e+02   1.4114719e+02   1.5588231e+02   1.0867576e+02   1.3244745e+02   1.4356389e+02   1.5230371e+02   1.0848160e+02   1.2709688e+02   9.5687338e+01
   5.8404646e+01   4.5775097e+01   5.9827232e+01   4.4832334e+01   6.4336977e+01   5.7932278e+01   5.8757175e+01   6.0475240e+01   4.6543175e+01   4.0008251e+01   7.1351069e+01   6.2644075e+01   4.9437179e+01   5.7932278e+01   4.4500421e+01   4.9073168e+01   4.2159955e+01   7.3534306e+01   4.6369588e+01   6.0428436e+01   5.6381316e+01   4.2977714e+01   4.9181752e+01   5.8659349e+01   3.9961686e+01   5.7294732e+01   3.7096115e+01   5.1651302e+01   4.7500181e+01   4.2712556e+01
   1.2452129e+01   1.0532795e+01   1.2918317e+01   1.1257381e+01   1.3154695e+01   1.3294964e+01   1.2338075e+01   1.6886117e+01   1.6056459e+01   1.3026555e+01   1.0379650e+01   1.4731341e+01   1.4804925e+01   1.3294964e+01   1.3660605e+01   1.3659275e+01   1.3154576e+01   1.5988064e+01   1.3134581e+01   1.5876747e+01   1.4500278e+01   1.4431580e+01   1.4657762e+01   1.0963434e+01   1.2348033e+01   1.3071222e+01   1.2679329e+01   1.2312843e+01   1.3713282e+01   1.2729856e+01
   5.1182592e+00   4.9282773e+00   5.3602258e+00   5.0331459e+00   5.2662987e+00   5.3964981e+00   4.8948210e+00   5.1637861e+00   5.3967820e+00   5.5306952e+00   4.9132264e+00   5.8284577e+00   5.5398718e+00   5.3964981e+00   4.9996084e+00   5.3664775e+00   5.6343631e+00   5.1837134e+00   5.4335167e+00   5.0813374e+00   5.0837454e+00   5.1338048e+00   5.3044708e+00   5.5689797e+00   5.1886974e+00   5.0051533e+00   5.1196995e+00   5.5234986e+00   5.3666877e+00   5.3911042e+00
   3.6159195e+00   3.4393803e+00   3.3972584e+00   3.2895748e+00   2.6724928e+00   3.4537050e+00   3.4320177e+00   2.9401599e+00   2.5209211e+00   3.0547159e+00   2.9211729e+00   3.6082915e+00   3.0629503e+00   3.4537050e+00   2.9042461e+00   2.7484996e+00   3.3654654e+00   3.2336950e+00   3.7536290e+00   3.2513160e+00   2.2336346e+00   3.0912217e+00   3.3274798e+00   3.8282411e+00   3.2726239e+00   3.0427388e+00   2.9820910e+00   3.0922558e+00   3.6088136e+00   3.6323812e+00
   2.9943967e+00   2.4167607e+00   3.2820756e+00   2.8269471e+00   2.2247863e+00   3.0155896e+00   2.8243904e+00   2.5306233e+00   2.3778379e+00   2.8397477e+00   2.7547473e+00   3.2390577e+00   2.9897470e+00   3.0155896e+00   2.2821208e+00   2.4503851e+00   2.9134625e+00   3.0046615e+00   2.8639990e+00   3.1042681e+00   2.0509404e+00   2.8197799e+00   3.1069970e+00   2.8129126e+00   3.0766265e+00   2.5781466e+00   2.9161348e+00   2.8043536e+00   3.2125144e+00   3.1425340e+00
