   9.0294036e+04   1.6975309e+06   1.7064770e+04   1.2147183e+06   2.6499290e+05   5.4864289e+05   3.5864601e+05   2.6017790e+05   7.9154499e+05   1.2630520e+04   9.2653018e+05   5.2918020e+05   2.8841910e+05   1.8880049e+05   3.9380711e+05   5.2713721e+04   3.6297110e+05   2.3338503e+04   2.4793450e+05   2.3886753e+04   2.4651656e+06   2.0324003e+06   3.0165315e+05   1.0011944e+06   9.3200750e+05   2.3950914e+06   5.4023401e+05   2.4089584e+06   3.0551768e+06   1.1919209e+06
   9.0294036e+04   1.5249147e+06   1.7064770e+04   1.2147183e+06   2.6499290e+05   2.2474443e+05   3.5864601e+05   2.6017790e+05   7.9154499e+05   1.2630520e+04   7.6779016e+05   5.2918020e+05   2.8841910e+05   1.8880049e+05   3.7315893e+05   5.2713721e+04   3.6297110e+05   2.3338503e+04   2.4793450e+05   2.3827860e+04   2.4651656e+06   5.5638538e+05   2.0019138e+05   5.7440834e+05   9.3124993e+05   1.8727091e+06   5.4023401e+05   2.4089584e+06   4.7176280e+05   7.9422061e+05
   9.0294036e+04   7.8149045e+05   1.7064770e+04   3.0306810e+05   1.7576698e+05   2.2474443e+05   3.5864601e+05   2.6017790e+05   4.7627184e+05   1.2630520e+04   7.6779016e+05   4.7439868e+05   2.8841910e+05   1.8880049e+05   3.1786899e+05   5.2713721e+04   3.6297110e+05   2.3338503e+04   2.4793450e+05   2.3827860e+04   1.2870289e+06   5.5638538e+05   2.0019138e+05   3.3861417e+05   9.3124993e+05   3.8625505e+05   5.4023401e+05   2.3822255e+06   4.7176280e+05   7.9422061e+05
   9.0294036e+04   5.2451860e+05   1.7064770e+04   1.8296751e+05   1.6864991e+05   2.2474443e+05   3.5864601e+05   3.4358800e+04   4.7627184e+05   1.2630520e+04   5.8303465e+05   3.8847509e+05   2.8841910e+05   1.5882082e+05   3.0028590e+05   5.2713721e+04   3.6297110e+05   5.7174679e+03   2.4793450e+05   2.3827860e+04   9.8214077e+05   5.5638538e+05   1.3072920e+05   3.3861417e+05   1.8139378e+05   9.1745191e+04   5.4023401e+05   1.1026317e+06   4.7176280e+05   7.9422061e+05
   5.0429562e+04   2.1541797e+05   1.7064770e+04   1.8296751e+05   5.2280703e+04   2.2474443e+05   8.0028888e+04   3.4358800e+04   6.8324585e+04   1.2037980e+04   1.2842048e+05   4.0239640e+04   1.5768147e+05   8.1719123e+04   1.3873096e+05   5.2713721e+04   3.6297110e+05   5.7174679e+03   5.3263091e+04   2.3827860e+04   3.0585566e+04   9.3579569e+04   1.3072920e+05   1.4397122e+05   9.6862954e+04   9.1745191e+04   3.7801487e+04   3.4413413e+04   2.2733329e+05   6.8047382e+05
   5.0429562e+04   1.1711960e+05   1.7064770e+04   8.2273101e+04   1.1881974e+04   1.5656782e+05   3.3690009e+04   3.4358800e+04   6.8324585e+04   1.2037980e+04   5.4649704e+04   2.2864953e+04   4.3851430e+04   7.9857612e+04   6.4631981e+04   1.9382334e+04   5.0207925e+04   5.7174679e+03   5.3263091e+04   1.0123187e+04   3.0585566e+04   4.9337154e+04   1.1175199e+05   1.4397122e+05   9.6862954e+04   9.1745191e+04   2.7560155e+04   3.4413413e+04   8.9861396e+04   4.0022753e+05
   6.7648219e+03   8.4481989e+04   1.7064770e+04   8.0742946e+04   1.1881974e+04   4.2783976e+04   3.3690009e+04   2.1040739e+04   2.2625434e+04   1.2037980e+04   2.2879828e+04   2.2410400e+04   4.1202579e+04   6.2481483e+04   1.4157766e+04   7.3187319e+03   1.0809722e+04   5.7174679e+03   1.1463072e+04   1.0123187e+04   3.0585566e+04   3.9132058e+04   1.7023308e+04   3.6717392e+04   9.6631672e+04   1.8371052e+04   1.7595425e+04   1.4275516e+04   7.2804363e+04   6.3267430e+04
   5.6782544e+03   1.4106544e+04   8.2896601e+03   6.0311570e+03   1.1881974e+04   2.7339425e+03   5.1885221e+03   1.7388873e+04   1.0596583e+04   1.2037980e+04   3.3465812e+03   3.5129535e+03   6.8801109e+03   1.7053894e+04   1.4157766e+04   1.4371818e+03   1.0809722e+04   3.9320571e+03   7.9410170e+03   4.7402429e+03   1.3753297e+04   6.2634924e+03   4.0370989e+03   1.1930124e+04   1.3688922e+04   3.7676322e+03   4.3076772e+03   7.1688876e+03   1.2705012e+04   1.9557145e+04
   5.9804663e+02   8.4120248e+02   1.4172029e+03   9.0038985e+02   1.6503928e+03   2.1652070e+03   8.3732977e+02   1.2864004e+03   1.1500863e+03   1.0834979e+03   1.2837044e+03   1.1191498e+03   1.6385444e+03   1.4797569e+03   1.8688618e+03   8.4406346e+02   1.5112693e+03   1.3240219e+03   9.2509978e+02   1.5583244e+03   1.6305046e+03   1.3940759e+03   5.5662477e+02   1.5878495e+03   1.2045127e+03   1.4754820e+03   9.7203998e+02   1.4868182e+03   1.4748738e+03   1.9746047e+03
   3.5478214e+02   3.6776945e+02   2.5772623e+02   3.4905915e+02   3.1105069e+02   2.3740834e+02   1.3516140e+02   3.3627955e+02   1.9115679e+02   2.2787403e+02   1.8400162e+02   2.6130106e+02   2.5288371e+02   2.3378702e+02   3.2753372e+02   3.0489425e+02   3.1342540e+02   2.0705901e+02   8.7455536e+01   2.2655536e+02   2.4929180e+02   2.0131841e+02   2.2121731e+02   2.3686925e+02   3.0266243e+02   1.7259263e+02   3.2733552e+02   4.2118177e+02   1.8894521e+02   5.3790898e+02
   5.8123337e+01   7.2313426e+01   4.9669016e+01   1.0740069e+02   6.6782966e+01   2.5909342e+01   7.2525466e+01   3.6571230e+01   5.0881166e+01   7.1362770e+01   7.3703378e+01   7.7652269e+01   5.7785299e+01   4.7100972e+01   8.7856186e+01   8.9447063e+01   8.1482083e+01   4.9268378e+01   3.1855522e+01   8.1395179e+01   8.7646877e+01   7.1516374e+01   2.0836176e+01   1.0829256e+02   9.8320530e+01   3.6363388e+01   1.1138122e+02   5.2810663e+01   5.4094467e+01   9.1415928e+01
   3.5233341e+01   2.9978734e+01   2.6439416e+01   2.3900572e+01   3.5034347e+01   2.3551887e+01   4.5631035e+01   1.6180363e+01   1.7894676e+01   2.5215692e+01   3.4259239e+01   3.0950749e+01   4.2368058e+01   3.3942255e+01   2.9126661e+01   2.4200528e+01   3.6526650e+01   3.2585687e+01   1.7941805e+01   1.7581960e+01   1.6537132e+01   1.9839171e+01   1.6415555e+01   2.5227742e+01   3.4204014e+01   3.6363388e+01   6.3696476e+00   5.2810663e+01   2.2354937e+01   3.8922662e+01
   4.1371410e+00   5.3980614e+00   5.3099568e+00   5.1196149e+00   4.1600079e+00   7.2591467e+00   5.5887956e+00   3.2908815e+00   3.9932087e+00   6.3735176e+00   6.4240028e+00   3.9674578e+00   9.9505601e+00   4.8602761e+00   7.3315964e+00   4.2334194e+00   5.5967613e+00   2.6010197e+00   2.2355186e+00   2.8503308e+00   3.3540497e+00   2.8918242e+00   1.5642007e+00   7.7647697e+00   8.5533252e+00   1.2607100e+01   3.6421890e+00   8.5408910e+00   4.7195489e+00   7.1955835e+00
   6.9383324e-01   6.2997393e-01   8.4025427e-01   6.2723054e-01   6.7368452e-01   9.2076602e-01   6.9630617e-01   8.1469773e-01   9.3247390e-01   1.0823211e+00   8.8189548e-01   9.6107345e-01   1.4154867e+00   9.8242566e-01   6.8200120e-01   1.9458643e-01   5.7066473e-01   6.5043001e-01   5.1493582e-01   6.7573312e-01   5.5398594e-01   5.5826824e-01   2.4232693e-01   1.2415857e+00   8.4689743e-01   8.3648005e-01   2.7410483e-01   9.9531983e-01   5.4728921e-01   1.0519348e+00
   4.9921558e-01   3.3272190e-01   4.6278133e-01   3.1355392e-01   5.2175368e-02   4.7892375e-01   4.7834616e-03   6.3746937e-01   1.9701305e-01   3.2845056e-01   3.3281927e-02   3.2922016e-01   4.1997660e-02   5.3168979e-02   3.1657677e-01   6.8125934e-03   2.4568685e-01   2.7482979e-01   3.1404573e-01   4.5705081e-01   3.6646928e-01   1.7088770e-03   2.6777221e-02   3.3069740e-01   2.0352567e-02   6.2552737e-01   5.6516054e-02   8.0220132e-01   4.4122041e-01   3.1311340e-01
   4.9921557e-01   3.2931149e-01   4.0861809e-01   3.1323529e-01   4.3069210e-03   4.7892067e-01   2.3657291e-03   6.2805630e-01   1.9700052e-01   3.1655469e-01   5.0756736e-03   3.2917963e-01   2.7976252e-02   9.7630475e-03   3.1654335e-01   2.5552684e-03   2.4567529e-01   2.7482932e-01   3.1360499e-01   4.5704697e-01   3.6646882e-01   1.5254085e-04   6.4184935e-03   3.2853983e-01   6.9964242e-03   6.2543420e-01   3.2728729e-02   8.0220130e-01   4.4122030e-01   3.1220519e-01
