   9.5279475e+09   7.7879764e+09   9.6706845e+09   6.0041131e+09   6.3536430e+09   4.2834779e+09   7.3731442e+09   8.0287207e+09   3.1332892e+09   6.4645965e+09   7.3624970e+09   7.8551307e+09   9.4195893e+09   3.7845328e+09   9.3410549e+09   7.9505132e+09   6.1718153e+09   1.1345653e+10   6.8725245e+09   4.4382190e+09   1.0516509e+10   6.5322528e+09   8.9655396e+09   9.5224308e+09   5.9137411e+09   8.7078572e+09   1.0405079e+10   1.0505315e+10   9.2050326e+09   1.0529531e+10
   7.5103485e+09   3.6331393e+09   8.6747483e+09   6.0041131e+09   4.0396835e+09   4.2834779e+09   7.3731442e+09   8.0287207e+09   3.1332892e+09   6.4645965e+09   4.3842638e+09   7.8551307e+09   7.4043129e+09   3.7845328e+09   5.9489716e+09   7.8328984e+09   6.1718153e+09   4.8129819e+09   4.5577352e+09   4.4382190e+09   7.0529312e+09   6.5322528e+09   6.8002846e+09   9.5224308e+09   5.9137411e+09   6.5470594e+09   9.0026622e+09   7.1171713e+09   6.1719628e+09   5.9579640e+09
   5.7114146e+09   3.2479099e+09   7.4868767e+09   6.0041131e+09   4.0396835e+09   4.2834779e+09   5.1059625e+09   6.2680342e+09   3.1332892e+09   5.0636412e+09   4.3842638e+09   5.7774062e+09   4.7658461e+09   3.7845328e+09   5.9489716e+09   5.1075972e+09   6.1718153e+09   2.6605199e+09   4.5577352e+09   4.4382190e+09   7.0529312e+09   6.1930868e+09   6.7131094e+09   7.3301898e+09   5.9137411e+09   4.0592032e+09   5.7984617e+09   7.0538909e+09   3.3736227e+09   5.9579640e+09
   5.7114146e+09   3.2479099e+09   2.7586514e+09   3.0877400e+09   4.0396835e+09   3.7058744e+09   5.1059625e+09   3.9192585e+09   3.1332892e+09   5.0636412e+09   4.1317865e+09   4.8650892e+09   3.0182680e+09   3.7845328e+09   4.0849994e+09   4.7628088e+09   6.1718153e+09   2.6605199e+09   2.8105714e+09   4.4382190e+09   3.8524845e+09   4.6212767e+09   6.7131094e+09   3.5300185e+09   5.2153978e+09   4.0592032e+09   5.7984617e+09   5.4614334e+09   3.3736227e+09   4.0629413e+09
   3.4346997e+09   2.9247950e+09   1.6283147e+09   3.0877400e+09   3.0044700e+09   3.7058744e+09   2.2335581e+09   2.1822015e+09   8.9334821e+08   2.8331053e+09   2.6212286e+09   3.2803790e+09   3.0182680e+09   3.0883531e+09   2.2464576e+09   2.0214737e+09   1.7884756e+09   2.6605199e+09   2.6565329e+09   2.4691091e+09   2.5292026e+09   3.2786868e+09   1.7030088e+09   2.9015669e+09   3.7284719e+09   2.5109229e+09   2.4982080e+09   3.6084171e+09   1.3689835e+09   2.3982327e+09
   2.7512835e+09   2.0132317e+09   1.1475095e+09   6.0694305e+08   1.9663999e+09   1.5193926e+09   2.1623434e+09   1.3930978e+09   8.7216598e+08   1.2673448e+09   1.5290181e+09   1.2396832e+09   2.4997766e+09   1.6400810e+09   2.2464576e+09   1.8645145e+09   1.7884756e+09   1.7495351e+09   2.0656340e+09   1.0080316e+09   1.5731159e+09   2.5796408e+09   1.4348781e+09   1.2709052e+09   1.7467457e+09   1.6051198e+09   1.3266441e+09   1.5114603e+09   1.3689835e+09   1.7769607e+09
   6.6274387e+08   9.6099289e+08   1.1276832e+09   6.0694305e+08   4.9370015e+08   7.0620432e+08   2.7123410e+08   4.9056346e+08   6.8479053e+08   8.9866610e+08   8.0548375e+08   6.1797012e+08   1.2282761e+09   5.8785341e+08   1.1950909e+09   8.6851809e+08   5.1054326e+08   1.0232018e+09   1.1348645e+09   6.7661545e+08   7.4433739e+08   1.0036184e+09   8.3729291e+08   5.3615347e+08   1.2813965e+09   5.7976570e+08   1.0158646e+09   8.9959156e+08   6.6416463e+08   9.0662568e+08
   2.2411047e+08   2.6803616e+08   4.1091715e+08   1.6291999e+08   2.4310248e+08   2.1853031e+08   1.5797504e+08   1.4997797e+08   1.0774109e+08   2.8041323e+08   3.1565249e+08   2.3650944e+08   2.0566737e+08   1.8391878e+08   2.0741593e+08   2.1538412e+08   2.9704548e+08   2.0009309e+08   2.9410885e+08   2.3031612e+08   1.3442257e+08   3.8256763e+08   2.4951824e+08   2.4387113e+08   2.1727744e+08   1.6698671e+08   2.1572246e+08   2.2337457e+08   2.8533859e+08   1.9483092e+08
   2.3421266e+07   1.6621076e+07   5.7942452e+07   5.1050810e+07   3.6159505e+07   4.7290686e+07   2.3725870e+07   1.7424091e+07   2.7397650e+07   3.0710532e+07   2.6460194e+07   1.6104347e+07   3.1179310e+07   2.5517357e+07   4.4606330e+07   2.8737708e+07   4.0440178e+07   2.1296247e+07   3.2334013e+07   3.0850316e+07   2.2293358e+07   3.2903392e+07   3.0427532e+07   1.7313877e+07   2.7757217e+07   2.2659450e+07   4.0279912e+07   3.2287396e+07   4.4674830e+07   1.6958133e+07
   5.7980643e+05   4.4452998e+05   1.3965924e+06   9.7536402e+05   6.0142104e+05   7.9624708e+05   4.9374090e+05   3.0544723e+05   4.9177285e+05   5.6709011e+05   4.5835968e+05   2.9570884e+05   4.2834245e+05   5.2736369e+05   9.6084693e+05   4.5851222e+05   4.2794615e+05   1.4394254e+05   2.6673637e+05   5.3785042e+05   2.7493455e+05   3.9002021e+05   5.3201419e+05   6.6717500e+05   3.8100966e+05   2.8129312e+05   4.6406940e+05   4.2626402e+05   6.2944131e+05   3.8614784e+05
   1.7743512e+03   2.7572228e+03   2.0844244e+03   7.3794518e+02   8.4446433e+02   1.6052129e+03   8.4108858e+02   3.5751796e+02   1.1505861e+03   9.0554932e+02   1.0002144e+03   5.1117788e+02   7.1262032e+02   6.1938368e+02   1.9222636e+03   4.2918255e+02   1.3654348e+03   1.4405726e+03   5.8646234e+02   1.6275443e+03   1.1167473e+03   9.5156728e+02   9.2701676e+02   7.5016705e+02   4.0576806e+02   6.5458246e+02   1.7981770e+03   1.6564339e+03   2.2585353e+03   3.5672568e+02
   1.9274536e-02   3.3554872e-02   2.6801689e-02   1.3691117e-02   7.5154859e-03   2.9978096e-02   8.5005893e-03   1.4107354e-02   2.5890802e-02   2.7576813e-02   1.5244328e-02   1.2339760e-02   1.4861844e-02   3.6481176e-02   2.4284997e-02   1.0816057e-02   2.1063380e-02   3.5409627e-02   1.4907419e-02   1.6330313e-02   6.9906842e-03   1.0671999e-02   7.5547926e-03   1.1553058e-02   1.2496311e-02   1.0872249e-02   8.9643996e-02   1.2035794e-02   9.7215988e-03   5.5511703e-03
   0.0000000e+00   0.0000000e+00   0.0000000e+00   0.0000000e+00   0.0000000e+00   0.0000000e+00   0.0000000e+00   0.0000000e+00   0.0000000e+00   0.0000000e+00   0.0000000e+00   0.0000000e+00   0.0000000e+00   0.0000000e+00   0.0000000e+00   0.0000000e+00   0.0000000e+00   0.0000000e+00   0.0000000e+00   0.0000000e+00   0.0000000e+00   0.0000000e+00   0.0000000e+00   0.0000000e+00   0.0000000e+00   0.0000000e+00   0.0000000e+00   0.0000000e+00   0.0000000e+00   0.0000000e+00
   0.0000000e+00   0.0000000e+00   0.0000000e+00   0.0000000e+00   0.0000000e+00   0.0000000e+00   0.0000000e+00   0.0000000e+00   0.0000000e+00   0.0000000e+00   0.0000000e+00   0.0000000e+00   0.0000000e+00   0.0000000e+00   0.0000000e+00   0.0000000e+00   0.0000000e+00   0.0000000e+00   0.0000000e+00   0.0000000e+00   0.0000000e+00   0.0000000e+00   0.0000000e+00   0.0000000e+00   0.0000000e+00   0.0000000e+00   0.0000000e+00   0.0000000e+00   0.0000000e+00   0.0000000e+00
   0.0000000e+00   0.0000000e+00   0.0000000e+00   0.0000000e+00   0.0000000e+00   0.0000000e+00   0.0000000e+00   0.0000000e+00   0.0000000e+00   0.0000000e+00   0.0000000e+00   0.0000000e+00   0.0000000e+00   0.0000000e+00   0.0000000e+00   0.0000000e+00   0.0000000e+00   0.0000000e+00   0.0000000e+00   0.0000000e+00   0.0000000e+00   0.0000000e+00   0.0000000e+00   0.0000000e+00   0.0000000e+00   0.0000000e+00   0.0000000e+00   0.0000000e+00   0.0000000e+00   0.0000000e+00
   0.0000000e+00   0.0000000e+00   0.0000000e+00   0.0000000e+00   0.0000000e+00   0.0000000e+00   0.0000000e+00   0.0000000e+00   0.0000000e+00   0.0000000e+00   0.0000000e+00   0.0000000e+00   0.0000000e+00   0.0000000e+00   0.0000000e+00   0.0000000e+00   0.0000000e+00   0.0000000e+00   0.0000000e+00   0.0000000e+00   0.0000000e+00   0.0000000e+00   0.0000000e+00   0.0000000e+00   0.0000000e+00   0.0000000e+00   0.0000000e+00   0.0000000e+00   0.0000000e+00   0.0000000e+00
