   3.9454840e+10   3.2415498e+10   3.5191213e+10   2.1746546e+10   3.5182293e+10   3.1379343e+10   3.0570962e+10   3.3291062e+10   3.6889489e+10   3.5836090e+10   3.6280259e+10   2.8595798e+10   3.1327380e+10   3.1379343e+10   3.5673955e+10   3.3431472e+10   2.7846782e+10   2.8667885e+10   3.2974264e+10   3.0898369e+10   3.1000046e+10   3.8151223e+10   3.1843078e+10   2.8628634e+10   3.5643117e+10   3.6476421e+10   3.3328773e+10   3.5640518e+10   2.8511646e+10   3.4785453e+10
   2.3221777e+10   2.4572469e+10   2.9713025e+10   2.1746546e+10   3.1965892e+10   2.7292535e+10   2.7847124e+10   2.5407940e+10   3.3498539e+10   3.0043542e+10   2.3843208e+10   2.6785282e+10   2.3767117e+10   2.7292535e+10   3.3751770e+10   2.2605684e+10   2.7846782e+10   2.8667885e+10   2.5006787e+10   2.7376672e+10   2.0586216e+10   3.2941444e+10   2.5426038e+10   2.8628634e+10   2.9645057e+10   2.3837958e+10   2.8461976e+10   2.8357038e+10   2.8422392e+10   3.2589423e+10
   2.3221777e+10   2.4572469e+10   2.6131607e+10   2.0073361e+10   2.8039668e+10   2.4523711e+10   1.8883758e+10   2.5407940e+10   2.3440671e+10   2.4195991e+10   1.6460685e+10   2.4787177e+10   2.2740667e+10   2.4523711e+10   2.3167297e+10   1.6953551e+10   2.3620858e+10   1.6958697e+10   1.9560262e+10   2.3624118e+10   1.7859042e+10   2.2756947e+10   2.5426038e+10   1.6990419e+10   2.8127995e+10   1.8226622e+10   2.8461976e+10   2.5290999e+10   2.0384212e+10   1.9795949e+10
   1.6685120e+10   1.7907359e+10   1.8355995e+10   2.0073361e+10   2.4329591e+10   1.8918823e+10   1.3350531e+10   1.9568083e+10   2.1602789e+10   2.0574533e+10   1.6460685e+10   2.2452300e+10   1.3711507e+10   1.8918823e+10   2.3167297e+10   1.6696653e+10   1.6911804e+10   1.6958697e+10   1.3567618e+10   2.1013688e+10   1.3396155e+10   2.1153000e+10   2.3279719e+10   1.6990419e+10   1.8127604e+10   1.8226622e+10   1.7777259e+10   1.4852982e+10   1.8999673e+10   1.7157524e+10
   1.6685120e+10   1.7907359e+10   1.8355995e+10   1.2631320e+10   2.1600655e+10   1.8918823e+10   1.3350531e+10   1.5807351e+10   1.7566339e+10   1.8655294e+10   1.6460685e+10   1.4074892e+10   1.3706943e+10   1.8918823e+10   1.8921716e+10   1.6696653e+10   1.3656591e+10   1.6958697e+10   1.3567618e+10   1.6388640e+10   1.3396155e+10   1.8454609e+10   1.6523603e+10   1.4867489e+10   1.5786953e+10   1.7143163e+10   1.7777259e+10   1.4852982e+10   1.8545355e+10   1.5561827e+10
   1.4498789e+10   9.4987453e+09   1.2712261e+10   1.2631320e+10   1.3250463e+10   1.4323869e+10   8.3244145e+09   1.2344706e+10   1.6392314e+10   1.4062877e+10   7.9114453e+09   8.5554158e+09   1.3637635e+10   1.4323869e+10   1.2845869e+10   1.5300616e+10   1.1658128e+10   1.6958697e+10   1.3567618e+10   1.1271651e+10   1.2803607e+10   7.6753189e+09   9.5032080e+09   8.5238795e+09   1.3134317e+10   1.3264742e+10   9.8351965e+09   1.0767270e+10   1.1445485e+10   1.5561827e+10
   7.3927316e+09   6.3353468e+09   9.9494406e+09   6.7686472e+09   6.1908792e+09   5.2114301e+09   5.6429147e+09   4.6242671e+09   6.9181931e+09   8.3579610e+09   7.4545845e+09   8.5554158e+09   5.0230317e+09   5.2114301e+09   9.7378290e+09   7.9632285e+09   3.4860737e+09   4.3533159e+09   8.2055358e+09   7.2351431e+09   8.0568252e+09   6.2319308e+09   6.4882901e+09   6.4283374e+09   5.1041360e+09   6.6733244e+09   9.0335512e+09   6.7601000e+09   6.8433371e+09   8.5463199e+09
   2.3396223e+09   2.6873702e+09   2.7810411e+09   2.2598518e+09   2.8209911e+09   1.4813894e+09   2.4502650e+09   1.9462297e+09   2.3081862e+09   2.7215554e+09   1.9940385e+09   2.3408793e+09   2.2113169e+09   1.4813894e+09   2.1457456e+09   2.4994715e+09   2.6328452e+09   1.8252214e+09   2.3656192e+09   2.6752479e+09   1.7608633e+09   2.7473871e+09   2.0254973e+09   2.6678079e+09   2.4995322e+09   1.7568095e+09   2.6358008e+09   3.2998712e+09   2.3400956e+09   2.9248124e+09
   1.7894049e+08   1.9842433e+08   2.1124684e+08   9.1280263e+07   1.9191974e+08   1.3126275e+08   1.9207161e+08   2.0447554e+08   2.0234739e+08   3.1345951e+08   2.5138655e+08   2.4862916e+08   1.8075480e+08   1.3126275e+08   2.1727767e+08   1.5086857e+08   1.4564421e+08   1.5369306e+08   1.6592336e+08   2.9958200e+08   1.5328256e+08   1.6461823e+08   2.1677896e+08   2.0688652e+08   1.7035754e+08   1.8532387e+08   1.6808420e+08   1.9286716e+08   1.0887511e+08   2.0297248e+08
   7.0289707e+05   1.2732361e+06   8.3341106e+05   8.0197336e+05   6.0768278e+05   8.1506275e+05   7.6148201e+05   8.5597222e+05   6.3990342e+05   1.5017474e+06   8.3936575e+05   1.2019734e+06   7.4289009e+05   8.1506275e+05   8.1861105e+05   1.1936326e+06   1.1889012e+06   8.6098974e+05   7.2988663e+05   1.5780471e+06   7.9907820e+05   8.4759481e+05   1.1953756e+06   1.0403137e+06   8.5598062e+05   7.3970158e+05   1.2483486e+06   1.0151821e+06   1.2106640e+06   1.1613822e+06
   6.8618098e+01   2.7942214e+02   1.3089484e+02   5.1951317e+01   1.0601445e+02   5.9658345e+02   7.7235325e+02   1.1365985e+03   5.1386775e+02   7.1010738e+01   1.5201137e+02   7.6972063e+01   1.4755343e+02   5.9658345e+02   1.2207575e+02   1.4875721e+02   8.6801557e+01   1.0496787e+02   1.1964016e+02   2.1073957e+02   5.0115089e+01   9.1047025e+01   3.7865788e+02   1.6137193e+02   5.0947598e+01   4.1304736e+02   6.9417299e+02   2.4831768e+02   7.8338305e+02   6.8999090e+02
   3.7800297e-06   1.4643530e-05   8.1292757e-06   1.7326445e-06   5.0406846e-06   3.2479785e-05   1.5365106e-05   4.9319692e-05   1.8395118e-05   5.7475267e-06   7.6580413e-06   2.6395246e-06   1.5523156e-05   3.2479785e-05   6.7796132e-06   1.5882580e-05   3.7536121e-06   6.2650985e-06   7.9468580e-06   1.9041472e-05   3.0361936e-06   3.7530545e-06   4.1901623e-05   6.9460559e-06   2.0258134e-06   1.9961941e-05   4.3016147e-05   1.6698100e-05   5.6176489e-05   4.7952093e-05
   0.0000000e+00   0.0000000e+00   0.0000000e+00   0.0000000e+00   0.0000000e+00   0.0000000e+00   0.0000000e+00   0.0000000e+00   0.0000000e+00   0.0000000e+00   0.0000000e+00   0.0000000e+00   0.0000000e+00   0.0000000e+00   0.0000000e+00   0.0000000e+00   0.0000000e+00   0.0000000e+00   0.0000000e+00   0.0000000e+00   0.0000000e+00   0.0000000e+00   0.0000000e+00   0.0000000e+00   0.0000000e+00   0.0000000e+00   0.0000000e+00   0.0000000e+00   0.0000000e+00   0.0000000e+00
   0.0000000e+00   0.0000000e+00   0.0000000e+00   0.0000000e+00   0.0000000e+00   0.0000000e+00   0.0000000e+00   0.0000000e+00   0.0000000e+00   0.0000000e+00   0.0000000e+00   0.0000000e+00   0.0000000e+00   0.0000000e+00   0.0000000e+00   0.0000000e+00   0.0000000e+00   0.0000000e+00   0.0000000e+00   0.0000000e+00   0.0000000e+00   0.0000000e+00   0.0000000e+00   0.0000000e+00   0.0000000e+00   0.0000000e+00   0.0000000e+00   0.0000000e+00   0.0000000e+00   0.0000000e+00
   0.0000000e+00   0.0000000e+00   0.0000000e+00   0.0000000e+00   0.0000000e+00   0.0000000e+00   0.0000000e+00   0.0000000e+00   0.0000000e+00   0.0000000e+00   0.0000000e+00   0.0000000e+00   0.0000000e+00   0.0000000e+00   0.0000000e+00   0.0000000e+00   0.0000000e+00   0.0000000e+00   0.0000000e+00   0.0000000e+00   0.0000000e+00   0.0000000e+00   0.0000000e+00   0.0000000e+00   0.0000000e+00   0.0000000e+00   0.0000000e+00   0.0000000e+00   0.0000000e+00   0.0000000e+00
   0.0000000e+00   0.0000000e+00   0.0000000e+00   0.0000000e+00   0.0000000e+00   0.0000000e+00   0.0000000e+00   0.0000000e+00   0.0000000e+00   0.0000000e+00   0.0000000e+00   0.0000000e+00   0.0000000e+00   0.0000000e+00   0.0000000e+00   0.0000000e+00   0.0000000e+00   0.0000000e+00   0.0000000e+00   0.0000000e+00   0.0000000e+00   0.0000000e+00   0.0000000e+00   0.0000000e+00   0.0000000e+00   0.0000000e+00   0.0000000e+00   0.0000000e+00   0.0000000e+00   0.0000000e+00
