   1.8407716e+07   6.5567388e+06   5.7993791e+06   1.8897813e+06   2.7414321e+07   1.5382527e+07   1.0797676e+07   8.9691370e+06   5.4412343e+06   2.9663889e+06   9.2080943e+06   2.6203203e+07   2.0398673e+07   3.0674950e+06   3.4368536e+06   4.6228580e+06   1.1666019e+07   3.6981599e+06   8.1835180e+06   1.4664928e+07   1.2190307e+07   8.2124998e+06   2.0866007e+07   1.0011980e+07   8.4597620e+06   1.8470328e+07   1.9746672e+07   1.3148016e+06   6.7103166e+06   1.6101077e+07
   1.1111089e+07   6.5567388e+06   5.7993791e+06   1.8897813e+06   1.6931353e+07   8.2097306e+06   1.0797676e+07   8.5464809e+06   5.4412343e+06   2.9663889e+06   9.2080943e+06   4.8730457e+06   4.9690509e+06   3.0674950e+06   3.4368536e+06   4.6228580e+06   1.1666019e+07   3.6981599e+06   8.1835180e+06   1.4664928e+07   1.0163996e+07   7.1130174e+06   5.9531775e+06   3.2137361e+06   8.4597620e+06   2.9251953e+06   1.9988070e+06   1.3148016e+06   4.9193702e+06   7.7803466e+06
   8.7341542e+05   6.5567388e+06   5.7993791e+06   1.8897813e+06   1.6931353e+07   8.2097306e+06   5.0584130e+06   8.5464809e+06   8.9613212e+05   2.9663889e+06   9.2080943e+06   4.8730457e+06   4.5412429e+06   3.0674950e+06   3.0254929e+06   4.6228580e+06   1.0060292e+07   3.6981599e+06   8.1456220e+06   4.8307230e+06   2.6888703e+06   4.5472596e+06   5.9531775e+06   7.1437915e+05   8.4597620e+06   2.9251953e+06   1.5825980e+06   1.3148016e+06   4.9193702e+06   7.7803466e+06
   8.7341542e+05   6.5567388e+06   5.7993791e+06   1.8897813e+06   4.4776102e+06   3.8923953e+06   5.0584130e+06   4.6904518e+06   8.9613212e+05   2.9641732e+06   3.5499842e+06   4.0274579e+06   4.5412429e+06   3.0674950e+06   3.0254929e+06   4.6228580e+06   1.0060292e+07   2.0767128e+06   8.1456220e+06   1.6067287e+06   2.6888703e+06   7.9545796e+05   5.9531775e+06   7.1437915e+05   2.4999001e+06   2.9251953e+06   1.2293061e+06   1.3148016e+06   4.9193702e+06   1.1157179e+06
   8.7341542e+05   6.5567388e+06   3.9661944e+06   1.8897813e+06   2.7115746e+06   3.8923953e+06   5.0584130e+06   4.6904518e+06   8.9530363e+05   2.9641732e+06   3.5499842e+06   4.0274579e+06   4.5412429e+06   3.0674950e+06   3.0254929e+06   1.6035352e+06   3.0956109e+06   2.0767128e+06   1.2933429e+06   1.6067287e+06   2.6644775e+06   7.9545796e+05   1.6180265e+06   7.1437915e+05   1.5324325e+06   2.9251953e+06   1.2293061e+06   1.3148016e+06   4.9193702e+06   1.1157179e+06
   8.7341542e+05   1.7399385e+06   3.9661944e+06   1.8897813e+06   2.4113054e+06   3.2926678e+06   5.0584130e+06   3.7200292e+06   8.9530363e+05   2.7356775e+06   3.5499842e+06   4.0274579e+06   4.5412429e+06   3.0674950e+06   1.9332361e+06   1.6035352e+06   3.0956109e+06   2.0767128e+06   1.2933429e+06   1.6067287e+06   2.6644775e+06   7.9545796e+05   1.6180265e+06   7.1437915e+05   1.5324325e+06   2.9251953e+06   1.2293061e+06   1.3148016e+06   4.9193702e+06   1.1157179e+06
   8.7341542e+05   3.2393817e+05   2.0206000e+06   8.3070350e+05   1.8723700e+06   1.4283349e+06   9.5169999e+05   2.0643818e+06   8.8265230e+05   1.8460700e+06   2.2830131e+06   8.3186841e+05   4.5412429e+06   1.3193329e+06   1.9332361e+06   7.8712389e+05   3.0956109e+06   1.5208783e+06   1.2933429e+06   1.2550702e+06   1.4440592e+06   7.9545796e+05   1.6180265e+06   7.1437915e+05   1.4623786e+06   2.9251953e+06   8.4283953e+05   2.6224388e+05   2.6581495e+06   2.6308967e+05
   8.7341542e+05   3.2393817e+05   3.2087652e+05   8.3070350e+05   1.2643164e+06   5.5641377e+05   5.4429301e+05   4.6335286e+05   7.3642096e+05   1.5243190e+06   1.1914006e+06   8.3186841e+05   5.2470197e+05   9.4078621e+05   1.2508869e+06   6.0272982e+05   4.5327081e+05   1.0289647e+06   1.2933429e+06   6.1031652e+05   1.0632659e+06   7.9545796e+05   1.0979114e+06   2.8604937e+05   6.1552246e+05   6.3180452e+05   8.4283953e+05   2.6224388e+05   2.0796725e+06   2.6308967e+05
   2.3353850e+05   1.3352027e+05   1.8156388e+05   1.7094415e+05   7.2363921e+04   8.3729140e+04   2.1514257e+05   1.6391930e+05   1.7626083e+05   9.6573766e+04   1.6613692e+05   1.2652678e+05   2.0326557e+05   9.9638848e+04   1.5031810e+05   1.3258724e+05   1.2130810e+05   8.4093080e+04   7.3290621e+04   1.2755460e+05   1.4615160e+05   1.4541284e+05   1.2249586e+05   4.1725141e+04   8.0929135e+04   8.0060144e+04   1.8173741e+05   9.9549404e+04   1.4802904e+05   1.2716594e+05
   3.7706223e+03   2.4870236e+03   4.0065173e+03   5.2223131e+03   3.1192552e+03   2.5609169e+03   4.5003701e+03   3.2047634e+03   3.5713077e+03   1.9157442e+03   2.8437833e+03   4.7738032e+03   4.4313585e+03   2.7293909e+03   4.2096539e+03   4.2559264e+03   3.9054261e+03   2.7488275e+03   2.3166269e+03   4.8113185e+03   4.8495649e+03   2.7943535e+03   2.7753103e+03   3.8939309e+03   3.7114587e+03   3.4035989e+03   7.1323240e+03   2.3480795e+03   3.3952372e+03   2.6846960e+03
   3.0659269e+02   3.5352274e+02   4.7905322e+02   5.6750689e+02   3.5756352e+02   4.0458310e+02   4.6711013e+02   3.5125381e+02   4.9104421e+02   3.6950826e+02   2.6113918e+02   4.6511262e+02   4.0760436e+02   4.4032550e+02   3.7784210e+02   5.1211236e+02   4.4723909e+02   3.2492973e+02   3.0840266e+02   5.0230847e+02   4.1192318e+02   3.0129776e+02   5.2679031e+02   3.8702186e+02   3.7729568e+02   2.8952506e+02   5.4023274e+02   3.4750523e+02   3.0151006e+02   2.3774181e+02
   1.0663791e+02   6.9586052e+01   1.3566615e+02   1.6777087e+02   9.1568089e+01   1.4331592e+02   1.2315905e+02   1.3168788e+02   1.6883293e+02   1.4274393e+02   9.4211897e+01   1.6231814e+02   8.5018503e+01   1.0084512e+02   1.8999366e+02   1.3732900e+02   2.1531088e+02   1.5881959e+02   1.1177149e+02   1.6313747e+02   1.3351750e+02   1.5721883e+02   9.0260232e+01   1.2267460e+02   1.9477264e+02   1.4908716e+02   1.6622801e+02   1.5158502e+02   1.2350111e+02   1.8183565e+02
   4.7369298e+01   6.1638250e+01   5.8291341e+01   5.5811944e+01   7.4426104e+01   4.8357114e+01   7.8165195e+01   8.1424687e+01   6.6793600e+01   5.6157973e+01   3.7945468e+01   4.9026332e+01   5.3231701e+01   4.5996885e+01   7.0152045e+01   4.9522729e+01   5.4907031e+01   6.7193428e+01   4.4028690e+01   5.9997232e+01   5.4596788e+01   6.5670445e+01   3.1065393e+01   4.3201562e+01   6.4686309e+01   4.8398947e+01   5.0982459e+01   6.3920370e+01   6.3821407e+01   5.9782993e+01
   5.7892097e+00   1.1599381e+01   8.7533077e+00   1.3043011e+01   3.7889308e+00   4.4164599e+00   1.3899373e+01   1.8954287e+01   1.9688284e+01   5.9857049e+00   3.3486795e+00   6.5096003e+00   1.6408337e+01   7.6014767e+00   9.2156958e+00   2.3915824e+01   7.6115380e+00   2.6191555e+01   7.1225807e+00   1.2511056e+01   1.3514794e+00   1.3407204e+01   1.2596235e+01   5.3217103e+00   1.0878135e+01   1.5030783e+01   9.2617187e+00   1.2367910e+01   1.7347543e+01   1.3206450e+01
   9.7115715e-01   9.4126306e-01   9.8168970e-01   9.7550043e-01   1.1238927e+00   9.7775787e-01   8.1219009e-01   9.8614047e-01   9.8381912e-01   8.3162546e-01   9.6835264e-01   9.7945705e-01   9.7494252e-01   8.9159448e-01   9.7471577e-01   9.7966241e-01   5.1648127e-01   1.0338436e+00   7.9570652e-01   6.7549729e-01   1.1437715e+00   9.6020508e-01   9.8555907e-01   1.0618604e+00   9.8183239e-01   1.8487871e+00   9.8778446e-01   1.1373531e+00   6.1615622e-01   6.6818553e-01
   9.7111138e-01   9.4120657e-01   9.8151872e-01   9.7520517e-01   1.1237918e+00   9.7772040e-01   8.1217894e-01   9.8597982e-01   9.8374123e-01   8.3162129e-01   9.6835264e-01   9.7921732e-01   9.7456184e-01   8.9141125e-01   9.7437918e-01   9.5744324e-01   5.1645394e-01   1.0314497e+00   7.9563270e-01   6.7549007e-01   1.1437686e+00   9.6017125e-01   9.8387069e-01   7.5242156e-01   9.8179235e-01   3.6471973e-01   9.8778446e-01   1.1372299e+00   6.1612458e-01   6.6792249e-01
