   3.0584761e+02   2.6778377e+02   3.3984245e+02   2.8484449e+02   3.2532592e+02   2.3558845e+02   3.7089378e+02   2.4240197e+02   3.0824662e+02   2.7305435e+02   2.6238717e+02   3.7700439e+02   3.5287085e+02   3.9801726e+02   3.6296747e+02   2.7682797e+02   3.5436979e+02   3.0621129e+02   3.6021935e+02   2.1480283e+02   3.0247812e+02   2.3887605e+02   3.1963122e+02   2.9320166e+02   3.1303518e+02   2.5351240e+02   3.4146643e+02   3.7125979e+02   4.0841957e+02   2.8165237e+02
   2.1322836e+02   2.6778377e+02   2.3973426e+02   2.0418976e+02   2.7242320e+02   2.3558845e+02   2.7037276e+02   2.4240197e+02   3.0824662e+02   2.5123906e+02   2.6238717e+02   3.4014875e+02   2.5308771e+02   2.4796316e+02   2.7016124e+02   2.7633645e+02   2.1434231e+02   3.0621129e+02   3.1744421e+02   2.1480283e+02   2.3444361e+02   2.3887605e+02   2.0435431e+02   2.2177981e+02   2.2978034e+02   2.5351240e+02   2.7507802e+02   2.9009040e+02   2.7251951e+02   2.7625777e+02
   2.1322836e+02   1.6394216e+02   2.3973426e+02   2.0418976e+02   2.4458741e+02   2.3558845e+02   1.9432462e+02   2.0085985e+02   2.9263485e+02   2.4287332e+02   2.3634343e+02   3.2316568e+02   1.9094814e+02   1.8221067e+02   2.3276703e+02   2.7633645e+02   1.8670165e+02   2.5387399e+02   2.1842409e+02   2.1480283e+02   2.3444361e+02   1.5871807e+02   1.5332396e+02   2.2177981e+02   2.2978034e+02   2.5351240e+02   1.9721099e+02   2.6215722e+02   2.3234465e+02   2.7625777e+02
   1.5145918e+02   1.6394216e+02   2.1007501e+02   1.9539593e+02   1.4778636e+02   2.2068321e+02   1.9432462e+02   2.0085985e+02   2.4523861e+02   2.1287096e+02   1.4538812e+02   2.9147951e+02   1.9094814e+02   1.8221067e+02   2.2406186e+02   2.3255204e+02   1.8670165e+02   2.1144576e+02   2.1842409e+02   2.0789886e+02   2.1109776e+02   1.5089927e+02   1.5332396e+02   2.0418254e+02   1.8398417e+02   1.4984727e+02   1.9721099e+02   2.3000377e+02   1.6811718e+02   2.2630023e+02
   1.5145918e+02   1.3017765e+02   2.1007501e+02   1.6712314e+02   1.3917009e+02   1.8450437e+02   1.8387923e+02   1.7180403e+02   1.8540405e+02   1.3726790e+02   1.4538812e+02   1.5091879e+02   1.6967444e+02   1.3801305e+02   1.8864969e+02   1.9588699e+02   1.5345334e+02   1.7543814e+02   1.7137687e+02   1.5586256e+02   1.6346140e+02   1.4069936e+02   1.5332396e+02   1.9457021e+02   1.8398417e+02   1.4984727e+02   1.3970035e+02   1.9278692e+02   1.6811718e+02   1.5916840e+02
   1.3905324e+02   1.2621503e+02   1.1855850e+02   1.1535917e+02   1.3917009e+02   1.6338547e+02   1.0203110e+02   1.4588173e+02   1.4576648e+02   1.1564394e+02   1.4390606e+02   1.5091879e+02   1.3259168e+02   1.1926291e+02   1.3065716e+02   1.3387390e+02   1.3053112e+02   1.1990493e+02   1.4364649e+02   1.3667369e+02   1.0934928e+02   1.3796427e+02   1.2279147e+02   1.7453933e+02   1.5085133e+02   1.3321813e+02   1.3970035e+02   1.7851578e+02   1.5302011e+02   1.1721116e+02
   1.1059481e+02   1.1023886e+02   8.9082561e+01   1.0328070e+02   7.4924084e+01   8.0878126e+01   9.4756890e+01   1.0213346e+02   9.8120570e+01   9.8591236e+01   1.1567422e+02   8.7353187e+01   1.0606575e+02   1.1131306e+02   8.9060669e+01   1.1297267e+02   1.0664747e+02   1.0744215e+02   1.0622730e+02   9.3474238e+01   9.2079540e+01   1.1076879e+02   9.7459622e+01   1.1854602e+02   1.0953474e+02   1.0328586e+02   1.0010884e+02   9.3368639e+01   1.2750691e+02   9.7909189e+01
   8.8014938e+01   7.3798434e+01   7.1555438e+01   7.4860733e+01   7.4924084e+01   8.0878126e+01   8.8389855e+01   7.4358051e+01   7.1218588e+01   6.9864883e+01   7.6793582e+01   8.2605965e+01   8.0723328e+01   6.2662620e+01   7.6092534e+01   8.5334145e+01   7.7210709e+01   6.9452730e+01   6.9510117e+01   7.9889087e+01   5.6947042e+01   8.1373419e+01   7.6649993e+01   7.2948177e+01   7.9545121e+01   7.6132646e+01   6.6653665e+01   6.7314288e+01   7.6488631e+01   7.6880060e+01
   4.7995989e+01   5.8365222e+01   6.2220219e+01   6.6051077e+01   6.4421205e+01   5.7179835e+01   6.6436874e+01   6.0691835e+01   6.2525000e+01   5.6638707e+01   4.5896900e+01   6.5462909e+01   5.2272985e+01   5.7082111e+01   5.1625474e+01   6.2752992e+01   6.3477915e+01   6.6500869e+01   6.3470033e+01   5.9743173e+01   5.3157864e+01   6.2839920e+01   5.7836181e+01   7.2948177e+01   4.1217836e+01   6.1603827e+01   6.0393880e+01   5.8459585e+01   7.2429993e+01   5.0096106e+01
   4.7995989e+01   3.8049527e+01   5.4386789e+01   4.7317062e+01   5.4105173e+01   5.0212454e+01   5.7459381e+01   5.4619124e+01   4.0836625e+01   4.5776505e+01   4.5896900e+01   4.9084186e+01   5.1641447e+01   3.8655459e+01   4.8125942e+01   3.8878840e+01   5.0351566e+01   5.3999872e+01   5.6529250e+01   5.1509985e+01   4.8594885e+01   5.2397658e+01   4.0239417e+01   4.4643497e+01   4.1217836e+01   4.7579128e+01   5.1448395e+01   4.7225456e+01   4.6360469e+01   5.0096106e+01
   4.4776804e+01   3.4578632e+01   4.3445223e+01   4.0074690e+01   4.1995607e+01   4.6375106e+01   3.7707551e+01   4.4253466e+01   4.0836625e+01   4.0917361e+01   4.5896900e+01   4.3914376e+01   3.9849613e+01   3.7119642e+01   4.7311395e+01   3.8572116e+01   3.8436774e+01   3.6479153e+01   3.8644936e+01   5.0017761e+01   4.8594885e+01   4.5772687e+01   3.9728095e+01   4.4643497e+01   3.9186583e+01   3.2969692e+01   4.0140234e+01   3.1926814e+01   4.0340915e+01   4.1956403e+01
   3.0389077e+01   2.9788491e+01   3.6177129e+01   2.0260781e+01   3.1418128e+01   2.6581194e+01   2.6553575e+01   2.9068176e+01   3.6620917e+01   3.0437843e+01   2.6107793e+01   3.1359473e+01   3.6071304e+01   2.8069584e+01   2.8716960e+01   3.1382958e+01   3.6567894e+01   2.7640364e+01   2.7548285e+01   3.2302623e+01   2.9009315e+01   3.0867293e+01   2.5649039e+01   2.9764072e+01   3.1953646e+01   2.5414321e+01   3.1077690e+01   2.2063625e+01   2.3819491e+01   2.4684425e+01
   1.8400285e+01   1.5973557e+01   1.9607058e+01   1.6347291e+01   2.0450822e+01   1.6324131e+01   2.1948758e+01   1.5949121e+01   2.0544341e+01   1.9359133e+01   1.9075454e+01   2.6872793e+01   1.7597449e+01   2.1385428e+01   2.2954893e+01   1.7101307e+01   1.8784728e+01   2.3317602e+01   2.4976981e+01   2.2447514e+01   2.1777404e+01   2.2102726e+01   1.7439817e+01   2.4111896e+01   2.2915312e+01   2.0840447e+01   2.2240179e+01   1.9577237e+01   1.9030777e+01   1.9361508e+01
   1.3957409e+01   1.3223029e+01   1.3153597e+01   1.4642575e+01   1.3641831e+01   1.2972457e+01   1.3519778e+01   1.2549399e+01   1.3180223e+01   1.3168911e+01   1.5607135e+01   1.6509113e+01   1.4681288e+01   1.5342832e+01   1.3404905e+01   1.2733358e+01   1.6029876e+01   1.5890232e+01   1.4675828e+01   1.2351638e+01   1.5958059e+01   1.3984481e+01   1.4885923e+01   1.6372149e+01   1.3510002e+01   1.3773216e+01   1.2955481e+01   1.4879137e+01   1.3629045e+01   1.3628922e+01
   1.2625864e+01   1.2266467e+01   1.1524729e+01   1.2768048e+01   1.1601867e+01   1.2206374e+01   1.2181695e+01   1.1448637e+01   1.1846554e+01   1.2184454e+01   1.1983442e+01   1.3064799e+01   1.1603677e+01   1.3442552e+01   1.2273895e+01   1.1320093e+01   1.2775452e+01   1.1577249e+01   1.1988763e+01   1.1613260e+01   1.2397048e+01   1.0816449e+01   1.1549223e+01   1.2402030e+01   1.1915701e+01   1.3773146e+01   1.1719840e+01   1.3266637e+01   1.2706044e+01   1.1707423e+01
   1.2448549e+01   1.2242685e+01   1.1292724e+01   1.2603695e+01   1.1552411e+01   1.2188801e+01   1.2051779e+01   1.1247307e+01   1.1813083e+01   1.2073747e+01   1.1886247e+01   1.3064799e+01   1.1567349e+01   1.3130388e+01   1.2063116e+01   1.1273533e+01   1.2157037e+01   1.1185985e+01   1.1971621e+01   1.1536520e+01   1.2385631e+01   1.0721025e+01   1.1511189e+01   1.2402030e+01   1.1445297e+01   1.3773146e+01   1.1694145e+01   1.3155446e+01   1.2642359e+01   1.1400542e+01
