   3.2027819e+02   3.3894530e+02   3.0453097e+02   2.8846695e+02   3.5832925e+02   4.0963550e+02   3.6004345e+02   3.7817445e+02   3.5177791e+02   3.4193792e+02   3.3286157e+02   2.0993698e+02   4.1648072e+02   3.0440977e+02   2.8421178e+02   2.0369231e+02   3.5032129e+02   3.3585529e+02   3.0934698e+02   3.0683421e+02   2.8786257e+02   3.5565175e+02   3.2004817e+02   2.9541397e+02   3.5231635e+02   2.4614330e+02   3.0524791e+02   3.7587123e+02   3.4072431e+02   3.5157724e+02
   2.7337076e+02   2.1147607e+02   2.4639546e+02   2.8846695e+02   3.3237627e+02   2.9310207e+02   3.5653016e+02   2.7447396e+02   3.4318041e+02   2.7451125e+02   3.3286157e+02   2.0993698e+02   2.5227036e+02   3.0440977e+02   2.4606877e+02   1.7308970e+02   3.2748641e+02   3.3585529e+02   2.1623974e+02   2.6563315e+02   2.6284376e+02   2.6313912e+02   2.0378248e+02   2.9541397e+02   2.8593900e+02   2.4614330e+02   2.5733534e+02   2.8136669e+02   2.8938040e+02   2.5109603e+02
   1.5808357e+02   2.1147607e+02   2.4639546e+02   2.7779143e+02   2.7206855e+02   2.6527173e+02   1.8809831e+02   2.4100802e+02   2.3551368e+02   2.5244289e+02   3.3286157e+02   2.0993698e+02   2.5227036e+02   1.8871580e+02   2.1483594e+02   1.1406588e+02   2.4959877e+02   2.3296777e+02   2.1623974e+02   1.4138301e+02   2.6284376e+02   2.5740836e+02   2.0378248e+02   2.4316584e+02   2.7199876e+02   2.4614330e+02   2.3498161e+02   2.1858958e+02   2.3386291e+02   2.5109603e+02
   1.5808357e+02   2.1147607e+02   1.8421081e+02   2.5082316e+02   2.1112334e+02   2.3341719e+02   1.8809831e+02   2.4100802e+02   1.9734477e+02   2.5244289e+02   2.4703175e+02   2.0993698e+02   2.5227036e+02   1.8871580e+02   2.0270279e+02   1.1406588e+02   1.6852138e+02   1.9539874e+02   2.1623974e+02   1.4138301e+02   1.3306183e+02   1.8831493e+02   2.0378248e+02   2.4316584e+02   2.6839102e+02   2.4614330e+02   2.1983920e+02   2.1858958e+02   2.2995649e+02   2.1635728e+02
   1.5808357e+02   1.5291288e+02   1.8050052e+02   1.7302208e+02   1.8005219e+02   1.8536256e+02   1.1449343e+02   1.5768275e+02   1.6613527e+02   1.4148941e+02   1.7971791e+02   1.5261431e+02   1.6155068e+02   1.8871580e+02   1.6900829e+02   1.1406588e+02   1.6390753e+02   1.7328460e+02   1.6030952e+02   1.4138301e+02   1.3306183e+02   1.3702766e+02   1.9185620e+02   1.9931875e+02   1.8074538e+02   2.0320983e+02   1.5794666e+02   1.6894860e+02   1.2842760e+02   1.7859933e+02
   1.4348999e+02   1.2374816e+02   1.4090271e+02   1.4000213e+02   1.3320838e+02   1.4768479e+02   1.1449343e+02   1.5768275e+02   1.2463443e+02   1.4148941e+02   1.5866339e+02   1.0722817e+02   1.5228469e+02   1.0309333e+02   1.3691430e+02   1.1406588e+02   1.4403031e+02   1.5987294e+02   1.1175657e+02   1.3580175e+02   1.3306183e+02   1.0594394e+02   1.3219817e+02   1.2971674e+02   1.7639912e+02   1.5019035e+02   9.6161477e+01   1.0330120e+02   1.2842760e+02   1.2925198e+02
   8.8171500e+01   9.3571289e+01   1.0641967e+02   1.2158679e+02   1.0715690e+02   8.9207032e+01   1.1449343e+02   1.1263888e+02   1.1128514e+02   8.8790794e+01   1.2799518e+02   1.0722817e+02   1.0767904e+02   9.5501041e+01   1.2077205e+02   9.7863880e+01   8.4728076e+01   7.8401496e+01   9.2745883e+01   1.1315050e+02   8.5816787e+01   9.3241854e+01   1.1463488e+02   9.6142759e+01   1.1985552e+02   9.5420496e+01   9.2231155e+01   1.0330120e+02   8.6909368e+01   1.0656182e+02
   7.0178615e+01   6.8570787e+01   8.4317603e+01   7.2099023e+01   9.0713657e+01   7.8961138e+01   8.8243267e+01   7.6300804e+01   6.5526700e+01   8.8790794e+01   8.8637884e+01   8.5519292e+01   8.2342500e+01   8.2188140e+01   8.2829836e+01   7.1374377e+01   8.4728076e+01   7.8401496e+01   7.0150670e+01   7.8019191e+01   6.8186148e+01   6.8111523e+01   6.5821900e+01   6.8380793e+01   9.5512145e+01   7.3959427e+01   7.9234279e+01   8.4973612e+01   8.5757877e+01   7.7965755e+01
   5.3469160e+01   5.8413888e+01   5.6438451e+01   5.3355554e+01   4.9122233e+01   6.4026760e+01   6.3428131e+01   6.8465839e+01   5.9813175e+01   6.0085941e+01   5.3513191e+01   5.1805125e+01   5.4882305e+01   5.3731621e+01   6.3255963e+01   6.3488184e+01   5.0725130e+01   5.1712839e+01   6.0751034e+01   5.7248646e+01   6.1368403e+01   6.4692128e+01   6.5821900e+01   6.0620173e+01   4.9316033e+01   6.2252000e+01   6.6455475e+01   5.5791554e+01   6.5499633e+01   6.1768847e+01
   5.2758779e+01   4.8407038e+01   4.8464524e+01   4.9082231e+01   4.9122233e+01   5.3470807e+01   5.0217713e+01   5.2602814e+01   5.3506826e+01   5.9066148e+01   5.3513191e+01   5.1805125e+01   4.7151394e+01   5.3731621e+01   5.5420252e+01   4.3094663e+01   4.5130323e+01   5.1712839e+01   5.5370855e+01   3.7491571e+01   4.8675413e+01   4.6778387e+01   5.1456547e+01   3.2827489e+01   4.3249671e+01   4.7588017e+01   5.4537682e+01   4.1239447e+01   4.8911846e+01   4.6934936e+01
   4.1833190e+01   4.2421932e+01   4.8464524e+01   4.0261722e+01   4.7498223e+01   4.8534955e+01   3.6263968e+01   4.6806811e+01   5.0713836e+01   3.4618605e+01   4.2057395e+01   4.2676869e+01   4.0003820e+01   4.1202086e+01   4.7959421e+01   3.9980100e+01   4.3814927e+01   2.8101875e+01   3.5638647e+01   3.7491571e+01   4.5301111e+01   4.6778387e+01   4.1028970e+01   3.2827489e+01   4.3249671e+01   4.7588017e+01   4.9050999e+01   4.0922114e+01   3.9061375e+01   4.0359699e+01
   2.6086854e+01   2.4202903e+01   3.3201698e+01   2.9912011e+01   3.5759211e+01   2.9690567e+01   2.3696759e+01   2.4148866e+01   3.2144536e+01   2.4942691e+01   2.9387842e+01   2.9857159e+01   2.9063069e+01   3.8940417e+01   3.5228610e+01   3.4511000e+01   2.7949439e+01   2.5533739e+01   2.8396976e+01   3.1999228e+01   3.3358120e+01   3.3101864e+01   3.1015986e+01   2.9397507e+01   2.6154761e+01   2.9910427e+01   2.9710591e+01   3.1070176e+01   3.1593378e+01   3.1193734e+01
   1.9790182e+01   1.9790717e+01   2.1323410e+01   1.8841916e+01   1.9459015e+01   2.0439510e+01   2.1715175e+01   1.8814458e+01   2.0012703e+01   1.7952198e+01   2.2843588e+01   1.9263000e+01   2.0623906e+01   1.7469198e+01   2.4331928e+01   1.9220595e+01   1.9267996e+01   1.7593509e+01   2.2903158e+01   2.2419740e+01   2.0656751e+01   1.8677657e+01   1.9306896e+01   1.7748773e+01   1.7067775e+01   2.3090824e+01   1.8420754e+01   2.0706165e+01   1.9243034e+01   2.2848640e+01
   1.3485013e+01   1.4852730e+01   1.3358319e+01   1.6261679e+01   1.3937182e+01   1.2455152e+01   1.6979793e+01   1.3401575e+01   1.4155926e+01   1.4024407e+01   1.5715207e+01   1.3772707e+01   1.4925632e+01   1.3833404e+01   1.4552383e+01   1.3339104e+01   1.2706484e+01   1.4375486e+01   1.4675653e+01   1.2185962e+01   1.4615136e+01   1.5822966e+01   1.3102086e+01   1.3482426e+01   1.4997174e+01   1.4234826e+01   1.2291320e+01   1.5928391e+01   1.3052958e+01   1.4356930e+01
   1.2167489e+01   1.1782389e+01   1.1731353e+01   1.3071057e+01   1.1928816e+01   1.1305757e+01   1.1767894e+01   1.1501858e+01   1.2168748e+01   1.2333358e+01   1.3069204e+01   1.2675261e+01   1.2658145e+01   1.2388955e+01   1.2131697e+01   1.1859658e+01   1.1633483e+01   1.3073514e+01   1.2190761e+01   1.1415969e+01   1.1957384e+01   1.1890620e+01   1.2330670e+01   1.1921584e+01   1.1880736e+01   1.1762830e+01   1.1902499e+01   1.2504231e+01   1.0479885e+01   1.2732937e+01
   1.2104482e+01   1.1737670e+01   1.1693106e+01   1.2860652e+01   1.1803024e+01   1.1266222e+01   1.1579899e+01   1.1347644e+01   1.1971778e+01   1.2243691e+01   1.2865077e+01   1.2628481e+01   1.2437988e+01   1.2008464e+01   1.2069683e+01   1.1631407e+01   1.1558754e+01   1.2924788e+01   1.1999643e+01   1.1375438e+01   1.1934174e+01   1.1807674e+01   1.2241814e+01   1.1209345e+01   1.1852390e+01   1.1673222e+01   1.1829837e+01   1.2479919e+01   1.0435893e+01   1.1779086e+01
