   1.8036499e+04   4.4856890e+04   1.8587078e+04   1.9871681e+04   6.9735027e+03   2.3978573e+04   5.4635054e+04   1.8240548e+04   1.4078164e+04   4.1435291e+04   6.9265038e+03   4.1656540e+04   1.7222083e+04   2.6115172e+04   1.5762328e+04   3.6810812e+04   8.6108059e+03   1.2763410e+04   1.1494597e+04   2.2073360e+04   3.7968008e+04   4.1296559e+04   7.0700025e+03   3.6234947e+04   2.7405884e+03   2.3756244e+04   5.0097456e+04   1.7485483e+04   3.3495655e+03   1.4066877e+04
   1.4941423e+04   4.1568108e+04   1.0544713e+04   1.4586369e+04   3.2723264e+03   1.9418399e+04   2.3629314e+04   1.4929432e+04   1.4078164e+04   1.2222713e+04   6.9265038e+03   1.1647099e+04   1.2116800e+03   2.2425185e+03   4.4201020e+03   6.2518342e+03   8.6108059e+03   1.2763410e+04   1.1494597e+04   1.8721076e+04   3.4898097e+03   1.4871117e+04   7.0700025e+03   1.2080283e+04   2.7405884e+03   2.3756244e+04   5.0097456e+04   1.4888483e+04   3.3495655e+03   3.5368237e+03
   1.2742366e+03   1.1619675e+04   1.0544713e+04   5.1570359e+03   3.2723264e+03   1.9418399e+04   9.6064910e+03   1.4929432e+04   1.4957958e+03   1.1471942e+03   6.9265038e+03   2.8687464e+03   1.2116800e+03   2.2425185e+03   1.2087934e+03   1.0550543e+03   3.9712788e+03   1.6221075e+03   2.4937352e+03   3.2355227e+03   8.7361524e+02   8.3228637e+03   7.0365257e+03   7.3568002e+03   2.7405884e+03   3.8888798e+03   8.0363560e+03   9.9201541e+02   3.3495655e+03   1.0315316e+03
   1.2742366e+03   6.5573408e+02   1.1977829e+03   2.7969344e+03   6.8686367e+02   8.5864490e+03   2.3607562e+03   4.1339080e+03   6.7729910e+02   1.1471942e+03   3.0109150e+03   1.1733146e+03   2.4617567e+02   2.2425185e+03   1.2087934e+03   1.0550543e+03   1.4122214e+03   1.6221075e+03   2.4937352e+03   9.7284319e+02   8.7361524e+02   8.3228637e+03   1.5030510e+03   7.3568002e+03   2.7405884e+03   3.4621728e+03   2.7983561e+03   5.8111504e+02   3.3495655e+03   1.0315316e+03
   8.7880719e+02   6.5573408e+02   2.4067024e+02   3.1980797e+02   6.8686367e+02   1.2595745e+03   1.5310158e+03   1.1457446e+03   4.8769608e+02   1.1471942e+03   2.8562893e+02   8.6092630e+01   1.4870685e+02   2.7684497e+02   5.8332655e+02   5.8631420e+02   6.0930556e+02   4.0174525e+02   1.4854712e+02   3.8038900e+02   5.0460529e+02   1.1346739e+03   8.1789041e+02   9.2210647e+02   1.4058770e+03   2.2350575e+02   1.5044264e+02   4.6136488e+02   2.0003953e+03   2.4733867e+02
   1.9809534e+02   1.8507427e+02   1.9768886e+01   1.4457986e+02   4.2095509e+02   1.6731093e+02   1.3965809e+02   1.6851456e+02   7.6145332e+01   3.5660387e+02   1.6283302e+02   3.6092650e+01   1.4870685e+02   2.5843566e+01   5.0281938e+01   4.1312367e+02   9.2028435e+01   2.7269299e+02   8.7570304e+01   3.4865275e+01   2.6760860e+01   2.7808537e+02   2.9331955e+02   5.2255963e+01   5.1816358e+02   1.9624292e+02   3.8073552e+01   3.5673023e+01   1.0961733e+02   1.0190880e+02
   1.3507215e+01   2.4224242e+01   1.2938887e+01   2.4824192e+01   3.3387086e+01   3.5707130e+01   7.0648091e+01   1.4714677e+01   1.3695458e+01   8.2473436e+01   8.7540519e+01   3.6092650e+01   7.0219490e+01   2.5843566e+01   2.5369695e+01   4.0102772e+01   4.7596743e+01   7.1892907e+01   3.2225784e+01   3.4865275e+01   2.6760860e+01   1.6814266e+01   6.1700435e+01   2.4333364e+01   4.7187770e+01   2.8112323e+01   3.8073552e+01   3.5673023e+01   1.9248185e+01   5.4742092e+01
   9.1273252e+00   1.1712390e+01   1.1635061e+01   9.8665053e+00   1.5763727e+01   9.9538399e+00   1.5986524e+01   9.1634525e+00   8.7926657e+00   1.7953283e+01   1.8480507e+01   9.6408070e+00   1.1970642e+01   1.0169416e+01   1.1798380e+01   1.7745559e+01   7.9145869e+00   1.5610616e+01   1.1974771e+01   1.6856815e+01   9.9297657e+00   1.0405033e+01   1.0147353e+01   7.2817353e+00   1.0089698e+01   1.0632493e+01   1.0246298e+01   8.7670436e+00   8.2328102e+00   2.1067415e+01
   4.5101035e+00   4.8564971e+00   6.2734307e+00   4.7730415e+00   4.7564594e+00   4.2504227e+00   6.5000620e+00   4.1444527e+00   5.7809795e+00   5.2898377e+00   6.4614947e+00   5.6417192e+00   5.6301310e+00   4.7681472e+00   3.0683575e+00   6.5399660e+00   3.9082032e+00   6.2313349e+00   6.1922076e+00   6.4441122e+00   3.7914186e+00   5.7799718e+00   5.6826937e+00   5.7755794e+00   6.2128898e+00   4.5311967e+00   4.3437344e+00   5.7758270e+00   3.8381544e+00   4.5463563e+00
   3.3445249e+00   3.9716424e+00   2.4552057e+00   3.6836880e+00   3.8485310e+00   2.9536093e+00   4.0243208e+00   3.7529815e+00   2.5781665e+00   3.6454094e+00   2.9698853e+00   3.4881346e+00   4.1795262e+00   3.9541311e+00   3.0683575e+00   3.1178411e+00   2.8261914e+00   3.3501736e+00   3.5666590e+00   1.6178285e+00   2.8217899e+00   3.3958379e+00   3.7066176e+00   3.0197511e+00   3.5943111e+00   2.6202986e+00   3.3468450e+00   2.5868471e+00   2.3978683e+00   2.6324967e+00
   6.7900945e-01   2.8671886e+00   2.4552057e+00   1.9482516e+00   2.1438658e+00   2.6800450e+00   2.7708026e+00   2.1594738e+00   2.5781665e+00   3.2197160e+00   2.6481650e+00   2.5610526e+00   3.0922691e+00   2.6992161e+00   1.8144150e+00   2.5194585e+00   2.8261914e+00   2.5373960e+00   3.5666590e+00   1.6178285e+00   1.9729156e+00   2.2673173e+00   2.6086487e+00   2.6329353e+00   2.5676329e+00   2.4013118e+00   2.7320896e+00   2.4739215e+00   2.3978683e+00   2.6324967e+00
   6.7900945e-01   2.1283451e+00   1.3686269e+00   1.9482516e+00   1.5374690e+00   1.8992782e+00   1.8035540e+00   1.8853459e+00   2.0968262e+00   1.6600677e+00   2.0081583e+00   1.6832959e+00   2.2488875e+00   1.4950271e+00   1.6455883e+00   1.7424443e+00   2.2667316e+00   1.5961333e+00   1.6726248e+00   1.5574416e+00   1.9237280e+00   1.1095141e+00   2.0580507e+00   2.3166403e+00   2.3985336e+00   1.5056378e+00   2.5894838e+00   1.5232952e+00   2.0951218e+00   1.4373619e+00
   6.7091512e-01   1.0948608e+00   9.7571777e-01   1.2548335e+00   1.1000430e+00   1.3216241e+00   1.3882751e+00   1.2868298e+00   9.5022220e-01   1.1134538e+00   8.1498514e-01   1.2208055e+00   1.2232501e+00   1.1904345e+00   9.6848330e-01   1.0801760e+00   1.2870434e+00   1.0339499e+00   7.2912496e-01   9.7930578e-01   6.2918664e-01   6.1235865e-01   1.3544987e+00   1.1237057e+00   1.1162203e+00   1.3069261e+00   1.0745224e+00   1.0332999e+00   1.2968644e+00   8.7371013e-01
   5.8781751e-01   5.3389933e-01   5.1640641e-01   8.2468637e-01   7.4399334e-01   7.5563414e-01   7.1223171e-01   8.3589504e-01   7.1095837e-01   6.4825098e-01   6.5227828e-01   9.5419850e-01   8.3377323e-01   7.7257254e-01   5.6899485e-01   7.1471954e-01   7.2740075e-01   7.1387845e-01   5.9369165e-01   5.7279527e-01   6.2620665e-01   5.8610400e-01   8.1991731e-01   7.8340867e-01   7.0491870e-01   8.7257696e-01   7.2660886e-01   7.1275780e-01   7.2768618e-01   7.0285520e-01
   4.8971900e-01   3.7291741e-01   3.6048486e-01   3.7295086e-01   4.9618236e-01   5.5857281e-01   4.8092664e-01   4.6696683e-01   5.0472311e-01   3.5204667e-01   3.2449256e-01   6.3123412e-01   5.3894475e-01   4.3992061e-01   3.6453957e-01   4.5742272e-01   4.5894617e-01   5.5221380e-01   4.7166180e-01   4.0564369e-01   5.2722759e-01   4.7624193e-01   4.4760532e-01   4.9206424e-01   3.2246898e-01   4.9680467e-01   3.7911486e-01   4.9941641e-01   4.8243683e-01   4.7043058e-01
   3.2911152e-01   3.0335226e-01   3.3501318e-01   2.2950477e-01   3.4983136e-01   4.4210081e-01   4.0555200e-01   3.6243394e-01   3.0541398e-01   3.3150967e-01   3.0794905e-01   3.9465755e-01   3.3464818e-01   3.3776712e-01   3.5205338e-01   4.0278100e-01   2.9658303e-01   2.4768076e-01   3.8238591e-01   3.1558125e-01   4.5076426e-01   3.8951573e-01   3.9990583e-01   3.3950766e-01   2.9892201e-01   3.9170885e-01   3.2703731e-01   4.1257855e-01   3.9973873e-01   4.2405020e-01
