   4.5806401e+06   2.1031527e+06   2.0790114e+06   3.4623723e+05   3.5247930e+06   8.9644990e+06   3.7607692e+06   3.8130506e+06   7.0596932e+06   1.5815651e+07   2.0416439e+06   9.9607862e+05   5.5505876e+05   1.3194099e+06   2.3659974e+06   3.1429438e+06   3.0669351e+06   9.2248509e+05   2.2602565e+06   1.7320139e+06   1.1523598e+06   1.5015997e+06   6.1175668e+05   3.9018692e+05   8.6434820e+06   7.6333856e+06   2.5534545e+06   7.0995105e+06   1.3353919e+06   1.7735965e+06
   3.3541168e+06   2.1031527e+06   2.0790114e+06   3.4623723e+05   3.5247930e+06   5.8368825e+06   1.5797593e+06   3.8130506e+06   3.5912144e+06   2.4741755e+06   2.0416439e+06   9.9607862e+05   5.5501332e+05   1.1873314e+06   2.3659974e+06   3.1429438e+06   2.5544128e+06   9.2248509e+05   1.7977145e+06   1.7320139e+06   1.1523598e+06   1.5015997e+06   6.1175668e+05   3.3269691e+05   7.7202341e+05   4.2460710e+05   2.5534545e+06   6.8469892e+06   1.3353919e+06   1.5397697e+06
   1.3634257e+06   2.1031527e+06   2.0790114e+06   3.4623723e+05   3.5247930e+06   7.2203440e+05   1.2352480e+06   3.8130506e+06   3.5912144e+06   2.4741755e+06   2.0416439e+06   9.9607862e+05   5.5501332e+05   1.1873314e+06   1.0616850e+06   3.1429438e+06   1.0613126e+06   9.1974203e+05   1.7977145e+06   9.3882522e+05   2.7179813e+05   1.5015997e+06   6.1175668e+05   3.3269691e+05   7.7202341e+05   4.2460710e+05   2.5534545e+06   2.1085743e+06   1.3353919e+06   1.5397697e+06
   9.7814255e+05   6.3316614e+05   2.0790114e+06   3.4623723e+05   9.9906151e+05   7.2203440e+05   6.5769660e+05   6.4868820e+05   1.2139027e+06   8.5312736e+05   2.0416439e+06   7.1101843e+05   3.6477213e+05   6.8142389e+05   1.0616850e+06   1.7681138e+06   6.1033702e+05   9.1974203e+05   1.7977145e+06   9.3882522e+05   2.7179813e+05   3.6724329e+05   6.1175668e+05   3.3269691e+05   7.7202341e+05   4.2460710e+05   1.1533832e+06   2.1085743e+06   1.3353919e+06   1.5397697e+06
   1.2614908e+05   6.3316614e+05   5.1806708e+04   3.4599716e+05   9.9906151e+05   7.2203440e+05   1.9289204e+05   6.4868820e+05   9.3950699e+05   8.5312736e+05   8.8245261e+05   3.4017811e+05   3.6477213e+05   6.8142389e+05   1.3937669e+05   5.9770950e+05   2.7325606e+05   9.1974203e+05   4.8522409e+05   7.0515614e+05   2.7179813e+05   3.6724329e+05   6.1175668e+05   3.3269691e+05   6.4059152e+05   4.2460710e+05   9.7298097e+05   3.3729307e+05   1.1460209e+06   1.2238945e+06
   1.2614908e+05   3.6530604e+05   5.1806708e+04   3.4599716e+05   5.8047519e+05   6.2131691e+05   1.9289204e+05   3.4332519e+05   9.3950699e+05   2.8098492e+05   7.2133774e+05   3.4017811e+05   3.6477213e+05   6.8142389e+05   1.3937669e+05   5.9770950e+05   2.7325606e+05   1.9453014e+05   4.8522409e+05   7.0515614e+05   2.7179646e+05   3.6679923e+05   6.1175668e+05   1.1865789e+05   1.2520888e+05   2.8889332e+05   7.2734506e+05   3.3729307e+05   2.9604540e+05   1.0429763e+06
   6.5586191e+04   3.0466516e+05   5.1806708e+04   3.2281255e+05   6.3488332e+04   5.4479662e+05   1.8074583e+05   2.0676311e+05   1.4715224e+05   1.2355523e+05   4.8787827e+05   1.7529305e+05   3.6477213e+05   5.4465945e+05   1.3937669e+05   5.6936870e+05   2.7325606e+05   1.9453014e+05   3.0702498e+05   1.4089872e+05   2.7179646e+05   3.6679923e+05   2.6211295e+05   1.1865789e+05   8.4935812e+04   2.8889332e+05   6.5094455e+04   3.3729307e+05   2.9604540e+05   4.0171445e+05
   6.5586191e+04   8.6673720e+04   5.1806708e+04   9.8467580e+04   6.3462771e+04   3.3925665e+05   3.5438039e+04   1.2434230e+05   1.4715224e+05   1.2355523e+05   4.8670199e+05   7.7534418e+04   1.3527689e+05   5.4234577e+04   1.3918903e+05   1.9499323e+05   4.3575917e+04   1.9435485e+05   2.2005999e+05   1.4089872e+05   2.6897272e+05   2.8172003e+05   1.2999180e+04   4.2170541e+04   8.4935812e+04   2.8646534e+05   6.5094455e+04   3.4432084e+04   2.0948326e+05   3.7085619e+05
   6.5586191e+04   8.6673720e+04   5.1806708e+04   8.9311273e+04   6.2886826e+04   5.4459637e+04   3.5438039e+04   2.1353818e+04   1.7692732e+04   3.5917347e+04   9.9285305e+03   7.7237924e+04   7.4074859e+04   1.5321491e+04   3.2695434e+04   7.1572669e+04   4.3575917e+04   1.7009144e+05   7.5011347e+04   1.0855103e+05   1.6642947e+05   4.2238832e+04   1.2662551e+04   2.4931921e+04   8.4935812e+04   2.3558379e+05   6.5094455e+04   1.9248336e+04   1.3026318e+04   5.5394098e+04
   1.1644376e+04   3.7916974e+03   1.2771220e+04   8.1385465e+03   8.3508033e+03   2.9074898e+04   2.3759763e+04   2.0683261e+04   1.7692732e+04   9.3581666e+03   9.9285305e+03   3.5542334e+04   2.4294116e+04   4.6300294e+03   2.6976303e+04   1.0836654e+04   2.2693723e+04   4.3805219e+04   3.1917216e+04   1.3450683e+04   2.1414182e+04   3.8707513e+04   1.2662551e+04   1.2416836e+04   5.2702471e+04   2.8680411e+04   1.5026740e+04   1.8720526e+04   1.3026318e+04   1.1206784e+04
   1.6445933e+03   3.7916974e+03   3.6513025e+03   8.1385465e+03   4.6746104e+03   5.0104742e+03   4.1936136e+03   5.1634996e+03   5.9675734e+03   2.5209325e+03   7.3132307e+03   1.7364348e+03   3.5927113e+03   4.6300294e+03   3.6324720e+03   5.1026321e+03   8.6294649e+03   5.5664105e+03   7.8806374e+03   6.4564892e+03   5.9183619e+03   2.6845113e+03   1.2658899e+04   4.5609981e+03   8.1559407e+03   3.6091727e+03   4.8186597e+03   2.0379188e+03   6.1528964e+03   5.8127232e+03
   1.3405029e+03   1.5800055e+03   1.7694843e+03   1.3115329e+03   1.5857605e+03   1.1712882e+03   1.4912746e+03   1.5205429e+03   1.9311540e+03   1.6699226e+03   1.2606448e+03   1.2421681e+03   1.5263575e+03   1.4650882e+03   1.6681223e+03   1.6287572e+03   1.1724839e+03   1.4961769e+03   1.1800582e+03   1.8644179e+03   1.2213524e+03   1.9958172e+03   7.3651383e+02   1.4784024e+03   1.7976541e+03   1.5974398e+03   1.4620998e+03   1.0505184e+03   1.5073646e+03   1.3998893e+03
   3.4608309e+02   2.0312674e+02   4.1700502e+02   3.3395740e+02   3.2717209e+02   3.4054859e+02   2.5056860e+02   3.0487959e+02   3.6122719e+02   2.2126581e+02   2.8182351e+02   3.3171741e+02   2.4212069e+02   3.0416524e+02   2.9596507e+02   3.3021885e+02   3.3401227e+02   3.9291620e+02   3.8579603e+02   3.5781652e+02   2.5313911e+02   1.9513107e+02   2.8499410e+02   2.3106610e+02   3.3975558e+02   3.1103895e+02   2.6996637e+02   2.4807971e+02   2.8250129e+02   3.6355697e+02
   1.0157959e+02   1.2613114e+02   1.3361809e+02   9.9018825e+01   1.3536957e+02   6.8246515e+01   1.0162063e+02   7.8723555e+01   1.2549513e+02   1.7850139e+02   1.0381033e+02   1.1073170e+02   9.5029741e+01   6.8454674e+01   6.3561641e+01   8.8009670e+01   1.4996492e+02   1.0565900e+02   1.4964345e+02   1.4836136e+02   8.1285162e+01   1.0842422e+02   6.2142007e+01   1.8787507e+02   1.3373031e+02   6.0520973e+01   1.3005237e+02   8.9969286e+01   9.8423623e+01   1.4499400e+02
   2.7345855e+01   3.6862238e+01   2.2593689e+01   1.1967249e+01   2.4157724e+01   2.3060780e+01   1.6020140e+01   1.6726794e+01   2.5912824e+01   2.8510272e+01   1.3186954e+01   1.3303619e+01   2.3566777e+01   1.6486726e+01   2.3223774e+01   1.8592214e+01   2.6534197e+01   2.1617845e+01   1.9280504e+01   2.7346003e+01   1.8271927e+01   2.3495426e+01   2.9024365e+01   2.1612064e+01   2.3020282e+01   2.1426956e+01   2.7741822e+01   1.6798905e+01   2.1978540e+01   3.8773220e+01
   2.0814298e-01   2.0814298e-01   2.0814298e-01   2.0814298e-01   2.0814298e-01   2.0814298e-01   2.0814298e-01   2.0814298e-01   2.0814298e-01   2.0814298e-01   4.1628597e-01   4.1628597e-01   4.1628597e-01   4.1628597e-01   4.1628597e-01   6.2442895e-01   6.2442895e-01   6.2442895e-01   9.9495906e-01   1.2031020e+00   1.2031020e+00   1.4112450e+00   1.4112450e+00   1.4112450e+00   1.4112450e+00   1.6193880e+00   2.1980611e+00   2.1980611e+00   2.1980611e+00   2.4062041e+00
