   5.2896684e+05   1.2020101e+06   6.6346904e+05   2.3064122e+05   2.3023177e+05   4.9920768e+05   2.0546302e+05   2.4413288e+06   7.3911575e+05   2.2388907e+06   8.8143381e+05   2.6709424e+05   8.5386056e+05   1.1534094e+06   1.1041234e+06   2.4004815e+05   1.0455193e+06   5.3142924e+05   2.1352498e+06   7.8056285e+05   1.6519155e+05   9.8834524e+05   2.6192195e+05   3.3299613e+05   3.9318205e+05   1.1011136e+06   3.8397118e+05   1.7950568e+05   1.3300278e+06   4.5306091e+05
   5.2896684e+05   1.1285057e+05   2.2055398e+05   2.3064122e+05   2.3023177e+05   4.9920768e+05   2.0546302e+05   4.5819700e+05   7.3837343e+05   4.7017262e+05   8.8143381e+05   2.6709424e+05   1.3241473e+05   7.3374470e+05   4.6798223e+05   2.4004815e+05   3.8104022e+05   5.3142924e+05   4.2237132e+05   7.7396688e+04   1.6519155e+05   1.7706870e+05   2.6192195e+05   1.8450832e+05   4.8728481e+04   1.1011136e+06   3.8397118e+05   1.7950568e+05   1.3300278e+06   4.5306091e+05
   5.2896684e+05   1.1285057e+05   2.2055398e+05   1.6225524e+05   8.6201821e+04   7.0981397e+04   2.0546302e+05   3.4274973e+05   2.6091736e+05   4.6979338e+05   3.5723631e+05   2.6709424e+05   1.3241473e+05   1.9071968e+05   4.6798223e+05   2.4004815e+05   3.8104022e+05   3.2249458e+05   6.1056486e+04   7.7396688e+04   1.6519155e+05   1.6544910e+05   2.6192195e+05   1.8450832e+05   4.8728481e+04   1.0827048e+06   1.8453169e+05   1.7950568e+05   2.5650399e+05   8.3066831e+04
   1.7478304e+05   1.1285057e+05   5.3524898e+04   1.6225524e+05   8.6201821e+04   7.0981397e+04   2.0546302e+05   3.4274973e+05   2.6091736e+05   4.6979338e+05   8.2906470e+04   1.6604458e+05   9.8783101e+04   1.9071968e+05   1.2994447e+05   5.0472665e+04   3.8104022e+05   3.2249458e+05   6.1056486e+04   7.7396688e+04   5.8159636e+04   1.6544910e+05   2.6192195e+05   1.3549069e+05   4.8728481e+04   1.3741874e+05   1.8453169e+05   1.7950568e+05   2.5650399e+05   5.9026891e+04
   1.7478304e+05   2.5738247e+04   5.3524898e+04   7.2996898e+04   8.6201821e+04   7.0882802e+04   2.0546302e+05   3.4274973e+05   2.6091736e+05   4.6979338e+05   6.3394971e+04   1.6604458e+05   9.8783101e+04   1.9071968e+05   2.6872931e+04   5.0472665e+04   6.9658906e+04   8.8511360e+04   6.1056486e+04   7.7396688e+04   5.8159636e+04   2.1107814e+04   2.6192195e+05   8.2265916e+04   4.8728481e+04   1.3741874e+05   9.2822072e+04   1.7950568e+05   2.5650399e+05   5.9026891e+04
   1.7478304e+05   2.5738247e+04   5.3524898e+04   7.2996898e+04   8.6201821e+04   7.0882802e+04   1.3205361e+05   3.4274973e+05   2.6091736e+05   3.8509080e+05   6.3394971e+04   1.6604458e+05   9.8783101e+04   3.7310543e+04   2.6872931e+04   5.0472665e+04   6.9658906e+04   8.8511360e+04   6.1056486e+04   7.7396688e+04   5.8159636e+04   2.1107814e+04   5.9897197e+04   8.2265916e+04   4.8728481e+04   1.3741874e+05   9.2822072e+04   3.5742808e+04   2.4476236e+05   3.6824837e+04
   1.5856785e+05   2.5738247e+04   5.3524898e+04   7.2996898e+04   8.6201821e+04   7.0882802e+04   1.3205361e+05   9.0271955e+04   2.6091736e+05   2.4979436e+04   6.3394971e+04   9.4994044e+04   9.2150175e+03   3.7310543e+04   2.6872931e+04   5.0472665e+04   2.5794328e+04   8.8511360e+04   6.1056486e+04   7.7396688e+04   5.8159636e+04   2.1107814e+04   5.9897197e+04   4.6996714e+04   4.8728481e+04   1.3741874e+05   9.2822072e+04   3.5742808e+04   8.0184927e+04   3.6824837e+04
   7.0331380e+04   6.9785933e+03   8.8914542e+03   1.5970823e+04   6.1554268e+04   3.4140834e+04   2.6990320e+04   8.0979298e+03   9.6223580e+04   2.4979436e+04   6.3394971e+04   2.0365044e+04   9.2150175e+03   2.5713279e+04   4.0699347e+03   3.4898412e+04   2.2916374e+04   5.9960163e+04   4.3261823e+04   1.5135285e+04   2.1787043e+04   2.1107814e+04   1.7161498e+04   4.4186536e+04   3.8363647e+04   1.1086327e+05   5.0162881e+04   2.7757341e+04   3.0814381e+04   3.6824837e+04
   7.5065526e+03   6.3703673e+03   8.8914542e+03   1.5970823e+04   3.6806176e+03   1.3461632e+04   2.0836891e+04   8.0979298e+03   5.8075401e+03   1.2615562e+04   2.7193433e+04   7.4641239e+03   9.2150175e+03   1.3517596e+04   4.0699347e+03   1.7731193e+04   2.5916327e+03   1.6714405e+04   9.5309457e+03   1.1341773e+04   7.6733755e+03   5.7736672e+03   5.5333828e+03   4.6846827e+03   5.4681003e+03   1.9738535e+04   1.4055035e+04   1.0626582e+04   1.9015926e+03   9.8889489e+03
   2.6731714e+03   4.0157756e+03   2.5136243e+03   2.0640833e+03   3.6776633e+03   2.6834748e+03   2.9622368e+03   1.3685059e+03   3.5555898e+03   3.0142368e+03   2.0344194e+03   3.1733708e+03   2.0925693e+03   4.4063009e+03   4.0699347e+03   1.3557620e+03   2.5916327e+03   3.5116894e+03   6.1434394e+03   3.5800033e+03   2.5149757e+03   3.0989731e+03   5.5333828e+03   4.2809607e+03   5.4681003e+03   5.6950707e+03   7.9606543e+03   1.6849013e+03   1.9015926e+03   6.7898128e+03
   1.1019846e+03   1.2486121e+03   2.2565271e+03   1.3256892e+03   1.0613655e+03   1.6866455e+03   1.0205734e+03   1.3685059e+03   1.1813669e+03   1.0375212e+03   1.6211362e+03   1.7001464e+03   1.4837585e+03   1.8676249e+03   1.1694768e+03   1.3557620e+03   1.0573067e+03   8.6930293e+02   8.7340772e+02   1.6937637e+03   8.7478266e+02   1.8136110e+03   1.3811431e+03   6.5753907e+02   5.6819697e+02   9.1118272e+02   1.3428538e+03   1.1255255e+03   1.4871403e+03   1.4884367e+03
   5.0248563e+02   2.6982222e+02   3.6973468e+02   4.5594064e+02   4.1221988e+02   4.7552238e+02   2.6126690e+02   3.1759411e+02   2.7942566e+02   2.3232491e+02   4.9491948e+02   4.8780244e+02   5.6621627e+02   4.2595315e+02   5.6904881e+02   3.5688309e+02   4.4661698e+02   2.7877427e+02   2.3471186e+02   4.4259428e+02   4.8986642e+02   3.5771286e+02   4.2143250e+02   4.2483690e+02   5.0152329e+02   4.4324875e+02   3.1112799e+02   2.9518860e+02   3.8727610e+02   4.3701619e+02
   1.4169040e+02   1.5253921e+02   8.9193295e+01   9.6435696e+01   1.3167679e+02   1.7375176e+02   2.0774045e+02   1.6599398e+02   1.0885240e+02   1.0893098e+02   1.3060093e+02   8.7685421e+01   1.6065967e+02   1.3604359e+02   1.1521330e+02   1.6497200e+02   1.2834799e+02   8.7018652e+01   3.7792099e+01   2.3083374e+02   1.3228732e+02   1.3886891e+02   1.0353984e+02   1.5681698e+02   1.2249124e+02   1.4813731e+02   1.8804411e+02   1.4348361e+02   1.4651906e+02   1.6537208e+02
   6.6645824e+01   6.7611423e+01   8.0514677e+01   5.6964888e+01   8.6421056e+01   5.6514087e+01   5.8614987e+01   6.5958943e+01   5.0102803e+01   4.7061064e+01   5.6925337e+01   5.6710046e+01   8.6100277e+01   2.9654715e+01   4.9949948e+01   5.2036331e+01   6.4123668e+01   7.1114375e+01   3.7792099e+01   7.8878720e+01   1.1170358e+02   7.4141528e+01   5.0611565e+01   6.2060232e+01   3.4410404e+01   9.8067980e+01   3.4334234e+01   5.8657466e+01   9.8832689e+01   8.2267819e+01
   2.7031403e+01   2.5004643e+01   1.7296298e+01   1.3480896e+01   1.5006443e+01   2.0762900e+01   1.8401269e+01   2.5073684e+01   2.9309199e+01   2.0212703e+01   1.3969379e+01   1.9756944e+01   4.0749543e+01   2.9654715e+01   3.2054671e+01   2.0017217e+01   1.8173767e+01   2.4644457e+01   1.8550003e+01   3.2632126e+01   1.5975831e+01   1.3686207e+01   1.6779691e+01   1.8291402e+01   1.7521598e+01   1.2638071e+01   1.9164624e+01   1.5359300e+01   3.4348597e+01   1.6816620e+01
   2.0345740e-02   2.5540494e-02   3.6399325e-02   4.3000735e-02   4.6203928e-02   5.0887954e-02   6.1824200e-02   7.8816878e-02   7.9378085e-02   1.0317544e-01   1.1146091e-01   1.1230258e-01   1.3723346e-01   1.4102344e-01   1.5184235e-01   1.5323231e-01   1.5421026e-01   1.6653529e-01   1.6672088e-01   1.7205620e-01   1.9036670e-01   1.9918647e-01   3.4076056e-01   3.6557533e-01   3.6774900e-01   4.3026381e-01   4.4296822e-01   4.5657476e-01   4.7944708e-01   4.9995714e-01
