   9.7677683e+02   1.8608987e+03   1.0700975e+03   1.7181005e+03   6.5876870e+02   1.6132438e+03   1.9709773e+03   2.0965602e+03   1.1707562e+03   2.1699625e+03   2.3233513e+03   1.1677910e+03   1.0463877e+03   1.4225610e+03   1.5100943e+03   1.5745991e+03   1.2960994e+03   1.7038732e+03   1.7903701e+03   1.7597720e+03   1.8278254e+03   1.9031212e+03   1.5401880e+03   1.6161163e+03   2.0441918e+03   2.0530186e+03   1.4371928e+03   1.1467012e+03   1.7985579e+03   2.5269467e+03
   4.6975746e+02   8.9982998e+02   9.1781792e+02   6.1417723e+02   4.7109804e+02   4.0828128e+02   6.3705793e+02   2.4482515e+02   3.1920028e+02   8.6775829e+02   7.9067980e+02   4.8253610e+02   4.5610475e+02   4.9949167e+02   4.1953676e+02   2.8622524e+02   4.1468301e+02   6.9145082e+02   3.9475976e+02   2.8948242e+02   2.6928827e+02   5.4116621e+02   5.8339260e+02   5.2899329e+02   9.4325308e+02   2.3580691e+02   8.0805904e+02   3.6509046e+02   2.1225853e+02   6.8071070e+02
   4.6975746e+02   2.8006151e+02   3.9438018e+02   3.9135466e+02   3.9622684e+02   4.0828128e+02   3.6165930e+02   2.4482515e+02   3.1920028e+02   2.6595711e+02   2.1675731e+02   4.1214323e+02   2.6204542e+02   3.5289886e+02   2.9092769e+02   2.3070498e+02   3.2630078e+02   3.2380343e+02   3.8626376e+02   2.8948242e+02   2.6928827e+02   3.5474667e+02   3.8510778e+02   2.7788351e+02   4.7227975e+02   2.3253611e+02   4.7038108e+02   2.9041508e+02   2.1225853e+02   4.4690155e+02
   3.0445225e+02   2.8006151e+02   2.4455390e+02   3.4455987e+02   1.5800417e+02   2.3533002e+02   2.5759532e+02   2.4482515e+02   3.1920028e+02   2.6595711e+02   2.1675731e+02   2.1863323e+02   2.3426082e+02   3.1080707e+02   2.9092769e+02   2.3070498e+02   3.2630078e+02   3.0564326e+02   2.6003286e+02   2.8948242e+02   2.5232797e+02   3.5474667e+02   3.0846162e+02   1.9412687e+02   2.8050578e+02   2.3253611e+02   2.9817197e+02   2.8451586e+02   2.1225853e+02   6.5057339e+01
   2.8602307e+02   2.8006151e+02   2.4455390e+02   2.4281924e+02   1.5800417e+02   2.3533002e+02   2.5759532e+02   2.4482515e+02   3.0323027e+02   1.8485425e+02   2.1675731e+02   2.1863323e+02   1.9835461e+02   2.7618936e+02   2.9092769e+02   2.3070498e+02   2.3698937e+02   1.6900585e+02   1.9218294e+02   2.8948242e+02   2.5232797e+02   1.6769197e+02   2.6141088e+02   1.9412687e+02   2.3128031e+02   2.3253611e+02   2.9817197e+02   2.7575591e+02   2.1225853e+02   6.5057339e+01
   2.2432565e+02   2.3460236e+02   2.3710107e+02   2.0830182e+02   1.5800417e+02   1.2917317e+02   2.2008103e+02   2.4482515e+02   2.3974071e+02   1.8485425e+02   2.1448152e+02   2.1863323e+02   1.9835461e+02   2.7618936e+02   2.3862259e+02   2.3070498e+02   2.3698937e+02   1.6900585e+02   1.9218294e+02   2.8948242e+02   2.5232797e+02   1.6769197e+02   2.0081366e+02   1.9412687e+02   1.8852879e+02   2.3253611e+02   2.3500816e+02   2.5466154e+02   2.1225853e+02   6.5057339e+01
   2.0489012e+02   2.3225742e+02   2.0445042e+02   2.0830182e+02   1.5800417e+02   1.2917317e+02   2.2008103e+02   1.6647064e+02   2.3776084e+02   1.8485425e+02   2.1448152e+02   2.1863323e+02   1.9835461e+02   2.1059814e+02   2.3862259e+02   1.8675085e+02   2.3611183e+02   1.6900585e+02   1.9218294e+02   1.6189309e+02   2.2562440e+02   1.6769197e+02   1.7502330e+02   1.9412687e+02   1.8852879e+02   2.3253611e+02   2.3500816e+02   2.1668565e+02   2.0949298e+02   6.5057339e+01
   2.0489012e+02   1.2125803e+02   2.0445042e+02   9.4693789e+01   1.5800417e+02   7.9525660e+01   2.0399232e+02   1.4536490e+02   1.3988417e+02   1.5249400e+02   1.5288448e+02   2.0590939e+02   1.7865165e+02   1.3214860e+02   1.9484005e+02   1.4587625e+02   1.5116438e+02   1.6577147e+02   1.3833745e+02   1.6189309e+02   2.0107669e+02   1.6769197e+02   1.2754777e+02   1.9412687e+02   1.2513531e+02   2.2718954e+02   1.7585784e+02   1.5798763e+02   1.7700924e+02   6.5057339e+01
   6.5186767e+01   1.2125803e+02   9.8501809e+01   8.1664073e+01   3.9814766e+01   7.9525660e+01   8.5808470e+01   7.9120803e+01   2.8615083e+01   3.2055913e+01   1.0129643e+02   5.1951638e+01   7.2882843e+01   5.8382044e+01   2.8557469e+01   8.5437049e+01   1.1384456e+02   1.2325877e+02   1.0235945e+02   6.2749651e+01   9.3087686e+01   5.3921263e+01   4.2939077e+01   1.1558015e+02   8.8307404e+01   9.4191970e+00   7.6768977e+01   5.5607011e+01   6.5378688e+01   6.5057339e+01
   8.4343853e+00   1.2152664e+01   4.5800478e+00   1.0376023e+01   1.7684393e+01   2.1615079e+01   1.5698872e+01   8.9285670e+00   6.1777825e+00   1.1238177e+01   1.1008730e+01   2.8977345e+01   2.1219406e+01   2.0234955e+01   1.5390392e+01   8.6109662e+00   2.0675833e+01   1.2565079e+01   3.0421312e+01   1.2530443e+01   8.4665186e+00   5.8230107e+00   9.5038576e+00   1.3792046e+01   6.3464346e+00   9.4191970e+00   1.9095421e+01   1.8209724e+01   6.6168496e+00   1.2685095e+01
   1.1417989e-01   9.4054161e-02   1.2174164e-01   7.6187016e-02   2.1306879e-01   2.2581397e-01   1.4168195e-01   2.0981220e-01   9.7250789e-02   6.5213583e-02   1.3339091e-01   1.5464191e-01   1.7175345e-01   1.2960561e-01   7.2664884e-02   1.2743240e-01   1.1767661e-01   2.8741088e-01   3.5837067e-01   1.3732931e-01   1.4971084e-01   1.6407752e-01   1.1327647e-01   1.5339026e-01   9.5296977e-02   1.0488859e-01   1.9483563e-01   1.5287717e-01   1.5050601e-01   1.3245844e-01
   6.2001068e-03   7.8939117e-03   8.0432596e-03   5.4460642e-03   8.1722989e-03   6.8226308e-03   7.6107395e-03   9.6280405e-03   6.9404555e-03   7.1595823e-03   4.8428390e-03   7.7599697e-03   6.7157881e-03   9.4100900e-03   8.0122846e-03   7.3654432e-03   9.7303852e-03   8.0188673e-03   8.4370483e-03   6.2412738e-03   8.0186826e-03   6.8749019e-03   5.2887821e-03   8.3191483e-03   7.0098931e-03   7.2728652e-03   9.2933921e-03   7.9384313e-03   7.7005871e-03   7.3253137e-03
   4.8400017e-03   3.7897510e-03   4.6347166e-03   4.3718659e-03   4.8366564e-03   4.7778762e-03   3.5561518e-03   4.3091217e-03   1.8776112e-03   4.6876370e-03   3.8956587e-03   3.8047386e-03   2.1612462e-03   2.4404074e-03   4.4104804e-03   5.1228240e-03   1.7866359e-03   2.9927647e-03   3.4447904e-03   5.0698820e-03   4.0020977e-03   3.9431006e-03   5.2887821e-03   3.4588381e-03   3.1756047e-03   1.6942991e-03   4.0752232e-03   3.1691025e-03   4.9565139e-03   4.7994082e-03
   0.0000000e+00   0.0000000e+00   1.0679166e-08   0.0000000e+00   1.9761693e-08   0.0000000e+00   5.2221608e-08   0.0000000e+00   0.0000000e+00   0.0000000e+00   4.2910962e-08   0.0000000e+00   0.0000000e+00   2.7410408e-08   2.7637682e-08   0.0000000e+00   0.0000000e+00   0.0000000e+00   0.0000000e+00   0.0000000e+00   0.0000000e+00   0.0000000e+00   6.9291502e-08   0.0000000e+00   1.0944376e-08   0.0000000e+00   0.0000000e+00   0.0000000e+00   0.0000000e+00   0.0000000e+00
   0.0000000e+00   0.0000000e+00   0.0000000e+00   0.0000000e+00   0.0000000e+00   0.0000000e+00   0.0000000e+00   0.0000000e+00   0.0000000e+00   0.0000000e+00   0.0000000e+00   0.0000000e+00   0.0000000e+00   0.0000000e+00   0.0000000e+00   0.0000000e+00   0.0000000e+00   0.0000000e+00   0.0000000e+00   0.0000000e+00   0.0000000e+00   0.0000000e+00   0.0000000e+00   0.0000000e+00   0.0000000e+00   0.0000000e+00   0.0000000e+00   0.0000000e+00   0.0000000e+00   0.0000000e+00
   0.0000000e+00   0.0000000e+00   0.0000000e+00   0.0000000e+00   0.0000000e+00   0.0000000e+00   0.0000000e+00   0.0000000e+00   0.0000000e+00   0.0000000e+00   0.0000000e+00   0.0000000e+00   0.0000000e+00   0.0000000e+00   0.0000000e+00   0.0000000e+00   0.0000000e+00   0.0000000e+00   0.0000000e+00   0.0000000e+00   0.0000000e+00   0.0000000e+00   0.0000000e+00   0.0000000e+00   0.0000000e+00   0.0000000e+00   0.0000000e+00   0.0000000e+00   0.0000000e+00   0.0000000e+00
