   1.9003243e+03   1.3119732e+03   5.6982330e+02   1.0425479e+03   2.0515113e+03   8.8075973e+02   1.1077974e+03   1.0818499e+03   8.1853647e+02   9.3611738e+02   1.5998456e+03   1.6002192e+03   1.3717472e+03   7.3040630e+02   1.4384418e+03   9.6759690e+02   1.3995454e+03   1.4938302e+03   1.3163929e+03   1.7313534e+03   1.7427013e+03   1.2196306e+03   1.1854639e+03   1.2697944e+03   9.7688509e+02   2.0233735e+03   6.6685021e+02   1.4730097e+03   1.3265510e+03   1.0410625e+03
   1.0198557e+03   1.1617297e+03   5.6982330e+02   7.6928530e+02   1.0793827e+03   4.9570480e+02   1.1077974e+03   6.4159547e+02   8.1853647e+02   9.3611738e+02   1.4565720e+03   9.8677541e+02   1.0624444e+03   7.3040630e+02   1.4384418e+03   9.6759690e+02   1.2325194e+03   1.3399231e+03   1.3163929e+03   9.7503544e+02   1.2424799e+03   3.1190523e+02   1.1854639e+03   9.7891397e+02   9.7688509e+02   1.0139253e+03   6.6685021e+02   1.4730097e+03   8.7703725e+02   1.0410625e+03
   1.0081041e+03   7.1916455e+02   5.6982330e+02   7.2883392e+02   1.0793827e+03   4.9570480e+02   5.6978166e+02   6.4159547e+02   5.5105250e+02   5.8312720e+02   9.3075476e+02   6.9252903e+02   8.8129340e+02   7.3040630e+02   4.8612206e+02   9.6759690e+02   9.6475578e+02   7.6409034e+02   8.8304541e+02   7.4351891e+02   8.1283931e+02   3.1190523e+02   9.9049029e+02   9.7891397e+02   6.4182886e+02   7.7757564e+02   6.6685021e+02   6.4899068e+02   7.8063694e+02   1.0410625e+03
   1.0081041e+03   7.1916455e+02   5.6982330e+02   7.2883392e+02   3.7790973e+02   4.9570480e+02   5.6978166e+02   2.7106027e+02   5.5105250e+02   3.1483934e+02   3.1057009e+02   6.9252903e+02   7.5634125e+02   7.3040630e+02   4.8612206e+02   4.6875200e+02   6.9525626e+02   7.6409034e+02   8.2337004e+02   7.4351891e+02   5.8370288e+02   3.1190523e+02   6.3101096e+02   4.1782584e+02   6.4182886e+02   4.6219145e+02   6.5751571e+02   6.4899068e+02   7.8063694e+02   5.6975156e+02
   6.6522719e+02   4.5015944e+02   4.8255588e+02   6.4951674e+02   3.7790973e+02   4.9570480e+02   5.6978166e+02   2.7106027e+02   4.0241857e+02   3.1483934e+02   3.1057009e+02   4.0252747e+02   3.8580463e+02   5.7634288e+02   4.5006826e+02   4.6875200e+02   5.0072980e+02   5.1557610e+02   6.4094075e+02   3.9661781e+02   4.5945389e+02   3.1190523e+02   6.3101096e+02   4.1782584e+02   4.5667791e+02   3.0533252e+02   4.6848846e+02   5.0472509e+02   4.1724916e+02   5.6975156e+02
   3.7302686e+02   3.5330235e+02   4.8255588e+02   3.2033969e+02   2.6572534e+02   2.9783292e+02   3.2057563e+02   2.7106027e+02   2.5623957e+02   1.7733959e+02   3.1057009e+02   3.4091752e+02   3.2749618e+02   2.4338512e+02   4.1830315e+02   3.5022255e+02   2.9319680e+02   3.8904954e+02   2.0289033e+02   3.2410048e+02   4.5945389e+02   3.1190523e+02   3.2773963e+02   2.5712048e+02   3.4825024e+02   3.0533252e+02   3.3170065e+02   3.2926883e+02   3.1192021e+02   3.5647352e+02
   3.6364731e+02   2.4777092e+02   2.4866747e+02   2.3293004e+02   2.6572534e+02   2.4195708e+02   2.5509245e+02   2.7106027e+02   2.5623957e+02   1.7733959e+02   2.8510111e+02   2.4084201e+02   2.4096251e+02   2.4338512e+02   2.5075973e+02   2.1613125e+02   2.4922231e+02   3.2420531e+02   2.0289033e+02   2.7108010e+02   2.9378599e+02   2.2153162e+02   2.7514889e+02   2.5712048e+02   2.4940256e+02   2.6223018e+02   1.9828679e+02   2.5485353e+02   3.1192021e+02   2.6233453e+02
   1.6848847e+02   1.7373699e+02   1.4448349e+02   1.5214001e+02   1.4429051e+02   1.7008485e+02   1.8478425e+02   1.8765901e+02   1.4576447e+02   1.5846857e+02   1.5341235e+02   1.6872151e+02   1.8121566e+02   1.5906681e+02   1.6255478e+02   1.5923045e+02   1.4800989e+02   1.6856556e+02   1.6947241e+02   1.8155048e+02   1.5720240e+02   1.7266638e+02   1.3512953e+02   1.9629624e+02   1.7432668e+02   1.9191571e+02   1.5750865e+02   1.7651367e+02   1.9633606e+02   1.4265744e+02
   1.3321103e+02   1.2324604e+02   1.3925259e+02   1.2497307e+02   1.2708413e+02   1.2722657e+02   1.3297496e+02   1.2946326e+02   1.2591191e+02   1.3827482e+02   1.1837409e+02   1.2625246e+02   1.2805245e+02   1.3666103e+02   1.3688551e+02   1.3858623e+02   1.2695641e+02   1.2381244e+02   1.3030680e+02   1.2319774e+02   1.3441419e+02   1.3330382e+02   1.2637114e+02   1.2855845e+02   1.2419725e+02   1.3210313e+02   1.2914076e+02   1.2189075e+02   1.3267046e+02   1.2390876e+02
   1.1582102e+02   1.1479801e+02   1.1500244e+02   1.1448344e+02   1.1417493e+02   1.1341201e+02   1.1343052e+02   1.1479484e+02   1.1423910e+02   1.1672170e+02   1.1404689e+02   1.1549543e+02   1.1453720e+02   1.1584458e+02   1.1380088e+02   1.1448788e+02   1.1483038e+02   1.1442224e+02   1.1711389e+02   1.1264638e+02   1.1486209e+02   1.1479588e+02   1.1452345e+02   1.1489215e+02   1.1505227e+02   1.1536791e+02   1.1276514e+02   1.1427521e+02   1.1410838e+02   1.1336587e+02
   1.1109422e+02   1.0690644e+02   1.0945161e+02   1.1079110e+02   1.0853182e+02   1.0961804e+02   1.0915773e+02   1.1078096e+02   1.0933147e+02   1.1082114e+02   1.1060514e+02   1.0929125e+02   1.0798010e+02   1.1076040e+02   1.0899123e+02   1.0952122e+02   1.0988753e+02   1.0933378e+02   1.1120109e+02   1.1042128e+02   1.1080844e+02   1.1011760e+02   1.1035838e+02   1.1121203e+02   1.0928597e+02   1.1051042e+02   1.0965894e+02   1.0983211e+02   1.1004162e+02   1.1045610e+02
   1.0712984e+02   1.0545175e+02   1.0493288e+02   1.0636230e+02   1.0569795e+02   1.0608416e+02   1.0510050e+02   1.0651863e+02   1.0575042e+02   1.0494997e+02   1.0591563e+02   1.0683579e+02   1.0552152e+02   1.0681141e+02   1.0791067e+02   1.0696521e+02   1.0652575e+02   1.0592885e+02   1.0748975e+02   1.0684447e+02   1.0687240e+02   1.0702754e+02   1.0669829e+02   1.0699812e+02   1.0758091e+02   1.0515650e+02   1.0668816e+02   1.0815090e+02   1.0449687e+02   1.0775748e+02
   1.0449434e+02   1.0311151e+02   1.0387183e+02   1.0578065e+02   1.0488134e+02   1.0446276e+02   1.0229236e+02   1.0473073e+02   1.0378280e+02   1.0366871e+02   1.0432552e+02   1.0331315e+02   1.0432036e+02   1.0462620e+02   1.0458992e+02   1.0392397e+02   1.0536695e+02   1.0371348e+02   1.0380081e+02   1.0344697e+02   1.0395081e+02   1.0207564e+02   1.0469279e+02   1.0426998e+02   1.0426037e+02   1.0340640e+02   1.0456495e+02   1.0505834e+02   1.0449687e+02   1.0369880e+02
   1.0146732e+02   1.0138041e+02   1.0127004e+02   1.0154634e+02   1.0066804e+02   1.0075564e+02   1.0117653e+02   1.0141722e+02   1.0129273e+02   1.0124532e+02   1.0126412e+02   1.0114816e+02   1.0107845e+02   1.0139926e+02   1.0131731e+02   1.0149151e+02   1.0120630e+02   1.0168614e+02   1.0056244e+02   1.0137640e+02   1.0158290e+02   1.0156583e+02   1.0077134e+02   1.0085494e+02   1.0156051e+02   1.0084518e+02   1.0081904e+02   1.0107389e+02   1.0150031e+02   1.0106300e+02
   1.0012283e+02   1.0019258e+02   1.0015458e+02   1.0016337e+02   1.0019629e+02   1.0025397e+02   1.0011923e+02   1.0036166e+02   1.0011551e+02   1.0011614e+02   1.0027695e+02   1.0010767e+02   1.0016048e+02   1.0035317e+02   1.0023717e+02   1.0027177e+02   1.0013827e+02   1.0007588e+02   1.0011637e+02   1.0014461e+02   1.0022202e+02   1.0012171e+02   1.0018808e+02   1.0019661e+02   1.0039325e+02   1.0010314e+02   1.0031342e+02   1.0009380e+02   1.0026857e+02   1.0008344e+02
   1.0000000e+02   1.0000000e+02   1.0000000e+02   1.0000000e+02   1.0000000e+02   1.0000000e+02   1.0000000e+02   1.0000000e+02   1.0000000e+02   1.0000000e+02   1.0000000e+02   1.0000000e+02   1.0000000e+02   1.0000000e+02   1.0000000e+02   1.0000000e+02   1.0000000e+02   1.0000000e+02   1.0000000e+02   1.0000000e+02   1.0000000e+02   1.0000000e+02   1.0000000e+02   1.0000000e+02   1.0000000e+02   1.0000000e+02   1.0000000e+02   1.0000000e+02   1.0000000e+02   1.0000000e+02
