   5.2696560e+03   5.4212533e+03   5.1981920e+03   5.2173755e+03   5.2204568e+03   5.1393519e+03   4.9367367e+03   5.3215835e+03   4.8966664e+03   4.7995539e+03   5.4318833e+03   4.0676659e+03   5.1166886e+03   5.3110717e+03   5.3055462e+03   5.4004879e+03   4.7088099e+03   5.8014196e+03   5.2724887e+03   5.3820571e+03   5.0719785e+03   5.0581173e+03   4.5156647e+03   4.8443253e+03   5.0127138e+03   4.6695271e+03   5.5148986e+03   5.1699523e+03   5.5324123e+03   5.1707087e+03
   4.5246120e+02   3.0989226e+02   5.5478323e+01   4.6920373e+02   4.4787263e+02   2.7032952e+02   6.7293795e+02   3.2695278e-01   3.7203910e+02   7.5298434e+01   6.7490550e+02   3.8262799e-01   1.7241622e+02   8.4321670e+02   1.1363358e+02   1.4584659e+02   1.6610652e+02   1.1441663e+03   1.2402747e+02   4.4718751e+01   5.6188580e+01   1.9380770e+02   5.7240716e+02   4.9955054e+02   1.1757782e+02   6.5866874e+02   4.2368926e+02   4.5970499e-04   4.3391487e-01   1.2366251e+01
   8.8298188e+01   6.9345914e+01   3.0885782e+00   1.9871560e+02   5.8606207e+00   6.5008722e+01   2.1429101e+02   3.2695278e-01   1.9115783e+02   1.7266674e+01   1.3185491e+01   3.8262799e-01   7.8557928e+01   2.4849314e+00   6.0499363e+01   1.6858988e+01   4.7756364e+01   6.7091737e+01   4.5483750e+01   9.4185298e+00   5.6188580e+01   7.0530228e+01   1.8013445e+00   1.6859809e+02   5.6384719e+00   6.5866874e+02   3.3984717e+02   4.5970499e-04   4.3391487e-01   1.2366251e+01
   6.5023844e-02   2.1740451e+01   3.0885782e+00   2.1343539e+00   5.8606207e+00   2.8284342e+01   8.4085067e+01   3.2695278e-01   1.2130098e+01   7.2558166e+00   1.3185491e+01   3.8262799e-01   7.8557928e+01   2.4849314e+00   3.6256167e+01   1.6858988e+01   4.7756364e+01   5.8677488e+01   4.5832792e+00   9.4185298e+00   8.1345542e+00   1.8272805e+01   1.8013445e+00   7.5689993e+01   5.6384719e+00   6.5456879e+01   1.0675022e+01   4.5970499e-04   4.3391487e-01   1.2366251e+01
   6.5023844e-02   1.2371920e+01   3.0885782e+00   2.1343539e+00   5.8606207e+00   1.1792951e+01   5.8118871e+00   3.2695278e-01   1.2130098e+01   1.4847771e+00   1.3185491e+01   3.8262799e-01   5.6776915e-01   2.4849314e+00   6.6116271e-01   1.6858988e+01   3.0717738e+01   5.4525614e+00   4.5832792e+00   6.3637308e-01   6.5727891e+00   3.4036380e+00   1.8013445e+00   3.5261090e+01   5.6384719e+00   1.7355940e+01   4.5182738e-01   4.5970499e-04   1.4246815e-01   4.0180359e+00
   6.5023844e-02   8.4856786e-04   5.7530511e-01   1.0726595e-02   5.8606207e+00   3.1877727e+00   5.8118871e+00   3.2695278e-01   1.4752962e+00   1.4460229e+00   7.6275172e-01   3.8262799e-01   5.6776915e-01   1.3604997e+00   6.6116271e-01   7.9252912e+00   3.0528212e-03   1.6134942e-01   4.5832792e+00   2.6087454e-02   5.6133404e-01   2.5221981e-02   1.8013445e+00   9.1726921e-01   2.0292189e+00   3.9551814e-02   3.2282587e-02   4.5970499e-04   1.4246815e-01   4.0180359e+00
   6.5023844e-02   8.4856786e-04   5.7530511e-01   1.0726595e-02   3.5118351e+00   4.8923091e-01   6.5634316e-03   3.2695278e-01   1.4752962e+00   1.4460229e+00   7.6275172e-01   3.8262799e-01   5.6776915e-01   1.3604997e+00   6.6116271e-01   7.7893426e-01   3.0528212e-03   1.6134942e-01   1.4254853e-03   7.6944022e-03   5.6133404e-01   2.5221981e-02   1.8013445e+00   9.1726921e-01   5.2295039e-01   3.9551814e-02   3.2282587e-02   4.5970499e-04   1.4246815e-01   3.0797325e-01
   6.5023844e-02   8.4856786e-04   5.7530511e-01   1.0726595e-02   1.2497833e+00   2.7420423e-01   6.5634316e-03   3.2695278e-01   1.4752962e+00   1.4460229e+00   2.0906521e-01   3.8262799e-01   7.5395856e-03   8.4748096e-04   1.5210509e-02   1.0585135e-01   3.0528212e-03   1.0130433e-02   1.4254853e-03   7.6944022e-03   5.6133404e-01   2.5221981e-02   2.1245959e-01   9.1726921e-01   7.8263992e-02   2.5988795e-04   3.2282587e-02   4.5970499e-04   1.2879603e-01   2.6354027e-01
   6.5023844e-02   8.4856786e-04   3.5368034e-02   1.0726595e-02   3.3120357e-02   2.3227105e-02   6.5634316e-03   3.2695278e-01   4.1061283e-02   1.1113368e-01   2.6412805e-04   4.9335919e-02   7.5395856e-03   8.4748096e-04   1.5210509e-02   1.0585135e-01   3.0528212e-03   4.3760403e-03   1.4254853e-03   7.6944022e-03   5.2183313e-02   2.5221981e-02   1.1340314e-01   7.6092059e-02   2.3016944e-02   2.5988795e-04   3.2282587e-02   4.5970499e-04   1.2879603e-01   2.6354027e-01
   6.6855719e-05   3.2044614e-05   2.2575223e-06   2.8811472e-05   4.1156851e-05   3.4421464e-07   2.8348550e-06   1.3242330e-05   9.4159077e-07   4.2289463e-05   3.2058106e-06   6.2232311e-05   2.3524277e-05   2.0852474e-05   1.5202197e-05   1.3134619e-05   2.1032665e-06   6.2730942e-07   1.4543488e-05   1.4496885e-05   3.3639304e-05   4.0715606e-05   8.0290611e-05   1.2332948e-06   1.8934419e-05   1.5288460e-06   2.3725752e-06   1.6551385e-06   2.7742863e-07   7.8348603e-07
   0.0000000e+00   0.0000000e+00   0.0000000e+00   0.0000000e+00   0.0000000e+00   0.0000000e+00   0.0000000e+00   0.0000000e+00   0.0000000e+00   0.0000000e+00   0.0000000e+00   0.0000000e+00   0.0000000e+00   0.0000000e+00   0.0000000e+00   0.0000000e+00   0.0000000e+00   0.0000000e+00   0.0000000e+00   0.0000000e+00   0.0000000e+00   0.0000000e+00   0.0000000e+00   0.0000000e+00   0.0000000e+00   0.0000000e+00   0.0000000e+00   0.0000000e+00   0.0000000e+00   0.0000000e+00
   0.0000000e+00   0.0000000e+00   0.0000000e+00   0.0000000e+00   0.0000000e+00   0.0000000e+00   0.0000000e+00   0.0000000e+00   0.0000000e+00   0.0000000e+00   0.0000000e+00   0.0000000e+00   0.0000000e+00   0.0000000e+00   0.0000000e+00   0.0000000e+00   0.0000000e+00   0.0000000e+00   0.0000000e+00   0.0000000e+00   0.0000000e+00   0.0000000e+00   0.0000000e+00   0.0000000e+00   0.0000000e+00   0.0000000e+00   0.0000000e+00   0.0000000e+00   0.0000000e+00   0.0000000e+00
   0.0000000e+00   0.0000000e+00   0.0000000e+00   0.0000000e+00   0.0000000e+00   0.0000000e+00   0.0000000e+00   0.0000000e+00   0.0000000e+00   0.0000000e+00   0.0000000e+00   0.0000000e+00   0.0000000e+00   0.0000000e+00   0.0000000e+00   0.0000000e+00   0.0000000e+00   0.0000000e+00   0.0000000e+00   0.0000000e+00   0.0000000e+00   0.0000000e+00   0.0000000e+00   0.0000000e+00   0.0000000e+00   0.0000000e+00   0.0000000e+00   0.0000000e+00   0.0000000e+00   0.0000000e+00
   0.0000000e+00   0.0000000e+00   0.0000000e+00   0.0000000e+00   0.0000000e+00   0.0000000e+00   0.0000000e+00   0.0000000e+00   0.0000000e+00   0.0000000e+00   0.0000000e+00   0.0000000e+00   0.0000000e+00   0.0000000e+00   0.0000000e+00   0.0000000e+00   0.0000000e+00   0.0000000e+00   0.0000000e+00   0.0000000e+00   0.0000000e+00   0.0000000e+00   0.0000000e+00   0.0000000e+00   0.0000000e+00   0.0000000e+00   0.0000000e+00   0.0000000e+00   0.0000000e+00   0.0000000e+00
   0.0000000e+00   0.0000000e+00   0.0000000e+00   0.0000000e+00   0.0000000e+00   0.0000000e+00   0.0000000e+00   0.0000000e+00   0.0000000e+00   0.0000000e+00   0.0000000e+00   0.0000000e+00   0.0000000e+00   0.0000000e+00   0.0000000e+00   0.0000000e+00   0.0000000e+00   0.0000000e+00   0.0000000e+00   0.0000000e+00   0.0000000e+00   0.0000000e+00   0.0000000e+00   0.0000000e+00   0.0000000e+00   0.0000000e+00   0.0000000e+00   0.0000000e+00   0.0000000e+00   0.0000000e+00
   0.0000000e+00   0.0000000e+00   0.0000000e+00   0.0000000e+00   0.0000000e+00   0.0000000e+00   0.0000000e+00   0.0000000e+00   0.0000000e+00   0.0000000e+00   0.0000000e+00   0.0000000e+00   0.0000000e+00   0.0000000e+00   0.0000000e+00   0.0000000e+00   0.0000000e+00   0.0000000e+00   0.0000000e+00   0.0000000e+00   0.0000000e+00   0.0000000e+00   0.0000000e+00   0.0000000e+00   0.0000000e+00   0.0000000e+00   0.0000000e+00   0.0000000e+00   0.0000000e+00   0.0000000e+00
