   1.1258113e+03   1.1611982e+03   9.1678251e+02   1.0539950e+03   1.1031012e+03   1.1398004e+03   1.0750038e+03   1.0652972e+03   1.0388134e+03   1.1527717e+03   1.1496277e+03   1.0630084e+03   1.0151009e+03   1.0880354e+03   1.1831737e+03   1.0282910e+03   1.0591960e+03   1.1130297e+03   1.0883100e+03   9.0627665e+02   9.9883890e+02   1.0418363e+03   1.0036124e+03   1.1500390e+03   1.0201683e+03   1.1764392e+03   8.7438047e+02   9.1943907e+02   8.5366808e+02   9.0377530e+02
   1.8562524e+01   4.2745023e-01   1.3257769e+01   7.0074012e+01   1.2432561e+02   1.5866969e+02   2.9775452e+01   6.2324808e+01   1.9718107e+01   9.9368215e+00   8.7163801e+00   3.7340513e+00   6.9751271e+01   1.5925375e+02   6.3151311e+01   1.8697376e+00   4.4566990e-01   5.3304235e+01   7.2662383e+01   3.5699082e+01   1.0213292e+02   1.3432795e+02   1.6425541e+01   4.6089721e+01   8.0501569e+01   1.4630831e+01   1.8382752e+02   3.8353297e+01   2.8697169e-01   6.8157386e+00
   1.6555743e+01   4.2745023e-01   1.3257769e+01   1.8058208e+00   8.2829126e+01   1.2540361e+01   1.0002707e+01   7.1482913e+00   1.9718107e+01   2.8129294e+00   4.3517354e+00   3.7340513e+00   1.6604903e+01   8.4293063e-01   5.0485175e-01   1.8697376e+00   4.4566990e-01   1.7372032e+01   2.2555751e+01   3.9709548e-01   7.6184790e+01   5.3385905e+01   1.6425541e+01   3.6463974e+00   1.5227151e+01   1.4630831e+01   2.1596779e+01   7.1814070e+00   2.8697169e-01   6.8157386e+00
   1.6555743e+01   4.2745023e-01   1.9202621e+00   1.8058208e+00   1.1621982e+01   1.2540361e+01   4.0821432e+00   6.5906369e+00   1.9718107e+01   2.8129294e+00   3.1687259e-03   8.9659478e-01   1.1607512e+01   8.4293063e-01   1.7553199e-01   1.8697376e+00   4.4566990e-01   3.3426006e-01   2.2555751e+01   3.9709548e-01   1.5418001e+01   3.2438612e+00   1.0531509e+01   3.6463974e+00   1.5227151e+01   1.4630831e+01   2.1596779e+01   4.0932288e+00   2.8697169e-01   1.1472943e+00
   1.2571042e+00   4.2745023e-01   1.9202621e+00   1.8058208e+00   3.4945019e+00   4.2578038e+00   4.0821432e+00   6.5906369e+00   5.8689980e+00   5.3824117e-01   3.1687259e-03   3.9618278e-01   4.5956602e+00   8.4293063e-01   1.7553199e-01   1.5473382e+00   4.4566990e-01   3.3426006e-01   2.3707377e-01   3.9709548e-01   2.0333859e-03   3.2438612e+00   2.9736573e-01   4.9991928e-01   1.2889779e-01   2.3165274e+00   3.1309965e+00   4.0932288e+00   7.0515026e-02   1.1472943e+00
   1.2571042e+00   1.4241398e-01   2.8301124e-01   4.6013825e-01   2.7757286e+00   5.9557327e-04   2.1993874e+00   1.9450816e-01   1.1271571e-01   5.3824117e-01   5.7179998e-05   3.8570683e-01   9.4018819e-01   8.4293063e-01   1.7553199e-01   6.3625269e-02   4.4566990e-01   3.3426006e-01   1.0155944e-01   3.9709548e-01   2.0333859e-03   8.0264413e-01   4.4960950e-02   2.5075255e-02   1.2889779e-01   1.7698148e-01   3.1309965e+00   2.3744053e+00   7.0515026e-02   1.3275462e-01
   1.2571042e+00   1.4241398e-01   2.8301124e-01   4.5811397e-02   1.9055345e-01   5.9557327e-04   1.2510314e+00   1.9450816e-01   1.1271571e-01   1.6276446e-01   5.7179998e-05   6.2466376e-02   4.2575775e-01   8.4293063e-01   4.7095138e-03   3.4934117e-02   1.8883739e-01   2.3064822e-01   6.1805338e-02   3.2276353e-01   2.0333859e-03   5.5941547e-03   4.4960950e-02   2.5075255e-02   1.2889779e-01   9.8715230e-02   1.3528469e-01   2.1183207e-01   7.0515026e-02   1.3275462e-01
   1.6528778e-01   1.4241398e-01   2.8301124e-01   4.5811397e-02   2.7214986e-02   5.9557327e-04   8.9210124e-02   1.8765326e-01   1.0365430e-01   7.9473389e-02   5.7179998e-05   6.2466376e-02   1.0718445e-02   1.2291973e-01   4.7095138e-03   3.4934117e-02   1.8883739e-01   1.6782042e-01   1.3342834e-02   1.0664336e-02   2.0333859e-03   5.5941547e-03   4.4960950e-02   1.1236693e-02   2.4451395e-02   7.5493450e-03   6.1117244e-03   1.9531296e-01   7.9375166e-03   3.3145558e-03
   1.2152280e-02   8.4311636e-03   1.3546015e-04   4.4780843e-03   2.7214986e-02   5.9557327e-04   1.3631535e-02   1.4253441e-03   8.1649689e-03   1.5767736e-02   5.7179998e-05   6.2466376e-02   4.4041266e-04   4.5460997e-02   4.7095138e-03   2.5001598e-03   7.3774651e-02   1.2584282e-01   1.3342834e-02   1.0664336e-02   2.0333859e-03   5.5941547e-03   4.4960950e-02   2.5704872e-03   2.0953546e-02   7.5493450e-03   6.1117244e-03   1.9531296e-01   4.4126604e-04   3.3145558e-03
   4.0443139e-06   6.8517297e-06   1.0395944e-06   1.9636662e-05   1.3669547e-05   2.3009308e-06   3.7527757e-07   3.4322388e-06   5.3632365e-06   5.6891036e-06   3.5581475e-07   6.2863982e-07   5.2704379e-07   2.7328540e-06   4.4015894e-07   1.0692122e-05   0.0000000e+00   2.6064493e-05   1.6581350e-08   1.6316667e-05   2.4899793e-07   7.2132725e-07   1.2897302e-05   1.0197995e-06   1.2894353e-06   4.5722928e-05   2.4685764e-07   6.5085601e-08   1.0998165e-06   2.6338579e-06
   0.0000000e+00   0.0000000e+00   0.0000000e+00   0.0000000e+00   0.0000000e+00   0.0000000e+00   0.0000000e+00   0.0000000e+00   0.0000000e+00   0.0000000e+00   0.0000000e+00   0.0000000e+00   0.0000000e+00   0.0000000e+00   0.0000000e+00   0.0000000e+00   0.0000000e+00   0.0000000e+00   0.0000000e+00   0.0000000e+00   0.0000000e+00   0.0000000e+00   0.0000000e+00   0.0000000e+00   0.0000000e+00   0.0000000e+00   0.0000000e+00   0.0000000e+00   0.0000000e+00   0.0000000e+00
   0.0000000e+00   0.0000000e+00   0.0000000e+00   0.0000000e+00   0.0000000e+00   0.0000000e+00   0.0000000e+00   0.0000000e+00   0.0000000e+00   0.0000000e+00   0.0000000e+00   0.0000000e+00   0.0000000e+00   0.0000000e+00   0.0000000e+00   0.0000000e+00   0.0000000e+00   0.0000000e+00   0.0000000e+00   0.0000000e+00   0.0000000e+00   0.0000000e+00   0.0000000e+00   0.0000000e+00   0.0000000e+00   0.0000000e+00   0.0000000e+00   0.0000000e+00   0.0000000e+00   0.0000000e+00
   0.0000000e+00   0.0000000e+00   0.0000000e+00   0.0000000e+00   0.0000000e+00   0.0000000e+00   0.0000000e+00   0.0000000e+00   0.0000000e+00   0.0000000e+00   0.0000000e+00   0.0000000e+00   0.0000000e+00   0.0000000e+00   0.0000000e+00   0.0000000e+00   0.0000000e+00   0.0000000e+00   0.0000000e+00   0.0000000e+00   0.0000000e+00   0.0000000e+00   0.0000000e+00   0.0000000e+00   0.0000000e+00   0.0000000e+00   0.0000000e+00   0.0000000e+00   0.0000000e+00   0.0000000e+00
   0.0000000e+00   0.0000000e+00   0.0000000e+00   0.0000000e+00   0.0000000e+00   0.0000000e+00   0.0000000e+00   0.0000000e+00   0.0000000e+00   0.0000000e+00   0.0000000e+00   0.0000000e+00   0.0000000e+00   0.0000000e+00   0.0000000e+00   0.0000000e+00   0.0000000e+00   0.0000000e+00   0.0000000e+00   0.0000000e+00   0.0000000e+00   0.0000000e+00   0.0000000e+00   0.0000000e+00   0.0000000e+00   0.0000000e+00   0.0000000e+00   0.0000000e+00   0.0000000e+00   0.0000000e+00
   0.0000000e+00   0.0000000e+00   0.0000000e+00   0.0000000e+00   0.0000000e+00   0.0000000e+00   0.0000000e+00   0.0000000e+00   0.0000000e+00   0.0000000e+00   0.0000000e+00   0.0000000e+00   0.0000000e+00   0.0000000e+00   0.0000000e+00   0.0000000e+00   0.0000000e+00   0.0000000e+00   0.0000000e+00   0.0000000e+00   0.0000000e+00   0.0000000e+00   0.0000000e+00   0.0000000e+00   0.0000000e+00   0.0000000e+00   0.0000000e+00   0.0000000e+00   0.0000000e+00   0.0000000e+00
   0.0000000e+00   0.0000000e+00   0.0000000e+00   0.0000000e+00   0.0000000e+00   0.0000000e+00   0.0000000e+00   0.0000000e+00   0.0000000e+00   0.0000000e+00   0.0000000e+00   0.0000000e+00   0.0000000e+00   0.0000000e+00   0.0000000e+00   0.0000000e+00   0.0000000e+00   0.0000000e+00   0.0000000e+00   0.0000000e+00   0.0000000e+00   0.0000000e+00   0.0000000e+00   0.0000000e+00   0.0000000e+00   0.0000000e+00   0.0000000e+00   0.0000000e+00   0.0000000e+00   0.0000000e+00
