   2.1718389e+03   2.2732206e+03   1.9185521e+03   2.2980525e+03   1.8159167e+03   1.4615862e+03   2.2542599e+03   2.2422249e+03   1.9314289e+03   2.0724885e+03   2.2687882e+03   1.8444575e+03   2.1912777e+03   2.0828208e+03   1.7837685e+03   2.2469142e+03   2.3256238e+03   1.8610701e+03   2.0864878e+03   2.2600569e+03   1.8839090e+03   9.5080632e+02   2.0293669e+03   1.9875810e+03   2.3038488e+03   2.3217048e+03   2.1444395e+03   1.9117958e+03   1.7784337e+03   2.0780822e+03
   5.6049109e+01   2.2351400e+02   5.8181573e-01   3.0171574e+02   2.0264750e+02   5.5107050e+01   3.5084680e+01   1.7591711e+02   2.8870111e+02   3.1340856e+01   3.8319679e+02   2.4428568e+02   1.7760747e+01   3.2768640e+02   2.9161724e+02   1.6251059e+02   2.3011508e+00   2.7715688e+01   2.4368874e+00   7.2991717e+01   1.1227241e+01   8.9776211e-03   3.0298806e+02   2.4182249e+02   2.6013359e+02   1.5819852e+00   1.4903161e+01   5.5879322e+01   1.0722688e+02   5.5400026e+01
   1.2508262e+01   7.4440436e+01   5.8181573e-01   2.4993061e+01   7.9589613e+01   5.8216179e+00   3.5084680e+01   5.6225705e+01   4.6374999e+00   3.1340856e+01   6.3161334e+00   3.8943204e+00   8.8040290e-01   5.3510376e-01   7.0969330e+00   3.6822499e+01   2.3011508e+00   1.5459906e+01   2.4368874e+00   1.4337479e+01   9.0834401e-02   8.9776211e-03   1.0453815e-01   4.3349496e+01   2.8836964e+01   1.1690049e+00   1.4903161e+01   3.5947854e+01   6.3090607e+00   7.0095053e+00
   8.2875692e+00   1.8777874e+00   5.8181573e-01   2.4776992e-01   2.1937106e+00   4.1979374e+00   4.5426525e+00   1.0492384e+01   8.3599934e-01   4.7801327e-01   4.9962100e-01   3.8943204e+00   8.8040290e-01   5.3510376e-01   1.4377028e+00   5.2732848e+00   2.3011508e+00   1.2387528e+00   4.1278687e-03   4.5964047e+00   9.0834401e-02   8.9776211e-03   1.0453815e-01   3.4070630e-01   1.3902041e-02   1.1690049e+00   1.6968780e-01   7.6720965e-01   6.4217258e-01   7.0095053e+00
   3.5683848e+00   1.8777874e+00   5.8181573e-01   2.4776992e-01   2.1937106e+00   4.1979374e+00   4.5426525e+00   3.0299295e-01   8.3599934e-01   4.7801327e-01   4.9962100e-01   3.8943204e+00   5.7485075e-01   5.3510376e-01   1.3925945e-01   4.4722719e-02   1.4180068e+00   7.7339890e-01   4.1278687e-03   4.5964047e+00   9.0834401e-02   8.9776211e-03   1.0453815e-01   3.4070630e-01   1.3902041e-02   1.1690049e+00   1.6616345e-01   7.6720965e-01   6.4217258e-01   1.5335239e+00
   9.0977298e-01   7.6209423e-03   5.8181573e-01   2.4776992e-01   1.9676665e+00   7.5069209e-02   2.5519376e+00   3.0299295e-01   1.1425371e-01   4.7801327e-01   4.9962100e-01   1.0323138e+00   5.7485075e-01   5.3510376e-01   6.9575042e-02   4.4722719e-02   8.0778290e-01   7.7339890e-01   4.1278687e-03   6.0412093e-02   9.0834401e-02   8.9776211e-03   9.6902454e-03   3.4070630e-01   2.9801565e-03   1.1690049e+00   1.6616345e-01   1.0716981e-01   3.4437146e-01   1.5300603e+00
   3.4672455e-02   7.6209423e-03   5.8181573e-01   2.4776992e-01   6.3190903e-01   2.5665585e-03   1.7750554e+00   2.9586019e-01   2.1985231e-02   6.7536398e-02   3.6601905e-01   1.0323138e+00   1.7565035e-01   5.3510376e-01   6.9575042e-02   4.4722719e-02   5.3055055e-02   7.9896948e-02   4.1278687e-03   6.0412093e-02   9.0834401e-02   8.9776211e-03   9.6902454e-03   3.4070630e-01   2.9801565e-03   8.0364237e-01   1.6616345e-01   4.7931858e-03   3.4437146e-01   2.5631264e-01
   1.7244339e-04   4.5364138e-04   2.2649147e-07   2.9782520e-03   3.7369431e-03   1.9008620e-04   2.8615040e-04   7.1557412e-04   1.4596013e-03   7.4881427e-08   5.0646256e-04   6.1490150e-06   9.6588632e-05   4.2323236e-06   2.5096340e-04   1.7959911e-03   3.1484630e-05   4.4461198e-04   1.9179884e-03   5.3464586e-04   7.7864865e-04   8.9776211e-03   4.1394861e-05   2.5867477e-03   2.5251656e-04   1.5688199e-04   2.6231098e-03   2.8318384e-05   1.2689463e-03   3.6756099e-04
   5.9021659e-08   3.8081453e-07   2.2649147e-07   1.9194886e-08   9.3233439e-07   1.3644744e-06   0.0000000e+00   4.5609568e-07   8.5788088e-08   7.4881427e-08   1.0485342e-06   3.7302812e-06   1.1105158e-07   5.6480894e-07   1.4486249e-05   3.5166977e-08   2.2347558e-07   3.9841052e-07   0.0000000e+00   1.0553049e-07   2.9116109e-07   1.0839622e-06   3.0048623e-06   5.4629209e-07   7.7671302e-08   0.0000000e+00   2.7111582e-08   4.6575360e-07   5.0729341e-06   2.7192491e-06
   0.0000000e+00   0.0000000e+00   0.0000000e+00   0.0000000e+00   0.0000000e+00   0.0000000e+00   0.0000000e+00   0.0000000e+00   0.0000000e+00   0.0000000e+00   0.0000000e+00   0.0000000e+00   0.0000000e+00   0.0000000e+00   0.0000000e+00   0.0000000e+00   0.0000000e+00   0.0000000e+00   0.0000000e+00   0.0000000e+00   0.0000000e+00   0.0000000e+00   0.0000000e+00   0.0000000e+00   0.0000000e+00   0.0000000e+00   0.0000000e+00   0.0000000e+00   0.0000000e+00   0.0000000e+00
   0.0000000e+00   0.0000000e+00   0.0000000e+00   0.0000000e+00   0.0000000e+00   0.0000000e+00   0.0000000e+00   0.0000000e+00   0.0000000e+00   0.0000000e+00   0.0000000e+00   0.0000000e+00   0.0000000e+00   0.0000000e+00   0.0000000e+00   0.0000000e+00   0.0000000e+00   0.0000000e+00   0.0000000e+00   0.0000000e+00   0.0000000e+00   0.0000000e+00   0.0000000e+00   0.0000000e+00   0.0000000e+00   0.0000000e+00   0.0000000e+00   0.0000000e+00   0.0000000e+00   0.0000000e+00
   0.0000000e+00   0.0000000e+00   0.0000000e+00   0.0000000e+00   0.0000000e+00   0.0000000e+00   0.0000000e+00   0.0000000e+00   0.0000000e+00   0.0000000e+00   0.0000000e+00   0.0000000e+00   0.0000000e+00   0.0000000e+00   0.0000000e+00   0.0000000e+00   0.0000000e+00   0.0000000e+00   0.0000000e+00   0.0000000e+00   0.0000000e+00   0.0000000e+00   0.0000000e+00   0.0000000e+00   0.0000000e+00   0.0000000e+00   0.0000000e+00   0.0000000e+00   0.0000000e+00   0.0000000e+00
   0.0000000e+00   0.0000000e+00   0.0000000e+00   0.0000000e+00   0.0000000e+00   0.0000000e+00   0.0000000e+00   0.0000000e+00   0.0000000e+00   0.0000000e+00   0.0000000e+00   0.0000000e+00   0.0000000e+00   0.0000000e+00   0.0000000e+00   0.0000000e+00   0.0000000e+00   0.0000000e+00   0.0000000e+00   0.0000000e+00   0.0000000e+00   0.0000000e+00   0.0000000e+00   0.0000000e+00   0.0000000e+00   0.0000000e+00   0.0000000e+00   0.0000000e+00   0.0000000e+00   0.0000000e+00
   0.0000000e+00   0.0000000e+00   0.0000000e+00   0.0000000e+00   0.0000000e+00   0.0000000e+00   0.0000000e+00   0.0000000e+00   0.0000000e+00   0.0000000e+00   0.0000000e+00   0.0000000e+00   0.0000000e+00   0.0000000e+00   0.0000000e+00   0.0000000e+00   0.0000000e+00   0.0000000e+00   0.0000000e+00   0.0000000e+00   0.0000000e+00   0.0000000e+00   0.0000000e+00   0.0000000e+00   0.0000000e+00   0.0000000e+00   0.0000000e+00   0.0000000e+00   0.0000000e+00   0.0000000e+00
   0.0000000e+00   0.0000000e+00   0.0000000e+00   0.0000000e+00   0.0000000e+00   0.0000000e+00   0.0000000e+00   0.0000000e+00   0.0000000e+00   0.0000000e+00   0.0000000e+00   0.0000000e+00   0.0000000e+00   0.0000000e+00   0.0000000e+00   0.0000000e+00   0.0000000e+00   0.0000000e+00   0.0000000e+00   0.0000000e+00   0.0000000e+00   0.0000000e+00   0.0000000e+00   0.0000000e+00   0.0000000e+00   0.0000000e+00   0.0000000e+00   0.0000000e+00   0.0000000e+00   0.0000000e+00
   0.0000000e+00   0.0000000e+00   0.0000000e+00   0.0000000e+00   0.0000000e+00   0.0000000e+00   0.0000000e+00   0.0000000e+00   0.0000000e+00   0.0000000e+00   0.0000000e+00   0.0000000e+00   0.0000000e+00   0.0000000e+00   0.0000000e+00   0.0000000e+00   0.0000000e+00   0.0000000e+00   0.0000000e+00   0.0000000e+00   0.0000000e+00   0.0000000e+00   0.0000000e+00   0.0000000e+00   0.0000000e+00   0.0000000e+00   0.0000000e+00   0.0000000e+00   0.0000000e+00   0.0000000e+00
