   9.0049463e+02   9.1405246e+02   1.2502300e+03   7.8293192e+02   1.2181143e+03   8.9836463e+02   1.2310269e+03   6.0640606e+02   7.5219240e+02   1.3502392e+03   5.6335943e+02   1.0612381e+03   1.0675177e+03   1.5083811e+03   1.8047075e+03   1.0921738e+03   8.2443736e+02   1.4158308e+03   1.5096811e+03   1.3060002e+03   1.2202610e+03   1.1103451e+03   9.6665962e+02   1.1594338e+03   1.4547739e+03   1.1905898e+03   1.3952218e+03   1.2167918e+03   1.6322412e+03   1.2577258e+03
   8.8595100e+02   8.7415673e+02   9.6796677e+02   7.8293192e+02   1.0836217e+03   8.9836463e+02   1.1706409e+03   6.0640606e+02   7.5219240e+02   8.9718036e+02   5.6335943e+02   1.0612381e+03   1.0429885e+03   1.1469114e+03   1.3579973e+03   8.1293335e+02   8.2443736e+02   1.3018580e+03   8.2513952e+02   1.2949811e+03   1.0519262e+03   1.1103451e+03   8.8690983e+02   6.8274817e+02   7.9972606e+02   1.1905898e+03   1.2200993e+03   1.2167918e+03   8.1692653e+02   6.7223428e+02
   5.7225290e+02   8.4758717e+02   9.4546433e+02   3.3359588e+02   4.8099056e+02   8.7236649e+02   9.5439428e+02   6.0640606e+02   5.8180180e+02   4.6338540e+02   4.6884551e+02   7.3185488e+02   8.0346269e+02   7.6806552e+02   8.8793985e+02   8.1293335e+02   6.5426053e+02   8.1504403e+02   6.8281940e+02   1.1085014e+03   8.1531999e+02   9.5530119e+02   8.8575262e+02   6.8274817e+02   7.9972606e+02   8.9632130e+02   4.4832248e+02   8.9908499e+02   8.1692653e+02   5.6320990e+02
   5.5025548e+02   7.1237152e+02   8.1281837e+02   3.3359588e+02   4.8099056e+02   5.1737813e+02   4.5353494e+02   6.0640606e+02   5.8180180e+02   4.6338540e+02   4.6410677e+02   7.3185488e+02   8.0346269e+02   6.5238210e+02   8.5451634e+02   7.7768874e+02   6.5426053e+02   7.1096682e+02   5.7452478e+02   8.2819437e+02   7.0870961e+02   3.2636452e+02   8.8575262e+02   6.8274817e+02   4.6122434e+02   8.7057462e+02   4.4832248e+02   8.9005370e+02   8.1692653e+02   5.6320990e+02
   3.9908345e+02   4.8732204e+02   6.9141607e+02   3.3359588e+02   4.8099056e+02   5.1737813e+02   4.5353494e+02   4.3838947e+02   4.6602393e+02   4.6338540e+02   3.9156140e+02   5.7756467e+02   4.8206819e+02   4.6424921e+02   3.4038990e+02   5.3278821e+02   3.0565234e+02   4.8796473e+02   4.9659969e+02   5.3140725e+02   7.0870961e+02   3.2636452e+02   4.6541837e+02   4.2046662e+02   3.6175537e+02   5.8656808e+02   4.4832248e+02   6.3668218e+02   4.6986793e+02   4.3004655e+02
   3.6426784e+02   3.7298703e+02   3.6068252e+02   2.5699167e+02   2.8322129e+02   2.7360833e+02   3.8258845e+02   2.0624312e+02   3.6754779e+02   3.8006963e+02   3.4558909e+02   2.9158707e+02   3.5477300e+02   3.1305505e+02   3.3656823e+02   3.0704290e+02   3.0565234e+02   4.3886128e+02   3.0126939e+02   3.6691323e+02   2.4690807e+02   2.9567048e+02   3.1114869e+02   2.6819793e+02   2.4658482e+02   3.4201906e+02   2.3160595e+02   3.4772310e+02   3.4952655e+02   3.1448764e+02
   1.7743189e+02   2.7420673e+02   3.2584222e+02   2.5699167e+02   2.3390519e+02   2.0253914e+02   2.3105033e+02   2.0624312e+02   2.2632488e+02   2.6648012e+02   2.3054071e+02   2.4446720e+02   2.3040252e+02   2.3217057e+02   2.5363198e+02   1.7472358e+02   2.7681806e+02   2.0483407e+02   2.6626894e+02   1.9972731e+02   2.2876488e+02   2.3568396e+02   2.7275082e+02   2.5873494e+02   2.0977160e+02   2.5519080e+02   2.3160595e+02   2.3833277e+02   2.5059249e+02   2.4477543e+02
   1.6103779e+02   1.5782575e+02   1.8276157e+02   1.5412127e+02   1.9428356e+02   1.6264484e+02   1.4679856e+02   1.6211646e+02   1.3367740e+02   1.7178604e+02   1.7624314e+02   1.3779293e+02   1.8276596e+02   1.6390610e+02   1.3590009e+02   1.3143952e+02   1.4586201e+02   1.5553662e+02   1.6961202e+02   1.7519757e+02   1.4815085e+02   1.5345075e+02   1.8264905e+02   1.3232580e+02   1.6717082e+02   1.7052357e+02   1.5470554e+02   1.4332946e+02   1.7477103e+02   1.4205916e+02
   1.2858180e+02   1.2246015e+02   1.2688660e+02   1.1748673e+02   1.2732886e+02   1.2266686e+02   1.2355464e+02   1.2874801e+02   1.2273523e+02   1.2818940e+02   1.2728311e+02   1.2169134e+02   1.2572695e+02   1.2230604e+02   1.2567789e+02   1.2327255e+02   1.2611496e+02   1.2304679e+02   1.2493247e+02   1.2620224e+02   1.3430442e+02   1.1937224e+02   1.2323675e+02   1.3048191e+02   1.2916843e+02   1.2544446e+02   1.2303190e+02   1.2871707e+02   1.2802138e+02   1.2950664e+02
   1.1317697e+02   1.1357871e+02   1.1508685e+02   1.1381422e+02   1.1389079e+02   1.1394351e+02   1.1264171e+02   1.1336541e+02   1.1463276e+02   1.1494841e+02   1.1170642e+02   1.1265155e+02   1.1376206e+02   1.1401911e+02   1.1267891e+02   1.1270895e+02   1.1309276e+02   1.1359866e+02   1.1174802e+02   1.1326727e+02   1.1299846e+02   1.1332908e+02   1.1377152e+02   1.1248241e+02   1.1477406e+02   1.1323985e+02   1.1386708e+02   1.1220749e+02   1.1130878e+02   1.1355810e+02
   1.0880902e+02   1.0837044e+02   1.0625017e+02   1.0822648e+02   1.1030321e+02   1.0979106e+02   1.0822704e+02   1.0954057e+02   1.0905027e+02   1.0879500e+02   1.0942509e+02   1.0799661e+02   1.1013212e+02   1.0875504e+02   1.0804041e+02   1.0940711e+02   1.0786067e+02   1.0899932e+02   1.0771096e+02   1.0853231e+02   1.0794101e+02   1.0729534e+02   1.0931349e+02   1.0828374e+02   1.0947777e+02   1.0829747e+02   1.0849515e+02   1.0783049e+02   1.0796665e+02   1.0878677e+02
   1.0677205e+02   1.0518890e+02   1.0482314e+02   1.0622038e+02   1.0628405e+02   1.0661756e+02   1.0463905e+02   1.0546675e+02   1.0569471e+02   1.0517394e+02   1.0582596e+02   1.0667985e+02   1.0548884e+02   1.0378569e+02   1.0407255e+02   1.0619793e+02   1.0633079e+02   1.0653130e+02   1.0646332e+02   1.0645595e+02   1.0340864e+02   1.0622832e+02   1.0549552e+02   1.0573362e+02   1.0423149e+02   1.0433711e+02   1.0467269e+02   1.0521973e+02   1.0375125e+02   1.0691957e+02
   1.0377125e+02   1.0305525e+02   1.0309026e+02   1.0303905e+02   1.0429985e+02   1.0405576e+02   1.0396807e+02   1.0384335e+02   1.0450849e+02   1.0517394e+02   1.0409764e+02   1.0340084e+02   1.0399014e+02   1.0269060e+02   1.0392070e+02   1.0354356e+02   1.0360111e+02   1.0402966e+02   1.0332392e+02   1.0405184e+02   1.0340864e+02   1.0398179e+02   1.0340964e+02   1.0318174e+02   1.0423149e+02   1.0382051e+02   1.0398030e+02   1.0415600e+02   1.0298772e+02   1.0334948e+02
   1.0268742e+02   1.0261661e+02   1.0232839e+02   1.0223578e+02   1.0249857e+02   1.0292594e+02   1.0238744e+02   1.0240996e+02   1.0193943e+02   1.0156042e+02   1.0183514e+02   1.0195500e+02   1.0185836e+02   1.0130901e+02   1.0239879e+02   1.0237278e+02   1.0173734e+02   1.0245141e+02   1.0210462e+02   1.0227453e+02   1.0221064e+02   1.0183203e+02   1.0154259e+02   1.0215884e+02   1.0210361e+02   1.0159738e+02   1.0208055e+02   1.0256188e+02   1.0139479e+02   1.0172611e+02
   1.0008032e+02   1.0028335e+02   1.0007206e+02   1.0036369e+02   1.0005392e+02   1.0006339e+02   1.0014910e+02   1.0023365e+02   1.0009619e+02   1.0003421e+02   1.0008586e+02   1.0000738e+02   1.0065328e+02   1.0006517e+02   1.0022711e+02   1.0005077e+02   1.0002107e+02   1.0009193e+02   1.0072287e+02   1.0012531e+02   1.0005527e+02   1.0000688e+02   1.0002063e+02   1.0006610e+02   1.0003064e+02   1.0017544e+02   1.0005478e+02   1.0008088e+02   1.0002195e+02   1.0003004e+02
   1.0000000e+02   1.0000000e+02   1.0000000e+02   1.0000000e+02   1.0000000e+02   1.0000000e+02   1.0000000e+02   1.0000000e+02   1.0000000e+02   1.0000000e+02   1.0000000e+02   1.0000000e+02   1.0000000e+02   1.0000000e+02   1.0000000e+02   1.0000000e+02   1.0000000e+02   1.0000000e+02   1.0000000e+02   1.0000000e+02   1.0000000e+02   1.0000000e+02   1.0000000e+02   1.0000000e+02   1.0000000e+02   1.0000000e+02   1.0000000e+02   1.0000000e+02   1.0000000e+02   1.0000000e+02
