   5.3167321e+02   4.5049213e+02   5.3966879e+02   5.1036230e+02   6.1741020e+02   5.1358003e+02   5.1331897e+02   4.0367030e+02   3.9880271e+02   4.9882505e+02   3.2145422e+02   3.8323299e+02   5.0228807e+02   2.5096993e+02   4.9900355e+02   4.7161632e+02   5.5335886e+02   4.2143301e+02   4.8740049e+02   3.3926133e+02   4.2469309e+02   4.9693960e+02   4.0879674e+02   2.7198866e+02   4.5098310e+02   5.1003519e+02   4.2577709e+02   4.8808640e+02   3.7024383e+02   4.1788164e+02
   1.4708212e+01   1.5051498e+01   1.1504061e+01   1.9505036e+01   4.1878143e+00   3.0541899e+00   5.6373122e+01   1.3914073e+01   8.0011049e+00   1.7831451e+01   4.9495094e+01   2.9272641e+01   6.5760888e+01   5.4295500e+01   2.2609577e+00   6.9438978e+00   1.1170516e+01   4.6058693e+01   5.1765083e+01   2.4291454e+01   2.0458931e+01   3.8572936e+01   1.4839415e+01   5.9106062e+00   5.4776604e+00   3.3697133e+00   1.3593683e+01   3.5279129e+01   9.8532174e-01   8.3584398e-01
   1.1375143e+01   1.3422242e+01   1.1027901e+01   5.2792454e+00   4.1878143e+00   3.0541899e+00   2.4503085e+00   9.0364319e+00   3.2683775e-01   1.4982610e+01   1.3630084e+01   1.5511450e+01   5.5753465e+00   1.2147208e+00   2.2609577e+00   6.9438978e+00   1.1170516e+01   6.4838846e-01   1.6014786e+01   4.2435353e+00   1.8152645e+01   2.5587647e+01   1.4839415e+01   5.9106062e+00   5.4776604e+00   3.3697133e+00   1.3593683e+01   1.3820081e+01   9.8532174e-01   8.3584398e-01
   8.0692307e+00   5.6185954e+00   8.6030135e+00   5.2792454e+00   4.1878143e+00   1.6404570e-01   2.4503085e+00   3.2947068e+00   3.2683775e-01   3.7679684e+00   1.1843213e+01   2.5624568e+00   5.5753465e+00   1.2147208e+00   2.2609577e+00   6.9438978e+00   1.1170516e+01   6.4838846e-01   8.9957488e+00   1.2443731e+00   1.0851376e+01   8.2855905e+00   1.4839415e+01   5.9106062e+00   5.4776604e+00   3.3697133e+00   1.3593683e+01   1.2665811e+01   9.8532174e-01   8.3584398e-01
   2.4215218e+00   7.6722566e-01   6.3905076e+00   1.7666024e+00   4.1878143e+00   1.6404570e-01   1.6418848e+00   3.2947068e+00   3.2683775e-01   3.7679684e+00   1.0524702e+01   2.5624568e+00   5.5753465e+00   1.2147208e+00   2.1429800e-01   6.9438978e+00   3.8113555e+00   6.4838846e-01   1.5868212e+00   1.2443731e+00   2.2933401e+00   8.2855905e+00   4.1150257e+00   7.1068178e-01   5.4776604e+00   3.3697133e+00   2.0174430e+00   8.1766795e-01   9.8532174e-01   8.3584398e-01
   2.4215218e+00   7.6722566e-01   6.3905076e+00   1.5149686e+00   4.1878143e+00   6.2198192e-02   1.6418848e+00   3.1348335e+00   3.2683775e-01   2.3354209e-01   3.6600967e+00   2.5624568e+00   8.1863218e-01   1.2147208e+00   3.2258568e-02   8.4755233e-01   3.8113555e+00   6.4838846e-01   1.5868212e+00   1.2443731e+00   5.1741618e-02   4.2562462e-01   1.9394555e+00   7.1068178e-01   3.3296613e+00   1.7257793e+00   2.0174430e+00   8.1766795e-01   3.8907171e-01   5.6493199e-01
   2.1889403e+00   1.8987188e-02   3.6234439e+00   2.2310015e-01   5.0777902e-01   6.2198192e-02   9.5907636e-01   1.5170721e-01   3.2683775e-01   2.3354209e-01   3.6600967e+00   2.5624568e+00   8.1863218e-01   1.2147208e+00   3.2258568e-02   8.4755233e-01   1.9972712e+00   6.4838846e-01   1.0694250e+00   1.4774941e-01   5.1741618e-02   4.2562462e-01   3.2836390e-01   7.1068178e-01   9.5164722e-01   1.2477077e-01   1.7598400e+00   8.1766795e-01   3.8907171e-01   5.6493199e-01
   2.1868129e-02   1.6466242e-02   2.7993520e-02   3.6452899e-03   1.1633692e-01   3.9714396e-03   3.8044824e-03   2.0650770e-02   1.8973758e-02   2.7102133e-02   5.2585490e-02   2.3392857e-02   1.2800885e-02   1.5037823e-02   1.7077810e-02   3.3285854e-02   4.7256640e-02   4.3922779e-02   4.2036758e-02   1.7264344e-02   2.5930083e-03   8.3965119e-02   1.0470818e-02   2.5494743e-02   1.3138411e-02   1.3046166e-02   9.3141544e-02   1.5916041e-02   9.0166822e-03   8.8397105e-02
   5.4808835e-04   1.5177635e-04   4.8032347e-05   3.4700941e-04   3.5924142e-04   1.5594868e-03   1.5682484e-03   5.5180447e-05   4.2133274e-04   3.9265559e-04   8.0361212e-04   5.0667346e-04   1.0289986e-03   1.8388326e-03   2.9104516e-04   8.6225680e-04   8.4564029e-04   1.0364467e-03   9.6952981e-05   9.6305638e-04   5.3545816e-04   1.8330752e-04   3.7638358e-04   8.2709657e-06   1.4126224e-03   5.8538381e-04   4.3611471e-04   1.1705968e-03   5.4267344e-04   1.6137539e-03
   5.8834530e-07   2.0245129e-06   3.5406556e-06   1.6371764e-06   7.3206652e-06   3.1411701e-06   1.0336180e-07   8.4853718e-07   7.1552754e-06   2.7440810e-06   5.8979640e-06   7.7444229e-06   4.0567570e-06   3.0742649e-06   1.6126123e-06   4.1264957e-07   2.0710559e-06   1.1626280e-05   9.7901748e-06   1.0200001e-05   2.1391998e-07   2.0439106e-06   1.3861122e-06   3.9470119e-06   1.5754126e-06   1.6114745e-07   2.0082530e-06   3.1760655e-06   7.6713150e-08   1.7745560e-06
   0.0000000e+00   0.0000000e+00   0.0000000e+00   0.0000000e+00   0.0000000e+00   0.0000000e+00   1.2611508e-08   0.0000000e+00   0.0000000e+00   0.0000000e+00   0.0000000e+00   1.2905275e-08   0.0000000e+00   0.0000000e+00   0.0000000e+00   0.0000000e+00   0.0000000e+00   1.1197699e-08   0.0000000e+00   1.1247721e-08   0.0000000e+00   0.0000000e+00   0.0000000e+00   0.0000000e+00   0.0000000e+00   0.0000000e+00   0.0000000e+00   0.0000000e+00   0.0000000e+00   0.0000000e+00
   0.0000000e+00   0.0000000e+00   0.0000000e+00   0.0000000e+00   0.0000000e+00   0.0000000e+00   0.0000000e+00   0.0000000e+00   0.0000000e+00   0.0000000e+00   0.0000000e+00   0.0000000e+00   0.0000000e+00   0.0000000e+00   0.0000000e+00   0.0000000e+00   0.0000000e+00   0.0000000e+00   0.0000000e+00   0.0000000e+00   0.0000000e+00   0.0000000e+00   0.0000000e+00   0.0000000e+00   0.0000000e+00   0.0000000e+00   0.0000000e+00   0.0000000e+00   0.0000000e+00   0.0000000e+00
   0.0000000e+00   0.0000000e+00   0.0000000e+00   0.0000000e+00   0.0000000e+00   0.0000000e+00   0.0000000e+00   0.0000000e+00   0.0000000e+00   0.0000000e+00   0.0000000e+00   0.0000000e+00   0.0000000e+00   0.0000000e+00   0.0000000e+00   0.0000000e+00   0.0000000e+00   0.0000000e+00   0.0000000e+00   0.0000000e+00   0.0000000e+00   0.0000000e+00   0.0000000e+00   0.0000000e+00   0.0000000e+00   0.0000000e+00   0.0000000e+00   0.0000000e+00   0.0000000e+00   0.0000000e+00
   0.0000000e+00   0.0000000e+00   0.0000000e+00   0.0000000e+00   0.0000000e+00   0.0000000e+00   0.0000000e+00   0.0000000e+00   0.0000000e+00   0.0000000e+00   0.0000000e+00   0.0000000e+00   0.0000000e+00   0.0000000e+00   0.0000000e+00   0.0000000e+00   0.0000000e+00   0.0000000e+00   0.0000000e+00   0.0000000e+00   0.0000000e+00   0.0000000e+00   0.0000000e+00   0.0000000e+00   0.0000000e+00   0.0000000e+00   0.0000000e+00   0.0000000e+00   0.0000000e+00   0.0000000e+00
   0.0000000e+00   0.0000000e+00   0.0000000e+00   0.0000000e+00   0.0000000e+00   0.0000000e+00   0.0000000e+00   0.0000000e+00   0.0000000e+00   0.0000000e+00   0.0000000e+00   0.0000000e+00   0.0000000e+00   0.0000000e+00   0.0000000e+00   0.0000000e+00   0.0000000e+00   0.0000000e+00   0.0000000e+00   0.0000000e+00   0.0000000e+00   0.0000000e+00   0.0000000e+00   0.0000000e+00   0.0000000e+00   0.0000000e+00   0.0000000e+00   0.0000000e+00   0.0000000e+00   0.0000000e+00
   0.0000000e+00   0.0000000e+00   0.0000000e+00   0.0000000e+00   0.0000000e+00   0.0000000e+00   0.0000000e+00   0.0000000e+00   0.0000000e+00   0.0000000e+00   0.0000000e+00   0.0000000e+00   0.0000000e+00   0.0000000e+00   0.0000000e+00   0.0000000e+00   0.0000000e+00   0.0000000e+00   0.0000000e+00   0.0000000e+00   0.0000000e+00   0.0000000e+00   0.0000000e+00   0.0000000e+00   0.0000000e+00   0.0000000e+00   0.0000000e+00   0.0000000e+00   0.0000000e+00   0.0000000e+00
