   5.0507595e+03   5.3527786e+03   4.9145187e+03   5.5074074e+03   4.9605117e+03   5.4064314e+03   5.0899039e+03   5.5109319e+03   5.0817211e+03   5.0108619e+03   5.2870459e+03   5.4173448e+03   5.0180842e+03   4.9709469e+03   5.5118909e+03   5.0970806e+03   5.5305697e+03   5.2972177e+03   5.5357286e+03   5.4240189e+03   4.7435593e+03   5.3088606e+03   5.7607584e+03   4.0005722e+03   5.5130958e+03   5.3804229e+03   5.1477529e+03   4.7726925e+03   5.6172467e+03   5.4010852e+03
   4.1384901e+03   4.0117079e+03   3.9716724e+03   4.7563979e+03   3.5466684e+03   3.7624921e+03   4.2748301e+03   4.3969249e+03   4.0562845e+03   3.9504999e+03   2.7044407e+03   4.3163709e+03   2.8075301e+03   4.2236289e+03   4.3042187e+03   3.7236525e+03   3.3316826e+03   4.1574938e+03   4.5136976e+03   3.8796904e+03   4.4285115e+03   4.8303335e+03   4.2859253e+03   4.0005722e+03   4.7441802e+03   4.4731284e+03   4.7017650e+03   4.1107678e+03   4.2084565e+03   3.8924083e+03
   3.5813576e+03   2.9438373e+03   2.7198058e+03   3.1766769e+03   3.5466684e+03   3.7431283e+03   3.6908393e+03   3.2541646e+03   4.0251623e+03   3.9504999e+03   2.6305074e+03   3.7992274e+03   2.8075301e+03   3.1821107e+03   3.0439664e+03   2.8872385e+03   2.7484765e+03   3.6478460e+03   2.7835258e+03   3.8796904e+03   4.2857170e+03   3.7856574e+03   4.3180100e+01   2.7511893e+03   2.8285805e+03   3.4814812e+03   3.9600387e+03   3.6539877e+03   2.7935818e+03   3.7717146e+03
   3.5813576e+03   2.2336575e+03   2.7198058e+03   3.0220545e+03   3.2671800e+03   3.2073040e+03   3.0311597e+03   3.2541646e+03   2.8889298e+03   1.9663735e+03   1.7908092e+03   3.1984125e+03   2.6684951e+03   3.1821107e+03   3.0439664e+03   2.8872385e+03   1.9118215e+03   3.3488876e+03   2.7835258e+03   2.0708069e+03   1.9011890e+03   2.8322860e+03   4.3180100e+01   2.5790918e+03   2.8285805e+03   1.9233506e+03   2.6218630e+03   2.4878496e+03   2.7935818e+03   1.9302666e+03
   2.7987041e+03   2.2336575e+03   2.1895196e+03   2.3559610e+03   1.7563095e+03   3.0886061e+03   3.0311597e+03   3.1942255e+03   2.0337540e+03   1.9663735e+03   1.7908092e+03   2.6908669e+03   1.8962060e+03   2.8733428e+03   2.5975299e+03   2.1255830e+03   1.9118215e+03   1.9641990e+03   2.5129588e+03   1.8782358e+03   1.9011890e+03   2.6670942e+03   4.3180100e+01   1.4033501e+03   2.4647783e+03   1.9233506e+03   2.6218630e+03   1.8871698e+03   2.0547720e+03   1.5811264e+03
   1.5828830e+03   2.2336575e+03   1.6425585e+03   1.5022233e+03   1.4634643e+03   1.8890675e+03   2.5265337e+03   2.3508521e+03   1.6013805e+03   1.9663735e+03   1.7908092e+03   1.6186961e+03   1.8962060e+03   2.4220300e+03   1.8440982e+03   2.1255830e+03   1.6459476e+03   1.9641990e+03   1.9760197e+03   1.8782358e+03   1.9011890e+03   2.6270642e+03   4.3180100e+01   1.4033501e+03   1.6792580e+03   1.9233506e+03   1.8525841e+03   5.5639097e+02   1.6796343e+03   1.5455744e+03
   1.5828830e+03   2.0282636e+03   1.6425585e+03   1.5022233e+03   1.4634643e+03   1.8890675e+03   1.7914476e+03   1.9975815e+03   1.4911604e+03   1.8978509e+03   1.7908092e+03   1.4345927e+03   1.6951332e+03   1.8472883e+03   1.7644662e+03   1.7164868e+03   1.6459476e+03   1.9473946e+03   1.9760197e+03   1.8294485e+03   1.9011890e+03   1.2877916e+03   4.3180100e+01   1.4033501e+03   1.6792580e+03   1.9233506e+03   1.8525841e+03   5.5639097e+02   1.6796343e+03   1.5455744e+03
   1.3131171e+03   1.1816479e+03   1.1618355e+03   1.5022233e+03   1.1537175e+03   1.6682211e+03   1.0658476e+03   1.7978736e+03   1.4674500e+03   1.4381050e+03   1.7348661e+03   1.4345927e+03   1.5075676e+03   8.3642316e+02   1.1960178e+03   1.5328340e+03   1.0740212e+03   1.4824785e+03   1.1392491e+03   1.4292347e+03   1.8533799e+03   1.2877916e+03   4.3180100e+01   1.4033501e+03   1.5338285e+03   1.3137110e+03   1.7237955e+03   5.5639097e+02   1.1999252e+03   1.5455744e+03
   3.3807404e+02   2.6223990e+02   4.4666821e+02   3.4924091e+02   3.6454482e+02   3.8319999e+02   5.2514221e+02   4.9063647e+02   1.1960899e+02   4.5034310e+02   6.0690114e+02   1.0410398e+01   5.3634361e+02   3.0674281e+02   3.6849066e+02   5.6650531e+02   2.2606080e+02   6.8014655e+02   8.7000426e+01   3.0912562e+02   3.9476502e+02   6.0945564e+02   4.3180100e+01   2.2504373e+02   5.3338475e+02   5.0800583e+02   5.0041431e+02   3.2229917e+02   3.5235010e+02   3.7467655e+02
   1.8943257e+01   9.3463307e+00   3.1521567e+01   5.6814698e+00   2.5180891e+01   1.6229514e+01   2.3431698e+01   2.5977189e+01   3.1545711e+01   2.7887366e+01   1.5330598e+01   1.0410398e+01   1.3885478e+01   2.8208108e+01   1.2491099e+01   2.4794860e+01   1.6361997e+01   9.2496868e+00   1.3793378e+01   1.8995262e+01   3.0411816e+01   4.3748613e+00   1.8710752e+00   2.3276107e+01   4.8762157e+01   2.6819193e+01   2.0845715e+01   1.8167883e+01   1.2220880e+01   2.2279640e+01
   4.4685120e-03   9.2136250e-03   4.7047382e-02   1.7301645e-02   2.1194963e-02   2.6041517e-02   1.6964412e-02   4.8109493e-02   2.5839304e-02   4.6638176e-02   5.9156214e-03   8.6981933e-03   1.9413920e-02   3.8374886e-02   1.8362607e-02   5.9290486e-02   6.6931051e-02   6.4621871e-02   1.8337287e-02   4.2715291e-02   6.1313640e-02   2.0140452e-02   3.4452571e-02   3.0507230e-02   3.6516818e-02   3.0461197e-02   6.1391306e-02   3.2806923e-02   5.6072062e-02   3.7402262e-02
   7.9935489e-08   6.2679192e-08   9.9529643e-08   4.1616204e-08   9.8914370e-08   3.9332917e-08   0.0000000e+00   0.0000000e+00   0.0000000e+00   2.7264832e-08   5.8892510e-08   7.6820470e-08   1.8300398e-08   3.6443453e-08   5.3129952e-08   6.7948804e-08   4.6102286e-08   8.5521606e-08   1.1254997e-08   8.4709427e-08   3.2388925e-08   5.2628820e-08   1.9681920e-08   6.1770152e-08   1.3851059e-07   3.7182872e-08   1.8731043e-08   2.4761903e-08   2.5499503e-08   7.1801878e-08
   0.0000000e+00   0.0000000e+00   0.0000000e+00   0.0000000e+00   0.0000000e+00   0.0000000e+00   0.0000000e+00   0.0000000e+00   0.0000000e+00   0.0000000e+00   0.0000000e+00   0.0000000e+00   0.0000000e+00   0.0000000e+00   0.0000000e+00   0.0000000e+00   0.0000000e+00   0.0000000e+00   0.0000000e+00   0.0000000e+00   0.0000000e+00   0.0000000e+00   0.0000000e+00   0.0000000e+00   0.0000000e+00   0.0000000e+00   0.0000000e+00   0.0000000e+00   0.0000000e+00   0.0000000e+00
   0.0000000e+00   0.0000000e+00   0.0000000e+00   0.0000000e+00   0.0000000e+00   0.0000000e+00   0.0000000e+00   0.0000000e+00   0.0000000e+00   0.0000000e+00   0.0000000e+00   0.0000000e+00   0.0000000e+00   0.0000000e+00   0.0000000e+00   0.0000000e+00   0.0000000e+00   0.0000000e+00   0.0000000e+00   0.0000000e+00   0.0000000e+00   0.0000000e+00   0.0000000e+00   0.0000000e+00   0.0000000e+00   0.0000000e+00   0.0000000e+00   0.0000000e+00   0.0000000e+00   0.0000000e+00
   0.0000000e+00   0.0000000e+00   0.0000000e+00   0.0000000e+00   0.0000000e+00   0.0000000e+00   0.0000000e+00   0.0000000e+00   0.0000000e+00   0.0000000e+00   0.0000000e+00   0.0000000e+00   0.0000000e+00   0.0000000e+00   0.0000000e+00   0.0000000e+00   0.0000000e+00   0.0000000e+00   0.0000000e+00   0.0000000e+00   0.0000000e+00   0.0000000e+00   0.0000000e+00   0.0000000e+00   0.0000000e+00   0.0000000e+00   0.0000000e+00   0.0000000e+00   0.0000000e+00   0.0000000e+00
   0.0000000e+00   0.0000000e+00   0.0000000e+00   0.0000000e+00   0.0000000e+00   0.0000000e+00   0.0000000e+00   0.0000000e+00   0.0000000e+00   0.0000000e+00   0.0000000e+00   0.0000000e+00   0.0000000e+00   0.0000000e+00   0.0000000e+00   0.0000000e+00   0.0000000e+00   0.0000000e+00   0.0000000e+00   0.0000000e+00   0.0000000e+00   0.0000000e+00   0.0000000e+00   0.0000000e+00   0.0000000e+00   0.0000000e+00   0.0000000e+00   0.0000000e+00   0.0000000e+00   0.0000000e+00
