   9.1878692e+02   7.7751714e+02   1.1176483e+03   1.2420166e+03   8.7155296e+02   9.7530023e+02   8.7796310e+02   9.9712033e+02   1.0189933e+03   7.0374875e+02   1.1362648e+03   8.9694203e+02   9.8721935e+02   8.4650334e+02   1.2211030e+03   6.0286120e+02   9.5573359e+02   5.3702828e+02   5.5284870e+02   1.3227910e+03   7.3724438e+02   8.9618270e+02   8.4820559e+02   9.0875757e+02   9.7786082e+02   6.0267799e+02   1.3892124e+03   1.0211125e+03   8.4408400e+02   1.2631581e+03
   9.1878692e+02   7.7751714e+02   1.1070176e+03   8.7266599e+02   8.1175284e+02   6.8900380e+02   8.0903070e+02   9.9712033e+02   7.1591587e+02   7.0374875e+02   1.0910804e+03   8.9694203e+02   9.1412420e+02   8.4650334e+02   1.0403091e+03   3.7520970e+02   5.3953227e+02   5.3702828e+02   5.1969968e+02   1.0725614e+03   7.3724438e+02   8.9618270e+02   8.4820559e+02   7.8171461e+02   8.6131621e+02   6.0267799e+02   9.7996087e+02   6.8507586e+02   6.7344750e+02   1.1087612e+03
   8.8392775e+02   6.7588963e+02   6.7201864e+02   8.7266599e+02   8.1175284e+02   6.8900380e+02   7.4029699e+02   9.9712033e+02   7.1591587e+02   5.8078018e+02   7.8232452e+02   6.6467312e+02   8.3063847e+02   5.4088113e+02   6.7851741e+02   3.7520970e+02   5.3953227e+02   5.3702828e+02   5.1969968e+02   9.5139534e+02   7.3724438e+02   8.2598171e+02   8.4820559e+02   4.6932003e+02   8.6131621e+02   6.0267799e+02   7.2193777e+02   6.8507586e+02   6.7344750e+02   7.3173497e+02
   6.6319829e+02   6.7588963e+02   4.9314372e+02   6.9782772e+02   8.1175284e+02   6.8900380e+02   7.4029699e+02   7.3835589e+02   6.5107205e+02   5.8078018e+02   7.8232452e+02   5.8325480e+02   8.3063847e+02   5.4088113e+02   3.6121490e+02   3.7520970e+02   5.3953227e+02   5.3702828e+02   5.1969968e+02   8.0643634e+02   6.8995551e+02   7.6184615e+02   7.5479964e+02   4.6932003e+02   6.2316207e+02   6.0267799e+02   7.2193777e+02   6.8275592e+02   6.7344750e+02   7.1669538e+02
   5.0430807e+02   5.3743491e+02   4.9314372e+02   5.3692952e+02   5.5706224e+02   6.8900380e+02   7.2430637e+02   4.0569410e+02   4.8596658e+02   5.3304665e+02   5.8979336e+02   3.7026514e+02   5.4390045e+02   3.8998068e+02   3.6121490e+02   3.7520970e+02   5.3953227e+02   5.3702828e+02   4.8207642e+02   4.4235369e+02   5.5505463e+02   5.8434010e+02   5.3370921e+02   4.6932003e+02   6.2316207e+02   6.0267799e+02   5.2390160e+02   6.7001677e+02   6.7344750e+02   4.8264511e+02
   3.9894781e+02   4.4117872e+02   4.7358841e+02   3.7752960e+02   4.5474993e+02   2.5749266e+02   6.7138313e+02   4.0569410e+02   4.8596658e+02   3.7154701e+02   4.6182044e+02   3.0024135e+02   4.1713959e+02   3.8998068e+02   3.6121490e+02   2.7764765e+02   4.8489158e+02   3.1788033e+02   3.2720095e+02   2.1328243e+02   5.5505463e+02   4.2464931e+02   5.1108972e+02   4.6932003e+02   3.3763543e+02   4.5209614e+02   4.8184274e+02   4.4808141e+02   4.6760149e+02   4.6250968e+02
   2.1422408e+02   4.1804604e+02   3.3057992e+02   2.9202922e+02   4.2316705e+02   2.5749266e+02   4.2519540e+02   2.7496689e+02   2.4904572e+02   3.7154701e+02   4.5632927e+02   2.8996038e+02   2.6633645e+02   3.8998068e+02   3.3406315e+02   2.4651598e+02   4.6781758e+02   3.1598690e+02   2.8589415e+02   2.1328243e+02   4.2220297e+02   2.9778802e+02   3.9141867e+02   4.3226868e+02   3.3763543e+02   3.8860378e+02   2.3559123e+02   4.4808141e+02   3.0930338e+02   2.9179745e+02
   2.1422408e+02   3.1195902e+02   2.8401757e+02   1.5207498e+02   2.7700263e+02   2.5749266e+02   3.0099947e+02   2.3575573e+02   2.4904572e+02   2.7073385e+02   3.1396977e+02   2.8660096e+02   1.8775434e+02   3.0313825e+02   1.9666949e+02   4.8221472e+01   1.5858700e+02   2.3364919e+02   1.5777412e+02   1.3772702e+02   1.3543704e+02   2.2149413e+02   2.2075815e+02   1.8839372e+02   2.0999204e+02   2.0366308e+02   2.3559123e+02   3.5323846e+02   1.7336734e+02   2.9179745e+02
   1.2468953e+02   1.7963852e+02   1.2813926e+02   1.5207498e+02   1.6339603e+02   1.1713862e+02   1.2310637e+02   1.9916968e+02   1.7740649e+02   1.0395783e+02   2.6015229e+02   1.7862003e+02   1.8775434e+02   2.3417297e+02   5.2642102e+01   4.8221472e+01   1.5858700e+02   1.0876636e+02   1.5777412e+02   1.3772702e+02   1.2502036e+02   1.9161863e+02   9.3194376e+01   1.5037326e+02   2.0999204e+02   6.4579090e+01   1.4384452e+02   1.5449898e+02   5.0069993e+01   1.7178863e+02
   8.1375694e+01   9.4113153e+01   6.7228891e+01   5.2858777e+01   1.4271688e+02   9.6622007e+01   1.0331443e+02   8.3060238e+01   4.3261388e+01   5.5673126e+01   1.2731735e+02   1.4687536e+02   3.8293949e+01   1.5003072e+02   5.2642102e+01   4.8221472e+01   4.8103796e+01   1.0876636e+02   2.9098833e+01   7.7442581e+01   7.0374172e+01   1.1814443e+02   7.4035374e+01   8.7336077e+01   1.1126964e+02   4.1868419e+01   8.3604977e+01   9.0472201e+01   4.7070394e+01   7.7635083e+01
   5.7408057e+01   4.0750572e+01   3.1546628e+01   5.2858777e+01   4.7221959e+01   4.0728774e+01   7.1070163e+01   8.1256924e+01   3.0257583e+01   5.5673126e+01   1.1681216e+02   1.2013986e+02   3.6930761e+01   9.3451834e+01   5.0739555e+01   4.6500503e+01   4.2125778e+01   6.9927199e+01   2.9098833e+01   6.1621809e+01   5.8177169e+01   4.1584468e+01   2.6360156e+01   7.0656364e+01   2.3215723e+01   4.1868419e+01   3.6766552e+01   3.3937224e+01   4.2762741e+01   5.3770167e+01
   4.5449820e+01   4.0750572e+01   2.9860737e+01   4.6280126e+01   4.7221959e+01   1.6302244e+01   2.1462510e+01   4.3178100e+01   3.0254455e+01   3.7234063e+01   5.8104541e+01   4.5500272e+01   2.3699484e+01   6.7538119e+01   2.4269749e+01   2.3122212e+01   3.6532516e+01   9.4065434e+00   1.9278049e+01   2.1825637e+01   5.4139859e+01   1.8612967e+01   2.3811056e+01   3.0461841e+01   1.8076448e+01   2.6024587e+01   3.6766552e+01   2.6401804e+01   1.3084663e+01   2.4232060e+01
   8.0889941e+00   1.2784294e+01   1.8525299e+01   1.4848959e+01   1.4986596e+01   4.8238542e+00   1.0426641e+01   1.4710448e+01   1.5841796e+01   1.2984180e+01   3.8888204e+00   1.7853493e+01   9.6233588e+00   1.6317859e+01   1.2880250e+01   1.5213562e+01   8.7614952e+00   9.4065434e+00   1.2744783e+01   1.2481159e+01   1.6365377e+01   1.7469952e+01   1.2537438e+01   2.3849092e+01   1.5283097e+01   1.0345057e+01   1.2248084e+01   1.2495688e+01   1.2182785e+01   1.3729880e+01
   6.2607229e+00   4.2329731e+00   4.1967376e+00   4.1650893e+00   4.1212973e+00   4.4281765e+00   5.4122874e+00   4.6699902e+00   7.2219510e+00   3.8389098e+00   3.6955432e+00   6.2255379e+00   3.0798679e+00   4.1071957e+00   5.4481739e+00   3.9863093e+00   3.8479612e+00   3.4868804e+00   6.3408617e+00   4.3579675e+00   5.0891032e+00   4.0238008e+00   3.7738195e+00   3.2697314e+00   5.8923837e+00   3.0543580e+00   4.3250237e+00   3.9253622e+00   2.8068262e+00   5.4476029e+00
   1.4429136e+00   1.1413852e+00   1.7249796e+00   1.2889763e+00   1.8603850e+00   1.4913747e+00   1.7939969e+00   1.7550691e+00   2.2145957e+00   1.2689374e+00   8.6211835e-01   1.6291247e+00   1.3320552e+00   1.4776640e+00   1.2804880e+00   1.2454270e+00   1.2775883e+00   1.1895138e+00   1.4961488e+00   1.4134487e+00   1.5806765e+00   1.5455871e+00   1.8382754e+00   1.7075805e+00   1.7056326e+00   1.1085299e+00   1.8062603e+00   1.3198195e+00   1.2959033e+00   1.6156583e+00
   2.4280612e-02   9.0763337e-02   1.1371834e-01   1.2495459e-01   1.2655863e-01   1.3121213e-01   1.4317835e-01   1.6394060e-01   1.6528481e-01   1.6778235e-01   1.6847572e-01   1.7968955e-01   2.3881031e-01   2.4266571e-01   3.0473969e-01   3.0787420e-01   3.1034874e-01   3.2960715e-01   3.4306521e-01   3.4454061e-01   3.4884397e-01   3.5007616e-01   3.5263823e-01   3.7451433e-01   3.7588420e-01   4.7273701e-01   5.2306049e-01   5.3960325e-01   5.5419738e-01   6.0002959e-01
