   5.5181757e+03   4.0554786e+03   6.2017958e+03   4.2961626e+03   6.2774502e+03   2.4228530e+03   4.8219236e+03   4.4475981e+03   4.2946443e+03   3.4911605e+03   3.4430300e+03   4.6447015e+03   3.9624618e+03   6.5150574e+03   5.0606633e+03   3.3060314e+03   3.6338729e+03   3.0486226e+03   4.8156358e+03   6.0806259e+03   5.0598798e+03   4.1645431e+03   3.2263993e+03   5.4389702e+03   6.1946473e+03   2.8776314e+03   4.4163816e+03   2.8351770e+03   4.0081774e+03   5.1848716e+03
   3.6237573e+03   3.9944150e+03   3.2623095e+03   4.2209949e+03   3.4442211e+03   2.4228530e+03   3.1844876e+03   4.4475981e+03   4.2946443e+03   3.2034580e+03   3.4430300e+03   2.9960483e+03   3.1914928e+03   4.6774617e+03   3.7519389e+03   3.3060314e+03   2.5604162e+03   3.0486226e+03   3.4628494e+03   3.4812633e+03   3.2965416e+03   4.0133111e+03   2.6990505e+03   3.8046280e+03   3.1009591e+03   1.6744968e+03   2.3850354e+03   2.8351770e+03   4.0081774e+03   3.0330393e+03
   3.2344765e+03   2.5913513e+03   2.8360509e+03   4.1890979e+03   2.7719219e+03   2.4228530e+03   2.9961703e+03   3.5556313e+03   2.4174005e+03   3.2034580e+03   2.2857163e+03   2.9960483e+03   1.6901345e+03   3.1786402e+03   2.5123881e+03   2.5957653e+03   2.4772194e+03   2.1873636e+03   2.3209044e+03   2.8430231e+03   3.2965416e+03   3.0457510e+03   1.6100653e+03   3.5975191e+03   3.1009591e+03   1.6744968e+03   2.3850354e+03   1.8516446e+03   1.7510943e+03   2.4912394e+03
   2.4476746e+03   2.5913513e+03   2.4999928e+03   2.5948234e+03   2.2603597e+03   2.4228530e+03   1.7666097e+03   2.4453287e+03   1.4461332e+03   2.3969265e+03   2.2857163e+03   2.4037257e+03   1.5635379e+03   2.6733038e+03   2.3740428e+03   2.5957653e+03   2.2072865e+03   1.8595588e+03   2.3209044e+03   2.6509430e+03   2.9274766e+03   2.6551677e+03   1.6100653e+03   2.8152229e+03   1.0852279e+03   1.6613966e+03   2.0085602e+03   1.8516446e+03   1.7510943e+03   2.4912394e+03
   1.5646883e+03   1.8444438e+03   2.4654664e+03   1.2239078e+03   2.0044307e+03   2.3305691e+03   1.7666097e+03   2.2109250e+03   1.4461332e+03   2.3969265e+03   1.9268279e+03   1.9031894e+03   1.5635379e+03   2.0936932e+03   2.3740428e+03   2.2376957e+03   1.8504101e+03   1.8595588e+03   2.3209044e+03   2.2753561e+03   2.1545771e+03   2.6551677e+03   1.6100653e+03   2.4166820e+03   1.0852279e+03   1.5089057e+03   2.0085602e+03   1.8516446e+03   1.7510943e+03   2.4511185e+03
   1.5646883e+03   1.6855364e+03   1.9925015e+03   1.2239078e+03   1.6812984e+03   2.3305691e+03   1.7666097e+03   1.9303736e+03   1.4461332e+03   1.8182499e+03   1.7592691e+03   1.7700299e+03   1.5635379e+03   1.7043582e+03   1.7794813e+03   1.9564921e+03   1.7885855e+03   1.2300078e+03   2.0769355e+03   1.8564368e+03   1.7964356e+03   2.3158695e+03   1.3950925e+03   1.8012386e+03   1.0852279e+03   1.4027107e+03   2.0085602e+03   1.7910964e+03   1.7510943e+03   2.0730881e+03
   1.5103126e+03   1.6033428e+03   1.8927498e+03   1.2239078e+03   1.6812984e+03   1.9116193e+03   1.5365652e+03   1.6348160e+03   1.0791663e+03   1.8156112e+03   1.4875703e+03   1.2030405e+03   1.3413200e+03   1.7043582e+03   1.7794813e+03   1.8204266e+03   1.6247311e+03   1.2300078e+03   1.6725974e+03   1.1847529e+03   1.7964356e+03   1.7729289e+03   1.3950925e+03   1.7015014e+03   1.0852279e+03   1.4027107e+03   2.0085602e+03   1.7129060e+03   1.5766111e+03   1.3667713e+03
   1.2594275e+03   1.4072848e+03   1.2889780e+03   1.2239078e+03   1.2111183e+03   1.5098284e+03   1.3452827e+03   1.0554797e+03   1.0791663e+03   1.3634713e+03   1.2946586e+03   1.1778614e+03   1.2887678e+03   1.0088932e+03   1.2565415e+03   1.3298106e+03   1.3890899e+03   9.4444782e+02   1.3224004e+03   1.1565246e+03   1.4227151e+03   1.4935985e+03   1.2239761e+03   1.2503954e+03   1.0852279e+03   1.2996366e+03   1.5241785e+03   1.4746410e+03   1.3535638e+03   1.3101345e+03
   8.9896311e+02   7.1214170e+02   6.9363274e+02   7.8074295e+02   8.5428863e+02   8.2938588e+02   7.8882969e+02   8.0180221e+02   7.2365426e+02   8.2260138e+02   8.0040530e+02   8.4078404e+02   8.6604615e+02   7.8410749e+02   8.3461203e+02   7.9680289e+02   8.3513866e+02   7.7461704e+02   7.1069798e+02   7.9336795e+02   7.8555676e+02   7.5277569e+02   8.0681586e+02   8.5770754e+02   8.3830381e+02   8.4444810e+02   7.4781167e+02   8.1850945e+02   7.1915248e+02   7.9176294e+02
   5.7385221e+02   6.1166626e+02   5.5155302e+02   5.9198899e+02   5.9095111e+02   5.9244500e+02   5.5241900e+02   5.5534423e+02   5.7775957e+02   5.7778015e+02   5.6149946e+02   5.9056137e+02   5.8164432e+02   5.8977310e+02   6.2375368e+02   5.4169825e+02   5.9710964e+02   5.8405460e+02   5.8988036e+02   6.0260010e+02   6.0427908e+02   5.7143077e+02   5.8751056e+02   5.8648162e+02   5.7860704e+02   5.6074799e+02   6.2069097e+02   6.0132547e+02   5.6298148e+02   5.8119515e+02
   4.7372523e+02   4.9206724e+02   4.8539332e+02   4.9495296e+02   4.7242173e+02   4.7493503e+02   4.7577859e+02   4.7385162e+02   4.5890336e+02   4.7349567e+02   4.9838920e+02   4.6906354e+02   4.7666337e+02   4.6532030e+02   4.7841815e+02   4.7025963e+02   4.6382182e+02   4.7584469e+02   4.7417943e+02   4.8809298e+02   5.0285565e+02   4.8554005e+02   4.6939796e+02   4.7485389e+02   4.6940623e+02   4.7574213e+02   4.8497976e+02   4.8552299e+02   4.6012517e+02   4.9827430e+02
   4.2161950e+02   4.2321346e+02   4.2248995e+02   4.2372485e+02   4.2078014e+02   4.2088665e+02   4.2189713e+02   4.1932759e+02   4.1792072e+02   4.2001592e+02   4.2249348e+02   4.2254176e+02   4.2241785e+02   4.2004861e+02   4.2253193e+02   4.1911011e+02   4.1944862e+02   4.1986795e+02   4.2003410e+02   4.2122707e+02   4.2076641e+02   4.2359608e+02   4.1862765e+02   4.2034396e+02   4.1972909e+02   4.2097218e+02   4.2121353e+02   4.2241791e+02   4.1901693e+02   4.2475049e+02
   4.1412611e+02   4.1418459e+02   4.1415294e+02   4.1417209e+02   4.1412217e+02   4.1414152e+02   4.1411703e+02   4.1418482e+02   4.1411857e+02   4.1413445e+02   4.1416236e+02   4.1413202e+02   4.1412847e+02   4.1408743e+02   4.1409190e+02   4.1416129e+02   4.1414101e+02   4.1407992e+02   4.1410292e+02   4.1413542e+02   4.1412667e+02   4.1418200e+02   4.1410193e+02   4.1415358e+02   4.1409737e+02   4.1409193e+02   4.1410801e+02   4.1412595e+02   4.1416350e+02   4.1418516e+02
   4.1381941e+02   4.1378094e+02   4.1381623e+02   4.1381168e+02   4.1381974e+02   4.1380414e+02   4.1381935e+02   4.1375724e+02   4.1379912e+02   4.1378910e+02   4.1380334e+02   4.1384192e+02   4.1379695e+02   4.1380858e+02   4.1379943e+02   4.1382486e+02   4.1383553e+02   4.1378245e+02   4.1381114e+02   4.1377191e+02   4.1380667e+02   4.1379638e+02   4.1383225e+02   4.1378065e+02   4.1378442e+02   4.1380688e+02   4.1377033e+02   4.1380032e+02   4.1383245e+02   4.1381501e+02
   4.1365736e+02   4.1365734e+02   4.1365735e+02   4.1365734e+02   4.1365830e+02   4.1365778e+02   4.1365736e+02   4.1365734e+02   4.1365734e+02   4.1365734e+02   4.1365734e+02   4.1366688e+02   4.1365734e+02   4.1365748e+02   4.1365735e+02   4.1366241e+02   4.1365734e+02   4.1365812e+02   4.1365734e+02   4.1365734e+02   4.1365955e+02   4.1365734e+02   4.1365803e+02   4.1365734e+02   4.1365734e+02   4.1365734e+02   4.1365738e+02   4.1365844e+02   4.1365889e+02   4.1365844e+02
   4.1365734e+02   4.1365734e+02   4.1365734e+02   4.1365734e+02   4.1365734e+02   4.1365734e+02   4.1365734e+02   4.1365734e+02   4.1365734e+02   4.1365734e+02   4.1365734e+02   4.1365734e+02   4.1365734e+02   4.1365734e+02   4.1365734e+02   4.1365734e+02   4.1365734e+02   4.1365734e+02   4.1365734e+02   4.1365734e+02   4.1365734e+02   4.1365734e+02   4.1365734e+02   4.1365734e+02   4.1365734e+02   4.1365734e+02   4.1365734e+02   4.1365844e+02   4.1365844e+02   4.1365844e+02
