   1.3470765e+03   1.0067191e+03   1.0285858e+03   1.0788097e+03   9.9073169e+02   1.2362739e+03   1.1400367e+03   1.1366226e+03   8.7366138e+02   1.1958314e+03   1.1403716e+03   8.5893709e+02   1.0838485e+03   1.1134141e+03   1.0185073e+03   1.0986403e+03   1.0558876e+03   1.1367655e+03   1.1028598e+03   1.2108909e+03   1.2750630e+03   1.1765283e+03   1.1803033e+03   1.1732785e+03   1.1819623e+03   1.0646065e+03   1.2415567e+03   1.1599774e+03   1.0288200e+03   1.0245452e+03
   7.3938937e+02   4.4488632e+02   7.6988317e+02   5.0194363e+02   6.2694112e+02   6.9096849e+02   7.8664901e+02   7.9240662e+02   5.9389204e+02   6.5137445e+02   6.3681688e+02   4.0568450e+02   6.7054533e+02   6.8084031e+02   6.7495243e+02   5.0702895e+02   6.6126475e+02   5.9735559e+02   4.7367832e+02   7.1987164e+02   5.6415706e+02   5.8759957e+02   7.1692196e+02   5.6477788e+02   6.8932238e+02   7.4098564e+02   7.3491495e+02   6.4234111e+02   5.7400730e+02   6.2049428e+02
   5.7339897e+02   4.4488632e+02   5.1726376e+02   4.2755785e+02   4.9881424e+02   5.4651856e+02   5.5429691e+02   4.7968901e+02   4.6486097e+02   5.2906899e+02   4.8238188e+02   4.0568450e+02   5.3256055e+02   4.4329760e+02   5.2177882e+02   5.0702895e+02   5.7317804e+02   4.5247487e+02   4.7367832e+02   4.4746386e+02   5.5613605e+02   4.5043715e+02   5.0970320e+02   4.6519000e+02   5.5043370e+02   4.9544167e+02   5.7456706e+02   4.5994551e+02   4.9505918e+02   5.3130347e+02
   4.5049344e+02   4.4189331e+02   4.3108963e+02   4.2357267e+02   3.8700158e+02   5.2267689e+02   5.4693718e+02   4.7230168e+02   3.9585131e+02   4.3501630e+02   4.4529821e+02   4.0568450e+02   4.7866963e+02   4.0656193e+02   5.0860979e+02   4.7096039e+02   4.4842750e+02   4.5247487e+02   4.6185747e+02   4.2745401e+02   4.0085403e+02   4.1253037e+02   3.9405081e+02   3.9768926e+02   4.6256889e+02   4.7276173e+02   4.9944126e+02   4.5994551e+02   4.3154973e+02   3.9073333e+02
   3.7900455e+02   4.2873916e+02   4.1765897e+02   3.7741581e+02   3.6320242e+02   4.6197578e+02   3.7230629e+02   4.5488378e+02   3.9585131e+02   4.0298489e+02   4.2845671e+02   4.0568450e+02   4.0179902e+02   3.4618201e+02   3.8988080e+02   4.3479831e+02   4.2242580e+02   4.5247487e+02   4.3577797e+02   3.9725017e+02   4.0085403e+02   4.1253037e+02   3.7761745e+02   3.9768926e+02   3.9517776e+02   4.2653132e+02   4.3284963e+02   4.2521257e+02   4.3154973e+02   3.9073333e+02
   3.7518081e+02   3.3486058e+02   3.1994756e+02   3.7741581e+02   3.1479560e+02   3.2553812e+02   3.7230629e+02   3.8365719e+02   3.9013363e+02   3.9928929e+02   4.1261043e+02   4.0568450e+02   3.8397972e+02   3.4618201e+02   3.8988080e+02   4.1518095e+02   3.6109237e+02   3.7639431e+02   4.0360776e+02   3.9725017e+02   4.0085403e+02   3.6042925e+02   3.7761745e+02   3.6702317e+02   3.6474755e+02   3.9927247e+02   4.0461659e+02   3.3261118e+02   3.9439255e+02   3.5904606e+02
   3.6418919e+02   3.2336679e+02   3.1994756e+02   3.6794230e+02   3.1479560e+02   3.0299599e+02   3.5869262e+02   3.5033479e+02   3.5676282e+02   3.5760592e+02   3.5154606e+02   3.9533625e+02   3.3449784e+02   3.4618201e+02   3.6597695e+02   2.9819448e+02   3.4835509e+02   3.5846945e+02   3.2166147e+02   3.5358361e+02   3.5630876e+02   3.2617194e+02   3.4204715e+02   3.6078748e+02   3.3885396e+02   3.1527278e+02   3.8140969e+02   3.3261118e+02   3.1328397e+02   3.5025083e+02
   3.0418744e+02   2.8234523e+02   2.9391121e+02   3.1170512e+02   2.9498574e+02   2.8265324e+02   2.8435831e+02   3.0036347e+02   2.8922247e+02   3.2535239e+02   2.8056348e+02   3.0863702e+02   3.3449784e+02   3.1745833e+02   2.7662976e+02   2.7051233e+02   3.1131093e+02   3.0925927e+02   3.2166147e+02   3.2437084e+02   2.9896541e+02   2.7301977e+02   2.9823427e+02   3.2005700e+02   2.8529648e+02   3.1527278e+02   3.0165134e+02   3.1447175e+02   2.9725511e+02   2.6561263e+02
   2.0709927e+02   2.3206731e+02   2.2143492e+02   2.3024172e+02   2.2623545e+02   2.2273463e+02   2.3859407e+02   2.4530263e+02   2.3128097e+02   2.2876538e+02   1.9572833e+02   2.4153755e+02   2.3510084e+02   2.3918614e+02   2.4313717e+02   2.2874207e+02   2.4322319e+02   2.4535880e+02   2.2842019e+02   2.3084853e+02   2.3076044e+02   2.3821873e+02   2.2545014e+02   2.2810973e+02   2.4800630e+02   2.2389518e+02   2.1518523e+02   2.1752742e+02   2.4628996e+02   2.1336449e+02
   1.7937924e+02   1.6346027e+02   1.6550464e+02   1.7055957e+02   1.4653478e+02   1.8388146e+02   1.8725660e+02   1.6776185e+02   1.6452411e+02   1.6943167e+02   1.6352394e+02   1.6978908e+02   1.7754086e+02   1.5974972e+02   1.6650001e+02   1.8626090e+02   1.7382617e+02   1.6966717e+02   1.6540893e+02   1.7350788e+02   1.7042432e+02   1.4154202e+02   1.6277389e+02   1.7992951e+02   1.7612846e+02   1.7817982e+02   1.7139146e+02   1.8920473e+02   1.7746173e+02   1.8090306e+02
   1.1584461e+02   1.2045453e+02   1.4013883e+02   1.2326238e+02   1.1274307e+02   1.3709006e+02   1.4285914e+02   1.4424603e+02   1.3763019e+02   1.4093036e+02   1.1427365e+02   1.0602289e+02   1.3592437e+02   1.3983226e+02   1.3046820e+02   1.4592064e+02   1.3156397e+02   1.3765756e+02   1.4522690e+02   1.4128941e+02   1.5130507e+02   1.4154202e+02   1.4554390e+02   1.4302952e+02   1.3212737e+02   1.4729810e+02   1.3204896e+02   1.4123511e+02   1.3900589e+02   1.4303283e+02
   1.1584461e+02   1.2045453e+02   1.2990043e+02   1.1937480e+02   1.1038495e+02   1.1675139e+02   1.2447738e+02   1.0803653e+02   1.2262885e+02   1.1395358e+02   1.1427365e+02   1.0338475e+02   1.1663398e+02   1.2222620e+02   1.1462556e+02   1.1502604e+02   1.1113440e+02   1.2612193e+02   1.2768552e+02   1.2022954e+02   1.1470011e+02   1.1893754e+02   1.2140239e+02   1.2137987e+02   1.2008036e+02   1.2254703e+02   1.1570004e+02   1.2750805e+02   1.0573250e+02   1.0240484e+02
   9.5711471e+01   1.0703079e+02   1.0897354e+02   9.5467713e+01   1.0845211e+02   1.1037985e+02   1.1061644e+02   1.0803653e+02   1.0384448e+02   9.6272086e+01   1.0957424e+02   1.0293676e+02   1.1052136e+02   1.0776010e+02   8.9411030e+01   9.2823101e+01   1.0715547e+02   1.0410654e+02   1.1295275e+02   1.0660444e+02   1.0166007e+02   1.1069820e+02   9.8284721e+01   9.0155906e+01   1.0051352e+02   1.0236810e+02   1.0088315e+02   9.6934863e+01   1.0287420e+02   1.0240484e+02
   8.9244392e+01   8.9086188e+01   8.1465337e+01   8.4712327e+01   8.0513207e+01   9.0893563e+01   7.9516966e+01   8.8283798e+01   7.6364737e+01   9.0281902e+01   8.9889085e+01   7.9408487e+01   8.1755781e+01   9.1497207e+01   8.1107730e+01   9.0972962e+01   7.9342753e+01   9.0014011e+01   8.9157441e+01   9.1551040e+01   9.1079649e+01   8.8292993e+01   8.7860154e+01   9.0155906e+01   8.9767322e+01   8.6970675e+01   7.7382006e+01   8.1981423e+01   8.6798938e+01   9.4538678e+01
   4.5419734e+01   4.4955117e+01   4.2817119e+01   4.4108873e+01   4.3724842e+01   4.3975148e+01   4.1814710e+01   4.1337111e+01   4.5759919e+01   4.1037403e+01   3.8591892e+01   4.4011437e+01   4.4924206e+01   4.0042257e+01   4.0781636e+01   3.8578908e+01   3.8789586e+01   4.1671192e+01   3.8486964e+01   4.4858063e+01   4.2031849e+01   3.9654150e+01   3.9372907e+01   4.7141893e+01   4.3887736e+01   4.3748039e+01   4.0853393e+01   4.3219848e+01   4.4049996e+01   4.6189034e+01
   2.0387215e+01   2.0387215e+01   2.0387215e+01   2.0497917e+01   2.0561658e+01   2.0570132e+01   2.0604738e+01   2.0659503e+01   2.0683165e+01   2.0683165e+01   2.0715440e+01   2.0862900e+01   2.0877026e+01   2.0910947e+01   2.0983161e+01   2.0988857e+01   2.1093591e+01   2.1094553e+01   2.1134717e+01   2.1192210e+01   2.1204293e+01   2.1245475e+01   2.1247805e+01   2.1276507e+01   2.1380219e+01   2.1408162e+01   2.1487968e+01   2.1518836e+01   2.1681063e+01   2.1708279e+01
