   1.8531942e+03   2.0706785e+03   1.7861152e+03   2.0952788e+03   2.1812908e+03   2.1106897e+03   1.9567767e+03   2.4959249e+03   1.6861084e+03   2.0210106e+03   2.0210106e+03   1.9940696e+03   2.2974819e+03   1.4780611e+03   2.0214634e+03   1.9946228e+03   1.6179329e+03   2.2155384e+03   1.9760960e+03   2.1900547e+03   2.1707071e+03   2.1142043e+03   1.9350909e+03   2.1744203e+03   1.6115777e+03   2.3990653e+03   2.2433778e+03   2.3338076e+03   1.4036355e+03   2.4711640e+03
   1.8531942e+03   1.6663173e+03   1.7861152e+03   2.0952788e+03   1.9881786e+03   2.1106897e+03   1.9567767e+03   1.9764329e+03   1.6861084e+03   2.0210106e+03   2.0210106e+03   1.9940696e+03   2.0997369e+03   1.4780611e+03   2.0214634e+03   1.8620391e+03   1.6179329e+03   2.0922987e+03   1.9760960e+03   2.1147493e+03   1.8152199e+03   1.8409041e+03   1.7560443e+03   1.9192214e+03   1.6115777e+03   2.0261772e+03   2.0446159e+03   2.3338076e+03   1.4036355e+03   2.4611264e+03
   1.8531942e+03   1.6663173e+03   1.6254487e+03   1.9407956e+03   1.9881786e+03   1.6740513e+03   1.8842862e+03   1.9114565e+03   1.6861084e+03   1.7330471e+03   1.7330471e+03   1.8299556e+03   1.8622221e+03   1.4780611e+03   2.0214634e+03   1.4294531e+03   1.6179329e+03   1.8177454e+03   1.7657358e+03   2.1147493e+03   1.8108020e+03   1.6507573e+03   1.7352395e+03   1.7070013e+03   1.6115777e+03   1.8327745e+03   1.9864466e+03   1.9216983e+03   1.4036355e+03   2.0521996e+03
   1.7352138e+03   1.6663173e+03   1.6254487e+03   1.9407956e+03   1.9881786e+03   1.6740513e+03   1.5086199e+03   1.5499025e+03   1.6861084e+03   1.7330471e+03   1.7330471e+03   1.8299556e+03   1.8622221e+03   1.4780611e+03   1.9121249e+03   1.4294531e+03   1.6179329e+03   1.6076401e+03   1.7657358e+03   1.7756722e+03   1.7389895e+03   1.6507573e+03   1.6893474e+03   1.5399551e+03   1.6115777e+03   1.8327745e+03   1.9757708e+03   1.6844484e+03   1.4036355e+03   1.8639283e+03
   1.7352138e+03   1.6663173e+03   1.6254487e+03   1.6260263e+03   1.5011358e+03   1.6740513e+03   1.5086199e+03   1.5499025e+03   1.6861084e+03   1.5788916e+03   1.5788916e+03   1.7224730e+03   1.7290613e+03   1.4780611e+03   1.6006840e+03   1.3079765e+03   1.6179329e+03   1.6076401e+03   1.5503730e+03   1.6314137e+03   1.7389895e+03   1.1816910e+03   1.5662036e+03   1.5399551e+03   1.6115777e+03   1.8327745e+03   1.6093876e+03   1.3756855e+03   1.4036355e+03   1.7010737e+03
   1.5536695e+03   1.2864592e+03   1.6254487e+03   1.6260263e+03   1.4943127e+03   1.3141665e+03   1.5086199e+03   1.3655925e+03   1.4495952e+03   1.3947146e+03   1.3947146e+03   1.3257958e+03   1.7169423e+03   1.4780611e+03   1.6006840e+03   1.3079765e+03   1.6179329e+03   1.5421934e+03   1.5503730e+03   1.6314137e+03   1.6468471e+03   1.1816910e+03   1.5662036e+03   1.5399551e+03   1.6050881e+03   1.5903032e+03   1.6093876e+03   1.3756855e+03   1.4036355e+03   1.6195014e+03
   1.4649101e+03   1.2864592e+03   1.6254487e+03   1.6260263e+03   1.4887351e+03   1.3141665e+03   1.5086199e+03   1.3655925e+03   1.4495952e+03   1.3947146e+03   1.3947146e+03   1.3257958e+03   1.6043210e+03   1.4780611e+03   1.3455241e+03   1.1094157e+03   1.5298838e+03   1.5421934e+03   1.2935175e+03   1.4432389e+03   1.6468471e+03   1.1816910e+03   1.5662036e+03   1.4740359e+03   1.3287673e+03   1.5331076e+03   1.5586959e+03   1.3756855e+03   1.4036355e+03   1.2884139e+03
   1.4620608e+03   1.0580457e+03   1.3590157e+03   1.3908896e+03   1.1233929e+03   1.3141665e+03   1.3470259e+03   1.3121362e+03   1.2910449e+03   1.2674344e+03   1.2674344e+03   1.3257958e+03   1.3922881e+03   1.3156312e+03   1.3455241e+03   1.1094157e+03   1.4053844e+03   1.2254324e+03   1.1474536e+03   1.3027089e+03   1.1545704e+03   1.1816910e+03   1.1659676e+03   1.2865238e+03   1.2564752e+03   1.3713226e+03   1.3491087e+03   1.2940733e+03   1.3148408e+03   1.2884139e+03
   7.0856302e+02   9.2216933e+02   8.9451596e+02   1.1092481e+03   1.0117880e+03   7.4616918e+02   9.7584699e+02   1.0517108e+03   1.1844503e+03   9.2729394e+02   9.2729394e+02   9.8141603e+02   1.0831590e+03   8.6450396e+02   8.8332277e+02   1.0931110e+03   8.1652129e+02   9.4305058e+02   1.0061016e+03   9.6056022e+02   8.0398195e+02   1.0671536e+03   8.7569548e+02   9.9349927e+02   1.0704832e+03   1.0558067e+03   1.1988275e+03   1.0546742e+03   1.1264545e+03   9.9740940e+02
   7.0856302e+02   9.1582189e+02   8.0017751e+02   9.5375299e+02   5.8623150e+02   6.5448825e+02   8.7729156e+02   7.1570254e+02   6.5787202e+02   8.4631169e+02   8.4631169e+02   8.8152391e+02   6.3763928e+02   7.2195373e+02   7.6616386e+02   6.3958476e+02   8.1652129e+02   6.6831597e+02   7.4152797e+02   8.3824880e+02   6.1795935e+02   7.3010316e+02   7.5080739e+02   7.8784102e+02   7.2810470e+02   6.3128623e+02   7.3675830e+02   6.4035788e+02   6.8747634e+02   5.7011430e+02
   4.3338215e+02   3.9780407e+02   5.2028147e+02   3.9639777e+02   4.4787446e+02   4.4522288e+02   4.2636223e+02   4.9243970e+02   5.6198327e+02   5.0796059e+02   5.0796059e+02   4.6224023e+02   5.6941019e+02   3.6675318e+02   4.4567729e+02   5.4755363e+02   4.3949995e+02   4.8765727e+02   3.3375975e+02   5.0347184e+02   4.8031116e+02   4.8948874e+02   3.7652739e+02   4.3108005e+02   3.7006678e+02   5.2149090e+02   4.0121439e+02   5.6409508e+02   4.3571558e+02   3.8432581e+02
   2.6924178e+02   3.0366930e+02   2.8974166e+02   2.8148694e+02   2.4211092e+02   3.2840066e+02   2.0711869e+02   2.6550225e+02   3.4970888e+02   2.2874933e+02   2.2874933e+02   1.9095166e+02   4.0274451e+02   1.6507631e+02   2.8866995e+02   3.6054418e+02   3.2514615e+02   2.2273455e+02   1.5496378e+02   2.4808916e+02   3.3919740e+02   3.3352857e+02   2.5464262e+02   3.5323177e+02   2.7454819e+02   2.5271221e+02   2.8372714e+02   2.5505728e+02   2.4007483e+02   2.2368665e+02
   1.6117976e+02   1.3670972e+02   1.4765059e+02   1.2699327e+02   1.5029461e+02   1.1404129e+02   1.4662679e+02   1.4483465e+02   1.7145057e+02   1.1816663e+02   1.1816663e+02   1.3943678e+02   1.3733406e+02   1.4385267e+02   1.1647842e+02   1.3883750e+02   1.0735652e+02   1.3724307e+02   1.5496378e+02   1.2229123e+02   9.6061291e+01   1.3975977e+02   1.4165510e+02   1.3097964e+02   1.2580401e+02   1.6078968e+02   1.4543686e+02   1.4036317e+02   1.1401984e+02   1.6106584e+02
   4.4891768e+01   4.3938304e+01   5.3837783e+01   7.0474726e+01   7.2347959e+01   6.0875268e+01   3.4740681e+01   5.2167151e+01   6.3747100e+01   5.6602991e+01   5.6602991e+01   4.7051577e+01   5.0102205e+01   5.4483579e+01   5.0897898e+01   5.8249653e+01   7.0447500e+01   6.0440313e+01   6.3991422e+01   4.9167579e+01   5.4447251e+01   5.5941277e+01   5.5895278e+01   6.2980614e+01   5.4079386e+01   5.4254652e+01   6.2246006e+01   6.7913288e+01   5.2653595e+01   4.5743119e+01
   6.7753673e+00   6.3840684e+00   7.4251352e+00   7.6090574e+00   7.2338538e+00   6.4452991e+00   5.8694508e+00   7.0370418e+00   6.8990957e+00   6.2965539e+00   6.2965539e+00   6.7249176e+00   5.1939844e+00   6.1130849e+00   6.2671834e+00   6.8537831e+00   4.3172117e+00   5.1128263e+00   6.0570218e+00   5.3501343e+00   6.8529629e+00   7.2236848e+00   5.6905215e+00   6.4125382e+00   6.9486116e+00   7.0193059e+00   6.7612842e+00   5.9157373e+00   7.3966660e+00   6.6852838e+00
   1.1665885e-02   2.6221854e-02   5.1295138e-02   5.6811891e-02   6.1003984e-02   6.6964180e-02   7.2971450e-02   7.4372014e-02   7.4663019e-02   7.6170343e-02   7.6170343e-02   7.7715665e-02   8.0774760e-02   8.1278962e-02   8.2638905e-02   8.5637220e-02   8.6279149e-02   8.8062445e-02   9.3301514e-02   9.4931587e-02   1.0132083e-01   1.0160707e-01   1.0273469e-01   1.0625604e-01   1.0822643e-01   1.1125281e-01   1.1703268e-01   1.2324785e-01   1.2633221e-01   1.4022077e-01
