   3.9379170e+05   2.1151866e+06   2.5696107e+06   1.0460357e+07   4.9850415e+06   1.4299198e+06   2.4326241e+05   2.2033371e+06   1.8953958e+07   1.3135330e+06   2.7515411e+06   3.5556028e+06   2.1311042e+06   1.1825459e+07   3.5289220e+06   9.8469534e+06   1.4904559e+06   9.8562227e+05   4.6138485e+06   1.4944926e+06   2.0667687e+06   2.5686007e+06   1.0863796e+07   1.8366998e+06   4.6861447e+07   8.4805190e+05   9.1374330e+06   2.7150526e+06   4.4899337e+05   5.5568393e+06
   3.9379170e+05   2.1151866e+06   5.5342197e+05   1.9762996e+06   1.9864974e+06   8.0247117e+05   2.4326241e+05   9.2430541e+05   1.9332397e+06   1.3135330e+06   1.7488996e+06   1.1894558e+06   2.1311042e+06   2.7076568e+06   3.5289220e+06   8.9880168e+05   8.3106460e+05   9.8562227e+05   4.6138485e+06   1.4944926e+06   3.8819289e+05   2.5686007e+06   1.5133080e+06   4.2282871e+05   6.8015926e+06   8.4805190e+05   8.2867906e+05   2.7150526e+06   4.4899337e+05   3.1354047e+06
   3.9379170e+05   1.0799249e+05   5.5342197e+05   1.8074232e+06   1.3331593e+05   8.0247117e+05   1.4390616e+05   9.2430541e+05   1.9332397e+06   1.3135330e+06   7.6923181e+05   7.5699242e+05   1.2738673e+06   4.3458948e+05   7.5851415e+05   5.3899970e+05   7.7877874e+05   9.8562227e+05   1.0018995e+05   1.4322488e+05   3.1934853e+04   7.2641779e+05   1.4918692e+06   4.2282871e+05   3.2463001e+05   8.4805190e+05   4.4639871e+05   2.5891644e+05   4.4899337e+05   2.7597866e+06
   3.9379170e+05   1.0799249e+05   2.9366418e+05   1.2984092e+06   1.3331593e+05   1.6419638e+05   1.4390616e+05   5.4572236e+05   3.4762062e+05   1.3135330e+06   7.6923181e+05   7.5699242e+05   1.2738673e+06   2.5356019e+05   1.6326729e+05   4.1492534e+05   3.4959987e+05   7.1494856e+05   1.0018995e+05   1.4322488e+05   3.1828673e+04   1.4010064e+04   4.0221811e+05   1.1097244e+05   3.2463001e+05   6.2279379e+04   4.4639871e+05   9.2650070e+04   1.8198457e+05   1.5874235e+05
   1.8071205e+05   1.0799249e+05   1.3087100e+05   2.1566721e+05   1.3269091e+05   4.6946924e+04   4.2333011e+04   5.4572236e+05   1.7917015e+05   1.0503766e+05   5.5224793e+04   3.2244083e+05   6.0227908e+05   1.4032247e+05   1.6326729e+05   4.1480188e+05   2.3904121e+05   5.3556328e+04   1.0018995e+05   1.4322488e+05   3.1828673e+04   1.4010064e+04   1.0974883e+05   2.2235015e+04   8.6319047e+04   6.2279379e+04   6.4217692e+04   9.2646869e+04   2.7246716e+04   3.7079430e+04
   1.8118720e+04   5.1328998e+04   9.5977958e+02   1.3583162e+04   9.5195426e+03   2.5185519e+03   4.2333011e+04   1.0797211e+04   8.4614954e+03   3.7584168e+03   2.0438578e+04   4.0761593e+04   6.9897837e+04   3.9194325e+04   4.4172870e+04   2.0912130e+04   3.2791668e+04   3.9711693e+04   2.6786219e+04   4.9144334e+04   3.1828673e+04   1.4010064e+04   1.8601637e+04   2.2235015e+04   9.8797804e+01   6.7314756e+03   3.9104225e+03   9.4729454e+03   2.4468557e+04   2.2299850e+04
   8.5247191e+03   2.8459797e+03   9.5977958e+02   4.1030421e+03   1.4858100e+03   2.5185519e+03   4.3396167e+03   4.3966871e+03   7.0743617e+03   3.7584168e+03   9.5156637e+03   4.2765974e+03   1.5448634e+03   1.2315885e+04   1.6816937e+04   7.6431472e+03   3.7776538e+03   9.9875298e+02   2.0963696e+03   5.1762477e+03   2.5088423e+03   6.1474534e+03   1.2497778e+04   4.5137987e+02   9.8797804e+01   5.4447401e+02   3.8120682e+03   1.7424661e+03   1.2038773e+04   1.1269174e+03
   3.0026247e+01   3.5227933e+02   3.5241513e+02   2.0498840e+02   1.2995086e+02   4.7731533e+02   3.3905010e+02   4.9467375e+01   7.0042193e+02   6.8969292e+02   8.0825285e+01   2.1320009e+02   4.6248239e+02   1.2362378e+02   1.1398959e+02   9.9439178e+01   2.1782557e+02   2.9198791e+02   2.2631413e+02   4.5313590e+02   4.1580796e+02   2.2746342e+02   7.3559220e+01   4.5137987e+02   9.8797804e+01   5.4447401e+02   1.1473220e+02   1.7854873e+02   1.4850518e+01   3.5357628e+02
   7.4923046e+00   2.1694685e+01   9.1754373e+00   1.1630076e+01   2.8263207e+01   1.1838331e+01   7.7732476e-01   8.8138760e+00   1.0938183e+01   7.3279074e+00   8.0176561e+00   5.0316286e+00   2.4796723e+00   1.5061717e+01   1.3314464e+01   1.8046621e+01   9.3567005e+00   7.2927433e+00   1.4397047e+01   1.0772225e+01   2.4998909e+00   1.6208680e+01   7.3426980e+00   1.7594868e+01   5.8064886e+00   1.6022932e+01   2.4088752e+01   8.6328163e+00   1.1367716e+00   9.6357098e+00
   2.3507464e-02   1.0558259e-02   6.6790559e-03   9.9429281e-02   8.7943434e-03   3.8453520e-02   4.8601804e-02   6.9570363e-03   8.8182697e-02   4.4467823e-02   2.3380411e-02   2.5539054e-02   1.8870176e-02   4.6035888e-02   1.9667588e-02   5.2269454e-03   4.5884482e-04   3.5973724e-02   1.4774075e-02   1.0850137e-02   1.7421372e-02   4.3873736e-03   5.6871501e-03   2.9454759e-02   2.5821362e-02   2.3014888e-02   2.4098850e-02   3.0827568e-03   1.0715553e-02   3.9589808e-02
   7.3552201e-07   1.0659801e-06   4.6873765e-07   1.3008639e-07   3.8076382e-07   2.1982246e-06   6.2080790e-07   7.2533567e-07   8.0156724e-08   6.5752783e-07   7.2691364e-07   2.1761707e-07   6.7278847e-07   1.2988432e-06   3.3082972e-06   2.7413762e-08   1.4201260e-07   1.1450402e-07   2.0812754e-06   1.6552553e-07   2.9427429e-07   1.3637496e-06   2.8147952e-08   7.8084895e-08   6.7191127e-07   2.9791245e-06   3.6359174e-06   6.4347660e-08   2.5098864e-06   7.8401854e-08
   0.0000000e+00   0.0000000e+00   0.0000000e+00   0.0000000e+00   0.0000000e+00   0.0000000e+00   0.0000000e+00   0.0000000e+00   0.0000000e+00   0.0000000e+00   0.0000000e+00   0.0000000e+00   0.0000000e+00   0.0000000e+00   0.0000000e+00   0.0000000e+00   0.0000000e+00   0.0000000e+00   0.0000000e+00   0.0000000e+00   0.0000000e+00   0.0000000e+00   0.0000000e+00   0.0000000e+00   0.0000000e+00   0.0000000e+00   0.0000000e+00   0.0000000e+00   0.0000000e+00   0.0000000e+00
   0.0000000e+00   0.0000000e+00   0.0000000e+00   0.0000000e+00   0.0000000e+00   0.0000000e+00   0.0000000e+00   0.0000000e+00   0.0000000e+00   0.0000000e+00   0.0000000e+00   0.0000000e+00   0.0000000e+00   0.0000000e+00   0.0000000e+00   0.0000000e+00   0.0000000e+00   0.0000000e+00   0.0000000e+00   0.0000000e+00   0.0000000e+00   0.0000000e+00   0.0000000e+00   0.0000000e+00   0.0000000e+00   0.0000000e+00   0.0000000e+00   0.0000000e+00   0.0000000e+00   0.0000000e+00
   0.0000000e+00   0.0000000e+00   0.0000000e+00   0.0000000e+00   0.0000000e+00   0.0000000e+00   0.0000000e+00   0.0000000e+00   0.0000000e+00   0.0000000e+00   0.0000000e+00   0.0000000e+00   0.0000000e+00   0.0000000e+00   0.0000000e+00   0.0000000e+00   0.0000000e+00   0.0000000e+00   0.0000000e+00   0.0000000e+00   0.0000000e+00   0.0000000e+00   0.0000000e+00   0.0000000e+00   0.0000000e+00   0.0000000e+00   0.0000000e+00   0.0000000e+00   0.0000000e+00   0.0000000e+00
   0.0000000e+00   0.0000000e+00   0.0000000e+00   0.0000000e+00   0.0000000e+00   0.0000000e+00   0.0000000e+00   0.0000000e+00   0.0000000e+00   0.0000000e+00   0.0000000e+00   0.0000000e+00   0.0000000e+00   0.0000000e+00   0.0000000e+00   0.0000000e+00   0.0000000e+00   0.0000000e+00   0.0000000e+00   0.0000000e+00   0.0000000e+00   0.0000000e+00   0.0000000e+00   0.0000000e+00   0.0000000e+00   0.0000000e+00   0.0000000e+00   0.0000000e+00   0.0000000e+00   0.0000000e+00
   0.0000000e+00   0.0000000e+00   0.0000000e+00   0.0000000e+00   0.0000000e+00   0.0000000e+00   0.0000000e+00   0.0000000e+00   0.0000000e+00   0.0000000e+00   0.0000000e+00   0.0000000e+00   0.0000000e+00   0.0000000e+00   0.0000000e+00   0.0000000e+00   0.0000000e+00   0.0000000e+00   0.0000000e+00   0.0000000e+00   0.0000000e+00   0.0000000e+00   0.0000000e+00   0.0000000e+00   0.0000000e+00   0.0000000e+00   0.0000000e+00   0.0000000e+00   0.0000000e+00   0.0000000e+00
