   3.0992853e+10   2.4863599e+10   2.6523973e+10   3.1999453e+10   2.6183419e+10   2.6465151e+10   1.4195818e+10   3.1589490e+10   2.7684916e+10   2.8481345e+10   2.4459330e+10   2.6881841e+10   2.7165914e+10   2.6465151e+10   2.8034621e+10   3.1373787e+10   3.1281601e+10   2.5460447e+10   2.3522919e+10   2.3444881e+10   2.3235720e+10   2.5566377e+10   2.9384016e+10   1.8603695e+10   2.7097408e+10   2.1514835e+10   3.0798630e+10   1.8268726e+10   2.7723865e+10   3.1171037e+10
   9.5670364e+07   1.7489952e+08   2.7145789e+07   4.8219106e+07   1.3002906e+05   3.2590165e+07   5.9234787e+07   1.4752373e+08   1.7777093e+07   9.4444680e+07   1.9242433e+07   2.6982378e+07   2.4847496e+06   3.2590165e+07   1.3301154e+08   4.5498014e+07   7.2588271e+06   1.6569251e+07   8.6505477e+07   5.2156690e+07   5.1145797e+07   9.1683673e+07   1.2176735e+07   1.8709045e+08   3.0528738e+07   2.2834476e+07   9.8800569e+07   3.4941812e+07   2.9213843e+07   4.8751572e+06
   4.1662859e+04   8.1411071e+04   5.5275316e+06   3.8660344e+07   1.3002906e+05   1.0505236e+07   5.4500625e+06   2.8576434e+02   1.5490269e+07   1.4700805e+05   1.9242433e+07   2.1904133e+06   2.3535771e+04   1.0505236e+07   2.1514035e+07   3.7901078e+06   2.2582106e+06   2.1753105e+06   7.8653854e+05   3.5036432e+02   3.2976326e+06   9.5428146e+06   2.8683546e+06   4.2381007e+06   1.9345621e+06   2.2834476e+07   1.3845463e+07   1.8597289e+07   6.8250591e+03   4.8751572e+06
   2.4466604e+04   8.1411071e+04   5.8900602e+05   1.7346303e+05   1.3002906e+05   1.6342307e+04   8.3911410e+04   2.8576434e+02   4.6487518e+06   1.5969288e+04   1.8065991e+06   4.4689446e+04   2.3535771e+04   1.6342307e+04   5.1286320e+03   7.2071316e+05   2.2582106e+06   3.1234085e+05   7.8653854e+05   3.5036432e+02   2.9191563e+06   8.4771041e+04   2.8683546e+06   3.9672113e+06   1.3013592e+06   7.5080305e+06   6.4948805e+05   1.8597289e+07   6.8250591e+03   4.8751572e+06
   1.4054036e+03   8.1411071e+04   2.7203078e+05   1.7346303e+05   1.3002906e+05   1.6342307e+04   8.3911410e+04   2.8576434e+02   4.1901542e+04   2.6268215e+03   1.6523024e+06   4.4689446e+04   2.3535771e+04   1.6342307e+04   5.1286320e+03   7.2071316e+05   1.9169940e+04   3.1234085e+05   2.5047112e+05   3.5036432e+02   2.4917197e+05   8.4771041e+04   3.4634013e+05   2.0326499e+06   1.6049325e+05   3.2134761e+06   1.4805779e+04   4.8290770e+05   6.8250591e+03   3.5304446e+05
   1.4054036e+03   1.2986837e+04   4.7122842e+03   1.7346303e+05   1.3002906e+05   1.6342307e+04   4.7098108e+03   2.8576434e+02   4.1641571e+04   2.6268215e+03   4.8680163e+04   4.4689446e+04   2.3535771e+04   1.6342307e+04   5.1286320e+03   6.3110267e+04   1.9169940e+04   8.4522202e+04   7.5417635e+04   3.5036432e+02   2.4917197e+05   8.4771041e+04   1.3529919e+05   5.5207158e+04   1.6049325e+05   6.3700424e+04   1.1257592e+03   7.0022930e+04   6.8250591e+03   1.4179126e+04
   1.4054036e+03   7.5511857e+03   4.7122842e+03   4.1806565e+04   3.0436665e+03   2.9691639e+03   1.1427302e+03   2.8576434e+02   4.1641571e+04   2.2465783e+03   7.4472756e+01   4.4689446e+04   8.6045565e+03   2.9691639e+03   2.8856527e+03   2.5035401e+04   1.7776881e+04   2.5545242e+03   7.9739128e+03   3.5036432e+02   1.2560304e+03   2.0091714e+04   1.2112926e+04   1.3656741e+04   2.7070668e+04   6.7966806e+03   1.1257592e+03   5.1243032e+04   3.3785277e+03   1.4179126e+04
   1.4054036e+03   7.5511857e+03   2.9625362e+02   7.5117429e+03   2.2205179e+01   2.9691639e+03   1.1427302e+03   2.8576434e+02   4.1641571e+04   6.7409635e+02   7.4472756e+01   1.6723878e+03   8.6045565e+03   2.9691639e+03   2.8856527e+03   3.5274472e+03   6.5930585e+02   2.5545242e+03   6.6362476e+03   3.5036432e+02   7.8580873e+02   2.0091714e+04   4.0784011e+03   3.5090247e+02   7.5786395e+02   6.5709146e+03   1.1257592e+03   1.4610012e+01   3.3785277e+03   6.1616899e+03
   9.5689178e+02   4.9214348e+02   2.9625362e+02   6.0037281e+03   2.2205179e+01   2.9691639e+03   1.1427302e+03   2.8576434e+02   3.1370757e+03   6.7409635e+02   7.4472756e+01   1.6723878e+03   8.6045565e+03   2.9691639e+03   2.8856527e+03   1.8415842e+03   6.8889072e+01   2.1907249e+00   8.9793384e+02   3.5036432e+02   7.8580873e+02   1.3600119e+02   3.7558388e+03   3.5090247e+02   7.5786395e+02   6.5709146e+03   1.1257592e+03   1.4610012e+01   3.3785277e+03   6.1616899e+03
   7.4314884e-02   3.1644218e+00   5.6174540e-01   2.9033415e+00   2.4472633e-01   9.4891866e-01   1.0052010e-01   1.3616774e+00   7.7191920e-02   2.7854110e+00   2.2405773e-02   4.9921171e+00   1.0354187e+01   9.4891866e-01   5.5949654e-01   2.4144979e-01   1.5507648e+00   8.9085187e-01   2.4993343e+00   3.3545029e-01   1.9315784e-01   2.3085458e+00   2.6075593e+00   7.0841058e-02   4.5997226e-01   4.0452367e-02   2.4117994e-02   1.0958854e+00   1.1443310e-02   7.0485693e+00
   2.4820876e-06   4.1911960e-07   0.0000000e+00   4.0714206e-06   1.3762297e-06   2.9305783e-06   8.3023067e-08   3.0900453e-07   3.7656437e-07   5.4521821e-07   2.9237094e-06   2.1599691e-08   2.1339651e-06   2.9305783e-06   8.8557189e-06   4.2527715e-07   1.3496213e-05   1.0244269e-06   1.4766394e-06   4.2055860e-06   1.9288257e-08   1.1625064e-06   0.0000000e+00   1.0569374e-06   2.1145134e-06   1.0469117e-06   7.7465927e-06   1.1538724e-05   4.7375572e-06   5.4860203e-07
   0.0000000e+00   0.0000000e+00   0.0000000e+00   0.0000000e+00   0.0000000e+00   0.0000000e+00   0.0000000e+00   0.0000000e+00   0.0000000e+00   0.0000000e+00   0.0000000e+00   0.0000000e+00   0.0000000e+00   0.0000000e+00   0.0000000e+00   0.0000000e+00   0.0000000e+00   0.0000000e+00   0.0000000e+00   0.0000000e+00   0.0000000e+00   0.0000000e+00   0.0000000e+00   0.0000000e+00   0.0000000e+00   0.0000000e+00   0.0000000e+00   0.0000000e+00   0.0000000e+00   0.0000000e+00
   0.0000000e+00   0.0000000e+00   0.0000000e+00   0.0000000e+00   0.0000000e+00   0.0000000e+00   0.0000000e+00   0.0000000e+00   0.0000000e+00   0.0000000e+00   0.0000000e+00   0.0000000e+00   0.0000000e+00   0.0000000e+00   0.0000000e+00   0.0000000e+00   0.0000000e+00   0.0000000e+00   0.0000000e+00   0.0000000e+00   0.0000000e+00   0.0000000e+00   0.0000000e+00   0.0000000e+00   0.0000000e+00   0.0000000e+00   0.0000000e+00   0.0000000e+00   0.0000000e+00   0.0000000e+00
   0.0000000e+00   0.0000000e+00   0.0000000e+00   0.0000000e+00   0.0000000e+00   0.0000000e+00   0.0000000e+00   0.0000000e+00   0.0000000e+00   0.0000000e+00   0.0000000e+00   0.0000000e+00   0.0000000e+00   0.0000000e+00   0.0000000e+00   0.0000000e+00   0.0000000e+00   0.0000000e+00   0.0000000e+00   0.0000000e+00   0.0000000e+00   0.0000000e+00   0.0000000e+00   0.0000000e+00   0.0000000e+00   0.0000000e+00   0.0000000e+00   0.0000000e+00   0.0000000e+00   0.0000000e+00
   0.0000000e+00   0.0000000e+00   0.0000000e+00   0.0000000e+00   0.0000000e+00   0.0000000e+00   0.0000000e+00   0.0000000e+00   0.0000000e+00   0.0000000e+00   0.0000000e+00   0.0000000e+00   0.0000000e+00   0.0000000e+00   0.0000000e+00   0.0000000e+00   0.0000000e+00   0.0000000e+00   0.0000000e+00   0.0000000e+00   0.0000000e+00   0.0000000e+00   0.0000000e+00   0.0000000e+00   0.0000000e+00   0.0000000e+00   0.0000000e+00   0.0000000e+00   0.0000000e+00   0.0000000e+00
   0.0000000e+00   0.0000000e+00   0.0000000e+00   0.0000000e+00   0.0000000e+00   0.0000000e+00   0.0000000e+00   0.0000000e+00   0.0000000e+00   0.0000000e+00   0.0000000e+00   0.0000000e+00   0.0000000e+00   0.0000000e+00   0.0000000e+00   0.0000000e+00   0.0000000e+00   0.0000000e+00   0.0000000e+00   0.0000000e+00   0.0000000e+00   0.0000000e+00   0.0000000e+00   0.0000000e+00   0.0000000e+00   0.0000000e+00   0.0000000e+00   0.0000000e+00   0.0000000e+00   0.0000000e+00
