   4.6286116e+02   3.1484680e+02   5.5256169e+02   5.0331391e+02   4.6828819e+02   4.3303005e+02   4.5008330e+02   4.7873629e+02   3.3546559e+02   5.6046433e+02   5.1927471e+02   4.6378875e+02   4.5986182e+02   5.3537744e+02   5.4853082e+02   4.6663123e+02   4.7598418e+02   4.9969131e+02   5.3739539e+02   4.9246805e+02   5.6502374e+02   4.9818511e+02   4.9319442e+02   5.9816971e+02   4.8087766e+02   5.6901395e+02   5.0652141e+02   5.3298958e+02   5.3442162e+02   4.4978962e+02
   4.6286116e+02   3.1484680e+02   3.9291240e+02   5.0331391e+02   4.4976726e+02   4.3303005e+02   4.5008330e+02   3.5582813e+02   3.3546559e+02   4.4741170e+02   5.1816986e+02   4.6378875e+02   4.5986182e+02   5.2030454e+02   5.1596717e+02   4.6663123e+02   4.7598418e+02   4.9969131e+02   5.3211405e+02   4.9246805e+02   4.7666901e+02   4.9818511e+02   4.8883847e+02   5.6043173e+02   4.5262693e+02   5.6371764e+02   4.9477553e+02   5.1533598e+02   4.8878008e+02   4.4978962e+02
   4.6286116e+02   3.1484680e+02   3.9291240e+02   5.0331391e+02   4.3739247e+02   4.3303005e+02   4.5008330e+02   3.5582813e+02   3.3546559e+02   4.4741170e+02   5.0339269e+02   4.6378875e+02   4.5986182e+02   4.8337713e+02   5.1596717e+02   4.6663123e+02   4.7598418e+02   4.9969131e+02   4.4593344e+02   4.7243827e+02   4.3873929e+02   4.6693526e+02   4.2732967e+02   4.7369840e+02   4.5262693e+02   5.0300741e+02   4.7217720e+02   5.1533598e+02   4.8878008e+02   4.4978962e+02
   4.4214222e+02   3.1484680e+02   3.9291240e+02   5.0331391e+02   4.3739247e+02   4.3303005e+02   4.5008330e+02   3.5582813e+02   3.3546559e+02   4.1408910e+02   4.4980926e+02   4.6378875e+02   4.2522721e+02   4.2252410e+02   4.6368133e+02   4.6663123e+02   4.7598418e+02   4.9278515e+02   4.4593344e+02   4.6485532e+02   4.3873929e+02   4.6693526e+02   4.0698610e+02   4.5172914e+02   4.5262693e+02   4.7670991e+02   4.6856512e+02   4.9493821e+02   4.8878008e+02   4.3072245e+02
   4.2610520e+02   3.1484680e+02   3.9291240e+02   4.4137135e+02   4.1847349e+02   4.2159831e+02   4.4375023e+02   3.5582813e+02   3.3546559e+02   4.0340028e+02   4.3505762e+02   2.6750142e+02   4.0623359e+02   4.2252410e+02   4.3422652e+02   4.4475621e+02   4.4473810e+02   3.6934335e+02   4.4593344e+02   4.3203564e+02   4.3873929e+02   4.5127002e+02   4.0698610e+02   4.4182178e+02   4.4957235e+02   4.5046261e+02   4.5285500e+02   4.3432449e+02   4.4542510e+02   4.2946982e+02
   4.0846078e+02   3.1484680e+02   3.9291240e+02   3.0680288e+02   3.9150889e+02   3.7496652e+02   4.1834802e+02   3.5582813e+02   3.3546559e+02   3.9916268e+02   3.8766646e+02   2.6750142e+02   4.0623359e+02   3.7102318e+02   4.1877513e+02   4.0394893e+02   4.0889534e+02   3.6934335e+02   4.2473923e+02   3.5926752e+02   4.1343022e+02   4.0326128e+02   4.0698610e+02   4.0266856e+02   4.1414089e+02   4.0249628e+02   4.1313682e+02   4.0441150e+02   4.1235208e+02   4.0851568e+02
   3.7900178e+02   3.1484680e+02   3.4611356e+02   2.8748479e+02   3.9150889e+02   3.7496652e+02   3.9361717e+02   3.5582813e+02   3.3546559e+02   3.8644409e+02   3.8766646e+02   2.6750142e+02   4.0532169e+02   3.6633634e+02   4.0692567e+02   3.6408129e+02   3.9754449e+02   3.6934335e+02   4.0285566e+02   3.5926752e+02   4.0566429e+02   3.9704240e+02   4.0431998e+02   3.9164809e+02   3.9065700e+02   3.9608348e+02   3.9188099e+02   3.8675669e+02   3.8293449e+02   3.8945614e+02
   3.7900178e+02   3.1484680e+02   2.9178700e+02   2.8748479e+02   2.8691060e+02   3.6905567e+02   3.8443402e+02   3.4673410e+02   3.2970011e+02   3.1327273e+02   3.7501784e+02   2.6750142e+02   3.8321752e+02   3.6633634e+02   3.5696756e+02   3.6408129e+02   3.2623755e+02   3.6934335e+02   3.1980085e+02   3.4138728e+02   3.8288535e+02   3.8203297e+02   3.9136500e+02   3.8617094e+02   3.8154588e+02   3.7662725e+02   3.9188099e+02   3.8489126e+02   3.6997403e+02   3.8248217e+02
   3.4887217e+02   2.6770617e+02   2.4575710e+02   2.8748479e+02   2.8691060e+02   3.6905567e+02   3.2821877e+02   2.4688230e+02   3.2970011e+02   2.6637960e+02   3.6408562e+02   2.6023689e+02   2.8926544e+02   3.2307215e+02   2.5739964e+02   3.6408129e+02   2.7373483e+02   3.6934335e+02   3.1980085e+02   3.4138728e+02   3.7609646e+02   3.7621278e+02   3.7971851e+02   3.6953954e+02   3.7541172e+02   3.7662725e+02   3.7991772e+02   3.8370717e+02   3.6508123e+02   3.6821138e+02
   3.0659646e+02   2.1643127e+02   2.3467755e+02   2.8460816e+02   2.8691060e+02   3.2598532e+02   2.9540039e+02   2.4688230e+02   3.2970011e+02   2.6637960e+02   3.6408562e+02   2.3255088e+02   2.4528539e+02   2.6116376e+02   2.5739964e+02   3.4991328e+02   2.7373483e+02   2.8966328e+02   3.1435526e+02   3.3656479e+02   2.9835553e+02   3.2507713e+02   3.7665777e+02   3.6844381e+02   3.6378336e+02   3.6803559e+02   3.7446187e+02   3.7220729e+02   3.6508123e+02   3.6193603e+02
   2.0927643e+02   2.1167126e+02   2.3467755e+02   2.7032071e+02   2.8691060e+02   3.0685544e+02   2.7880023e+02   2.1542092e+02   3.0231088e+02   2.3001155e+02   2.8146897e+02   2.3255088e+02   2.2825863e+02   2.6116376e+02   2.5739964e+02   3.0495541e+02   2.6795156e+02   2.7936255e+02   2.8716931e+02   2.5926763e+02   2.9835553e+02   2.9068760e+02   3.6891028e+02   3.6202095e+02   3.6182325e+02   3.6803559e+02   3.7380624e+02   3.6991590e+02   3.5208192e+02   3.6193603e+02
   2.0927643e+02   1.8902407e+02   1.9727218e+02   2.4100938e+02   2.8691060e+02   2.1745447e+02   2.3507104e+02   2.1542092e+02   2.7744257e+02   2.1865177e+02   1.9980447e+02   1.8981565e+02   2.0650166e+02   2.1878609e+02   2.1107849e+02   2.7791212e+02   2.2773342e+02   1.9732885e+02   2.7244525e+02   2.5926763e+02   2.1011880e+02   2.9068760e+02   3.5633704e+02   3.6143852e+02   3.6182325e+02   3.5550637e+02   3.5669059e+02   3.5727652e+02   3.5208192e+02   3.5652231e+02
   1.8121670e+02   1.5410282e+02   1.6393740e+02   1.7078379e+02   2.6390127e+02   1.8517194e+02   2.3190299e+02   2.0036603e+02   1.7124537e+02   1.4576576e+02   1.7488650e+02   1.5909655e+02   1.8123061e+02   1.7261087e+02   1.6449367e+02   2.1830777e+02   1.8367293e+02   1.9339892e+02   2.3994132e+02   1.9907183e+02   1.8674093e+02   2.4889884e+02   3.4929429e+02   3.4860161e+02   3.4357165e+02   3.4345095e+02   3.5149534e+02   3.4416183e+02   3.4509859e+02   3.4092527e+02
   1.2791803e+02   1.0088145e+02   1.2704708e+02   1.2818220e+02   2.1259255e+02   1.3678325e+02   1.9816924e+02   1.3585161e+02   1.4178879e+02   1.0166788e+02   1.0116562e+02   1.0274292e+02   1.6855277e+02   1.2634011e+02   1.2486212e+02   1.5564546e+02   1.2086528e+02   1.5858699e+02   1.3263064e+02   1.5472811e+02   1.4655270e+02   1.9528611e+02   3.3921772e+02   3.3764473e+02   3.3661485e+02   3.3620685e+02   3.4170724e+02   3.3862164e+02   3.3822992e+02   3.3796626e+02
   1.0001093e+02   1.0000000e+02   1.0019548e+02   1.0000008e+02   1.4209785e+02   1.0000045e+02   1.0003435e+02   1.0548663e+02   1.0001137e+02   1.0000000e+02   1.0000000e+02   1.0000000e+02   1.1547767e+02   1.0000005e+02   1.0000367e+02   1.0000813e+02   1.0000002e+02   1.0981222e+02   1.0000012e+02   1.0307642e+02   1.0136180e+02   1.3370206e+02   3.2312094e+02   3.2853522e+02   3.2962026e+02   3.3223264e+02   3.3120445e+02   3.3332900e+02   3.3266395e+02   3.3405790e+02
   1.0000000e+02   1.0000000e+02   1.0000000e+02   1.0000000e+02   1.0000000e+02   1.0000000e+02   1.0000000e+02   1.0000000e+02   1.0000000e+02   1.0000000e+02   1.0000000e+02   1.0000000e+02   1.0000000e+02   1.0000000e+02   1.0000000e+02   1.0000000e+02   1.0000000e+02   1.0000000e+02   1.0000000e+02   1.0000000e+02   1.0000000e+02   1.0000000e+02   3.2172225e+02   3.2633439e+02   3.2749957e+02   3.2895529e+02   3.3029302e+02   3.3091365e+02   3.3095800e+02   3.3150572e+02
