   3.4003022e+03   3.9035770e+03   5.0091910e+03   3.3701605e+03   3.1488210e+03   3.8980198e+03   3.0418795e+03   4.2446869e+03   3.6700373e+03   4.4048507e+03   3.8948344e+03   4.5252953e+03   1.8333091e+03   2.2709378e+03   3.5661208e+03   3.9393050e+03   2.9722470e+03   3.0826378e+03   2.7238434e+03   3.0139892e+03   2.5961708e+03   4.3843892e+03   4.0312555e+03   2.9920754e+03   3.4401069e+03   3.2290250e+03   4.0141059e+03   2.7693408e+03   4.2554266e+03   2.6340750e+03
   2.5805530e+03   2.8021434e+03   2.3998497e+03   1.8209183e+03   3.0461344e+03   2.9937785e+03   2.6151441e+03   2.5517573e+03   2.6508789e+03   2.5472177e+03   2.8543352e+03   2.8179316e+03   1.8333091e+03   2.2709378e+03   2.5480644e+03   2.6354055e+03   2.4637422e+03   2.6054635e+03   2.6966908e+03   3.0139892e+03   2.2313468e+03   2.2547260e+03   3.0485357e+03   2.5228204e+03   3.0034194e+03   3.0312679e+03   2.7942149e+03   2.5141451e+03   2.3145388e+03   2.4527929e+03
   2.5805530e+03   2.5925688e+03   2.3055688e+03   1.8209183e+03   2.6217904e+03   2.4762621e+03   2.4887870e+03   1.8651358e+03   2.1608174e+03   2.3288518e+03   2.6970324e+03   2.1315797e+03   1.8333091e+03   2.1659195e+03   2.1444955e+03   2.5762840e+03   2.4637422e+03   1.8883246e+03   1.9035156e+03   2.3605953e+03   2.2313468e+03   2.2547260e+03   2.2740061e+03   2.2213255e+03   2.4351570e+03   2.4713001e+03   2.3876542e+03   2.3414630e+03   2.3145388e+03   2.2682219e+03
   2.0578773e+03   2.3831571e+03   2.1290409e+03   1.8209183e+03   2.3076684e+03   1.5911991e+03   2.3481275e+03   1.8651358e+03   2.1608174e+03   2.3288518e+03   2.3580628e+03   1.9901889e+03   1.8333091e+03   2.1659195e+03   2.0616595e+03   2.2676115e+03   2.2089887e+03   1.8883246e+03   1.7982788e+03   2.1989937e+03   2.2313468e+03   1.9930173e+03   2.1442181e+03   2.0790218e+03   1.7905306e+03   1.9140078e+03   2.0986770e+03   2.0289163e+03   1.9231024e+03   1.9873448e+03
   2.0442796e+03   1.8679903e+03   2.1290409e+03   1.6964030e+03   1.9739732e+03   1.5911991e+03   2.1521853e+03   1.6276810e+03   2.0310343e+03   2.2793423e+03   2.2215132e+03   1.9901889e+03   1.8333091e+03   1.7850630e+03   1.8901957e+03   2.2676115e+03   2.2089887e+03   1.8883246e+03   1.7982788e+03   2.1312907e+03   1.6504815e+03   1.9930173e+03   2.1306540e+03   2.0790218e+03   1.7905306e+03   1.9140078e+03   1.7316256e+03   1.8287188e+03   1.8768261e+03   1.7326691e+03
   2.0345876e+03   1.8679903e+03   2.1290409e+03   1.6964030e+03   1.9739732e+03   1.5911991e+03   2.1521853e+03   1.6276810e+03   1.8870254e+03   1.9579886e+03   1.8416711e+03   1.9901889e+03   1.7943444e+03   1.7850630e+03   1.8181193e+03   1.9848495e+03   2.2089887e+03   1.8883246e+03   1.7982788e+03   2.1002100e+03   1.6504815e+03   1.9930173e+03   1.6543788e+03   1.9747895e+03   1.7905306e+03   1.9140078e+03   1.7316256e+03   1.8287188e+03   1.7691972e+03   1.7326691e+03
   1.8323970e+03   1.8679903e+03   1.9807656e+03   1.6964030e+03   1.9386176e+03   1.5756133e+03   1.9427819e+03   1.6276810e+03   1.6137811e+03   1.9188138e+03   1.8416711e+03   1.5914207e+03   1.7943444e+03   1.7850630e+03   1.8181193e+03   1.9848495e+03   1.9264754e+03   1.6623495e+03   1.7439686e+03   1.9394798e+03   1.6504815e+03   1.8907249e+03   1.6543788e+03   1.8380627e+03   1.7905306e+03   1.7240016e+03   1.7316256e+03   1.6497912e+03   1.6795671e+03   1.5278210e+03
   1.8221835e+03   1.8679903e+03   1.8103087e+03   1.5606372e+03   1.8236135e+03   1.5756133e+03   1.6703088e+03   1.4446125e+03   1.6137811e+03   1.6986678e+03   1.5886372e+03   1.3055261e+03   1.3765231e+03   1.5807134e+03   1.6081798e+03   1.3569055e+03   1.7775321e+03   1.3647587e+03   1.5096465e+03   1.7884479e+03   1.6222741e+03   1.3300222e+03   1.6543788e+03   1.8380627e+03   1.4833417e+03   1.4894495e+03   1.5265661e+03   1.3438198e+03   1.6115852e+03   1.5278210e+03
   1.6435236e+03   1.5241950e+03   1.6490295e+03   1.5584423e+03   1.2930235e+03   1.5431427e+03   1.2322500e+03   1.3962354e+03   1.6137811e+03   1.6986678e+03   1.5363218e+03   1.3055261e+03   1.3765231e+03   1.5334252e+03   1.5070958e+03   1.3569055e+03   1.3321470e+03   1.3453339e+03   1.4351253e+03   1.5581067e+03   1.6222741e+03   1.3300222e+03   1.5008720e+03   1.6347106e+03   1.4833417e+03   1.4894495e+03   1.4508631e+03   1.3438198e+03   1.5888021e+03   1.5278210e+03
   1.0702315e+03   1.0414530e+03   1.1485556e+03   1.0465466e+03   1.1245875e+03   1.0246453e+03   1.1513309e+03   1.0531177e+03   9.5009216e+02   1.0344661e+03   1.0155390e+03   9.0793723e+02   1.0009034e+03   9.7983278e+02   9.7398233e+02   1.0927926e+03   1.0033552e+03   9.9630431e+02   9.1399281e+02   9.1988328e+02   1.0757652e+03   9.6437596e+02   9.6497216e+02   9.3559110e+02   1.0730375e+03   8.8727128e+02   1.0022061e+03   1.0383153e+03   8.5369154e+02   1.0623860e+03
   6.5839926e+02   6.5386404e+02   6.6884418e+02   6.7651494e+02   6.4835996e+02   6.7085073e+02   6.8606905e+02   6.8370565e+02   6.5842067e+02   6.3257923e+02   6.8127643e+02   6.3561336e+02   6.5686404e+02   6.4805800e+02   6.3793430e+02   6.3163156e+02   6.9056038e+02   6.3336317e+02   6.4013266e+02   6.5491036e+02   6.5704739e+02   6.5418744e+02   6.7603897e+02   6.5740960e+02   6.2381064e+02   6.5858860e+02   6.2845727e+02   6.7794422e+02   6.3561109e+02   7.0527900e+02
   5.3269913e+02   5.4342945e+02   5.3542254e+02   5.3991194e+02   5.3542391e+02   5.4055674e+02   5.5223916e+02   5.6657831e+02   5.3007481e+02   5.3305234e+02   5.4711746e+02   5.4051534e+02   5.5953422e+02   5.4074525e+02   5.3933370e+02   5.3211057e+02   5.5420628e+02   5.2899788e+02   5.3598123e+02   5.5051231e+02   5.4139420e+02   5.4510723e+02   5.4976057e+02   5.4972676e+02   5.3587110e+02   5.4466129e+02   5.2911130e+02   5.6746284e+02   5.2344925e+02   5.4349080e+02
   4.1015758e+02   4.1756559e+02   4.8734642e+02   4.1545442e+02   4.0652472e+02   4.8883082e+02   4.0969692e+02   4.1655457e+02   4.0707578e+02   4.1421961e+02   4.5293596e+02   4.8694906e+02   4.8916149e+02   4.8750815e+02   4.8753572e+02   4.8738725e+02   4.8755615e+02   4.8737170e+02   4.8735066e+02   4.8902439e+02   4.8745444e+02   4.8763836e+02   4.8820564e+02   4.8765471e+02   4.8739634e+02   4.8845397e+02   4.8704784e+02   4.8841972e+02   4.8737721e+02   4.8727750e+02
   4.0010838e+02   4.0013741e+02   4.6017490e+02   4.0012101e+02   4.0007548e+02   4.6575373e+02   4.0009943e+02   4.0015525e+02   4.0008418e+02   4.0012969e+02   4.0210043e+02   4.8602920e+02   4.8606171e+02   4.8615097e+02   4.8614815e+02   4.8608546e+02   4.8617908e+02   4.8618266e+02   4.8606511e+02   4.8607896e+02   4.8614752e+02   4.8612558e+02   4.8611141e+02   4.8616267e+02   4.8613881e+02   4.8616727e+02   4.8612338e+02   4.8610356e+02   4.8615821e+02   4.8611581e+02
   4.0000000e+02   4.0000000e+02   4.0000227e+02   4.0000000e+02   4.0000000e+02   4.0000700e+02   4.0000000e+02   4.0000001e+02   4.0000000e+02   4.0000000e+02   4.0000018e+02   4.8579249e+02   4.8586003e+02   4.8581917e+02   4.8584503e+02   4.8578426e+02   4.8587960e+02   4.8582867e+02   4.8578465e+02   4.8580492e+02   4.8590337e+02   4.8584637e+02   4.8579292e+02   4.8582400e+02   4.8580406e+02   4.8581235e+02   4.8580696e+02   4.8585384e+02   4.8581095e+02   4.8581186e+02
   4.0000000e+02   4.0000000e+02   4.0000000e+02   4.0000000e+02   4.0000000e+02   4.0000000e+02   4.0000000e+02   4.0000000e+02   4.0000000e+02   4.0000000e+02   4.0000000e+02   4.8568891e+02   4.8568891e+02   4.8568891e+02   4.8568891e+02   4.8568891e+02   4.8568891e+02   4.8568891e+02   4.8568891e+02   4.8568891e+02   4.8568891e+02   4.8568891e+02   4.8568891e+02   4.8568891e+02   4.8568891e+02   4.8568891e+02   4.8568891e+02   4.8568891e+02   4.8570810e+02   4.8570810e+02
