   4.2059546e+05   7.0213272e+05   6.1410615e+05   1.5635955e+05   1.6931895e+05   2.6657316e+05   1.8117475e+05   3.7593092e+05   3.4671432e+05   2.8748834e+05   8.1013097e+05   3.9373021e+05   1.9718202e+05   5.1141564e+05   7.0203498e+05   6.6746813e+04   1.3476957e+05   2.7043045e+05   4.6732892e+05   5.4336895e+05   5.1252365e+05   2.2194799e+05   3.4400029e+05   4.4100638e+05   3.1055015e+05   5.2307065e+05   2.0987996e+05   4.1823763e+05   3.8451200e+05   7.8619371e+05
   1.8498738e+05   1.5373481e+05   1.7382729e+05   3.4632164e+04   1.6931895e+05   1.6302734e+05   1.3976099e+05   1.9259551e+05   3.0366458e+04   2.2265159e+05   2.9734026e+05   1.4362624e+05   1.8891983e+05   1.1642997e+05   1.3966104e+05   6.6746813e+04   1.3476957e+05   1.3623170e+05   1.4062304e+05   4.0441315e+05   3.9232325e+05   1.0289909e+05   1.5830453e+05   1.6973451e+05   9.8546262e+04   1.6079384e+05   2.0987996e+05   1.1019539e+05   2.5642935e+05   2.0679615e+05
   1.7363393e+05   1.5373481e+05   1.3059079e+05   3.4632164e+04   1.6931895e+05   1.6302734e+05   1.0141396e+05   1.3124525e+05   3.0366458e+04   1.2840169e+05   1.4595482e+05   1.4687539e+04   5.0626451e+04   5.1772347e+04   1.1920372e+05   6.6746813e+04   1.3476957e+05   1.0303076e+05   1.4062304e+05   7.9290906e+04   1.9633563e+05   7.5882631e+04   1.2392253e+05   8.9416445e+04   7.8029373e+04   9.1951864e+04   8.2686491e+04   1.1019539e+05   1.2803669e+05   8.1853449e+04
   9.7394972e+04   9.9625066e+04   1.1908977e+05   3.4632164e+04   8.3162187e+04   8.9200717e+04   8.0245117e+04   9.2988631e+04   3.0366458e+04   8.9320623e+04   1.0258673e+05   1.4687539e+04   3.7168153e+04   4.0850055e+04   5.6918453e+04   6.6746813e+04   1.3476957e+05   6.7411134e+04   7.3963537e+04   7.9290906e+04   5.4036900e+04   6.7773622e+04   1.2392253e+05   6.9188993e+04   4.5479880e+04   9.1951864e+04   8.2686491e+04   1.1019539e+05   4.1060538e+04   3.0101135e+04
   5.4395994e+04   4.6575638e+04   8.3133818e+04   3.4632164e+04   5.6958847e+04   6.5407451e+04   8.0245117e+04   8.1093621e+04   2.7336357e+04   8.9199214e+04   9.1100348e+04   1.4687539e+04   3.7168153e+04   4.0850055e+04   5.6918453e+04   5.9660278e+04   1.1906073e+05   1.8022793e+04   3.3965481e+04   7.9290906e+04   5.4036900e+04   6.7773622e+04   1.2392253e+05   6.4615011e+04   4.5479880e+04   4.2141556e+04   8.2686491e+04   1.1019539e+05   4.1060538e+04   3.0101135e+04
   2.9798255e+04   2.5021209e+04   3.0879164e+04   3.4632164e+04   5.6958847e+04   6.1556199e+04   5.0074646e+04   3.8126410e+04   2.2268351e+04   8.2165850e+04   6.0971442e+04   1.4687539e+04   2.6362875e+04   2.0583889e+04   3.1880604e+04   3.2090607e+04   7.6146807e+04   1.4784127e+04   3.3965481e+04   4.6767850e+04   3.3839289e+04   6.7773622e+04   4.1289451e+04   3.5191067e+04   4.5479880e+04   4.2141556e+04   8.2686491e+04   4.4344343e+04   4.1060538e+04   3.0101135e+04
   2.9798255e+04   2.5021209e+04   3.0879164e+04   3.4632164e+04   5.6958847e+04   3.2755707e+04   5.0074646e+04   3.8126410e+04   2.2268351e+04   6.7377402e+04   6.0971442e+04   1.4687539e+04   1.1751816e+04   1.8398930e+04   3.1880604e+04   5.0626193e+03   3.4592142e+04   1.4784127e+04   1.1477650e+04   4.6767850e+04   3.3839289e+04   4.7652113e+04   3.2310452e+04   2.6798752e+04   3.0911208e+04   3.5524393e+04   7.1882141e+04   4.4344343e+04   4.1060538e+04   3.0101135e+04
   2.1844403e+04   2.5021209e+04   2.9685105e+04   3.4632164e+04   3.1216846e+04   3.2755707e+04   4.2749602e+04   3.0236672e+04   2.2268351e+04   5.1542665e+04   2.9543640e+04   1.4687539e+04   1.1751816e+04   1.4830669e+04   1.8570736e+04   5.0626193e+03   1.7231019e+04   1.4784127e+04   1.0234755e+04   4.0953195e+04   3.3839289e+04   2.4922534e+04   2.7293012e+04   2.1292343e+04   3.0911208e+04   1.2264366e+04   4.1527345e+04   2.4152579e+04   3.2127123e+04   2.5593316e+04
   1.6001865e+04   1.8999495e+04   2.5678909e+04   3.1821470e+04   1.5611488e+04   3.0644606e+04   3.4695338e+04   3.3477202e+03   1.9094377e+04   3.3605263e+04   2.9543640e+04   1.4687539e+04   1.1751816e+04   1.4830669e+04   1.8570736e+04   3.6652577e+03   1.7231019e+04   1.1616391e+04   1.0234755e+04   1.5790507e+04   2.7920561e+04   2.4922534e+04   1.9347329e+04   2.1292343e+04   2.8237981e+04   1.2264366e+04   3.4933967e+04   1.4884811e+04   2.6616836e+04   2.3808817e+04
   2.0184934e+03   2.0790793e+03   1.6542911e+03   2.9137037e+03   3.0211795e+03   2.6911494e+03   3.1363320e+03   8.8982453e+02   1.8146446e+03   2.4640839e+03   1.8382420e+03   2.6803206e+03   1.3662613e+03   1.1868034e+03   2.3604432e+03   2.4465807e+03   3.4055593e+03   1.9866578e+03   3.5286567e+03   2.0891604e+03   4.0610072e+03   1.3185521e+03   2.8814063e+03   1.8152396e+03   2.2416973e+03   1.6641331e+03   2.0667183e+03   3.3926960e+03   1.7295485e+03   3.7785047e+03
   2.8507583e+01   1.6879064e+01   2.5901795e+01   1.4877121e+01   2.5321654e+01   2.1132977e+01   1.9316484e+01   2.5718678e+01   2.8319172e+01   2.4117346e+01   2.3443533e+01   2.7228967e+01   2.4721117e+01   1.6399581e+01   2.7279234e+01   2.5410785e+01   2.3692733e+01   2.6257358e+01   2.4298203e+01   2.3193865e+01   3.1823091e+01   2.0461153e+01   2.7813259e+01   1.9081656e+01   2.2988485e+01   2.2118584e+01   4.3274633e+01   2.8297066e+01   2.7279587e+01   2.2112739e+01
   1.1280791e+01   1.0132829e+01   1.1053822e+01   9.0718226e+00   8.4334127e+00   1.1427490e+01   1.0754174e+01   8.3735693e+00   1.0658981e+01   1.0937507e+01   1.0548820e+01   8.0109977e+00   8.7394052e+00   9.0658553e+00   8.6663732e+00   9.1630464e+00   9.3688055e+00   1.1306859e+01   1.0755979e+01   1.0628296e+01   1.0956813e+01   8.8488616e+00   1.1115233e+01   9.8221041e+00   9.5866923e+00   1.0557834e+01   8.9238219e+00   9.8273973e+00   1.1570291e+01   1.0798672e+01
   9.7084483e+00   8.5316677e+00   7.4670385e+00   7.9954193e+00   8.4334127e+00   8.9891748e+00   9.2475078e+00   8.3735693e+00   7.1746493e+00   9.1021875e+00   8.4038635e+00   8.0109977e+00   7.8596271e+00   7.7133937e+00   8.2423882e+00   9.0721115e+00   8.4717052e+00   8.6548129e+00   9.4436297e+00   6.5086746e+00   7.6529467e+00   6.9463733e+00   8.9019576e+00   8.6605234e+00   8.5361237e+00   9.5075501e+00   6.2968489e+00   7.1596958e+00   8.8655381e+00   8.3574839e+00
   7.7248776e+00   8.0771264e+00   7.4670385e+00   5.8309715e+00   8.4217386e+00   7.3157333e+00   8.1479614e+00   7.9468185e+00   7.1746493e+00   7.2807469e+00   8.1572913e+00   8.0109977e+00   7.8596271e+00   7.7133937e+00   8.2423882e+00   7.4385069e+00   6.3976470e+00   6.9866802e+00   7.9102004e+00   6.5086746e+00   7.6529467e+00   6.9463733e+00   6.9833936e+00   7.0943874e+00   7.5825018e+00   7.7156087e+00   6.2968489e+00   7.1596958e+00   8.7225583e+00   5.8844314e+00
   6.3327283e+00   6.4860601e+00   6.4686295e+00   5.6036157e+00   5.9616195e+00   5.7524024e+00   6.9806260e+00   6.5341985e+00   5.7521139e+00   6.3016879e+00   5.9786503e+00   5.0894546e+00   5.8322830e+00   6.5531544e+00   6.6942981e+00   6.8128615e+00   6.2438151e+00   6.5249707e+00   6.8847236e+00   6.5086746e+00   6.2746821e+00   6.1880956e+00   6.5478913e+00   6.1971855e+00   6.1206118e+00   6.5357174e+00   5.8465117e+00   6.8286332e+00   5.1915899e+00   5.8844314e+00
   3.0211505e-01   4.0006773e-01   4.7520647e-01   4.8289646e-01   4.8375764e-01   4.8645144e-01   5.0084537e-01   5.0890079e-01   5.1477602e-01   5.1669617e-01   5.2506077e-01   5.7290879e-01   5.7721001e-01   5.7925109e-01   6.1244382e-01   6.2395328e-01   6.2953930e-01   6.6322640e-01   6.8227330e-01   6.8651612e-01   7.0891040e-01   7.3150379e-01   7.4421260e-01   7.6140003e-01   7.6308232e-01   7.7484182e-01   7.8516817e-01   8.3986750e-01   8.5587795e-01   8.6161164e-01
