   5.1554823e+03   5.4990538e+03   5.2278890e+03   5.0468924e+03   4.9198880e+03   5.4953491e+03   5.5787042e+03   5.4107880e+03   4.9979741e+03   5.1663742e+03   5.1491284e+03   5.4431414e+03   4.7836167e+03   5.1119693e+03   5.1852324e+03   5.2118796e+03   5.0960702e+03   5.2355710e+03   5.2795822e+03   5.1064675e+03   5.2295150e+03   5.3451191e+03   4.9447582e+03   5.2116316e+03   5.2718412e+03   4.7231092e+03   5.1922617e+03   5.2681861e+03   5.1184270e+03   5.1186147e+03
   3.7884867e+03   3.8865239e+03   2.7149072e+03   3.3699162e+03   3.2277993e+03   4.0501205e+03   3.7625107e+03   2.0786012e+03   3.9943367e+03   2.6133651e+03   2.6345015e+03   2.3703659e+03   3.7974624e+03   4.0477363e+03   2.8544904e+03   3.0637095e+03   1.9849459e+03   3.5884671e+03   3.7203809e+03   2.7548069e+03   2.3427392e+03   3.5126337e+03   3.3543970e+03   2.3381138e+03   3.2468055e+03   3.3280475e+03   4.5853114e+03   2.8656975e+03   2.8615513e+03   2.1162443e+03
   2.5124067e+03   2.2612145e+03   1.6480571e+03   3.2260686e+03   2.0591245e+03   3.1110559e+03   1.8135552e+03   2.0786012e+03   6.4608073e+02   1.1923775e+03   1.8662642e+03   1.6947777e+03   2.5701378e+03   3.0104924e+03   2.8544904e+03   2.2174836e+03   1.6571236e+03   3.0438432e+03   1.8683251e+03   1.9292460e+03   1.8547157e+03   2.6273898e+03   1.6820205e+03   1.7274992e+03   2.0012732e+03   6.3057222e+02   2.5386268e+03   5.3253385e+02   1.3788697e+03   1.4591892e+03
   8.7258429e+02   1.6730220e+03   1.6480571e+03   1.7601826e+03   1.9229468e+03   1.6422932e+03   1.6984022e+03   1.1790153e+03   6.4608073e+02   1.1923775e+03   1.8094952e+03   1.6947777e+03   2.5701378e+03   1.5372507e+03   8.0119326e+02   1.7495454e+03   1.6571236e+03   1.0629685e+03   1.8683251e+03   1.5317945e+03   1.4215239e+03   2.0242108e+03   1.6820205e+03   1.3227515e+03   1.1760304e+03   6.3057222e+02   1.4249733e+03   5.3253385e+02   1.0139009e+03   1.3575793e+03
   5.3257464e+02   1.6730220e+03   1.3511848e+03   1.3576185e+03   1.9150679e+03   1.3705135e+03   1.6984022e+03   1.1790153e+03   6.4608073e+02   1.1923775e+03   5.9851056e+02   1.6947777e+03   2.0500785e+03   1.5372507e+03   8.0119326e+02   7.5735687e+02   9.3507551e+02   1.0629685e+03   1.0980238e+03   1.0442962e+03   1.4215239e+03   9.9355243e+02   1.6820205e+03   1.3227515e+03   1.0383027e+03   6.3057222e+02   5.0768156e+02   5.3253385e+02   8.7529546e+02   4.6330685e+02
   5.3257464e+02   1.6730220e+03   9.5305608e+02   8.8864820e+02   6.1011901e+02   1.2540297e+03   4.1866916e+02   9.3086783e+02   6.4608073e+02   1.0178781e+03   5.9851056e+02   1.3479138e+03   9.1577114e+02   1.5372507e+03   8.0119326e+02   7.5735687e+02   9.3507551e+02   1.0629685e+03   5.0556547e+02   8.6114500e+02   9.1485170e+02   9.9355243e+02   6.6890250e+02   1.3227515e+03   1.0383027e+03   6.3057222e+02   5.0768156e+02   5.3253385e+02   8.7529546e+02   4.6330685e+02
   5.3257464e+02   7.9481766e+02   9.5305608e+02   8.8864820e+02   6.1011901e+02   1.0026045e+03   4.1866916e+02   9.3086783e+02   6.4608073e+02   1.0178781e+03   5.9851056e+02   1.3479138e+03   9.0388944e+02   5.8002048e+02   4.4907551e+02   7.5735687e+02   2.7796852e+02   8.9169616e+02   5.0556547e+02   8.6114500e+02   9.1485170e+02   6.1221051e+02   6.6890250e+02   1.1983238e+03   3.2548039e+02   6.3057222e+02   5.0768156e+02   5.3253385e+02   8.7529546e+02   4.6330685e+02
   5.3257464e+02   4.6876667e+02   7.8419517e+02   4.2731331e+02   6.1011901e+02   9.2903720e+02   4.1866916e+02   2.0121073e+02   6.0209036e+02   3.3380610e+02   3.3078111e+02   5.0256706e+02   9.0388944e+02   5.1240488e+02   4.4907551e+02   6.2794920e+02   2.7796852e+02   7.2591444e+02   5.0556547e+02   8.6114500e+02   2.9960083e+02   5.2668184e+02   6.6890250e+02   9.3843503e+02   3.2548039e+02   6.3057222e+02   5.0375898e+02   5.3253385e+02   6.8269939e+02   4.6330685e+02
   1.7800884e+02   2.0259417e+02   1.5425672e+02   1.0347445e+02   4.3691882e+01   1.8774173e+02   6.3553510e+01   1.1112070e+02   9.0980700e+01   2.0375640e+02   9.2548539e+01   1.8640973e+02   1.3771087e+02   4.7192265e+01   2.2586287e+01   1.3901750e+02   9.9428487e+01   2.8526026e+02   7.4467461e+01   1.4727875e+02   6.0991787e+01   1.7142614e+01   1.0214367e+02   6.1921101e+01   1.1368783e+02   9.3421997e+01   1.1586941e+02   1.7118593e+02   1.5069104e+02   9.5733611e+01
   4.7278382e+00   3.9577250e+00   4.4946008e+00   3.9408128e+00   6.5403973e+00   6.5733628e+00   3.8363198e+00   2.9215597e+00   7.6958932e+00   6.4349180e+00   5.6215459e+00   2.9952561e+00   6.6609123e+00   2.6665181e+00   6.2501027e+00   3.2592674e+00   6.4581446e+00   6.7526599e+00   2.5190813e+00   3.8497984e+00   6.3169663e+00   7.7839151e+00   6.2456616e+00   1.1445342e+00   4.1882566e+00   4.4192182e+00   7.6474766e+00   5.8666670e+00   2.6247316e+00   4.1799991e+00
   1.9099721e-03   4.7846409e-03   1.0452974e-03   4.2011347e-03   3.2338755e-03   6.4278351e-03   1.1730945e-03   4.2499183e-03   2.0525139e-03   2.3515589e-03   1.6033091e-03   3.0712816e-03   3.1959679e-04   3.4445762e-03   5.0406491e-03   5.7096669e-03   4.3872430e-03   4.3485685e-03   1.6949230e-03   1.0827345e-03   5.8271183e-03   2.7668977e-03   4.9415614e-04   1.9904824e-03   1.9791917e-03   2.0565119e-03   3.6114820e-03   5.7742699e-03   1.3343899e-03   3.7515065e-03
   0.0000000e+00   0.0000000e+00   0.0000000e+00   0.0000000e+00   0.0000000e+00   0.0000000e+00   0.0000000e+00   0.0000000e+00   0.0000000e+00   0.0000000e+00   0.0000000e+00   0.0000000e+00   0.0000000e+00   0.0000000e+00   0.0000000e+00   0.0000000e+00   0.0000000e+00   0.0000000e+00   0.0000000e+00   0.0000000e+00   0.0000000e+00   0.0000000e+00   0.0000000e+00   0.0000000e+00   0.0000000e+00   0.0000000e+00   0.0000000e+00   0.0000000e+00   0.0000000e+00   0.0000000e+00
   0.0000000e+00   0.0000000e+00   0.0000000e+00   0.0000000e+00   0.0000000e+00   0.0000000e+00   0.0000000e+00   0.0000000e+00   0.0000000e+00   0.0000000e+00   0.0000000e+00   0.0000000e+00   0.0000000e+00   0.0000000e+00   0.0000000e+00   0.0000000e+00   0.0000000e+00   0.0000000e+00   0.0000000e+00   0.0000000e+00   0.0000000e+00   0.0000000e+00   0.0000000e+00   0.0000000e+00   0.0000000e+00   0.0000000e+00   0.0000000e+00   0.0000000e+00   0.0000000e+00   0.0000000e+00
   0.0000000e+00   0.0000000e+00   0.0000000e+00   0.0000000e+00   0.0000000e+00   0.0000000e+00   0.0000000e+00   0.0000000e+00   0.0000000e+00   0.0000000e+00   0.0000000e+00   0.0000000e+00   0.0000000e+00   0.0000000e+00   0.0000000e+00   0.0000000e+00   0.0000000e+00   0.0000000e+00   0.0000000e+00   0.0000000e+00   0.0000000e+00   0.0000000e+00   0.0000000e+00   0.0000000e+00   0.0000000e+00   0.0000000e+00   0.0000000e+00   0.0000000e+00   0.0000000e+00   0.0000000e+00
   0.0000000e+00   0.0000000e+00   0.0000000e+00   0.0000000e+00   0.0000000e+00   0.0000000e+00   0.0000000e+00   0.0000000e+00   0.0000000e+00   0.0000000e+00   0.0000000e+00   0.0000000e+00   0.0000000e+00   0.0000000e+00   0.0000000e+00   0.0000000e+00   0.0000000e+00   0.0000000e+00   0.0000000e+00   0.0000000e+00   0.0000000e+00   0.0000000e+00   0.0000000e+00   0.0000000e+00   0.0000000e+00   0.0000000e+00   0.0000000e+00   0.0000000e+00   0.0000000e+00   0.0000000e+00
   0.0000000e+00   0.0000000e+00   0.0000000e+00   0.0000000e+00   0.0000000e+00   0.0000000e+00   0.0000000e+00   0.0000000e+00   0.0000000e+00   0.0000000e+00   0.0000000e+00   0.0000000e+00   0.0000000e+00   0.0000000e+00   0.0000000e+00   0.0000000e+00   0.0000000e+00   0.0000000e+00   0.0000000e+00   0.0000000e+00   0.0000000e+00   0.0000000e+00   0.0000000e+00   0.0000000e+00   0.0000000e+00   0.0000000e+00   0.0000000e+00   0.0000000e+00   0.0000000e+00   0.0000000e+00
