   4.1489644e+02   3.5910179e+02   5.2378859e+02   5.0040644e+02   5.0083706e+02   3.9783675e+02   5.5771598e+02   2.7963453e+02   6.9392912e+02   3.5274406e+02   6.8559563e+02   3.8911292e+02   3.5286548e+02   2.3685339e+02   3.3288291e+02   4.4079847e+02   4.0645112e+02   4.1975849e+02   1.7220182e+02   6.0291794e+02   2.3872105e+02   5.0322322e+02   4.8040850e+02   3.8443574e+02   4.3512902e+02   6.0183088e+02   4.0944026e+02   6.2986946e+02   3.4279775e+02   4.5505150e+02
   2.2712339e+01   6.7398533e+01   2.6833336e+01   2.4241360e+01   2.3475090e+01   3.0085052e+01   3.1611173e+01   5.6992295e-01   9.2169174e+00   2.9736733e+01   1.4489237e+01   1.1158780e+02   2.1073771e+01   1.6595273e+01   6.3739080e+00   1.8979946e+01   1.2163062e+01   9.5919082e+01   1.1477678e+00   9.2365921e+00   7.5461086e+00   1.2371355e+02   1.7856734e+01   1.7630496e+01   6.2193992e+01   1.2744887e+02   4.9342148e+00   1.1079551e+01   9.2391187e+01   2.1590190e+01
   8.6622796e+00   1.3146291e+01   2.6833336e+01   2.2074984e+01   1.1445355e+01   1.8402437e+01   3.6646593e+00   5.6992295e-01   9.2169174e+00   5.9587955e+00   5.3966022e+00   1.7732508e+01   7.9098267e-01   1.1379462e+01   6.3739080e+00   1.5984503e+01   1.6956872e+00   1.4651555e+00   1.1477678e+00   3.9428682e+00   7.5461086e+00   8.7442343e-01   5.1280779e+00   8.0839874e+00   1.9689128e+01   3.3386876e+00   4.9342148e+00   1.1079551e+01   7.5500161e+00   2.1590190e+01
   8.0701944e+00   1.1105772e+00   4.0247715e+00   5.0611100e-01   2.1581082e+00   3.2176710e+00   3.6646593e+00   5.6992295e-01   7.6161846e-01   8.8604792e-01   2.8756119e-01   1.2465714e+00   7.9098267e-01   5.0192771e+00   6.3739080e+00   6.5964567e+00   1.6956872e+00   7.4286194e-01   1.1477678e+00   3.9428682e+00   4.7095428e-01   8.7442343e-01   5.1280779e+00   4.3712070e+00   3.0705187e+00   3.3386876e+00   1.5911921e+00   8.3540973e+00   3.1280793e-01   2.6466210e-01
   2.8847114e+00   1.1105772e+00   3.5822600e+00   1.5960141e-01   2.1581082e+00   3.2176710e+00   1.5582896e+00   5.6992295e-01   7.6161846e-01   8.8604792e-01   2.8756119e-01   1.2465714e+00   5.1487201e-02   4.3957284e+00   6.2904760e+00   6.5964567e+00   6.9853096e-01   7.4286194e-01   1.1477678e+00   3.9428682e+00   4.7095428e-01   3.1848010e-01   2.2191869e+00   4.3712070e+00   2.9990863e+00   1.0351708e+00   1.5911921e+00   1.3120220e+00   3.1280793e-01   2.6466210e-01
   2.8847114e+00   1.1105772e+00   2.6603166e+00   1.5960141e-01   2.1581082e+00   3.2176710e+00   1.5582896e+00   5.6992295e-01   7.6161846e-01   8.8604792e-01   2.8756119e-01   1.0947825e+00   5.1487201e-02   1.7273400e+00   6.2904760e+00   6.5964567e+00   6.9853096e-01   2.0662579e-01   4.9844475e-01   4.6007482e-01   4.7095428e-01   3.1848010e-01   1.1972418e+00   3.0801867e+00   2.0357765e+00   1.0351708e+00   1.5911921e+00   1.3120220e+00   3.1280793e-01   2.6466210e-01
   1.3938829e+00   1.1105772e+00   1.1826273e-01   1.5960141e-01   7.4595920e-01   9.1657916e-01   6.2117105e-01   5.6992295e-01   5.6336000e-01   3.3498402e-01   2.8756119e-01   7.2969732e-01   5.1487201e-02   1.7273400e+00   3.5360056e+00   9.3265319e-02   6.9853096e-01   2.0662579e-01   1.7943078e-01   2.3790954e-01   3.3168455e-01   3.1848010e-01   7.6589789e-01   2.4372657e-01   2.0357765e+00   7.2534313e-01   8.0937455e-01   2.3458664e-01   3.1280793e-01   2.6466210e-01
   2.8466964e-02   5.6068502e-02   5.5401924e-02   2.5876147e-02   4.7329744e-02   4.3029293e-02   4.2560853e-02   7.0618318e-02   2.9779128e-02   5.8759000e-02   2.0413861e-02   7.6498030e-02   2.8732297e-02   5.2477502e-02   5.2481703e-02   5.0540500e-02   2.5220251e-02   5.6449674e-02   3.3780298e-02   1.5116041e-02   6.4197608e-02   5.0354517e-02   3.5813203e-02   3.0686600e-02   8.3192844e-02   6.4092724e-02   5.2935532e-02   8.8611299e-02   4.0841068e-02   3.5737055e-02
   3.9037826e-03   9.0924732e-03   4.7420321e-03   1.0878500e-02   7.9868277e-03   6.7994790e-03   1.1984183e-02   9.1219462e-03   1.1251229e-02   1.1800667e-02   1.3757364e-02   1.2388625e-02   1.5920941e-02   1.0444749e-02   9.9494596e-03   6.7073053e-03   9.9578146e-03   1.1892916e-02   8.3973807e-03   1.4733938e-02   1.0093589e-02   9.8875283e-03   1.4318005e-02   1.4127417e-02   9.3151162e-03   1.1708056e-02   7.7039529e-03   8.2695450e-03   7.7634993e-03   1.5592332e-02
   2.3859239e-03   1.6511341e-03   2.4988103e-03   1.7861182e-03   1.4241179e-03   1.8613524e-03   2.2156627e-03   1.9159988e-03   2.7519981e-03   2.4335601e-03   2.4493567e-03   1.7478642e-03   1.4352836e-03   1.8012644e-03   2.2827742e-03   1.7844683e-03   1.6960506e-03   1.3486811e-03   1.7815653e-03   2.4981035e-03   2.7594780e-03   2.1672034e-03   1.0872394e-03   2.0407215e-03   1.6320639e-03   1.8622223e-03   1.3813972e-03   2.3769047e-03   1.6668143e-03   9.7391693e-04
   3.7277195e-04   3.0633174e-04   8.7183236e-04   5.3033554e-04   2.8820535e-04   5.0863868e-04   5.3531387e-04   9.6105711e-04   8.0508778e-04   8.2662663e-04   3.2493572e-04   5.8508572e-04   6.4581382e-04   4.6905487e-04   6.3282145e-04   6.9706152e-04   6.6411378e-04   6.1276803e-04   4.2061157e-04   3.4669983e-04   5.5896912e-04   5.2686422e-04   8.1331202e-04   7.6904036e-04   5.6184441e-04   5.0411361e-04   6.7480560e-04   4.9158777e-04   6.3738137e-04   5.0983329e-04
   8.7930457e-05   1.2982387e-04   1.0912912e-04   8.9024897e-05   1.0653376e-04   8.3956655e-05   7.3044730e-05   8.5765337e-05   1.0491233e-04   1.0303556e-04   1.1903081e-04   9.4535211e-05   1.0425234e-04   1.0336039e-04   1.1459378e-04   5.8067313e-05   6.4511925e-05   7.9798921e-05   1.4988718e-04   1.1056430e-04   1.2314641e-04   1.4297828e-04   1.4521063e-04   1.0738790e-04   9.0244733e-05   1.1660096e-04   8.6077827e-05   6.4111358e-05   9.3098665e-05   5.4100579e-05
   0.0000000e+00   0.0000000e+00   2.3206958e-08   1.1803614e-08   0.0000000e+00   0.0000000e+00   1.6531622e-08   0.0000000e+00   0.0000000e+00   0.0000000e+00   0.0000000e+00   0.0000000e+00   1.6590469e-08   0.0000000e+00   0.0000000e+00   0.0000000e+00   0.0000000e+00   0.0000000e+00   1.5134908e-08   0.0000000e+00   0.0000000e+00   0.0000000e+00   8.5030450e-08   0.0000000e+00   0.0000000e+00   0.0000000e+00   0.0000000e+00   0.0000000e+00   0.0000000e+00   0.0000000e+00
   0.0000000e+00   0.0000000e+00   0.0000000e+00   0.0000000e+00   0.0000000e+00   0.0000000e+00   0.0000000e+00   0.0000000e+00   0.0000000e+00   0.0000000e+00   0.0000000e+00   0.0000000e+00   0.0000000e+00   0.0000000e+00   0.0000000e+00   0.0000000e+00   0.0000000e+00   0.0000000e+00   0.0000000e+00   0.0000000e+00   0.0000000e+00   0.0000000e+00   0.0000000e+00   0.0000000e+00   0.0000000e+00   0.0000000e+00   0.0000000e+00   0.0000000e+00   0.0000000e+00   0.0000000e+00
   0.0000000e+00   0.0000000e+00   0.0000000e+00   0.0000000e+00   0.0000000e+00   0.0000000e+00   0.0000000e+00   0.0000000e+00   0.0000000e+00   0.0000000e+00   0.0000000e+00   0.0000000e+00   0.0000000e+00   0.0000000e+00   0.0000000e+00   0.0000000e+00   0.0000000e+00   0.0000000e+00   0.0000000e+00   0.0000000e+00   0.0000000e+00   0.0000000e+00   0.0000000e+00   0.0000000e+00   0.0000000e+00   0.0000000e+00   0.0000000e+00   0.0000000e+00   0.0000000e+00   0.0000000e+00
   0.0000000e+00   0.0000000e+00   0.0000000e+00   0.0000000e+00   0.0000000e+00   0.0000000e+00   0.0000000e+00   0.0000000e+00   0.0000000e+00   0.0000000e+00   0.0000000e+00   0.0000000e+00   0.0000000e+00   0.0000000e+00   0.0000000e+00   0.0000000e+00   0.0000000e+00   0.0000000e+00   0.0000000e+00   0.0000000e+00   0.0000000e+00   0.0000000e+00   0.0000000e+00   0.0000000e+00   0.0000000e+00   0.0000000e+00   0.0000000e+00   0.0000000e+00   0.0000000e+00   0.0000000e+00
