   1.4847017e+03   2.8527142e+03   1.6716465e+03   1.7183250e+03   1.6458589e+03   2.3571732e+03   2.2077685e+03   2.7626657e+03   2.3546438e+03   2.7649382e+03   2.3996000e+03   2.8519707e+03   1.1969518e+03   1.7556595e+03   1.3939844e+03   2.7679497e+03   2.5912694e+03   1.6172208e+03   2.3596877e+03   2.0395744e+03   1.9159828e+03   2.4703137e+03   2.2086726e+03   2.2360361e+03   1.9139126e+03   1.6443603e+03   1.7337625e+03   1.7715534e+03   2.3913682e+03   1.2429055e+03
   8.3099880e+02   9.7434927e+02   9.5101593e+02   6.7671577e+02   5.7413655e+02   8.0121139e+02   7.3805109e+02   8.2862287e+02   8.8418769e+02   6.6755712e+02   8.9260327e+02   8.4135264e+02   9.4162892e+02   5.8482288e+02   6.9979392e+02   7.8022360e+02   9.9834086e+02   1.0057767e+03   3.5489578e+02   5.6901019e+02   1.3721606e+03   9.9520452e+02   4.5146523e+02   6.1163087e+02   1.5027288e+03   6.2547730e+02   9.0793309e+02   3.7104935e+02   7.4630992e+02   5.5741987e+02
   4.9166374e+02   6.0706407e+02   4.2675898e+02   6.7671577e+02   4.6953079e+02   4.6467965e+02   3.6821551e+02   3.9146986e+02   5.8154488e+02   6.6094206e+02   6.8870619e+02   7.5060960e+02   5.4810688e+02   3.0399254e+02   6.9979392e+02   3.9818915e+02   2.9657406e+02   4.7281284e+02   3.5489578e+02   5.6901019e+02   5.8126677e+02   5.0426943e+02   4.5146523e+02   4.1177619e+02   4.6756017e+02   4.5114362e+02   5.7294781e+02   3.4680615e+02   3.4435953e+02   4.0958741e+02
   4.2750037e+02   5.4076844e+02   4.2675898e+02   3.3460841e+02   4.1467144e+02   2.7803593e+02   3.6821551e+02   3.9146986e+02   4.4175999e+02   5.6538569e+02   4.1754603e+02   3.0021274e+02   3.7835879e+02   3.0399254e+02   5.0747950e+02   3.9818915e+02   2.9657406e+02   4.0834118e+02   2.0775000e+02   3.9662569e+02   4.2110799e+02   4.3817774e+02   3.7575813e+02   4.1177619e+02   3.4045872e+02   3.6151021e+02   3.1728310e+02   3.4680615e+02   3.4435953e+02   4.0958741e+02
   4.2042985e+02   3.4098325e+02   3.4331789e+02   3.3460841e+02   3.5468214e+02   2.7803593e+02   3.6821551e+02   3.3735293e+02   3.4308839e+02   3.9733988e+02   3.9823728e+02   3.0021274e+02   3.7835879e+02   3.0399254e+02   3.4332269e+02   3.4960461e+02   2.9657406e+02   1.3628213e+02   2.0775000e+02   3.6150990e+02   3.7728908e+02   3.3703257e+02   3.7575813e+02   3.7668659e+02   3.4045872e+02   3.6151021e+02   3.1728310e+02   2.3466660e+02   3.4435953e+02   4.0958741e+02
   3.0604690e+02   3.4098325e+02   2.5352296e+02   2.7671060e+02   3.3595044e+02   2.7803593e+02   3.2671604e+02   3.3735293e+02   3.4308839e+02   3.7158520e+02   3.2182731e+02   2.7560634e+02   3.2977577e+02   3.0399254e+02   3.4332269e+02   3.4960461e+02   2.9657406e+02   1.3628213e+02   2.0775000e+02   2.4444877e+02   3.0367558e+02   3.2436748e+02   3.7575813e+02   3.3390949e+02   2.9528110e+02   2.9442279e+02   2.9661942e+02   2.3466660e+02   3.3631865e+02   3.6163080e+02
   3.0604690e+02   3.0565358e+02   2.5149116e+02   2.7671060e+02   3.3595044e+02   2.7803593e+02   3.1796683e+02   3.0682396e+02   3.0608973e+02   3.1769873e+02   3.0735600e+02   2.7560634e+02   3.2977577e+02   3.0399254e+02   2.8552691e+02   3.1937736e+02   2.9657406e+02   1.3628213e+02   2.0775000e+02   2.4444877e+02   2.6659970e+02   3.2436748e+02   3.1058433e+02   3.0839365e+02   2.9528110e+02   2.9442279e+02   2.9661942e+02   2.3466660e+02   3.3631865e+02   3.0169674e+02
   2.6924773e+02   2.4615753e+02   2.0184031e+02   2.6105654e+02   2.4487999e+02   2.5438036e+02   2.8911837e+02   2.7400593e+02   2.4732851e+02   2.5053804e+02   2.6479105e+02   2.7560634e+02   1.0901053e+02   3.0007850e+02   2.6961952e+02   2.2654480e+02   2.0802325e+02   1.3628213e+02   2.0775000e+02   2.0307148e+02   2.6165873e+02   2.8045558e+02   2.5182752e+02   2.8100675e+02   2.5083532e+02   2.7408810e+02   2.6344453e+02   2.3466660e+02   2.5212271e+02   2.6711627e+02
   6.8952605e+01   1.1136715e+02   1.5411953e+02   9.9895654e+01   1.9520365e+02   8.8146808e+01   3.0121400e+01   2.0314696e+02   1.3608543e+02   1.4812586e+02   1.9870307e+02   1.9554165e+02   9.5258485e+01   1.8948813e+02   9.4595207e+01   1.8654063e+02   5.5951842e+01   1.1978911e+02   1.8920877e+02   1.4856017e+02   1.3350838e+02   5.7434578e+01   1.7278154e+02   7.9559419e+01   1.3722118e+02   1.0790937e+02   9.0359834e+01   1.1357224e+02   1.4032107e+02   4.0345530e+01
   6.5332636e+01   9.7057157e+01   6.3028810e+01   2.5659040e+01   3.1912548e+01   1.2395124e+01   1.1297234e+01   4.6905118e+01   3.5986334e+01   1.1920262e+01   7.0646418e+01   8.3052917e+01   3.7673485e+01   7.1118616e+01   6.4885833e+01   2.7196206e+00   2.5136117e+01   7.1730907e+01   1.0183672e+01   1.8948633e+01   1.2346652e+02   2.3196038e+01   4.1018622e+01   2.6893095e+01   5.3823033e+01   4.0682457e+01   3.3277001e+01   3.0661131e+01   5.5026406e+01   4.0345530e+01
   9.3941914e+00   5.2706211e+01   6.3028810e+01   4.8567022e+00   3.1912548e+01   1.2395124e+01   2.0439934e-01   5.3686718e+00   1.6685467e+01   1.1920262e+01   3.3718782e+00   8.3052917e+01   2.6487859e+01   2.5713418e+00   6.0924976e+01   2.7196206e+00   4.2482660e+00   1.4871292e+01   1.0183672e+01   3.2341618e+00   4.1108179e+01   1.0979579e+01   5.1899269e+00   4.3790163e+00   6.0960794e+00   1.7940177e+01   5.6293655e+00   3.5944538e+00   6.8911407e+00   1.5572784e+01
   8.9375048e-02   5.2706211e+01   6.3028810e+01   3.4056933e-02   5.8413740e-01   1.2395124e+01   1.9108556e-02   1.1913346e-01   1.2313012e-01   8.5159574e-02   1.8474971e-02   7.2819696e+01   9.2939003e+00   1.3409345e-02   1.1534850e+01   1.1935685e-02   1.5302934e-02   1.4871292e+01   9.3092444e-02   1.8101687e+00   4.1108179e+01   2.5130820e-01   1.6611782e-02   1.0950963e-01   2.9479589e-02   1.7940177e+01   1.9002235e-02   2.0414675e-02   6.8911407e+00   4.2264202e+00
   4.3670726e-03   5.9765840e+00   4.2478392e+01   3.6967090e-03   6.7517870e-03   1.2395124e+01   3.7411309e-03   1.7988224e-03   4.1549473e-03   3.2793705e-03   4.0018330e-03   6.5766912e+01   9.2939003e+00   4.2948954e-03   1.1534850e+01   3.4731988e-03   4.8882475e-03   1.4871292e+01   4.6533000e-03   1.3313316e-02   4.1108179e+01   2.2956527e-03   2.6928464e-03   6.4025459e-03   4.3780925e-03   1.7940177e+01   1.6132503e-03   3.7192276e-03   6.8911407e+00   4.2264202e+00
   0.0000000e+00   5.9765840e+00   2.7619514e-02   0.0000000e+00   0.0000000e+00   6.2305235e+00   1.3386398e-08   0.0000000e+00   0.0000000e+00   0.0000000e+00   0.0000000e+00   6.4719682e+01   6.1679003e+00   1.2820692e-08   2.9667911e+00   1.5311798e-08   1.4606030e-08   9.4691758e-01   1.1495558e-08   1.4830766e-07   6.2233803e-01   0.0000000e+00   0.0000000e+00   0.0000000e+00   0.0000000e+00   2.2060109e-02   0.0000000e+00   0.0000000e+00   2.7789714e-02   3.8280990e-01
   0.0000000e+00   0.0000000e+00   0.0000000e+00   0.0000000e+00   0.0000000e+00   0.0000000e+00   0.0000000e+00   0.0000000e+00   0.0000000e+00   0.0000000e+00   0.0000000e+00   0.0000000e+00   0.0000000e+00   0.0000000e+00   0.0000000e+00   0.0000000e+00   0.0000000e+00   0.0000000e+00   0.0000000e+00   0.0000000e+00   0.0000000e+00   0.0000000e+00   0.0000000e+00   0.0000000e+00   0.0000000e+00   0.0000000e+00   0.0000000e+00   0.0000000e+00   0.0000000e+00   0.0000000e+00
   0.0000000e+00   0.0000000e+00   0.0000000e+00   0.0000000e+00   0.0000000e+00   0.0000000e+00   0.0000000e+00   0.0000000e+00   0.0000000e+00   0.0000000e+00   0.0000000e+00   0.0000000e+00   0.0000000e+00   0.0000000e+00   0.0000000e+00   0.0000000e+00   0.0000000e+00   0.0000000e+00   0.0000000e+00   0.0000000e+00   0.0000000e+00   0.0000000e+00   0.0000000e+00   0.0000000e+00   0.0000000e+00   0.0000000e+00   0.0000000e+00   0.0000000e+00   0.0000000e+00   0.0000000e+00
