   5.1256081e+04   3.5802587e+05   8.9441816e+04   3.2275893e+05   2.3616549e+05   2.3706149e+05   2.2059015e+05   1.3990543e+05   2.3373838e+05   2.5948416e+05   6.6968959e+04   1.0822312e+05   7.6806204e+04   1.0585991e+05   2.2056786e+05   1.8907697e+05   2.5645726e+05   4.0172884e+05   2.5483079e+05   1.9648702e+05   1.5622077e+05   2.0392786e+05   2.8198097e+05   1.1886840e+05   1.2163733e+05   1.5024625e+05   3.3489398e+05   1.7027639e+05   3.4178544e+05   1.6899174e+05
   1.1698548e+01   1.2800289e+01   3.6298144e-01   6.5802284e-03   1.6944578e+01   2.0815755e+01   1.6886175e+01   1.0016666e+01   1.1393468e-06   2.5104583e-01   9.4718045e+00   1.2596769e+01   2.7639294e+01   1.4591878e+01   1.6775723e+01   1.3107381e+01   2.2608561e+01   1.9128116e-01   2.1596252e-01   2.2881716e+01   2.0597771e-03   9.2638343e-04   1.7894616e+01   7.9242441e+00   1.5249769e+01   1.4182876e+00   1.9940988e+01   7.0752937e+00   1.2067496e+01   9.5919260e-01
   1.1544771e+01   2.5153161e+00   2.0637720e-02   6.5802284e-03   2.8922369e+00   5.9112648e+00   5.4887808e+00   5.0970647e+00   4.1214313e-07   2.5104583e-01   2.0706308e-02   4.1499374e+00   3.7282913e-01   1.0719093e+01   3.3526423e-02   3.7005352e-06   4.9824433e+00   1.9128116e-01   2.1596252e-01   7.4313214e+00   2.0597771e-03   9.2638343e-04   3.9367866e-03   3.7763360e-01   1.2381301e+00   3.9802728e-02   4.4819726e+00   2.1978799e-03   4.7168624e+00   4.9745582e-06
   9.9102084e-01   1.4667998e-03   2.0637720e-02   0.0000000e+00   1.5074695e+00   5.0036138e-03   6.7245947e-02   4.2005394e-04   4.1214313e-07   2.2781254e-01   3.7825645e-03   6.5327075e-01   3.7282913e-01   8.9973974e-04   3.3526423e-02   3.7005352e-06   8.2923019e-01   1.9128116e-01   2.1596252e-01   2.5171497e+00   2.0597771e-03   9.2638343e-04   3.9367866e-03   0.0000000e+00   1.9681893e-02   1.0680591e-02   0.0000000e+00   2.1978799e-03   3.5032401e+00   4.9745582e-06
   7.6790373e-02   1.4667998e-03   2.0637720e-02   0.0000000e+00   9.2352474e-03   5.8030894e-04   6.7245947e-02   4.2005394e-04   4.1214313e-07   6.3676799e-04   3.7825645e-03   2.8848081e-03   3.2500125e-01   2.1773019e-05   1.0876479e-03   3.7005352e-06   3.3022739e-06   1.9128116e-01   5.3823241e-04   1.3449710e-03   2.0597771e-03   9.2638343e-04   3.9367866e-03   0.0000000e+00   1.5160176e-02   1.0680591e-02   0.0000000e+00   2.1978799e-03   1.6516092e-01   4.9745582e-06
   1.4741037e-02   1.4667998e-03   3.8919546e-03   0.0000000e+00   9.2352474e-03   4.2244769e-06   6.7245947e-02   4.2005394e-04   4.1214313e-07   8.6606045e-05   4.5001572e-05   7.8638818e-04   1.6383235e-01   2.1773019e-05   1.0876479e-03   3.7005352e-06   3.3022739e-06   6.3629595e-04   8.1712150e-05   1.3449710e-03   2.0597771e-03   9.2638343e-04   3.9367866e-03   0.0000000e+00   1.5160176e-02   1.0680591e-02   0.0000000e+00   3.3893287e-08   1.6516092e-01   4.9745582e-06
   8.1929382e-05   1.4667998e-03   2.9163339e-05   0.0000000e+00   9.2352474e-03   4.2244769e-06   8.4394951e-04   2.7577215e-04   4.1214313e-07   8.6606045e-05   4.5001572e-05   1.2734087e-04   1.1158191e-04   1.2069722e-06   1.0876479e-03   3.7005352e-06   3.3022739e-06   6.3629595e-04   1.5190509e-05   2.8108836e-06   0.0000000e+00   9.2638343e-04   1.3550453e-05   0.0000000e+00   1.5160176e-02   1.0680591e-02   0.0000000e+00   3.3893287e-08   1.4339719e-01   4.9745582e-06
   0.0000000e+00   1.3575769e-04   0.0000000e+00   0.0000000e+00   9.2352474e-03   4.2244769e-06   8.4394951e-04   2.7577215e-04   4.1214313e-07   3.8516092e-08   1.0028342e-07   1.2312169e-06   1.6396033e-08   1.2069722e-06   0.0000000e+00   3.3331059e-06   3.3022739e-06   7.0612723e-05   1.5190509e-05   2.8108836e-06   0.0000000e+00   2.8957652e-04   1.3550453e-05   0.0000000e+00   7.2487995e-06   1.7159990e-03   0.0000000e+00   3.3893287e-08   1.7629241e-05   6.3606478e-07
   0.0000000e+00   1.3575769e-04   0.0000000e+00   0.0000000e+00   2.5703124e-04   4.2244769e-06   1.4331995e-06   1.0069362e-05   4.1214313e-07   3.8516092e-08   1.0028342e-07   1.2312169e-06   1.6396033e-08   1.2069722e-06   0.0000000e+00   3.3331059e-06   3.3022739e-06   1.6960083e-08   0.0000000e+00   2.8108836e-06   0.0000000e+00   4.6748651e-05   1.3550453e-05   0.0000000e+00   7.2487995e-06   1.1579154e-04   0.0000000e+00   3.3893287e-08   1.7629241e-05   6.3606478e-07
   0.0000000e+00   0.0000000e+00   0.0000000e+00   0.0000000e+00   0.0000000e+00   0.0000000e+00   0.0000000e+00   0.0000000e+00   0.0000000e+00   0.0000000e+00   0.0000000e+00   0.0000000e+00   0.0000000e+00   0.0000000e+00   0.0000000e+00   0.0000000e+00   0.0000000e+00   0.0000000e+00   0.0000000e+00   0.0000000e+00   0.0000000e+00   0.0000000e+00   0.0000000e+00   0.0000000e+00   0.0000000e+00   0.0000000e+00   0.0000000e+00   0.0000000e+00   0.0000000e+00   0.0000000e+00
   0.0000000e+00   0.0000000e+00   0.0000000e+00   0.0000000e+00   0.0000000e+00   0.0000000e+00   0.0000000e+00   0.0000000e+00   0.0000000e+00   0.0000000e+00   0.0000000e+00   0.0000000e+00   0.0000000e+00   0.0000000e+00   0.0000000e+00   0.0000000e+00   0.0000000e+00   0.0000000e+00   0.0000000e+00   0.0000000e+00   0.0000000e+00   0.0000000e+00   0.0000000e+00   0.0000000e+00   0.0000000e+00   0.0000000e+00   0.0000000e+00   0.0000000e+00   0.0000000e+00   0.0000000e+00
   0.0000000e+00   0.0000000e+00   0.0000000e+00   0.0000000e+00   0.0000000e+00   0.0000000e+00   0.0000000e+00   0.0000000e+00   0.0000000e+00   0.0000000e+00   0.0000000e+00   0.0000000e+00   0.0000000e+00   0.0000000e+00   0.0000000e+00   0.0000000e+00   0.0000000e+00   0.0000000e+00   0.0000000e+00   0.0000000e+00   0.0000000e+00   0.0000000e+00   0.0000000e+00   0.0000000e+00   0.0000000e+00   0.0000000e+00   0.0000000e+00   0.0000000e+00   0.0000000e+00   0.0000000e+00
   0.0000000e+00   0.0000000e+00   0.0000000e+00   0.0000000e+00   0.0000000e+00   0.0000000e+00   0.0000000e+00   0.0000000e+00   0.0000000e+00   0.0000000e+00   0.0000000e+00   0.0000000e+00   0.0000000e+00   0.0000000e+00   0.0000000e+00   0.0000000e+00   0.0000000e+00   0.0000000e+00   0.0000000e+00   0.0000000e+00   0.0000000e+00   0.0000000e+00   0.0000000e+00   0.0000000e+00   0.0000000e+00   0.0000000e+00   0.0000000e+00   0.0000000e+00   0.0000000e+00   0.0000000e+00
   0.0000000e+00   0.0000000e+00   0.0000000e+00   0.0000000e+00   0.0000000e+00   0.0000000e+00   0.0000000e+00   0.0000000e+00   0.0000000e+00   0.0000000e+00   0.0000000e+00   0.0000000e+00   0.0000000e+00   0.0000000e+00   0.0000000e+00   0.0000000e+00   0.0000000e+00   0.0000000e+00   0.0000000e+00   0.0000000e+00   0.0000000e+00   0.0000000e+00   0.0000000e+00   0.0000000e+00   0.0000000e+00   0.0000000e+00   0.0000000e+00   0.0000000e+00   0.0000000e+00   0.0000000e+00
   0.0000000e+00   0.0000000e+00   0.0000000e+00   0.0000000e+00   0.0000000e+00   0.0000000e+00   0.0000000e+00   0.0000000e+00   0.0000000e+00   0.0000000e+00   0.0000000e+00   0.0000000e+00   0.0000000e+00   0.0000000e+00   0.0000000e+00   0.0000000e+00   0.0000000e+00   0.0000000e+00   0.0000000e+00   0.0000000e+00   0.0000000e+00   0.0000000e+00   0.0000000e+00   0.0000000e+00   0.0000000e+00   0.0000000e+00   0.0000000e+00   0.0000000e+00   0.0000000e+00   0.0000000e+00
   0.0000000e+00   0.0000000e+00   0.0000000e+00   0.0000000e+00   0.0000000e+00   0.0000000e+00   0.0000000e+00   0.0000000e+00   0.0000000e+00   0.0000000e+00   0.0000000e+00   0.0000000e+00   0.0000000e+00   0.0000000e+00   0.0000000e+00   0.0000000e+00   0.0000000e+00   0.0000000e+00   0.0000000e+00   0.0000000e+00   0.0000000e+00   0.0000000e+00   0.0000000e+00   0.0000000e+00   0.0000000e+00   0.0000000e+00   0.0000000e+00   0.0000000e+00   0.0000000e+00   0.0000000e+00
