   4.0706515e+02   3.4175005e+02   3.6326157e+02   3.2669246e+02   4.4530414e+02   3.1855178e+02   3.8667050e+02   3.3968020e+02   4.0948530e+02   4.7725803e+02   3.5450050e+02   4.5434066e+02   2.1072520e+02   3.0850750e+02   2.6981036e+02   4.6752906e+02   4.0503371e+02   3.3711539e+02   3.1872142e+02   3.1150208e+02   3.3210622e+02   3.7405337e+02   3.6920691e+02   3.3571585e+02   4.5854097e+02   4.0961864e+02   3.9470422e+02   3.2929612e+02   3.3498534e+02   2.7146779e+02
   2.8471479e+02   2.5052024e+02   2.5618428e+02   2.4109151e+02   2.6302219e+02   2.9866771e+02   2.7879536e+02   2.2919483e+02   3.0488367e+02   1.9538660e+02   2.0922866e+02   2.4348149e+02   1.7112392e+02   2.2202212e+02   2.1697296e+02   3.6012848e+02   2.6870918e+02   2.5419177e+02   1.8393709e+02   2.4741323e+02   2.4699074e+02   2.1042295e+02   2.0438240e+02   2.8224286e+02   2.2112944e+02   2.4222771e+02   2.6432811e+02   2.4658551e+02   3.0221221e+02   1.5637584e+02
   1.8879675e+02   1.6992590e+02   1.8670362e+02   1.4828979e+02   2.2976117e+02   1.9703753e+02   2.4261951e+02   2.0269483e+02   2.1343651e+02   1.9538660e+02   2.0922866e+02   1.2294544e+02   1.7112392e+02   1.9258404e+02   2.0034460e+02   1.8659462e+02   2.2011829e+02   1.6080108e+02   1.8393709e+02   1.9639798e+02   1.9943521e+02   2.1042295e+02   1.8306182e+02   1.7416341e+02   2.2112944e+02   2.4222771e+02   1.9054863e+02   2.0105696e+02   2.3742668e+02   1.5637584e+02
   1.8468810e+02   1.6550239e+02   1.8168500e+02   1.2689025e+02   1.4933769e+02   1.9703753e+02   1.7565400e+02   1.8790065e+02   1.8496406e+02   1.5882084e+02   1.8044177e+02   1.2294544e+02   1.5481610e+02   1.5179709e+02   1.6588901e+02   1.8659462e+02   2.1038644e+02   1.3526027e+02   1.2549346e+02   1.6100600e+02   1.7892498e+02   1.7260570e+02   1.3917585e+02   1.7334399e+02   1.0439359e+02   1.9591064e+02   1.9054863e+02   2.0105696e+02   1.4165846e+02   1.5637584e+02
   1.1197429e+02   1.2609320e+02   1.4144468e+02   1.2689025e+02   1.4269657e+02   1.3532174e+02   7.1529058e+01   1.4782084e+02   1.3246674e+02   1.2898144e+02   1.2574338e+02   1.2294544e+02   1.5284023e+02   1.0674845e+02   1.0964155e+02   1.3015704e+02   1.2709019e+02   1.3526027e+02   1.2549346e+02   1.3510472e+02   1.2909283e+02   1.3680566e+02   9.9631361e+01   1.2815651e+02   9.5965076e+01   1.4652750e+02   1.3622951e+02   1.4306592e+02   1.3390781e+02   1.3171681e+02
   1.1197429e+02   9.2845210e+01   1.1025159e+02   1.1180724e+02   1.1539360e+02   1.1693780e+02   7.1529058e+01   9.9483024e+01   1.0170386e+02   1.1088671e+02   1.2054625e+02   9.8210793e+01   1.1331822e+02   1.0639716e+02   1.0964155e+02   1.2940003e+02   1.2090637e+02   1.1596090e+02   1.1485688e+02   1.1581962e+02   1.2704823e+02   1.1554573e+02   9.9631361e+01   1.1253559e+02   9.5965076e+01   1.0747723e+02   1.0841195e+02   1.0382278e+02   1.0888511e+02   1.1033215e+02
   8.0893656e+01   9.2845210e+01   1.1025159e+02   9.9786583e+01   1.0880631e+02   8.9547455e+01   7.1529058e+01   9.4841069e+01   9.1262513e+01   9.5163562e+01   9.8437179e+01   7.9716403e+01   1.0338669e+02   1.0468872e+02   8.1375680e+01   7.5385228e+01   8.3885370e+01   1.0227264e+02   9.0995121e+01   8.4737896e+01   6.9751859e+01   8.1016416e+01   9.4709429e+01   8.8576374e+01   8.6655868e+01   9.9763168e+01   9.4297418e+01   8.0075007e+01   1.0440269e+02   8.5430270e+01
   7.1521990e+01   7.6699602e+01   7.1201981e+01   6.3119529e+01   7.3169205e+01   6.5008206e+01   7.1529058e+01   5.4876888e+01   8.2225972e+01   7.1004816e+01   8.2909416e+01   7.1429340e+01   8.6686645e+01   6.2088139e+01   7.6392820e+01   7.1806953e+01   7.9780109e+01   8.3522080e+01   7.8065567e+01   6.1175392e+01   6.9751859e+01   7.3429377e+01   7.2108436e+01   8.2556913e+01   6.8129641e+01   6.9897071e+01   6.4295442e+01   7.2334101e+01   8.3144077e+01   6.9141196e+01
   5.1762932e+01   5.2671475e+01   5.9207281e+01   5.4862765e+01   5.9935042e+01   5.8542517e+01   5.6675920e+01   4.9527828e+01   5.7434934e+01   6.9976373e+01   5.9144861e+01   6.0476617e+01   7.2465698e+01   6.2088139e+01   6.3356934e+01   5.3465410e+01   6.1502980e+01   6.6186369e+01   6.9107212e+01   6.1175392e+01   6.2285307e+01   4.9112405e+01   5.3256911e+01   6.1218995e+01   5.4532388e+01   6.7485265e+01   5.1163868e+01   6.9203798e+01   5.5816136e+01   6.9141196e+01
   5.1762932e+01   4.9008283e+01   5.9207281e+01   5.4862765e+01   5.7280321e+01   5.8542517e+01   4.7584883e+01   4.9527828e+01   5.7434934e+01   6.2444562e+01   5.1539554e+01   4.8941508e+01   5.0979873e+01   5.0228647e+01   4.2275040e+01   5.3465410e+01   5.7099219e+01   5.6146068e+01   5.5832788e+01   5.9800148e+01   6.0253036e+01   4.9112405e+01   5.3256911e+01   5.2885583e+01   4.8480475e+01   6.1720634e+01   3.3328988e+01   6.1810690e+01   5.5816136e+01   3.5787292e+01
   5.1762932e+01   4.6799315e+01   5.2604074e+01   4.5027466e+01   3.8841631e+01   5.3269041e+01   4.7584883e+01   3.7857015e+01   5.3863327e+01   5.0166212e+01   5.1539554e+01   4.4326342e+01   5.0979873e+01   4.4821025e+01   4.1952171e+01   5.3465410e+01   4.8872803e+01   4.6274904e+01   5.2419551e+01   5.5939077e+01   5.6588999e+01   4.2797782e+01   3.9988462e+01   4.3718843e+01   4.5456463e+01   5.0436589e+01   3.3328988e+01   4.4330203e+01   4.9236797e+01   3.5787292e+01
   4.0326227e+01   4.0946394e+01   4.7316068e+01   4.1045311e+01   3.8841631e+01   4.2585618e+01   4.2532597e+01   3.7857015e+01   4.1783291e+01   4.7664020e+01   4.7618933e+01   4.4326342e+01   3.9247600e+01   2.1753048e+01   4.1952171e+01   3.7401429e+01   4.0850797e+01   3.8402179e+01   4.0005335e+01   4.6739608e+01   4.4145057e+01   4.0885871e+01   3.2364220e+01   4.3718843e+01   3.8115966e+01   4.6013343e+01   3.3328988e+01   3.6525724e+01   4.2342999e+01   3.5787292e+01
   2.8861551e+01   3.1540407e+01   4.0293380e+01   2.9934482e+01   3.4938688e+01   3.4964391e+01   2.8109347e+01   2.9755409e+01   3.8512086e+01   3.9105740e+01   3.6728382e+01   3.7425451e+01   3.5592773e+01   2.1753048e+01   3.8141394e+01   3.5866798e+01   3.7666299e+01   3.5060417e+01   3.4490313e+01   3.7319185e+01   3.5353766e+01   3.0032773e+01   2.7745133e+01   3.6556283e+01   3.6698487e+01   3.7905238e+01   3.2722967e+01   3.2106880e+01   3.0658109e+01   3.5787292e+01
   2.2470030e+01   2.5830499e+01   2.2499860e+01   2.2927729e+01   2.5154380e+01   2.5361270e+01   2.6670452e+01   1.5056351e+01   2.4963112e+01   2.4972534e+01   2.4818316e+01   2.6769310e+01   2.6547291e+01   2.0909323e+01   2.2582453e+01   2.3808153e+01   2.2895099e+01   2.1248106e+01   2.7855833e+01   1.8961519e+01   2.3781466e+01   2.5479834e+01   2.3407637e+01   2.4009880e+01   2.1719161e+01   2.8796230e+01   2.0735782e+01   2.6826820e+01   2.5556451e+01   2.4824605e+01
   1.2084640e+01   1.3981704e+01   1.5647206e+01   1.4265758e+01   1.4031048e+01   1.5901234e+01   1.4503241e+01   1.3555389e+01   1.6897088e+01   1.5595751e+01   1.6494068e+01   1.6425292e+01   1.6712351e+01   1.5675917e+01   1.5904563e+01   1.5659927e+01   1.5604516e+01   1.4759687e+01   1.6145402e+01   1.5011420e+01   1.4432011e+01   1.4875955e+01   1.5005019e+01   1.4842144e+01   1.5611709e+01   1.5844615e+01   1.4907660e+01   1.6844430e+01   1.6574236e+01   1.6880565e+01
   1.0898064e+01   1.1120865e+01   1.1277592e+01   1.2042556e+01   1.2070434e+01   1.2151573e+01   1.2283066e+01   1.2402498e+01   1.2540558e+01   1.2578823e+01   1.2884688e+01   1.3027431e+01   1.3036498e+01   1.3064636e+01   1.3125563e+01   1.3157760e+01   1.3193477e+01   1.3214565e+01   1.3264010e+01   1.3331107e+01   1.3368323e+01   1.3495173e+01   1.3550332e+01   1.3720912e+01   1.3849358e+01   1.3970587e+01   1.4061752e+01   1.4074398e+01   1.4769053e+01   1.5118294e+01
