   7.9510027e+04   1.6627498e+04   7.4787399e+04   4.1628208e+05   1.6765536e+05   1.0344971e+05   1.6242701e+05   2.6350482e+04   4.0305157e+05   3.2344184e+04   5.2154566e+04   2.1452815e+05   1.8455461e+05   3.9092171e+05   7.6551482e+05   2.8774360e+05   4.1112270e+05   5.1176138e+04   7.2352956e+03   9.8891431e+04   1.6125323e+05   1.1182749e+05   6.2334618e+05   4.0825130e+05   1.3881007e+05   5.8964906e+05   1.2939887e+05   3.9001164e+04   8.5420808e+05   1.8152090e+05
   7.9510027e+04   1.6627498e+04   7.4787399e+04   1.6756667e+05   1.6765536e+05   1.0344971e+05   1.0998417e+05   2.6350482e+04   4.4809654e+04   3.2344184e+04   4.0931455e+04   1.8986067e+05   1.8455461e+05   2.7298752e+05   3.4311657e+05   2.8774360e+05   3.5260086e+05   5.1176138e+04   7.2352956e+03   6.4018932e+04   1.0513762e+05   1.1182749e+05   4.2623298e+05   2.6488364e+04   1.3881007e+05   3.8688513e+05   7.7374001e+04   3.9001164e+04   4.5800732e+05   4.1330463e+04
   7.9510027e+04   1.6627498e+04   7.4787399e+04   1.6756667e+05   5.3154585e+04   1.0344971e+05   1.0998417e+05   2.6350482e+04   4.4809654e+04   3.2344184e+04   4.0931455e+04   1.7615430e+05   1.8455461e+05   1.1134547e+05   3.1490629e+05   2.3938681e+05   3.5260086e+05   5.1176138e+04   7.2352956e+03   6.4018932e+04   1.0513762e+05   4.5959122e+04   2.7950076e+05   2.6488364e+04   1.3881007e+05   3.8688513e+05   5.6330789e+04   3.9001164e+04   1.0632890e+05   4.1330463e+04
   3.4259189e+04   1.6627498e+04   7.4787399e+04   1.6756667e+05   5.3154585e+04   8.8854245e+04   1.0998417e+05   2.5929096e+04   4.4809654e+04   3.2344184e+04   3.0006708e+04   1.1005643e+05   1.8455461e+05   1.1134547e+05   2.8156066e+05   2.3938681e+05   1.6839033e+05   5.1176138e+04   2.7792669e+03   2.2839404e+04   5.9643905e+04   3.4960484e+04   5.7109388e+04   2.6488364e+04   5.2918559e+04   1.0837017e+05   5.6330789e+04   7.2173284e+03   1.0632890e+05   4.0154778e+04
   2.2469922e+04   1.6627498e+04   7.4787399e+04   8.9567196e+04   5.3154585e+04   1.2950918e+04   1.0998417e+05   2.5929096e+04   4.4809654e+04   3.2344184e+04   2.1382046e+04   1.1005643e+05   1.4058985e+05   9.6227693e+04   1.5295262e+05   2.2976640e+05   1.5088476e+05   5.1176138e+04   2.7792669e+03   1.9623330e+04   5.5349887e+04   2.0044405e+04   5.7109388e+04   2.6488364e+04   5.2692094e+04   3.8062406e+04   5.6330789e+04   7.2173284e+03   1.0632890e+05   3.6562939e+04
   2.2469922e+04   1.3105049e+04   3.4699465e+04   4.2123217e+04   4.7465690e+04   1.2950918e+04   5.5864621e+04   9.7762454e+03   2.5063056e+04   3.2344184e+04   9.6516247e+03   1.1005643e+05   5.7759955e+04   8.0717568e+04   1.5295262e+05   2.2264116e+05   1.5088476e+05   4.2565317e+04   2.7792669e+03   1.9623330e+04   2.6779597e+04   2.0044405e+04   3.9174008e+04   2.6488364e+04   5.2692094e+04   3.8062406e+04   3.4735958e+04   7.2173284e+03   9.0972369e+04   3.6562939e+04
   2.2469922e+04   1.3105049e+04   2.9029858e+04   3.4400575e+04   4.7465690e+04   1.2881471e+04   5.5864621e+04   9.7762454e+03   2.5063056e+04   1.7364363e+04   9.6516247e+03   5.0126174e+04   5.7759955e+04   6.9292099e+04   1.5295262e+05   1.0990224e+05   4.7836956e+04   4.2565317e+04   2.3021473e+03   1.3332577e+04   2.6779597e+04   2.0044405e+04   3.9174008e+04   2.6488364e+04   4.0948550e+04   3.2151413e+04   3.4735958e+04   7.2173284e+03   9.0972369e+04   3.6562939e+04
   9.1385063e+03   2.9784782e+03   2.0723887e+03   1.9720006e+04   2.4000285e+04   4.9318521e+03   7.9827904e+03   7.3974184e+03   9.8150930e+03   3.8761473e+03   1.6610084e+03   1.5606033e+04   1.4575373e+04   2.6615416e+03   1.6512310e+04   4.1503307e+04   9.5374180e+03   3.7871725e+03   4.4409958e+02   7.5339964e+03   1.9252365e+04   7.6778054e+03   2.6526633e+03   9.1439746e+03   2.1345795e+03   5.6446399e+03   1.2623452e+04   2.3212744e+03   8.1491766e+03   1.1398978e+04
   2.2755836e+02   7.0259317e+01   9.4246044e+01   1.2455137e+02   2.6467313e+02   1.4730822e+01   1.4784811e+02   5.3082924e+02   1.0758536e+02   1.6089559e+01   3.5931732e+01   6.3416322e+01   4.0794664e+02   1.2525389e+02   2.5742793e+02   2.7235583e+01   4.4362613e+01   2.1652879e+01   4.9584663e+01   3.0572998e+01   8.1819266e+01   8.6136810e+01   9.4622721e+01   1.4942457e+02   2.3446081e+01   1.0733778e+02   6.2223724e+01   3.7017785e+01   1.4746305e+02   1.5610976e+02
   7.7609747e+00   7.0775284e+00   5.8121936e+00   9.9778393e+00   6.3135199e+00   7.0794973e+00   7.4115469e+00   8.4602316e+00   7.7611505e+00   7.7653197e+00   5.2074552e+00   7.8543757e+00   6.9842805e+00   7.9641627e+00   8.7351471e+00   7.0624828e+00   6.5853341e+00   7.9798128e+00   5.5401949e+00   8.5368952e+00   1.0124237e+01   7.6122276e+00   5.1215867e+00   7.9053491e+00   7.8975583e+00   5.2672301e+00   8.1488453e+00   4.0831841e+00   6.9499291e+00   9.3152404e+00
   3.5233757e+00   4.4644208e+00   5.0358394e+00   3.0987121e+00   3.9976821e+00   4.3872299e+00   4.8747459e+00   5.1385496e+00   4.8930425e+00   3.6327945e+00   2.3170821e+00   4.8711688e+00   4.0799496e+00   3.4166437e+00   4.4278140e+00   3.5527016e+00   4.4537541e+00   3.9015894e+00   3.9368286e+00   3.3365369e+00   4.4239964e+00   5.1911128e+00   4.4922304e+00   4.6261615e+00   3.6448239e+00   4.2156066e+00   4.1985626e+00   4.0831841e+00   4.3529730e+00   3.7411325e+00
   3.5233757e+00   2.3698452e+00   3.4736184e+00   2.5787167e+00   3.3668047e+00   3.3966686e+00   3.4925429e+00   2.8008894e+00   2.7500928e+00   3.6265661e+00   2.3170821e+00   3.6986436e+00   3.5137057e+00   3.1893181e+00   3.9101510e+00   2.8943073e+00   3.6474338e+00   3.1769302e+00   3.5348170e+00   2.6735235e+00   3.8597869e+00   3.7537294e+00   2.5930328e+00   3.1691418e+00   3.6448239e+00   3.2120072e+00   3.3611614e+00   3.2007104e+00   3.8824209e+00   2.3303509e+00
   2.5914022e+00   2.3698452e+00   2.9286332e+00   2.5729672e+00   3.3668047e+00   3.0117532e+00   2.3824307e+00   2.5186889e+00   2.6347760e+00   3.3315221e+00   2.3170821e+00   2.9187294e+00   2.3513583e+00   2.3335862e+00   3.7429577e+00   2.8034708e+00   2.0359351e+00   1.9801726e+00   3.4813096e+00   2.6735235e+00   2.2360930e+00   3.7537294e+00   2.0614655e+00   3.1691418e+00   3.5338662e+00   2.9779853e+00   3.1950720e+00   3.2007104e+00   3.2872014e+00   2.3303509e+00
   2.4162874e+00   2.1478294e+00   2.0505355e+00   2.5729672e+00   2.5122293e+00   1.9094603e+00   2.3824307e+00   1.7013160e+00   2.5343551e+00   2.7303429e+00   2.3170821e+00   1.6316806e+00   2.2311529e+00   2.1237024e+00   1.7350958e+00   2.0326163e+00   2.0359351e+00   1.9801726e+00   2.7724575e+00   2.3713316e+00   2.2360930e+00   2.2327405e+00   1.9360015e+00   2.5243638e+00   2.4287119e+00   2.0068298e+00   2.8370093e+00   2.4066592e+00   1.9275687e+00   2.3303509e+00
   1.3183371e+00   1.1451687e+00   1.2927468e+00   1.1140522e+00   1.5407972e+00   1.1347893e+00   1.4153453e+00   1.2051135e+00   1.3014192e+00   1.4905902e+00   1.1484882e+00   1.5578283e+00   1.4457067e+00   1.0112757e+00   1.4088075e+00   1.1888644e+00   1.2075057e+00   9.6839883e-01   1.5442782e+00   1.3735250e+00   9.7741528e-01   1.2492062e+00   1.4635273e+00   1.0057590e+00   1.1397245e+00   1.2565937e+00   1.1984171e+00   1.5653837e+00   1.2940145e+00   1.1634167e+00
   2.1649336e-01   2.7738573e-01   2.8718373e-01   2.9861547e-01   3.0285959e-01   3.0415753e-01   3.0983219e-01   3.5423904e-01   3.5446082e-01   3.9146288e-01   3.9442309e-01   3.9596101e-01   4.0401706e-01   4.0451684e-01   4.2198654e-01   4.2234170e-01   4.2803726e-01   4.3742061e-01   4.4403358e-01   4.4883791e-01   4.5221898e-01   4.6137232e-01   4.7099484e-01   4.7727411e-01   4.8698202e-01   4.8798800e-01   4.9885334e-01   5.1857004e-01   5.5639824e-01   6.4548595e-01
