   5.3728833e+03   4.8323839e+03   4.5427368e+03   4.5810757e+03   5.3165788e+03   5.0681829e+03   4.9748881e+03   5.1872366e+03   5.1153394e+03   5.0587197e+03   5.6017244e+03   5.3766241e+03   5.0766044e+03   5.2534967e+03   5.3046677e+03   5.0042394e+03   4.9905420e+03   5.3349456e+03   4.9326540e+03   5.1548403e+03   5.2150028e+03   4.9474320e+03   5.0081422e+03   5.3930701e+03   5.0982349e+03   5.0565814e+03   5.1404232e+03   4.6702726e+03   5.5430180e+03   4.7712753e+03
   4.9235640e+03   4.8323839e+03   4.5427368e+03   4.5810757e+03   4.9566736e+03   4.7050155e+03   4.9748881e+03   4.8544556e+03   4.6245292e+03   5.0587197e+03   4.6786814e+03   5.1719982e+03   5.0766044e+03   5.1163000e+03   5.3046677e+03   5.0042394e+03   4.9905420e+03   4.8530184e+03   4.9326540e+03   4.8923497e+03   4.9605058e+03   4.9474320e+03   5.0081422e+03   5.3033364e+03   5.0982349e+03   5.0565814e+03   5.1404232e+03   4.6702726e+03   4.5073496e+03   4.7712753e+03
   4.9235640e+03   4.8323839e+03   4.4593400e+03   4.5810757e+03   4.8125914e+03   4.7050155e+03   4.9748881e+03   4.8544556e+03   4.6245292e+03   4.6203534e+03   4.5260179e+03   4.9428700e+03   5.0766044e+03   4.3653498e+03   5.2035750e+03   4.5837761e+03   4.8093872e+03   4.8530184e+03   4.9326540e+03   4.8720651e+03   4.7995273e+03   4.9474320e+03   5.0081422e+03   4.8582427e+03   4.7297219e+03   5.0565814e+03   4.6481193e+03   4.5761883e+03   4.5073496e+03   4.7712753e+03
   4.8463288e+03   4.5548598e+03   4.4593400e+03   4.5810757e+03   4.7609871e+03   4.7050155e+03   4.7017583e+03   4.8544556e+03   4.6245292e+03   4.5918814e+03   4.5260179e+03   4.9428700e+03   5.0766044e+03   4.3653498e+03   5.1343051e+03   4.5837761e+03   4.7082615e+03   4.8530184e+03   4.9326540e+03   4.7688519e+03   4.7995273e+03   4.9474320e+03   5.0081422e+03   4.8582427e+03   3.8532900e+03   4.6988636e+03   4.6481193e+03   4.5761883e+03   4.5073496e+03   4.7712753e+03
   4.8463288e+03   4.5548598e+03   4.4593400e+03   4.5810757e+03   4.7609871e+03   4.7050155e+03   4.7017583e+03   4.6665090e+03   4.5712532e+03   4.3654243e+03   4.5260179e+03   4.9428700e+03   4.9372662e+03   4.3653498e+03   4.1738801e+03   4.5837761e+03   4.7082615e+03   4.5759030e+03   4.5771656e+03   4.7688519e+03   4.7345537e+03   4.9474320e+03   4.6325593e+03   4.7616750e+03   3.8532900e+03   4.6988636e+03   4.6481193e+03   4.5761883e+03   4.0111538e+03   4.7712753e+03
   4.7784776e+03   4.5548598e+03   4.4593400e+03   4.5810757e+03   4.6384449e+03   4.7050155e+03   4.4364093e+03   4.6665090e+03   4.5712532e+03   4.3654243e+03   4.5260179e+03   4.6925801e+03   4.5379094e+03   4.3653498e+03   4.1738801e+03   4.3101814e+03   3.7105717e+03   4.4690309e+03   4.5771656e+03   4.5132445e+03   4.7316358e+03   4.9474320e+03   4.3227623e+03   4.5868269e+03   3.8532900e+03   4.2158170e+03   4.6097621e+03   4.4435275e+03   4.0111538e+03   4.7712753e+03
   4.3755467e+03   4.5548598e+03   4.4593400e+03   4.5810757e+03   4.5479018e+03   4.6188848e+03   4.0028754e+03   4.6665090e+03   4.5712532e+03   4.3654243e+03   4.5260179e+03   4.4413808e+03   4.5379094e+03   4.3653498e+03   4.1738801e+03   4.3101814e+03   3.7105717e+03   4.4690309e+03   4.5771656e+03   4.5117785e+03   4.5708487e+03   4.9474320e+03   4.3227623e+03   4.4999660e+03   3.8532900e+03   4.2158170e+03   4.6097621e+03   4.4435275e+03   4.0111538e+03   4.1901029e+03
   4.3755467e+03   4.1838785e+03   4.1057907e+03   4.5810757e+03   4.4398899e+03   4.4816208e+03   4.0028754e+03   4.1467199e+03   4.5712532e+03   4.3654243e+03   4.5260179e+03   4.2546845e+03   4.5260910e+03   4.3653498e+03   4.1738801e+03   4.3101814e+03   3.7105717e+03   4.4690309e+03   4.0068862e+03   4.4945129e+03   4.5708487e+03   4.6583640e+03   4.3227623e+03   4.3273965e+03   3.8532900e+03   4.2158170e+03   4.4864624e+03   4.3651041e+03   3.3698895e+03   4.1901029e+03
   4.0819863e+03   4.1771426e+03   4.0946037e+03   3.9302456e+03   4.0196864e+03   4.2409199e+03   4.0028754e+03   3.9243967e+03   3.8391872e+03   3.8348491e+03   4.0501647e+03   3.1919318e+03   3.8207844e+03   3.4278977e+03   3.9235222e+03   4.0888471e+03   3.7105717e+03   4.1418753e+03   3.7273293e+03   3.9043320e+03   4.0007264e+03   4.1108164e+03   4.1219613e+03   3.8647486e+03   3.8532900e+03   4.0293969e+03   4.2110191e+03   4.1376100e+03   3.3698895e+03   3.6702930e+03
   3.7279917e+03   3.7625907e+03   3.0164814e+03   3.4454452e+03   3.6338535e+03   3.3135311e+03   3.9184649e+03   3.6706600e+03   3.6265440e+03   3.6542712e+03   3.4663047e+03   3.1919318e+03   3.7563613e+03   3.4278977e+03   3.9235222e+03   3.7519344e+03   3.7105717e+03   3.7107602e+03   3.6380930e+03   3.7744929e+03   3.7159556e+03   3.6123624e+03   3.6465598e+03   3.8647486e+03   3.5787758e+03   3.4485629e+03   3.5094476e+03   3.6836976e+03   3.3698895e+03   3.5522928e+03
   3.1049079e+03   3.1915772e+03   3.0164814e+03   3.2241546e+03   3.1282657e+03   2.9597631e+03   3.1869399e+03   3.0365768e+03   3.5169332e+03   3.2275240e+03   3.0701631e+03   3.1244504e+03   3.3387717e+03   3.1832050e+03   3.3309033e+03   3.2294324e+03   3.5521798e+03   3.3211098e+03   3.3588308e+03   2.7482228e+03   3.4204037e+03   3.3641472e+03   3.1367434e+03   3.4090950e+03   2.6769398e+03   3.3518030e+03   2.8540409e+03   3.1348876e+03   3.1298739e+03   2.7633348e+03
   2.8837595e+03   3.1679773e+03   2.6308979e+03   3.0370021e+03   2.9646155e+03   2.8890334e+03   2.9670933e+03   3.0365768e+03   2.8411416e+03   2.8881452e+03   2.9883373e+03   2.9567018e+03   2.6383558e+03   3.0858233e+03   2.8852351e+03   2.6528760e+03   2.7863260e+03   2.9095940e+03   2.9478068e+03   2.7482228e+03   2.8052923e+03   2.8864472e+03   2.8926301e+03   3.0391575e+03   2.6769398e+03   2.8974075e+03   2.5108206e+03   3.0644612e+03   3.0394502e+03   2.6590696e+03
   2.2139947e+03   2.3918701e+03   2.4994483e+03   2.4374811e+03   2.7663060e+03   2.5434546e+03   2.1836365e+03   2.4856566e+03   2.3768998e+03   2.4657213e+03   2.5125746e+03   2.4732332e+03   1.9879794e+03   2.3662478e+03   2.3908223e+03   2.5175226e+03   2.3427888e+03   2.4655604e+03   2.5719265e+03   2.4036941e+03   2.4024925e+03   2.5751069e+03   2.0684083e+03   2.5385071e+03   2.5958222e+03   2.3815298e+03   2.4860370e+03   2.4219256e+03   2.4533125e+03   2.5845854e+03
   1.6831953e+03   1.7325976e+03   1.4899897e+03   1.7076866e+03   1.5690648e+03   1.7796622e+03   1.7903773e+03   1.5826149e+03   1.6592662e+03   1.7653265e+03   1.6887109e+03   1.6656874e+03   1.0762490e+03   1.6109748e+03   1.2850152e+03   1.6340831e+03   1.6283559e+03   1.5940156e+03   1.4479458e+03   1.6954917e+03   1.4314048e+03   1.6188207e+03   1.5609947e+03   1.5575249e+03   1.4980010e+03   1.8497919e+03   1.5631497e+03   1.5106757e+03   1.4088683e+03   1.5662664e+03
   1.3214869e+02   1.7334362e+02   1.6486993e+02   1.4024538e+02   1.9855881e+02   1.8638432e+02   2.0779171e+02   1.7879592e+02   2.0332101e+02   1.8486652e+02   1.8672809e+02   1.3570024e+02   1.8793614e+02   1.7171004e+02   1.5017121e+02   1.7832771e+02   1.6505601e+02   1.5400460e+02   2.0883063e+02   2.0348208e+02   1.2087683e+02   1.8104360e+02   1.0793693e+02   1.7230795e+02   1.4186535e+02   1.6419885e+02   2.1081694e+02   1.2187604e+02   1.7618963e+02   1.7448953e+02
   0.0000000e+00   0.0000000e+00   0.0000000e+00   0.0000000e+00   0.0000000e+00   0.0000000e+00   0.0000000e+00   0.0000000e+00   0.0000000e+00   0.0000000e+00   0.0000000e+00   0.0000000e+00   0.0000000e+00   0.0000000e+00   0.0000000e+00   0.0000000e+00   0.0000000e+00   0.0000000e+00   0.0000000e+00   0.0000000e+00   0.0000000e+00   0.0000000e+00   0.0000000e+00   0.0000000e+00   0.0000000e+00   0.0000000e+00   0.0000000e+00   0.0000000e+00   0.0000000e+00   0.0000000e+00
