   4.9238379e+03   4.7563086e+03   5.3663247e+03   5.1005310e+03   5.0701650e+03   4.9501497e+03   5.0780233e+03   5.2507944e+03   5.2759984e+03   5.1035726e+03   5.3083878e+03   4.9994372e+03   4.7195327e+03   4.9658096e+03   5.4518155e+03   4.4813770e+03   5.3699316e+03   5.0912731e+03   5.1680331e+03   4.8464060e+03   4.9625917e+03   5.0678457e+03   5.1261256e+03   5.1428231e+03   5.2678396e+03   4.9616123e+03   5.1146184e+03   5.5360357e+03   5.2594497e+03   5.5928046e+03
   4.9238379e+03   4.7563086e+03   5.3663247e+03   5.1005310e+03   5.0701650e+03   4.9501497e+03   5.0605759e+03   4.6741282e+03   5.2759984e+03   5.1035726e+03   5.2513828e+03   4.9994372e+03   4.7195327e+03   4.3033612e+03   4.5130845e+03   4.4813770e+03   4.9967994e+03   5.0912731e+03   5.1680331e+03   4.8464060e+03   4.8976400e+03   5.0678457e+03   4.9876495e+03   5.1363382e+03   5.2678396e+03   4.9616123e+03   5.0116915e+03   5.1916442e+03   4.6278484e+03   4.9660936e+03
   4.4015271e+03   4.7563086e+03   5.1814067e+03   5.1005310e+03   4.0015382e+03   4.9501497e+03   5.0599847e+03   4.6741282e+03   4.9293755e+03   5.1035726e+03   4.9489112e+03   4.9287952e+03   4.7195327e+03   4.3033612e+03   4.5130845e+03   4.4813770e+03   4.5650410e+03   5.0912731e+03   5.1680331e+03   4.8464060e+03   4.8976400e+03   4.5136417e+03   4.6737071e+03   5.1363382e+03   4.9801533e+03   4.6333697e+03   4.4572624e+03   5.1916442e+03   4.6278484e+03   4.9660936e+03
   4.4015271e+03   4.7563086e+03   4.8516049e+03   4.9436485e+03   4.0015382e+03   4.7118088e+03   4.6837811e+03   4.6741282e+03   4.9293755e+03   5.0828161e+03   4.9489112e+03   4.9287952e+03   4.1308791e+03   4.3033612e+03   4.5130845e+03   4.4813770e+03   4.3321933e+03   5.0211448e+03   4.8012379e+03   4.6761533e+03   4.6975033e+03   4.5136417e+03   3.6991096e+03   4.9129006e+03   4.9801533e+03   4.6333697e+03   4.0396618e+03   5.0716566e+03   4.4202503e+03   4.5039849e+03
   4.4015271e+03   4.4957120e+03   4.6804824e+03   4.6122051e+03   4.0015382e+03   4.7118088e+03   4.6837811e+03   4.6741282e+03   4.9293755e+03   4.7919575e+03   4.7960557e+03   4.8803092e+03   4.1308791e+03   4.3033612e+03   4.4640449e+03   4.4813770e+03   4.3321933e+03   4.3622980e+03   4.8012379e+03   4.6761533e+03   4.6975033e+03   4.5136417e+03   3.6991096e+03   4.9129006e+03   4.5853936e+03   4.6333697e+03   4.0396618e+03   5.0430807e+03   4.4202503e+03   4.5039849e+03
   4.4015271e+03   4.4957120e+03   3.8491404e+03   4.6122051e+03   4.0015382e+03   3.9534068e+03   4.6837811e+03   4.6741282e+03   4.9293755e+03   4.7919575e+03   4.2854675e+03   4.3504312e+03   4.1308791e+03   4.3033612e+03   4.4640449e+03   4.4813770e+03   4.3321933e+03   4.3622980e+03   4.6119556e+03   4.6761533e+03   4.5876803e+03   4.5136417e+03   3.6991096e+03   3.3955967e+03   4.5853936e+03   4.6333697e+03   4.0396618e+03   4.3845535e+03   4.4202503e+03   4.5039849e+03
   4.4015271e+03   4.4957120e+03   3.8491404e+03   4.4991367e+03   4.0015382e+03   3.9534068e+03   4.6837811e+03   4.6741282e+03   4.8450147e+03   4.5558011e+03   4.2854675e+03   4.3504312e+03   4.1308791e+03   4.3033612e+03   4.4640449e+03   4.4813770e+03   4.3321933e+03   4.3622980e+03   4.6119556e+03   4.6761533e+03   4.5876803e+03   4.5136417e+03   3.6991096e+03   3.3955967e+03   4.5853936e+03   4.3445357e+03   4.0396618e+03   4.3845535e+03   4.4202503e+03   4.5039849e+03
   4.2773053e+03   4.4957120e+03   3.8491404e+03   4.2222716e+03   4.0015382e+03   3.9534068e+03   4.3147757e+03   4.6741282e+03   4.7168006e+03   4.4094303e+03   4.0838341e+03   4.3504312e+03   4.1308791e+03   4.3033612e+03   4.2381962e+03   4.3014103e+03   4.2136050e+03   4.3622980e+03   4.5996052e+03   4.5737476e+03   4.5876803e+03   4.2607228e+03   3.6991096e+03   3.3955967e+03   4.1445982e+03   3.9258251e+03   4.0396618e+03   4.3845535e+03   4.4202503e+03   4.4849620e+03
   3.9246229e+03   3.7280704e+03   3.8491404e+03   4.2210641e+03   4.0015382e+03   3.9493403e+03   4.3147757e+03   4.0650489e+03   3.3984167e+03   4.3924272e+03   4.0838341e+03   4.0253738e+03   3.8334853e+03   3.6788419e+03   4.0047948e+03   4.1978297e+03   4.2136050e+03   4.3033094e+03   4.1243050e+03   4.5068104e+03   4.1908527e+03   4.0535452e+03   3.6991096e+03   3.3955967e+03   4.0259965e+03   3.9258251e+03   4.0396618e+03   4.1842733e+03   4.1011237e+03   4.2810623e+03
   3.7645506e+03   3.4294225e+03   3.8491404e+03   3.8192478e+03   3.6086208e+03   3.9181909e+03   3.7818879e+03   3.8453275e+03   3.3984167e+03   3.8952975e+03   4.0308151e+03   3.9654470e+03   3.8334853e+03   3.6599025e+03   3.7135860e+03   3.6021635e+03   3.9511247e+03   3.9256007e+03   4.0658930e+03   4.1910744e+03   4.1908527e+03   3.6487660e+03   3.6991096e+03   3.3955967e+03   3.8804240e+03   3.6542483e+03   3.6574475e+03   4.0678917e+03   4.0518170e+03   4.2238088e+03
   2.8566757e+03   3.4294225e+03   3.4082724e+03   3.7619482e+03   3.3773056e+03   3.5986613e+03   3.5739328e+03   3.5191925e+03   3.3984167e+03   3.8478167e+03   3.5302596e+03   3.7528493e+03   3.7120109e+03   3.1918966e+03   3.7135860e+03   3.6021635e+03   3.5979857e+03   3.5561897e+03   4.0085524e+03   3.3729682e+03   3.5698042e+03   3.4565238e+03   3.6991096e+03   3.3955967e+03   3.8291957e+03   3.6542483e+03   3.6574475e+03   3.7949448e+03   3.9121669e+03   3.7402217e+03
   2.8566757e+03   3.4294225e+03   3.4082724e+03   3.4601063e+03   3.2696293e+03   3.5986613e+03   3.4429441e+03   2.9406912e+03   3.3984167e+03   3.4571447e+03   3.0685589e+03   2.9578816e+03   3.4587140e+03   3.1918966e+03   3.2467087e+03   3.3113712e+03   2.9681774e+03   3.2876281e+03   3.4078855e+03   3.2857967e+03   3.5091248e+03   3.1413600e+03   3.2842342e+03   3.2044879e+03   2.9779313e+03   3.1745028e+03   3.0289148e+03   3.1652598e+03   3.4520534e+03   2.9601519e+03
   2.8566757e+03   2.8393028e+03   2.6699809e+03   3.0360523e+03   2.7501118e+03   2.8138450e+03   3.0262718e+03   2.9406912e+03   2.9785839e+03   2.7510074e+03   3.0685589e+03   2.7969416e+03   2.7288267e+03   2.8535150e+03   3.0229456e+03   2.9170227e+03   2.9681774e+03   2.5877483e+03   2.7804562e+03   2.7165709e+03   2.9092775e+03   3.0058792e+03   2.8448832e+03   2.7602056e+03   2.9222956e+03   2.7293550e+03   2.6347272e+03   2.8317594e+03   3.1178996e+03   2.4715783e+03
   1.9137503e+03   2.0350046e+03   1.6994272e+03   2.0958448e+03   2.3547897e+03   2.1126626e+03   2.1016773e+03   2.0933369e+03   2.3160720e+03   2.0677197e+03   2.1341037e+03   2.1016643e+03   2.2885069e+03   2.4538714e+03   1.9827717e+03   2.3636129e+03   2.1319663e+03   2.0659271e+03   2.1193434e+03   2.5091087e+03   2.1418877e+03   2.4044116e+03   2.4524016e+03   1.9733043e+03   2.4393096e+03   2.4026252e+03   2.1206562e+03   2.2868083e+03   2.2859631e+03   2.3196086e+03
   6.3472203e+02   5.2483806e+02   5.7664340e+02   5.9507282e+02   8.0560653e+02   5.5558477e+02   7.3686969e+02   7.2190307e+02   4.7761878e+02   7.0190901e+02   6.7073042e+02   5.0585520e+02   5.9719013e+02   5.1180543e+02   8.8086625e+02   6.7610225e+02   5.9996875e+02   5.9673305e+02   5.9397701e+02   5.4886595e+02   5.3550478e+02   7.7223579e+02   5.5963281e+02   5.6487326e+02   7.8685267e+02   5.1075296e+02   6.3823047e+02   6.2019872e+02   4.3200498e+02   6.9381581e+02
   1.2491383e-01   1.5614229e-01   1.5614229e-01   1.5614229e-01   2.1859920e-01   1.7387765e+00   1.7700049e+00   1.8012334e+00   1.8012334e+00   1.8324618e+00   1.8324618e+00   1.8324618e+00   3.4150960e+00   3.4463245e+00   3.4463245e+00   3.4775529e+00   3.5400098e+00   3.5400098e+00   5.0289586e+00   5.0914155e+00   5.1538725e+00   5.1538725e+00   5.1851009e+00   5.8837685e+00   5.9462254e+00   6.8301920e+00   7.5913165e+00   7.6850019e+00   7.6850019e+00   8.4128262e+00
