   4.0033153e+02   3.0839910e+02   8.8515513e+02   3.4275770e+02   7.4730041e+02   8.4889764e+02   9.3251883e+02   4.0879553e+02   4.1607123e+02   4.0444502e+02   4.1928352e+02   5.3099059e+02   6.5980630e+02   7.2622987e+02   3.8773317e+02   4.4971132e+02   3.4530251e+02   6.5651319e+02   8.2418422e+02   4.9620523e+02   3.8571548e+02   1.8481804e+02   6.5669837e+02   4.9716955e+02   5.2851974e+02   4.8396952e+02   4.3808491e+02   3.3121658e+02   6.7842389e+02   5.0426114e+02
   1.7646615e+02   2.7836225e+02   3.7596312e+02   2.1532742e+02   2.4477117e+02   3.0805791e+02   3.5366559e+02   2.4430471e+02   2.5338775e+02   2.1562850e+02   2.6808541e+02   3.0222694e+02   2.7090031e+02   2.5894079e+02   2.6508730e+02   2.3978668e+02   1.6924806e+02   2.3658882e+02   4.3054029e+02   2.1660835e+02   2.1059834e+02   1.1537896e+02   2.0642941e+02   3.1536445e+02   3.9483810e+02   2.2330914e+02   2.2167554e+02   2.2223977e+02   2.7897605e+02   2.3632734e+02
   1.7646615e+02   2.0503202e+02   2.5516615e+02   1.9527018e+02   1.7639583e+02   2.0356121e+02   5.0919116e+00   1.4147984e+02   2.0914398e+02   1.8940827e+02   2.3454565e+02   3.0189718e+02   2.0629442e+02   1.9187362e+02   2.1248848e+02   1.6896485e+02   1.6924806e+02   6.6437189e+01   1.9703712e+02   1.6074300e+02   1.7795817e+02   1.1537896e+02   2.0642941e+02   1.6536667e+02   1.9878728e+02   2.2330914e+02   2.0433007e+02   1.4961936e+02   1.4541949e+02   1.8260508e+02
   1.7646615e+02   1.2873316e+02   1.7260953e+02   1.6136158e+02   1.3436881e+02   1.5182822e+02   5.0919116e+00   1.3995874e+02   1.4263594e+02   1.6506003e+02   1.5326887e+02   1.2331749e+02   1.8290974e+02   1.6572971e+02   1.7985700e+02   1.5210719e+02   1.3311144e+02   6.6437189e+01   1.3100659e+02   1.0892071e+02   1.2942048e+02   1.1537896e+02   1.5975272e+02   1.3216608e+02   1.9878728e+02   1.5291898e+02   1.4627309e+02   1.4961936e+02   1.4541949e+02   1.8260508e+02
   7.4153611e+01   1.2637230e+02   1.0693551e+02   8.4971915e+01   1.3164587e+02   1.1728565e+02   5.0919116e+00   1.2911684e+02   1.4263594e+02   7.2941659e+01   9.8093940e+01   1.1247014e+02   1.1946609e+02   1.2722366e+02   1.0853395e+02   1.0796381e+02   1.3311144e+02   6.6437189e+01   9.8720223e+01   1.0892071e+02   1.2942048e+02   1.1537896e+02   5.2790749e+01   8.0880998e+01   1.3423552e+02   1.3210442e+02   1.1657879e+02   1.3337083e+02   1.3373358e+02   1.4244466e+02
   7.4153611e+01   9.3723901e+01   1.0693551e+02   6.2295957e+01   1.0960096e+02   1.0483756e+02   5.0919116e+00   3.9854423e+01   1.0119534e+02   7.2941659e+01   7.3455963e+01   1.0484390e+02   1.0474141e+02   6.0622626e+01   1.0350241e+02   7.1625574e+01   1.1096545e+02   6.6437189e+01   5.3297925e+01   9.2955834e+01   8.0051963e+01   1.2530207e+01   5.2790749e+01   5.8022725e+01   9.5318391e+01   1.1709178e+02   7.6877233e+01   5.5626881e+01   5.3164342e+01   1.3417095e+02
   5.0175177e+01   9.3723901e+01   8.2063241e+01   6.2295957e+01   5.7646542e+01   4.4992281e+01   5.0919116e+00   3.9854423e+01   6.6410454e+01   2.0496143e+01   7.3455963e+01   2.9211381e+01   2.0983358e+01   1.8082742e+01   6.2676142e+01   4.0407082e+01   7.9204789e+01   6.6437189e+01   5.3297925e+01   3.7622159e+01   5.9353334e+01   1.2530207e+01   3.4300889e+01   5.8022725e+01   1.5309576e+01   7.6459106e+01   6.6428722e+01   5.5626881e+01   4.8109943e+01   3.9609683e+01
   1.8518601e+01   5.7901564e+01   5.6665256e+01   1.2394062e+01   1.9524260e+01   4.4992281e+01   5.0919116e+00   3.9854423e+01   2.4199917e+01   2.0496143e+01   1.6478370e+01   2.9211381e+01   2.0983358e+01   1.3240713e+01   4.4311426e+01   1.9205566e+01   2.7710937e+01   3.1749458e+01   5.0178601e+01   3.7622159e+01   4.1965644e+01   1.2530207e+01   3.2085812e+01   3.2901528e+01   1.5309576e+01   3.2622187e+01   3.1179862e+01   5.5626881e+01   4.8109943e+01   3.9609683e+01
   1.7422486e+01   3.9669407e+01   3.5817507e+01   1.0978942e+01   1.9524260e+01   4.3811062e+00   5.0919116e+00   2.9685435e+01   2.4199917e+01   1.4086036e+01   2.6838523e+00   1.2801879e+01   9.4696728e+00   4.8261444e+00   1.6910142e+01   9.1744542e+00   1.1193528e+01   3.1749458e+01   1.1320848e+01   3.4949319e+01   1.3151738e+01   1.2530207e+01   3.2085812e+01   2.8018146e+01   1.5309576e+01   3.2622187e+01   3.1179862e+01   5.1362309e+01   3.3482116e+01   1.9920761e+01
   8.7748216e+00   3.9669407e+01   3.5817507e+01   1.0978942e+01   1.9524260e+01   3.7597455e-01   2.2699944e+00   2.9685435e+01   2.4199917e+01   7.8115638e-01   2.6029820e-02   5.1958885e-01   9.4696728e+00   5.0311284e-02   1.6910142e+01   9.5129647e-01   1.1193528e+01   3.1749458e+01   1.1320848e+01   1.8061735e+01   1.3151738e+01   6.5877067e+00   2.5129112e+01   8.4284835e+00   1.5309576e+01   3.2622187e+01   1.0201081e+01   5.1362309e+01   1.2906590e+01   7.3725959e+00
   1.8032954e+00   2.4519688e+01   3.5817507e+01   6.4559121e+00   1.6142401e+01   1.5211299e-02   1.5565160e-02   2.9685435e+01   1.6580836e+01   1.3967859e-02   8.2772168e-03   2.1172980e-02   9.4696728e+00   8.6575176e-03   4.6233540e+00   1.8720516e-02   6.1024371e+00   3.1749458e+01   1.1320848e+01   1.8061735e+01   1.3151738e+01   6.5877067e+00   2.2338402e+00   8.9123297e-01   4.4526043e+00   3.2622187e+01   8.4605964e+00   5.0802480e+01   1.2906590e+01   6.4259263e-02
   1.0162844e-02   2.1908204e+01   2.0086116e+01   6.4559121e+00   1.6142401e+01   2.6020654e-03   3.9539282e-03   1.4693364e+01   1.6580836e+01   4.7600844e-03   2.8249565e-03   4.7297421e-03   9.4696728e+00   2.7948101e-03   4.6233540e+00   3.2741737e-03   4.6285986e-02   4.6470138e+00   1.1189079e+01   1.8061735e+01   9.7958123e+00   6.5877067e+00   2.0802050e+00   8.9123297e-01   4.4526043e+00   2.1654109e+01   8.4605964e+00   3.3857806e+01   1.2906590e+01   8.2176852e-03
   1.2955959e-04   7.6096012e+00   8.5884472e+00   1.4497237e+00   1.4149460e+01   2.1198739e-06   4.9080904e-05   7.3862984e-02   8.4399280e-02   9.3933068e-08   1.2543705e-07   2.1714368e-07   7.3757425e-02   8.6390310e-07   5.1497071e-02   4.6041955e-05   3.0155137e-04   3.2639548e-03   6.4040170e-04   8.1544858e-03   2.8553196e+00   7.4869977e-03   3.5634405e-03   1.9234789e-03   7.6292641e-03   1.0889782e-02   9.1900353e-02   3.0660057e+01   1.7336161e-02   4.0524240e-04
   0.0000000e+00   5.3271015e-07   0.0000000e+00   1.7597085e-07   1.2183618e-05   0.0000000e+00   0.0000000e+00   0.0000000e+00   8.8713932e-07   0.0000000e+00   0.0000000e+00   0.0000000e+00   3.9036422e-08   0.0000000e+00   2.1737515e-07   0.0000000e+00   0.0000000e+00   0.0000000e+00   0.0000000e+00   0.0000000e+00   6.7959718e-08   0.0000000e+00   0.0000000e+00   0.0000000e+00   0.0000000e+00   0.0000000e+00   1.6979720e-07   8.1867757e+00   0.0000000e+00   0.0000000e+00
   0.0000000e+00   0.0000000e+00   0.0000000e+00   0.0000000e+00   0.0000000e+00   0.0000000e+00   0.0000000e+00   0.0000000e+00   0.0000000e+00   0.0000000e+00   0.0000000e+00   0.0000000e+00   0.0000000e+00   0.0000000e+00   0.0000000e+00   0.0000000e+00   0.0000000e+00   0.0000000e+00   0.0000000e+00   0.0000000e+00   0.0000000e+00   0.0000000e+00   0.0000000e+00   0.0000000e+00   0.0000000e+00   0.0000000e+00   0.0000000e+00   6.0029908e-01   0.0000000e+00   0.0000000e+00
   0.0000000e+00   0.0000000e+00   0.0000000e+00   0.0000000e+00   0.0000000e+00   0.0000000e+00   0.0000000e+00   0.0000000e+00   0.0000000e+00   0.0000000e+00   0.0000000e+00   0.0000000e+00   0.0000000e+00   0.0000000e+00   0.0000000e+00   0.0000000e+00   0.0000000e+00   0.0000000e+00   0.0000000e+00   0.0000000e+00   0.0000000e+00   0.0000000e+00   0.0000000e+00   0.0000000e+00   0.0000000e+00   0.0000000e+00   0.0000000e+00   0.0000000e+00   0.0000000e+00   0.0000000e+00
