   4.1725505e+06   3.2741615e+06   4.2069368e+06   9.4837595e+06   4.0299600e+06   3.3304210e+06   2.4483285e+06   3.3856437e+06   3.8593034e+06   3.0347278e+06   9.2818731e+06   5.8398700e+06   8.6281340e+06   6.1335578e+06   6.9833563e+06   5.7596214e+06   7.4067821e+06   2.4447432e+06   3.4905192e+06   2.0599254e+06   4.0313181e+06   2.6241316e+06   8.7802117e+06   5.4132845e+06   4.5007644e+06   5.3872907e+06   1.9980256e+06   3.9588838e+06   1.0739658e+07   2.1517206e+06
   2.6083166e+04   2.8422381e+04   9.3846951e+03   1.2809573e+04   4.8626488e+04   1.3735284e+03   5.0123612e+04   2.6551769e+03   5.3579447e+03   1.3043597e+05   1.3247028e+04   4.5607672e+02   9.4191897e+02   4.2375613e+04   2.1020506e+03   1.3639711e+03   5.8261926e+03   4.5227615e+04   7.1942989e+03   1.5571897e+03   4.7800596e+04   1.1279186e+03   1.5513955e+05   8.0972541e+03   2.8627237e+04   2.3170202e+05   3.0769721e+04   3.0685948e-01   1.4238627e+02   1.0554028e+04
   1.9670104e+03   7.2797716e+03   9.3846951e+03   8.0797918e+01   2.5946765e+03   1.3735284e+03   1.0867390e+03   2.6551769e+03   3.4337256e+01   5.9093950e+03   3.4660279e+03   4.5607672e+02   9.4191897e+02   3.7690600e+02   2.1020506e+03   1.3639711e+03   5.8261926e+03   4.2169313e+03   7.1942989e+03   1.5571897e+03   5.0647503e+02   1.1279186e+03   1.6679484e+03   1.4155393e+03   4.2377153e+03   7.8263904e+02   3.4533239e+03   3.0685948e-01   1.4238627e+02   1.7646826e+03
   3.5685886e+02   4.8086284e+03   3.2276114e+03   8.0797918e+01   9.7145413e+01   1.3735284e+03   6.8738476e+01   1.4371133e+02   3.4337256e+01   3.9638467e+03   2.1457035e+03   4.5607672e+02   3.6699922e+01   3.7690600e+02   4.1526384e+02   2.3247931e+02   5.8261926e+03   4.2169313e+03   4.8763904e+02   1.5571897e+03   5.9303074e+01   1.1279186e+03   1.6679484e+03   1.4155393e+03   4.2377153e+03   7.8263904e+02   2.6518211e+03   3.0685948e-01   1.4238627e+02   1.7646826e+03
   3.5685886e+02   4.8086284e+03   1.4306108e+03   8.0797918e+01   9.7145413e+01   6.6682511e+02   5.7210807e+01   1.4371133e+02   3.4337256e+01   5.5956903e+02   2.1457035e+03   4.5607672e+02   3.6699922e+01   3.7690600e+02   4.1526384e+02   2.3054763e+01   3.7655045e+01   2.9307921e+03   4.8763904e+02   2.2002533e+02   5.9303074e+01   2.7338049e+02   2.1062352e+02   1.4155393e+03   1.9400368e+02   7.8263904e+02   2.7098147e+02   3.0685948e-01   1.4238627e+02   2.8571162e+01
   4.3051564e-01   1.9542747e+01   5.7620917e+01   3.9483570e+01   9.7145413e+01   1.0723420e+01   5.7210807e+01   1.4371133e+02   3.4337256e+01   3.2858024e+02   1.7458303e+02   1.8039711e+01   3.6699922e+01   1.2949604e+01   4.1526384e+02   2.3054763e+01   4.9018605e+00   1.3992580e+02   3.4425659e+02   2.2002533e+02   3.3877746e+01   2.7338049e+02   2.1062352e+02   1.4155393e+03   1.9400368e+02   1.1557404e+02   1.3072223e+02   3.0685948e-01   1.4491449e+01   2.8571162e+01
   4.3051564e-01   1.9542747e+01   5.7620917e+01   3.9483570e+01   2.7547801e+01   1.0723420e+01   2.1564207e+00   1.4371133e+02   3.4337256e+01   3.2858024e+02   7.4428234e-01   1.8039711e+01   3.6699922e+01   1.1501760e+01   4.1416961e+00   2.3054763e+01   4.9018605e+00   9.6792414e+00   1.0305754e+00   2.2002533e+02   3.3877746e+01   2.7338049e+02   2.1062352e+02   2.1737652e+02   6.2468412e+01   6.5947808e+01   1.3072223e+02   3.0685948e-01   1.4491449e+01   2.8571162e+01
   4.3051564e-01   1.1328476e+01   5.7620917e+01   7.6369107e-01   6.0354584e+00   1.0723420e+01   2.1564207e+00   9.0073217e+01   3.4337256e+01   6.6693553e+01   7.4428234e-01   6.4557304e+00   3.2298484e-01   1.1501760e+01   4.1416961e+00   1.8447882e+01   4.9018605e+00   9.6792414e+00   1.0305754e+00   9.3348420e-01   3.3877746e+01   1.5884387e+01   1.2239916e+02   1.4019498e+02   2.4038844e+01   4.9577644e+01   8.1123905e-01   3.0685948e-01   1.4491449e+01   2.8571162e+01
   4.3051564e-01   8.2674445e+00   1.1469291e+00   7.6369107e-01   2.5310991e-01   1.3767252e+00   2.1564207e+00   7.2944968e+00   2.8546712e+00   7.9305564e+00   7.4428234e-01   5.8203294e+00   3.2298484e-01   1.5242128e-01   4.1416961e+00   3.3457704e-01   4.9018605e+00   8.1559884e-01   1.0305754e+00   9.3348420e-01   3.3877746e+01   1.5884387e+01   4.5267394e-01   8.7455312e+00   1.7249515e+01   5.4830443e+00   1.8556899e-01   3.0685948e-01   7.7128896e+00   2.8571162e+01
   1.2368445e-02   1.6751653e-02   2.2004681e-01   3.0497146e-02   1.2712056e-01   9.2235668e-03   2.9455673e-02   5.7430538e-02   1.7214561e-01   2.6477498e-01   4.1144038e-01   8.2321757e-01   3.2298484e-01   6.7069782e-02   1.6494076e-02   1.0198373e-01   5.5453011e-02   2.1098155e-01   2.1940602e-02   4.3145903e-02   1.8887138e-01   8.5283039e-01   2.3514279e-02   9.1713407e-02   1.8972958e-02   1.8938878e-01   1.8556899e-01   1.7830727e-01   4.9263010e-02   2.1920497e-01
   7.0108747e-03   5.1405867e-03   3.7752019e-03   8.0509324e-03   6.8083000e-03   4.3197690e-03   1.1384217e-02   5.9826650e-03   5.8626659e-03   2.3426033e-03   5.2492981e-03   6.1587621e-03   5.9293495e-03   1.5911806e-02   6.4712167e-03   3.8582384e-03   1.1935494e-03   6.1588206e-03   7.2233246e-03   3.5138100e-03   1.2776475e-02   9.0133922e-03   7.4286519e-03   1.1339704e-02   1.0542651e-02   9.2106288e-03   1.2734065e-02   2.8015399e-03   6.9287461e-03   4.3482488e-03
   3.3172400e-06   4.0677895e-05   1.2025384e-05   3.4173764e-05   3.5486753e-05   4.4815963e-05   6.6504387e-05   4.4542807e-05   2.5128365e-05   3.9376413e-05   5.0950490e-05   2.5932126e-05   3.7377876e-05   5.7494789e-05   1.7959815e-05   6.7700236e-05   5.0132094e-05   5.3515460e-05   1.7045916e-05   4.1245501e-05   2.0068522e-05   5.9357091e-05   6.5712634e-05   2.3106387e-05   4.9271813e-05   2.5578748e-05   2.5171499e-05   2.4054148e-05   5.2095631e-05   6.4229661e-05
   0.0000000e+00   0.0000000e+00   0.0000000e+00   0.0000000e+00   0.0000000e+00   0.0000000e+00   0.0000000e+00   0.0000000e+00   0.0000000e+00   0.0000000e+00   0.0000000e+00   0.0000000e+00   0.0000000e+00   0.0000000e+00   0.0000000e+00   0.0000000e+00   0.0000000e+00   0.0000000e+00   0.0000000e+00   0.0000000e+00   0.0000000e+00   0.0000000e+00   0.0000000e+00   0.0000000e+00   0.0000000e+00   0.0000000e+00   0.0000000e+00   0.0000000e+00   0.0000000e+00   0.0000000e+00
   0.0000000e+00   0.0000000e+00   0.0000000e+00   0.0000000e+00   0.0000000e+00   0.0000000e+00   0.0000000e+00   0.0000000e+00   0.0000000e+00   0.0000000e+00   0.0000000e+00   0.0000000e+00   0.0000000e+00   0.0000000e+00   0.0000000e+00   0.0000000e+00   0.0000000e+00   0.0000000e+00   0.0000000e+00   0.0000000e+00   0.0000000e+00   0.0000000e+00   0.0000000e+00   0.0000000e+00   0.0000000e+00   0.0000000e+00   0.0000000e+00   0.0000000e+00   0.0000000e+00   0.0000000e+00
   0.0000000e+00   0.0000000e+00   0.0000000e+00   0.0000000e+00   0.0000000e+00   0.0000000e+00   0.0000000e+00   0.0000000e+00   0.0000000e+00   0.0000000e+00   0.0000000e+00   0.0000000e+00   0.0000000e+00   0.0000000e+00   0.0000000e+00   0.0000000e+00   0.0000000e+00   0.0000000e+00   0.0000000e+00   0.0000000e+00   0.0000000e+00   0.0000000e+00   0.0000000e+00   0.0000000e+00   0.0000000e+00   0.0000000e+00   0.0000000e+00   0.0000000e+00   0.0000000e+00   0.0000000e+00
   0.0000000e+00   0.0000000e+00   0.0000000e+00   0.0000000e+00   0.0000000e+00   0.0000000e+00   0.0000000e+00   0.0000000e+00   0.0000000e+00   0.0000000e+00   0.0000000e+00   0.0000000e+00   0.0000000e+00   0.0000000e+00   0.0000000e+00   0.0000000e+00   0.0000000e+00   0.0000000e+00   0.0000000e+00   0.0000000e+00   0.0000000e+00   0.0000000e+00   0.0000000e+00   0.0000000e+00   0.0000000e+00   0.0000000e+00   0.0000000e+00   0.0000000e+00   0.0000000e+00   0.0000000e+00
