   1.3967104e+03   1.2421660e+03   1.2599801e+03   1.2374557e+03   1.2979679e+03   1.3482656e+03   1.0687285e+03   1.2352909e+03   1.4574764e+03   1.2427463e+03   1.2876280e+03   1.3261893e+03   1.4915501e+03   1.1214141e+03   1.4541595e+03   1.2946651e+03   1.4790143e+03   9.6955151e+02   1.0863023e+03   1.3795599e+03   1.2913305e+03   1.3177140e+03   1.3654219e+03   1.1805949e+03   1.2937620e+03   1.1865938e+03   1.0310208e+03   1.1718814e+03   1.2158703e+03   1.2732810e+03
   7.0840649e+02   2.9203994e+02   4.6126009e+02   8.0005113e+02   2.8599224e+02   3.3817558e+02   4.2427894e+02   6.5318413e+02   3.1754948e+02   1.3003642e+02   3.1233074e+02   4.2007770e+02   2.1344158e+02   3.7824861e+02   5.3801563e+02   5.5157712e+02   5.9479873e+02   5.6451958e+02   2.8744004e+02   7.4478193e+02   7.8291754e+02   8.5771646e+02   5.9602894e+02   4.9599354e+02   5.9606827e+02   5.8464404e+02   8.0788598e+02   4.8489600e+02   7.0990966e+02   5.4943365e+02
   2.9836374e+02   2.9203994e+02   4.6126009e+02   1.9780931e+02   2.8599224e+02   2.2117183e+02   2.7588438e+02   3.0447981e+02   2.8955439e+02   1.3003642e+02   1.4601086e+02   1.0205820e+02   2.1344158e+02   1.7464458e+02   4.8966825e+02   2.5803688e+02   2.4124702e+02   3.2528721e+02   2.8744004e+02   4.6901679e+02   2.7927840e+02   4.4790130e+02   4.2096027e+02   4.0845239e+02   2.2933401e+02   3.1665655e+02   2.5941431e+02   4.4845327e+01   4.6918741e+02   3.9868430e+02
   1.5017700e+02   2.2658232e+02   1.9972141e+02   1.9780931e+02   9.4793668e+01   2.1340672e+02   2.6647295e+02   1.4512536e+02   2.8955439e+02   1.3003642e+02   8.3342324e+01   1.0205820e+02   2.1344158e+02   1.7464458e+02   1.7694757e+02   2.5803688e+02   2.2292247e+02   2.3783111e+02   2.1524858e+02   1.6958077e+02   1.9331734e+02   1.2336684e+02   2.2960318e+02   1.6841196e+02   2.2933401e+02   1.4733096e+02   1.6451317e+02   4.4845327e+01   2.3211582e+02   2.7685966e+02
   1.5017700e+02   2.1221747e+02   1.2889941e+02   1.1220849e+02   9.4793668e+01   2.0692585e+02   1.6540402e+02   1.4512536e+02   1.6060156e+02   1.1691040e+02   8.3342324e+01   1.0205820e+02   1.0062731e+02   1.7388457e+02   1.5835043e+02   1.2655571e+02   1.2779697e+02   1.8570072e+02   1.1899771e+02   1.6958077e+02   1.7267561e+02   1.2336684e+02   1.7214323e+02   9.5471780e+01   1.1350032e+02   1.4733096e+02   1.3199138e+02   4.4845327e+01   1.6608649e+02   1.8198355e+02
   1.5017700e+02   1.1839957e+02   1.0864389e+02   1.0737541e+02   9.4793668e+01   1.7027358e+02   1.2645237e+02   1.3820523e+02   1.6060156e+02   1.1691040e+02   7.5594390e+01   8.5976304e+01   1.0062731e+02   1.0198291e+02   1.3898392e+02   1.2655571e+02   1.2779697e+02   1.4820571e+02   1.1899771e+02   1.2208981e+02   1.5349722e+02   1.2336684e+02   1.6248368e+02   6.5673799e+01   1.0248540e+02   9.2470318e+01   1.0043998e+02   4.4845327e+01   1.1089051e+02   8.5413013e+01
   8.8303196e+01   1.0076256e+02   6.4147837e+01   9.6572055e+01   9.4793668e+01   1.1841145e+02   1.2470329e+02   9.9824061e+01   1.5420542e+02   8.1611937e+01   7.5594390e+01   8.5976304e+01   9.0884883e+01   8.8215644e+01   4.4930148e+01   7.9216663e+01   1.1923427e+02   1.2059601e+02   1.0681191e+02   1.1014239e+02   1.1636922e+02   4.3412924e+01   9.3476041e+01   5.4432742e+01   1.0248540e+02   9.2470318e+01   9.3219162e+01   4.4845327e+01   8.9206355e+01   8.5413013e+01
   8.8303196e+01   4.2144958e+01   6.4147837e+01   8.4849863e+01   4.7592667e+01   5.1433798e+01   4.2915456e+01   7.1258922e+01   5.3565886e+01   5.6181076e+01   7.5594390e+01   8.5108795e+01   6.6640373e+01   5.6058249e+01   4.4930148e+01   6.6352305e+01   6.9994898e+01   5.5299196e+01   7.4661158e+01   8.2786257e+01   2.2926383e+01   4.3412924e+01   7.5181452e+01   4.0383676e+01   6.9989911e+01   8.5081584e+01   5.2853208e+01   3.5331573e+01   3.8906076e+01   4.6950696e+01
   1.9157203e+01   1.7613101e+01   1.8988861e+01   2.0856563e+01   1.3773541e+01   3.0324465e+01   2.0806933e+01   1.8395823e+01   2.6461478e+01   2.6514521e+01   2.5602790e+01   2.7078926e+01   2.2118339e+01   2.3735914e+01   1.3289565e+01   2.1463801e+01   2.4096806e+01   2.0920237e+01   1.6308633e+01   2.0377585e+01   2.2926383e+01   1.8314028e+01   1.7019418e+01   2.5566296e+01   1.8151640e+01   2.1290910e+01   1.5543699e+01   2.2601099e+01   1.7500311e+01   2.3978007e+01
   4.1816814e+00   4.7768082e+00   3.2944713e+00   6.1829502e+00   4.4324709e+00   5.3916023e+00   7.2841774e-01   1.9615561e+00   5.9053618e+00   5.5367112e+00   2.0647110e+00   3.7961213e+00   5.2574916e+00   3.2712444e+00   6.0774390e+00   1.4530867e+00   4.6529843e+00   2.9373334e+00   1.8593246e+00   4.6019607e+00   5.4454269e+00   4.5715105e+00   5.8531705e+00   4.8346596e+00   5.5141432e+00   4.8310839e+00   5.1174432e+00   3.9916681e+00   5.0225916e+00   4.0932213e+00
   8.1399061e-03   1.9784588e-02   3.0489765e-02   3.3550952e-02   2.0189334e-02   2.9486236e-02   1.9032465e-02   3.1543479e-03   2.4775193e-02   3.1508057e-02   2.2907721e-02   2.7962361e-02   4.2075699e-02   2.4847392e-02   2.0969596e-02   2.5461522e-02   2.5720383e-02   1.7650927e-02   1.1067518e-02   1.4623880e-02   2.9350089e-02   2.9803857e-02   2.4247991e-02   2.9415008e-02   8.8270715e-03   2.7330273e-02   1.1172507e-02   1.1808174e-02   2.5962099e-02   2.9546052e-02
   1.7892011e-05   1.4499369e-05   2.1222094e-05   9.0379895e-06   9.3005569e-06   1.4284347e-05   7.9822794e-06   1.5304699e-05   2.6026564e-05   1.7515370e-05   1.7364654e-05   1.0484313e-05   1.1234088e-05   6.8069476e-06   1.1582970e-05   1.3073235e-05   2.3080897e-05   2.3567463e-05   9.9602644e-06   1.2172220e-05   1.3908281e-05   2.0910876e-05   1.3860762e-05   1.5743643e-05   1.5459838e-05   1.6127699e-05   1.0965933e-05   1.4262295e-05   1.7797465e-05   1.1122251e-05
   0.0000000e+00   0.0000000e+00   0.0000000e+00   0.0000000e+00   0.0000000e+00   0.0000000e+00   0.0000000e+00   0.0000000e+00   0.0000000e+00   0.0000000e+00   0.0000000e+00   0.0000000e+00   0.0000000e+00   0.0000000e+00   0.0000000e+00   0.0000000e+00   0.0000000e+00   0.0000000e+00   0.0000000e+00   0.0000000e+00   0.0000000e+00   0.0000000e+00   0.0000000e+00   0.0000000e+00   0.0000000e+00   0.0000000e+00   0.0000000e+00   0.0000000e+00   0.0000000e+00   0.0000000e+00
   0.0000000e+00   0.0000000e+00   0.0000000e+00   0.0000000e+00   0.0000000e+00   0.0000000e+00   0.0000000e+00   0.0000000e+00   0.0000000e+00   0.0000000e+00   0.0000000e+00   0.0000000e+00   0.0000000e+00   0.0000000e+00   0.0000000e+00   0.0000000e+00   0.0000000e+00   0.0000000e+00   0.0000000e+00   0.0000000e+00   0.0000000e+00   0.0000000e+00   0.0000000e+00   0.0000000e+00   0.0000000e+00   0.0000000e+00   0.0000000e+00   0.0000000e+00   0.0000000e+00   0.0000000e+00
   0.0000000e+00   0.0000000e+00   0.0000000e+00   0.0000000e+00   0.0000000e+00   0.0000000e+00   0.0000000e+00   0.0000000e+00   0.0000000e+00   0.0000000e+00   0.0000000e+00   0.0000000e+00   0.0000000e+00   0.0000000e+00   0.0000000e+00   0.0000000e+00   0.0000000e+00   0.0000000e+00   0.0000000e+00   0.0000000e+00   0.0000000e+00   0.0000000e+00   0.0000000e+00   0.0000000e+00   0.0000000e+00   0.0000000e+00   0.0000000e+00   0.0000000e+00   0.0000000e+00   0.0000000e+00
   0.0000000e+00   0.0000000e+00   0.0000000e+00   0.0000000e+00   0.0000000e+00   0.0000000e+00   0.0000000e+00   0.0000000e+00   0.0000000e+00   0.0000000e+00   0.0000000e+00   0.0000000e+00   0.0000000e+00   0.0000000e+00   0.0000000e+00   0.0000000e+00   0.0000000e+00   0.0000000e+00   0.0000000e+00   0.0000000e+00   0.0000000e+00   0.0000000e+00   0.0000000e+00   0.0000000e+00   0.0000000e+00   0.0000000e+00   0.0000000e+00   0.0000000e+00   0.0000000e+00   0.0000000e+00
