   3.6766135e+06   9.0621034e+06   1.3719963e+07   3.2946100e+07   7.5551662e+06   6.2442588e+05   3.1888610e+06   8.5189319e+06   7.8834206e+05   4.5770946e+06   8.7501327e+06   2.4471496e+06   5.7091292e+06   6.8481798e+06   3.3132514e+06   3.2196263e+06   5.7306767e+06   6.9029696e+06   1.1221762e+07   1.1272556e+06   7.2761216e+06   6.8872497e+06   7.9924519e+06   5.3185185e+06   5.2367472e+06   8.0698525e+06   1.0308166e+07   9.3333774e+06   8.0855544e+06   4.1506829e+06
   2.4605437e+05   3.3495271e+06   8.6121425e+06   4.8089948e+06   7.5533755e+06   6.2442588e+05   9.8312505e+05   8.1691471e+05   7.8834206e+05   2.8251412e+06   4.1888715e+05   2.4471496e+06   6.4211728e+05   2.0473117e+06   1.4975654e+05   1.1705708e+06   5.7234615e+06   2.1378829e+05   1.1263486e+06   1.1272556e+06   4.6155488e+06   1.6922896e+06   6.6301188e+06   2.2105357e+06   1.1171397e+06   3.1252888e+06   3.5646439e+06   9.3333774e+06   3.6401895e+06   6.7582346e+05
   2.4605437e+05   6.8586593e+05   6.5886616e+05   3.0953739e+06   4.4073944e+06   6.2442588e+05   1.1958386e+05   8.1691471e+05   7.8834206e+05   1.6793595e+06   4.1888715e+05   1.0314903e+06   6.4211728e+05   2.0473117e+06   1.4975654e+05   1.1705708e+06   8.4190400e+05   2.1378829e+05   5.4908195e+05   1.1272556e+06   3.8916986e+06   1.4029345e+06   2.9150052e+06   5.4806009e+05   5.8055771e+05   1.8739132e+06   1.6778149e+05   6.8601527e+05   2.3385613e+06   6.7582346e+05
   2.4605437e+05   6.8586593e+05   6.5886616e+05   4.6452513e+05   3.8544696e+05   1.3135962e+05   1.1958386e+05   8.1691471e+05   1.9851362e+05   1.3884291e+06   6.6502699e+03   5.3229120e+05   2.8752079e+05   1.8872306e+06   1.4975654e+05   1.1705708e+06   8.4190400e+05   2.1378829e+05   5.4908195e+05   1.1272556e+06   3.3646095e+06   6.9087458e+05   1.4358020e+06   1.1674871e+04   5.8045466e+05   6.9918525e+04   1.6778149e+05   6.8601527e+05   1.9201390e+06   6.7582346e+05
   2.4605437e+05   2.3893201e+05   6.2001909e+05   4.3788044e+05   3.8544696e+05   1.3135962e+05   1.1958386e+05   3.2014272e+05   1.9851362e+05   1.2397715e+06   6.6502699e+03   1.3225952e+05   8.9498081e+04   1.1801168e+06   1.4975654e+05   4.4001447e+05   8.4190400e+05   2.1378829e+05   5.4908195e+05   1.2816316e+05   2.3431881e+06   5.6670472e+05   3.5678178e+05   1.1674871e+04   1.1341987e+05   6.9918525e+04   1.6778149e+05   2.6463139e+05   9.3951090e+05   4.7613473e+05
   7.9835629e+04   8.7239819e+04   4.5631385e+05   2.8265045e+03   1.3022300e+05   1.3135962e+05   1.1958386e+05   3.0600288e+05   8.2699802e+03   1.1956008e+06   6.6502699e+03   1.3225952e+05   8.2050409e+04   4.6580219e+05   1.4975654e+05   4.4001447e+05   3.1135415e+05   2.1378829e+05   5.4908195e+05   1.2816316e+05   7.9593350e+04   4.0978864e+05   3.5678178e+05   1.1674871e+04   1.1341987e+05   6.9918525e+04   1.6778149e+05   8.9702418e+04   9.8885700e+04   3.5158282e+05
   7.9835629e+04   4.4159538e+04   2.2662246e+05   2.8265045e+03   1.3022300e+05   1.3135962e+05   1.1958386e+05   3.0386524e+05   8.2699802e+03   1.4705587e+05   6.6502699e+03   3.2394230e+04   8.2050409e+04   4.6580219e+05   1.4975654e+05   1.0499425e+05   1.8593046e+05   2.1378829e+05   4.8554039e+05   8.2778888e+04   7.9593350e+04   3.8852899e+05   7.7106105e+04   1.1674871e+04   9.3886251e+04   6.9918525e+04   1.5849803e+05   8.9702418e+04   9.8885700e+04   3.5158282e+05
   7.9835629e+04   2.1110387e+04   2.3858090e+03   2.8265045e+03   2.7030180e+04   1.6780822e+04   6.7262456e+04   3.1083681e+03   8.2699802e+03   4.3857438e+04   6.6502699e+03   3.2394230e+04   8.2050409e+04   1.1667327e+05   9.1364384e+04   7.0982125e+04   9.5877813e+04   4.7359992e+04   8.3951553e+04   4.0953171e+04   3.5292746e+04   3.1304705e+04   2.5349792e+04   1.1674871e+04   3.6608276e+04   5.9557873e+04   2.8222684e+04   2.2084033e+04   9.8885700e+04   3.6651874e+04
   1.7681802e+03   1.7903239e+02   2.3858090e+03   2.8265045e+03   2.7502811e+03   2.5797867e+03   6.2435049e+03   1.5209779e+03   6.1492867e+02   3.8292355e+03   6.6600414e+02   2.2225406e+03   2.5270252e+03   5.9871364e+03   2.8279040e+03   2.4121190e+03   3.2155325e+03   7.5879399e+02   4.8963522e+03   1.8968555e+03   2.6542208e+01   3.5044633e+03   1.7855611e+03   3.5778659e+03   2.2990384e+03   2.4221385e+03   7.7731654e+02   1.6506322e+03   4.3749515e+03   4.3038386e+03
   3.9746112e+01   3.4401145e+01   8.3484590e+01   1.0061650e+02   1.2667953e+02   7.1983836e+01   8.8911555e+01   5.0969558e+01   9.5740673e+01   6.2483477e+01   5.0177576e+01   7.6739129e+01   5.1122104e+01   4.3453033e+01   5.8629167e+00   6.0029697e+01   4.3095330e+01   4.0514199e+01   1.2544875e+02   2.2869683e+01   1.4547093e+01   6.8155124e+01   3.4024208e+01   8.3829963e+01   3.5140796e+01   1.3423135e+02   1.0352816e+02   6.1892047e+01   1.1788194e+02   9.8204180e+01
   3.9731389e-01   3.9334859e-01   3.7976675e-01   4.7216935e-01   2.0114071e-01   2.9179112e-01   4.6746283e-01   3.2677811e-01   4.7312327e-01   5.9433568e-01   3.5082395e-01   1.6027987e-01   5.3132940e-01   4.9445409e-01   2.4407515e-01   2.8212535e-01   1.6374389e-01   5.7269306e-01   3.3331460e-01   3.5826237e-01   2.0168911e-01   3.8521503e-01   2.1095590e-01   4.0455274e-01   5.0578805e-01   1.2616287e-01   4.7108987e-01   3.3783495e-01   2.7420545e-01   3.5222753e-01
   6.7012932e-03   5.1836933e-03   6.0520223e-03   8.3690834e-03   6.3403865e-03   5.9022616e-03   4.4973458e-03   7.6269684e-03   4.8812334e-03   8.1006194e-03   2.9615765e-02   3.5746204e-03   6.7503079e-03   3.4518987e-03   7.1846288e-03   3.4016645e-03   4.3978474e-03   1.5824207e-02   8.9352497e-03   5.5111461e-03   4.8811382e-03   3.8145353e-03   3.2073715e-03   1.3364798e-02   5.3124501e-03   4.1659842e-03   3.2496252e-03   1.0415083e-02   7.2346454e-03   6.8954464e-03
   3.6582037e-04   5.0975607e-05   2.4019721e-04   3.0087283e-04   1.5085221e-04   1.1040025e-04   6.5386615e-05   3.4306404e-04   9.0540285e-05   1.3120753e-04   5.2222100e-04   3.0570231e-04   1.4660778e-04   9.7871950e-05   1.9626213e-04   1.2395441e-04   9.2321256e-05   1.0012828e-03   1.2441756e-04   1.8126769e-04   1.5115624e-04   1.1415765e-04   1.0831029e-04   3.4102782e-05   1.6779388e-04   2.2108240e-04   2.3559997e-04   2.5548690e-04   1.3844383e-04   9.8595351e-05
   0.0000000e+00   0.0000000e+00   0.0000000e+00   0.0000000e+00   0.0000000e+00   0.0000000e+00   0.0000000e+00   0.0000000e+00   0.0000000e+00   0.0000000e+00   0.0000000e+00   0.0000000e+00   0.0000000e+00   0.0000000e+00   0.0000000e+00   0.0000000e+00   0.0000000e+00   0.0000000e+00   0.0000000e+00   0.0000000e+00   0.0000000e+00   0.0000000e+00   0.0000000e+00   0.0000000e+00   0.0000000e+00   0.0000000e+00   0.0000000e+00   0.0000000e+00   0.0000000e+00   0.0000000e+00
   0.0000000e+00   0.0000000e+00   0.0000000e+00   0.0000000e+00   0.0000000e+00   0.0000000e+00   0.0000000e+00   0.0000000e+00   0.0000000e+00   0.0000000e+00   0.0000000e+00   0.0000000e+00   0.0000000e+00   0.0000000e+00   0.0000000e+00   0.0000000e+00   0.0000000e+00   0.0000000e+00   0.0000000e+00   0.0000000e+00   0.0000000e+00   0.0000000e+00   0.0000000e+00   0.0000000e+00   0.0000000e+00   0.0000000e+00   0.0000000e+00   0.0000000e+00   0.0000000e+00   0.0000000e+00
   0.0000000e+00   0.0000000e+00   0.0000000e+00   0.0000000e+00   0.0000000e+00   0.0000000e+00   0.0000000e+00   0.0000000e+00   0.0000000e+00   0.0000000e+00   0.0000000e+00   0.0000000e+00   0.0000000e+00   0.0000000e+00   0.0000000e+00   0.0000000e+00   0.0000000e+00   0.0000000e+00   0.0000000e+00   0.0000000e+00   0.0000000e+00   0.0000000e+00   0.0000000e+00   0.0000000e+00   0.0000000e+00   0.0000000e+00   0.0000000e+00   0.0000000e+00   0.0000000e+00   0.0000000e+00
