   2.1605025e+10   2.3800084e+10   2.5679011e+10   2.9641152e+10   2.1481734e+10   2.2655047e+10   1.4697214e+10   2.4243900e+10   1.8913791e+10   2.1940107e+10   2.4215073e+10   2.2967365e+10   2.2553383e+10   2.2655047e+10   2.4867632e+10   2.6839905e+10   2.3271846e+10   2.3994387e+10   2.0995123e+10   2.2649973e+10   2.4145233e+10   1.8990283e+10   2.4230009e+10   2.4797727e+10   2.6557230e+10   1.7892212e+10   2.4267720e+10   2.2289346e+10   2.4353560e+10   2.7833272e+10
   7.9086572e+07   2.1906977e+08   2.9982189e+07   1.0690470e+06   1.7648130e+05   1.9538223e+07   7.0270839e+07   6.1501744e+07   8.4954579e+06   6.6013640e+07   2.2134926e+07   4.4137444e+07   5.6997450e+06   1.9538223e+07   7.3324027e+07   2.8901976e+07   4.3330222e+06   1.0743131e+07   2.0697401e+08   1.9129341e+07   4.5362199e+07   1.6070585e+08   9.5985109e+06   6.9014192e+07   2.4821166e+07   2.5695443e+07   5.8208544e+07   4.1129179e+07   1.6453209e+07   2.6984033e+06
   2.7622511e+04   2.5046547e+07   1.8427680e+06   1.0690470e+06   1.0754301e+05   1.4308375e+07   4.2476320e+06   9.4054867e+06   8.4954579e+06   7.5481450e+04   2.2134926e+07   2.2603481e+06   8.2185976e+05   1.4308375e+07   1.4631780e+07   6.9053915e+05   4.3330222e+06   1.0743131e+07   7.3632981e+07   2.4434782e+02   2.1641557e+05   4.6427196e+07   7.7083679e+05   1.2056107e+07   2.7850464e+05   6.4556074e+06   1.8967814e+07   3.8836343e+06   4.7071397e+03   2.6984033e+06
   2.7622511e+04   9.8108903e+06   1.2364828e+06   8.2081401e+05   3.2274399e+03   2.5830214e+04   7.7850277e+03   8.9607720e+05   8.4954579e+06   1.2262835e+04   4.8530658e+05   2.2603481e+06   2.7456626e+05   2.5830214e+04   3.0674832e+06   7.5339123e+04   1.5270929e+05   3.6372707e+05   2.4990769e+05   2.4434782e+02   2.1641557e+05   1.2089706e+06   7.7083679e+05   3.9390227e+06   2.7850464e+05   7.6678194e+04   8.2275564e+05   2.0602765e+05   4.7071397e+03   2.6984033e+06
   1.1935272e+03   1.4665808e+06   3.4622231e+05   1.1335674e+05   3.2274399e+03   2.5830214e+04   7.7850277e+03   7.5992452e+04   1.3019284e+06   1.2262835e+04   4.8530658e+05   1.2529162e+05   2.0786551e+05   2.5830214e+04   1.4521540e+04   7.5339123e+04   1.3521341e+04   3.6372707e+05   2.4990769e+05   2.4434782e+02   5.4428327e+04   1.2089706e+06   7.6925554e+04   1.2183152e+05   6.8583405e+04   7.6678194e+04   3.4874553e+04   5.8864384e+04   4.7071397e+03   5.9116648e+05
   1.1935272e+03   4.3124914e+04   7.7522021e+04   3.8498181e+04   3.2274399e+03   2.5830214e+04   7.7850277e+03   1.1189895e+03   2.8155269e+05   1.2262835e+04   5.5779124e+04   6.2156049e+02   2.0786551e+05   2.5830214e+04   1.4521540e+04   7.5339123e+04   1.3521341e+04   2.4632744e+04   1.3936004e+05   2.4434782e+02   5.4428327e+04   2.4840671e+05   7.6925554e+04   1.2183152e+05   3.6095628e+02   7.6678194e+04   3.4874553e+04   3.3850001e+04   4.7071397e+03   1.5739850e+05
   1.1935272e+03   6.7355452e+03   2.3646010e+04   4.9142883e+03   3.2274399e+03   9.3955079e+03   3.5015674e+03   1.1189895e+03   3.0971473e+04   1.2262835e+04   1.6292161e+04   6.2156049e+02   7.4879931e+03   9.3955079e+03   8.1360870e+03   2.4181307e+04   1.3521341e+04   1.0807371e+04   1.9615667e+03   2.4434782e+02   5.4428327e+04   2.8504248e+03   5.7442562e+04   1.6883609e+03   3.6095628e+02   7.6678194e+04   2.4157214e+04   9.9330193e+03   4.7071397e+03   5.6914320e+04
   1.1935272e+03   6.7355452e+03   8.9740917e+03   4.9142883e+03   1.2235817e+02   3.4280368e+02   6.2504500e+02   1.1189895e+03   8.2810365e+03   1.0454885e+03   1.3775360e+04   6.2156049e+02   5.4874999e+02   3.4280368e+02   9.7177787e+01   2.4181307e+04   6.5793133e+02   1.0765919e+04   1.9615667e+03   2.4434782e+02   2.4040787e+03   2.8504248e+03   3.8390870e+04   6.9346641e+02   1.1370961e+02   1.9154716e+04   7.6451573e+02   1.4875169e+03   2.9518531e+03   4.8110800e+03
   4.9857464e+02   1.6901139e+03   1.0145340e+03   3.8474045e+03   1.2235817e+02   3.4280368e+02   6.2504500e+02   4.5793273e+01   8.2810365e+03   1.4730836e+02   1.8820354e+03   6.2156049e+02   5.4874999e+02   3.4280368e+02   2.1564821e+01   1.7896358e+04   6.5793133e+02   2.2307213e+03   1.9615667e+03   2.4434782e+02   2.4040787e+03   2.8504248e+03   2.5932682e+04   6.9346641e+02   1.1370961e+02   3.8443815e+01   7.6451573e+02   1.4875169e+03   2.1294085e+03   2.5287679e+03
   1.5559696e-02   1.0382753e-01   1.9495053e+00   5.1178459e+00   5.4063440e-01   3.0602508e-01   9.5120222e-01   3.3776779e-01   3.1519370e-02   7.8126369e-02   1.5994832e-01   3.0183635e-01   1.3524901e-01   3.0602508e-01   9.7271337e-01   5.3245975e-01   4.4302862e+00   2.0844204e+00   1.1398744e+00   1.9547299e-02   6.4448767e-01   4.7968994e-01   5.4233828e-03   5.2825142e-01   7.8390789e-02   8.4183000e-02   1.1717596e+00   3.0193049e-01   1.4210093e-01   2.4198509e-01
   3.5499603e-07   1.0231882e-06   1.1237418e-07   4.0277893e-06   8.9923014e-07   6.4637725e-07   6.5167605e-07   5.9892155e-07   8.4310325e-07   7.2826955e-06   1.5683210e-06   2.8744774e-06   4.7148768e-06   6.4637725e-07   9.4858180e-08   5.3528184e-07   1.0778363e-06   6.9508509e-07   3.1781567e-06   9.4211207e-07   3.8538212e-06   1.6740098e-07   2.2005324e-08   6.2684349e-06   5.2622995e-07   8.3974820e-06   4.2413430e-07   3.5579193e-06   2.2229375e-06   1.3124986e-05
   0.0000000e+00   0.0000000e+00   0.0000000e+00   0.0000000e+00   0.0000000e+00   0.0000000e+00   0.0000000e+00   0.0000000e+00   0.0000000e+00   0.0000000e+00   0.0000000e+00   0.0000000e+00   0.0000000e+00   0.0000000e+00   0.0000000e+00   0.0000000e+00   0.0000000e+00   0.0000000e+00   0.0000000e+00   0.0000000e+00   0.0000000e+00   0.0000000e+00   0.0000000e+00   0.0000000e+00   0.0000000e+00   0.0000000e+00   0.0000000e+00   0.0000000e+00   0.0000000e+00   0.0000000e+00
   0.0000000e+00   0.0000000e+00   0.0000000e+00   0.0000000e+00   0.0000000e+00   0.0000000e+00   0.0000000e+00   0.0000000e+00   0.0000000e+00   0.0000000e+00   0.0000000e+00   0.0000000e+00   0.0000000e+00   0.0000000e+00   0.0000000e+00   0.0000000e+00   0.0000000e+00   0.0000000e+00   0.0000000e+00   0.0000000e+00   0.0000000e+00   0.0000000e+00   0.0000000e+00   0.0000000e+00   0.0000000e+00   0.0000000e+00   0.0000000e+00   0.0000000e+00   0.0000000e+00   0.0000000e+00
   0.0000000e+00   0.0000000e+00   0.0000000e+00   0.0000000e+00   0.0000000e+00   0.0000000e+00   0.0000000e+00   0.0000000e+00   0.0000000e+00   0.0000000e+00   0.0000000e+00   0.0000000e+00   0.0000000e+00   0.0000000e+00   0.0000000e+00   0.0000000e+00   0.0000000e+00   0.0000000e+00   0.0000000e+00   0.0000000e+00   0.0000000e+00   0.0000000e+00   0.0000000e+00   0.0000000e+00   0.0000000e+00   0.0000000e+00   0.0000000e+00   0.0000000e+00   0.0000000e+00   0.0000000e+00
   0.0000000e+00   0.0000000e+00   0.0000000e+00   0.0000000e+00   0.0000000e+00   0.0000000e+00   0.0000000e+00   0.0000000e+00   0.0000000e+00   0.0000000e+00   0.0000000e+00   0.0000000e+00   0.0000000e+00   0.0000000e+00   0.0000000e+00   0.0000000e+00   0.0000000e+00   0.0000000e+00   0.0000000e+00   0.0000000e+00   0.0000000e+00   0.0000000e+00   0.0000000e+00   0.0000000e+00   0.0000000e+00   0.0000000e+00   0.0000000e+00   0.0000000e+00   0.0000000e+00   0.0000000e+00
   0.0000000e+00   0.0000000e+00   0.0000000e+00   0.0000000e+00   0.0000000e+00   0.0000000e+00   0.0000000e+00   0.0000000e+00   0.0000000e+00   0.0000000e+00   0.0000000e+00   0.0000000e+00   0.0000000e+00   0.0000000e+00   0.0000000e+00   0.0000000e+00   0.0000000e+00   0.0000000e+00   0.0000000e+00   0.0000000e+00   0.0000000e+00   0.0000000e+00   0.0000000e+00   0.0000000e+00   0.0000000e+00   0.0000000e+00   0.0000000e+00   0.0000000e+00   0.0000000e+00   0.0000000e+00
