   1.1948818e+05   1.4277760e+05   1.4892383e+05   1.2418889e+05   1.5241081e+05   1.3476906e+05   5.4261017e+04   1.3203812e+05   1.4421795e+05   2.0544601e+05   1.8309870e+05   2.5726870e+05   2.0017777e+05   3.0440797e+05   2.4733341e+05   1.3605463e+05   1.9458419e+05   2.4694168e+04   2.3172679e+05   1.0683634e+05   1.4506562e+05   2.6154623e+05   1.5147629e+05   7.7840792e+04   8.6998239e+04   2.3361684e+05   1.3105759e+05   1.9076663e+05   1.4637072e+05   2.1103616e+05
   3.1875954e+03   9.4356014e+03   1.0742420e+03   9.9859682e+03   6.4123868e+03   9.3460975e+03   1.1100500e+03   3.3417221e+04   2.3205264e+03   1.4260655e+04   4.7981337e+03   9.3296658e+03   2.9451681e+04   5.9603667e+01   6.3040972e+02   1.0426527e+04   8.5432030e+03   9.2317841e+03   1.9414944e+03   1.5661366e+04   1.4689660e+04   3.9378949e+04   8.9951799e+03   8.4635254e+02   1.1414622e+04   4.5185820e+04   1.0227645e+04   5.2478406e+04   1.3278739e+04   7.5034049e+03
   1.8870142e+03   2.6625179e+03   1.0742420e+03   2.3976621e+03   6.4123868e+03   1.9982059e+02   1.1100500e+03   5.7099077e+03   2.3205264e+03   6.9988153e+02   4.7981337e+03   4.4519630e+03   6.9236161e+02   5.9603667e+01   6.3040972e+02   4.0076094e+03   4.0240295e+03   3.6725530e+03   6.2178325e+02   9.7797564e+01   6.2960664e+02   3.0459557e+03   3.3737115e+03   8.3640068e+02   1.9099800e+03   5.2849697e+03   5.7489070e+03   2.9435183e+03   1.7698213e+03   3.0096642e+02
   1.7281817e+03   4.3438728e+02   4.3156714e+01   2.3976621e+03   4.2172147e+02   1.1925717e+02   1.1100500e+03   1.3577297e+03   1.4827588e+03   6.9988153e+02   2.6537239e+02   2.3238223e+03   3.1332781e+02   5.9603667e+01   6.3040972e+02   2.1906289e+03   1.1674476e+03   1.2317156e+03   3.9976693e+02   9.7797564e+01   6.2960664e+02   6.6945086e+01   9.9142483e+02   8.3640068e+02   4.7653736e+02   1.9474088e+02   6.8601751e+02   9.2259494e+02   1.8887522e+02   1.7494179e+02
   2.4583661e+02   3.1956700e+02   4.3156714e+01   3.0382711e+02   1.5602722e+02   1.1925717e+02   8.2883064e+01   8.6115021e+02   3.2863936e+02   1.0834083e+02   2.6537239e+02   1.4174063e+03   3.1332781e+02   1.8554019e+01   2.5140192e+02   3.0741631e+02   1.7640800e+02   3.6642403e+02   7.4422839e+01   9.7797564e+01   5.8501012e+02   6.6945086e+01   3.0446071e+01   3.5569488e+02   2.9460066e+01   1.5430774e+02   9.7623095e+01   2.0105197e+02   1.1476253e+02   1.7494179e+02
   1.7274828e+02   2.7396262e+01   4.3156714e+01   2.0533218e+01   1.5602722e+02   9.8086333e+01   8.2883064e+01   1.3049230e+02   5.8505397e+01   1.0133500e+02   1.1957211e+02   1.4684972e+02   1.1567527e+02   1.8554019e+01   1.1245967e+02   2.6409083e+01   1.3324603e+02   1.3747890e+02   7.4422839e+01   4.3946133e+01   2.4563972e+01   6.6945086e+01   3.0446071e+01   6.2378786e+01   2.9460066e+01   1.5430774e+02   9.7623095e+01   2.0105197e+02   8.1631179e+01   1.1977549e+02
   2.8959331e+01   2.7396262e+01   4.3156714e+01   2.0533218e+01   3.8743148e+01   2.5053686e+01   7.6760072e+01   1.2963050e+02   4.5430734e+01   5.0380693e+01   3.4549418e+01   6.3346732e+01   3.1836829e+01   1.8554019e+01   6.9262436e+01   2.6409083e+01   3.5707281e+01   8.0694131e+01   6.3364116e+01   1.9480061e+01   2.4563972e+01   6.6945086e+01   3.0446071e+01   6.2378786e+01   2.9460066e+01   9.5037655e+01   5.7389311e+01   5.0617881e+01   8.1631179e+01   1.1977549e+02
   1.5294095e+01   2.3223853e+01   3.4378053e+01   2.0533218e+01   2.8972542e+01   2.5053686e+01   2.0663452e+01   5.6399117e+01   4.0724412e+01   3.2034441e+01   3.1405033e+01   1.2796360e+01   1.4428351e+01   1.8554019e+01   1.4004444e+01   2.3646986e+01   2.7085825e+01   3.1055305e+01   3.2962421e+01   7.3484693e+00   2.4563972e+01   2.8822706e+01   1.6611162e+01   1.6860250e+01   1.7434776e+01   1.4406513e+01   4.0537651e+01   2.2711466e+01   3.3760780e+01   1.7922167e+01
   8.7943936e+00   1.1506482e+01   1.0908296e+01   5.8198839e+00   1.1212414e+01   1.2428776e+01   1.0851537e+01   5.4844693e+00   9.2310563e+00   7.8788802e+00   9.3120729e+00   7.4402854e+00   8.3248677e+00   9.7337269e+00   6.2051194e+00   9.7400287e+00   9.6321296e+00   6.5910782e+00   9.0435866e+00   7.3484693e+00   1.3771154e+01   1.0115677e+01   1.2198943e+01   7.5289237e+00   5.8517948e+00   7.0064925e+00   5.9292689e+00   8.0709367e+00   1.0198909e+01   1.8581835e+00
   7.9361141e-02   7.1435048e-01   5.4749100e-01   1.4121206e+00   4.2643541e+00   1.1126094e+00   6.7917488e-01   1.9896958e+00   1.2300282e+00   1.3717528e+00   1.5997051e-01   2.3605749e+00   2.7293763e+00   1.7289132e+00   8.8400628e-01   2.1310794e+00   9.3071661e-02   2.8352275e+00   1.5069025e+00   2.1048205e+00   6.3908695e-01   6.4024036e-01   3.6160296e+00   1.4052918e+00   4.0024061e-01   4.0714043e-01   1.2218668e+00   1.4896369e+00   1.1360281e+00   1.4067791e+00
   2.5765680e-05   9.4016741e-08   2.0200956e-05   3.7378579e-06   3.5739677e-05   1.8665570e-05   5.8583992e-05   2.0248939e-05   9.4743086e-06   2.2629789e-05   3.5809836e-05   5.5034241e-06   4.7878143e-05   9.4469974e-06   4.7011354e-06   5.8021279e-05   9.0061171e-06   3.9397526e-06   5.2735488e-06   2.2018334e-05   6.1762720e-05   1.6050106e-05   4.9023952e-06   1.5596385e-05   2.1084617e-05   8.4536857e-06   4.5581552e-05   1.3304045e-06   2.3560742e-05   1.1632801e-07
   0.0000000e+00   0.0000000e+00   0.0000000e+00   0.0000000e+00   0.0000000e+00   0.0000000e+00   0.0000000e+00   0.0000000e+00   0.0000000e+00   0.0000000e+00   0.0000000e+00   0.0000000e+00   0.0000000e+00   0.0000000e+00   0.0000000e+00   0.0000000e+00   0.0000000e+00   0.0000000e+00   0.0000000e+00   0.0000000e+00   0.0000000e+00   0.0000000e+00   0.0000000e+00   0.0000000e+00   0.0000000e+00   0.0000000e+00   0.0000000e+00   0.0000000e+00   0.0000000e+00   0.0000000e+00
   0.0000000e+00   0.0000000e+00   0.0000000e+00   0.0000000e+00   0.0000000e+00   0.0000000e+00   0.0000000e+00   0.0000000e+00   0.0000000e+00   0.0000000e+00   0.0000000e+00   0.0000000e+00   0.0000000e+00   0.0000000e+00   0.0000000e+00   0.0000000e+00   0.0000000e+00   0.0000000e+00   0.0000000e+00   0.0000000e+00   0.0000000e+00   0.0000000e+00   0.0000000e+00   0.0000000e+00   0.0000000e+00   0.0000000e+00   0.0000000e+00   0.0000000e+00   0.0000000e+00   0.0000000e+00
   0.0000000e+00   0.0000000e+00   0.0000000e+00   0.0000000e+00   0.0000000e+00   0.0000000e+00   0.0000000e+00   0.0000000e+00   0.0000000e+00   0.0000000e+00   0.0000000e+00   0.0000000e+00   0.0000000e+00   0.0000000e+00   0.0000000e+00   0.0000000e+00   0.0000000e+00   0.0000000e+00   0.0000000e+00   0.0000000e+00   0.0000000e+00   0.0000000e+00   0.0000000e+00   0.0000000e+00   0.0000000e+00   0.0000000e+00   0.0000000e+00   0.0000000e+00   0.0000000e+00   0.0000000e+00
   0.0000000e+00   0.0000000e+00   0.0000000e+00   0.0000000e+00   0.0000000e+00   0.0000000e+00   0.0000000e+00   0.0000000e+00   0.0000000e+00   0.0000000e+00   0.0000000e+00   0.0000000e+00   0.0000000e+00   0.0000000e+00   0.0000000e+00   0.0000000e+00   0.0000000e+00   0.0000000e+00   0.0000000e+00   0.0000000e+00   0.0000000e+00   0.0000000e+00   0.0000000e+00   0.0000000e+00   0.0000000e+00   0.0000000e+00   0.0000000e+00   0.0000000e+00   0.0000000e+00   0.0000000e+00
   0.0000000e+00   0.0000000e+00   0.0000000e+00   0.0000000e+00   0.0000000e+00   0.0000000e+00   0.0000000e+00   0.0000000e+00   0.0000000e+00   0.0000000e+00   0.0000000e+00   0.0000000e+00   0.0000000e+00   0.0000000e+00   0.0000000e+00   0.0000000e+00   0.0000000e+00   0.0000000e+00   0.0000000e+00   0.0000000e+00   0.0000000e+00   0.0000000e+00   0.0000000e+00   0.0000000e+00   0.0000000e+00   0.0000000e+00   0.0000000e+00   0.0000000e+00   0.0000000e+00   0.0000000e+00
