   8.8206955e+06   5.6348998e+06   8.1897820e+06   1.9173239e+07   1.1392075e+07   3.2026538e+07   1.4640584e+07   8.6363953e+06   2.3414647e+07   1.7593410e+07   1.3314749e+07   1.9538625e+07   2.8408467e+07   2.8270671e+07   1.9264370e+07   1.5006698e+07   1.4268160e+07   1.6976931e+07   1.4292210e+07   1.4537110e+07   1.8714119e+07   6.0865894e+06   1.0273283e+07   1.8815724e+07   1.7879644e+07   2.1716762e+07   1.2260803e+07   2.6215979e+07   2.2698105e+07   2.7683070e+07
   5.7344229e+06   5.6348998e+06   8.0078530e+06   1.0164554e+07   7.2123294e+06   1.5375443e+07   1.0564883e+07   2.3341012e+06   1.3688859e+07   3.4336407e+06   3.5352904e+06   1.4390219e+07   1.3252974e+07   4.9943122e+06   1.4487509e+07   8.9541589e+06   6.9147756e+06   1.3712440e+07   1.4292210e+07   1.0288420e+07   1.3358148e+07   6.0865894e+06   1.0145908e+07   3.6378823e+06   7.4519183e+06   1.1526263e+07   4.9767268e+06   8.7852331e+06   7.2621168e+06   1.2293770e+07
   3.3612371e+06   2.3243004e+06   5.2904153e+06   3.0935751e+06   3.7968610e+06   3.9371172e+06   2.7091952e+06   2.3341012e+06   5.1799437e+06   3.4336407e+06   2.9621713e+06   3.3330294e+06   7.1220683e+06   4.9943122e+06   3.5363368e+06   5.3323114e+06   6.9147756e+06   5.2066935e+06   5.0084537e+06   9.8495791e+06   2.6037620e+06   4.5884383e+06   5.7478723e+06   3.6378823e+06   3.8362442e+06   8.5100262e+06   4.9767268e+06   8.2435032e+06   4.1069116e+06   5.4354940e+06
   3.3612371e+06   2.3243004e+06   5.2904153e+06   3.0935751e+06   3.7968610e+06   2.9311150e+06   2.7091952e+06   2.3341012e+06   5.1799437e+06   3.4336407e+06   1.9459416e+06   2.6282768e+06   3.7818127e+06   4.9943122e+06   3.5363368e+06   5.3212424e+06   4.5363873e+06   5.2066935e+06   3.6300967e+06   3.8596558e+06   2.6037620e+06   4.5884383e+06   5.7478723e+06   3.6378823e+06   2.1558801e+06   6.7151956e+06   4.9767268e+06   1.9642184e+06   4.1069116e+06   5.4354940e+06
   2.3127084e+06   1.5500985e+06   5.1084153e+06   2.0214168e+06   2.7962806e+06   2.9311150e+06   2.7091952e+06   2.3341012e+06   3.4757855e+06   3.4336407e+06   1.9459416e+06   2.6282768e+06   3.7818127e+06   4.9943122e+06   3.5363368e+06   1.8067770e+06   4.5363873e+06   4.4754041e+06   3.6300967e+06   3.7237399e+06   2.6037620e+06   4.1508939e+06   4.4703587e+06   3.6378823e+06   2.1558801e+06   1.7925857e+06   3.4740711e+06   1.9642184e+06   2.2853084e+06   3.4398490e+06
   1.8597384e+06   1.5500985e+06   4.4378194e+06   2.0214168e+06   2.1617363e+06   2.9311150e+06   2.7091952e+06   2.3341012e+06   3.4757855e+06   2.2587175e+06   1.9459416e+06   1.1325839e+06   1.3350144e+06   3.1539716e+06   2.6975970e+06   1.8067770e+06   3.9715935e+06   1.8679204e+06   3.6300967e+06   3.7237399e+06   2.6037620e+06   9.0646712e+05   3.1694253e+06   3.6378823e+06   2.1558801e+06   1.3261642e+06   2.3826199e+06   1.9642184e+06   2.2853084e+06   3.4398490e+06
   1.8597384e+06   1.5500985e+06   2.4454688e+06   2.0214168e+06   2.1617363e+06   2.9311150e+06   2.7091952e+06   2.3341012e+06   3.4757855e+06   2.2587175e+06   1.9459416e+06   1.1325839e+06   1.3350144e+06   3.1539716e+06   2.6975970e+06   1.8067770e+06   3.9715935e+06   1.8679204e+06   2.5791553e+06   2.5049079e+06   2.6037620e+06   9.0646712e+05   2.1183579e+06   3.6378823e+06   2.0013206e+06   1.3261642e+06   2.3826199e+06   1.9642184e+06   2.2853084e+06   3.1009894e+06
   1.8597384e+06   1.5500985e+06   1.7107609e+06   2.0214168e+06   2.1617363e+06   2.9311150e+06   1.9679100e+06   2.2820897e+06   2.5937732e+06   2.2227699e+06   1.9459416e+06   1.1325839e+06   1.3350144e+06   3.1539716e+06   1.8347448e+06   1.8067770e+06   2.1834394e+06   1.8679204e+06   2.5791553e+06   2.5049079e+06   2.2115805e+06   9.0646712e+05   2.1183579e+06   3.1318287e+06   2.0013206e+06   1.3261642e+06   2.3826199e+06   1.9642184e+06   2.2853084e+06   3.1009894e+06
   1.8597384e+06   1.5500985e+06   1.7107609e+06   1.6201633e+06   2.0373831e+06   2.9311150e+06   1.9679100e+06   2.2820897e+06   1.5658241e+06   2.2227699e+06   1.9459416e+06   1.1325839e+06   1.3350144e+06   3.1539716e+06   1.8347448e+06   1.8067770e+06   2.1834394e+06   1.8679204e+06   2.0622831e+06   2.5049079e+06   2.2115805e+06   9.0646712e+05   2.1183579e+06   3.1251458e+06   2.0013206e+06   1.3261642e+06   2.3826199e+06   1.9642184e+06   2.2853084e+06   3.1009894e+06
   1.0906016e+06   1.2338793e+06   1.6375421e+06   1.6201633e+06   1.5350410e+06   1.8651464e+06   1.3804762e+06   1.2726358e+06   1.1110246e+06   9.7674740e+05   1.1742460e+06   1.1325839e+06   1.0678626e+06   1.1196773e+06   1.1128777e+06   1.8067770e+06   1.3112199e+06   1.4776886e+06   1.5220616e+06   1.3253820e+06   1.3169502e+06   7.8496823e+05   1.7863757e+06   1.6540601e+06   1.1755925e+06   1.1733331e+06   1.6528312e+06   1.4958804e+06   1.5093995e+06   1.5405009e+06
   5.1413344e+05   3.7850923e+05   1.6698608e+05   4.3424460e+05   6.0527851e+05   6.8124195e+05   5.1679557e+05   5.2848800e+05   4.5602526e+05   3.0093098e+05   4.2537074e+05   4.2991023e+05   6.9436480e+05   5.4145766e+05   5.3069348e+05   7.1711967e+05   5.1851037e+05   4.9218039e+05   4.7643774e+05   5.3913544e+05   4.8008361e+05   5.7826810e+05   4.2802766e+05   4.1506234e+05   5.6401324e+05   6.1145640e+05   4.6405428e+05   3.1902201e+05   6.2339410e+05   4.2211166e+05
   1.2814479e+05   1.0447666e+05   7.7937397e+04   1.7235458e+05   1.2034955e+05   1.2717379e+05   1.8660777e+05   1.4303439e+05   1.4501639e+05   1.3419582e+05   8.8566509e+04   1.4787466e+05   1.2017745e+05   1.1180142e+05   1.0839888e+05   1.2514169e+05   1.2929799e+05   1.1356054e+05   8.3558260e+04   1.2534482e+05   1.3446085e+05   1.0221957e+05   6.1279188e+04   1.1092767e+05   1.4544638e+05   1.1018898e+05   1.5174394e+05   1.4032229e+05   1.2536132e+05   1.3528640e+05
   8.8128046e+03   6.4381298e+03   1.1447634e+04   1.5528211e+04   8.0286418e+03   1.7519310e+04   1.4024724e+04   1.4301787e+04   1.1183540e+04   1.5057958e+04   1.2821863e+04   1.3242225e+04   7.2876338e+03   6.8565438e+03   6.5338279e+03   1.3215824e+04   1.3101152e+04   9.1747429e+03   9.9268492e+03   9.1821130e+03   6.6690503e+03   1.3048843e+04   1.1177068e+04   1.1117102e+04   9.1931074e+03   1.0966001e+04   9.5283841e+03   1.1231778e+04   1.4207553e+04   1.1794979e+04
   1.1496107e+03   1.0557237e+03   1.2379746e+03   1.0797921e+03   1.1347175e+03   1.1593598e+03   1.0926840e+03   1.1444418e+03   1.1395921e+03   1.1043866e+03   8.1291486e+02   8.0027932e+02   9.0193174e+02   1.0379688e+03   1.1178459e+03   9.8248796e+02   1.1607568e+03   9.1879956e+02   9.8236972e+02   9.0144165e+02   1.2208906e+03   1.2596665e+03   1.0759398e+03   1.2354515e+03   9.9657692e+02   1.0971993e+03   9.8190211e+02   1.1319398e+03   1.2102442e+03   1.0429157e+03
   4.6316743e+02   5.0500912e+02   6.6327222e+02   5.3583709e+02   6.5756282e+02   4.2976258e+02   5.8491207e+02   5.7736767e+02   4.7411452e+02   4.2875085e+02   5.8818644e+02   6.8962640e+02   5.7152712e+02   4.6275268e+02   5.1300120e+02   3.9147997e+02   5.6616858e+02   6.4053569e+02   5.6384028e+02   4.2162090e+02   6.4926953e+02   6.0089581e+02   6.2063794e+02   6.2594615e+02   5.2790754e+02   7.1299579e+02   7.1174733e+02   5.6487361e+02   6.2658943e+02   6.4875696e+02
   6.1211796e+00   1.0468366e+01   1.3754367e+01   1.3910149e+01   1.4928713e+01   1.5752974e+01   1.6713255e+01   1.7972595e+01   1.8036258e+01   1.8711010e+01   1.9782971e+01   2.0578377e+01   2.0833636e+01   2.2299625e+01   2.2361364e+01   2.2375502e+01   2.3362857e+01   2.4181210e+01   2.4402265e+01   2.5532239e+01   2.8386723e+01   2.8555200e+01   3.0767256e+01   3.1003074e+01   3.5009129e+01   3.5223691e+01   3.8119896e+01   4.0002893e+01   4.0422546e+01   4.8930948e+01
