   2.7731106e+03   8.2211049e+04   9.5532212e+03   2.1953414e+03   1.4884538e+05   9.3058620e+03   6.6547222e+04   2.1971821e+04   3.6108510e+04   1.7781415e+04   1.5767587e+05   7.3720227e+04   2.6769455e+04   1.0647309e+05   3.0393448e+04   1.4350956e+04   6.0651302e+04   8.2838483e+02   1.6924318e+05   4.6742049e+04   5.4730492e+04   9.7762916e+03   2.9549769e+04   1.4160476e+04   6.5854536e+04   3.0933108e+04   2.5378074e+04   7.9704371e+03   7.9425605e+03   6.3237304e+04
   2.7731106e+03   5.2007190e+04   9.5532212e+03   2.1953414e+03   1.8540880e+04   8.3952976e+03   4.3438437e+02   2.1971821e+04   3.6108510e+04   3.4901959e+03   3.3165731e+04   1.8030729e+04   2.3050609e+04   5.0233717e+03   3.0393448e+04   1.1619150e+04   1.5773184e+04   8.2838483e+02   2.0642556e+04   4.6742049e+04   2.3141050e+03   2.8468947e+03   2.0689322e+04   9.0765494e+03   2.8691556e+04   3.0933108e+04   1.4335298e+04   7.9704371e+03   7.9425605e+03   5.0900035e+04
   2.7731106e+03   1.4567580e+03   9.5532212e+03   1.3581524e+03   4.1537589e+02   3.4673555e+03   4.3438437e+02   2.0277581e+03   1.4523166e+04   3.4901959e+03   1.9429520e+04   9.8437208e+03   2.6034605e+03   2.1188797e+03   3.2035699e+03   6.5196746e+03   8.3219887e+03   8.2838483e+02   6.7066154e+01   5.1972089e+03   2.1637768e+03   2.8468947e+03   1.3330940e+04   1.3513297e+03   2.9841988e+03   2.3688196e+03   1.7394382e+03   4.2834795e+03   3.1987738e+03   7.4177251e+02
   2.7731106e+03   5.9675658e+02   1.2934415e+03   1.3581524e+03   4.1537589e+02   3.4673555e+03   4.3438437e+02   2.0277581e+03   8.6157811e+02   1.3531185e+02   8.6493779e+03   3.8591789e+03   2.6034605e+03   1.6836270e+03   3.2035699e+03   4.3143414e+03   3.6006192e+03   8.2838483e+02   6.7066154e+01   2.6311138e+03   1.4915381e+03   2.8468947e+03   3.1485486e+02   1.3513297e+03   2.1354447e+02   2.3688196e+03   6.5020817e+02   8.7429733e+02   1.8245723e+03   7.4177251e+02
   1.0163028e+03   5.9675658e+02   1.2042567e+03   7.1997268e+02   1.0041019e+02   1.9487610e+02   2.1227990e+02   1.1829376e+02   8.6157811e+02   1.3531185e+02   1.8836660e+03   1.5704581e+03   4.2938965e+02   3.4781613e+02   4.1582342e+02   5.8888177e+02   8.5638260e+02   8.2838483e+02   6.7066154e+01   2.6311138e+03   1.4386389e+03   2.6460949e+02   3.1485486e+02   8.9821669e+02   2.1354447e+02   1.4297531e+03   6.3220470e+01   4.6184313e+02   6.3350662e+02   7.4177251e+02
   7.8317500e+01   3.5279209e+01   2.5308923e+02   7.0032143e+01   7.4716321e+01   1.0727193e+02   8.5574561e+01   1.1829376e+02   3.4645161e+02   1.0884290e+02   1.0206771e+02   1.0975553e+02   1.2047024e+02   1.9003725e+02   1.3569161e+02   1.4650021e+02   7.3894313e+02   2.6859401e+01   5.6199479e+01   6.2662174e+01   3.2026828e+02   1.2709140e+02   1.2896457e+02   9.3792620e+01   4.4703351e+01   1.5369252e+02   2.4355900e+01   1.6457060e+02   4.2483642e+01   1.4945276e+02
   4.9253167e+01   8.5848827e+00   3.3715440e+01   1.5560581e+01   7.4716321e+01   2.4061667e+01   2.8433938e+01   1.6385396e+01   2.1267757e+01   5.5207598e+01   2.1459509e+01   5.2511565e+01   5.0774981e+01   4.2853645e+01   8.5792158e+01   3.7501090e+01   4.4387684e+01   1.5956736e+01   5.6199479e+01   4.1790973e+01   1.8032430e+01   3.4205948e+01   1.9609616e+01   2.7748731e+01   4.4703351e+01   5.5011251e+01   2.4355900e+01   2.3066571e+01   4.2483642e+01   6.5403102e+01
   1.2334047e+01   8.2636926e+00   1.1369480e+01   8.8493751e+00   1.0494883e+01   9.4788057e+00   1.1791451e+01   1.1268712e+01   1.1222850e+01   1.0930915e+01   1.0780580e+01   6.9184836e+00   1.2307234e+01   8.3030980e+00   1.3562639e+01   9.3834593e+00   8.4981230e+00   7.8612030e+00   1.3768453e+01   1.0366743e+01   8.5362124e+00   1.1590435e+01   8.7956170e+00   8.8152958e+00   7.8605096e+00   1.1318346e+01   1.4038107e+01   9.4946834e+00   7.0425526e+00   1.0490462e+01
   5.7427952e+00   5.7850067e+00   6.3287833e+00   7.1061392e+00   3.9587997e+00   6.8877183e+00   7.6177590e+00   8.0316597e+00   5.9414038e+00   6.1346647e+00   6.3333985e+00   6.0684289e+00   5.8725781e+00   7.2139740e+00   5.1788553e+00   6.9665703e+00   6.1592581e+00   5.4825974e+00   5.6684876e+00   6.5763423e+00   5.7617820e+00   5.1375100e+00   5.1161980e+00   5.0837142e+00   5.7958571e+00   6.1923426e+00   6.9398492e+00   4.8562453e+00   5.3483613e+00   5.8462497e+00
   4.2058186e+00   3.3576731e+00   4.2197567e+00   4.5236993e+00   2.9914711e+00   4.1637301e+00   4.2638660e+00   3.2283114e+00   4.6644495e+00   3.7450069e+00   3.6127089e+00   3.5421579e+00   3.6442770e+00   3.8187390e+00   4.5534656e+00   3.9025994e+00   4.4570054e+00   3.4087350e+00   3.5305668e+00   3.3438719e+00   5.3285285e+00   3.5062308e+00   4.7339458e+00   4.5222080e+00   4.4106927e+00   4.5272362e+00   3.3395929e+00   4.8562453e+00   3.3986334e+00   4.3388336e+00
   3.3058383e+00   3.0484164e+00   3.2985992e+00   2.4597260e+00   2.8873941e+00   3.2809606e+00   3.6722910e+00   3.2283114e+00   3.4124065e+00   3.7450069e+00   2.9821080e+00   2.5608842e+00   3.6418959e+00   2.8827285e+00   3.3611501e+00   3.0787878e+00   3.5613974e+00   2.3512003e+00   2.6573952e+00   3.3144082e+00   3.0327087e+00   2.9976742e+00   2.0693201e+00   2.9331297e+00   3.1467180e+00   3.2421431e+00   3.2142449e+00   3.2200362e+00   3.0327418e+00   3.0707377e+00
   2.7721263e+00   2.2335725e+00   2.9900645e+00   2.1102709e+00   1.9209506e+00   2.6761237e+00   2.6874427e+00   2.7043969e+00   1.8354633e+00   3.2475755e+00   2.7549908e+00   2.2741789e+00   2.6156861e+00   1.8341011e+00   2.8695395e+00   2.6222362e+00   2.5827071e+00   1.9632778e+00   1.9627875e+00   2.8217118e+00   2.4326094e+00   2.5861911e+00   1.7235315e+00   2.6261133e+00   2.6410909e+00   2.2513562e+00   2.3666476e+00   3.1132630e+00   1.8583581e+00   2.8865732e+00
   1.8280901e+00   1.6025622e+00   1.7917088e+00   1.5095487e+00   1.5048514e+00   1.6833847e+00   2.0890610e+00   2.1013910e+00   1.7622785e+00   1.3186382e+00   1.7170827e+00   1.7400334e+00   1.2936122e+00   1.8191664e+00   2.1568341e+00   1.9657800e+00   1.9760754e+00   1.9632778e+00   1.9627875e+00   1.9495447e+00   1.7801109e+00   1.3757429e+00   1.7235315e+00   1.5970933e+00   1.3625884e+00   2.2513562e+00   1.6302944e+00   1.6550946e+00   1.8297332e+00   1.7823267e+00
   8.2863605e-01   9.2144582e-01   9.8395373e-01   8.4228839e-01   8.6251442e-01   7.0266780e-01   1.0907079e+00   8.7638721e-01   9.8817805e-01   1.0262732e+00   8.3072742e-01   8.4388866e-01   9.1438748e-01   9.5159729e-01   1.1063638e+00   8.5825934e-01   8.5806552e-01   1.0379315e+00   8.4840449e-01   8.6594942e-01   8.0094119e-01   9.3771979e-01   7.3328622e-01   9.4949000e-01   9.3716100e-01   1.2202611e+00   5.3743266e-01   8.6544376e-01   1.0110683e+00   1.0527357e+00
   5.2310303e-01   4.1088761e-01   4.1455913e-01   3.9458366e-01   3.8606589e-01   5.2683832e-01   3.7171307e-01   3.6046174e-01   4.2295386e-01   4.7644758e-01   5.2927396e-01   4.9399468e-01   3.7021023e-01   4.4018696e-01   4.5775595e-01   5.2501846e-01   3.5882692e-01   4.9126622e-01   4.6146092e-01   3.6468542e-01   4.4330122e-01   5.1187447e-01   5.0075739e-01   4.9131395e-01   4.8995946e-01   4.8061021e-01   4.2638725e-01   4.2734861e-01   4.6488158e-01   4.3014777e-01
   1.0076674e-01   1.2824123e-01   1.3412973e-01   1.4972170e-01   1.5787340e-01   1.6441680e-01   1.7785914e-01   1.7814117e-01   1.8101967e-01   1.8515999e-01   1.8674865e-01   1.8742886e-01   1.9139210e-01   1.9275350e-01   2.0141004e-01   2.0165012e-01   2.0445970e-01   2.0715811e-01   2.0715818e-01   2.0824343e-01   2.1466566e-01   2.1495449e-01   2.1713460e-01   2.1721664e-01   2.3482704e-01   2.3715361e-01   2.4031926e-01   2.4319499e-01   2.5396271e-01   2.7644632e-01
