   9.7677683e+02   1.8608987e+03   1.0700975e+03   1.7181005e+03   6.5876870e+02   1.6132438e+03   1.9709773e+03   2.0965602e+03   1.1707562e+03   2.1699625e+03   2.3233513e+03   1.1677910e+03   1.0463877e+03   1.4225610e+03   1.5100943e+03   1.5745991e+03   1.2960994e+03   1.7038732e+03   1.7903701e+03   1.7597720e+03   1.8278254e+03   1.9031212e+03   1.5401880e+03   1.6161163e+03   2.0441918e+03   2.0530186e+03   1.4371928e+03   1.1467012e+03   1.7985579e+03   2.5269467e+03
   4.6975746e+02   8.9982998e+02   9.1781792e+02   6.1417723e+02   4.7109804e+02   4.0828128e+02   6.3705793e+02   2.4482515e+02   3.1920028e+02   8.6775829e+02   7.9067980e+02   4.8253610e+02   4.5610475e+02   4.9949167e+02   4.1953676e+02   2.8622524e+02   4.1468301e+02   6.9145082e+02   3.9475976e+02   2.8948242e+02   2.6928827e+02   5.4116621e+02   5.8339260e+02   5.2899329e+02   9.4325308e+02   2.3580691e+02   8.0805904e+02   3.6509046e+02   2.1225853e+02   6.8071070e+02
   4.6975746e+02   2.8006151e+02   3.9438018e+02   3.9135466e+02   3.9622684e+02   4.0828128e+02   3.6165930e+02   2.4482515e+02   3.1920028e+02   2.6595711e+02   2.1675731e+02   4.1214323e+02   2.6204542e+02   3.5289886e+02   2.9092769e+02   2.3070498e+02   3.2630078e+02   3.2380343e+02   3.8626376e+02   2.8948242e+02   2.6928827e+02   3.5474667e+02   3.8510778e+02   2.7788351e+02   4.7227975e+02   2.3253611e+02   4.7038108e+02   2.9041508e+02   2.1225853e+02   4.4690155e+02
   3.0445225e+02   2.1687093e+02   2.4455390e+02   3.4254692e+02   2.4614602e+02   2.3533002e+02   3.4341375e+02   2.4482515e+02   3.1920028e+02   2.6595711e+02   2.1675731e+02   2.1863323e+02   2.6204542e+02   3.1080707e+02   2.9092769e+02   2.3070498e+02   3.2630078e+02   3.2380343e+02   2.6003286e+02   2.8792639e+02   2.5232797e+02   2.5126059e+02   2.9281046e+02   2.5908638e+02   2.8050578e+02   2.3253611e+02   2.9817197e+02   2.8451586e+02   2.1225853e+02   6.4057296e+01
   3.0445225e+02   2.1687093e+02   2.4455390e+02   2.8633220e+02   2.2720063e+02   2.3533002e+02   2.7485580e+02   2.4482515e+02   2.9850142e+02   1.9309703e+02   2.1675731e+02   2.1863323e+02   2.6204542e+02   2.2006433e+02   2.7758536e+02   2.3070498e+02   2.9585008e+02   2.9246204e+02   2.2658028e+02   2.8792639e+02   2.5232797e+02   1.9311847e+02   2.1390178e+02   1.9027890e+02   2.1751690e+02   2.3253611e+02   2.9817197e+02   1.2567329e+02   2.1225853e+02   6.4057296e+01
   2.6972271e+02   2.1687093e+02   2.2041089e+02   2.5405241e+02   2.1816080e+02   1.6112747e+02   1.9675782e+02   2.4482515e+02   2.5125905e+02   1.9309703e+02   2.1675731e+02   2.1863323e+02   1.9614344e+02   2.2006433e+02   2.2953388e+02   2.2438558e+02   2.4188218e+02   2.5829162e+02   2.2658028e+02   2.3578030e+02   2.5232797e+02   1.9311847e+02   2.1390178e+02   1.9027890e+02   2.0886032e+02   2.3253611e+02   2.5558893e+02   1.2567329e+02   2.1225853e+02   6.4057296e+01
   2.1373969e+02   2.1687093e+02   2.2041089e+02   2.4029526e+02   2.1816080e+02   1.6112747e+02   1.7685433e+02   2.4482515e+02   2.3328641e+02   1.7584190e+02   2.1675731e+02   2.1863323e+02   1.7270778e+02   1.4329978e+02   2.1101737e+02   1.2596363e+02   1.8966937e+02   1.7615831e+02   2.2658028e+02   1.6571013e+02   2.1326452e+02   1.9311847e+02   1.9015335e+02   1.9027890e+02   2.0886032e+02   2.3253611e+02   2.0715084e+02   1.2567329e+02   2.1225853e+02   6.4057296e+01
   1.2396543e+02   1.4774466e+02   1.5735167e+02   1.4214040e+02   1.7221068e+02   1.6112747e+02   1.7685433e+02   9.1198767e+01   2.2616043e+02   1.7584190e+02   2.0854480e+02   2.1863323e+02   1.6620147e+02   9.7050301e+01   1.9099732e+02   1.2596363e+02   1.8523360e+02   1.7171334e+02   1.5442094e+02   1.6571013e+02   1.5560968e+02   1.5626318e+02   1.7076280e+02   1.1801676e+02   1.9501445e+02   1.2530322e+02   2.0715084e+02   1.2567329e+02   1.9493852e+02   6.4057296e+01
   8.5265585e+01   8.0345005e+01   6.0659015e+01   6.2515059e+01   9.0291213e+01   7.6630412e+01   9.0595467e+01   7.7080279e+01   8.0357381e+01   4.8697648e+01   7.0765421e+01   6.7321506e+01   1.2979517e+01   6.0130366e+01   8.9115889e+01   8.4861061e+01   8.2256923e+01   7.6322532e+01   7.4100563e+01   6.5960489e+01   8.0278847e+01   6.0157790e+01   7.8243134e+01   7.3861259e+01   6.3955400e+01   6.4386901e+01   6.6029818e+01   1.3318092e+01   8.5175624e+01   6.4057296e+01
   1.5929762e+01   7.4533208e+00   1.7492869e+01   6.0544386e+00   2.1915660e+01   1.6024521e+01   1.6510777e+01   1.1657656e+01   6.9498341e+00   1.2400252e+01   8.7689061e+00   8.0189448e+00   1.2979517e+01   4.8240427e+00   1.6850378e+01   2.0624992e+01   1.1136109e+01   2.0517227e+01   1.0014370e+01   1.6914157e+01   2.6241849e+01   1.2753006e+01   7.6117099e+00   1.2195656e+01   4.5925482e+00   6.1326617e+00   7.1051479e+00   1.3318092e+01   1.0142591e+01   7.3497971e+00
   1.5016883e-01   1.2184209e-01   6.3921587e-02   1.8295480e-01   2.3203601e-01   1.5620267e-01   2.6083609e-01   1.3466726e-01   1.2899508e-01   1.2382087e-01   1.6722445e-01   2.1923478e-01   2.3039335e-01   1.6886075e-01   3.4378331e-01   2.0226852e-01   1.4575259e-01   2.3406188e-01   1.8074410e-01   6.8047976e-02   2.0435189e-01   1.1983189e-01   1.1914838e-01   1.0136668e-01   9.5718696e-02   7.1603901e-02   1.1958210e-01   1.2249216e-01   9.2171723e-02   1.2848573e-01
   8.2855823e-03   5.5738680e-03   9.8573451e-03   8.9024630e-03   8.9682845e-03   8.7615996e-03   9.0769515e-03   8.4245145e-03   8.3367805e-03   7.6184313e-03   7.5389746e-03   8.0111306e-03   8.1271557e-03   7.2722449e-03   9.9040752e-03   7.8753665e-03   9.0444594e-03   9.3669480e-03   9.1588158e-03   8.6271109e-03   6.7611192e-03   4.7735771e-03   7.3052143e-03   5.7171406e-03   9.7124090e-03   7.0919136e-03   2.2814266e-03   8.6223745e-03   4.6388665e-03   6.2345209e-03
   5.0572857e-03   2.7466586e-03   3.6396851e-03   2.8089153e-03   5.6107279e-03   4.7511229e-03   3.0323470e-03   4.9250334e-03   4.6908030e-03   4.6111316e-03   3.1542043e-03   2.2911945e-03   4.7430425e-03   4.8011087e-03   5.0758974e-03   4.8514056e-03   3.4626968e-03   4.5254685e-03   5.1302827e-03   3.6342930e-03   5.4793776e-03   4.7735771e-03   4.0619913e-03   3.6449105e-03   5.0913222e-03   1.9699399e-03   2.2814266e-03   4.1065972e-03   3.4099845e-03   3.2544349e-03
   6.2741037e-08   0.0000000e+00   0.0000000e+00   0.0000000e+00   0.0000000e+00   0.0000000e+00   0.0000000e+00   0.0000000e+00   0.0000000e+00   0.0000000e+00   2.9708190e-08   2.0731022e-08   0.0000000e+00   4.9150458e-08   0.0000000e+00   0.0000000e+00   0.0000000e+00   0.0000000e+00   1.6683771e-08   0.0000000e+00   0.0000000e+00   0.0000000e+00   1.1821612e-08   0.0000000e+00   0.0000000e+00   0.0000000e+00   0.0000000e+00   0.0000000e+00   0.0000000e+00   0.0000000e+00
   0.0000000e+00   0.0000000e+00   0.0000000e+00   0.0000000e+00   0.0000000e+00   0.0000000e+00   0.0000000e+00   0.0000000e+00   0.0000000e+00   0.0000000e+00   0.0000000e+00   0.0000000e+00   0.0000000e+00   0.0000000e+00   0.0000000e+00   0.0000000e+00   0.0000000e+00   0.0000000e+00   0.0000000e+00   0.0000000e+00   0.0000000e+00   0.0000000e+00   0.0000000e+00   0.0000000e+00   0.0000000e+00   0.0000000e+00   0.0000000e+00   0.0000000e+00   0.0000000e+00   0.0000000e+00
   0.0000000e+00   0.0000000e+00   0.0000000e+00   0.0000000e+00   0.0000000e+00   0.0000000e+00   0.0000000e+00   0.0000000e+00   0.0000000e+00   0.0000000e+00   0.0000000e+00   0.0000000e+00   0.0000000e+00   0.0000000e+00   0.0000000e+00   0.0000000e+00   0.0000000e+00   0.0000000e+00   0.0000000e+00   0.0000000e+00   0.0000000e+00   0.0000000e+00   0.0000000e+00   0.0000000e+00   0.0000000e+00   0.0000000e+00   0.0000000e+00   0.0000000e+00   0.0000000e+00   0.0000000e+00
