   4.9547916e+02   5.1364768e+02   5.0128096e+02   6.3107936e+02   5.6752163e+02   5.3591179e+02   5.1769064e+02   4.8022650e+02   6.7847760e+02   2.6083911e+02   4.4040648e+02   5.6406482e+02   2.4726853e+02   6.4239669e+02   5.4450242e+02   6.8013838e+02   5.3719048e+02   4.0259663e+02   5.2590227e+02   3.4246974e+02   2.3929339e+02   4.2345085e+02   2.9146391e+02   2.6265043e+02   3.5252145e+02   5.8921359e+02   3.5715348e+02   6.2175614e+02   3.2735424e+02   1.2216317e+02
   8.5988809e-01   4.8541025e+01   1.2144903e+01   2.2944936e-01   2.2628823e-01   6.9573634e+01   4.3037215e+01   4.2899807e+01   5.4897075e-01   1.3528629e+02   8.5131839e+00   9.7978460e+01   3.3098528e+01   1.1880680e+02   1.1780305e-01   2.6595147e+00   4.6958929e+01   1.5193745e+01   1.1125748e+02   4.9162586e+00   2.7586656e+01   3.8330678e+01   1.1261533e+00   2.6647710e+01   2.2924249e+00   1.3417423e+01   2.3427902e+01   2.0892948e-01   2.2893383e+01   4.3011785e+01
   8.5988809e-01   1.8965429e+00   1.2144903e+01   2.2944936e-01   2.2628823e-01   9.0971846e-01   1.9604848e+00   8.0675366e+00   5.4897075e-01   1.1331480e+00   8.5131839e+00   1.9926402e+00   1.2874284e+01   2.0560793e+01   1.1780305e-01   2.6595147e+00   5.4543088e+00   5.4192701e+00   4.7248839e+00   4.1803113e+00   1.1891392e+01   7.4980509e+00   1.1261533e+00   7.3480961e+00   2.2924249e+00   1.3417423e+01   3.3198667e-02   2.0892948e-01   1.6333835e+01   2.8264269e+01
   8.5988809e-01   9.0886905e-01   4.8241383e+00   2.2944936e-01   2.2628823e-01   9.0971846e-01   5.5774729e-01   8.0675366e+00   5.4897075e-01   1.1331480e+00   1.2148501e+00   1.9926402e+00   2.0547541e+00   3.0420146e-01   1.1780305e-01   5.2626432e-01   1.6660683e+00   1.6024080e+00   1.0089813e+00   3.8889816e+00   3.3836691e+00   7.4980509e+00   1.1261533e+00   7.3480961e+00   2.2924249e+00   7.9101465e+00   3.3198667e-02   2.0892948e-01   3.8119959e+00   9.3671864e+00
   5.6481126e-01   8.1892976e-01   1.0579490e+00   2.2944936e-01   2.2628823e-01   7.4891288e-01   5.5774729e-01   2.7004333e+00   2.3750543e-01   7.7649841e-01   8.6271876e-02   9.2111917e-02   1.0851632e+00   3.0420146e-01   1.1780305e-01   5.2626432e-01   1.6660683e+00   1.0219745e+00   8.3603179e-01   3.8436091e-02   3.3836691e+00   5.5298599e-01   6.0360175e-02   2.6672506e+00   2.0740886e+00   1.0836335e-01   3.3198667e-02   2.0892948e-01   2.1446148e-01   1.8675196e+00
   5.6481126e-01   3.7558252e-01   5.0628961e-01   2.2250731e-01   2.2628823e-01   4.6380727e-01   5.5323292e-01   1.4689068e-01   2.3750543e-01   3.8927693e-01   8.6271876e-02   9.2111917e-02   2.7661975e-01   3.0420146e-01   1.1780305e-01   1.2564474e-01   3.0677303e-01   6.5550397e-01   6.1776518e-01   3.8436091e-02   4.8915298e-01   2.4515062e-01   6.0360175e-02   1.9822738e-01   4.1671160e-01   1.0836335e-01   3.3198667e-02   2.0892948e-01   5.4121040e-03   6.0759523e-01
   1.4816235e-01   3.3808365e-01   4.7076895e-01   1.9938819e-01   2.2628823e-01   4.6380727e-01   2.7513559e-01   1.4689068e-01   6.8543234e-02   1.1312149e-01   8.6271876e-02   9.2111917e-02   2.7661975e-01   3.0420146e-01   1.1780305e-01   1.2564474e-01   3.0677303e-01   1.3658248e-02   5.0446650e-02   3.8436091e-02   2.6140081e-01   2.4515062e-01   6.0360175e-02   1.9822738e-01   4.1671160e-01   1.0836335e-01   3.3198667e-02   1.8783916e-01   5.4121040e-03   3.0812513e-01
   1.9259878e-02   1.8277647e-02   2.4658347e-02   5.6680585e-02   1.9754663e-02   1.3298582e-03   2.7763768e-02   1.0552159e-01   2.3771756e-02   1.7984499e-02   2.9495996e-02   2.5334986e-02   1.4985506e-02   1.3122305e-02   3.5976729e-02   7.8538107e-03   3.2210189e-02   1.3658248e-02   1.4357745e-02   3.4877127e-02   6.9287731e-03   2.1441608e-02   7.4835747e-03   3.2795731e-02   1.4239055e-02   1.4506501e-02   2.7523817e-02   1.9456603e-02   5.4121040e-03   2.6771550e-02
   2.3857930e-03   6.1813518e-04   1.5352123e-03   1.7048803e-03   1.9052906e-03   9.8887067e-04   2.2123462e-03   2.1824741e-03   1.7017671e-03   1.5291248e-03   1.6392960e-03   2.6176880e-04   3.4989583e-04   1.1580254e-03   2.3011983e-03   8.3220471e-05   8.5814592e-04   3.8745769e-03   2.1788858e-03   1.7361021e-03   1.7752490e-03   2.1424599e-03   1.1057050e-03   9.5545051e-04   2.5698989e-03   2.2302861e-03   2.1469925e-03   2.2381256e-03   3.0166235e-03   2.2500385e-03
   2.2978093e-05   2.9805273e-05   2.5207027e-05   1.2828428e-05   3.4667144e-05   5.4611395e-05   4.1555024e-05   5.7095626e-05   8.2864746e-05   2.9316053e-05   7.2392629e-05   8.9748120e-05   2.4241306e-05   5.8078190e-05   5.9609160e-05   4.4304734e-05   5.6281136e-05   1.3832843e-05   1.4499371e-05   2.5888425e-05   3.0739754e-05   5.5410830e-05   2.6048863e-05   2.8046641e-05   1.1943151e-05   5.3460757e-05   5.0275178e-05   1.2045558e-05   9.3546298e-05   5.2902343e-05
   1.1302168e-06   1.8469597e-07   4.2617717e-07   4.2893310e-07   8.7755012e-07   5.9626182e-08   2.1108940e-07   3.6373854e-07   6.3501665e-07   3.5594271e-07   2.4765058e-07   5.1187229e-07   7.3577358e-08   9.4437490e-07   2.6515002e-07   2.8976232e-07   2.3090388e-07   9.7716713e-08   3.9781287e-07   7.6853072e-07   2.3022554e-07   8.1774731e-07   2.4990168e-07   3.5287918e-07   3.2139095e-07   2.9802777e-08   9.7506607e-07   3.0146417e-07   5.0554939e-07   5.2495938e-07
   0.0000000e+00   0.0000000e+00   0.0000000e+00   0.0000000e+00   0.0000000e+00   0.0000000e+00   0.0000000e+00   0.0000000e+00   0.0000000e+00   0.0000000e+00   0.0000000e+00   0.0000000e+00   0.0000000e+00   0.0000000e+00   0.0000000e+00   0.0000000e+00   0.0000000e+00   0.0000000e+00   0.0000000e+00   0.0000000e+00   0.0000000e+00   0.0000000e+00   0.0000000e+00   0.0000000e+00   0.0000000e+00   0.0000000e+00   0.0000000e+00   0.0000000e+00   0.0000000e+00   0.0000000e+00
   0.0000000e+00   0.0000000e+00   0.0000000e+00   0.0000000e+00   0.0000000e+00   0.0000000e+00   0.0000000e+00   0.0000000e+00   0.0000000e+00   0.0000000e+00   0.0000000e+00   0.0000000e+00   0.0000000e+00   0.0000000e+00   0.0000000e+00   0.0000000e+00   0.0000000e+00   0.0000000e+00   0.0000000e+00   0.0000000e+00   0.0000000e+00   0.0000000e+00   0.0000000e+00   0.0000000e+00   0.0000000e+00   0.0000000e+00   0.0000000e+00   0.0000000e+00   0.0000000e+00   0.0000000e+00
   0.0000000e+00   0.0000000e+00   0.0000000e+00   0.0000000e+00   0.0000000e+00   0.0000000e+00   0.0000000e+00   0.0000000e+00   0.0000000e+00   0.0000000e+00   0.0000000e+00   0.0000000e+00   0.0000000e+00   0.0000000e+00   0.0000000e+00   0.0000000e+00   0.0000000e+00   0.0000000e+00   0.0000000e+00   0.0000000e+00   0.0000000e+00   0.0000000e+00   0.0000000e+00   0.0000000e+00   0.0000000e+00   0.0000000e+00   0.0000000e+00   0.0000000e+00   0.0000000e+00   0.0000000e+00
   0.0000000e+00   0.0000000e+00   0.0000000e+00   0.0000000e+00   0.0000000e+00   0.0000000e+00   0.0000000e+00   0.0000000e+00   0.0000000e+00   0.0000000e+00   0.0000000e+00   0.0000000e+00   0.0000000e+00   0.0000000e+00   0.0000000e+00   0.0000000e+00   0.0000000e+00   0.0000000e+00   0.0000000e+00   0.0000000e+00   0.0000000e+00   0.0000000e+00   0.0000000e+00   0.0000000e+00   0.0000000e+00   0.0000000e+00   0.0000000e+00   0.0000000e+00   0.0000000e+00   0.0000000e+00
   0.0000000e+00   0.0000000e+00   0.0000000e+00   0.0000000e+00   0.0000000e+00   0.0000000e+00   0.0000000e+00   0.0000000e+00   0.0000000e+00   0.0000000e+00   0.0000000e+00   0.0000000e+00   0.0000000e+00   0.0000000e+00   0.0000000e+00   0.0000000e+00   0.0000000e+00   0.0000000e+00   0.0000000e+00   0.0000000e+00   0.0000000e+00   0.0000000e+00   0.0000000e+00   0.0000000e+00   0.0000000e+00   0.0000000e+00   0.0000000e+00   0.0000000e+00   0.0000000e+00   0.0000000e+00
