   6.4493540e+06   4.7967348e+06   9.7515141e+06   2.4220395e+06   3.8800629e+06   5.9736380e+06   1.6003947e+06   9.3047066e+06   2.4469974e+06   2.0973012e+06   7.5010289e+06   7.0429258e+06   7.9484008e+05   6.2590254e+06   6.8041781e+06   2.0330601e+06   9.5430484e+06   6.3013301e+06   1.3072316e+07   1.6017227e+06   6.1091643e+05   5.2963512e+06   4.0018733e+06   1.0332413e+07   4.0747052e+06   2.6929861e+07   1.0788526e+07   4.5425733e+06   2.2123694e+06   1.8254327e+06
   2.8966120e+06   4.7967348e+06   3.7273930e+06   2.4220395e+06   2.5309329e+06   5.2248238e+06   1.6003947e+06   9.3047066e+06   8.8315565e+05   2.0973012e+06   5.8689100e+05   1.5519071e+06   7.9484008e+05   9.3193181e+05   2.7757661e+06   1.7363590e+06   5.9344256e+06   6.3013301e+06   2.1210288e+06   1.4851750e+06   6.1091643e+05   1.7149655e+06   1.1003251e+06   5.0018823e+06   4.0432719e+06   2.6289930e+06   2.9913040e+06   4.1266523e+06   8.2099398e+05   1.8254327e+06
   2.8966120e+06   1.6220952e+05   2.2701916e+06   7.4132740e+05   2.2681518e+06   8.7185708e+05   1.6003947e+06   4.3878668e+06   3.2514230e+05   2.0973012e+06   4.2465410e+05   1.5519071e+06   7.9484008e+05   4.4622248e+05   4.8074075e+05   6.2840222e+05   1.3255786e+06   2.4163150e+05   2.1210288e+06   6.6322711e+05   6.1091643e+05   1.7149655e+06   1.0803814e+06   1.4471190e+06   2.6007194e+06   1.6396861e+06   1.4825534e+06   3.3540526e+06   8.2099398e+05   1.6714202e+06
   2.8500565e+06   1.6220952e+05   8.3128262e+05   2.0787665e+05   2.2681518e+06   3.1028631e+05   1.6808261e+05   3.0411090e+06   3.2514230e+05   1.7472427e+06   4.2465410e+05   1.5519071e+06   7.9484008e+05   1.3604575e+05   4.8074075e+05   6.2787536e+05   2.1120186e+05   2.4163150e+05   2.1210288e+06   9.9073337e+04   6.1091643e+05   1.7149655e+06   2.6824675e+05   4.1910816e+05   7.6810537e+05   1.6396861e+06   1.4825534e+06   3.3540526e+06   6.0617789e+05   1.4449754e+06
   2.4798489e+05   1.6220952e+05   5.1986328e+05   1.5168740e+05   2.6387708e+05   7.3420877e+04   1.6808261e+05   1.4323797e+06   3.2514230e+05   1.7472427e+06   2.6945760e+05   4.2695674e+05   3.6714060e+05   5.5273030e+04   4.8074075e+05   3.7731677e+05   1.6453794e+05   2.4163150e+05   5.7634358e+05   9.9073337e+04   1.5869850e+05   7.0129403e+04   1.3028068e+05   4.1910816e+05   4.5837046e+05   1.1319523e+05   1.4825534e+06   4.2681651e+05   6.0617789e+05   4.4695216e+05
   2.4798489e+05   1.6194402e+05   2.6282820e+05   1.5168740e+05   2.6374675e+05   7.3420877e+04   1.6808261e+05   2.1417426e+05   2.4022560e+05   3.4931547e+05   2.2253191e+04   4.2695674e+05   1.1588775e+05   5.5273030e+04   3.0022782e+05   4.8951986e+04   1.6453794e+05   1.0439514e+05   1.6610137e+05   5.9552837e+04   1.1973785e+05   7.0129403e+04   1.3028068e+05   7.9048640e+04   7.4299998e+04   6.5731389e+04   6.8929172e+05   1.9094420e+05   1.4093214e+05   5.3884750e+04
   2.4798489e+05   1.6194402e+05   8.6020947e+04   1.3206307e+05   2.1362482e+05   7.3420877e+04   1.1421944e+05   2.1131749e+04   4.6380432e+04   1.6302088e+05   2.2253191e+04   1.6025621e+05   7.0103690e+04   5.5273030e+04   1.8905195e+05   4.6607482e+04   4.8784898e+04   2.0035836e+04   4.4992818e+04   5.9552837e+04   7.9966313e+04   7.0129403e+04   2.3834947e+04   7.8692723e+04   7.4299998e+04   6.5731389e+04   7.1993663e+03   5.8918717e+04   1.3466227e+05   3.7753035e+04
   1.9292016e+04   1.4419897e+04   2.6246562e+04   3.3455671e+04   8.4969470e+03   1.4428874e+04   1.2801100e+04   1.1239192e+04   2.7256379e+04   7.4703359e+04   1.8808888e+04   3.6076883e+04   1.3860736e+04   5.5151834e+04   9.3982847e+03   1.2719333e+04   1.6727501e+04   1.0168171e+04   1.1758032e+04   3.4097166e+04   1.1136923e+04   2.2852727e+04   2.3834947e+04   1.7107755e+04   1.2740077e+04   5.7661735e+03   6.4729469e+03   2.4683969e+04   9.7449513e+03   9.2065779e+03
   3.3404404e+03   3.4057169e+03   7.4346219e+03   4.8391269e+03   2.6975386e+03   3.3032773e+03   2.0866925e+03   2.6128409e+03   4.3753019e+03   3.2421227e+03   6.7859787e+03   2.7342284e+03   2.1972405e+03   6.5973241e+03   3.9936352e+03   7.0121686e+03   3.0999631e+03   5.3576068e+03   2.3755216e+03   3.0949701e+03   4.7900129e+03   3.2379736e+03   5.3190249e+03   3.9725515e+03   1.4280518e+03   2.8444044e+03   2.3454245e+03   2.0353916e+03   2.9347027e+03   2.9086034e+03
   1.0015328e+03   9.3067819e+02   8.2936868e+02   1.1199620e+03   9.8279991e+02   1.0945813e+03   1.1199901e+03   1.0441191e+03   9.1049301e+02   7.8598398e+02   1.1983444e+03   9.9573188e+02   6.0177700e+02   7.5050063e+02   9.7120239e+02   1.1679326e+03   8.6731866e+02   9.7336542e+02   7.4337836e+02   1.1998121e+03   9.2959076e+02   1.0100321e+03   8.8900427e+02   7.6121843e+02   1.0690242e+03   1.1432681e+03   1.3939666e+03   7.5298969e+02   1.0296757e+03   8.5357703e+02
   2.9545508e+02   1.9779246e+02   1.8802481e+02   1.4013535e+02   3.3707030e+02   2.0425778e+02   2.7704278e+02   2.3904117e+02   2.1684727e+02   1.8901370e+02   1.6638681e+02   2.3981581e+02   4.2998464e+02   2.3184927e+02   2.9492526e+02   2.1668611e+02   2.2811614e+02   2.3957288e+02   3.0565990e+02   8.9557275e+01   2.8141094e+02   1.5945157e+02   2.9228151e+02   4.3986387e+02   2.3759505e+02   3.7755091e+02   1.8566492e+02   1.1354809e+02   1.5124896e+02   2.4932183e+02
   9.2896645e+01   1.1041077e+02   8.2785879e+01   8.7866499e+01   4.3282107e+01   9.6077277e+01   1.3353807e+02   9.3425531e+01   8.9140266e+01   1.0943402e+02   9.0682835e+01   1.1283791e+02   1.1149532e+02   1.0520424e+02   3.0127578e+01   9.8860701e+01   1.2110015e+02   6.6463045e+01   8.0448120e+01   8.9557275e+01   8.7742697e+01   1.2177219e+02   7.0732095e+01   1.3134161e+02   6.5296159e+01   1.2380664e+02   4.6380711e+01   8.7443134e+01   9.2568257e+01   8.3324856e+01
   4.8126218e+01   3.7120136e+01   3.3805365e+01   2.0081943e+01   4.1372656e+01   4.0033135e+01   3.9446361e+01   3.3775125e+01   2.5347363e+01   4.9157326e+01   3.7595364e+01   4.5991121e+01   4.0902821e+01   3.3958906e+01   3.0127578e+01   3.9653124e+01   3.6198732e+01   4.0023672e+01   3.0473029e+01   3.5432814e+01   4.4792299e+01   3.2322531e+01   2.7093008e+01   3.2352866e+01   1.4755508e+01   4.7617999e+01   2.3748272e+01   2.0001401e+01   2.3737608e+01   3.7786178e+01
   6.9585524e+00   6.3898399e+00   7.6229663e+00   6.4058914e+00   4.3056047e+00   5.7464406e+00   8.2038276e+00   8.6473557e+00   8.0413117e+00   5.9722571e+00   3.1077604e+00   6.8646493e+00   6.5964653e+00   9.8423387e+00   4.8996888e+00   9.1235857e+00   4.8967426e+00   3.8450448e+00   8.6207323e+00   1.1320749e+01   6.7267794e+00   7.1620083e+00   8.5496592e+00   9.8107345e+00   5.0806379e+00   7.3010632e+00   5.0665945e+00   3.8151090e+00   6.3138438e+00   7.8460393e+00
   1.0911879e-03   6.8950128e-04   9.4810848e-05   3.8203770e-05   1.9496187e-04   2.2924566e-04   1.1434808e-03   7.5282941e-04   3.7332635e-04   6.7087282e-04   4.4255198e-04   3.3842619e-04   5.6279725e-04   1.3099490e-03   3.4556101e-04   3.0728201e-04   5.5251330e-05   2.9481398e-04   1.0107331e-04   1.5683026e-03   1.6426783e-04   8.3139121e-04   8.4171156e-04   1.6288467e-03   4.1524198e-05   4.2280377e-04   1.0459442e-04   1.1944757e-04   1.0304671e-03   1.0871734e-03
   0.0000000e+00   0.0000000e+00   0.0000000e+00   0.0000000e+00   0.0000000e+00   0.0000000e+00   0.0000000e+00   0.0000000e+00   0.0000000e+00   0.0000000e+00   0.0000000e+00   0.0000000e+00   0.0000000e+00   0.0000000e+00   0.0000000e+00   0.0000000e+00   0.0000000e+00   0.0000000e+00   0.0000000e+00   0.0000000e+00   0.0000000e+00   0.0000000e+00   0.0000000e+00   0.0000000e+00   0.0000000e+00   0.0000000e+00   0.0000000e+00   0.0000000e+00   0.0000000e+00   0.0000000e+00
