   1.1770867e+05   8.5793222e+05   2.1651354e+06   3.6559140e+06   5.8387642e+05   1.1754498e+06   2.5122876e+06   9.8964272e+05   4.5173597e+05   5.2228849e+05   3.0770416e+06   3.5351958e+06   3.9090866e+05   8.8450184e+05   2.1998512e+06   4.1065343e+06   6.5034253e+06   2.5523369e+06   4.1975044e+06   1.8204977e+06   9.8986069e+06   1.3637470e+06   2.6589407e+06   1.7977135e+06   3.3387287e+06   8.8372634e+05   5.7605442e+06   1.4009171e+06   5.9130053e+05   2.7159777e+05
   8.5914246e+04   1.8257239e+05   2.4669335e+05   1.2895637e+05   3.1608333e+04   2.3332231e+05   3.0435442e+04   5.6322699e+05   1.3804543e+05   5.2228849e+05   4.4957659e+03   2.3155248e+05   1.4416641e+03   9.6945116e+03   1.6572508e+05   2.7272702e+02   2.7911107e+04   3.2062434e+04   1.4456057e+04   1.1484749e+04   1.4487093e+04   1.4956970e+04   8.2696978e+04   3.0261845e+04   4.8811694e+04   1.4389943e+04   1.9012769e+04   2.2876996e+03   1.1891812e+05   1.7136431e+04
   1.2943908e+03   1.5373571e+04   9.6485130e+02   1.5023293e+04   3.1608333e+04   1.0078039e+04   2.2543294e+03   2.5093414e+04   2.7046410e+04   5.5603393e+04   4.4957659e+03   1.1516891e+04   1.4416641e+03   3.4120257e+03   4.8715907e+03   2.7272702e+02   8.4297161e+03   1.5981140e+03   2.0800969e+03   1.1484749e+04   4.2705648e+01   1.1851331e+02   9.4225271e+03   1.0272397e+02   2.3641347e+04   5.3815527e-01   1.7204268e+03   2.2876996e+03   4.1221363e+03   3.2170845e+03
   3.8173430e+02   1.5373571e+04   9.6485130e+02   1.5023293e+04   2.8657000e+04   5.2519885e+03   2.2543294e+03   8.9404747e+03   2.3535076e+03   3.0248637e+03   1.6794597e+03   1.7532767e+03   2.0677362e+02   9.8583487e+02   4.8715907e+03   2.7272702e+02   6.5375025e+03   3.1305557e+01   5.5652058e+02   3.3981858e+03   4.2705648e+01   1.1851331e+02   1.2213218e+03   1.0272397e+02   3.1468334e+03   5.3815527e-01   2.3517091e+02   2.3937887e+02   4.1221363e+03   5.9653836e+02
   3.8173430e+02   9.8109532e+02   9.6485130e+02   9.1289288e+02   7.4837732e+02   9.2408195e+01   1.6209853e+02   1.8743414e+03   1.4591635e+02   4.1765576e+02   1.2590807e+02   7.6119887e+01   2.0677362e+02   9.8583487e+02   8.6553971e+02   2.7272702e+02   1.0343406e+03   3.1305557e+01   5.5652058e+02   2.2590752e+01   4.2705648e+01   1.1851331e+02   5.8906446e+02   1.0272397e+02   3.1468334e+03   5.3815527e-01   1.6536226e+02   2.3510409e+02   2.6773784e+01   5.9653836e+02
   3.8173430e+02   9.8109532e+02   7.1092814e+02   6.1420704e+02   1.6685973e+01   9.2408195e+01   1.6209853e+02   1.9968755e+00   1.4591635e+02   4.1765576e+02   1.2590807e+02   6.9787396e+01   4.5955072e+01   2.0236780e+02   7.8959843e+02   7.8003444e+01   1.0343406e+03   3.1305557e+01   3.0872097e+02   6.3097936e+00   4.2705648e+01   1.1851331e+02   2.0865682e+02   1.0272397e+02   4.5601676e+00   5.3815527e-01   1.6536226e+02   2.3510409e+02   2.6773784e+01   5.9653836e+02
   3.5909676e+00   1.0497382e+02   7.1092814e+02   4.5945540e+02   1.6685973e+01   9.0046076e+01   1.6209853e+02   1.9968755e+00   1.4591635e+02   4.1765576e+02   4.1429066e+01   2.1184494e+01   4.5955072e+01   4.5699833e+01   1.1862283e+02   7.8003444e+01   1.5589144e+02   3.1305557e+01   3.0872097e+02   6.3097936e+00   4.2705648e+01   8.6368957e+01   2.0865682e+02   1.0272397e+02   1.9907652e+00   5.3815527e-01   1.6536226e+02   1.3229271e+02   2.6773784e+01   7.6301812e+01
   8.5533817e-01   3.2177071e+00   9.4556907e+00   7.4505511e-02   1.7908899e-01   2.8293579e+00   1.4618557e+00   1.2197977e+00   3.5878298e-01   1.7792476e+00   1.4098306e-01   4.2195548e-01   2.5549278e+00   6.8991919e-01   2.9949087e+00   1.0558645e+00   1.1416163e+00   3.6554226e-01   1.8914371e+00   1.0612647e+00   1.1031156e-02   1.1934769e+00   3.1972388e-01   1.7768688e+00   1.9907652e+00   1.8204235e-01   6.7751722e+00   1.3732304e+01   2.6881771e+00   2.6792957e-02
   2.4125529e-02   5.0426843e-02   1.0063306e-01   8.5368395e-03   1.8575996e-02   5.2282706e-02   6.4472230e-02   4.2358967e-04   1.3441186e-03   1.0349030e-02   1.7738159e-02   2.9532914e-03   2.6531002e-02   2.6315007e-02   4.8022131e-02   9.6389526e-02   4.6212057e-04   7.4024872e-04   5.8534736e-04   3.5573040e-02   1.1031156e-02   3.5172440e-03   1.3470764e-02   1.0439025e-02   1.2895331e-02   2.3262959e-02   4.8272352e-02   5.3324087e-03   1.2097448e-04   7.9590520e-05
   2.5390017e-05   7.1900141e-07   3.6189654e-06   1.5707734e-06   6.0033270e-08   1.5206839e-06   1.1205342e-05   2.2853878e-05   3.1780505e-06   2.1808432e-05   2.0920662e-04   1.0430692e-05   1.4480489e-05   2.3872305e-05   4.1574552e-05   5.7559340e-05   1.7725423e-08   8.8881827e-05   1.7568204e-06   3.3471454e-06   1.7733910e-06   7.4780863e-07   1.0712219e-04   5.4856085e-07   6.8222676e-07   2.6765244e-06   1.4535987e-05   1.5660495e-06   7.2690273e-06   6.8765894e-06
   1.9804066e-08   0.0000000e+00   0.0000000e+00   0.0000000e+00   0.0000000e+00   0.0000000e+00   1.4885018e-08   7.0067589e-08   2.8123045e-08   1.2581333e-08   2.1777330e-08   0.0000000e+00   7.2718999e-08   0.0000000e+00   1.0884633e-08   5.2349479e-08   1.7725423e-08   0.0000000e+00   0.0000000e+00   0.0000000e+00   1.6293868e-08   0.0000000e+00   0.0000000e+00   0.0000000e+00   0.0000000e+00   0.0000000e+00   0.0000000e+00   0.0000000e+00   0.0000000e+00   0.0000000e+00
   0.0000000e+00   0.0000000e+00   0.0000000e+00   0.0000000e+00   0.0000000e+00   0.0000000e+00   0.0000000e+00   0.0000000e+00   0.0000000e+00   0.0000000e+00   0.0000000e+00   0.0000000e+00   0.0000000e+00   0.0000000e+00   0.0000000e+00   0.0000000e+00   0.0000000e+00   0.0000000e+00   0.0000000e+00   0.0000000e+00   0.0000000e+00   0.0000000e+00   0.0000000e+00   0.0000000e+00   0.0000000e+00   0.0000000e+00   0.0000000e+00   0.0000000e+00   0.0000000e+00   0.0000000e+00
   0.0000000e+00   0.0000000e+00   0.0000000e+00   0.0000000e+00   0.0000000e+00   0.0000000e+00   0.0000000e+00   0.0000000e+00   0.0000000e+00   0.0000000e+00   0.0000000e+00   0.0000000e+00   0.0000000e+00   0.0000000e+00   0.0000000e+00   0.0000000e+00   0.0000000e+00   0.0000000e+00   0.0000000e+00   0.0000000e+00   0.0000000e+00   0.0000000e+00   0.0000000e+00   0.0000000e+00   0.0000000e+00   0.0000000e+00   0.0000000e+00   0.0000000e+00   0.0000000e+00   0.0000000e+00
   0.0000000e+00   0.0000000e+00   0.0000000e+00   0.0000000e+00   0.0000000e+00   0.0000000e+00   0.0000000e+00   0.0000000e+00   0.0000000e+00   0.0000000e+00   0.0000000e+00   0.0000000e+00   0.0000000e+00   0.0000000e+00   0.0000000e+00   0.0000000e+00   0.0000000e+00   0.0000000e+00   0.0000000e+00   0.0000000e+00   0.0000000e+00   0.0000000e+00   0.0000000e+00   0.0000000e+00   0.0000000e+00   0.0000000e+00   0.0000000e+00   0.0000000e+00   0.0000000e+00   0.0000000e+00
   0.0000000e+00   0.0000000e+00   0.0000000e+00   0.0000000e+00   0.0000000e+00   0.0000000e+00   0.0000000e+00   0.0000000e+00   0.0000000e+00   0.0000000e+00   0.0000000e+00   0.0000000e+00   0.0000000e+00   0.0000000e+00   0.0000000e+00   0.0000000e+00   0.0000000e+00   0.0000000e+00   0.0000000e+00   0.0000000e+00   0.0000000e+00   0.0000000e+00   0.0000000e+00   0.0000000e+00   0.0000000e+00   0.0000000e+00   0.0000000e+00   0.0000000e+00   0.0000000e+00   0.0000000e+00
   0.0000000e+00   0.0000000e+00   0.0000000e+00   0.0000000e+00   0.0000000e+00   0.0000000e+00   0.0000000e+00   0.0000000e+00   0.0000000e+00   0.0000000e+00   0.0000000e+00   0.0000000e+00   0.0000000e+00   0.0000000e+00   0.0000000e+00   0.0000000e+00   0.0000000e+00   0.0000000e+00   0.0000000e+00   0.0000000e+00   0.0000000e+00   0.0000000e+00   0.0000000e+00   0.0000000e+00   0.0000000e+00   0.0000000e+00   0.0000000e+00   0.0000000e+00   0.0000000e+00   0.0000000e+00
