   9.9099624e+02   9.8017050e+02   1.0888973e+03   1.0152505e+03   8.9204682e+02   9.0205188e+02   9.5835211e+02   1.1349941e+03   1.0418938e+03   7.9836411e+02   9.9848000e+02   1.0180949e+03   8.0981022e+02   1.0258614e+03   7.4972427e+02   1.1533852e+03   1.0680346e+03   1.0537779e+03   1.1316258e+03   1.0950710e+03   1.1455603e+03   1.0466850e+03   8.8326564e+02   8.1360623e+02   1.0454610e+03   1.0912769e+03   9.2026482e+02   7.1646052e+02   1.0695082e+03   1.0954456e+03
   4.0246744e+02   3.9472058e+02   3.9257011e+02   3.8572337e+02   3.8000590e+02   3.7249546e+02   3.7911823e+02   4.0004867e+02   3.6271651e+02   4.0980967e+02   4.1745731e+02   4.0955707e+02   3.8832113e+02   3.7813366e+02   4.0687747e+02   3.4791544e+02   3.9724834e+02   3.9334638e+02   4.0103484e+02   3.5241251e+02   3.7838401e+02   4.2576608e+02   3.8196120e+02   3.6701879e+02   3.7055424e+02   3.7092635e+02   4.2650246e+02   3.5872351e+02   4.2946343e+02   3.8113988e+02
   3.9441672e+02   3.2283065e+02   3.9257011e+02   3.7527358e+02   3.5890060e+02   3.1848987e+02   3.7336194e+02   3.2717659e+02   3.5451368e+02   3.7297883e+02   3.2307220e+02   3.5435555e+02   2.8952911e+02   3.4212509e+02   3.2069118e+02   3.4791544e+02   3.1842264e+02   3.9334638e+02   3.3844767e+02   3.5241251e+02   3.2063398e+02   3.9238460e+02   3.3489671e+02   3.6701879e+02   3.5486547e+02   3.5284147e+02   3.9850409e+02   3.3325998e+02   3.6955164e+02   3.0585855e+02
   3.4185779e+02   3.2283065e+02   3.5381078e+02   3.3246031e+02   3.5890060e+02   3.1848987e+02   3.3563966e+02   3.2717659e+02   3.5451368e+02   3.5936024e+02   3.2307220e+02   3.5383791e+02   2.8952911e+02   3.2602947e+02   3.2069118e+02   3.1325473e+02   3.1842264e+02   3.2219345e+02   3.3844767e+02   3.3623546e+02   3.2063398e+02   3.4682226e+02   3.3489671e+02   3.6669846e+02   3.3487774e+02   3.5284147e+02   3.5586181e+02   3.3325998e+02   3.4676062e+02   3.0585855e+02
   3.3509701e+02   3.2186702e+02   3.5058560e+02   3.3246031e+02   3.5890060e+02   3.1848987e+02   3.3563966e+02   3.2717659e+02   2.9031809e+02   3.3964446e+02   3.2307220e+02   3.1639729e+02   2.8952911e+02   3.2602947e+02   3.2069118e+02   3.1325473e+02   3.1842264e+02   3.2219345e+02   3.2306313e+02   3.3623546e+02   2.8342499e+02   3.3151278e+02   3.3489671e+02   3.4246912e+02   3.0997334e+02   3.5284147e+02   3.5573049e+02   3.1942301e+02   3.2673182e+02   3.0585855e+02
   3.3509701e+02   2.7525450e+02   3.2710900e+02   3.3236121e+02   3.1072487e+02   3.1848987e+02   3.1322913e+02   3.2717659e+02   2.9031809e+02   3.1094191e+02   3.2307220e+02   3.1639729e+02   2.8952911e+02   3.0496737e+02   3.2069118e+02   3.0186849e+02   2.9741144e+02   3.2219345e+02   3.2306313e+02   3.3623546e+02   2.8342499e+02   3.1992570e+02   3.2059796e+02   3.3190975e+02   3.0997334e+02   3.3845821e+02   3.3919102e+02   3.1942301e+02   3.2673182e+02   3.0585855e+02
   3.3509701e+02   2.7525450e+02   2.6843980e+02   2.7776778e+02   3.1072487e+02   3.1848987e+02   3.1322913e+02   3.1072675e+02   2.9031809e+02   3.1094191e+02   3.2307220e+02   2.9450090e+02   2.8952911e+02   3.0496737e+02   3.2069118e+02   3.0186849e+02   2.9741144e+02   2.8729074e+02   3.1017151e+02   3.3623546e+02   2.7565247e+02   2.8522455e+02   3.2059796e+02   3.2401493e+02   2.6995454e+02   3.1021594e+02   3.2184311e+02   3.0989935e+02   3.2673182e+02   3.0411399e+02
   3.1030805e+02   2.7525450e+02   2.6843980e+02   2.7776778e+02   3.1072487e+02   3.1556035e+02   3.1322913e+02   3.1072675e+02   2.8557920e+02   3.1094191e+02   3.2307220e+02   2.8745333e+02   2.8952911e+02   2.9521329e+02   3.2069118e+02   3.0186849e+02   2.9741144e+02   2.8729074e+02   3.0965873e+02   3.1917597e+02   2.7565247e+02   2.8522455e+02   3.1543006e+02   3.1165149e+02   2.5099979e+02   3.1021594e+02   3.0557551e+02   2.6380589e+02   2.9264092e+02   2.9652292e+02
   3.1030805e+02   2.7525450e+02   2.6843980e+02   2.7630805e+02   3.1072487e+02   3.1556035e+02   2.9864568e+02   2.9615942e+02   2.8557920e+02   2.9375697e+02   3.0756790e+02   2.8745333e+02   2.8035712e+02   2.9521329e+02   2.9095289e+02   2.6388924e+02   2.9741144e+02   2.8729074e+02   2.8216585e+02   2.8778660e+02   2.7565247e+02   2.8522455e+02   3.1543006e+02   3.1165149e+02   2.5099979e+02   3.1021594e+02   3.0475174e+02   2.6380589e+02   2.8907350e+02   2.9652292e+02
   2.7832724e+02   2.1344085e+02   2.5933127e+02   2.2716266e+02   2.6156988e+02   2.6519190e+02   2.5950320e+02   2.1949945e+02   2.4821563e+02   2.3586627e+02   2.4771154e+02   1.9798604e+02   2.3722468e+02   2.4137817e+02   2.5694740e+02   2.2483512e+02   2.5150028e+02   2.6336507e+02   2.6994075e+02   2.5135304e+02   2.6850586e+02   2.5969739e+02   2.4914941e+02   2.5234208e+02   2.4555355e+02   2.5042937e+02   2.5400542e+02   2.4962748e+02   2.6009967e+02   2.5281571e+02
   1.4760479e+02   1.7586458e+02   1.7206016e+02   1.8477795e+02   1.8058663e+02   1.5010545e+02   1.6163088e+02   1.6296836e+02   1.8432719e+02   1.7419106e+02   1.8062787e+02   1.6418210e+02   1.6594876e+02   1.8499755e+02   1.6687659e+02   1.5050011e+02   1.7601848e+02   1.7491019e+02   1.5253174e+02   1.8331728e+02   1.5694290e+02   1.6075689e+02   1.7143720e+02   1.8296696e+02   1.6152504e+02   1.8989138e+02   1.7384724e+02   1.7325166e+02   1.7446114e+02   1.5409277e+02
   1.1829568e+02   1.2043546e+02   1.2387946e+02   1.2366325e+02   1.0655064e+02   1.2269499e+02   1.3096436e+02   1.2608001e+02   1.2947407e+02   1.2534638e+02   1.3882687e+02   9.7055245e+01   1.1295135e+02   1.1933255e+02   1.2265998e+02   1.1942388e+02   1.1806306e+02   1.2036958e+02   1.2224269e+02   1.3257440e+02   1.2694778e+02   1.1036162e+02   1.1614764e+02   1.3326521e+02   9.8362145e+01   1.3778676e+02   1.1739185e+02   9.0371659e+01   1.3390977e+02   1.3076341e+02
   9.8024406e+01   1.0649906e+02   1.1087376e+02   1.1501729e+02   1.0655064e+02   1.0586412e+02   1.0819718e+02   1.0612400e+02   1.1579481e+02   1.1083658e+02   1.1429556e+02   9.7055245e+01   1.1295135e+02   1.0548209e+02   9.9647954e+01   9.7750497e+01   9.8306284e+01   1.1478421e+02   1.0027576e+02   1.1193001e+02   1.1245858e+02   9.1617864e+01   1.0716462e+02   1.0210959e+02   9.4694953e+01   1.0438825e+02   9.7913924e+01   8.5861708e+01   1.0747502e+02   9.8416279e+01
   9.8024406e+01   8.7259568e+01   1.0223955e+02   9.8054628e+01   8.8987541e+01   9.6289903e+01   1.0346285e+02   9.2325132e+01   8.9693799e+01   9.7991892e+01   1.0339648e+02   9.7055245e+01   1.0120488e+02   1.0548209e+02   9.1350189e+01   9.7750497e+01   8.7051089e+01   9.9671082e+01   9.7314435e+01   1.0132673e+02   9.4666763e+01   9.1617864e+01   9.1095366e+01   8.8858651e+01   9.4694953e+01   9.9990834e+01   9.7913924e+01   8.5861708e+01   9.5673405e+01   9.5696736e+01
   8.2789150e+01   7.4048276e+01   7.8093757e+01   8.0955946e+01   8.3794022e+01   7.6391396e+01   7.3786201e+01   7.8600059e+01   7.7212805e+01   8.5023949e+01   7.8544172e+01   6.8910041e+01   7.0848500e+01   7.1090490e+01   8.1952302e+01   7.9824849e+01   7.7999669e+01   7.3188066e+01   7.0004211e+01   7.9501544e+01   7.1156431e+01   6.9804129e+01   7.4255781e+01   8.3979229e+01   7.6239013e+01   7.7751447e+01   7.4724383e+01   8.1957947e+01   7.0854675e+01   7.7850858e+01
   2.0161728e+01   2.0161728e+01   2.0161728e+01   2.0161728e+01   2.0161728e+01   2.0161728e+01   2.0161728e+01   2.0161728e+01   2.0161728e+01   2.0161728e+01   2.0161728e+01   2.0161728e+01   2.0161728e+01   2.0161728e+01   2.0161728e+01   2.0161728e+01   2.0161728e+01   2.0161728e+01   2.0161728e+01   2.0161728e+01   2.0161728e+01   2.0161728e+01   2.0161728e+01   2.0161728e+01   2.0161728e+01   2.0161728e+01   2.0161728e+01   2.0161728e+01   2.0161728e+01   2.0161728e+01
