   6.4493540e+06   4.7967348e+06   9.7515141e+06   2.4220395e+06   3.8800629e+06   5.9736380e+06   1.6003947e+06   9.3047066e+06   2.4469974e+06   2.0973012e+06   7.5010289e+06   7.0429258e+06   7.9484008e+05   6.2590254e+06   6.8041781e+06   2.0330601e+06   9.5430484e+06   6.3013301e+06   1.3072316e+07   1.6017227e+06   6.1091643e+05   5.2963512e+06   4.0018733e+06   1.0332413e+07   4.0747052e+06   2.6929861e+07   1.0788526e+07   4.5425733e+06   2.2123694e+06   1.8254327e+06
   2.8966120e+06   4.7967348e+06   3.7273930e+06   2.4220395e+06   2.5309329e+06   5.2248238e+06   1.6003947e+06   9.3047066e+06   8.8315565e+05   2.0973012e+06   5.8689100e+05   1.5519071e+06   7.9484008e+05   9.3193181e+05   2.7757661e+06   1.7363590e+06   5.9344256e+06   6.3013301e+06   2.1210288e+06   1.4851750e+06   6.1091643e+05   1.7149655e+06   1.1003251e+06   5.0018823e+06   4.0432719e+06   2.6289930e+06   2.9913040e+06   4.1266523e+06   8.2099398e+05   1.8254327e+06
   2.8966120e+06   1.6220952e+05   2.2701916e+06   7.4132740e+05   2.2681518e+06   8.7185708e+05   1.6003947e+06   4.3878668e+06   3.2514230e+05   2.0973012e+06   4.2465410e+05   1.5519071e+06   7.9484008e+05   4.4622248e+05   4.8074075e+05   6.2840222e+05   1.3255786e+06   2.4163150e+05   2.1210288e+06   6.6322711e+05   6.1091643e+05   1.7149655e+06   1.0803814e+06   1.4471190e+06   2.6007194e+06   1.6396861e+06   1.4825534e+06   3.3540526e+06   8.2099398e+05   1.6714202e+06
   2.8500565e+06   1.6220952e+05   8.3128262e+05   2.0787665e+05   2.2681518e+06   3.1028631e+05   1.6808261e+05   3.0411090e+06   3.2514230e+05   1.7472427e+06   4.2465410e+05   1.5519071e+06   7.9484008e+05   1.3604575e+05   4.8074075e+05   6.2787536e+05   2.1120186e+05   2.4163150e+05   2.1210288e+06   9.9073337e+04   6.1091643e+05   1.7149655e+06   2.6824675e+05   4.1910816e+05   7.6810537e+05   1.6396861e+06   1.4825534e+06   3.3540526e+06   6.0617789e+05   1.4449754e+06
   2.4798489e+05   1.6220952e+05   5.1986328e+05   1.5168740e+05   2.6387708e+05   7.3420877e+04   1.6808261e+05   1.4323797e+06   3.2514230e+05   1.7472427e+06   2.6945760e+05   4.2695674e+05   3.6714060e+05   5.5273030e+04   4.8074075e+05   3.7731677e+05   1.6453794e+05   2.4163150e+05   5.7634358e+05   9.9073337e+04   1.5869850e+05   7.0129403e+04   1.3028068e+05   4.1910816e+05   4.5837046e+05   1.1319523e+05   1.4825534e+06   4.2681651e+05   6.0617789e+05   4.4695216e+05
   2.4798489e+05   1.6194402e+05   2.6282820e+05   1.5168740e+05   2.6374675e+05   7.3420877e+04   1.6808261e+05   2.1417426e+05   2.4022560e+05   3.4931547e+05   2.2253191e+04   4.2695674e+05   1.1588775e+05   5.5273030e+04   3.0022782e+05   4.8951986e+04   1.6453794e+05   1.0439514e+05   1.6610137e+05   5.9552837e+04   1.1973785e+05   7.0129403e+04   1.3028068e+05   7.9048640e+04   7.4299998e+04   6.5731389e+04   6.8929172e+05   1.9094420e+05   1.4093214e+05   5.3884750e+04
   2.4798489e+05   1.6194402e+05   8.6020947e+04   1.3206307e+05   2.1362482e+05   7.3420877e+04   1.1421944e+05   2.1131749e+04   4.6380432e+04   1.6302088e+05   2.2253191e+04   1.6025621e+05   7.0103690e+04   5.5273030e+04   1.8905195e+05   4.6607482e+04   4.8784898e+04   2.0035836e+04   4.4992818e+04   5.9552837e+04   7.9966313e+04   7.0129403e+04   2.3834947e+04   7.8692723e+04   7.4299998e+04   6.5731389e+04   7.1993663e+03   5.8918717e+04   1.3466227e+05   3.7753035e+04
   1.9292016e+04   1.4419897e+04   2.6246562e+04   3.3455671e+04   8.4969470e+03   1.4428874e+04   1.2801100e+04   1.1239192e+04   2.7256379e+04   7.4703359e+04   1.8808888e+04   1.1143385e+04   1.3860736e+04   5.5151834e+04   9.3982847e+03   1.2719333e+04   1.6727501e+04   8.7444879e+03   1.1758032e+04   3.4097166e+04   1.1136923e+04   2.2852727e+04   7.9253702e+03   1.7107755e+04   1.2740077e+04   5.7661735e+03   6.4729469e+03   2.4683969e+04   9.7449513e+03   9.2065779e+03
   3.3404404e+03   2.8492058e+03   8.3253481e+03   4.8391269e+03   2.6975386e+03   2.5584939e+03   2.0866925e+03   2.6128409e+03   4.3753019e+03   3.2421227e+03   6.7859787e+03   2.9570009e+03   2.1972405e+03   6.5973241e+03   5.2608222e+03   3.1802447e+03   4.6910773e+03   6.4536590e+03   4.8790401e+03   3.8648392e+03   2.1311446e+03   5.2381312e+03   4.8675279e+03   1.8819924e+03   1.4280518e+03   3.6213604e+03   3.9279308e+03   4.9243351e+03   2.9347027e+03   2.2374174e+03
   9.4354312e+02   1.0803741e+03   9.9307810e+02   1.0277197e+03   9.9625323e+02   1.2353619e+03   1.1161176e+03   1.0692534e+03   5.9250300e+02   1.1738010e+03   1.1991712e+03   8.0014890e+02   8.4667249e+02   6.2308652e+02   5.4760014e+02   1.0838967e+03   1.1844090e+03   9.2547870e+02   1.1423236e+03   1.1792228e+03   8.6164377e+02   8.9797434e+02   1.5801243e+03   8.8308843e+02   7.8405993e+02   1.0524060e+03   8.0354905e+02   8.0812432e+02   1.0871155e+03   6.9452084e+02
   2.1183146e+02   2.1110029e+02   2.0826072e+02   1.8281989e+02   3.3557788e+02   2.4833275e+02   1.6134738e+02   2.6962057e+02   3.4981228e+02   2.3582462e+02   3.0720419e+02   1.7894445e+02   2.5910743e+02   1.6197059e+02   2.3189800e+02   1.8137228e+02   1.9427311e+02   3.8676264e+02   3.3375587e+02   3.5644136e+02   1.5788276e+02   2.2694087e+02   2.0126695e+02   2.0232128e+02   3.0218504e+02   3.8746841e+02   2.0079835e+02   2.6068577e+02   2.5450379e+02   2.8299266e+02
   5.3899186e+01   9.3143338e+01   1.0164084e+02   1.0674371e+02   9.5734146e+01   8.8267770e+01   7.2195031e+01   7.0855979e+01   9.1914065e+01   1.0478741e+02   9.9230788e+01   6.7348160e+01   8.6696265e+01   1.0399233e+02   9.9592668e+01   7.2873134e+01   6.9969338e+01   7.5185566e+01   1.4294072e+02   1.2065219e+02   9.1271620e+01   8.6732978e+01   1.1814110e+02   8.7197981e+01   1.2264250e+02   1.0704364e+02   6.8705209e+01   8.0774636e+01   8.0121108e+01   1.0119615e+02
   3.6496405e+01   4.3556622e+01   4.3058443e+01   3.4810392e+01   3.5491395e+01   3.7587513e+01   3.5960657e+01   3.1623243e+01   4.1438149e+01   2.1485550e+01   4.3334799e+01   3.7798443e+01   4.5105853e+01   3.2113338e+01   2.1203685e+01   2.5375081e+01   4.6996119e+01   3.2627233e+01   4.0597333e+01   4.4163257e+01   3.7179841e+01   3.2286419e+01   2.3854794e+01   2.3718436e+01   2.7754591e+01   3.6631417e+01   2.4157380e+01   3.4458849e+01   2.3747344e+01   4.1357513e+01
   7.8587237e+00   6.8614830e+00   6.5439198e+00   3.3250015e+00   4.8427017e+00   6.9088462e+00   5.4978552e+00   6.1018475e+00   4.9638702e+00   5.4194890e+00   6.2477081e+00   6.1847196e+00   8.1867650e+00   5.3533556e+00   8.3812418e+00   7.5396771e+00   5.7290742e+00   5.4918387e+00   5.6052053e+00   6.3752397e+00   4.6572197e+00   6.7430550e+00   6.1860819e+00   4.2518287e+00   6.9685923e+00   6.3700417e+00   7.6216244e+00   7.4381039e+00   7.4539028e+00   8.8405943e+00
   9.2679194e-04   6.1537887e-04   1.2579051e-04   5.4917361e-05   4.0702891e-04   6.8937386e-04   3.4680013e-04   1.2428162e-04   2.0433404e-03   1.5464972e-04   3.8086622e-04   1.3409267e-03   1.0036993e-03   3.4006785e-04   4.8945442e-04   5.4651311e-04   7.3243059e-04   3.4093960e-04   1.1518849e-03   1.4273610e-04   4.7844505e-04   1.2431263e-04   2.7401223e-04   2.5390284e-04   2.2082080e-04   1.0117588e-03   2.6021152e-04   1.9962147e-04   2.1790719e-04   4.8817914e-04
   0.0000000e+00   0.0000000e+00   0.0000000e+00   0.0000000e+00   0.0000000e+00   0.0000000e+00   0.0000000e+00   0.0000000e+00   0.0000000e+00   0.0000000e+00   0.0000000e+00   0.0000000e+00   0.0000000e+00   0.0000000e+00   0.0000000e+00   0.0000000e+00   0.0000000e+00   0.0000000e+00   0.0000000e+00   0.0000000e+00   0.0000000e+00   0.0000000e+00   0.0000000e+00   0.0000000e+00   0.0000000e+00   0.0000000e+00   0.0000000e+00   0.0000000e+00   0.0000000e+00   0.0000000e+00
