   1.3883342e+06   5.9651055e+05   2.9699578e+05   9.2951606e+05   6.2088409e+05   3.1058163e+05   1.0191183e+06   1.0213560e+06   2.8378327e+05   1.2758645e+06   3.5207980e+03   1.4761942e+05   6.5853455e+05   3.9033137e+05   6.1710272e+04   3.2954446e+05   1.1313998e+05   1.7545447e+06   1.1445261e+06   5.4485914e+05   7.6336137e+05   5.1096538e+05   5.6239572e+05   3.8079268e+05   5.1102094e+05   1.1952776e+06   7.1486242e+05   9.4807602e+05   1.8882759e+05   3.1592938e+05
   3.1711368e+05   5.9651055e+05   2.9699578e+05   9.2951606e+05   6.2088409e+05   3.1058163e+05   7.7014040e+05   1.0213560e+06   2.2134476e+05   9.5861440e+05   3.5207980e+03   8.8987329e+04   9.6646607e+04   3.9033137e+05   6.1710272e+04   2.3274909e+05   9.2441248e+04   7.2494235e+05   6.0664176e+05   5.4485914e+05   7.4625446e+05   5.1096538e+05   5.6239572e+05   6.9434883e+04   2.6904069e+05   1.1952776e+06   2.7596799e+05   1.0993226e+05   1.8798477e+05   3.1592938e+05
   3.1711368e+05   1.7486177e+05   6.0170270e+04   9.2951606e+05   1.1568881e+05   3.1058163e+05   7.3334351e+04   9.2035133e+05   2.2134476e+05   2.6963155e+05   3.5207980e+03   8.8913961e+04   9.6646607e+04   3.9033137e+05   6.1710272e+04   7.4719934e+04   9.2441248e+04   7.2494235e+05   6.0664176e+05   3.2692714e+05   7.4625446e+05   2.8709710e+05   5.6239572e+05   6.9434883e+04   2.6904069e+05   1.6009874e+05   2.7596799e+05   1.0993226e+05   1.8798477e+05   3.1592938e+05
   1.7009311e+05   1.7486177e+05   6.0170270e+04   5.6837826e+05   1.1568881e+05   7.6337812e+04   2.8814912e+04   5.6339996e+04   1.3980079e+05   2.6963155e+05   3.5207980e+03   8.8913961e+04   9.6646607e+04   3.0328032e+05   6.1710272e+04   7.4719934e+04   9.2441248e+04   1.5722615e+05   6.0664176e+05   3.2692714e+05   7.4625446e+05   5.7513949e+04   5.6239572e+05   6.9434883e+04   1.0717114e+05   1.1829167e+05   2.7596799e+05   1.0993226e+05   8.0375430e+04   3.1592938e+05
   1.7009311e+05   1.7486177e+05   6.0170270e+04   1.2216222e+05   1.1568881e+05   1.4224979e+04   2.8814912e+04   5.6339996e+04   1.3980079e+05   4.7477737e+04   3.5207980e+03   8.8913961e+04   9.6646607e+04   3.0328032e+05   6.1710272e+04   7.4719934e+04   2.2957168e+04   1.5722615e+05   5.5588454e+04   2.5808716e+05   4.7835019e+05   5.7513949e+04   1.9302554e+05   6.9434883e+04   2.7859391e+04   8.2273250e+04   6.5793573e+04   1.0993226e+05   8.0375430e+04   1.5180633e+05
   1.7009311e+05   1.7486177e+05   6.0170270e+04   1.2216222e+05   7.0095569e+04   1.4224979e+04   2.3071653e+04   5.6339996e+04   1.3980079e+05   4.7477737e+04   3.5207980e+03   8.8913961e+04   9.6646607e+04   3.1081495e+04   2.8101699e+04   1.6879611e+04   2.2957168e+04   1.5722615e+05   5.5588454e+04   2.5808716e+05   4.7835019e+05   5.7513949e+04   1.1781935e+05   6.9434883e+04   2.7859391e+04   8.2273250e+04   6.5793573e+04   1.0993226e+05   8.0375430e+04   1.5180633e+05
   1.5046895e+04   1.7486177e+05   6.0170270e+04   1.2216222e+05   7.0095569e+04   1.4224979e+04   2.3071653e+04   5.6339996e+04   1.2066571e+05   4.7477737e+04   3.5207980e+03   8.8913961e+04   9.6646607e+04   1.7162057e+04   2.8101699e+04   1.6879611e+04   1.6103559e+04   1.5722615e+05   3.9017987e+04   5.3367407e+04   4.6445848e+05   5.7513949e+04   1.1781935e+05   2.8876077e+04   2.4625302e+04   7.8675259e+04   3.7833238e+04   3.4418610e+04   8.0375430e+04   1.5180633e+05
   9.9894401e+03   6.7231583e+03   6.6092810e+02   1.2868635e+04   4.2760640e+04   1.4224979e+04   1.9619968e+04   2.6413538e+04   2.3106651e+04   2.7375022e+04   3.5207980e+03   9.8530132e+03   5.0866165e+03   1.7162057e+04   2.1486569e+04   1.6879611e+04   1.6103559e+04   3.1053368e+04   1.6203539e+04   2.8959733e+04   6.4165856e+03   3.2919918e+04   9.8402854e+03   8.4982812e+03   2.2683759e+04   5.0285262e+04   2.8896685e+04   1.0591924e+04   9.2801964e+03   3.7110041e+04
   4.7456007e+03   3.2834027e+03   6.6092810e+02   8.6452249e+03   1.3696437e+04   7.5966457e+03   6.8280024e+03   9.0617952e+03   4.4809458e+03   6.6173812e+03   2.5824530e+03   8.2162640e+03   5.0866165e+03   3.8079426e+03   1.4449372e+04   1.5221055e+04   6.4651763e+03   1.3217683e+04   7.3276210e+03   9.3186560e+02   6.4165856e+03   1.3161273e+04   8.7191459e+03   6.5284851e+03   4.7377102e+03   7.4044625e+03   1.0262863e+04   7.1294213e+03   6.0958645e+03   3.5353277e+03
   1.8552467e+03   1.0165422e+03   2.8546202e+02   1.2279914e+03   2.3915887e+03   2.5031556e+03   3.2211431e+03   2.7469777e+03   1.3142054e+03   2.0700125e+03   2.0476356e+03   1.7695582e+03   1.7030303e+03   3.2475000e+03   2.4769876e+03   2.1190816e+03   2.1317464e+03   2.3740127e+03   1.6621414e+03   9.3186560e+02   3.6858629e+03   2.1557007e+03   1.5143750e+03   2.0555845e+03   2.6414782e+03   1.7308175e+03   2.1639154e+03   2.1807959e+03   1.7113835e+03   2.0103915e+03
   4.6263241e+02   4.9387121e+02   2.8328685e+02   3.3816145e+02   7.1344528e+02   5.6486850e+02   4.2730341e+02   5.8285531e+02   5.9120896e+02   6.6130213e+02   5.5175550e+02   3.9172385e+02   7.5345604e+02   7.4097151e+02   4.9637594e+02   6.5059338e+02   6.4162506e+02   4.2149050e+02   6.2411619e+02   7.7407134e+02   7.4808351e+02   3.4393826e+02   7.6871712e+02   6.1428635e+02   7.1316943e+02   3.4650894e+02   4.0718928e+02   5.8833521e+02   4.4019361e+02   5.0214010e+02
   8.2813274e+01   5.0730688e+01   9.5310021e+01   6.0519354e+01   1.4803279e+02   9.5538295e+01   6.8848672e+01   1.2051296e+02   6.8307871e+01   7.7447447e+01   1.0465903e+02   8.4835315e+01   1.4265038e+02   1.1436041e+02   1.7771003e+02   1.3283886e+02   1.1905515e+02   8.8180086e+01   9.9525154e+01   1.3119717e+02   1.1444487e+02   7.6551051e+01   1.2879006e+02   1.2904629e+02   1.1300596e+02   4.9595742e+01   1.2940673e+02   9.7999639e+01   1.1718457e+02   1.0665014e+02
   3.8915058e+01   5.0730688e+01   2.6471974e+01   4.1222216e+01   6.2402214e+01   5.3862918e+01   3.9042048e+01   4.6822852e+01   3.8384601e+01   3.9069098e+01   4.1118201e+01   4.5547212e+01   4.2912875e+01   3.4405925e+01   4.5158621e+01   5.6125416e+01   3.5361889e+01   3.8993363e+01   4.1077948e+01   3.9722386e+01   2.1485839e+01   3.0070895e+01   5.7338014e+01   4.8482946e+01   2.5495987e+01   4.9595742e+01   5.9499782e+01   2.9654019e+01   4.2681175e+01   4.3184656e+01
   1.2972499e+01   9.6292945e+00   9.3971454e+00   1.1918149e+01   1.1786170e+01   1.1687569e+01   1.9218657e+01   1.3762309e+01   1.3513313e+01   1.5231073e+01   1.1035643e+01   6.7323620e+00   7.9963521e+00   1.0812926e+01   1.2270438e+01   1.5990727e+01   1.0261791e+01   1.0449769e+01   1.3552731e+01   1.5013223e+01   1.4218839e+01   7.8524864e+00   1.4273049e+01   8.6067406e+00   1.2537984e+01   1.4014248e+01   1.0731564e+01   1.2315212e+01   1.3453556e+01   1.6612873e+01
   2.1434151e+00   2.2485675e+00   1.7903714e+00   2.1665537e+00   2.2307366e+00   2.0083308e+00   2.1313060e+00   1.7759875e+00   1.8371398e+00   2.8724859e+00   2.0832186e+00   2.0024908e+00   1.9872948e+00   1.8338796e+00   2.6762784e+00   2.6045422e+00   2.2742692e+00   2.5097119e+00   2.6010618e+00   2.0067404e+00   2.0192157e+00   2.3836887e+00   2.2413603e+00   2.1184020e+00   2.7698449e+00   2.0946017e+00   2.1342986e+00   2.1575926e+00   1.8964624e+00   2.0084425e+00
   9.8490423e-06   1.8478711e-04   4.6231069e-04   5.5250849e-04   7.5993984e-04   1.3459586e-03   1.7676405e-03   1.8126711e-03   1.8255479e-03   1.9683303e-03   2.3034122e-03   3.5868632e-03   3.9834689e-03   4.1245092e-03   4.9195716e-03   5.2754049e-03   6.2184259e-03   6.6187911e-03   6.6725372e-03   7.0954004e-03   7.3581666e-03   7.5093855e-03   9.5978201e-03   1.0991434e-02   1.1296168e-02   1.5246120e-02   1.9832696e-02   2.1388710e-02   2.4303150e-02   2.6041568e-02
