   1.1770867e+05   8.5793222e+05   2.1651354e+06   3.6559140e+06   5.8387642e+05   1.1754498e+06   2.5122876e+06   9.8964272e+05   4.5173597e+05   5.2228849e+05   3.0770416e+06   3.5351958e+06   3.9090866e+05   8.8450184e+05   2.1998512e+06   4.1065343e+06   6.5034253e+06   2.5523369e+06   4.1975044e+06   1.8204977e+06   9.8986069e+06   1.3637470e+06   2.6589407e+06   1.7977135e+06   3.3387287e+06   8.8372634e+05   5.7605442e+06   1.4009171e+06   5.9130053e+05   2.7159777e+05
   8.5914246e+04   1.8257239e+05   2.4669335e+05   1.2895637e+05   3.1608333e+04   2.3332231e+05   3.0435442e+04   5.6322699e+05   1.3804543e+05   5.2228849e+05   4.4957659e+03   2.3155248e+05   1.4416641e+03   9.6945116e+03   1.6572508e+05   2.7272702e+02   2.7911107e+04   3.2062434e+04   1.4456057e+04   1.1484749e+04   1.4487093e+04   1.4956970e+04   8.2696978e+04   3.0261845e+04   4.8811694e+04   1.4389943e+04   1.9012769e+04   2.2876996e+03   1.1891812e+05   1.7136431e+04
   1.2943908e+03   1.5373571e+04   9.6485130e+02   1.5023293e+04   3.1608333e+04   1.0078039e+04   2.2543294e+03   2.5093414e+04   2.7046410e+04   5.5603393e+04   4.4957659e+03   1.1516891e+04   1.4416641e+03   3.4120257e+03   4.8715907e+03   2.7272702e+02   8.4297161e+03   1.5981140e+03   2.0800969e+03   1.1484749e+04   4.2705648e+01   1.1851331e+02   9.4225271e+03   1.0272397e+02   2.3641347e+04   5.3815527e-01   1.7204268e+03   2.2876996e+03   4.1221363e+03   3.2170845e+03
   3.8173430e+02   1.5373571e+04   9.6485130e+02   1.5023293e+04   2.8657000e+04   5.2519885e+03   2.2543294e+03   8.9404747e+03   2.3535076e+03   3.0248637e+03   1.6794597e+03   1.7532767e+03   2.0677362e+02   9.8583487e+02   4.8715907e+03   2.7272702e+02   6.5375025e+03   3.1305557e+01   5.5652058e+02   3.3981858e+03   4.2705648e+01   1.1851331e+02   1.2213218e+03   1.0272397e+02   3.1468334e+03   5.3815527e-01   2.3517091e+02   2.3937887e+02   4.1221363e+03   5.9653836e+02
   3.8173430e+02   9.8109532e+02   9.6485130e+02   9.1289288e+02   7.4837732e+02   9.2408195e+01   1.6209853e+02   1.8743414e+03   1.4591635e+02   4.1765576e+02   1.2590807e+02   7.6119887e+01   2.0677362e+02   9.8583487e+02   8.6553971e+02   2.7272702e+02   1.0343406e+03   3.1305557e+01   5.5652058e+02   2.2590752e+01   4.2705648e+01   1.1851331e+02   5.8906446e+02   1.0272397e+02   3.1468334e+03   5.3815527e-01   1.6536226e+02   2.3510409e+02   2.6773784e+01   5.9653836e+02
   3.8173430e+02   9.8109532e+02   7.1092814e+02   6.1420704e+02   1.6685973e+01   9.2408195e+01   1.6209853e+02   1.9968755e+00   1.4591635e+02   4.1765576e+02   1.2590807e+02   6.9787396e+01   4.5955072e+01   2.0236780e+02   7.8959843e+02   7.8003444e+01   1.0343406e+03   3.1305557e+01   3.0872097e+02   6.3097936e+00   4.2705648e+01   1.1851331e+02   2.0865682e+02   1.0272397e+02   4.5601676e+00   5.3815527e-01   1.6536226e+02   2.3510409e+02   2.6773784e+01   5.9653836e+02
   3.5909676e+00   1.0497382e+02   7.1092814e+02   4.5945540e+02   1.6685973e+01   9.0046076e+01   1.6209853e+02   1.9968755e+00   1.4591635e+02   4.1765576e+02   4.1429066e+01   6.9787396e+01   4.5955072e+01   4.5699833e+01   1.4943561e+02   7.8003444e+01   1.5589144e+02   3.1305557e+01   3.0872097e+02   1.0703711e+00   4.2705648e+01   8.6368957e+01   2.0865682e+02   1.0272397e+02   1.9907652e+00   5.3815527e-01   1.6536226e+02   1.3229271e+02   2.6773784e+01   7.6301812e+01
   8.5533817e-01   4.2444062e+00   4.4377358e+00   3.4805013e-03   1.7908899e-01   2.8293579e+00   1.4618557e+00   1.9968755e+00   2.5878619e+00   1.7792476e+00   1.4098306e-01   3.1008927e-01   8.5765565e+00   6.8991919e-01   2.2578629e+00   1.0558645e+00   1.1416163e+00   4.5719482e+00   1.8914371e+00   4.3623634e-01   1.1031156e-02   1.1934769e+00   3.1972388e-01   4.2912725e+00   4.8025606e-01   1.8204235e-01   6.6424568e+00   7.3664892e+01   7.1068633e-02   2.6792957e-02
   7.5165081e-02   1.9253053e-02   8.2781103e-02   2.1288050e-03   9.5351959e-03   1.1779932e-02   4.1261285e-02   3.2251336e-02   4.0743111e-03   3.0534098e-03   3.3709232e-03   3.0278666e-02   8.7602430e-02   3.6576543e-04   2.2293857e-04   8.0132380e-04   4.1605317e-03   9.7040356e-04   3.3409750e-02   4.7150466e-04   1.1031156e-02   8.5037689e-05   3.0747275e-03   3.8472915e-02   1.3224416e-01   9.4810646e-02   8.3623416e-04   1.2759775e-02   7.1068633e-02   2.3009724e-03
   2.2010773e-05   1.0308020e-04   4.3094098e-05   3.9611791e-07   8.4568796e-07   1.9786384e-04   1.4695671e-05   2.5683123e-04   6.6551750e-06   2.1319622e-06   8.0241291e-05   1.1564174e-04   4.8766443e-05   5.7742313e-06   2.2293857e-04   1.1452416e-06   5.2506639e-06   4.2752056e-05   5.5137183e-05   8.7847191e-06   4.2126289e-06   2.9220444e-05   2.6140944e-04   1.1553000e-06   3.4253726e-06   2.0491461e-07   8.0845507e-06   2.5779521e-04   3.7467789e-05   1.3977430e-05
   0.0000000e+00   3.6392521e-08   0.0000000e+00   2.2506811e-08   1.4711554e-07   0.0000000e+00   2.6498567e-06   0.0000000e+00   1.7201273e-08   2.4564770e-08   2.9312105e-08   6.1482297e-08   8.1373628e-08   1.2168357e-08   1.1196903e-07   4.1459316e-08   0.0000000e+00   4.8362381e-08   0.0000000e+00   0.0000000e+00   4.0430677e-08   9.2577693e-08   0.0000000e+00   5.3903705e-08   0.0000000e+00   1.3701538e-08   0.0000000e+00   2.6998123e-08   0.0000000e+00   3.3556034e-08
   0.0000000e+00   0.0000000e+00   0.0000000e+00   0.0000000e+00   0.0000000e+00   0.0000000e+00   0.0000000e+00   0.0000000e+00   0.0000000e+00   0.0000000e+00   0.0000000e+00   0.0000000e+00   0.0000000e+00   0.0000000e+00   0.0000000e+00   0.0000000e+00   0.0000000e+00   0.0000000e+00   0.0000000e+00   0.0000000e+00   0.0000000e+00   0.0000000e+00   0.0000000e+00   0.0000000e+00   0.0000000e+00   0.0000000e+00   0.0000000e+00   0.0000000e+00   0.0000000e+00   0.0000000e+00
   0.0000000e+00   0.0000000e+00   0.0000000e+00   0.0000000e+00   0.0000000e+00   0.0000000e+00   0.0000000e+00   0.0000000e+00   0.0000000e+00   0.0000000e+00   0.0000000e+00   0.0000000e+00   0.0000000e+00   0.0000000e+00   0.0000000e+00   0.0000000e+00   0.0000000e+00   0.0000000e+00   0.0000000e+00   0.0000000e+00   0.0000000e+00   0.0000000e+00   0.0000000e+00   0.0000000e+00   0.0000000e+00   0.0000000e+00   0.0000000e+00   0.0000000e+00   0.0000000e+00   0.0000000e+00
   0.0000000e+00   0.0000000e+00   0.0000000e+00   0.0000000e+00   0.0000000e+00   0.0000000e+00   0.0000000e+00   0.0000000e+00   0.0000000e+00   0.0000000e+00   0.0000000e+00   0.0000000e+00   0.0000000e+00   0.0000000e+00   0.0000000e+00   0.0000000e+00   0.0000000e+00   0.0000000e+00   0.0000000e+00   0.0000000e+00   0.0000000e+00   0.0000000e+00   0.0000000e+00   0.0000000e+00   0.0000000e+00   0.0000000e+00   0.0000000e+00   0.0000000e+00   0.0000000e+00   0.0000000e+00
   0.0000000e+00   0.0000000e+00   0.0000000e+00   0.0000000e+00   0.0000000e+00   0.0000000e+00   0.0000000e+00   0.0000000e+00   0.0000000e+00   0.0000000e+00   0.0000000e+00   0.0000000e+00   0.0000000e+00   0.0000000e+00   0.0000000e+00   0.0000000e+00   0.0000000e+00   0.0000000e+00   0.0000000e+00   0.0000000e+00   0.0000000e+00   0.0000000e+00   0.0000000e+00   0.0000000e+00   0.0000000e+00   0.0000000e+00   0.0000000e+00   0.0000000e+00   0.0000000e+00   0.0000000e+00
   0.0000000e+00   0.0000000e+00   0.0000000e+00   0.0000000e+00   0.0000000e+00   0.0000000e+00   0.0000000e+00   0.0000000e+00   0.0000000e+00   0.0000000e+00   0.0000000e+00   0.0000000e+00   0.0000000e+00   0.0000000e+00   0.0000000e+00   0.0000000e+00   0.0000000e+00   0.0000000e+00   0.0000000e+00   0.0000000e+00   0.0000000e+00   0.0000000e+00   0.0000000e+00   0.0000000e+00   0.0000000e+00   0.0000000e+00   0.0000000e+00   0.0000000e+00   0.0000000e+00   0.0000000e+00
