   1.3039597e+03   1.4088368e+03   1.2640758e+03   1.1195636e+03   8.5235955e+02   1.1490649e+03   9.8069107e+02   1.1052157e+03   1.0641724e+03   1.3947922e+03   1.2101702e+03   1.1888026e+03   1.2425554e+03   1.0071199e+03   1.1750636e+03   1.2315481e+03   1.3238466e+03   1.1508562e+03   1.0291880e+03   1.1601152e+03   1.2735519e+03   1.1906792e+03   1.1257317e+03   1.2496625e+03   1.0025281e+03   1.1465340e+03   1.3313227e+03   1.1596891e+03   9.6027846e+02   1.1944705e+03
   2.4924422e+01   2.0211339e+01   1.0316624e+01   4.4950972e+00   2.8494375e+01   3.4672221e+01   1.9722185e+01   2.2208012e+01   1.7373139e-01   8.8817003e+00   1.9426113e+01   3.8207550e+01   7.0886812e+01   3.0738205e+01   2.2554719e+01   2.5723211e+01   3.7401223e+01   9.3941233e+00   8.5735019e+00   3.7955581e+01   2.1834979e+00   2.4640813e+00   5.8666617e+01   3.6375957e+01   1.8302275e+01   1.3575746e+01   3.2472269e+01   1.3597824e+01   2.4944229e+01   1.0764256e+01
   2.4924422e+01   1.1720973e+01   4.9252610e-01   4.4950972e+00   3.7803896e+00   1.4667857e+01   9.7647942e+00   1.7609879e+01   9.2293489e-02   8.8817003e+00   5.1709572e+00   1.2210129e+01   8.0819634e+00   1.6936722e+01   4.3411678e-01   6.9486900e+00   1.9742286e+01   8.7059131e+00   8.5735019e+00   1.0785689e+01   2.1834979e+00   2.4640813e+00   1.6496805e+01   2.8090040e+00   1.8302275e+01   5.3642595e+00   1.2790868e+01   6.9363530e-01   2.0619057e-01   4.8280087e-01
   1.6592345e+01   1.0012539e+01   4.9252610e-01   4.4950972e+00   3.7803896e+00   1.2941462e+00   4.8434735e+00   1.1380862e+01   9.2293489e-02   8.8817003e+00   3.1517413e+00   9.2215900e+00   6.5996239e+00   1.1815456e+01   4.3411678e-01   6.9486900e+00   1.0945854e+01   3.1440878e+00   3.0706729e-01   1.7166327e-01   2.1834979e+00   2.4640813e+00   1.0868227e+01   2.7755735e-02   1.2341122e+01   5.3642595e+00   1.1491578e+01   6.9363530e-01   2.0619057e-01   4.8280087e-01
   1.9630580e-01   8.2836896e+00   4.9252610e-01   4.4950972e+00   3.2650809e-01   1.2941462e+00   1.9603200e+00   1.0488438e+01   9.2293489e-02   1.4240188e+00   3.1517413e+00   2.7681580e+00   3.2765663e+00   5.6263918e+00   4.3411678e-01   6.9486900e+00   2.9879775e+00   1.3402807e-01   3.0706729e-01   1.7166327e-01   2.1834979e+00   1.8898724e+00   2.9942188e+00   2.7755735e-02   1.3523045e+00   5.3642595e+00   6.3449179e+00   6.9363530e-01   2.0619057e-01   4.8280087e-01
   1.9630580e-01   9.3192695e-01   4.9252610e-01   7.3026679e-01   1.4236046e-01   8.1789382e-02   1.9603200e+00   2.3944666e+00   9.2293489e-02   1.7610993e-02   3.1517413e+00   6.5793195e-01   5.3298920e-01   4.8243509e+00   3.5252309e-01   1.5012713e+00   1.8599690e-02   1.3402807e-01   2.5724312e-01   1.7166327e-01   2.1834979e+00   7.2683602e-01   2.5430800e+00   2.7755735e-02   1.3523045e+00   3.3740950e+00   5.8835254e-01   3.7401870e-02   2.0619057e-01   4.8280087e-01
   1.9630580e-01   6.2064243e-01   4.9252610e-01   7.3026679e-01   1.0407718e-02   1.2887533e-02   1.9603200e+00   6.5111116e-01   9.2293489e-02   1.7610993e-02   2.7213921e-01   5.4114017e-01   5.3298920e-01   1.4234315e-01   3.5252309e-01   9.6171915e-01   1.8599690e-02   1.1413849e-01   2.5724312e-01   1.7166327e-01   1.7173562e-01   7.2683602e-01   2.5430800e+00   2.7755735e-02   3.0904543e-01   2.5106296e+00   5.8835254e-01   3.7401870e-02   2.0619057e-01   4.8280087e-01
   7.1921930e-02   9.1064183e-02   6.1372312e-02   2.4227565e-01   1.0407718e-02   1.2887533e-02   2.8359473e-01   1.1881907e-01   9.2293489e-02   1.7610993e-02   2.7213921e-01   4.4004753e-01   5.3298920e-01   1.4234315e-01   2.0758146e-03   9.8727091e-02   1.8599690e-02   1.1413849e-01   1.1406651e-01   5.6476868e-02   1.7173562e-01   2.2040122e-01   7.4463557e-01   2.7755735e-02   2.1347503e-02   2.3374655e-01   5.8835254e-01   3.7401870e-02   7.2356310e-03   4.8280087e-01
   7.1921930e-02   4.2223858e-02   3.9345958e-02   3.0343237e-02   1.0407718e-02   1.2887533e-02   2.8359473e-01   1.1881907e-01   4.0691327e-02   1.7610993e-02   2.7213921e-01   1.8674085e-01   4.6168579e-01   1.4234315e-01   2.0758146e-03   6.2439016e-02   1.8599690e-02   3.0780349e-02   1.1406651e-01   3.7437561e-02   9.7769980e-02   2.2040122e-01   1.8861470e-01   2.7755735e-02   2.1347503e-02   2.0320002e-01   6.5346358e-02   3.7401870e-02   7.2356310e-03   4.8280087e-01
   9.4398231e-04   5.7915099e-05   1.3950998e-03   4.4749230e-04   1.8406820e-03   1.4428660e-03   3.0816793e-04   1.4855559e-03   1.4402046e-03   1.2285392e-03   1.7810761e-04   7.7510125e-04   2.3269970e-05   4.3690816e-03   8.2625801e-04   4.6497790e-03   3.5890158e-03   1.5751186e-03   1.5964438e-03   7.2069500e-04   3.3852918e-04   4.1224909e-04   9.8850589e-04   2.5767205e-04   3.1102710e-04   3.7830485e-04   2.0269504e-03   3.3173145e-03   1.8311852e-03   1.4559838e-04
   9.2959891e-07   1.7057088e-06   1.7211211e-06   1.5081446e-06   3.0823541e-06   2.9030802e-06   2.9962679e-07   1.7229031e-06   1.8595494e-06   1.6820520e-06   1.7494687e-06   2.6416149e-06   5.2157648e-07   4.2361252e-07   3.0747147e-07   6.6380864e-08   5.4076847e-06   1.3098484e-06   2.2781144e-07   9.8225937e-08   3.6203016e-08   2.7660891e-06   1.5225522e-06   1.2252216e-06   1.2269391e-06   1.5268313e-06   1.5316878e-06   3.5006311e-07   1.6326207e-06   1.2330897e-06
   0.0000000e+00   0.0000000e+00   0.0000000e+00   0.0000000e+00   0.0000000e+00   0.0000000e+00   0.0000000e+00   0.0000000e+00   0.0000000e+00   0.0000000e+00   0.0000000e+00   0.0000000e+00   0.0000000e+00   0.0000000e+00   0.0000000e+00   0.0000000e+00   0.0000000e+00   0.0000000e+00   0.0000000e+00   0.0000000e+00   0.0000000e+00   0.0000000e+00   0.0000000e+00   0.0000000e+00   0.0000000e+00   0.0000000e+00   0.0000000e+00   0.0000000e+00   0.0000000e+00   0.0000000e+00
   0.0000000e+00   0.0000000e+00   0.0000000e+00   0.0000000e+00   0.0000000e+00   0.0000000e+00   0.0000000e+00   0.0000000e+00   0.0000000e+00   0.0000000e+00   0.0000000e+00   0.0000000e+00   0.0000000e+00   0.0000000e+00   0.0000000e+00   0.0000000e+00   0.0000000e+00   0.0000000e+00   0.0000000e+00   0.0000000e+00   0.0000000e+00   0.0000000e+00   0.0000000e+00   0.0000000e+00   0.0000000e+00   0.0000000e+00   0.0000000e+00   0.0000000e+00   0.0000000e+00   0.0000000e+00
   0.0000000e+00   0.0000000e+00   0.0000000e+00   0.0000000e+00   0.0000000e+00   0.0000000e+00   0.0000000e+00   0.0000000e+00   0.0000000e+00   0.0000000e+00   0.0000000e+00   0.0000000e+00   0.0000000e+00   0.0000000e+00   0.0000000e+00   0.0000000e+00   0.0000000e+00   0.0000000e+00   0.0000000e+00   0.0000000e+00   0.0000000e+00   0.0000000e+00   0.0000000e+00   0.0000000e+00   0.0000000e+00   0.0000000e+00   0.0000000e+00   0.0000000e+00   0.0000000e+00   0.0000000e+00
   0.0000000e+00   0.0000000e+00   0.0000000e+00   0.0000000e+00   0.0000000e+00   0.0000000e+00   0.0000000e+00   0.0000000e+00   0.0000000e+00   0.0000000e+00   0.0000000e+00   0.0000000e+00   0.0000000e+00   0.0000000e+00   0.0000000e+00   0.0000000e+00   0.0000000e+00   0.0000000e+00   0.0000000e+00   0.0000000e+00   0.0000000e+00   0.0000000e+00   0.0000000e+00   0.0000000e+00   0.0000000e+00   0.0000000e+00   0.0000000e+00   0.0000000e+00   0.0000000e+00   0.0000000e+00
   0.0000000e+00   0.0000000e+00   0.0000000e+00   0.0000000e+00   0.0000000e+00   0.0000000e+00   0.0000000e+00   0.0000000e+00   0.0000000e+00   0.0000000e+00   0.0000000e+00   0.0000000e+00   0.0000000e+00   0.0000000e+00   0.0000000e+00   0.0000000e+00   0.0000000e+00   0.0000000e+00   0.0000000e+00   0.0000000e+00   0.0000000e+00   0.0000000e+00   0.0000000e+00   0.0000000e+00   0.0000000e+00   0.0000000e+00   0.0000000e+00   0.0000000e+00   0.0000000e+00   0.0000000e+00
