   7.0709306e+05   3.2427608e+05   1.5604583e+06   2.9142156e+06   2.1235706e+06   1.5036095e+06   3.1673391e+06   2.1516358e+06   3.2125445e+05   1.2903870e+06   7.6061643e+05   6.2748097e+05   3.1026400e+06   8.9249650e+05   9.6342740e+05   3.3942492e+06   2.0977870e+06   8.1843232e+05   2.1475302e+06   2.5722355e+06   1.5266082e+06   8.0460434e+05   5.4623735e+05   1.1535884e+06   1.8391251e+06   3.3913340e+06   1.4044858e+06   8.1955976e+05   1.5081077e+06   4.7822013e+05
   7.0356339e+05   3.2427608e+05   5.8357795e+05   6.2124749e+05   2.1235706e+06   6.5523776e+05   1.0525088e+06   8.0820148e+05   3.2125445e+05   8.8191802e+05   4.0034866e+05   4.7508862e+05   2.9332910e+05   3.3825846e+05   3.4252700e+05   8.6114856e+05   7.8894078e+05   8.1843232e+05   1.2806464e+06   7.1132474e+05   2.1807414e+05   8.0460434e+05   4.1506526e+05   1.1535884e+06   3.2873677e+05   2.3453856e+05   7.9298871e+05   8.1955976e+05   9.7944810e+05   4.7822013e+05
   2.7686420e+05   3.2427608e+05   5.2757912e+05   1.9373782e+05   3.2506421e+05   5.4401250e+05   6.6249571e+05   3.5392703e+05   3.2125445e+05   4.1337060e+05   4.0034866e+05   2.2359562e+05   1.8264725e+05   1.8854710e+05   3.0401905e+05   6.5745323e+05   4.5545574e+05   5.3725682e+05   5.6192715e+05   5.8902006e+05   2.1807414e+05   4.7939155e+05   4.1506526e+05   4.1065196e+05   3.2873677e+05   8.9282281e+04   1.4192350e+05   4.7120945e+05   5.6792548e+05   4.5265528e+05
   2.7686420e+05   1.5092337e+05   2.3297814e+05   1.9373782e+05   3.2506421e+05   2.2328174e+05   3.8301936e+05   2.3771498e+05   9.9395599e+04   1.6632470e+05   3.7944185e+05   2.2359562e+05   1.8264725e+05   1.1476249e+05   3.0401905e+05   3.0323656e+05   4.1100458e+05   4.8040681e+04   2.1309293e+05   7.9705768e+04   2.1642017e+05   1.4099148e+05   1.8860579e+05   4.1065196e+05   1.5742980e+05   6.6227562e+04   9.3413636e+04   9.9329327e+04   2.0200999e+05   4.5265528e+05
   2.6956191e+05   1.4496582e+05   1.5187889e+05   1.9373782e+05   2.7256260e+05   2.2328174e+05   2.8318741e+05   2.3771498e+05   9.9395599e+04   9.2813096e+04   2.5890918e+05   2.2359562e+05   1.8264725e+05   1.1476249e+05   1.4445401e+05   1.9502574e+05   2.0363447e+05   4.8040681e+04   1.4026554e+05   7.9705768e+04   2.0446111e+05   5.2937633e+04   1.2464907e+05   1.4167078e+05   1.2964918e+05   6.6227562e+04   4.8120880e+04   9.0085737e+04   1.7568507e+05   1.5308337e+05
   7.6728245e+04   1.2455870e+05   2.4654763e+04   6.9286698e+04   8.9285209e+04   4.6474623e+04   1.5377939e+05   7.2622834e+04   4.8959167e+04   9.2813096e+04   1.2688890e+05   7.4844698e+04   1.8264725e+05   4.9253085e+04   1.4445401e+05   1.1630800e+04   1.9102926e+05   4.2614762e+04   1.0195506e+05   7.9705768e+04   5.9136210e+04   4.2716243e+04   4.5168547e+04   6.7221604e+04   1.2964918e+05   4.0711168e+04   4.8120880e+04   2.3158433e+04   5.2357245e+04   9.2783063e+04
   7.6728245e+04   7.8989387e+04   2.4654763e+04   5.2772786e+04   7.6013839e+04   4.6474623e+04   1.5377939e+05   7.2622834e+04   3.6903654e+04   7.2310657e+04   1.0107562e+05   6.6651672e+04   9.5784569e+04   4.9253085e+04   2.5339464e+04   1.1630800e+04   6.6590346e+04   4.2614762e+04   8.9632001e+04   7.9705768e+04   5.9136210e+04   4.2716243e+04   2.0628698e+04   6.7221604e+04   8.6723547e+04   2.4323046e+04   4.8120880e+04   2.3158433e+04   5.2357245e+04   6.3020815e+04
   1.6318557e+04   1.8110976e+04   1.6660277e+04   3.0034912e+04   3.4725665e+04   2.3530619e+04   4.1469694e+04   4.4442386e+03   2.1874940e+04   4.2833441e+04   1.8304196e+04   6.5228406e+04   3.9017070e+04   1.4678774e+04   1.0986344e+04   1.1630800e+04   1.4883212e+04   3.5205878e+04   1.4248711e+04   1.7892632e+04   5.9136210e+04   3.1981771e+04   2.0628698e+04   2.0134522e+04   3.3184246e+04   2.1380703e+04   1.3686727e+04   1.9413542e+04   1.8312903e+04   3.3483283e+04
   1.2942375e+03   1.2738144e+03   3.8335339e+03   2.2048836e+03   3.9551904e+03   8.4608728e+02   1.1113651e+03   2.7661816e+03   2.8926323e+03   2.5541820e+03   3.4588259e+03   7.2609065e+02   2.2018292e+03   5.0438752e+02   3.1558458e+02   3.2030697e+03   4.4903914e+03   1.1568369e+03   1.0526590e+03   2.7787920e+03   6.5200416e+02   2.0689077e+03   2.6765365e+03   1.1042250e+03   2.2996699e+03   1.6570807e+03   1.1434319e+03   1.3671561e+03   1.9394019e+03   4.7950885e+03
   5.6548005e+01   4.2417388e+01   8.5897735e+01   4.5178957e+01   7.7421128e+01   1.0774178e+02   5.7676105e+01   9.7749773e+01   5.5501363e+01   4.6757008e+01   7.4266681e+01   8.1702866e+01   4.2739836e+01   3.0531491e+01   1.2607497e+02   4.9887719e+01   9.1019504e+01   1.0181670e+02   7.8496181e+01   7.8643700e+01   7.5753082e+01   1.1526665e+02   1.0718322e+02   9.9762528e+01   8.5763187e+01   7.2572643e+01   1.2128621e+02   7.9042337e+01   8.3524823e+01   6.0465270e+01
   1.7094214e+01   1.4193094e+01   1.7314582e+01   1.6485622e+01   1.7614742e+01   1.8403856e+01   1.2721689e+01   1.6616982e+01   1.7136473e+01   1.8656984e+01   1.6623315e+01   1.6121428e+01   1.7143230e+01   1.3801540e+01   1.4331430e+01   1.7584425e+01   1.8846946e+01   1.8007422e+01   1.6308955e+01   1.8485425e+01   1.7760514e+01   1.4297476e+01   1.6041028e+01   1.5906108e+01   1.7424950e+01   1.7073433e+01   1.6296980e+01   1.7716248e+01   1.6247578e+01   1.6250027e+01
   9.3872050e+00   1.1547614e+01   1.0598868e+01   1.1756338e+01   1.0202425e+01   1.0461777e+01   1.0158030e+01   1.1567181e+01   1.1695419e+01   9.3966490e+00   1.1274548e+01   9.2705248e+00   9.3171677e+00   8.9596916e+00   1.0883112e+01   1.0500910e+01   1.1748637e+01   1.0742680e+01   1.0080765e+01   9.8507532e+00   1.0026353e+01   1.0695621e+01   1.0324419e+01   9.5994838e+00   1.1254909e+01   1.1355483e+01   1.0132438e+01   7.7894215e+00   1.0150226e+01   1.0740409e+01
   7.7770828e+00   8.9818312e+00   9.7932725e+00   9.7232584e+00   8.9831423e+00   8.3975751e+00   8.5064912e+00   8.7012375e+00   9.1736180e+00   6.1153415e+00   9.2123907e+00   8.4091531e+00   8.6410213e+00   6.8080813e+00   9.3968111e+00   8.2080220e+00   9.0294496e+00   9.2394888e+00   8.4989869e+00   8.8106742e+00   8.8260070e+00   9.2128158e+00   9.3380780e+00   8.2464087e+00   8.8472358e+00   8.7912866e+00   8.0396723e+00   7.7894215e+00   8.3885581e+00   9.0779850e+00
   6.8524400e+00   6.7033015e+00   6.2094463e+00   7.3476715e+00   7.9788761e+00   6.7055956e+00   7.5711878e+00   7.0087147e+00   8.7130737e+00   6.1153415e+00   8.3398679e+00   7.8643652e+00   6.8622067e+00   6.8080813e+00   7.1231888e+00   7.0392098e+00   8.0567604e+00   6.7261826e+00   7.6687326e+00   7.0531783e+00   6.1886178e+00   6.5649356e+00   7.7444625e+00   6.6685755e+00   6.1839810e+00   7.8453557e+00   7.5303337e+00   6.7827562e+00   7.5863813e+00   7.8577373e+00
   3.4167108e+00   3.7806699e+00   3.7291918e+00   3.7544675e+00   3.0212475e+00   2.7003376e+00   3.5487866e+00   3.2752064e+00   3.4887955e+00   3.4423409e+00   3.5538345e+00   3.4961414e+00   3.1892280e+00   3.7408511e+00   3.9288439e+00   3.7993764e+00   3.9982879e+00   3.2821534e+00   3.1112344e+00   3.4336608e+00   3.5870665e+00   2.7762405e+00   3.8111425e+00   3.5974682e+00   3.6019061e+00   3.8518628e+00   3.0454760e+00   3.6917782e+00   3.7339343e+00   3.0991429e+00
   4.4757207e-01   4.7683135e-01   5.0092683e-01   5.1935769e-01   5.3884723e-01   5.7402838e-01   5.8197817e-01   5.8203923e-01   5.9871269e-01   6.0725254e-01   6.1654339e-01   6.1949928e-01   6.3204611e-01   6.3384039e-01   6.4676825e-01   6.5352460e-01   6.5807118e-01   6.6157758e-01   6.6932103e-01   6.7645431e-01   6.9582282e-01   6.9860140e-01   6.9887852e-01   7.1070267e-01   7.2122484e-01   7.7866390e-01   7.7928076e-01   7.8040616e-01   7.9749236e-01   8.1221102e-01
