   1.9365346e+03   1.7639747e+03   1.7280780e+03   2.0113163e+03   2.0107778e+03   2.0780867e+03   1.4708033e+03   1.8649652e+03   1.5100172e+03   1.4896857e+03   1.6643055e+03   1.5179594e+03   1.8624025e+03   2.0780867e+03   1.7989563e+03   1.6747711e+03   1.8725364e+03   1.6490175e+03   1.9335961e+03   1.5501507e+03   1.8262436e+03   1.1086455e+03   1.5126961e+03   1.5617204e+03   1.8079612e+03   1.7858670e+03   1.8804841e+03   1.9092336e+03   1.6069971e+03   1.5720037e+03
   1.7569852e+03   1.2990244e+03   1.0358992e+03   1.1856248e+03   1.4803194e+03   5.2273506e+02   1.4708033e+03   1.3937959e+03   1.2106943e+03   1.4745651e+03   1.1922047e+03   1.5179594e+03   1.5082592e+03   5.2273506e+02   1.6556501e+03   1.4404244e+03   1.5890155e+03   1.0908460e+03   4.9606702e+02   1.3856877e+03   1.5616546e+03   1.0430688e+03   1.5126961e+03   1.5617204e+03   1.2748408e+03   1.4190499e+03   1.4263840e+03   1.3719663e+03   1.4605885e+03   1.0737866e+03
   1.2225461e+03   9.6867153e+02   1.0358992e+03   4.4533860e+02   1.0149015e+03   5.2273506e+02   9.9761860e+02   1.2030583e+03   1.2106943e+03   1.1815177e+03   6.4897715e+02   9.0688546e+02   9.2175398e+02   5.2273506e+02   1.0503910e+03   6.4929317e+02   1.4557060e+03   1.0908460e+03   4.9606702e+02   1.0288658e+03   1.1081517e+03   8.6923382e+02   1.2975243e+03   3.8439972e+02   9.0493485e+02   9.8716847e+02   1.3145656e+03   9.0276251e+02   6.9152773e+02   1.0737866e+03
   8.5482572e+02   5.5659888e+02   1.0358992e+03   4.4533860e+02   1.0149015e+03   5.2273506e+02   9.9761860e+02   1.1707576e+03   7.2847067e+02   1.1746929e+03   6.4897715e+02   9.0688546e+02   5.0087572e+02   5.2273506e+02   1.0135020e+03   6.4929317e+02   1.2206539e+03   1.0908460e+03   3.2965464e+02   1.0288658e+03   6.9777804e+02   8.3737404e+02   8.4323942e+02   3.8439972e+02   8.6267867e+02   9.8716847e+02   7.5815733e+02   9.0276251e+02   6.9152773e+02   1.0443157e+03
   5.4757467e+02   5.5659888e+02   7.5634391e+02   4.4533860e+02   9.8147871e+02   5.2273506e+02   9.8406041e+02   3.6289624e+02   7.2847067e+02   3.6254070e+02   6.4897715e+02   9.0688546e+02   5.0087572e+02   5.2273506e+02   1.0135020e+03   6.4929317e+02   9.5279471e+02   7.8154892e+02   2.5569307e+02   7.6805928e+01   6.9777804e+02   8.2272609e+02   2.3024621e+02   3.8439972e+02   8.6267867e+02   7.2542234e+02   7.5815733e+02   7.3755529e+02   6.9152773e+02   9.6266137e+02
   2.4124571e+02   5.5659888e+02   5.7916215e+02   3.3131831e+02   7.4194746e+02   5.2273506e+02   7.6320080e+02   3.6289624e+02   6.8027608e+02   3.6254070e+02   6.4897715e+02   9.0688546e+02   4.7275872e+02   5.2273506e+02   5.1515689e+02   6.4929317e+02   9.5279471e+02   7.5869213e+02   2.4407741e+02   7.6805928e+01   6.2243365e+02   3.9881767e+02   2.3024621e+02   3.8439972e+02   8.1763361e+02   2.0555142e+02   2.6323781e+02   7.3755529e+02   3.0356111e+02   7.5715601e+02
   2.4124571e+02   3.3859041e+02   3.5343104e+02   3.3131831e+02   1.3486102e+02   5.2273506e+02   7.6320080e+02   3.6289624e+02   5.6670007e+02   3.6254070e+02   6.4897715e+02   2.6260857e+02   4.7275872e+02   5.2273506e+02   5.1515689e+02   6.4929317e+02   8.1606866e+02   7.5869213e+02   2.4407741e+02   7.6805928e+01   6.2243365e+02   3.8525156e+02   2.3024621e+02   3.8439972e+02   6.9764892e+02   1.4802450e+02   2.6323781e+02   2.8502723e+02   3.0356111e+02   7.5715601e+02
   2.4124571e+02   5.3453590e+01   3.5343104e+02   3.3131831e+02   1.3486102e+02   5.2273506e+02   1.0280060e+02   5.0289363e+01   5.0980038e+02   3.6254070e+02   4.2326206e+02   2.6260857e+02   4.7275872e+02   5.2273506e+02   3.6886989e+02   3.0167196e+02   6.2526981e+02   5.6398795e+02   2.4407741e+02   7.6805928e+01   3.9912739e+02   1.9940500e+02   1.0118921e+02   2.4940729e+02   5.7181255e+02   1.4802450e+02   2.0248970e+02   1.8940212e+02   3.0356111e+02   4.8086061e+02
   1.0191221e+02   3.8176705e+01   1.1681408e+02   3.5477092e+01   2.4315140e+01   1.5732112e+02   1.3940774e+01   5.0289363e+01   1.0168953e+02   1.3466843e+02   9.7749134e+01   1.7992901e+01   2.2783122e+01   1.5732112e+02   6.0068714e+01   8.6890673e+01   1.6065373e+02   7.7995597e+01   1.1265795e+02   6.3095642e+01   3.2611782e+01   8.8411346e+01   3.3864900e+01   9.6681388e+01   1.3229622e+02   1.1717578e+02   4.2573277e+01   1.0617798e+02   7.6500094e+01   9.6365057e+01
   1.2097664e+01   6.9401740e+00   7.9197793e+00   1.2255933e+01   8.9234538e+00   7.2263246e+00   1.3940774e+01   8.9441492e+00   6.4722535e+00   1.1285141e+01   9.1533430e+00   1.2502404e+01   1.0047904e+01   7.2263246e+00   1.1316092e+01   9.0909461e+00   1.7232705e+01   8.8595841e+00   4.8988518e+00   6.2642547e+00   1.2214339e+01   1.7478887e+01   1.4400107e+01   2.2134021e+01   1.1835322e+01   1.5374535e+01   6.4577896e+00   1.4700783e+01   7.4166606e+00   1.0262851e+01
   8.2973327e-01   5.7251453e-01   6.3193347e-01   9.1687696e-02   2.8877831e-01   5.3709656e-01   6.3191472e-01   6.1534756e-01   6.3034931e-01   5.7642791e-01   8.1603266e-01   5.7171548e-01   5.4363458e-01   5.3709656e-01   9.9099731e-02   5.2738508e-01   7.3564233e-01   9.1235879e-01   6.3210357e-01   6.3447231e-01   5.2969448e-01   6.2053633e-01   5.6825813e-01   6.5174350e-01   6.4425778e-01   4.7005373e-01   5.2030768e-01   3.0366740e-01   3.9276631e-01   3.5625526e-01
   5.4294641e-02   1.3072838e-01   6.2164568e-02   9.1687696e-02   1.8020104e-02   1.1086522e-01   1.9172530e-01   9.9463821e-02   2.1479433e-01   1.1105424e-01   3.6578538e-02   1.1453587e-01   1.4424519e-01   1.1086522e-01   7.2247098e-02   8.1373621e-02   5.6317495e-02   1.2567368e-01   1.8399846e-01   9.6370389e-02   1.8251438e-01   2.2285198e-01   6.7080183e-02   9.4208542e-02   1.4649566e-01   1.0969261e-01   1.9651422e-01   5.7545995e-02   1.9498282e-01   1.7739806e-01
   5.4294641e-02   2.8083846e-02   6.2164568e-02   3.1406858e-02   1.6090291e-02   4.5314392e-02   6.8450862e-02   4.5857956e-02   7.4030668e-02   1.7917105e-02   3.6578538e-02   7.4395225e-02   1.0145045e-01   4.5314392e-02   6.7167117e-02   5.9410077e-02   5.6317495e-02   3.9568200e-02   5.5571362e-02   4.4085448e-02   4.4269597e-02   2.5972995e-02   3.5956342e-02   3.0165922e-02   1.3688002e-02   7.3946110e-02   5.8415414e-02   2.7088974e-02   4.3571846e-02   7.0639806e-02
   5.9609758e-03   2.1578962e-03   2.4335699e-04   3.1507443e-03   1.1893711e-02   1.3620521e-03   1.0294059e-02   1.1532724e-02   1.0120544e-02   1.3339554e-02   2.1609024e-02   1.3253433e-02   4.6200686e-02   1.3620521e-03   1.2759592e-02   3.6280174e-02   3.1498398e-03   1.8329260e-04   3.0576844e-02   4.4672906e-04   5.9135869e-03   2.5972995e-02   2.0861748e-02   2.3384900e-02   1.3688002e-02   1.7412189e-02   1.6756871e-02   1.0306521e-02   1.4886567e-03   4.5515860e-02
   0.0000000e+00   0.0000000e+00   0.0000000e+00   0.0000000e+00   0.0000000e+00   0.0000000e+00   0.0000000e+00   0.0000000e+00   1.2461164e-07   0.0000000e+00   0.0000000e+00   0.0000000e+00   2.1069036e-06   0.0000000e+00   0.0000000e+00   0.0000000e+00   0.0000000e+00   0.0000000e+00   0.0000000e+00   0.0000000e+00   0.0000000e+00   0.0000000e+00   0.0000000e+00   0.0000000e+00   0.0000000e+00   0.0000000e+00   0.0000000e+00   0.0000000e+00   0.0000000e+00   0.0000000e+00
   0.0000000e+00   0.0000000e+00   0.0000000e+00   0.0000000e+00   0.0000000e+00   0.0000000e+00   0.0000000e+00   0.0000000e+00   0.0000000e+00   0.0000000e+00   0.0000000e+00   0.0000000e+00   0.0000000e+00   0.0000000e+00   0.0000000e+00   0.0000000e+00   0.0000000e+00   0.0000000e+00   0.0000000e+00   0.0000000e+00   0.0000000e+00   0.0000000e+00   0.0000000e+00   0.0000000e+00   0.0000000e+00   0.0000000e+00   0.0000000e+00   0.0000000e+00   0.0000000e+00   0.0000000e+00
