   4.6482013e+02   6.7047369e+02   4.3759386e+02   6.9448057e+02   7.0894566e+02   6.3335754e+02   2.6340870e+02   2.6324152e+02   4.9126613e+02   6.5236483e+02   6.6090220e+02   5.9868603e+02   5.0532500e+02   6.8435247e+02   4.7490853e+02   6.0856395e+02   5.5776248e+02   5.8021179e+02   7.0514238e+02   4.6207837e+02   5.8780836e+02   7.2076117e+02   8.1579510e+02   5.5700110e+02   4.4681538e+02   7.9698586e+02   5.2258036e+02   5.5626251e+02   3.8577518e+02   2.7592062e+02
   4.6482013e+02   2.9347428e+02   4.3759386e+02   4.8074209e+02   4.6147609e+02   6.3335754e+02   1.7373576e+02   2.6324152e+02   4.9126613e+02   4.0455648e+02   6.2152358e+02   5.8106361e+02   3.6507468e+02   4.4899892e+02   4.1946955e+02   4.4984463e+02   3.6533355e+02   5.1948352e+02   6.6689019e+02   3.9753530e+02   5.4329194e+02   6.0531205e+02   5.3522762e+02   2.5808572e+02   4.4681538e+02   6.3141798e+02   4.7453700e+02   3.0064960e+02   2.4939843e+02   2.7592062e+02
   5.5440487e+01   2.9347428e+02   4.3759386e+02   2.1672984e+02   2.3773048e+02   3.3969127e+02   1.7466156e+01   1.6129652e+02   3.7334925e+02   1.8714400e+02   3.9543016e+02   1.8750270e+02   3.6507468e+02   2.8684096e+02   3.9018284e+02   4.4984463e+02   1.4800635e+02   4.4841315e+02   5.7472620e+02   1.0406270e+02   2.8363342e+02   1.1573544e+02   4.7140641e+02   2.5808572e+02   3.9562530e+02   6.3141798e+02   4.7453700e+02   3.0064960e+02   2.4939843e+02   2.7592062e+02
   5.5440487e+01   2.9347428e+02   4.3759386e+02   2.1672984e+02   2.3773048e+02   2.0300013e+02   1.7466156e+01   1.6129652e+02   3.7334925e+02   1.8714400e+02   3.5624501e+02   1.8750270e+02   2.9634665e+02   4.8489769e+01   2.8739476e+02   3.3325693e+02   1.4800635e+02   3.1958208e+02   3.3792120e+02   1.0406270e+02   2.8363342e+02   1.1573544e+02   1.1267464e+02   2.4773750e+02   2.6048343e+02   3.7265319e+02   3.1532145e+02   2.7404163e+02   2.4939843e+02   1.9556176e+02
   5.5440487e+01   2.9347428e+02   9.5832159e+01   1.7134014e+02   2.3773048e+02   2.0300013e+02   1.7466156e+01   1.3330939e+02   1.2540043e+02   4.1928480e+01   3.5624501e+02   1.8750270e+02   2.4617093e+02   4.8489769e+01   1.9892107e+02   2.0375205e+02   1.4800635e+02   3.1958208e+02   2.5055573e+02   1.6315808e+01   2.4624169e+02   8.2602827e+01   1.1267464e+02   2.4773750e+02   1.4216894e+02   1.4298347e+02   2.2304399e+02   1.4360417e+02   2.4939843e+02   1.9556176e+02
   5.5440487e+01   1.8704162e+02   7.3260203e+01   1.0216030e+02   1.3678702e+02   9.0187146e+01   1.7466156e+01   3.9238033e+01   7.9097018e+01   4.1928480e+01   1.1930422e+02   3.6276663e+01   8.4612860e+00   4.7423549e+01   1.1481734e+02   2.0375205e+02   1.4800635e+02   2.9523880e+02   1.4751919e+02   1.6315808e+01   9.1669729e+01   3.2372880e+01   6.9645520e+01   9.3421041e+01   1.4216894e+02   1.2192998e+02   1.0979293e+02   8.3527292e+01   1.6870472e+02   1.7313717e+02
   5.5440487e+01   8.9212985e+01   7.3260203e+01   1.0216030e+02   3.1756634e+01   5.0212434e+01   1.7466156e+01   3.9238033e+01   7.9097018e+01   2.6688562e+01   1.1930422e+02   2.0846588e+01   8.4612860e+00   3.3928808e+01   1.1481734e+02   5.1324391e+01   4.3335048e+01   6.8678448e+01   3.3299531e+01   1.6315808e+01   9.1669729e+01   1.0586778e+01   6.9645520e+01   9.0735564e+01   1.2899884e+02   5.9390820e+01   1.0979293e+02   3.2052189e+01   1.3958001e+02   8.6328603e+01
   1.6050652e+01   4.3172573e+01   2.7570794e+01   4.9117588e+01   3.1756634e+01   5.0212434e+01   1.7466156e+01   2.1277648e+01   4.2335959e+01   5.7299903e+00   3.9926130e+00   2.0846588e+01   8.4612860e+00   2.6680235e+01   6.7899618e+01   5.1324391e+01   4.3335048e+01   5.6674304e+01   1.7530468e+01   1.6315808e+01   3.3627245e+01   1.0211972e+01   1.0126166e+01   3.9895123e+01   8.2173371e+00   1.8149179e+01   5.8164108e+01   2.7925443e+01   6.5608881e+01   7.6893717e+01
   3.1443030e+00   1.4064079e+01   1.2374374e+01   4.9117588e+01   1.2210267e+01   2.1792413e+01   1.3846714e+01   6.2280194e+00   1.1796056e+01   5.7299903e+00   3.9926130e+00   1.6046254e+01   8.4612860e+00   8.7899667e+00   2.1054131e+00   1.1719694e+01   1.4980055e+01   5.1023778e+00   1.7530468e+01   1.6315808e+01   8.1338881e+00   5.2351143e+00   6.9287754e+00   1.5244608e+01   8.2173371e+00   1.8149179e+01   2.2419018e+01   1.5493569e+01   3.5000011e+00   1.9254785e+01
   3.1216487e+00   1.8833378e+00   1.6357264e+00   3.2744888e+00   3.4117572e+00   4.5305989e+00   2.0342831e+00   2.5048438e+00   2.3636522e+00   1.0851937e+00   2.3162235e+00   1.4953844e+00   1.6667502e+00   4.3100112e+00   2.1054131e+00   2.7281038e+00   2.2137425e+00   2.1352640e+00   3.0994800e+00   4.1765514e+00   2.1571643e+00   3.0515047e+00   4.4248978e+00   2.3790019e+00   3.3019497e+00   1.3555292e+00   3.6315678e+00   3.6157499e+00   3.1047075e+00   6.8241635e+00
   4.5797354e-01   3.3823585e-01   3.6625039e-01   1.2181619e+00   1.7623067e-01   5.8828733e-01   2.6045459e-01   1.4506649e-01   1.1211874e-01   2.2293461e-01   1.7311500e-01   3.0054295e-01   2.1221408e-01   3.8410255e-01   4.4897823e-01   8.0917384e-01   6.8504579e-01   2.1275388e-01   2.5670086e-01   4.4204863e-01   5.0752632e-01   5.7281175e-01   2.1329829e-01   3.7630663e-01   4.1607576e-01   8.9125008e-01   7.7270941e-01   2.2730056e-01   2.2957696e-01   9.9662692e-01
   1.3980618e-01   3.3465975e-02   5.2629033e-02   9.5377234e-02   5.6596065e-02   9.9925251e-02   6.6771214e-02   5.2388590e-02   3.2057233e-02   1.3728977e-02   5.7328513e-02   4.8493430e-02   1.1986115e-01   1.2105045e-01   7.9878773e-02   6.1296517e-02   8.3395252e-02   6.5451762e-02   1.5485304e-01   7.0525249e-02   1.3542430e-01   1.5862738e-01   7.1176459e-02   1.4635913e-01   3.7507115e-02   3.0995536e-02   7.1173892e-02   7.0564542e-02   7.6404647e-02   2.2477790e-01
   1.7090822e-02   8.2432013e-03   4.3060864e-03   1.8519966e-02   1.9165408e-02   1.4332394e-02   4.1502515e-03   2.0340743e-02   2.0244080e-02   2.1153320e-03   2.4661761e-02   2.0632906e-02   1.3507441e-02   1.4715776e-02   1.4216818e-02   1.5702269e-02   2.1073584e-02   6.5975751e-03   8.3353706e-03   1.1555574e-02   1.6458377e-02   2.9802270e-02   2.2500761e-02   3.9133506e-02   1.1227517e-02   3.0995536e-02   2.1085517e-02   1.7419383e-02   1.4144071e-03   3.8952675e-02
   3.1106049e-08   0.0000000e+00   0.0000000e+00   0.0000000e+00   0.0000000e+00   0.0000000e+00   0.0000000e+00   7.3142600e-08   7.3004095e-08   0.0000000e+00   0.0000000e+00   4.2147440e-08   0.0000000e+00   0.0000000e+00   0.0000000e+00   0.0000000e+00   0.0000000e+00   0.0000000e+00   4.5970415e-08   0.0000000e+00   0.0000000e+00   2.6703350e-06   4.2819360e-08   0.0000000e+00   0.0000000e+00   7.3002469e-08   2.6212918e-08   0.0000000e+00   0.0000000e+00   1.3610302e-08
   0.0000000e+00   0.0000000e+00   0.0000000e+00   0.0000000e+00   0.0000000e+00   0.0000000e+00   0.0000000e+00   0.0000000e+00   0.0000000e+00   0.0000000e+00   0.0000000e+00   0.0000000e+00   0.0000000e+00   0.0000000e+00   0.0000000e+00   0.0000000e+00   0.0000000e+00   0.0000000e+00   0.0000000e+00   0.0000000e+00   0.0000000e+00   0.0000000e+00   0.0000000e+00   0.0000000e+00   0.0000000e+00   0.0000000e+00   0.0000000e+00   0.0000000e+00   0.0000000e+00   0.0000000e+00
   0.0000000e+00   0.0000000e+00   0.0000000e+00   0.0000000e+00   0.0000000e+00   0.0000000e+00   0.0000000e+00   0.0000000e+00   0.0000000e+00   0.0000000e+00   0.0000000e+00   0.0000000e+00   0.0000000e+00   0.0000000e+00   0.0000000e+00   0.0000000e+00   0.0000000e+00   0.0000000e+00   0.0000000e+00   0.0000000e+00   0.0000000e+00   0.0000000e+00   0.0000000e+00   0.0000000e+00   0.0000000e+00   0.0000000e+00   0.0000000e+00   0.0000000e+00   0.0000000e+00   0.0000000e+00
