   2.0583651e+03   2.3505464e+03   2.0137595e+03   2.3831481e+03   1.4036293e+03   2.1494118e+03   2.0812065e+03   2.1986419e+03   2.3664235e+03   2.0914358e+03   2.1662023e+03   2.2713177e+03   2.1007234e+03   2.1494118e+03   1.8869648e+03   2.0474095e+03   2.1352974e+03   2.4849305e+03   2.2348324e+03   2.2942023e+03   2.4633355e+03   1.8345829e+03   1.5741930e+03   2.3016624e+03   1.9474830e+03   1.7432959e+03   1.7114051e+03   2.2306190e+03   2.3496908e+03   2.0102397e+03
   4.0707231e+01   5.5847625e+02   5.7512279e+02   1.2086482e+03   6.4511910e+02   8.2736831e+01   1.4074967e+02   1.2641049e+03   7.3949502e-02   1.7133029e+02   3.5662993e+00   1.5793151e+03   9.5242807e+01   8.2736831e+01   1.1222066e+03   6.6323128e+02   5.9568479e+02   1.3224543e+03   1.3321182e+02   1.0639080e+03   1.1552508e+01   6.2064351e+02   7.2146392e+02   6.4055290e+02   6.2539521e+00   6.1408465e+02   5.2659176e+02   2.6827410e+01   7.4296064e+02   3.9396570e+02
   4.2088194e+00   1.0103043e+02   1.8358220e+02   3.3657443e+02   5.6485193e+00   8.2736831e+01   1.0037274e+02   8.5934783e+00   7.3949502e-02   1.3352907e+02   3.5662993e+00   1.7941157e+01   8.5725796e+01   8.2736831e+01   3.3452033e+01   2.5296739e+00   1.0672128e+00   2.9832441e+01   1.2685016e+02   6.0759845e+01   1.1552508e+01   7.8529398e+01   9.4199833e-01   1.8614365e+02   6.2539521e+00   1.8747791e+02   7.7779454e+00   8.8247380e+00   8.7634311e+00   1.2521595e+02
   4.1808512e+00   7.4017767e+01   1.8358220e+02   3.7940159e+01   2.5527282e+00   4.8197751e+00   4.4479568e+01   8.5934783e+00   7.3949502e-02   1.9605745e+01   2.8785150e-02   1.7941157e+01   5.3265633e-01   4.8197751e+00   3.3452033e+01   8.9986288e-01   1.0672128e+00   2.8729089e+00   1.2237559e+02   5.8948281e+00   1.1552508e+01   7.8529398e+01   5.9665087e-01   1.3104086e+02   6.2539521e+00   1.3143539e+02   7.7779454e+00   8.8247380e+00   8.7634311e+00   7.6834772e-01
   4.1808512e+00   1.7732804e+00   7.4765148e+00   8.3023950e-01   2.5527282e+00   4.8197751e+00   1.0217487e-01   2.0154892e+00   7.3949502e-02   1.9605745e+01   2.8785150e-02   1.7941157e+01   5.3265633e-01   4.8197751e+00   3.3452033e+01   8.9986288e-01   1.0672128e+00   1.0717583e+00   3.6313224e-02   5.8948281e+00   2.3924780e-01   3.6174211e+01   5.9665087e-01   2.4360387e+01   2.8968951e+00   1.6490827e+00   7.7779454e+00   8.8247380e+00   8.3717602e-01   7.6834772e-01
   4.1808512e+00   1.1541129e+00   7.4765148e+00   8.1271690e-01   7.1259787e-04   4.8197751e+00   1.0217487e-01   2.0154892e+00   7.3949502e-02   2.5237511e+00   2.8785150e-02   8.7557811e-01   5.3265633e-01   4.8197751e+00   2.1254737e+01   8.9986288e-01   1.0672128e+00   1.0717583e+00   3.6313224e-02   5.8948281e+00   2.3924780e-01   8.0165043e+00   3.5891705e-02   2.4360387e+01   2.4818118e+00   1.6490827e+00   1.8641483e+00   4.0723405e+00   8.3717602e-01   1.1825250e-01
   3.4959484e-02   2.6407441e-01   1.1880947e+00   1.6315002e-02   7.1259787e-04   2.8700440e+00   1.0217487e-01   2.0154892e+00   7.3949502e-02   1.9850943e+00   2.8785150e-02   8.7557811e-01   5.3265633e-01   2.8700440e+00   2.9224964e+00   2.7652090e-01   1.0672128e+00   1.0717583e+00   3.6313224e-02   5.8948281e+00   2.3924780e-01   2.2572072e-01   3.5891705e-02   2.1671743e+00   7.0398894e-02   1.6490827e+00   1.8641483e+00   9.6277447e-02   3.7508951e-01   1.0444512e-01
   2.7849801e-05   1.0850521e-03   4.5577777e-02   1.6315002e-02   2.2411965e-04   8.3518782e-04   1.4481702e-02   1.0696315e-02   1.3438567e-03   7.0325593e-04   3.3756983e-04   5.3408967e-04   1.4600581e-02   8.3518782e-04   7.3489185e-03   3.4021438e-03   1.9243719e-04   2.6699078e-03   2.6936953e-05   1.0630683e-02   3.9957957e-03   2.0823730e-05   8.3307645e-03   2.4692789e-03   5.1866391e-07   2.6933938e-02   3.9747529e-06   1.2588937e-03   1.7113499e-02   3.6893900e-05
   1.3204690e-06   4.3570035e-06   1.6032260e-05   2.3135117e-06   8.1375720e-06   2.1683263e-08   1.4721445e-07   6.0425918e-08   3.0986721e-06   2.5850298e-05   5.1165835e-06   2.5701020e-06   1.2677938e-06   2.1683263e-08   5.2679652e-06   4.8406573e-06   4.4737417e-06   1.0513448e-05   6.6594475e-07   2.5199151e-06   9.7099473e-06   1.0597400e-05   1.5675923e-06   8.3052328e-07   5.1866391e-07   3.0989486e-07   3.9747529e-06   3.4430377e-07   7.1479526e-06   3.8415874e-07
   0.0000000e+00   0.0000000e+00   0.0000000e+00   0.0000000e+00   0.0000000e+00   0.0000000e+00   0.0000000e+00   0.0000000e+00   0.0000000e+00   0.0000000e+00   0.0000000e+00   0.0000000e+00   0.0000000e+00   0.0000000e+00   0.0000000e+00   0.0000000e+00   0.0000000e+00   0.0000000e+00   0.0000000e+00   0.0000000e+00   0.0000000e+00   0.0000000e+00   0.0000000e+00   0.0000000e+00   0.0000000e+00   0.0000000e+00   0.0000000e+00   0.0000000e+00   0.0000000e+00   0.0000000e+00
   0.0000000e+00   0.0000000e+00   0.0000000e+00   0.0000000e+00   0.0000000e+00   0.0000000e+00   0.0000000e+00   0.0000000e+00   0.0000000e+00   0.0000000e+00   0.0000000e+00   0.0000000e+00   0.0000000e+00   0.0000000e+00   0.0000000e+00   0.0000000e+00   0.0000000e+00   0.0000000e+00   0.0000000e+00   0.0000000e+00   0.0000000e+00   0.0000000e+00   0.0000000e+00   0.0000000e+00   0.0000000e+00   0.0000000e+00   0.0000000e+00   0.0000000e+00   0.0000000e+00   0.0000000e+00
   0.0000000e+00   0.0000000e+00   0.0000000e+00   0.0000000e+00   0.0000000e+00   0.0000000e+00   0.0000000e+00   0.0000000e+00   0.0000000e+00   0.0000000e+00   0.0000000e+00   0.0000000e+00   0.0000000e+00   0.0000000e+00   0.0000000e+00   0.0000000e+00   0.0000000e+00   0.0000000e+00   0.0000000e+00   0.0000000e+00   0.0000000e+00   0.0000000e+00   0.0000000e+00   0.0000000e+00   0.0000000e+00   0.0000000e+00   0.0000000e+00   0.0000000e+00   0.0000000e+00   0.0000000e+00
   0.0000000e+00   0.0000000e+00   0.0000000e+00   0.0000000e+00   0.0000000e+00   0.0000000e+00   0.0000000e+00   0.0000000e+00   0.0000000e+00   0.0000000e+00   0.0000000e+00   0.0000000e+00   0.0000000e+00   0.0000000e+00   0.0000000e+00   0.0000000e+00   0.0000000e+00   0.0000000e+00   0.0000000e+00   0.0000000e+00   0.0000000e+00   0.0000000e+00   0.0000000e+00   0.0000000e+00   0.0000000e+00   0.0000000e+00   0.0000000e+00   0.0000000e+00   0.0000000e+00   0.0000000e+00
   0.0000000e+00   0.0000000e+00   0.0000000e+00   0.0000000e+00   0.0000000e+00   0.0000000e+00   0.0000000e+00   0.0000000e+00   0.0000000e+00   0.0000000e+00   0.0000000e+00   0.0000000e+00   0.0000000e+00   0.0000000e+00   0.0000000e+00   0.0000000e+00   0.0000000e+00   0.0000000e+00   0.0000000e+00   0.0000000e+00   0.0000000e+00   0.0000000e+00   0.0000000e+00   0.0000000e+00   0.0000000e+00   0.0000000e+00   0.0000000e+00   0.0000000e+00   0.0000000e+00   0.0000000e+00
   0.0000000e+00   0.0000000e+00   0.0000000e+00   0.0000000e+00   0.0000000e+00   0.0000000e+00   0.0000000e+00   0.0000000e+00   0.0000000e+00   0.0000000e+00   0.0000000e+00   0.0000000e+00   0.0000000e+00   0.0000000e+00   0.0000000e+00   0.0000000e+00   0.0000000e+00   0.0000000e+00   0.0000000e+00   0.0000000e+00   0.0000000e+00   0.0000000e+00   0.0000000e+00   0.0000000e+00   0.0000000e+00   0.0000000e+00   0.0000000e+00   0.0000000e+00   0.0000000e+00   0.0000000e+00
   0.0000000e+00   0.0000000e+00   0.0000000e+00   0.0000000e+00   0.0000000e+00   0.0000000e+00   0.0000000e+00   0.0000000e+00   0.0000000e+00   0.0000000e+00   0.0000000e+00   0.0000000e+00   0.0000000e+00   0.0000000e+00   0.0000000e+00   0.0000000e+00   0.0000000e+00   0.0000000e+00   0.0000000e+00   0.0000000e+00   0.0000000e+00   0.0000000e+00   0.0000000e+00   0.0000000e+00   0.0000000e+00   0.0000000e+00   0.0000000e+00   0.0000000e+00   0.0000000e+00   0.0000000e+00
