   6.4778806e+02   6.3899874e+02   6.8296378e+02   5.2910053e+02   3.1703316e+02   5.4654814e+02   6.4370128e+02   5.7956698e+02   6.3996624e+02   5.0036759e+02   6.1816363e+02   5.8534571e+02   5.3385610e+02   4.7013894e+02   6.7203522e+02   6.3309211e+02   4.9026754e+02   6.6453402e+02   5.6675625e+02   3.4680883e+02   5.5769846e+02   4.2652717e+02   6.1591835e+02   6.3163347e+02   4.0260396e+02   5.8655695e+02   3.9675602e+02   6.6965552e+02   6.0916661e+02   6.3819110e+02
   4.8943954e+02   5.5087063e+02   5.7186669e+02   4.7667963e+02   3.1703316e+02   3.5597601e+02   6.4370128e+02   5.7956698e+02   5.5750475e+02   5.0036759e+02   4.6547316e+02   5.8534571e+02   4.7452914e+02   4.7013894e+02   6.3713396e+02   6.3309211e+02   3.2841771e+02   5.5504895e+02   2.7166456e+02   3.4680883e+02   2.4260155e+02   4.2652717e+02   3.3922948e+02   5.9979757e+02   4.0260396e+02   5.8655695e+02   3.0834599e+02   5.5187530e+02   6.0916661e+02   6.2989618e+02
   4.8943954e+02   4.8369981e+02   4.9910350e+02   4.7667963e+02   3.1703316e+02   3.5597601e+02   6.4370128e+02   4.5395398e+02   4.7542177e+02   5.0036759e+02   4.6547316e+02   5.8534571e+02   4.7452914e+02   4.7013894e+02   5.7787027e+02   5.8184246e+02   2.9237417e+02   5.5504895e+02   2.1392721e+02   3.4680883e+02   2.4260155e+02   4.2652717e+02   3.1486185e+02   4.8133405e+02   4.0260396e+02   5.0852534e+02   3.0834599e+02   3.5323279e+02   6.0916661e+02   6.2989618e+02
   2.2084318e+02   3.5566117e+02   4.9910350e+02   4.7667963e+02   3.1703316e+02   3.5597601e+02   6.4267148e+02   4.5395398e+02   2.9832982e+02   5.0036759e+02   2.5142555e+02   4.8592111e+02   4.0501897e+02   4.7013894e+02   5.5486977e+02   5.6376480e+02   2.9237417e+02   4.5881591e+02   2.1392721e+02   3.4680883e+02   2.4260155e+02   4.2652717e+02   3.1486185e+02   4.8133405e+02   4.0260396e+02   5.0852534e+02   3.0834599e+02   3.5323279e+02   4.4536514e+02   3.5593064e+02
   2.2084318e+02   3.5566117e+02   4.5313063e+02   4.2944261e+02   3.1703316e+02   3.4503135e+02   5.4620578e+02   3.4484237e+02   2.9832982e+02   5.0036759e+02   2.5142555e+02   2.6097651e+02   2.8855124e+02   3.4126685e+02   3.0460070e+02   5.6376480e+02   2.9237417e+02   4.5881591e+02   2.1392721e+02   3.4680883e+02   2.4260155e+02   4.2652717e+02   2.6515847e+02   3.9747239e+02   4.0260396e+02   4.7274444e+02   3.0834599e+02   3.5323279e+02   4.4536514e+02   3.5593064e+02
   2.2084318e+02   3.3401093e+02   2.9516172e+02   3.8024318e+02   3.1703316e+02   3.4503135e+02   5.4246230e+02   3.4484237e+02   2.9832982e+02   5.0036759e+02   2.5142555e+02   2.6097651e+02   2.8855124e+02   3.4126685e+02   3.0460070e+02   5.5173815e+02   2.9237417e+02   4.5881591e+02   2.1392721e+02   3.4680883e+02   2.4260155e+02   3.4933897e+02   2.6515847e+02   3.9747239e+02   4.0154646e+02   4.7274444e+02   3.0834599e+02   3.5323279e+02   4.4536514e+02   3.5593064e+02
   2.2084318e+02   3.0613115e+02   2.9516172e+02   3.8024318e+02   3.1703316e+02   3.4503135e+02   2.8270513e+02   3.2068024e+02   2.9832982e+02   5.0036759e+02   2.5142555e+02   2.6097651e+02   2.8855124e+02   3.4126685e+02   3.0460070e+02   5.0012888e+02   2.9237417e+02   3.5149040e+02   2.1392721e+02   3.4680883e+02   2.4260155e+02   3.4933897e+02   2.6515847e+02   1.8531536e+02   4.0154646e+02   4.7274444e+02   3.0834599e+02   3.5323279e+02   4.4536514e+02   3.0921139e+02
   2.2084318e+02   2.2305186e+02   1.9842621e+02   3.8024318e+02   2.7306684e+02   2.7366547e+02   1.7390461e+02   1.9712714e+02   2.9832982e+02   2.6921347e+02   2.5142555e+02   2.2524488e+02   1.7842694e+02   2.5327019e+02   1.5643052e+02   1.9613808e+02   2.3240610e+02   3.5149040e+02   2.0217216e+02   2.1358498e+02   2.4260155e+02   2.2867451e+02   2.4133917e+02   1.7366486e+02   2.4373680e+02   2.8861234e+02   1.6241265e+02   3.4650361e+02   3.3745785e+02   3.0921139e+02
   1.7725760e+02   2.2305186e+02   1.9842621e+02   1.7286175e+02   2.7306684e+02   2.6412691e+02   1.7390461e+02   1.2542274e+02   2.5165285e+02   2.4220487e+02   2.2941708e+02   2.2524488e+02   1.7842694e+02   1.0963890e+02   1.5643052e+02   1.9613808e+02   1.4204399e+02   2.2315857e+02   2.0217216e+02   2.0495589e+02   2.4149736e+02   1.5581486e+02   2.3092501e+02   1.7366486e+02   2.4373680e+02   2.2554889e+02   1.3495896e+02   3.2583671e+02   2.9362636e+02   2.2194193e+02
   1.7725760e+02   9.8045889e+01   1.4855097e+02   1.3320619e+02   1.6243072e+02   2.0819457e+02   1.1058247e+02   1.2542274e+02   1.4870272e+02   1.3426401e+02   1.2760889e+02   1.2789154e+02   1.3826761e+02   5.7014265e+01   9.1655085e+01   1.4456691e+02   1.4204399e+02   8.8075403e+01   8.5050110e+01   2.3845773e+01   1.2769268e+02   4.9261852e+01   1.3119795e+02   1.2605724e+02   6.9420097e+01   1.6059109e+02   1.3495896e+02   1.7530365e+02   1.3086668e+02   1.5449140e+02
   7.8522326e+01   8.1819106e+01   3.8776312e+01   5.1030689e+01   1.0600628e+02   6.9562963e+01   1.0205691e+02   1.2542274e+02   1.2484405e+02   1.0543282e+02   1.1573668e+02   1.2789154e+02   1.1318101e+02   5.2931103e+01   7.4992492e+01   6.2554881e+01   1.0925028e+02   8.8075403e+01   8.5050110e+01   2.3845773e+01   7.3070431e+01   4.9261852e+01   8.9228406e+01   9.4127527e+01   6.9420097e+01   7.3136579e+01   1.0062124e+02   1.1686469e+02   1.3086668e+02   1.2614232e+02
   7.3819331e+01   8.1819106e+01   3.8776312e+01   5.1030689e+01   7.0797522e+01   6.9562963e+01   7.3714329e+01   5.3502900e+01   6.4389477e+01   5.8794605e+01   7.7456558e+01   3.9373261e+01   7.6262980e+01   4.2074664e+01   5.5110575e+01   3.9625546e+01   6.7906503e+01   5.1663539e+01   5.2021235e+01   2.3845773e+01   3.5013360e+01   4.9261852e+01   7.1415022e+01   4.9091214e+01   6.8825196e+01   5.3469833e+01   9.7906537e+01   4.3617508e+01   7.1275304e+01   6.9312875e+01
   3.2491834e+01   2.8380988e+01   3.1795998e+01   4.3596340e+01   4.0841670e+01   3.3439591e+01   4.3614479e+01   4.0711518e+01   6.4389477e+01   3.0665475e+01   3.9830505e+01   3.0665855e+01   5.3474346e+01   3.6788043e+01   2.5653414e+01   3.9625546e+01   3.9620874e+01   3.6805208e+01   1.9976279e+01   1.1815022e+01   2.8957100e+01   2.7777498e+01   1.9978362e+01   3.7206721e+01   2.4153813e+01   2.3776971e+01   3.1526815e+01   3.4295582e+01   5.0334817e+01   3.0101234e+01
   1.4976205e+01   1.5215484e+01   1.2222948e+01   1.5292177e+01   1.4512603e+01   1.4657051e+01   1.3324141e+01   1.2769678e+01   1.4482259e+01   1.4003909e+01   2.1187099e+01   1.2245447e+01   1.4677980e+01   1.1604309e+01   8.5202594e+00   1.6155808e+01   1.4181111e+01   2.0066481e+01   1.9499068e+01   1.1177191e+01   1.6910788e+01   1.6118523e+01   9.3646764e+00   1.0428380e+01   1.4720748e+01   9.1792169e+00   1.5576116e+01   1.1751696e+01   6.5877895e+00   1.1252715e+01
   2.1596843e+00   2.7436566e+00   1.9976259e+00   2.6891754e+00   2.2472615e+00   2.0926366e+00   1.9296805e+00   2.2764611e+00   2.4958300e+00   2.0401673e+00   2.7201518e+00   2.3069190e+00   1.9463602e+00   2.0411846e+00   1.8853282e+00   2.7659215e+00   2.0660664e+00   2.3677782e+00   2.6264131e+00   2.2538409e+00   2.3610534e+00   2.7439648e+00   2.5079623e+00   2.4849993e+00   1.7679028e+00   2.0797211e+00   2.0105128e+00   2.6443134e+00   2.2427392e+00   1.5997682e+00
   2.0704110e-02   2.1558251e-02   2.2812426e-02   2.4540940e-02   2.6674381e-02   2.7646819e-02   2.7744616e-02   3.1022070e-02   3.3514298e-02   3.4664377e-02   3.5745673e-02   3.6666934e-02   3.8900003e-02   4.1280308e-02   4.1603536e-02   4.3190345e-02   4.5298470e-02   4.6315683e-02   4.6320232e-02   4.8992923e-02   4.9200026e-02   4.9219819e-02   5.1775286e-02   5.3635009e-02   6.0260225e-02   6.8034658e-02   6.9687512e-02   7.3928898e-02   7.5932415e-02   7.9676274e-02
