   4.4291891e+09   5.4430892e+09   8.2560096e+09   5.5558920e+09   1.1035932e+10   4.8379418e+09   9.1261973e+09   6.8501817e+09   4.9379578e+09   1.2868134e+10   6.9478291e+09   7.9221604e+09   3.4849450e+09   8.3761106e+09   8.5244788e+09   6.0701633e+09   8.1634454e+09   1.3168223e+10   6.5083384e+09   5.6466874e+09   7.3805710e+09   6.0612701e+09   5.7962521e+09   4.5186536e+09   7.1567588e+09   1.2244902e+10   8.2519222e+09   1.1109881e+10   8.6651050e+09   8.9054674e+09
   4.4291891e+09   5.4430892e+09   8.2560096e+09   5.5558920e+09   7.3273038e+09   4.8379418e+09   9.1261973e+09   6.8501817e+09   4.3680987e+09   9.9341415e+09   6.9478291e+09   5.6645320e+09   3.1075257e+09   7.0157357e+09   8.5244788e+09   4.0386798e+09   7.2249589e+09   9.0124165e+09   6.3280740e+09   5.6466874e+09   7.3805710e+09   6.0612701e+09   5.7962521e+09   4.5186536e+09   7.1567588e+09   6.0244286e+09   3.2746516e+09   1.0431889e+10   8.6651050e+09   7.8115185e+09
   2.9044440e+09   5.4430892e+09   8.2560096e+09   5.5558920e+09   7.3273038e+09   4.8379418e+09   7.8218970e+09   5.8296128e+09   4.3680987e+09   8.7875611e+09   6.9478291e+09   5.6645320e+09   3.1075257e+09   7.0157357e+09   3.6072387e+09   4.0386798e+09   5.5138729e+09   8.9596273e+09   6.3280740e+09   5.6466874e+09   6.9557619e+09   5.7684681e+09   5.7962521e+09   3.8596466e+09   7.1429325e+09   6.0244286e+09   3.2746516e+09   7.3792721e+09   7.3938397e+09   7.3746072e+09
   2.9044440e+09   5.4430892e+09   7.0301342e+09   5.0196098e+09   4.8732369e+09   4.8379418e+09   5.8740038e+09   5.8296128e+09   4.3680987e+09   6.0751767e+09   6.9478291e+09   4.8410767e+09   2.7153455e+09   7.0157357e+09   3.6072387e+09   2.8965544e+09   5.5138729e+09   7.1344138e+09   5.6135470e+09   4.3686621e+09   4.6932611e+09   5.2373069e+09   5.7962521e+09   3.8596466e+09   6.8102898e+09   6.0244286e+09   3.2746516e+09   6.1533365e+09   5.8035489e+09   5.6090085e+09
   2.9044440e+09   5.2951478e+09   6.7289683e+09   4.6396230e+09   4.8732369e+09   4.2570708e+09   5.8465902e+09   5.8296128e+09   4.3680987e+09   3.3825938e+09   6.9478291e+09   4.8410767e+09   2.7153455e+09   4.8754173e+09   3.6072387e+09   2.8965544e+09   4.3997427e+09   7.1344138e+09   5.6135470e+09   4.0762546e+09   2.1082017e+09   5.2373069e+09   5.7962521e+09   2.6313068e+09   5.3917090e+09   4.5216693e+09   3.2746516e+09   5.1061622e+09   5.3913506e+09   4.3023530e+09
   2.9044440e+09   4.9743461e+09   6.4830586e+09   4.6396230e+09   3.8933293e+09   3.6119842e+09   3.9386792e+09   3.0203216e+09   3.0370234e+09   3.3825938e+09   5.2762570e+09   3.2160976e+09   2.7153455e+09   2.8633627e+09   3.6072387e+09   2.8965544e+09   3.5150559e+09   6.2769360e+09   5.2628155e+09   4.0762546e+09   2.1082017e+09   3.0705081e+09   3.1777274e+09   2.3229001e+09   5.3917090e+09   4.5216693e+09   2.2392370e+09   4.8016058e+09   5.2799237e+09   4.0906403e+09
   2.3642472e+09   3.3401492e+09   4.1847401e+09   3.7464476e+09   3.5139815e+09   2.6999174e+09   2.7761906e+09   3.0203216e+09   3.0370234e+09   3.1303713e+09   3.3904376e+09   2.4326441e+09   2.7153455e+09   2.8489414e+09   3.6072387e+09   2.8965544e+09   2.5142789e+09   3.9127298e+09   3.4554411e+09   2.7798621e+09   2.1082017e+09   3.0705081e+09   3.1777274e+09   2.3229001e+09   3.1516023e+09   2.2449454e+09   2.0961227e+09   2.9157232e+09   5.0795112e+09   3.5828238e+09
   1.0219884e+09   1.6578766e+09   6.8830397e+08   6.4363317e+08   1.0699280e+09   5.3833722e+08   1.4958768e+09   9.1974291e+08   1.4593691e+09   1.0291868e+09   1.4934570e+09   6.1860779e+08   6.6100928e+08   3.2675197e+08   5.7859859e+08   1.2296326e+09   6.7680995e+08   1.6328213e+09   6.7233834e+08   1.1162304e+09   2.0953058e+09   8.8627408e+08   1.1050373e+09   9.6594107e+08   1.1498639e+09   8.6624351e+08   8.9321336e+08   1.2953299e+09   1.7497383e+09   9.2792770e+08
   2.3296096e+08   2.3515566e+08   4.9862234e+08   2.0817736e+08   2.6649293e+08   2.9725464e+08   4.2328233e+08   3.1341822e+08   1.9802137e+08   2.5190231e+08   4.7497942e+08   1.9586118e+08   2.0044013e+08   1.5480790e+08   3.9705661e+08   2.5114146e+08   3.3070843e+08   4.1512580e+08   2.1887312e+08   2.2263109e+08   2.9574757e+08   2.4028910e+08   3.1160578e+08   1.8873981e+08   3.1873701e+08   3.5010397e+08   3.2877634e+08   3.4796482e+08   3.7536954e+08   3.5002452e+08
   4.2563106e+07   5.8626199e+07   9.0059268e+07   7.4826290e+07   1.0565943e+08   7.2379896e+07   8.1568638e+07   4.9218426e+07   8.9864236e+07   4.5539869e+07   8.1460600e+07   6.7174643e+07   7.3664638e+07   4.5560878e+07   4.7523264e+07   5.8393220e+07   4.7383646e+07   7.8493045e+07   5.2069030e+07   8.1136605e+07   7.9301308e+07   9.7113176e+07   5.5138225e+07   9.7061679e+07   7.0887538e+07   9.7804679e+07   6.8811402e+07   1.0085990e+08   9.7371880e+07   3.3828107e+07
   7.6260024e+06   1.3032309e+07   1.2091707e+07   1.0012500e+07   9.1769587e+06   5.6760188e+06   9.1705284e+06   1.1108634e+07   8.7625107e+06   6.7150216e+06   8.7409613e+06   1.0012527e+07   5.2262073e+06   1.1525798e+07   1.0149466e+07   9.0565983e+06   4.4633019e+06   1.3346811e+07   9.7338843e+06   8.3668742e+06   7.4055770e+06   1.3407461e+07   7.0832565e+06   1.1629385e+07   1.0907838e+07   8.1282898e+06   9.6818826e+06   6.2587046e+06   7.5908568e+06   7.4678163e+06
   2.7156439e+05   5.1577992e+05   6.0183144e+05   3.1605583e+05   1.4703770e+05   3.7336141e+05   3.7566898e+05   2.7664297e+05   7.2846199e+05   4.4052608e+05   2.8966561e+05   3.5210500e+05   3.5057082e+05   3.6467078e+05   2.9410330e+05   2.8115599e+05   4.4881560e+05   3.3641355e+05   2.7501280e+05   2.8594086e+05   3.3707595e+05   4.8198674e+05   4.2153566e+05   4.4987940e+05   4.6079827e+05   4.2373133e+05   1.7447909e+05   3.1239208e+05   4.6214217e+05   4.8704244e+05
   3.2885753e+03   5.4832767e+03   7.8768236e+03   1.9820079e+03   2.9962532e+03   3.9721589e+03   4.3693337e+03   1.7856851e+03   4.8948872e+03   4.4875396e+03   2.0186799e+03   2.9544405e+03   1.9846124e+03   2.4159095e+03   3.4791342e+03   4.4745926e+03   3.6010168e+03   4.5973564e+03   1.8641897e+03   2.7303107e+03   2.8641625e+03   5.3028824e+03   2.9480148e+03   2.9072286e+03   2.9950023e+03   3.0818097e+03   3.6323183e+03   1.9745381e+03   4.8105396e+03   2.6907735e+03
   9.1783971e-01   8.9010215e-01   7.9840400e-01   5.2622758e-01   1.2811492e+00   8.4797613e-01   1.2569515e+00   3.9928800e-01   2.3157970e+00   9.9814619e-01   2.8318237e-01   1.0291871e+00   5.9491489e-01   1.1735080e+00   7.6841409e-01   5.9988615e-01   1.4298282e+00   1.9028555e+00   4.7186022e-01   1.2124642e+00   9.3986916e-01   2.5873996e+00   5.3269714e-01   8.3685359e-01   6.5366539e-01   6.5037263e-01   5.0581573e-01   3.2955035e-01   7.9688935e-01   1.2074166e+00
   3.3077427e-08   7.1558617e-08   7.0823077e-08   2.2386089e-08   1.8245343e-07   5.5517120e-08   8.9378176e-08   4.4316167e-08   9.8010318e-08   5.9496784e-08   3.2384762e-08   8.2267107e-08   1.1654933e-08   3.1609275e-08   3.1371286e-08   1.8163789e-08   5.7858514e-08   9.1676910e-08   4.6453621e-08   5.1723021e-08   6.1916381e-08   1.1303929e-07   3.1096391e-08   5.3962879e-08   1.8023130e-08   4.1369006e-08   0.0000000e+00   2.6293876e-08   2.5400297e-08   1.1303408e-07
   0.0000000e+00   0.0000000e+00   0.0000000e+00   0.0000000e+00   0.0000000e+00   0.0000000e+00   0.0000000e+00   0.0000000e+00   0.0000000e+00   0.0000000e+00   0.0000000e+00   0.0000000e+00   0.0000000e+00   0.0000000e+00   0.0000000e+00   0.0000000e+00   0.0000000e+00   0.0000000e+00   0.0000000e+00   0.0000000e+00   0.0000000e+00   0.0000000e+00   0.0000000e+00   0.0000000e+00   0.0000000e+00   0.0000000e+00   0.0000000e+00   0.0000000e+00   0.0000000e+00   0.0000000e+00
