   3.1088333e+04   1.3512651e+04   4.3905508e+04   1.3108252e+05   1.2519207e+05   8.6928708e+04   6.5184466e+04   1.0830398e+05   1.5462581e+04   1.9574774e+04   1.5101968e+03   1.8903110e+04   1.4634638e+04   1.0290150e+05   4.9184450e+04   8.9110691e+04   5.9017831e+04   1.0013439e+05   5.8348457e+04   4.0768828e+04   1.7338294e+04   1.3249214e+05   3.5923142e+04   2.0042436e+05   2.5685504e+04   1.2744645e+04   1.6645228e+04   3.7754192e+04   6.0410758e+04   7.7622326e+03
   2.7868393e+03   2.6032307e+03   6.6741358e+03   9.8940660e+01   7.0355278e+02   1.9870026e+02   5.5434925e+03   1.1009845e+04   3.7686949e+01   3.7676004e+03   1.3548034e+03   2.2221258e+02   8.0083761e+01   3.3162097e+03   8.5886726e+03   2.4878998e+03   3.3456899e+03   4.8961712e+03   8.2268140e+02   2.0591058e+03   1.7338294e+04   2.0176490e+04   2.6181617e+03   5.5780192e+03   2.9172918e+03   3.6693398e+02   7.4854930e+03   1.1998392e+04   1.6913054e+03   1.4332853e+02
   2.7868393e+03   4.3510128e+02   4.2692024e+02   2.6978113e+01   7.0355278e+02   1.9870026e+02   2.3675226e+03   8.1938605e+01   3.7686949e+01   2.1527047e+01   4.9559258e+02   9.2152704e+01   8.0083761e+01   2.1968773e+03   1.7837334e+03   1.7424505e+02   1.3894292e+02   2.8222109e+03   8.2268140e+02   8.6245241e+02   3.8802159e+01   1.6129332e+02   7.0293805e+01   2.3034674e+03   1.2086304e+02   3.6693398e+02   1.3984122e+02   1.7562565e+03   1.1648443e+02   1.4332853e+02
   5.8652398e+01   2.4695363e+02   2.9543756e+01   2.6978113e+01   5.4091361e+02   1.9870026e+02   2.3675226e+03   2.1714852e+01   3.7686949e+01   2.1527047e+01   4.9559258e+02   6.8071490e+01   8.0083761e+01   3.6800974e+01   7.3885410e+00   9.4617357e+01   1.3894292e+02   1.9679074e+01   1.6540921e+02   1.9635730e+02   3.8802159e+01   1.6129332e+02   7.0293805e+01   6.6244813e+01   1.2086304e+02   1.2503932e+02   1.3984122e+02   5.3199417e+01   3.2233760e+01   1.4332853e+02
   5.8652398e+01   3.9221440e+01   2.9543756e+01   1.4711050e+01   2.6902658e+01   8.0241446e+01   3.8928907e+01   8.6652069e+00   1.7502265e+01   2.1527047e+01   2.0045291e+02   3.1114891e+00   6.6454591e+01   3.4230097e+01   7.3885410e+00   3.0188154e+01   1.1829759e+02   1.9679074e+01   1.9528521e+01   2.4545273e+01   3.8802159e+01   1.3184234e+02   2.9491018e+01   4.4039707e+01   2.1611310e+01   1.1558529e+01   2.0278838e+01   2.1655180e+01   1.0172479e+01   1.3586783e+01
   1.3575210e+01   7.9171286e+00   2.8537602e+00   6.2310272e+00   6.7020102e+00   1.2006212e+01   7.3028156e+00   8.6652069e+00   1.1515887e+01   1.0304933e+01   1.3395701e+01   3.1114891e+00   4.7151283e+00   1.4165979e+01   7.3885410e+00   1.6899148e+01   1.3350310e+01   9.8493437e+00   1.6423189e+01   1.2437500e+01   1.4874365e+01   1.8702232e+01   7.9773680e+00   4.9321301e+00   9.9881478e+00   1.3372331e-02   1.0609317e+01   1.0225207e+01   9.6842672e+00   8.3280970e+00
   7.9087322e+00   6.8716559e+00   2.8537602e+00   5.0228083e+00   6.7020102e+00   6.3126538e+00   3.7515072e+00   2.5002957e+00   5.3291222e+00   8.6905005e+00   7.4492265e+00   3.1114891e+00   2.8158157e+00   7.7085305e+00   4.4671637e+00   9.1007466e+00   7.3006345e+00   8.0599789e+00   6.8397890e+00   4.2899146e+00   6.7925684e+00   6.3393455e+00   6.9495944e+00   4.9321301e+00   8.8501392e+00   1.3372331e-02   7.2896981e+00   1.0225207e+01   8.2058118e+00   5.7403155e+00
   4.2605056e+00   2.2904132e+00   2.8537602e+00   2.9651903e+00   2.3751159e+00   3.7686347e+00   2.8764204e+00   7.4039215e-01   1.5282810e+00   3.3920872e+00   7.5255537e-05   2.7958626e+00   2.8158157e+00   3.0469329e-01   9.8267488e-01   3.1268657e+00   2.6075994e+00   5.2511053e-01   3.9071818e+00   0.0000000e+00   3.5896504e+00   3.3782896e+00   2.0377589e-02   2.3510185e-07   3.5738581e+00   1.3372331e-02   1.7757503e+00   2.3415420e+00   2.8529829e+00   2.4407299e+00
   1.9982687e-01   2.5094823e-01   1.8405177e-02   5.6859128e-01   9.7224529e-01   6.8706017e-01   1.2504358e+00   3.7552154e-01   5.8182696e-02   4.5009681e-01   7.5255537e-05   1.9612252e-01   7.6627827e-02   1.8976863e-01   3.2299219e-03   1.3557694e+00   7.1250801e-01   1.2694156e-01   1.9061796e-01   0.0000000e+00   2.0110800e-04   4.4838475e-02   2.0377589e-02   2.3510185e-07   7.6416837e-08   1.3372331e-02   5.3359225e-02   1.1360063e-01   3.2959584e-02   9.6912538e-01
   5.0965061e-04   5.0959342e-04   2.7243979e-03   3.9954264e-06   8.3970031e-04   8.9971189e-03   1.6150454e-03   1.5350997e-04   1.5846732e-03   1.4672696e-04   7.5255537e-05   4.6867184e-04   1.8542376e-05   7.9246281e-05   0.0000000e+00   5.4808700e-06   4.5765641e-03   3.6878278e-04   7.2203450e-03   0.0000000e+00   2.0110800e-04   2.0614937e-07   2.0377589e-02   2.3510185e-07   7.6416837e-08   3.9283018e-04   1.1439134e-03   4.1052562e-03   1.9338071e-04   2.8258767e-07
   0.0000000e+00   0.0000000e+00   0.0000000e+00   0.0000000e+00   2.5477774e-08   0.0000000e+00   0.0000000e+00   1.7394110e-07   0.0000000e+00   0.0000000e+00   0.0000000e+00   0.0000000e+00   0.0000000e+00   0.0000000e+00   0.0000000e+00   1.4899178e-08   0.0000000e+00   0.0000000e+00   0.0000000e+00   0.0000000e+00   0.0000000e+00   0.0000000e+00   3.7024509e-07   0.0000000e+00   7.2101517e-08   0.0000000e+00   8.3537572e-08   5.2737059e-08   0.0000000e+00   5.6421055e-08
   0.0000000e+00   0.0000000e+00   0.0000000e+00   0.0000000e+00   0.0000000e+00   0.0000000e+00   0.0000000e+00   0.0000000e+00   0.0000000e+00   0.0000000e+00   0.0000000e+00   0.0000000e+00   0.0000000e+00   0.0000000e+00   0.0000000e+00   0.0000000e+00   0.0000000e+00   0.0000000e+00   0.0000000e+00   0.0000000e+00   0.0000000e+00   0.0000000e+00   0.0000000e+00   0.0000000e+00   0.0000000e+00   0.0000000e+00   0.0000000e+00   0.0000000e+00   0.0000000e+00   0.0000000e+00
   0.0000000e+00   0.0000000e+00   0.0000000e+00   0.0000000e+00   0.0000000e+00   0.0000000e+00   0.0000000e+00   0.0000000e+00   0.0000000e+00   0.0000000e+00   0.0000000e+00   0.0000000e+00   0.0000000e+00   0.0000000e+00   0.0000000e+00   0.0000000e+00   0.0000000e+00   0.0000000e+00   0.0000000e+00   0.0000000e+00   0.0000000e+00   0.0000000e+00   0.0000000e+00   0.0000000e+00   0.0000000e+00   0.0000000e+00   0.0000000e+00   0.0000000e+00   0.0000000e+00   0.0000000e+00
   0.0000000e+00   0.0000000e+00   0.0000000e+00   0.0000000e+00   0.0000000e+00   0.0000000e+00   0.0000000e+00   0.0000000e+00   0.0000000e+00   0.0000000e+00   0.0000000e+00   0.0000000e+00   0.0000000e+00   0.0000000e+00   0.0000000e+00   0.0000000e+00   0.0000000e+00   0.0000000e+00   0.0000000e+00   0.0000000e+00   0.0000000e+00   0.0000000e+00   0.0000000e+00   0.0000000e+00   0.0000000e+00   0.0000000e+00   0.0000000e+00   0.0000000e+00   0.0000000e+00   0.0000000e+00
   0.0000000e+00   0.0000000e+00   0.0000000e+00   0.0000000e+00   0.0000000e+00   0.0000000e+00   0.0000000e+00   0.0000000e+00   0.0000000e+00   0.0000000e+00   0.0000000e+00   0.0000000e+00   0.0000000e+00   0.0000000e+00   0.0000000e+00   0.0000000e+00   0.0000000e+00   0.0000000e+00   0.0000000e+00   0.0000000e+00   0.0000000e+00   0.0000000e+00   0.0000000e+00   0.0000000e+00   0.0000000e+00   0.0000000e+00   0.0000000e+00   0.0000000e+00   0.0000000e+00   0.0000000e+00
   0.0000000e+00   0.0000000e+00   0.0000000e+00   0.0000000e+00   0.0000000e+00   0.0000000e+00   0.0000000e+00   0.0000000e+00   0.0000000e+00   0.0000000e+00   0.0000000e+00   0.0000000e+00   0.0000000e+00   0.0000000e+00   0.0000000e+00   0.0000000e+00   0.0000000e+00   0.0000000e+00   0.0000000e+00   0.0000000e+00   0.0000000e+00   0.0000000e+00   0.0000000e+00   0.0000000e+00   0.0000000e+00   0.0000000e+00   0.0000000e+00   0.0000000e+00   0.0000000e+00   0.0000000e+00
