   1.0408891e+03   9.8038413e+02   9.6365650e+02   8.2342370e+02   9.2261617e+02   9.2304351e+02   9.7516524e+02   7.8883424e+02   1.0402492e+03   1.0144787e+03   9.9918943e+02   9.2073913e+02   1.0254692e+03   8.8802901e+02   8.9313441e+02   8.3696561e+02   1.1169682e+03   9.1058460e+02   1.0366002e+03   9.4475456e+02   8.6077852e+02   9.2743994e+02   1.0570695e+03   1.0261630e+03   7.7274895e+02   1.0375777e+03   8.3820960e+02   1.0101619e+03   9.9378807e+02   1.0746781e+03
   9.5345640e+02   9.7204740e+02   9.6365650e+02   8.2342370e+02   9.2069982e+02   9.2304351e+02   9.7516524e+02   7.8883424e+02   1.0111354e+03   1.0008366e+03   9.9236792e+02   9.2073913e+02   1.0241166e+03   8.8802901e+02   8.9313441e+02   8.3696561e+02   9.5893726e+02   9.1058460e+02   1.0211839e+03   8.0342321e+02   8.6077852e+02   9.2743994e+02   1.0570695e+03   9.9884057e+02   7.7274895e+02   1.0375777e+03   8.3820960e+02   1.0101619e+03   9.3807945e+02   1.0677047e+03
   9.5345640e+02   9.5906113e+02   9.6365650e+02   8.2342370e+02   9.2069982e+02   9.1430336e+02   8.5533312e+02   7.8883424e+02   1.0111354e+03   1.0008366e+03   9.9236792e+02   9.2073913e+02   9.7927300e+02   8.8802901e+02   8.9313441e+02   8.3696561e+02   9.5893726e+02   9.1058460e+02   1.0211839e+03   8.0342321e+02   8.6077852e+02   9.2743994e+02   1.0570695e+03   9.9884057e+02   7.7274895e+02   1.0375777e+03   8.0955724e+02   1.0101619e+03   9.3807945e+02   1.0112822e+03
   9.0449624e+02   9.3195598e+02   9.5311378e+02   8.2342370e+02   9.2069982e+02   9.1430336e+02   7.7771241e+02   7.8883424e+02   1.0111354e+03   9.6997534e+02   9.9236792e+02   9.2073913e+02   8.1921139e+02   8.8802901e+02   8.9313441e+02   7.9694830e+02   8.6863326e+02   9.1058460e+02   8.8010687e+02   8.0342321e+02   8.6077852e+02   9.2743994e+02   8.1817272e+02   8.8438135e+02   7.7274895e+02   1.0375777e+03   8.0955724e+02   1.0019893e+03   8.8287043e+02   1.0112822e+03
   9.0449624e+02   8.2873223e+02   9.5311378e+02   8.1581415e+02   8.7813207e+02   8.0173949e+02   7.7771241e+02   7.8883424e+02   9.4800722e+02   9.0598934e+02   9.9236792e+02   9.2073913e+02   7.8035765e+02   8.8802901e+02   8.9313441e+02   7.6131424e+02   8.6863326e+02   9.0974301e+02   8.8010687e+02   8.0342321e+02   7.5867793e+02   9.2743994e+02   8.1817272e+02   8.8438135e+02   7.7274895e+02   1.0287352e+03   8.0955724e+02   9.4142779e+02   8.7862685e+02   9.3077791e+02
   8.5402323e+02   7.9540776e+02   9.5311378e+02   8.1581415e+02   8.7813207e+02   7.8005759e+02   7.7771241e+02   7.8883424e+02   9.4800722e+02   9.0598934e+02   9.7535407e+02   8.2690499e+02   7.8035765e+02   8.8802901e+02   8.4412342e+02   7.6131424e+02   8.6863326e+02   8.8443691e+02   8.3391722e+02   8.0342321e+02   7.5867793e+02   7.5695263e+02   8.1817272e+02   8.8438135e+02   7.7274895e+02   9.2548663e+02   8.0955724e+02   9.3249129e+02   7.9828564e+02   8.8135474e+02
   8.5402323e+02   7.0625251e+02   8.9566358e+02   8.1581415e+02   8.5467418e+02   7.8005759e+02   6.3233708e+02   7.8883424e+02   9.0689238e+02   8.5234932e+02   8.0926876e+02   8.2690499e+02   7.8035765e+02   8.4282243e+02   8.4412342e+02   7.6131424e+02   8.2027579e+02   7.7228454e+02   8.1021989e+02   7.1918317e+02   7.5867793e+02   7.5695263e+02   8.1817272e+02   8.0266063e+02   7.7274895e+02   8.6407821e+02   8.0955724e+02   8.8974270e+02   7.9828564e+02   8.2926701e+02
   8.1423682e+02   7.0625251e+02   8.9107152e+02   7.6860774e+02   8.5467418e+02   7.8005759e+02   6.3233708e+02   7.0951386e+02   8.2078148e+02   8.5234932e+02   8.0926876e+02   7.2106639e+02   7.8035765e+02   8.1763363e+02   8.4412342e+02   7.6131424e+02   8.1913958e+02   7.6936789e+02   7.7263634e+02   7.1918317e+02   7.5867793e+02   7.5695263e+02   7.7335775e+02   8.0266063e+02   7.3066936e+02   8.4633212e+02   7.2978632e+02   8.3203049e+02   7.9828564e+02   8.2926701e+02
   7.6914940e+02   7.0254962e+02   8.0300235e+02   7.6860774e+02   6.9763374e+02   7.4059961e+02   6.3233708e+02   7.0652159e+02   7.6025094e+02   7.8677301e+02   7.3761229e+02   6.9074754e+02   7.4658513e+02   8.0169299e+02   6.7683400e+02   6.6513989e+02   7.5288265e+02   7.3550773e+02   7.4530846e+02   7.1918317e+02   7.5867793e+02   7.5695263e+02   7.7335775e+02   7.3059273e+02   7.2404963e+02   8.0916481e+02   7.2978632e+02   7.7154734e+02   7.7892206e+02   7.8036252e+02
   6.2160515e+02   5.9264715e+02   6.1279518e+02   6.2942972e+02   6.0152416e+02   6.1372898e+02   6.1572179e+02   6.4646630e+02   6.6188145e+02   6.3480563e+02   6.2886227e+02   5.9120633e+02   6.4202825e+02   6.3908152e+02   6.5043213e+02   6.2241574e+02   6.0050937e+02   6.1672491e+02   6.1697869e+02   6.0815865e+02   6.2918262e+02   6.2400211e+02   6.0802797e+02   6.1787541e+02   5.9726356e+02   6.5510667e+02   6.2605931e+02   6.3436299e+02   5.8778065e+02   6.0634943e+02
   5.3440636e+02   5.3425189e+02   5.4819153e+02   5.3455977e+02   5.2145562e+02   5.3566868e+02   5.4179479e+02   5.3818788e+02   5.3005216e+02   5.3082783e+02   5.2344195e+02   5.2930577e+02   5.3461181e+02   5.3073511e+02   5.3011558e+02   5.1874142e+02   5.3536183e+02   5.3702793e+02   5.4612220e+02   5.4176938e+02   5.1595265e+02   5.3724187e+02   5.3692288e+02   5.4553013e+02   5.4335860e+02   5.3523295e+02   5.2684666e+02   5.4639834e+02   5.4617527e+02   5.3131565e+02
   5.0392174e+02   4.8470546e+02   4.9158273e+02   4.8907411e+02   4.9965377e+02   5.0438962e+02   4.9902325e+02   5.1194979e+02   4.8865551e+02   4.8620300e+02   4.8332804e+02   4.9455667e+02   4.9252696e+02   4.9310322e+02   4.9911469e+02   5.0504402e+02   4.9312260e+02   4.9344738e+02   4.9997698e+02   4.9831381e+02   4.9423482e+02   5.0527721e+02   5.0422824e+02   5.0029999e+02   4.9639917e+02   5.0489621e+02   4.9075954e+02   4.8368826e+02   4.7834250e+02   4.9731394e+02
   4.7911735e+02   4.8470546e+02   4.7888500e+02   4.8474821e+02   4.7236650e+02   4.8761255e+02   4.7071078e+02   4.8136002e+02   4.7224570e+02   4.8079159e+02   4.7361438e+02   4.6123290e+02   4.7284853e+02   4.8455906e+02   4.7661837e+02   4.7744664e+02   4.7661450e+02   4.7347757e+02   4.8131665e+02   4.7925578e+02   4.5098625e+02   4.8789147e+02   4.8310615e+02   4.8186862e+02   4.8436856e+02   4.7876561e+02   4.7615920e+02   4.7501659e+02   4.7834250e+02   4.7932377e+02
   4.6831114e+02   4.7334826e+02   4.6596486e+02   4.7049921e+02   4.7139280e+02   4.6964599e+02   4.6938333e+02   4.7471723e+02   4.6919350e+02   4.6814681e+02   4.6649187e+02   4.5958985e+02   4.5643526e+02   4.6506040e+02   4.7523194e+02   4.5093571e+02   4.6780061e+02   4.6095600e+02   4.7038908e+02   4.7925578e+02   4.5098625e+02   4.6939574e+02   4.7063889e+02   4.5840369e+02   4.6510579e+02   4.6913235e+02   4.6957033e+02   4.6575438e+02   4.7333717e+02   4.7438762e+02
   4.3558574e+02   4.5170285e+02   4.5385218e+02   4.5565862e+02   4.2514807e+02   4.3991585e+02   4.5129571e+02   4.5603829e+02   4.4884441e+02   4.4825240e+02   4.4551079e+02   4.4461778e+02   4.4398678e+02   4.5122334e+02   4.5082115e+02   4.5069656e+02   4.5210812e+02   4.4624293e+02   4.5481332e+02   4.5112623e+02   4.4371585e+02   4.5516745e+02   4.4854480e+02   4.4865112e+02   4.4043187e+02   4.5526581e+02   4.5357864e+02   4.5357192e+02   4.4551601e+02   4.5299387e+02
   3.0000000e+02   3.0000000e+02   3.0000000e+02   3.0000000e+02   3.0000000e+02   3.0000000e+02   3.0000000e+02   3.0000000e+02   3.0000000e+02   3.0000000e+02   3.0000000e+02   3.0000000e+02   3.0000000e+02   3.0000000e+02   3.4869293e+02   3.6393482e+02   3.6499980e+02   3.6587761e+02   3.7478740e+02   3.7521933e+02   3.8752711e+02   3.8787562e+02   3.8939345e+02   3.8939345e+02   3.8949700e+02   3.8949700e+02   3.8949700e+02   3.8949700e+02   3.8949700e+02   3.9136848e+02
