   7.7274895e+02   8.9313441e+02   9.4475456e+02   9.2743994e+02   8.3696561e+02   8.3820960e+02   1.0101619e+03   9.7516524e+02   1.0570695e+03   1.0746781e+03   9.9378807e+02   7.8883424e+02   1.0366002e+03   8.8802901e+02   9.9918943e+02   9.2261617e+02   1.0144787e+03   8.2342370e+02   9.2073913e+02   1.0261630e+03   1.0408891e+03   9.8038413e+02   1.1169682e+03   1.0375777e+03   8.6077852e+02   1.0254692e+03   9.2304351e+02   1.0402492e+03   9.1058460e+02   9.6365650e+02
   7.7274895e+02   8.9313441e+02   8.0342321e+02   9.2743994e+02   8.3696561e+02   8.3820960e+02   1.0101619e+03   9.7516524e+02   1.0570695e+03   1.0677047e+03   9.3807945e+02   7.8883424e+02   1.0211839e+03   8.8802901e+02   9.9236792e+02   9.2069982e+02   1.0008366e+03   8.2342370e+02   9.2073913e+02   9.9884057e+02   9.5345640e+02   9.7204740e+02   9.5893726e+02   1.0375777e+03   8.6077852e+02   1.0241166e+03   9.2304351e+02   1.0111354e+03   9.1058460e+02   9.6365650e+02
   7.7274895e+02   8.9313441e+02   8.0342321e+02   9.2743994e+02   8.3696561e+02   8.0955724e+02   1.0101619e+03   8.5533312e+02   1.0570695e+03   1.0112822e+03   9.3807945e+02   7.8883424e+02   1.0211839e+03   8.8802901e+02   9.9236792e+02   9.2069982e+02   1.0008366e+03   8.2342370e+02   9.2073913e+02   9.9884057e+02   9.5345640e+02   9.5906113e+02   9.5893726e+02   1.0375777e+03   8.6077852e+02   9.7927300e+02   9.1430336e+02   1.0111354e+03   9.1058460e+02   9.6365650e+02
   7.7274895e+02   8.9313441e+02   8.0342321e+02   9.2743994e+02   8.3696561e+02   8.0955724e+02   1.0101619e+03   8.5533312e+02   8.7692733e+02   1.0112822e+03   7.4224251e+02   7.8883424e+02   8.3648872e+02   8.8802901e+02   9.4544876e+02   9.2069982e+02   1.0008366e+03   8.2342370e+02   9.2073913e+02   9.9884057e+02   7.7727396e+02   9.4187387e+02   8.8646280e+02   1.0050987e+03   8.6077852e+02   9.0647698e+02   9.1430336e+02   1.0111354e+03   9.1058460e+02   9.2774318e+02
   7.7274895e+02   8.9313441e+02   7.5396473e+02   8.9740949e+02   8.1514734e+02   7.3863136e+02   9.6451412e+02   8.2355836e+02   8.6556367e+02   9.6450460e+02   7.4224251e+02   7.8883424e+02   8.3648872e+02   8.2491944e+02   8.9080174e+02   8.2924313e+02   9.5079598e+02   8.2312092e+02   8.3236139e+02   9.9884057e+02   7.7727396e+02   9.4187387e+02   8.2741423e+02   1.0050987e+03   8.2599057e+02   8.5621541e+02   9.1430336e+02   8.2217604e+02   7.5867037e+02   9.2774318e+02
   7.7274895e+02   8.9313441e+02   7.5396473e+02   8.9740949e+02   8.1514734e+02   6.7993772e+02   8.4071326e+02   8.2355836e+02   8.6556367e+02   9.6450460e+02   7.4224251e+02   7.8883424e+02   8.3075231e+02   8.2422045e+02   8.9080174e+02   8.2924313e+02   8.8502109e+02   8.2312092e+02   8.3236139e+02   7.9754652e+02   7.7727396e+02   8.8894885e+02   8.2741423e+02   9.0479861e+02   8.2599057e+02   8.4431642e+02   9.0441242e+02   7.2397257e+02   7.5867037e+02   8.7800084e+02
   7.7274895e+02   7.8729558e+02   7.4795074e+02   8.8441858e+02   8.1514734e+02   6.7993772e+02   8.4071326e+02   8.2355836e+02   8.4237027e+02   9.2753979e+02   7.4224251e+02   7.7290613e+02   8.1639291e+02   8.2422045e+02   8.4175366e+02   8.0333532e+02   8.3690165e+02   8.2312092e+02   8.3236139e+02   7.9754652e+02   7.7727396e+02   8.5693451e+02   8.2741423e+02   8.5130138e+02   8.2599057e+02   8.4431642e+02   8.5090011e+02   7.1794781e+02   7.5867037e+02   8.2329787e+02
   7.1672925e+02   7.8729558e+02   7.4795074e+02   8.5936474e+02   8.1514734e+02   6.7993772e+02   7.8776394e+02   7.8554139e+02   7.3954919e+02   8.4991094e+02   7.1482427e+02   7.7290613e+02   8.1639291e+02   8.2422045e+02   8.4175366e+02   8.0333532e+02   8.1247015e+02   7.3582509e+02   8.0136748e+02   7.7830335e+02   7.7727396e+02   7.7948257e+02   7.4340163e+02   7.9158457e+02   7.7037821e+02   7.5147284e+02   8.0810679e+02   7.1767691e+02   7.5867037e+02   8.2329787e+02
   7.1672925e+02   7.8621727e+02   7.4795074e+02   8.1573708e+02   7.8255631e+02   6.7970059e+02   7.6380737e+02   7.3541996e+02   7.3954919e+02   7.3693015e+02   7.1482427e+02   7.7290613e+02   7.5745770e+02   7.3584866e+02   7.4614242e+02   8.0333532e+02   7.8226633e+02   7.1121922e+02   7.5903662e+02   7.7830335e+02   6.8167613e+02   7.7948257e+02   7.4340163e+02   7.3190139e+02   7.7037821e+02   7.3483791e+02   8.0810679e+02   7.1767691e+02   7.5336144e+02   7.9502153e+02
   6.3204822e+02   6.1946655e+02   6.3789790e+02   6.5230352e+02   6.1867696e+02   6.1331039e+02   6.1336044e+02   6.2702167e+02   6.3863533e+02   6.3355005e+02   6.1013927e+02   6.2473112e+02   6.4062390e+02   6.2698010e+02   6.3338726e+02   6.2302662e+02   6.0741729e+02   6.2414989e+02   6.2329243e+02   6.4224513e+02   6.4093090e+02   6.0360749e+02   6.0103172e+02   6.4213538e+02   6.1958741e+02   6.3687064e+02   5.8866227e+02   6.1457080e+02   6.2243525e+02   6.3621321e+02
   5.2840481e+02   5.3719493e+02   5.3975784e+02   5.3870461e+02   5.3152623e+02   5.2438890e+02   5.1661082e+02   4.9753845e+02   5.2858191e+02   5.4718077e+02   5.3114335e+02   5.3871213e+02   5.2105165e+02   5.3246046e+02   5.3285497e+02   5.3807730e+02   5.0502924e+02   5.4019391e+02   5.2697030e+02   5.4141780e+02   5.4836577e+02   5.0653183e+02   5.3348071e+02   5.1427451e+02   5.3708536e+02   5.2285466e+02   5.4494716e+02   5.3530615e+02   5.3086336e+02   5.3051351e+02
   4.9010673e+02   4.9557234e+02   4.9694033e+02   4.9803845e+02   4.9750158e+02   5.0129638e+02   4.9904202e+02   4.9223083e+02   4.9339927e+02   4.9554831e+02   4.8643435e+02   4.9945132e+02   4.8561396e+02   5.0427717e+02   4.9149056e+02   5.0490355e+02   5.0109975e+02   4.7839076e+02   4.9191554e+02   4.9366367e+02   5.0372367e+02   5.0138838e+02   4.8819133e+02   4.9484366e+02   4.8846601e+02   4.8942941e+02   5.0009049e+02   4.9238303e+02   4.7877842e+02   4.9226952e+02
   4.7371053e+02   4.8834765e+02   4.8202451e+02   4.7081564e+02   4.7719774e+02   4.8565203e+02   4.7306502e+02   4.8149093e+02   4.7556281e+02   4.8865950e+02   4.7981346e+02   4.8438942e+02   4.7028016e+02   4.8203469e+02   4.6379733e+02   4.7570411e+02   4.7868801e+02   4.7394700e+02   4.8565076e+02   4.7839052e+02   4.7982182e+02   4.7573078e+02   4.8792885e+02   4.7235667e+02   4.8058494e+02   4.7236143e+02   4.7212855e+02   4.8002522e+02   4.7594405e+02   4.9049365e+02
   4.6897191e+02   4.6406756e+02   4.5664373e+02   4.5658515e+02   4.6962156e+02   4.6097269e+02   4.6452150e+02   4.6667261e+02   4.6597615e+02   4.7129573e+02   4.7547085e+02   4.6081878e+02   4.7028016e+02   4.7274722e+02   4.6379733e+02   4.6878698e+02   4.5782928e+02   4.6427771e+02   4.6463114e+02   4.7045179e+02   4.6748831e+02   4.5917587e+02   4.6490049e+02   4.7179508e+02   4.6331123e+02   4.5551016e+02   4.5602212e+02   4.6727119e+02   4.6962107e+02   4.4884260e+02
   3.5056423e+02   4.4894660e+02   4.5046207e+02   4.5489668e+02   4.4413849e+02   4.5318515e+02   4.4622269e+02   4.5316357e+02   4.5263733e+02   4.4738668e+02   4.4870810e+02   4.4887356e+02   4.5045825e+02   4.4192586e+02   4.4397202e+02   4.5378652e+02   4.4847248e+02   4.5418902e+02   4.5629693e+02   4.4926205e+02   4.5064558e+02   4.4760878e+02   4.5298312e+02   4.5350558e+02   4.4973883e+02   4.4817916e+02   4.5602212e+02   4.5210926e+02   4.4717720e+02   4.4758384e+02
   1.0000000e+02   3.0000000e+02   3.0000000e+02   3.0000000e+02   3.0000000e+02   3.0000000e+02   3.0000000e+02   3.0000000e+02   3.0000000e+02   3.0000000e+02   3.0000000e+02   3.0000000e+02   3.0000000e+02   3.0000000e+02   3.7277558e+02   3.7878143e+02   3.8118364e+02   3.8787562e+02   3.8787562e+02   3.8905474e+02   3.8939345e+02   3.8939345e+02   3.8949700e+02   3.8949700e+02   3.8949700e+02   3.8949700e+02   3.8949700e+02   3.8949700e+02   3.8949700e+02   3.8954024e+02
