   1.7408467e+06   3.3830971e+06   7.4974601e+05   1.8573427e+06   2.1432981e+06   5.9087177e+05   8.9825051e+05   2.2242639e+06   3.4253102e+06   7.7228513e+05   9.2334268e+05   1.0123314e+06   1.9214882e+06   1.6507246e+06   4.0734565e+04   2.6265953e+06   3.9440536e+06   3.9844637e+05   3.1849876e+05   3.2652127e+05   1.4158910e+06   8.7714385e+05   6.3834146e+05   1.1149769e+06   3.7932490e+06   3.3596451e+06   1.4662867e+06   3.4756413e+05   2.5408952e+06   6.5670112e+05
   1.7408467e+06   3.3830971e+06   4.6939659e+05   1.0129103e+06   8.7380909e+05   2.0136032e+05   2.5681486e+05   1.0507428e+05   2.7786761e+05   5.2847417e+05   9.2334268e+05   4.7807375e+05   3.1927859e+05   1.0142977e+06   4.0734565e+04   3.7429245e+04   2.8194656e+05   3.9844637e+05   3.1849876e+05   3.2652127e+05   1.1540207e+06   4.0601737e+05   6.3834146e+05   8.9279602e+04   3.7932490e+06   6.5693180e+05   3.4051268e+05   3.4756413e+05   1.5730832e+06   6.5670112e+05
   1.1411635e+05   9.3494425e+05   5.1123618e+04   1.1329248e+05   3.8536714e+05   2.0136032e+05   2.0963088e+05   1.0507428e+05   2.7786761e+05   5.2847417e+05   3.7800451e+04   9.6813182e+03   3.0610977e+05   4.2395937e+05   4.0734565e+04   3.7429245e+04   2.8194656e+05   1.2862897e+04   3.4899599e+04   3.2652127e+05   1.9665374e+05   5.7655225e+04   5.8979945e+05   8.9279602e+04   3.6328279e+05   6.4640122e+03   3.4051268e+05   1.6112322e+05   8.4587387e+03   5.6611067e+05
   1.8579120e+03   9.3494425e+05   5.1123618e+04   8.3419951e+04   2.7606223e+04   2.0136032e+05   5.7513518e+04   1.0507428e+05   1.8315186e+05   1.8524776e+05   3.7800451e+04   9.6813182e+03   3.0453515e+05   6.7388391e+04   4.0734565e+04   2.5090261e+04   1.2842464e+05   1.2732135e+04   3.4899599e+04   3.5374627e+04   1.9665374e+05   5.7655225e+04   9.8462918e+04   8.9279602e+04   1.0556871e+05   6.4640122e+03   3.4051268e+05   1.6112322e+05   8.4587387e+03   2.0200033e+05
   1.8579120e+03   1.5175876e+04   5.1123618e+04   6.7495172e+04   1.1458344e+04   3.5012068e+03   5.7513518e+04   2.3680778e+04   1.8315186e+05   1.2018365e+05   1.5595210e+04   9.6813182e+03   9.2882840e+03   1.9167478e+04   4.0734565e+04   2.5090261e+04   1.2842464e+05   1.2732135e+04   2.5277312e+04   5.2679033e+02   1.6694202e+04   5.7655225e+04   3.8686379e+04   4.7825966e+04   1.0556871e+05   6.4640122e+03   1.8125807e+04   1.3546652e+05   8.4587387e+03   2.1380587e+04
   1.8175242e+03   1.8088717e+03   8.1520113e+02   6.7495172e+04   6.1624857e+03   3.5012068e+03   1.4180064e+04   1.3807335e+04   5.3448773e+04   4.2951420e+04   6.4402671e+03   9.6813182e+03   9.2882840e+03   4.2473403e+03   2.1875795e+04   2.5090261e+04   1.5829026e+03   1.2732135e+04   1.3175480e+04   5.2679033e+02   1.6694202e+04   1.8885964e+04   1.2378664e+04   2.0837468e+04   1.0556871e+05   3.2885170e+03   1.8058655e+04   1.2967281e+03   8.4587387e+03   1.7508595e+04
   1.8175242e+03   1.8088717e+03   8.1520113e+02   3.2539150e+03   1.4204630e+03   3.4513504e+03   7.2862283e+02   7.8044023e+03   2.3173818e+03   5.8843854e+03   3.7643939e+03   3.7489866e+02   8.8517624e+02   5.6516412e+02   1.0278550e+03   2.7628330e+03   1.5829026e+03   6.5294935e+03   1.2388488e+04   5.2679033e+02   8.9022296e+03   1.1084609e+03   1.1608963e+03   1.5928846e+04   3.3444614e+04   2.6918445e+03   3.9105375e+03   1.2967281e+03   3.8753629e+03   3.1753307e+03
   9.4689692e+02   8.2553045e+02   8.1520113e+02   6.0974115e+02   1.4204630e+03   1.4299430e+03   7.2862283e+02   1.4540911e+03   4.6511649e+02   1.5559397e+03   2.4289926e+03   3.7489866e+02   5.5036538e+02   5.6152793e+01   1.0082962e+03   5.4401504e+02   8.8551233e+02   4.5559248e+02   1.2276715e+03   1.8471482e+02   1.5212824e+03   1.0503669e+03   9.0202698e+02   2.0174948e+03   9.1636384e+00   7.8996529e+02   6.9721818e+01   2.7610649e+02   1.9092338e+03   1.5505778e+03
   2.3216203e+01   4.4389987e+02   8.0649255e+01   2.5998983e+02   1.3745191e+02   7.2451716e+02   8.5457278e+00   2.9109707e+02   4.6511649e+02   9.4022253e+01   1.8389952e+02   3.7489866e+02   3.1811974e+02   3.8555687e+01   3.4024981e+02   5.4401504e+02   3.3679168e+02   4.5559248e+02   9.2772751e+01   6.4960877e+01   5.3840533e+02   4.3737070e+02   2.3234221e+02   2.3556025e+02   9.1636384e+00   1.0520405e+02   6.9721818e+01   8.1473167e+01   4.8646694e+02   5.3748170e+02
   2.3216203e+01   1.2142092e+02   2.1317067e+01   4.0669840e+00   3.8024996e+00   8.9021404e+01   8.5457278e+00   6.1575434e+01   5.7030006e+01   7.2913630e+00   1.3953980e+01   4.8180997e-02   1.2454431e+02   8.8447210e+00   2.4107030e+01   5.4092141e+01   1.8477792e+01   2.1675564e+01   7.3796343e+00   1.7250776e+01   2.4176250e+01   7.6652957e+01   5.5348140e+01   8.9198331e+00   2.5948443e+00   5.0200087e+00   3.0552063e+01   2.6586674e+01   3.1397940e+01   4.8464563e+00
   3.8234392e+00   9.7134440e+00   1.9549887e-01   2.3109160e+00   1.7408568e+00   1.6909532e+00   1.0514398e+00   8.2631939e-01   9.1964350e-01   1.4073143e+00   3.5360973e+00   4.8180997e-02   8.1593318e+00   2.2396897e+00   1.8069448e+00   2.8590601e+00   1.5165107e+00   1.9791890e-01   2.2721741e+00   5.4053407e-01   3.2953186e+00   7.0466045e+00   1.0743677e+01   1.3060858e+00   4.8956557e-01   2.4011518e+00   1.8939382e+00   6.9484673e-01   3.4973569e+00   4.8464563e+00
   9.2708615e-02   1.4639117e-01   1.3506309e-01   8.9989967e-02   1.2183169e-01   3.0824517e-01   5.8849794e-02   6.3045603e-02   6.9461629e-02   9.7597809e-02   1.3363622e-01   4.8180997e-02   1.4243741e-01   1.1942655e-01   9.2283733e-02   3.4986402e-01   3.2714011e-02   8.4411433e-02   1.3538365e-01   2.7473595e-02   8.0842351e-02   6.2061927e-01   1.2790713e-01   1.2685580e-01   3.6678776e-02   3.8804516e-02   4.2211486e-02   3.9106618e-01   9.0055553e-02   1.4264742e-01
   8.8955444e-05   2.0474022e-04   1.4842290e-03   1.7005604e-04   1.8953108e-04   1.2359263e-04   5.3917680e-05   1.8877581e-04   1.9387802e-05   2.3085487e-05   7.2753602e-04   2.7762005e-04   1.0670179e-04   4.3105056e-05   2.0209318e-05   4.9693574e-04   2.0834017e-05   6.6176242e-05   1.3497528e-04   7.3965930e-05   7.3194010e-05   1.3398222e-04   2.3353545e-04   2.6172981e-05   1.4791677e-05   1.3810471e-04   1.4146318e-04   1.1602395e-03   3.1075110e-05   1.8268175e-04
   0.0000000e+00   0.0000000e+00   0.0000000e+00   0.0000000e+00   0.0000000e+00   0.0000000e+00   0.0000000e+00   0.0000000e+00   0.0000000e+00   0.0000000e+00   0.0000000e+00   0.0000000e+00   0.0000000e+00   0.0000000e+00   0.0000000e+00   0.0000000e+00   0.0000000e+00   0.0000000e+00   0.0000000e+00   0.0000000e+00   0.0000000e+00   0.0000000e+00   0.0000000e+00   0.0000000e+00   0.0000000e+00   0.0000000e+00   0.0000000e+00   0.0000000e+00   0.0000000e+00   0.0000000e+00
   0.0000000e+00   0.0000000e+00   0.0000000e+00   0.0000000e+00   0.0000000e+00   0.0000000e+00   0.0000000e+00   0.0000000e+00   0.0000000e+00   0.0000000e+00   0.0000000e+00   0.0000000e+00   0.0000000e+00   0.0000000e+00   0.0000000e+00   0.0000000e+00   0.0000000e+00   0.0000000e+00   0.0000000e+00   0.0000000e+00   0.0000000e+00   0.0000000e+00   0.0000000e+00   0.0000000e+00   0.0000000e+00   0.0000000e+00   0.0000000e+00   0.0000000e+00   0.0000000e+00   0.0000000e+00
   0.0000000e+00   0.0000000e+00   0.0000000e+00   0.0000000e+00   0.0000000e+00   0.0000000e+00   0.0000000e+00   0.0000000e+00   0.0000000e+00   0.0000000e+00   0.0000000e+00   0.0000000e+00   0.0000000e+00   0.0000000e+00   0.0000000e+00   0.0000000e+00   0.0000000e+00   0.0000000e+00   0.0000000e+00   0.0000000e+00   0.0000000e+00   0.0000000e+00   0.0000000e+00   0.0000000e+00   0.0000000e+00   0.0000000e+00   0.0000000e+00   0.0000000e+00   0.0000000e+00   0.0000000e+00
