   4.7725182e+02   4.5260051e+02   4.0416160e+02   3.6806804e+02   4.8161959e+02   4.8092318e+02   5.5619829e+02   4.1396272e+02   5.1512665e+02   5.4516551e+02   2.6859765e+02   3.9318665e+02   3.7215874e+02   2.7615054e+02   2.9359987e+02   4.4505128e+02   4.4985854e+02   4.0548895e+02   4.8364115e+02   4.9576669e+02   4.3389423e+02   5.5728188e+02   4.3300223e+02   4.2528175e+02   4.4915795e+02   5.3043483e+02   4.1654054e+02   5.2018540e+02   2.6730291e+02   4.4969805e+02
   1.4755451e+01   1.4654911e+01   1.0188074e+01   1.9302394e+01   5.5403672e+00   3.7721172e+00   4.4810084e+01   1.1952524e+01   4.0977530e+00   1.5871771e+01   4.1796231e+01   3.0974438e+01   4.2200724e+01   2.8700294e+01   1.1401493e+00   8.1332591e+00   1.1711306e+01   5.1616230e+01   5.9967685e+01   2.7671229e+01   1.8462514e+01   3.7149510e+01   1.4604232e+01   5.9232009e+00   7.2352912e+00   2.6858064e+00   1.7764213e+01   3.7902528e+01   1.5453844e+00   1.3350222e+00
   7.3565921e+00   1.1008112e+01   1.0188074e+01   1.9302394e+01   5.5403672e+00   3.7721172e+00   1.9020485e+00   1.0344910e+01   2.8247775e-01   1.5466600e+01   1.1209608e+01   9.7943110e+00   2.2151335e+00   2.6155747e+00   1.1401493e+00   8.1332591e+00   1.1711306e+01   1.0382266e+00   2.6037939e+01   3.9230568e+00   1.8435529e+01   2.3117983e+01   1.4604232e+01   5.9232009e+00   7.2352912e+00   1.1945542e+00   1.4137148e+01   1.0068471e+01   1.5453844e+00   1.3350222e+00
   3.3777998e+00   1.0921446e+01   8.3208760e+00   1.2798234e+01   5.5403672e+00   3.7721172e+00   1.9020485e+00   8.0555427e+00   2.8247775e-01   8.0920426e+00   1.1209608e+01   9.6209464e-01   2.2151335e+00   2.6155747e+00   1.1401493e+00   8.1332591e+00   7.9422495e+00   1.0382266e+00   9.2138972e+00   1.3319430e-01   1.1025036e+01   1.2988616e+01   1.1885737e+01   5.9232009e+00   7.2352912e+00   1.1945542e+00   1.2601257e+01   9.5341388e+00   1.5453844e+00   8.6051857e-01
   3.3777998e+00   6.3765236e+00   8.3208760e+00   5.6585182e+00   5.5403672e+00   1.0479613e+00   1.9020485e+00   4.7936312e+00   2.8247775e-01   4.5419936e+00   3.7461273e+00   9.6209464e-01   2.2151335e+00   1.3779985e-01   8.6212135e-02   2.4371851e-01   7.9422495e+00   1.0382266e+00   2.5987561e+00   1.3319430e-01   7.4091034e+00   6.3925901e+00   1.3848426e-01   1.2340878e+00   4.2126408e+00   1.1945542e+00   3.0126124e-01   1.4508268e-01   1.5453844e+00   8.6051857e-01
   1.8448384e+00   1.3666765e+00   2.7706160e+00   5.1802038e-01   3.0406425e+00   9.4086653e-01   1.1667701e+00   4.7936312e+00   2.8247775e-01   2.1327114e+00   1.7318117e+00   9.6209464e-01   8.2687103e-01   1.3779985e-01   8.6212135e-02   2.4371851e-01   6.5898788e+00   1.0382266e+00   2.6734746e-01   1.3319430e-01   6.4856388e+00   4.8898897e-01   1.3848426e-01   1.2340878e+00   3.2494090e+00   1.1945542e+00   3.0126124e-01   1.4508268e-01   1.5453844e+00   6.7870920e-02
   1.8448384e+00   1.3666765e+00   1.4400260e-01   5.1802038e-01   2.3741845e+00   9.4086653e-01   1.1667701e+00   2.6990676e-02   2.8247775e-01   3.6221474e-01   1.6284635e-01   9.6209464e-01   2.0964523e-01   1.3779985e-01   8.6212135e-02   2.4371851e-01   1.7379822e+00   1.0382266e+00   2.6734746e-01   1.2107175e-01   1.3003429e-01   4.8898897e-01   1.3848426e-01   1.2340878e+00   1.9555533e-01   8.1072753e-01   1.7812460e-01   1.4508268e-01   2.9691704e-01   6.7870920e-02
   4.8290870e-03   2.9265847e-03   3.5090704e-03   7.0018264e-03   3.3712055e-02   7.4458067e-04   6.5747695e-03   1.0598099e-02   1.8352950e-02   3.5031948e-02   3.4637435e-02   8.2511248e-03   2.3852215e-03   1.9592790e-02   3.1960740e-03   1.9577839e-02   1.4955837e-03   1.9763606e-02   1.7514857e-02   4.3558622e-03   2.1763121e-02   2.1578823e-02   1.2646935e-02   2.9515751e-02   1.2168036e-02   3.0791739e-02   4.0448156e-02   3.2163351e-03   1.3885483e-02   1.0776822e-02
   1.0952694e-03   7.0293335e-04   6.6582676e-04   2.7326557e-04   7.1097942e-05   3.6795025e-04   3.5575780e-04   9.4092035e-05   9.1288711e-05   3.8163270e-04   5.6279348e-04   3.4810750e-04   6.7391872e-04   2.3453908e-04   7.9562780e-05   3.4532891e-04   1.1229854e-04   1.0528537e-03   2.9421916e-04   7.3604334e-05   1.3869680e-04   8.9420917e-05   1.4501016e-03   6.5391780e-04   7.5579913e-04   3.5920636e-04   2.0446023e-04   9.1003367e-04   5.6253098e-04   6.1950380e-04
   7.5436006e-07   7.1726362e-08   1.6457804e-08   1.6272445e-06   3.3425532e-08   6.3487808e-07   3.6999088e-06   4.7618078e-07   1.7011324e-06   4.1091578e-07   8.7686003e-07   6.2128818e-07   8.3504666e-07   4.7592900e-08   5.9913717e-07   3.1736187e-07   6.5616978e-07   3.9648764e-07   1.8533305e-06   1.9879805e-06   3.8072744e-06   1.9297755e-06   1.9544307e-06   5.1757423e-07   2.3078858e-06   7.6119056e-07   3.2626062e-06   1.0746291e-06   1.2595214e-08   3.5033637e-06
   0.0000000e+00   0.0000000e+00   0.0000000e+00   0.0000000e+00   0.0000000e+00   0.0000000e+00   0.0000000e+00   0.0000000e+00   0.0000000e+00   0.0000000e+00   0.0000000e+00   0.0000000e+00   0.0000000e+00   0.0000000e+00   0.0000000e+00   0.0000000e+00   0.0000000e+00   0.0000000e+00   0.0000000e+00   0.0000000e+00   0.0000000e+00   0.0000000e+00   0.0000000e+00   0.0000000e+00   0.0000000e+00   0.0000000e+00   0.0000000e+00   0.0000000e+00   0.0000000e+00   0.0000000e+00
   0.0000000e+00   0.0000000e+00   0.0000000e+00   0.0000000e+00   0.0000000e+00   0.0000000e+00   0.0000000e+00   0.0000000e+00   0.0000000e+00   0.0000000e+00   0.0000000e+00   0.0000000e+00   0.0000000e+00   0.0000000e+00   0.0000000e+00   0.0000000e+00   0.0000000e+00   0.0000000e+00   0.0000000e+00   0.0000000e+00   0.0000000e+00   0.0000000e+00   0.0000000e+00   0.0000000e+00   0.0000000e+00   0.0000000e+00   0.0000000e+00   0.0000000e+00   0.0000000e+00   0.0000000e+00
   0.0000000e+00   0.0000000e+00   0.0000000e+00   0.0000000e+00   0.0000000e+00   0.0000000e+00   0.0000000e+00   0.0000000e+00   0.0000000e+00   0.0000000e+00   0.0000000e+00   0.0000000e+00   0.0000000e+00   0.0000000e+00   0.0000000e+00   0.0000000e+00   0.0000000e+00   0.0000000e+00   0.0000000e+00   0.0000000e+00   0.0000000e+00   0.0000000e+00   0.0000000e+00   0.0000000e+00   0.0000000e+00   0.0000000e+00   0.0000000e+00   0.0000000e+00   0.0000000e+00   0.0000000e+00
   0.0000000e+00   0.0000000e+00   0.0000000e+00   0.0000000e+00   0.0000000e+00   0.0000000e+00   0.0000000e+00   0.0000000e+00   0.0000000e+00   0.0000000e+00   0.0000000e+00   0.0000000e+00   0.0000000e+00   0.0000000e+00   0.0000000e+00   0.0000000e+00   0.0000000e+00   0.0000000e+00   0.0000000e+00   0.0000000e+00   0.0000000e+00   0.0000000e+00   0.0000000e+00   0.0000000e+00   0.0000000e+00   0.0000000e+00   0.0000000e+00   0.0000000e+00   0.0000000e+00   0.0000000e+00
   0.0000000e+00   0.0000000e+00   0.0000000e+00   0.0000000e+00   0.0000000e+00   0.0000000e+00   0.0000000e+00   0.0000000e+00   0.0000000e+00   0.0000000e+00   0.0000000e+00   0.0000000e+00   0.0000000e+00   0.0000000e+00   0.0000000e+00   0.0000000e+00   0.0000000e+00   0.0000000e+00   0.0000000e+00   0.0000000e+00   0.0000000e+00   0.0000000e+00   0.0000000e+00   0.0000000e+00   0.0000000e+00   0.0000000e+00   0.0000000e+00   0.0000000e+00   0.0000000e+00   0.0000000e+00
   0.0000000e+00   0.0000000e+00   0.0000000e+00   0.0000000e+00   0.0000000e+00   0.0000000e+00   0.0000000e+00   0.0000000e+00   0.0000000e+00   0.0000000e+00   0.0000000e+00   0.0000000e+00   0.0000000e+00   0.0000000e+00   0.0000000e+00   0.0000000e+00   0.0000000e+00   0.0000000e+00   0.0000000e+00   0.0000000e+00   0.0000000e+00   0.0000000e+00   0.0000000e+00   0.0000000e+00   0.0000000e+00   0.0000000e+00   0.0000000e+00   0.0000000e+00   0.0000000e+00   0.0000000e+00
