   3.0771749e+10   3.4052204e+10   3.1686333e+10   2.7682217e+10   2.1350853e+10   3.2335332e+10   2.9086274e+10   3.2911298e+10   2.2769395e+10   2.5862173e+10   3.1332900e+10   3.2580514e+10   2.3020758e+10   3.2335332e+10   3.0601255e+10   2.8469056e+10   2.4310357e+10   2.5248108e+10   2.4324486e+10   2.6620770e+10   3.2424398e+10   3.0665411e+10   2.5749912e+10   1.7765378e+10   2.9899506e+10   2.2237519e+10   2.8913593e+10   3.7325812e+10   3.0318979e+10   3.0848718e+10
   1.3533040e+10   1.4318357e+10   1.8486344e+10   9.7705084e+09   9.8104103e+09   3.9485337e+09   5.4454567e+09   1.1543010e+10   8.8619090e+09   1.2170528e+10   2.7301407e+09   1.8004584e+10   1.3035476e+10   3.9485337e+09   1.2660201e+10   1.1860206e+10   1.5496715e+10   1.2063792e+10   1.0407605e+10   1.4757307e+10   7.7532717e+09   8.1790901e+09   1.5052951e+10   9.9268117e+09   6.3450166e+09   7.1808945e+09   1.1505673e+10   1.2319629e+10   7.9761974e+09   1.5726211e+10
   5.7157007e+09   5.4541717e+09   5.1513202e+09   7.1798001e+09   4.0408059e+09   3.9485337e+09   5.4454567e+09   7.4422114e+09   5.0556425e+09   4.0782113e+09   2.3815298e+09   7.4356036e+09   4.4316596e+09   3.9485337e+09   3.5497035e+09   7.4633920e+09   3.8055828e+09   6.1711136e+09   5.0822449e+09   1.9505060e+09   6.2753116e+09   6.1326173e+09   8.1481419e+09   4.9710641e+09   6.3450166e+09   5.3865406e+09   8.3889936e+09   1.2223283e+10   4.1357270e+09   7.2037994e+09
   2.5857589e+09   1.9025439e+09   1.9826220e+09   1.7223363e+09   1.3319750e+09   2.4577734e+08   3.5660000e+09   5.7091335e+09   1.4753826e+09   4.0782113e+09   2.1300769e+09   4.1013530e+09   2.3761658e+09   2.4577734e+08   2.3389961e+09   2.5170145e+09   2.2168963e+09   3.1587250e+09   1.4558124e+09   1.9505060e+09   1.1422974e+09   6.1326173e+09   4.2133927e+09   7.9813317e+08   5.1287755e+09   3.4209966e+09   2.6627739e+09   4.8328470e+09   3.6693786e+09   4.2618892e+09
   1.3268296e+09   1.9025439e+09   1.9826220e+09   1.7223363e+09   8.6250093e+08   2.4577734e+08   3.0774115e+09   2.0442547e+09   1.4753826e+09   2.9948331e+09   2.1300769e+09   1.6924005e+09   2.1188345e+09   2.4577734e+08   2.2486285e+09   2.5170145e+09   2.2168963e+09   1.9936197e+09   2.9825571e+08   1.9505060e+09   1.1422974e+09   2.3430405e+09   2.7451680e+09   7.9813317e+08   3.9018881e+09   3.3387102e+09   2.2653935e+09   1.6214555e+09   2.0596825e+09   2.4091322e+09
   1.3268296e+09   1.1217501e+09   1.9826220e+09   6.1619307e+08   8.6250093e+08   2.4577734e+08   1.2366428e+09   1.7591303e+09   1.2627279e+09   6.8924112e+08   1.2748952e+09   1.6924005e+09   1.1648990e+09   2.4577734e+08   2.0404077e+09   1.0189056e+09   2.2168963e+09   1.7463381e+09   2.9825571e+08   1.2748975e+09   1.1422974e+09   2.2429109e+09   2.0552693e+09   7.9813317e+08   3.0046770e+08   1.9864973e+09   5.5893091e+08   1.3582320e+09   7.9272910e+08   2.0388752e+09
   1.3268296e+09   1.1217501e+09   1.2832462e+09   6.1619307e+08   8.6250093e+08   2.4577734e+08   1.1495476e+09   1.9217898e+08   3.7519916e+08   6.8924112e+08   4.2939736e+08   9.9834167e+08   1.1648990e+09   2.4577734e+08   1.2032696e+08   1.1198434e+08   1.5067366e+09   1.0796261e+09   2.9825571e+08   8.0751316e+08   1.1422974e+09   7.1659563e+08   1.0616573e+09   7.9813317e+08   3.0046770e+08   4.5105290e+08   5.5893091e+08   7.1694054e+08   7.9272910e+08   1.2591746e+09
   3.7849069e+08   6.3279162e+08   1.0800968e+09   5.8897498e+08   2.6162227e+08   2.4577734e+08   7.9375135e+08   1.9217898e+08   3.5463246e+08   3.4767400e+08   2.5457636e+08   3.6934343e+08   1.3315799e+08   2.4577734e+08   1.2032696e+08   1.1198434e+08   7.5497085e+08   6.1907019e+08   2.9825571e+08   4.7762584e+08   4.1675516e+08   5.5676922e+08   1.1982989e+08   7.3582606e+08   1.7628564e+08   4.5105290e+08   5.5765946e+08   3.7438348e+08   3.7216852e+08   5.0645715e+08
   2.7960737e+07   2.2992462e+07   4.9544970e+07   3.7860270e+07   4.6053995e+07   1.4494981e+07   5.2132026e+07   2.8970236e+07   1.7910675e+07   2.5326826e+07   2.7418187e+07   3.1175813e+07   3.6006090e+07   1.4494981e+07   3.9033732e+07   5.9055858e+07   3.1493541e+07   2.8374112e+07   4.6983876e+07   2.7705054e+07   1.4199463e+07   2.8600331e+07   2.9548481e+07   5.3300968e+07   2.7509392e+07   1.4312723e+07   2.9186559e+07   1.0862498e+07   4.4332313e+07   3.4689508e+07
   7.6956207e+05   5.3691618e+05   2.8749309e+05   5.5025984e+05   2.7532956e+05   1.4808917e+05   4.5774409e+05   6.9374386e+05   3.1268810e+05   5.6567534e+05   1.4192975e+05   2.9275987e+04   1.6204614e+02   1.4808917e+05   3.3908219e+05   2.2301558e+05   5.6803473e+05   7.7590773e+05   2.6605564e+05   3.6536256e+05   9.5243002e+05   7.8977698e+05   4.4103606e+05   4.5317691e+05   3.3433144e+05   6.3807051e+05   6.7074002e+05   5.3549827e+05   3.1057731e+05   6.4063847e+05
   9.4118556e+01   1.1805571e+02   3.0763379e+02   5.8629728e+00   8.7088652e+01   9.0426026e+01   2.3774801e+02   1.8760286e+02   6.3738537e+01   2.8606749e+02   1.4781268e+01   4.6424069e+01   8.7034160e+01   9.0426026e+01   4.2717229e+02   4.0626488e+02   2.0893968e+02   1.2124917e+02   3.4670283e+02   1.6622796e+02   2.1544352e+02   2.0325057e+02   2.4784553e+02   4.7919853e+02   8.3420603e+01   2.1201517e+02   1.4249332e+02   2.1988674e+02   8.2796917e+01   7.9144855e+01
   3.9502589e-04   2.3204417e-04   1.9698992e-04   1.7673515e-04   5.6305070e-04   3.4491404e-04   2.3860087e-04   1.9542465e-04   3.7465010e-04   1.8767715e-04   2.6788989e-04   2.8316889e-04   6.3555708e-05   3.4491404e-04   7.4605807e-05   3.8473581e-04   5.5387038e-04   4.0656851e-04   3.8725090e-04   6.4096473e-05   1.4482437e-04   2.2059839e-04   4.7066392e-05   1.7000116e-04   3.1077579e-04   2.0075254e-04   1.2548794e-05   2.3324915e-04   5.8476621e-04   1.7574105e-04
   0.0000000e+00   0.0000000e+00   0.0000000e+00   0.0000000e+00   0.0000000e+00   0.0000000e+00   0.0000000e+00   0.0000000e+00   0.0000000e+00   0.0000000e+00   0.0000000e+00   0.0000000e+00   0.0000000e+00   0.0000000e+00   0.0000000e+00   0.0000000e+00   0.0000000e+00   0.0000000e+00   0.0000000e+00   0.0000000e+00   0.0000000e+00   0.0000000e+00   0.0000000e+00   0.0000000e+00   0.0000000e+00   0.0000000e+00   0.0000000e+00   0.0000000e+00   0.0000000e+00   0.0000000e+00
   0.0000000e+00   0.0000000e+00   0.0000000e+00   0.0000000e+00   0.0000000e+00   0.0000000e+00   0.0000000e+00   0.0000000e+00   0.0000000e+00   0.0000000e+00   0.0000000e+00   0.0000000e+00   0.0000000e+00   0.0000000e+00   0.0000000e+00   0.0000000e+00   0.0000000e+00   0.0000000e+00   0.0000000e+00   0.0000000e+00   0.0000000e+00   0.0000000e+00   0.0000000e+00   0.0000000e+00   0.0000000e+00   0.0000000e+00   0.0000000e+00   0.0000000e+00   0.0000000e+00   0.0000000e+00
   0.0000000e+00   0.0000000e+00   0.0000000e+00   0.0000000e+00   0.0000000e+00   0.0000000e+00   0.0000000e+00   0.0000000e+00   0.0000000e+00   0.0000000e+00   0.0000000e+00   0.0000000e+00   0.0000000e+00   0.0000000e+00   0.0000000e+00   0.0000000e+00   0.0000000e+00   0.0000000e+00   0.0000000e+00   0.0000000e+00   0.0000000e+00   0.0000000e+00   0.0000000e+00   0.0000000e+00   0.0000000e+00   0.0000000e+00   0.0000000e+00   0.0000000e+00   0.0000000e+00   0.0000000e+00
   0.0000000e+00   0.0000000e+00   0.0000000e+00   0.0000000e+00   0.0000000e+00   0.0000000e+00   0.0000000e+00   0.0000000e+00   0.0000000e+00   0.0000000e+00   0.0000000e+00   0.0000000e+00   0.0000000e+00   0.0000000e+00   0.0000000e+00   0.0000000e+00   0.0000000e+00   0.0000000e+00   0.0000000e+00   0.0000000e+00   0.0000000e+00   0.0000000e+00   0.0000000e+00   0.0000000e+00   0.0000000e+00   0.0000000e+00   0.0000000e+00   0.0000000e+00   0.0000000e+00   0.0000000e+00
