   4.7120363e+02   5.3729965e+02   5.2319407e+02   4.7520859e+02   5.0372459e+02   4.4869213e+02   4.3605568e+02   4.5299023e+02   4.8657154e+02   4.8844529e+02   5.0323027e+02   4.8697193e+02   5.7608685e+02   4.9457222e+02   3.3393950e+02   3.2458955e+02   5.2316609e+02   4.5425473e+02   5.2023215e+02   4.7739859e+02   4.4836489e+02   4.8570095e+02   5.3921231e+02   5.7739336e+02   4.5739514e+02   5.3761498e+02   4.8149904e+02   5.4096192e+02   4.9125645e+02   5.1065123e+02
   4.7120363e+02   5.1272498e+02   5.2319407e+02   4.7520859e+02   5.0372459e+02   4.4695180e+02   4.3605568e+02   4.5299023e+02   4.8657154e+02   4.8844529e+02   5.0323027e+02   4.2981332e+02   4.8279749e+02   4.9457222e+02   3.3393950e+02   3.2458955e+02   5.1995123e+02   4.5425473e+02   5.1609821e+02   4.7739859e+02   4.4836489e+02   4.7260880e+02   5.3788339e+02   5.4094643e+02   4.5739514e+02   5.3761498e+02   4.8149904e+02   5.0589340e+02   4.1845448e+02   5.0263234e+02
   2.9924681e+02   4.9503091e+02   5.0400155e+02   4.7520859e+02   4.7207022e+02   4.4695180e+02   4.3605568e+02   4.5299023e+02   4.8505525e+02   4.8844529e+02   4.8019718e+02   4.2981332e+02   4.6644738e+02   4.9457222e+02   3.3393950e+02   3.2458955e+02   5.1995123e+02   4.5425473e+02   5.1609821e+02   4.7739859e+02   4.4836489e+02   4.6872956e+02   5.0151818e+02   4.7507177e+02   4.5739514e+02   5.1020458e+02   4.7690139e+02   5.0589340e+02   4.1845448e+02   4.6247653e+02
   2.9924681e+02   4.8100009e+02   5.0400155e+02   4.2984177e+02   4.7207022e+02   3.4096686e+02   4.3605568e+02   4.3173932e+02   4.8505525e+02   4.5835581e+02   4.2429945e+02   4.2145828e+02   4.6644738e+02   4.9457222e+02   3.3393950e+02   3.2458955e+02   4.5355325e+02   4.5425473e+02   5.1609821e+02   4.7670290e+02   4.3536341e+02   4.6872956e+02   4.9473838e+02   4.7507177e+02   4.5739514e+02   4.3688822e+02   4.5264252e+02   4.4483686e+02   4.1845448e+02   4.6247653e+02
   2.9924681e+02   4.8100009e+02   4.8769903e+02   4.2984177e+02   4.7207022e+02   3.4096686e+02   4.3605568e+02   4.3173932e+02   4.7062798e+02   4.5835581e+02   4.2429945e+02   4.0899651e+02   4.6644738e+02   4.9354721e+02   3.3393950e+02   2.6027675e+02   4.5355325e+02   4.3050426e+02   4.9998050e+02   4.4458855e+02   4.3536341e+02   4.6382939e+02   4.8037709e+02   4.3993060e+02   4.3666273e+02   4.3688822e+02   4.5264252e+02   4.4483686e+02   4.1845448e+02   4.6247653e+02
   2.9924681e+02   4.8100009e+02   4.4622563e+02   3.4196497e+02   4.7207022e+02   3.3666617e+02   4.3605568e+02   4.3173932e+02   4.7062798e+02   4.3667438e+02   4.2429945e+02   2.2207115e+02   4.5833175e+02   4.7499964e+02   3.3393950e+02   2.6027675e+02   4.4163390e+02   4.3050426e+02   4.4124822e+02   3.4274942e+02   4.3536341e+02   4.3090924e+02   4.3803883e+02   3.8272030e+02   4.3666273e+02   4.3688822e+02   4.5264252e+02   4.4483686e+02   4.0175190e+02   4.4403689e+02
   2.9924681e+02   4.0178175e+02   4.4622563e+02   3.4196497e+02   4.7207022e+02   3.0724187e+02   4.0501523e+02   4.3173932e+02   4.5377098e+02   4.3667438e+02   4.1332834e+02   2.2207115e+02   4.5833175e+02   3.9847896e+02   3.3393950e+02   2.6027675e+02   4.4163390e+02   4.3050426e+02   4.4124822e+02   3.3071206e+02   4.2881168e+02   4.3069265e+02   4.3803883e+02   3.0387103e+02   4.3666273e+02   4.3688822e+02   4.4070819e+02   4.4483686e+02   3.9079221e+02   4.4403689e+02
   2.9924681e+02   4.0178175e+02   4.3192944e+02   3.3804462e+02   4.1185935e+02   2.9032918e+02   3.8087405e+02   3.9746052e+02   4.1492603e+02   2.6454756e+02   3.3481596e+02   2.2207115e+02   3.4238964e+02   3.1271156e+02   3.3393950e+02   2.6027675e+02   4.0105651e+02   3.8296426e+02   3.6365831e+02   3.0378237e+02   3.6038240e+02   4.0449589e+02   3.9145723e+02   3.0387103e+02   3.2702819e+02   3.4857463e+02   4.1220681e+02   4.2500835e+02   3.9020762e+02   3.9428800e+02
   2.7793109e+02   3.0922569e+02   3.9377026e+02   3.3804462e+02   3.8497658e+02   2.9032918e+02   3.3991561e+02   3.9551853e+02   3.8827353e+02   2.6454756e+02   3.3372578e+02   2.2207115e+02   3.4238964e+02   3.1271156e+02   3.3393950e+02   2.5792141e+02   2.4897581e+02   3.8176228e+02   3.4521632e+02   2.7269182e+02   3.3896120e+02   3.7947142e+02   2.8023647e+02   2.8384346e+02   3.2702819e+02   3.1817477e+02   3.8734763e+02   3.6110618e+02   2.6096191e+02   3.2637694e+02
   2.5097833e+02   2.3092019e+02   2.4279548e+02   3.3804462e+02   2.9515442e+02   2.1474994e+02   2.5650553e+02   3.7454623e+02   2.4345490e+02   2.6454756e+02   1.9736204e+02   2.2207115e+02   2.7481340e+02   3.0708676e+02   2.3804085e+02   2.3584043e+02   2.4897581e+02   3.6037387e+02   2.7913172e+02   2.7170816e+02   3.3896120e+02   3.6937689e+02   2.8023647e+02   2.1621699e+02   2.9529095e+02   2.1802624e+02   3.6867870e+02   3.2993506e+02   2.6096191e+02   2.6642230e+02
   2.1401220e+02   2.2004797e+02   2.4279548e+02   3.1035768e+02   2.6344611e+02   2.1474994e+02   2.5228566e+02   2.8833703e+02   2.4345490e+02   2.3797577e+02   1.9736204e+02   2.2207115e+02   2.7331996e+02   3.0519607e+02   2.3804085e+02   2.2032501e+02   1.9530385e+02   3.5000012e+02   2.7913172e+02   2.7170816e+02   3.0216905e+02   3.6223261e+02   2.8023647e+02   1.9209995e+02   2.5982484e+02   2.1802624e+02   3.6867870e+02   2.3387207e+02   2.6096191e+02   2.3069949e+02
   2.1401220e+02   2.2004797e+02   2.1207648e+02   2.8702933e+02   2.6344611e+02   2.1474994e+02   1.9783104e+02   2.8833703e+02   2.2320866e+02   2.3797577e+02   1.9736204e+02   2.2207115e+02   2.3949348e+02   2.3775664e+02   2.1047485e+02   2.2032501e+02   1.7418412e+02   3.5000012e+02   2.4888239e+02   2.3537291e+02   2.5552333e+02   3.5533405e+02   2.7333855e+02   1.9209995e+02   2.4154039e+02   1.7574941e+02   3.6499358e+02   2.1673243e+02   2.4861672e+02   2.3069949e+02
   2.1401220e+02   2.2004797e+02   2.0387102e+02   1.6201308e+02   1.9696287e+02   1.9635477e+02   1.9783104e+02   2.8181201e+02   1.6864945e+02   1.9104443e+02   1.5796551e+02   1.9701090e+02   1.9534675e+02   1.7620548e+02   2.1047485e+02   1.9696830e+02   1.4409742e+02   3.1339302e+02   1.8890854e+02   1.7330259e+02   2.0112450e+02   2.1163022e+02   2.0122654e+02   1.6379956e+02   2.0575576e+02   1.6735222e+02   2.7633730e+02   1.8906189e+02   1.9525956e+02   2.3069949e+02
   1.6050591e+02   1.2380181e+02   1.1667717e+02   1.1915414e+02   1.3813363e+02   1.1203353e+02   1.0942218e+02   1.3927432e+02   1.1700109e+02   1.0724810e+02   1.0204170e+02   1.1564185e+02   1.2194634e+02   1.1366965e+02   1.4160119e+02   1.1748105e+02   1.0176978e+02   1.8490691e+02   1.1280373e+02   1.1171611e+02   1.2221119e+02   1.8013192e+02   1.1728703e+02   1.0470014e+02   1.1176384e+02   1.0802512e+02   1.9241953e+02   1.3295622e+02   1.2143781e+02   1.7190888e+02
   1.0007549e+02   1.0001649e+02   1.0000489e+02   1.0000832e+02   1.0003819e+02   1.0000430e+02   1.0000535e+02   1.0003078e+02   1.0000565e+02   1.0000201e+02   1.0000062e+02   1.0000397e+02   1.0000822e+02   1.0000291e+02   1.0002317e+02   1.0000398e+02   1.0000019e+02   1.0037745e+02   1.0000360e+02   1.0000646e+02   1.0001338e+02   1.0016054e+02   1.0000898e+02   1.0000108e+02   1.0000382e+02   1.0000130e+02   1.0030537e+02   1.0001392e+02   1.0000825e+02   1.0008468e+02
   1.0000000e+02   1.0000000e+02   1.0000000e+02   1.0000000e+02   1.0000000e+02   1.0000000e+02   1.0000000e+02   1.0000000e+02   1.0000000e+02   1.0000000e+02   1.0000000e+02   1.0000000e+02   1.0000000e+02   1.0000000e+02   1.0000000e+02   1.0000000e+02   1.0000000e+02   1.0000000e+02   1.0000000e+02   1.0000000e+02   1.0000000e+02   1.0000000e+02   1.0000000e+02   1.0000000e+02   1.0000000e+02   1.0000000e+02   1.0000000e+02   1.0000000e+02   1.0000000e+02   1.0000000e+02
