   2.1471810e+03   2.1149904e+03   1.5866002e+03   1.8121095e+03   1.9397472e+03   1.8661955e+03   1.6735838e+03   1.9325037e+03   2.1411119e+03   2.1411119e+03   1.8419850e+03   1.7515110e+03   1.9806762e+03   2.2847442e+03   2.0501561e+03   1.8957977e+03   1.9927171e+03   2.2454221e+03   2.0100418e+03   2.1466212e+03   2.1419553e+03   2.1111788e+03   2.0605574e+03   1.9433375e+03   2.1252827e+03   1.5559891e+03   2.1635191e+03   2.2657096e+03   2.0490785e+03   1.7808469e+03
   1.7204517e+03   1.8046453e+03   1.5866002e+03   1.6652299e+03   1.9397472e+03   1.8661955e+03   1.6735838e+03   1.9325037e+03   2.1411119e+03   2.1411119e+03   1.8419850e+03   1.7515110e+03   1.7587251e+03   2.0036788e+03   2.0501561e+03   1.8957977e+03   1.9927171e+03   2.0425278e+03   2.0100418e+03   2.1451359e+03   1.9358591e+03   1.8901228e+03   1.6410703e+03   1.9433375e+03   2.1176376e+03   1.5559891e+03   2.0241003e+03   2.2274427e+03   2.0490785e+03   1.7808469e+03
   1.7204517e+03   1.8046453e+03   1.5866002e+03   1.2813697e+03   1.7396959e+03   1.8661955e+03   1.6735838e+03   1.8138034e+03   2.1198072e+03   2.1198072e+03   1.8419850e+03   1.2977040e+03   1.6830348e+03   1.8865060e+03   1.9383323e+03   1.6243213e+03   1.8858522e+03   1.8294950e+03   2.0100418e+03   1.6919891e+03   1.9358591e+03   1.8093729e+03   1.6410703e+03   1.4684322e+03   2.0167559e+03   1.5559891e+03   2.0241003e+03   1.4957577e+03   1.4836078e+03   1.7808469e+03
   1.7204517e+03   1.7908494e+03   1.4692008e+03   1.2813697e+03   1.6422584e+03   1.7158433e+03   1.6735838e+03   1.5388654e+03   1.7347084e+03   1.7347084e+03   1.6248349e+03   1.2977040e+03   1.6830348e+03   1.8865060e+03   1.9311902e+03   1.6243213e+03   1.7084716e+03   1.8294950e+03   1.8957947e+03   1.5203296e+03   1.9358591e+03   1.8093729e+03   1.6410703e+03   1.4684322e+03   1.9500932e+03   1.5559891e+03   1.7665848e+03   1.3077233e+03   1.4836078e+03   1.7808469e+03
   1.7204517e+03   1.5287629e+03   1.4692008e+03   1.2813697e+03   1.6422584e+03   1.7158433e+03   1.6302494e+03   1.5388654e+03   1.5582957e+03   1.5582957e+03   1.3873238e+03   1.2977040e+03   1.5137248e+03   1.7412453e+03   1.7012184e+03   9.9320716e+02   1.3987064e+03   1.6712549e+03   1.4178293e+03   1.5203296e+03   1.6322994e+03   1.5939437e+03   1.6410703e+03   1.4684322e+03   1.6593112e+03   1.2250869e+03   1.6509967e+03   1.3077233e+03   1.4836078e+03   1.4006907e+03
   1.7204517e+03   1.5287629e+03   1.4692008e+03   1.2813697e+03   1.5941646e+03   1.4750291e+03   1.5437555e+03   1.5388654e+03   1.5315131e+03   1.5315131e+03   1.3873238e+03   1.2977040e+03   1.5137248e+03   1.4919820e+03   1.4546752e+03   9.9320716e+02   1.3987064e+03   1.6712549e+03   1.4178293e+03   1.5203296e+03   1.6231010e+03   1.4122575e+03   1.5163261e+03   1.4684322e+03   1.4535091e+03   1.2250869e+03   1.6509967e+03   1.3077233e+03   1.4836078e+03   1.4006907e+03
   1.7204517e+03   1.5016567e+03   1.4692008e+03   1.2813697e+03   1.5931870e+03   1.4750291e+03   1.5437555e+03   1.2642004e+03   1.0589733e+03   1.0589733e+03   1.3873238e+03   1.2977040e+03   1.5137248e+03   1.0726114e+03   1.4546752e+03   9.9320716e+02   1.3987064e+03   1.6712549e+03   1.4178293e+03   1.4170624e+03   1.4407345e+03   1.4122575e+03   1.4582634e+03   1.4684322e+03   1.4535091e+03   1.2250869e+03   1.4405141e+03   1.3077233e+03   1.4836078e+03   1.4006907e+03
   1.6359485e+03   1.4433860e+03   1.2644521e+03   1.2813697e+03   1.3850926e+03   1.4750291e+03   1.1480327e+03   1.2642004e+03   1.0468509e+03   1.0468509e+03   1.3873238e+03   1.2977040e+03   1.5137248e+03   1.0726114e+03   1.4546752e+03   9.9320716e+02   1.3987064e+03   1.6712549e+03   1.4178293e+03   1.1923063e+03   1.3940262e+03   1.1853505e+03   1.4582634e+03   1.4684322e+03   1.4369106e+03   1.1360527e+03   1.4405141e+03   1.3077233e+03   1.3967889e+03   1.4006907e+03
   1.3154136e+03   1.4102232e+03   1.2644521e+03   1.2587503e+03   1.3850926e+03   1.4750291e+03   1.1480327e+03   1.2642004e+03   1.0468509e+03   1.0468509e+03   1.3873238e+03   1.2977040e+03   1.5137248e+03   1.0726114e+03   1.4546752e+03   9.9320716e+02   1.3987064e+03   1.5070599e+03   1.2677290e+03   1.1923063e+03   1.3905473e+03   1.1853505e+03   1.4582634e+03   1.4684322e+03   1.2560730e+03   1.1360527e+03   1.4405141e+03   1.3077233e+03   1.1199190e+03   1.4006907e+03
   9.7413021e+02   1.0471083e+03   8.5992990e+02   9.0762307e+02   1.0761625e+03   9.7130399e+02   1.1480327e+03   1.1081560e+03   1.0468509e+03   1.0468509e+03   1.1030564e+03   1.0281780e+03   7.9344563e+02   1.0726114e+03   9.5762675e+02   9.9320716e+02   7.9548101e+02   9.1506594e+02   1.1190579e+03   9.0297173e+02   1.2539595e+03   1.1853505e+03   1.0515960e+03   1.0959927e+03   1.1812142e+03   9.9645893e+02   1.1879263e+03   9.6418204e+02   1.0762617e+03   9.7321440e+02
   6.8731152e+02   9.7604791e+02   7.7139387e+02   8.7515484e+02   6.0042451e+02   7.8345438e+02   6.2042992e+02   8.9320305e+02   8.6888356e+02   8.6888356e+02   9.3634455e+02   7.7594093e+02   7.9344563e+02   7.5310617e+02   7.3102044e+02   7.7352068e+02   7.8237260e+02   8.2787079e+02   8.6146261e+02   5.2899839e+02   8.9919277e+02   4.1668512e+02   6.6862848e+02   8.0358783e+02   8.5191165e+02   9.0858734e+02   6.5078031e+02   8.5007354e+02   7.3235258e+02   8.8309004e+02
   5.0225470e+02   5.5848135e+02   5.2870791e+02   5.7109581e+02   6.0042451e+02   5.3228873e+02   6.2042992e+02   5.1900367e+02   5.8451118e+02   5.8451118e+02   6.1011356e+02   6.4827771e+02   6.4232442e+02   3.7894691e+02   5.0161840e+02   6.7426355e+02   6.5843070e+02   6.6892952e+02   5.1202958e+02   5.2899839e+02   6.8474460e+02   4.1668512e+02   4.7835983e+02   6.5064712e+02   5.3411985e+02   5.4156253e+02   6.5050394e+02   6.7325932e+02   6.1519916e+02   6.3568887e+02
   3.3312469e+02   5.0154289e+02   4.4480372e+02   4.9340874e+02   5.3892384e+02   4.8304689e+02   4.2063817e+02   3.2253085e+02   3.3401892e+02   3.3401892e+02   3.8610395e+02   3.5036394e+02   4.1754900e+02   2.8358692e+02   3.2902279e+02   3.9116932e+02   4.8211186e+02   3.2396596e+02   2.8448845e+02   4.6227029e+02   3.8123491e+02   4.1668512e+02   4.2412276e+02   4.7881554e+02   4.9157467e+02   4.9593986e+02   5.2259444e+02   3.7317911e+02   4.9238103e+02   3.4040218e+02
   2.6888541e+02   3.2610797e+02   3.1311101e+02   3.3906540e+02   2.0999014e+02   3.0474816e+02   2.8774688e+02   1.2228810e+02   3.3401892e+02   3.3401892e+02   2.9093572e+02   2.6529476e+02   1.5764622e+02   2.8196763e+02   2.4987122e+02   2.7679629e+02   2.8924405e+02   2.3129320e+02   2.5028870e+02   3.5468899e+02   3.4223484e+02   2.6746663e+02   2.9441601e+02   3.4439054e+02   2.4094666e+02   2.5070932e+02   3.3850980e+02   2.0660791e+02   4.3008592e+02   2.2016773e+02
   1.3453955e+02   1.2359728e+02   1.0684819e+02   1.4893633e+02   1.3912263e+02   1.5802212e+02   1.8013338e+02   1.1695820e+02   1.3116444e+02   1.3116444e+02   1.1947807e+02   1.2319909e+02   1.5764622e+02   1.1082298e+02   1.0992653e+02   1.0189159e+02   1.2171771e+02   9.8611438e+01   1.0349753e+02   1.6258141e+02   1.1674152e+02   1.3568354e+02   1.5418167e+02   1.3895064e+02   1.3307757e+02   1.8237077e+02   1.3700650e+02   1.3291576e+02   1.1880516e+02   1.1086458e+02
   3.0928404e-01   5.3891121e-01   5.6418879e-01   5.6889308e-01   5.7813240e-01   6.4780631e-01   6.7553299e-01   6.9594667e-01   6.9622820e-01   6.9622820e-01   7.2928290e-01   7.7314231e-01   8.3246198e-01   9.6432752e-01   1.0520609e+00   1.0717704e+00   1.0728720e+00   1.0849646e+00   1.1941211e+00   1.1962627e+00   1.1988506e+00   1.2117247e+00   1.2507040e+00   1.2555930e+00   1.2585213e+00   1.2863444e+00   1.3087128e+00   1.3119733e+00   1.3433261e+00   1.3787668e+00
