   6.6835482e+06   1.9721018e+07   2.9395643e+07   1.3178377e+07   1.0839354e+07   2.9735261e+07   2.7214159e+07   6.8179472e+07   1.8288486e+07   6.1115732e+06   2.3352593e+07   2.4655752e+07   2.4343295e+07   3.2988083e+07   1.3620345e+07   4.2642478e+07   2.4436942e+07   4.0359689e+07   3.2077527e+07   2.4112026e+07   7.5095934e+06   1.5210223e+07   1.9595250e+07   7.7532127e+06   8.6418480e+05   3.1896319e+07   3.4227574e+07   2.2808394e+07   1.1718288e+07   2.1977632e+07
   6.6835482e+06   1.9721018e+07   1.0718032e+07   1.3178377e+07   2.2439523e+06   1.4898062e+07   1.3064449e+07   2.8269566e+07   1.0481209e+07   5.8163947e+06   1.2314426e+07   2.4655752e+07   7.1451054e+06   2.9290453e+07   4.4012973e+06   1.0628241e+07   5.6639736e+06   6.9199343e+06   5.8740797e+06   1.3798267e+07   7.5095934e+06   1.5210223e+07   1.2044073e+07   7.7532127e+06   8.6418480e+05   7.6685469e+06   3.2971899e+07   8.1269454e+06   8.0637149e+06   1.7932500e+07
   1.6733705e+06   3.7483687e+06   1.0718032e+07   1.2110589e+07   2.2439523e+06   1.3882029e+07   5.2338934e+06   8.1130315e+06   3.1000587e+06   5.7842836e+06   8.6571513e+06   2.4655752e+07   7.1451054e+06   7.7637537e+06   4.4012973e+06   1.0482213e+07   3.4105073e+06   2.9701853e+06   5.8740797e+06   3.6145230e+06   7.5095934e+06   1.5210223e+07   5.1029357e+06   7.7532127e+06   8.6418480e+05   7.6685469e+06   1.6075858e+07   8.1269454e+06   8.0637149e+06   1.7932500e+07
   6.4020565e+05   2.9747229e+06   6.1727333e+06   8.8299080e+06   2.2439523e+06   1.3882029e+07   5.2338934e+06   2.5338553e+04   3.1000587e+06   1.0076671e+06   8.6571513e+06   5.1107488e+06   6.1869358e+06   7.7637537e+06   3.2134821e+06   5.6122176e+06   3.4105073e+06   1.4657927e+06   2.3637961e+06   1.3590357e+06   6.1715458e+06   6.9472575e+06   5.1029357e+06   4.9661535e+06   8.6418480e+05   3.0985789e+06   2.0731590e+06   4.7417557e+06   5.8327475e+06   1.5250936e+07
   6.4020565e+05   2.9747229e+06   3.4989404e+06   4.1419025e+05   2.2439523e+06   6.6946649e+06   5.2338934e+06   2.5338553e+04   2.4856811e+06   1.0076671e+06   7.5811830e+06   5.1107488e+06   6.1869358e+06   7.7637537e+06   3.2134821e+06   5.6988632e+05   3.4105073e+06   1.4657927e+06   2.2648066e+06   1.3590357e+06   6.1715458e+06   6.1091106e+06   3.4683636e+06   2.3085983e+05   8.6418480e+05   3.0985789e+06   2.0731590e+06   4.7417557e+06   5.8327475e+06   1.2046121e+07
   6.4020565e+05   2.9747229e+06   3.4989404e+06   4.1419025e+05   1.9452319e+06   4.5158387e+06   2.3134794e+06   2.5338553e+04   2.4856811e+06   1.0076671e+06   7.5811830e+06   2.4856019e+06   4.3583698e+05   2.9666527e+06   3.2134821e+06   5.6988632e+05   3.4105073e+06   1.4657927e+06   2.2648066e+06   1.3590357e+06   3.9345254e+06   1.7940847e+06   2.3927744e+06   2.3085983e+05   8.6418480e+05   2.1805877e+06   2.0731590e+06   4.7417557e+06   4.8491354e+06   1.4133904e+06
   6.4020565e+05   2.9747229e+06   3.4989404e+06   4.1419025e+05   1.9452319e+06   4.3639571e+06   2.3134794e+06   2.5338553e+04   2.4856811e+06   1.0076671e+06   3.8223554e+06   2.4856019e+06   4.3583698e+05   2.5787863e+06   2.2423133e+05   5.6988632e+05   3.4105073e+06   1.4657927e+06   2.2648066e+06   1.3590357e+06   3.5929654e+06   1.7940847e+06   1.7519552e+06   2.3085983e+05   8.6418480e+05   2.1805877e+06   2.0731590e+06   2.1350429e+06   3.1466545e+06   2.9620043e+05
   6.4020565e+05   4.7326262e+05   1.0690195e+06   4.1419025e+05   1.9452319e+06   1.0459645e+06   2.3134794e+06   2.5338553e+04   2.4856811e+06   1.0076671e+06   2.2894322e+06   2.4856019e+06   1.5610987e+05   7.4386170e+05   2.2423133e+05   5.3240830e+04   2.0881078e+06   1.4657927e+06   7.0977574e+05   1.3590357e+06   3.2988901e+06   1.7940847e+06   1.7519552e+06   2.3085983e+05   8.6418480e+05   1.5294161e+06   1.8349887e+06   2.1350429e+06   2.9628946e+06   2.9620043e+05
   3.2016964e+05   4.7326262e+05   2.9674327e+05   4.1419025e+05   1.9899729e+05   6.8053898e+05   1.2636826e+05   6.9891322e+03   9.2948423e+05   9.0108115e+05   2.5054966e+05   3.5781209e+04   1.5610987e+05   5.1559095e+05   2.2423133e+05   3.0155526e+04   1.7281745e+02   8.2992737e+04   2.7612776e+05   5.4784147e+05   3.1155890e+04   1.0641455e+06   6.5206888e+05   2.3085983e+05   2.1905216e+05   3.5830895e+05   4.7993444e+04   1.0821861e+06   7.6899811e+05   1.2262301e+05
   3.2016964e+05   9.2349508e+04   1.3944780e+05   1.3144317e+04   1.0221633e+04   3.4819474e+04   2.7620236e+03   6.9891322e+03   1.3524729e+04   1.0985812e+04   5.4420324e+04   3.5781209e+04   1.0871622e+05   2.0392102e+05   1.5699672e+05   3.0155526e+04   1.7281745e+02   5.5530974e+03   3.2828207e+03   3.9164233e+05   3.1155890e+04   5.9555492e+04   9.9545681e+03   5.8502248e+04   1.3135181e+05   1.3618979e+05   4.7993444e+04   2.4312193e+05   2.7761193e+05   9.2551540e+04
   1.6779604e+04   9.2349508e+04   3.9636376e+04   1.3144317e+04   1.0221633e+04   3.8554158e+03   2.7620236e+03   1.9659866e+03   1.3524729e+04   1.0985812e+04   6.8877833e+03   6.9140942e+03   5.4179116e+03   1.2933743e+04   2.0040700e+03   3.0155526e+04   1.7281745e+02   5.5530974e+03   3.2828207e+03   3.2053717e+03   3.1155890e+04   5.9555492e+04   9.4435151e+03   3.4520598e+04   1.4458225e+04   3.0860077e+04   2.8209112e+03   3.4671802e+04   1.4229810e+03   3.8651098e+03
   1.4075466e+03   7.0276610e+02   3.3795013e+03   4.9601206e+03   9.1490061e+01   6.7480216e+02   2.7620236e+03   2.8639552e+02   4.4828392e+02   9.7105106e+01   3.1157549e+02   2.6627958e+03   3.6028308e+02   7.7827799e+01   1.7140588e+02   2.1832604e+03   1.7281745e+02   6.5719900e+02   3.0824308e+03   1.4523273e+03   1.2695750e+03   3.1755995e+03   2.0209681e+03   1.6113280e+03   2.2441776e+03   1.0284710e+03   2.3443318e+03   7.1133200e+01   1.0436457e+03   2.1182249e+03
   2.3346283e-04   5.7066155e-02   9.9400735e-02   4.0074357e-02   1.1116067e-02   2.5456597e-02   1.0476289e-01   1.8004455e-03   5.2653888e-06   1.3246913e-01   5.0024924e+00   3.3983977e+00   4.4719348e-01   3.6318607e-01   3.0807374e+00   1.2991168e-02   1.5079238e-01   1.7705032e+00   2.5623832e-01   1.1954236e+01   3.7997865e-01   1.8375133e-02   1.8510952e-01   1.6735442e+00   5.0025182e-02   5.9795433e-01   3.0590498e+00   5.1118245e-01   8.7914210e-02   4.2524642e-02
   0.0000000e+00   0.0000000e+00   0.0000000e+00   0.0000000e+00   0.0000000e+00   0.0000000e+00   0.0000000e+00   0.0000000e+00   0.0000000e+00   0.0000000e+00   0.0000000e+00   0.0000000e+00   0.0000000e+00   0.0000000e+00   0.0000000e+00   0.0000000e+00   0.0000000e+00   0.0000000e+00   0.0000000e+00   0.0000000e+00   0.0000000e+00   0.0000000e+00   0.0000000e+00   0.0000000e+00   0.0000000e+00   0.0000000e+00   0.0000000e+00   0.0000000e+00   0.0000000e+00   0.0000000e+00
   0.0000000e+00   0.0000000e+00   0.0000000e+00   0.0000000e+00   0.0000000e+00   0.0000000e+00   0.0000000e+00   0.0000000e+00   0.0000000e+00   0.0000000e+00   0.0000000e+00   0.0000000e+00   0.0000000e+00   0.0000000e+00   0.0000000e+00   0.0000000e+00   0.0000000e+00   0.0000000e+00   0.0000000e+00   0.0000000e+00   0.0000000e+00   0.0000000e+00   0.0000000e+00   0.0000000e+00   0.0000000e+00   0.0000000e+00   0.0000000e+00   0.0000000e+00   0.0000000e+00   0.0000000e+00
   0.0000000e+00   0.0000000e+00   0.0000000e+00   0.0000000e+00   0.0000000e+00   0.0000000e+00   0.0000000e+00   0.0000000e+00   0.0000000e+00   0.0000000e+00   0.0000000e+00   0.0000000e+00   0.0000000e+00   0.0000000e+00   0.0000000e+00   0.0000000e+00   0.0000000e+00   0.0000000e+00   0.0000000e+00   0.0000000e+00   0.0000000e+00   0.0000000e+00   0.0000000e+00   0.0000000e+00   0.0000000e+00   0.0000000e+00   0.0000000e+00   0.0000000e+00   0.0000000e+00   0.0000000e+00
