   5.5792672e+03   4.8705213e+03   4.9347575e+03   4.8819397e+03   5.3642700e+03   5.3407320e+03   5.4328739e+03   5.4714449e+03   5.1549503e+03   5.1561715e+03   5.6740101e+03   5.4964116e+03   5.0060761e+03   5.1724308e+03   5.6939867e+03   4.9455111e+03   5.3649291e+03   5.1808370e+03   5.5196363e+03   5.6249668e+03   5.1872557e+03   5.2079252e+03   5.3544037e+03   5.3847635e+03   5.1178271e+03   5.2282242e+03   4.7976093e+03   4.8324439e+03   4.9201704e+03   5.2311059e+03
   4.1800773e+03   4.8705213e+03   4.9347575e+03   3.0403270e+03   5.3642700e+03   4.7483118e+03   5.3730678e+03   2.5611440e+03   5.1549503e+03   4.7745175e+03   3.7875051e+03   4.2268880e+03   3.9446366e+03   4.4856551e+03   4.9160512e+03   3.0545977e+03   4.0613920e+03   3.9370362e+03   2.3376118e+03   4.6101418e+03   4.9993289e+03   4.0407228e+03   5.1558469e+03   4.8647289e+03   4.7653951e+03   4.9816125e+03   4.7976093e+03   4.8240127e+03   4.3457962e+03   5.2311059e+03
   4.1800773e+03   2.9405225e+03   4.4324758e+03   2.9862297e+03   4.3434557e+03   4.5761009e+03   3.5577508e+03   2.5611440e+03   4.8584730e+03   2.7413497e+03   3.7875051e+03   4.1789827e+03   3.1095683e+03   4.0517036e+03   3.6438526e+03   3.0545977e+03   2.1994524e+03   3.9370362e+03   2.3376118e+03   3.2265143e+03   4.3289293e+03   4.0407228e+03   3.8699282e+03   4.4184839e+03   2.7982944e+03   4.0492215e+03   3.8712909e+03   4.1918733e+03   4.0712857e+03   4.7699477e+03
   2.0894711e+03   2.9405225e+03   1.9383465e+03   2.9862297e+03   3.5670177e+03   2.8501949e+03   3.5577508e+03   2.5611440e+03   2.0587863e+03   2.7413497e+03   2.3435735e+03   4.1789827e+03   3.1095683e+03   4.0517036e+03   3.6438526e+03   3.0545977e+03   2.1994524e+03   3.9370362e+03   2.3376118e+03   3.2265143e+03   4.0715661e+03   3.8590316e+03   3.8699282e+03   3.9051129e+03   2.6387495e+03   3.5499819e+03   3.5461874e+03   2.5177375e+03   4.0712857e+03   4.6893648e+03
   2.0894711e+03   1.9168732e+03   1.9383465e+03   1.2892605e+03   3.2096651e+03   2.8501949e+03   3.5577508e+03   2.5611440e+03   2.0587863e+03   2.7413497e+03   1.5199966e+03   4.0571507e+03   3.1095683e+03   3.3439895e+03   3.6438526e+03   3.0545977e+03   2.1994524e+03   2.2249322e+03   2.3376118e+03   3.2265143e+03   2.7443721e+03   3.5568372e+03   1.0169452e+03   1.3181545e+03   2.6387495e+03   3.5499819e+03   2.8968330e+03   2.5177375e+03   3.4325195e+03   3.8334974e+03
   2.0894711e+03   1.9168732e+03   1.9383465e+03   1.2892605e+03   3.2096651e+03   2.8501949e+03   3.5577508e+03   2.5611440e+03   2.0587863e+03   2.7413497e+03   8.0603662e+02   3.2091356e+03   3.1095683e+03   2.4754690e+03   3.3483192e+03   2.9454863e+03   8.5757248e+02   1.4564939e+03   2.3376118e+03   3.2264452e+03   2.6794787e+03   3.2421104e+03   1.0169452e+03   1.3181545e+03   2.6387495e+03   3.5499819e+03   2.8968330e+03   2.5177375e+03   3.4325195e+03   3.4901727e+03
   2.0894711e+03   1.2974407e+03   1.9383465e+03   1.2892605e+03   2.7533013e+03   2.7578028e+03   3.4099146e+03   2.5611440e+03   2.0587863e+03   2.7413497e+03   8.0603662e+02   3.2091356e+03   3.0951332e+03   2.4754690e+03   3.3483192e+03   2.9454863e+03   8.5757248e+02   1.4564939e+03   2.3376118e+03   3.2264452e+03   2.6794787e+03   3.2421104e+03   1.0169452e+03   1.3181545e+03   2.6387495e+03   3.4215376e+03   2.8968330e+03   2.5177375e+03   3.4325195e+03   2.4492993e+03
   2.2646529e+02   1.2974407e+03   1.9383465e+03   1.2892605e+03   1.7278385e+03   2.7578028e+03   1.9743323e+03   2.5611440e+03   2.0587863e+03   2.7413497e+03   8.0603662e+02   1.8885704e+03   3.0872507e+03   9.1916351e+02   1.9467380e+03   1.1224454e+03   8.5757248e+02   1.4564939e+03   2.3376118e+03   2.6358549e+03   2.6794787e+03   1.4105094e+03   1.0169452e+03   1.3181545e+03   2.6387495e+03   2.3719862e+03   1.5985993e+03   1.0042545e+03   3.1395132e+03   2.4492993e+03
   2.2646529e+02   1.2974407e+03   1.2070660e+03   1.2892605e+03   1.1498780e+03   1.9118747e+03   1.8819795e+03   1.7433798e+03   1.7700810e+03   2.1659131e+03   8.0603662e+02   6.9565115e+02   8.8736814e+02   9.1916351e+02   1.6575998e+03   1.0112749e+03   2.9237381e+02   8.9113286e+02   1.0404018e+03   8.3538626e+02   1.3643409e+03   8.6325993e+02   1.0169452e+03   1.3181545e+03   1.0277849e+03   1.7483145e+03   1.2677111e+03   1.0042545e+03   1.3924818e+03   1.9641053e+03
   2.2646529e+02   6.5335777e+02   7.5930173e+02   8.8262678e+02   4.1209723e+02   1.0658048e+02   1.7790110e+02   8.7468374e+02   1.1414140e+03   5.8188821e+02   4.2101137e+02   6.9565115e+02   6.7641036e+02   8.7187461e+02   1.3081762e+03   2.2798027e+02   2.9237381e+02   8.9113286e+02   1.6384948e+02   7.1592252e+02   4.3419173e+02   1.0067581e+02   5.1964898e+00   5.1368609e+01   9.6492240e+02   7.8492556e+02   1.0498252e+03   2.6033612e+02   8.2177141e+02   1.0712531e+03
   2.0808972e+00   1.2286655e+01   4.7714277e+00   1.0656617e+00   7.1927481e+00   4.1623127e+00   2.8473331e+00   6.7256541e+00   9.7272807e+00   5.2912258e+00   9.2535223e+00   7.8427390e+00   2.8330901e+00   8.7257569e+00   1.2138981e+00   1.1086596e+01   1.2254971e+01   3.1265850e+00   7.7200033e+00   5.4711497e+00   5.6625465e+00   1.5373133e+01   4.2617989e+00   3.5703764e+00   1.4392304e+01   2.2567741e+00   3.9221916e+00   6.0544028e+00   2.2116675e+01   7.4460877e+00
   2.4558904e-07   4.7055291e-06   5.5701894e-06   6.2359650e-06   5.1980915e-06   1.6860016e-05   2.5729678e-06   8.7995249e-07   7.7434706e-06   6.6912653e-06   3.6917554e-06   0.0000000e+00   2.0709940e-06   1.2264461e-05   1.1261247e-05   1.2047385e-06   8.6874934e-08   7.5539356e-07   4.5645775e-06   4.8736129e-06   3.8164580e-07   6.4288397e-06   1.6996182e-06   4.9534174e-06   1.0048756e-05   3.0216615e-06   3.7920345e-06   4.0774103e-06   1.1389458e-05   8.1279795e-06
   0.0000000e+00   0.0000000e+00   0.0000000e+00   0.0000000e+00   0.0000000e+00   0.0000000e+00   0.0000000e+00   0.0000000e+00   0.0000000e+00   0.0000000e+00   0.0000000e+00   0.0000000e+00   0.0000000e+00   0.0000000e+00   0.0000000e+00   0.0000000e+00   0.0000000e+00   0.0000000e+00   0.0000000e+00   0.0000000e+00   0.0000000e+00   0.0000000e+00   0.0000000e+00   0.0000000e+00   0.0000000e+00   0.0000000e+00   0.0000000e+00   0.0000000e+00   0.0000000e+00   0.0000000e+00
   0.0000000e+00   0.0000000e+00   0.0000000e+00   0.0000000e+00   0.0000000e+00   0.0000000e+00   0.0000000e+00   0.0000000e+00   0.0000000e+00   0.0000000e+00   0.0000000e+00   0.0000000e+00   0.0000000e+00   0.0000000e+00   0.0000000e+00   0.0000000e+00   0.0000000e+00   0.0000000e+00   0.0000000e+00   0.0000000e+00   0.0000000e+00   0.0000000e+00   0.0000000e+00   0.0000000e+00   0.0000000e+00   0.0000000e+00   0.0000000e+00   0.0000000e+00   0.0000000e+00   0.0000000e+00
   0.0000000e+00   0.0000000e+00   0.0000000e+00   0.0000000e+00   0.0000000e+00   0.0000000e+00   0.0000000e+00   0.0000000e+00   0.0000000e+00   0.0000000e+00   0.0000000e+00   0.0000000e+00   0.0000000e+00   0.0000000e+00   0.0000000e+00   0.0000000e+00   0.0000000e+00   0.0000000e+00   0.0000000e+00   0.0000000e+00   0.0000000e+00   0.0000000e+00   0.0000000e+00   0.0000000e+00   0.0000000e+00   0.0000000e+00   0.0000000e+00   0.0000000e+00   0.0000000e+00   0.0000000e+00
   0.0000000e+00   0.0000000e+00   0.0000000e+00   0.0000000e+00   0.0000000e+00   0.0000000e+00   0.0000000e+00   0.0000000e+00   0.0000000e+00   0.0000000e+00   0.0000000e+00   0.0000000e+00   0.0000000e+00   0.0000000e+00   0.0000000e+00   0.0000000e+00   0.0000000e+00   0.0000000e+00   0.0000000e+00   0.0000000e+00   0.0000000e+00   0.0000000e+00   0.0000000e+00   0.0000000e+00   0.0000000e+00   0.0000000e+00   0.0000000e+00   0.0000000e+00   0.0000000e+00   0.0000000e+00
