   2.3456051e+03   2.3022433e+03   2.0270409e+03   2.2695814e+03   2.3068521e+03   2.4791763e+03   2.2355722e+03   2.5137570e+03   2.3196548e+03   2.1223124e+03   1.9750037e+03   1.6019947e+03   2.3686216e+03   2.4791763e+03   2.0499072e+03   2.0162504e+03   2.5223095e+03   2.1032012e+03   2.4214217e+03   2.2824446e+03   2.4519714e+03   2.1101551e+03   2.0328398e+03   2.0326155e+03   2.5037437e+03   2.1161872e+03   2.5184994e+03   2.1769087e+03   2.3386570e+03   2.4759176e+03
   2.0476732e+03   1.8713303e+03   2.0270409e+03   1.9197529e+03   2.1257201e+03   2.0402129e+03   2.0722031e+03   2.2140268e+03   2.1423638e+03   2.1223124e+03   1.9750037e+03   1.6019947e+03   2.3686216e+03   2.0402129e+03   1.9829037e+03   2.0162504e+03   2.3480912e+03   2.1032012e+03   2.0159199e+03   2.1569536e+03   1.4666770e+03   1.4354916e+03   1.3148640e+03   2.0326155e+03   2.0425104e+03   2.1161872e+03   2.2534253e+03   1.6111962e+03   2.1975154e+03   1.8121661e+03
   2.0476732e+03   1.8713303e+03   1.9518399e+03   1.9197529e+03   1.8816986e+03   2.0402129e+03   2.0722031e+03   1.7445242e+03   1.7570749e+03   2.0882655e+03   1.9750037e+03   1.6019947e+03   2.3038383e+03   2.0402129e+03   1.7215160e+03   1.8400304e+03   2.3480912e+03   2.0108916e+03   2.0159199e+03   2.1569536e+03   1.4552375e+03   1.4354916e+03   1.3148640e+03   2.0326155e+03   1.9737784e+03   2.1161872e+03   2.2311041e+03   1.4140874e+03   2.1777992e+03   1.8121661e+03
   2.0476732e+03   1.8713303e+03   1.9518399e+03   1.9197529e+03   1.8816986e+03   2.0065322e+03   1.9805060e+03   1.6108735e+03   1.7570749e+03   1.8843553e+03   1.7139211e+03   1.6019947e+03   1.8812381e+03   2.0065322e+03   1.0819408e+03   1.8400304e+03   1.9695842e+03   2.0108916e+03   1.7292661e+03   2.1524096e+03   1.4552375e+03   1.4354916e+03   1.3148640e+03   2.0326155e+03   1.9737784e+03   2.1161872e+03   1.9844111e+03   1.4140874e+03   1.7592100e+03   1.8121661e+03
   1.3672244e+03   1.8283856e+03   1.9518399e+03   1.4935036e+03   1.7012183e+03   1.9357054e+03   1.4558147e+03   1.6108735e+03   1.7570749e+03   1.8843553e+03   1.7139211e+03   1.6019947e+03   1.6692760e+03   1.9357054e+03   1.0819408e+03   1.8400304e+03   1.9695842e+03   1.9645974e+03   1.7292661e+03   1.8506163e+03   1.4552375e+03   1.4354916e+03   1.3148640e+03   2.0326155e+03   1.8836335e+03   1.3390575e+03   1.8588003e+03   1.4140874e+03   1.7592100e+03   1.5881373e+03
   1.3672244e+03   1.3988972e+03   1.3206959e+03   1.0103863e+03   1.5574386e+03   1.6820966e+03   1.4558147e+03   1.4700862e+03   1.7570749e+03   1.5552277e+03   1.4807129e+03   1.6019947e+03   1.6692760e+03   1.6820966e+03   1.0819408e+03   1.6820662e+03   1.6741213e+03   1.8189199e+03   1.6010146e+03   1.7425488e+03   1.4552375e+03   1.1815947e+03   1.3148640e+03   1.8909956e+03   1.5249521e+03   7.9320128e+02   1.4278885e+03   1.4140874e+03   9.7334441e+02   1.5881373e+03
   1.2278916e+03   3.3558843e+02   1.3206959e+03   1.0103863e+03   1.2604837e+03   1.6586072e+03   1.2301707e+03   9.4677451e+02   5.3517885e+02   1.5552277e+03   1.4807129e+03   8.9903759e+02   1.6692760e+03   1.6586072e+03   1.0819408e+03   1.6820662e+03   2.3383033e+01   1.4507938e+03   1.6010146e+03   1.7425488e+03   1.4552375e+03   1.1815947e+03   1.3148640e+03   1.3450577e+03   1.4552081e+03   7.9320128e+02   1.4278885e+03   1.0988959e+03   9.7334441e+02   1.5881373e+03
   1.2991428e+01   1.3409799e+02   1.3206959e+03   1.0103863e+03   9.4326708e+02   1.3037134e+03   1.2301707e+03   9.4677451e+02   5.3517885e+02   1.1922538e+03   1.4136222e+03   2.8007200e+02   8.4470508e+02   1.3037134e+03   1.0819408e+03   1.2063514e+03   2.3383033e+01   7.4993364e+02   1.0995454e+03   7.9656421e+02   1.2495982e+03   1.1445036e+03   1.0175662e+03   1.1070583e+03   1.1298652e+03   7.9320128e+02   1.4278885e+03   9.8201935e+02   9.7334441e+02   1.2402878e+03
   1.2991428e+01   1.1029264e+01   1.0112489e+03   1.6249016e+01   4.5198191e+02   9.5319897e+02   4.6750156e+02   8.5764216e+02   5.3517885e+02   1.8230791e+02   7.5771689e+02   2.8007200e+02   7.2350855e+02   9.5319897e+02   9.0377643e+02   8.4001277e+02   2.3383033e+01   7.4993364e+02   2.7969962e+02   7.9656421e+02   8.3509934e+02   1.6465783e+02   4.7671818e+02   4.4500582e+02   2.2751034e+02   4.6596724e+01   6.2300520e+02   5.5360319e+02   9.7334441e+02   1.1147846e+03
   1.2991428e+01   1.1029264e+01   7.4905069e+02   1.6249016e+01   4.5198191e+02   6.8021886e+02   2.5739928e+02   4.7824873e+02   5.2151022e+02   1.8230791e+02   1.7310317e+02   2.8007200e+02   4.4101868e+02   6.8021886e+02   2.9297125e+02   1.1788805e+02   2.3383033e+01   4.3569261e+02   1.0952832e+02   3.5199868e+02   2.5855545e+02   1.6465783e+02   1.7776116e+02   1.3389340e+02   7.7320342e+01   4.6596724e+01   2.8811727e+02   2.0393625e+02   4.3554118e+02   8.4344098e+02
   1.2991428e+01   7.6256453e+00   1.4246751e+02   1.6249016e+01   1.5661067e+02   1.5618551e+02   2.0635900e+02   1.6872511e+02   2.2635719e+02   1.8230791e+02   1.4333576e+02   1.3257850e+00   3.0728065e+02   1.5618551e+02   2.6334813e+01   9.3579268e+01   2.0085994e+01   1.2262719e+02   4.3455082e+01   3.8689214e+00   4.6211513e+00   1.4107989e+02   1.7776116e+02   7.3073410e+01   7.7320342e+01   4.6596724e+01   1.4108214e+02   2.0393625e+02   2.9184997e-01   7.0994122e+02
   4.7050041e-05   4.1543990e-07   5.1955976e+01   1.1275499e-01   2.6596874e-03   2.5003880e-01   1.0754062e+02   3.8565769e-01   5.3194545e+00   4.9281912e-03   4.0059965e-02   8.2690224e-05   3.2287366e+00   2.5003880e-01   5.9306562e-03   4.0423755e-02   1.7071554e-04   3.2674976e+00   4.2210804e-06   7.6242907e-05   4.5581547e-04   2.5753630e-03   9.9206364e-05   4.4745475e-06   1.5066137e-03   1.1976331e+01   2.0619646e-03   2.6340832e+01   1.8955234e-06   2.9696007e+01
   0.0000000e+00   0.0000000e+00   0.0000000e+00   0.0000000e+00   0.0000000e+00   0.0000000e+00   0.0000000e+00   0.0000000e+00   0.0000000e+00   0.0000000e+00   0.0000000e+00   0.0000000e+00   0.0000000e+00   0.0000000e+00   0.0000000e+00   0.0000000e+00   0.0000000e+00   0.0000000e+00   0.0000000e+00   0.0000000e+00   0.0000000e+00   0.0000000e+00   0.0000000e+00   0.0000000e+00   0.0000000e+00   0.0000000e+00   0.0000000e+00   0.0000000e+00   0.0000000e+00   0.0000000e+00
   0.0000000e+00   0.0000000e+00   0.0000000e+00   0.0000000e+00   0.0000000e+00   0.0000000e+00   0.0000000e+00   0.0000000e+00   0.0000000e+00   0.0000000e+00   0.0000000e+00   0.0000000e+00   0.0000000e+00   0.0000000e+00   0.0000000e+00   0.0000000e+00   0.0000000e+00   0.0000000e+00   0.0000000e+00   0.0000000e+00   0.0000000e+00   0.0000000e+00   0.0000000e+00   0.0000000e+00   0.0000000e+00   0.0000000e+00   0.0000000e+00   0.0000000e+00   0.0000000e+00   0.0000000e+00
   0.0000000e+00   0.0000000e+00   0.0000000e+00   0.0000000e+00   0.0000000e+00   0.0000000e+00   0.0000000e+00   0.0000000e+00   0.0000000e+00   0.0000000e+00   0.0000000e+00   0.0000000e+00   0.0000000e+00   0.0000000e+00   0.0000000e+00   0.0000000e+00   0.0000000e+00   0.0000000e+00   0.0000000e+00   0.0000000e+00   0.0000000e+00   0.0000000e+00   0.0000000e+00   0.0000000e+00   0.0000000e+00   0.0000000e+00   0.0000000e+00   0.0000000e+00   0.0000000e+00   0.0000000e+00
   0.0000000e+00   0.0000000e+00   0.0000000e+00   0.0000000e+00   0.0000000e+00   0.0000000e+00   0.0000000e+00   0.0000000e+00   0.0000000e+00   0.0000000e+00   0.0000000e+00   0.0000000e+00   0.0000000e+00   0.0000000e+00   0.0000000e+00   0.0000000e+00   0.0000000e+00   0.0000000e+00   0.0000000e+00   0.0000000e+00   0.0000000e+00   0.0000000e+00   0.0000000e+00   0.0000000e+00   0.0000000e+00   0.0000000e+00   0.0000000e+00   0.0000000e+00   0.0000000e+00   0.0000000e+00
