   4.5634607e+03   5.2885877e+03   5.0752803e+03   4.7495252e+03   4.8150515e+03   5.3147011e+03   5.2864827e+03   5.0458051e+03   5.1894530e+03   5.0784955e+03   4.8612280e+03   5.1240708e+03   4.7975331e+03   4.9947038e+03   4.9285783e+03   4.6405159e+03   4.9837026e+03   4.5953620e+03   4.4087907e+03   5.2234609e+03   5.1160478e+03   4.7877222e+03   4.2475561e+03   4.6139921e+03   4.8936577e+03   4.7326567e+03   4.7501986e+03   4.7261622e+03   5.1301125e+03   5.0806328e+03
   4.4231348e+03   4.5623305e+03   5.0303091e+03   4.7495252e+03   4.3567586e+03   5.3147011e+03   4.6801985e+03   5.0458051e+03   4.9554058e+03   5.0784955e+03   4.8612280e+03   4.9140496e+03   4.7975331e+03   4.9947038e+03   4.9285783e+03   4.6405159e+03   4.6708487e+03   4.5953620e+03   4.4087907e+03   4.8491386e+03   4.5249328e+03   4.7877222e+03   4.2475561e+03   4.6139921e+03   4.6510392e+03   4.4450561e+03   4.7501986e+03   4.7261622e+03   5.1301125e+03   4.8003961e+03
   4.4231348e+03   4.4950432e+03   4.5654949e+03   4.7495252e+03   4.3567586e+03   4.3049900e+03   4.6801985e+03   5.0458051e+03   4.9554058e+03   5.0784955e+03   4.8612280e+03   4.9140496e+03   4.7975331e+03   4.5560911e+03   4.9285783e+03   4.6405159e+03   4.4420459e+03   4.5848834e+03   4.4087907e+03   4.6742644e+03   4.5249328e+03   4.7877222e+03   4.2475561e+03   4.6139921e+03   4.6510392e+03   4.4450561e+03   4.7501986e+03   4.7261622e+03   4.9638005e+03   4.8003961e+03
   4.4231348e+03   4.4950432e+03   4.5654949e+03   4.7040443e+03   4.3016005e+03   4.3049900e+03   4.6801985e+03   4.6357236e+03   4.8083652e+03   5.0784955e+03   4.8612280e+03   4.9140496e+03   4.7975331e+03   4.5560911e+03   4.9285783e+03   4.6405159e+03   4.4420459e+03   4.2759567e+03   4.4087907e+03   4.6742644e+03   4.2481113e+03   4.7877222e+03   4.2475561e+03   4.6139921e+03   4.6510392e+03   4.4450561e+03   4.7471989e+03   4.7261622e+03   4.9638005e+03   4.8003961e+03
   4.4231348e+03   4.4950432e+03   4.5058762e+03   4.6644151e+03   4.3016005e+03   4.3049900e+03   4.6801985e+03   4.6357236e+03   4.8083652e+03   4.8737213e+03   4.8612280e+03   4.9140496e+03   4.7975331e+03   4.5560911e+03   4.8277498e+03   4.5071809e+03   4.4420459e+03   4.2759567e+03   4.3629215e+03   4.6742644e+03   4.2481113e+03   4.7877222e+03   4.2475561e+03   4.5057063e+03   4.6510392e+03   3.9202785e+03   4.7471989e+03   4.7261622e+03   4.9045871e+03   4.8003961e+03
   4.4231348e+03   4.0995614e+03   4.5058762e+03   4.6644151e+03   4.3016005e+03   4.3049900e+03   4.6801985e+03   4.6357236e+03   4.8083652e+03   4.5413758e+03   4.7092193e+03   4.9140496e+03   4.7975331e+03   4.5560911e+03   4.8277498e+03   4.4147724e+03   4.4420459e+03   4.2759567e+03   4.3629215e+03   4.1525085e+03   4.2481113e+03   4.2776817e+03   4.2475561e+03   4.5057063e+03   4.6510392e+03   3.9202785e+03   4.2865565e+03   4.2904480e+03   4.4562742e+03   3.9340608e+03
   4.3681944e+03   4.0995614e+03   4.5058762e+03   4.5457595e+03   4.0452333e+03   4.3049900e+03   4.6801985e+03   4.6357236e+03   4.8083652e+03   4.5413758e+03   4.7092193e+03   4.9140496e+03   4.7975331e+03   4.5560911e+03   4.8277498e+03   4.4147724e+03   4.4420459e+03   4.2759567e+03   4.3629215e+03   4.1525085e+03   4.2481113e+03   4.2776817e+03   4.2475561e+03   4.5057063e+03   4.5453708e+03   3.9202785e+03   4.2865565e+03   4.2904480e+03   4.4562742e+03   3.9340608e+03
   4.3681944e+03   4.0995614e+03   4.3366626e+03   4.4952385e+03   4.0452333e+03   4.3049900e+03   4.5808708e+03   4.6357236e+03   4.5447201e+03   4.5413758e+03   4.0371224e+03   4.9140496e+03   4.6873310e+03   4.5560911e+03   4.0423555e+03   4.3652080e+03   4.4420459e+03   4.2759567e+03   4.3629215e+03   4.1525085e+03   4.2481113e+03   4.2776817e+03   4.2475561e+03   4.5057063e+03   4.4537345e+03   3.9202785e+03   4.2865565e+03   4.2904480e+03   4.4562742e+03   3.9340608e+03
   4.3681944e+03   4.0995614e+03   4.3366626e+03   4.4952385e+03   4.0452333e+03   4.3049900e+03   4.4772651e+03   4.6325300e+03   4.5252888e+03   4.5413758e+03   4.0371224e+03   4.6489532e+03   4.6873310e+03   4.4485711e+03   4.0423555e+03   4.3457479e+03   4.4420459e+03   4.2759567e+03   4.3629215e+03   4.1525085e+03   4.2481113e+03   4.2776817e+03   4.2475561e+03   4.5057063e+03   4.1976335e+03   3.9202785e+03   4.2865565e+03   4.0937684e+03   4.4562742e+03   3.9340608e+03
   3.9702072e+03   4.0995614e+03   4.1934279e+03   4.4679540e+03   4.0452333e+03   4.1590709e+03   4.4772651e+03   4.3885935e+03   4.1698024e+03   3.9001166e+03   4.0371224e+03   4.1620214e+03   4.0695998e+03   4.4084546e+03   4.0423555e+03   4.3457479e+03   3.5397203e+03   4.2759567e+03   4.0133744e+03   3.8972735e+03   4.0112237e+03   4.2776817e+03   3.7699494e+03   4.4101455e+03   4.1976335e+03   3.9202785e+03   4.1614748e+03   4.0937684e+03   4.3005144e+03   3.9340608e+03
   3.7284851e+03   4.0000641e+03   3.5219128e+03   3.4054820e+03   3.9276330e+03   3.7290605e+03   3.8066861e+03   4.0983403e+03   4.1698024e+03   3.7471672e+03   3.7527201e+03   3.7882257e+03   4.0695998e+03   3.6474305e+03   3.8390898e+03   3.7794391e+03   3.5397203e+03   3.7094948e+03   4.0133744e+03   3.7175346e+03   3.7832401e+03   4.0861327e+03   3.7550423e+03   3.9441620e+03   3.7239766e+03   3.9202785e+03   3.9536227e+03   3.9515661e+03   3.9534316e+03   3.6053044e+03
   3.4744132e+03   3.5601377e+03   3.4574560e+03   3.4054820e+03   3.4913883e+03   3.6236700e+03   3.7121193e+03   3.4246994e+03   3.4077245e+03   3.7471672e+03   3.4481128e+03   3.3928529e+03   3.2295071e+03   3.4234262e+03   3.4559421e+03   3.4994933e+03   3.5397203e+03   3.7094948e+03   3.6713695e+03   3.4405993e+03   3.3712115e+03   3.8880958e+03   3.3227433e+03   3.8008070e+03   3.7239766e+03   3.5226222e+03   3.5342123e+03   3.7189825e+03   3.2962983e+03   3.6053044e+03
   3.1537910e+03   3.5446692e+03   3.4221783e+03   3.4054820e+03   3.4913883e+03   3.2511761e+03   3.2625062e+03   3.4246994e+03   3.4077245e+03   3.4744971e+03   3.1901661e+03   3.3928529e+03   3.2295071e+03   3.3719787e+03   3.4559421e+03   3.2608463e+03   3.2597639e+03   3.4117913e+03   3.4721203e+03   3.4405993e+03   3.2305700e+03   2.8607079e+03   3.3227433e+03   3.1926358e+03   3.6167814e+03   3.4064456e+03   3.5342123e+03   2.9735363e+03   3.0743019e+03   3.3502810e+03
   2.5877214e+03   3.2711684e+03   3.0821605e+03   3.0044114e+03   3.1267887e+03   3.1541565e+03   2.9945246e+03   3.1023896e+03   2.6645668e+03   3.3994841e+03   2.9287573e+03   3.0704871e+03   2.8772946e+03   3.2852294e+03   3.0590654e+03   3.1937386e+03   3.0038699e+03   3.2802266e+03   3.0650058e+03   3.0830949e+03   3.0529305e+03   2.8607079e+03   2.8569994e+03   3.0578157e+03   3.0768621e+03   2.7811176e+03   3.1810362e+03   2.8004593e+03   3.0743019e+03   3.2331885e+03
   2.0933612e+03   2.0976119e+03   2.2331263e+03   2.0601170e+03   2.2165929e+03   1.8189103e+03   2.1492464e+03   2.0827850e+03   2.0325136e+03   2.0984075e+03   2.2047540e+03   2.0466864e+03   2.3049736e+03   2.3155839e+03   2.2701216e+03   2.2182926e+03   2.1920829e+03   1.9946717e+03   1.5655183e+03   2.0349479e+03   1.6126868e+03   2.3040219e+03   2.2658884e+03   2.3722475e+03   2.3948804e+03   1.9311866e+03   2.0806050e+03   1.8888361e+03   2.2598914e+03   1.8658916e+03
   0.0000000e+00   0.0000000e+00   0.0000000e+00   0.0000000e+00   0.0000000e+00   0.0000000e+00   0.0000000e+00   0.0000000e+00   0.0000000e+00   0.0000000e+00   0.0000000e+00   0.0000000e+00   0.0000000e+00   0.0000000e+00   0.0000000e+00   0.0000000e+00   0.0000000e+00   0.0000000e+00   0.0000000e+00   0.0000000e+00   0.0000000e+00   3.1228458e-02   3.1228458e-02   3.1228458e-02   3.1228458e-02   3.1228458e-02   3.1228458e-02   3.1228458e-02   3.1228458e-02   6.2456916e-02
