   5.0780612e+02   5.4677871e+02   4.9584792e+02   5.5223077e+02   4.6833537e+02   5.7067579e+02   5.2165995e+02   4.9949237e+02   4.9844951e+02   4.3692698e+02   5.8874194e+02   5.5790186e+02   4.8707568e+02   4.2368141e+02   3.9265096e+02   5.4401425e+02   4.6161313e+02   5.0563313e+02   4.5794737e+02   5.3109556e+02   4.4709483e+02   4.5065504e+02   4.8680505e+02   5.9090752e+02   5.2588933e+02   5.1553428e+02   4.8556589e+02   4.6064500e+02   4.9617932e+02   5.3355211e+02
   4.9629993e+02   4.7116640e+02   4.9584792e+02   5.3262227e+02   3.7064120e+02   4.8624306e+02   4.9376317e+02   4.9949237e+02   4.6928138e+02   4.3692698e+02   4.1367943e+02   5.0363068e+02   3.7311526e+02   4.2368141e+02   3.9265096e+02   5.4401425e+02   4.6161313e+02   5.0563313e+02   4.5794737e+02   5.2865744e+02   4.4709483e+02   4.5065504e+02   4.8680505e+02   5.5211670e+02   5.2468353e+02   5.1462922e+02   4.8556589e+02   4.6064500e+02   4.9617932e+02   5.1283433e+02
   4.3078201e+02   4.7059157e+02   4.9584792e+02   5.2129977e+02   3.7064120e+02   4.8624306e+02   4.6845665e+02   4.9240657e+02   4.6928138e+02   4.3692698e+02   4.1367943e+02   4.4769930e+02   3.7311526e+02   4.2368141e+02   3.9265096e+02   5.1171717e+02   4.6161313e+02   5.0563313e+02   4.5794737e+02   4.9226632e+02   4.4709483e+02   4.5065504e+02   4.8680505e+02   5.5211670e+02   4.9981360e+02   4.8186300e+02   4.8556589e+02   4.6064500e+02   4.4843690e+02   5.1283433e+02
   4.3078201e+02   4.7059157e+02   4.9584792e+02   5.2129977e+02   3.5508796e+02   4.7858828e+02   4.6845665e+02   4.9056376e+02   4.6928138e+02   4.3692698e+02   4.1367943e+02   4.4769930e+02   3.7311526e+02   4.2368141e+02   3.9265096e+02   4.4265939e+02   3.9025344e+02   2.9656788e+02   4.5794737e+02   4.4920161e+02   4.4709483e+02   4.5065504e+02   4.7247875e+02   5.4683660e+02   4.6767849e+02   4.3553853e+02   4.8556589e+02   4.6064500e+02   4.3022786e+02   4.9129049e+02
   4.3078201e+02   4.3944190e+02   4.6603346e+02   4.6267192e+02   3.5508796e+02   3.2831279e+02   4.6845665e+02   4.4164712e+02   4.6928138e+02   3.9415231e+02   4.1367943e+02   3.8051061e+02   3.7311526e+02   4.2368141e+02   3.9265096e+02   4.4265939e+02   3.9025344e+02   2.6257551e+02   4.5791118e+02   4.4595074e+02   4.4709483e+02   3.5439676e+02   4.5541312e+02   5.1474001e+02   3.9878672e+02   4.3553853e+02   4.7163780e+02   4.5042868e+02   4.3022786e+02   4.6374905e+02
   4.3078201e+02   4.3944190e+02   4.6603346e+02   4.6267192e+02   3.3470787e+02   3.2831279e+02   4.2659899e+02   4.4164712e+02   4.6928138e+02   3.9415231e+02   4.1367943e+02   3.8051061e+02   3.7311526e+02   4.2368141e+02   3.9265096e+02   4.4265939e+02   3.9025344e+02   2.6257551e+02   4.4897039e+02   4.4595074e+02   4.3886706e+02   3.5439676e+02   4.2610276e+02   4.8465391e+02   3.9878672e+02   4.3553853e+02   4.5802378e+02   4.5042868e+02   4.3022786e+02   4.6374905e+02
   4.2270599e+02   4.3944190e+02   4.4694705e+02   4.6267192e+02   3.3470787e+02   3.2831279e+02   4.1562626e+02   4.4164712e+02   4.6928138e+02   3.9415231e+02   3.7993245e+02   3.8051061e+02   3.7311526e+02   4.2368141e+02   3.9265096e+02   4.4265939e+02   3.9025344e+02   2.6257551e+02   4.0254106e+02   4.4595074e+02   4.2757896e+02   3.5439676e+02   4.2610276e+02   4.8465391e+02   3.9878672e+02   4.3553853e+02   4.2131824e+02   4.0415538e+02   4.3022786e+02   4.4542784e+02
   3.8869877e+02   4.1921869e+02   3.5061629e+02   4.1691307e+02   3.3470787e+02   3.2831279e+02   3.5335468e+02   4.2133658e+02   4.0606165e+02   3.9415231e+02   2.8595243e+02   3.5361723e+02   3.5478244e+02   3.9475951e+02   2.9692885e+02   3.9936846e+02   3.7274130e+02   2.6257551e+02   4.0254106e+02   4.1019719e+02   3.9213867e+02   3.2952543e+02   4.2428741e+02   4.3068724e+02   3.9878672e+02   4.0955718e+02   3.9450392e+02   4.0415538e+02   4.0443905e+02   4.0765874e+02
   3.0660706e+02   3.8265117e+02   3.4753983e+02   3.8430354e+02   3.3470787e+02   3.2831279e+02   3.2900705e+02   3.7837608e+02   3.5527310e+02   3.8878464e+02   2.8595243e+02   3.5083428e+02   3.2236854e+02   3.5472109e+02   2.1782088e+02   3.7358443e+02   3.7274130e+02   2.6257551e+02   3.8088537e+02   3.7380541e+02   3.8037548e+02   2.6126157e+02   3.9087875e+02   3.8838285e+02   3.7912263e+02   3.7668759e+02   3.7687340e+02   3.8423326e+02   3.7706287e+02   3.9010375e+02
   3.0660706e+02   3.7152908e+02   3.3883603e+02   3.7240569e+02   3.3470787e+02   2.9938917e+02   3.2900705e+02   3.6756497e+02   3.3730122e+02   3.5114036e+02   2.8595243e+02   3.3519391e+02   3.0674424e+02   3.5463178e+02   2.1672334e+02   3.5889503e+02   3.5935185e+02   2.6257551e+02   3.6980278e+02   3.6028813e+02   2.5900559e+02   2.6126157e+02   3.5550793e+02   3.7732879e+02   3.5842048e+02   3.6493812e+02   3.5915088e+02   3.5466464e+02   3.6520614e+02   3.6216649e+02
   3.0660706e+02   3.6389519e+02   2.4109718e+02   3.5308543e+02   3.3470787e+02   2.9938917e+02   2.9416948e+02   2.7514816e+02   3.2079444e+02   3.5114036e+02   2.2320580e+02   2.2897288e+02   3.0674424e+02   2.1270615e+02   2.1672334e+02   3.4219182e+02   3.3601232e+02   2.0296537e+02   3.6455286e+02   3.5631957e+02   2.5900559e+02   2.6126157e+02   3.5550793e+02   2.8450293e+02   3.4858243e+02   3.6193116e+02   3.5915088e+02   3.5466464e+02   3.5906164e+02   3.5706517e+02
   2.3938777e+02   3.6000362e+02   2.2946687e+02   2.7348944e+02   1.9573904e+02   2.0139145e+02   2.0766177e+02   2.7514816e+02   2.5794798e+02   3.0480958e+02   2.2320580e+02   2.1126489e+02   2.6290698e+02   2.0113912e+02   1.8095065e+02   2.7664614e+02   2.9725029e+02   2.0296537e+02   3.5698758e+02   2.7983735e+02   2.5900559e+02   2.6126157e+02   3.4419148e+02   2.8450293e+02   3.3381702e+02   3.4794141e+02   3.5287303e+02   3.5466464e+02   3.5731583e+02   3.5706517e+02
   2.1262226e+02   3.3286050e+02   2.1513358e+02   2.0803771e+02   1.8902841e+02   1.6695565e+02   1.6825735e+02   2.1558333e+02   2.2600266e+02   2.2794354e+02   1.7150040e+02   1.9007949e+02   2.0720430e+02   1.7482777e+02   1.8095065e+02   1.9249183e+02   2.6358690e+02   1.9702287e+02   2.6535967e+02   2.2702696e+02   2.2082912e+02   2.6126157e+02   3.4419148e+02   2.6173452e+02   3.2428705e+02   3.4794141e+02   3.5287303e+02   3.5034317e+02   3.5395528e+02   3.5624538e+02
   1.7503481e+02   1.5938772e+02   1.6124903e+02   1.8994959e+02   1.8245829e+02   1.6220451e+02   1.5177026e+02   1.6688537e+02   1.6722877e+02   1.4991690e+02   1.2481838e+02   1.3028294e+02   1.6841807e+02   1.2736036e+02   1.5785339e+02   1.8512590e+02   1.8616142e+02   1.6517832e+02   2.3789229e+02   2.1122869e+02   2.0770759e+02   1.8742130e+02   2.1047132e+02   2.2992092e+02   1.9402320e+02   3.4545035e+02   3.4602423e+02   3.4409369e+02   3.4576909e+02   3.3972715e+02
   1.0430455e+02   1.1996711e+02   1.2263214e+02   1.0151254e+02   1.0055824e+02   1.0183193e+02   1.0084792e+02   1.0028628e+02   1.0034377e+02   1.0024196e+02   1.0002775e+02   1.0004193e+02   1.0232382e+02   1.0008702e+02   1.0571550e+02   1.0184043e+02   1.0486912e+02   1.0085799e+02   1.5148975e+02   1.5232525e+02   1.6586819e+02   1.0643659e+02   1.3929599e+02   1.1725451e+02   1.7910216e+02   3.3165837e+02   3.1103927e+02   3.2572566e+02   3.3130396e+02   3.2598803e+02
   1.0000000e+02   1.0000000e+02   1.0000000e+02   1.0000000e+02   1.0000000e+02   1.0000000e+02   1.0000000e+02   1.0000000e+02   1.0000000e+02   1.0000000e+02   1.0000000e+02   1.0000000e+02   1.0000000e+02   1.0000000e+02   1.0000000e+02   1.0000000e+02   1.0000000e+02   1.0000000e+02   1.0000000e+02   1.0000000e+02   1.0000000e+02   1.0000000e+02   1.0000000e+02   1.0000000e+02   1.0000000e+02   3.0000000e+02   3.0000000e+02   3.0000000e+02   3.0000000e+02   3.0000000e+02
