   1.4572523e+07   7.7985699e+06   8.1679399e+06   1.1207463e+07   6.5923464e+06   1.6692393e+07   4.1542046e+06   1.2254899e+07   1.3755794e+07   3.0821554e+06   1.6968939e+07   8.5876868e+06   6.7988466e+06   1.4309699e+06   4.3258322e+06   7.4330582e+06   2.9685392e+06   1.0113195e+07   3.0256620e+06   6.0400545e+06   2.3736125e+06   7.0175210e+06   7.4677459e+05   8.9168909e+06   3.8355888e+06   3.9070474e+06   7.8210632e+06   1.0181528e+07   6.5582362e+06   8.7261693e+06
   3.6964036e+04   7.1800586e+03   1.2034709e+04   4.3525744e+03   4.5523657e+04   1.1317919e+04   5.7104628e+04   1.1584594e+03   2.7719031e+04   4.1670357e+04   7.8851839e+03   1.4582286e+03   3.8237824e+02   3.1803755e+04   7.2227480e+02   3.7826741e+02   2.7841489e+04   1.5598019e+04   2.6618590e+04   1.2018388e+03   3.9889831e+04   5.2103846e+03   7.6493213e+03   1.4090411e+04   7.9358799e+04   2.1559651e+04   4.2155354e+04   3.0379643e+00   5.4242436e+02   3.6427153e+03
   1.0407913e+03   4.0168964e+02   1.0162745e+04   3.0994621e+03   2.3051944e+02   2.7245274e+03   2.7406253e+03   1.6703593e+02   2.1797119e+02   1.0930799e+03   1.3621448e+03   1.2666944e+03   3.8237824e+02   1.3492501e+03   1.7303307e+02   3.7826741e+02   1.6616553e+04   9.2404800e+02   5.8303325e+03   1.1837875e+03   2.2651387e+02   3.3308840e+03   3.9698185e+02   1.3891764e+03   1.3750171e+03   8.3046993e+02   2.3357775e+03   3.0379643e+00   5.4242436e+02   5.1443398e+02
   1.0407913e+03   2.0115605e+02   8.0729966e+02   1.6214046e+03   2.3051944e+02   3.4369062e+02   2.4227727e+00   1.6703593e+02   2.1797119e+02   3.5117652e+02   2.4610002e+02   8.5262548e+02   3.8237824e+02   1.3492501e+03   1.7303307e+02   3.4179624e+01   3.0737127e+03   2.6500995e+02   3.8237544e+02   3.8588948e+01   2.2651387e+02   6.6524174e+02   3.9698185e+02   6.0188414e+02   1.1377647e+03   1.4693902e+02   2.9830765e+02   3.0379643e+00   5.4242436e+02   5.1443398e+02
   9.3243023e+02   1.5356244e+02   2.7270483e+02   1.2842933e+02   2.3051944e+02   1.3924733e+02   2.4227727e+00   1.6703593e+02   2.1797119e+02   1.8289486e+02   2.4610002e+02   4.2198539e+02   3.8237824e+02   2.0727940e+01   4.7690212e+01   3.4179624e+01   1.7278919e+02   2.6500995e+02   3.8237544e+02   3.8588948e+01   2.2651387e+02   1.6887277e+02   3.6806729e+02   2.0041116e+02   2.0531606e+02   1.4693902e+02   2.0270940e+01   3.0379643e+00   5.4242436e+02   3.1564475e+01
   1.7109958e+01   1.0326680e+02   1.8392184e+01   1.0102376e+01   4.9698129e-02   9.3633765e+01   2.4227727e+00   5.3086912e+01   1.3625205e+01   1.8289486e+02   2.2303334e+01   5.8897160e+00   7.4303057e+01   2.0727940e+01   4.7690212e+01   3.4179624e+01   7.1154117e+01   9.9279022e+01   4.0796652e+01   1.4190426e+01   5.9201448e+01   1.2897269e+02   4.6418926e+01   9.3803605e+01   2.0531606e+02   7.2538905e+00   2.0270940e+01   3.0379643e+00   2.6926900e-01   3.1564475e+01
   1.7109958e+01   2.2847791e+01   1.7888098e+01   1.0102376e+01   4.9698129e-02   5.3275186e-02   2.4227727e+00   5.3086912e+01   1.3625205e+01   4.2440585e+01   1.1483869e+01   5.8897160e+00   9.1938346e+00   2.0727940e+01   4.7690212e+01   2.0960122e+01   1.1868620e+01   9.9279022e+01   1.8665317e+00   5.9217696e+00   1.5656925e+01   1.7130017e+00   5.4068431e+00   1.9406268e+01   9.9551423e+00   2.4236241e+00   2.0270940e+01   3.0379643e+00   2.6926900e-01   2.2760235e+01
   1.7109958e+01   8.1573419e+00   1.7888098e+01   8.5085280e+00   4.9698129e-02   5.3275186e-02   2.4227727e+00   2.0262862e+01   3.4766233e+00   9.2570520e-01   4.7935638e+00   1.3522178e+00   1.9978788e+00   4.6491515e+00   1.3759268e+00   2.0960122e+01   6.9330053e+00   2.4196943e-01   9.3405837e-01   3.6679664e+00   4.3201975e+00   1.7130017e+00   5.4068431e+00   1.3269492e+00   4.0198251e+00   2.4236241e+00   1.3196105e+00   1.5294149e+00   2.6926900e-01   3.5402269e+00
   3.5948042e-01   3.2336436e+00   2.0830147e+00   2.1932513e+00   4.9698129e-02   5.3275186e-02   5.3603027e-01   8.3733013e+00   3.4766233e+00   9.2570520e-01   4.6769988e-02   1.3522178e+00   5.6641801e-01   1.4149345e+00   7.9665874e-01   1.4926734e-02   1.3550349e+00   2.4196943e-01   9.3405837e-01   3.6679664e+00   5.2589843e-01   1.7130017e+00   5.4068431e+00   1.3269492e+00   3.9502744e+00   3.4686939e-01   1.0170954e+00   1.5294149e+00   2.6926900e-01   1.4839028e+00
   8.3059576e-03   8.6276575e-03   3.6842546e-02   1.2481194e-02   7.6642332e-03   3.9715877e-02   1.5608381e-02   7.6160889e-03   3.3822818e-02   2.0168807e-02   8.4645218e-03   1.1688142e-02   2.3150635e-02   1.3192978e-02   3.0880103e-02   1.4926734e-02   1.3215898e-02   4.7444777e-03   2.9565238e-02   1.0012296e-02   1.9685616e-02   2.0429203e-02   1.3781106e-02   2.3235596e-02   1.9216191e-02   9.2792229e-03   1.2606302e-02   1.4222174e-02   2.4035072e-02   2.1349772e-02
   1.8718802e-04   1.3213015e-04   1.0994929e-04   1.8795516e-04   8.5235898e-05   4.5000464e-05   1.4301031e-04   1.3160633e-04   7.2209675e-05   6.8005674e-05   5.9138527e-05   2.3242269e-04   1.6662621e-04   1.3765988e-04   9.8379772e-05   8.9645605e-05   1.9810339e-04   1.5402279e-04   6.0053634e-05   1.6769447e-04   1.4576273e-04   1.9452375e-04   3.2790569e-04   1.1772621e-04   1.0834041e-04   7.8223626e-05   7.0446137e-05   1.3070852e-04   1.4291395e-04   5.1352287e-05
   4.3176942e-07   1.3468808e-07   3.9568504e-07   2.3333570e-07   6.0198348e-07   2.0075741e-06   5.3376788e-07   2.0649643e-07   6.7268171e-07   2.5555058e-07   7.3224461e-07   6.7474355e-07   4.7748262e-07   5.5802355e-07   2.0729679e-07   3.9569816e-07   2.3638373e-07   2.8289074e-07   0.0000000e+00   3.4777187e-07   2.6922812e-07   2.7976432e-07   4.6935028e-07   3.4767574e-07   1.0844121e-06   2.0701163e-07   7.8433577e-07   1.1005042e-06   6.0103014e-07   4.2202959e-07
   0.0000000e+00   0.0000000e+00   0.0000000e+00   0.0000000e+00   0.0000000e+00   0.0000000e+00   0.0000000e+00   0.0000000e+00   0.0000000e+00   0.0000000e+00   0.0000000e+00   0.0000000e+00   0.0000000e+00   0.0000000e+00   0.0000000e+00   0.0000000e+00   0.0000000e+00   0.0000000e+00   0.0000000e+00   0.0000000e+00   0.0000000e+00   0.0000000e+00   0.0000000e+00   0.0000000e+00   0.0000000e+00   0.0000000e+00   0.0000000e+00   0.0000000e+00   0.0000000e+00   0.0000000e+00
   0.0000000e+00   0.0000000e+00   0.0000000e+00   0.0000000e+00   0.0000000e+00   0.0000000e+00   0.0000000e+00   0.0000000e+00   0.0000000e+00   0.0000000e+00   0.0000000e+00   0.0000000e+00   0.0000000e+00   0.0000000e+00   0.0000000e+00   0.0000000e+00   0.0000000e+00   0.0000000e+00   0.0000000e+00   0.0000000e+00   0.0000000e+00   0.0000000e+00   0.0000000e+00   0.0000000e+00   0.0000000e+00   0.0000000e+00   0.0000000e+00   0.0000000e+00   0.0000000e+00   0.0000000e+00
   0.0000000e+00   0.0000000e+00   0.0000000e+00   0.0000000e+00   0.0000000e+00   0.0000000e+00   0.0000000e+00   0.0000000e+00   0.0000000e+00   0.0000000e+00   0.0000000e+00   0.0000000e+00   0.0000000e+00   0.0000000e+00   0.0000000e+00   0.0000000e+00   0.0000000e+00   0.0000000e+00   0.0000000e+00   0.0000000e+00   0.0000000e+00   0.0000000e+00   0.0000000e+00   0.0000000e+00   0.0000000e+00   0.0000000e+00   0.0000000e+00   0.0000000e+00   0.0000000e+00   0.0000000e+00
   0.0000000e+00   0.0000000e+00   0.0000000e+00   0.0000000e+00   0.0000000e+00   0.0000000e+00   0.0000000e+00   0.0000000e+00   0.0000000e+00   0.0000000e+00   0.0000000e+00   0.0000000e+00   0.0000000e+00   0.0000000e+00   0.0000000e+00   0.0000000e+00   0.0000000e+00   0.0000000e+00   0.0000000e+00   0.0000000e+00   0.0000000e+00   0.0000000e+00   0.0000000e+00   0.0000000e+00   0.0000000e+00   0.0000000e+00   0.0000000e+00   0.0000000e+00   0.0000000e+00   0.0000000e+00
