   1.0686420e+03   1.3816006e+03   1.6094491e+03   1.5949921e+03   1.8245103e+03   1.5831214e+03   1.7794652e+03   1.4321095e+03   1.5893741e+03   1.7840695e+03   1.5968340e+03   1.3125794e+03   1.6064593e+03   1.5831214e+03   1.4918342e+03   1.6896068e+03   1.9260632e+03   1.2727598e+03   1.4121927e+03   1.9042051e+03   9.4006933e+02   1.5403744e+03   1.5613207e+03   1.6073789e+03   9.8999616e+02   1.5399756e+03   1.7763760e+03   1.6122104e+03   1.5471705e+03   1.4684183e+03
   7.2760121e+00   2.1558530e+02   4.9495356e+01   5.8455467e+00   1.2182123e+00   3.7165854e+01   5.3639234e+01   1.3917546e+01   2.0133159e+01   1.9959129e+01   5.7054446e+01   2.3200845e+00   3.0682189e+01   3.7165854e+01   2.9388115e+01   6.9432302e+01   1.2567049e+01   3.3190794e+01   4.0851988e+01   9.6894432e+01   1.3202944e+02   8.8648921e+01   1.7945042e+01   3.4681455e+02   9.4867641e+00   2.7591672e+01   8.9855936e+01   2.9324576e+01   4.3924561e+01   4.9342424e+00
   7.2760121e+00   5.9247136e-01   5.4889198e+00   5.8455467e+00   9.5230709e-01   1.0623931e+00   1.0670251e+01   7.5528701e+00   2.0133159e+01   1.4305140e+01   1.0614863e-01   2.3200845e+00   7.6760042e+00   1.0623931e+00   2.9388115e+01   7.2521240e+00   1.0293650e+01   2.6711964e+01   5.9710151e+00   8.3204192e-02   2.5595253e+01   3.8722980e+00   1.3300992e+01   3.4420657e+01   9.1039987e-01   1.0202829e+01   3.6474216e+01   9.7472737e+00   2.4014313e+01   1.8681869e+00
   1.1247914e+00   5.9247136e-01   3.3309058e-01   9.1654712e-01   9.5230709e-01   1.0623931e+00   1.0670251e+01   1.3108715e+00   5.0049923e+00   1.1201408e+01   1.0614863e-01   2.3200845e+00   3.0299830e+00   1.0623931e+00   3.4138620e-01   8.9143875e-01   3.1806536e+00   3.4197289e+00   6.0352907e-01   8.3204192e-02   4.3102117e-01   3.8722980e+00   5.7170747e+00   5.2824621e-01   9.1039987e-01   7.9026962e+00   1.3630884e+00   5.7928774e+00   1.8229501e+00   1.4512951e+00
   1.1247914e+00   2.7495774e-01   3.3309058e-01   2.4994436e-01   6.2803519e-01   1.0623931e+00   3.4204585e+00   1.3108715e+00   8.3332959e-01   6.2056066e-01   1.0614863e-01   2.7701513e-01   8.5741566e-01   1.0623931e+00   3.4138620e-01   3.7574503e-01   1.1913286e+00   1.7345069e+00   6.0352907e-01   8.3204192e-02   4.0562714e-01   7.4215592e-01   2.0958125e+00   5.2824621e-01   2.8062885e-02   4.5323842e+00   2.2573612e-01   7.1513161e-02   1.3474078e+00   1.4512951e+00
   2.5046691e-01   1.7098082e-01   3.3309058e-01   2.4994436e-01   5.0108827e-01   2.4407464e-01   1.1100310e+00   6.0177143e-02   2.2369116e-01   6.2056066e-01   1.0614863e-01   2.7701513e-01   2.1773320e-01   2.4407464e-01   3.4138620e-01   3.7574503e-01   5.1587631e-01   3.4248282e-01   6.0352907e-01   8.3204192e-02   4.0562714e-01   5.8503827e-01   1.4510286e-01   2.7855989e-02   2.8062885e-02   7.6993873e-01   2.2573612e-01   7.1513161e-02   6.2087669e-02   1.0815337e-01
   1.8427085e-01   1.7098082e-01   2.5571615e-01   2.4994436e-01   2.1824379e-01   2.4407464e-01   1.1100310e+00   6.0177143e-02   1.3982664e-01   3.8241354e-01   1.0614863e-01   4.4232982e-02   2.1773320e-01   2.4407464e-01   1.3319069e-01   3.7574503e-01   1.5121488e-01   3.4248282e-01   6.9933252e-03   8.3204192e-02   4.0562714e-01   5.8503827e-01   1.4510286e-01   2.7855989e-02   2.8062885e-02   6.5830305e-01   2.2573612e-01   7.1513161e-02   6.2087669e-02   1.0815337e-01
   1.0531165e-01   1.7098082e-01   1.4507402e-01   8.3858969e-02   2.1824379e-01   2.4407464e-01   1.1999807e-01   6.0177143e-02   6.8244261e-02   1.0380713e-01   1.0614863e-01   4.4232982e-02   1.2741749e-01   2.4407464e-01   1.3319069e-01   1.0510041e-01   1.5121488e-01   1.8297900e-01   6.9933252e-03   8.3204192e-02   2.9444239e-01   1.2003121e-01   1.4510286e-01   2.7855989e-02   2.8062885e-02   1.2536319e-01   2.2572943e-02   7.1513161e-02   6.2087669e-02   1.0815337e-01
   1.0531165e-01   1.4471395e-01   1.4507402e-01   8.3858969e-02   6.4352198e-02   1.3052308e-01   5.0403812e-02   6.0177143e-02   6.8244261e-02   1.0380713e-01   1.0282377e-01   4.4232982e-02   7.0930729e-02   1.3052308e-01   1.3319069e-01   8.0644557e-02   1.2905968e-01   1.3257987e-02   6.9933252e-03   8.3204192e-02   6.7683900e-02   7.1199645e-02   1.3176817e-01   2.7855989e-02   2.8062885e-02   8.9912823e-02   2.2572943e-02   7.1513161e-02   6.0393310e-02   6.9737873e-02
   2.7039574e-03   3.3839943e-03   3.2451023e-03   3.0866561e-03   6.7662504e-03   5.2868504e-03   1.1053217e-02   5.3382977e-03   7.1531972e-03   6.8867549e-03   5.9213550e-03   1.7483588e-03   3.2107911e-03   5.2868504e-03   4.2240071e-03   4.2938784e-03   4.9504038e-03   5.8470023e-03   6.9933252e-03   3.5355412e-03   1.2497857e-03   4.3048681e-03   1.4649546e-03   1.0863326e-02   7.5179244e-03   2.7887043e-03   4.8600207e-03   1.5067517e-03   5.3784028e-03   1.8446972e-03
   1.3955367e-04   6.9792310e-05   1.9446639e-05   1.2487596e-04   1.0307415e-04   4.4664943e-05   7.5725810e-05   1.3027239e-04   9.1917497e-05   9.4361148e-05   1.3401421e-04   5.8148447e-05   9.0376007e-05   4.4664943e-05   7.2515040e-05   1.4138670e-04   1.0970254e-04   6.8556642e-05   1.4165232e-04   1.1403438e-04   6.8595827e-05   4.5256862e-05   2.9559927e-05   3.9904260e-05   7.1709048e-05   1.0445187e-04   1.3054204e-04   1.2378292e-04   8.0686209e-05   1.6623984e-04
   4.2888466e-06   2.3888119e-06   4.4405196e-07   1.1131915e-06   2.8032445e-06   2.4194356e-06   1.7592242e-06   4.1962985e-06   4.8082040e-06   8.3437519e-07   1.8449723e-06   4.5178520e-06   2.4136659e-06   2.4194356e-06   2.7996402e-06   3.0082111e-06   2.0819007e-06   1.8914421e-06   3.3429465e-07   1.4414682e-06   2.4441088e-06   3.8324597e-06   4.3402079e-06   1.7088741e-07   5.8709666e-07   1.3442389e-06   1.5124736e-06   1.9544107e-06   3.7850358e-06   4.3260968e-06
   0.0000000e+00   0.0000000e+00   0.0000000e+00   0.0000000e+00   0.0000000e+00   0.0000000e+00   0.0000000e+00   0.0000000e+00   0.0000000e+00   0.0000000e+00   0.0000000e+00   0.0000000e+00   0.0000000e+00   0.0000000e+00   0.0000000e+00   0.0000000e+00   0.0000000e+00   0.0000000e+00   0.0000000e+00   0.0000000e+00   0.0000000e+00   0.0000000e+00   0.0000000e+00   0.0000000e+00   0.0000000e+00   0.0000000e+00   0.0000000e+00   0.0000000e+00   0.0000000e+00   0.0000000e+00
   0.0000000e+00   0.0000000e+00   0.0000000e+00   0.0000000e+00   0.0000000e+00   0.0000000e+00   0.0000000e+00   0.0000000e+00   0.0000000e+00   0.0000000e+00   0.0000000e+00   0.0000000e+00   0.0000000e+00   0.0000000e+00   0.0000000e+00   0.0000000e+00   0.0000000e+00   0.0000000e+00   0.0000000e+00   0.0000000e+00   0.0000000e+00   0.0000000e+00   0.0000000e+00   0.0000000e+00   0.0000000e+00   0.0000000e+00   0.0000000e+00   0.0000000e+00   0.0000000e+00   0.0000000e+00
   0.0000000e+00   0.0000000e+00   0.0000000e+00   0.0000000e+00   0.0000000e+00   0.0000000e+00   0.0000000e+00   0.0000000e+00   0.0000000e+00   0.0000000e+00   0.0000000e+00   0.0000000e+00   0.0000000e+00   0.0000000e+00   0.0000000e+00   0.0000000e+00   0.0000000e+00   0.0000000e+00   0.0000000e+00   0.0000000e+00   0.0000000e+00   0.0000000e+00   0.0000000e+00   0.0000000e+00   0.0000000e+00   0.0000000e+00   0.0000000e+00   0.0000000e+00   0.0000000e+00   0.0000000e+00
   0.0000000e+00   0.0000000e+00   0.0000000e+00   0.0000000e+00   0.0000000e+00   0.0000000e+00   0.0000000e+00   0.0000000e+00   0.0000000e+00   0.0000000e+00   0.0000000e+00   0.0000000e+00   0.0000000e+00   0.0000000e+00   0.0000000e+00   0.0000000e+00   0.0000000e+00   0.0000000e+00   0.0000000e+00   0.0000000e+00   0.0000000e+00   0.0000000e+00   0.0000000e+00   0.0000000e+00   0.0000000e+00   0.0000000e+00   0.0000000e+00   0.0000000e+00   0.0000000e+00   0.0000000e+00
