   4.4388424e+02   3.5159856e+02   3.7029332e+02   4.8892283e+02   4.3293110e+02   4.1802632e+02   5.0551431e+02   4.7741277e+02   2.2474013e+02   2.7762103e+02   5.1765228e+02   4.2378864e+02   3.8123459e+02   2.8704198e+02   4.4524270e+02   2.4666215e+02   2.8715532e+02   2.2504466e+02   3.5651047e+02   2.3681573e+02   4.6695370e+02   3.9071653e+02   3.8872081e+02   3.0973173e+02   3.4769137e+02   4.5151226e+02   2.9042636e+02   4.0979313e+02   2.7936041e+02   8.0069300e+02
   2.5848636e+01   4.7729983e+01   3.2571319e+01   3.7456031e+01   4.1254815e+01   3.6868842e+01   5.3822485e+01   8.7243774e-01   1.1850247e+01   2.7711434e+01   1.0646362e+01   7.6095293e+01   5.1475089e+01   1.4815788e+01   1.1868572e+01   4.1929855e+01   1.8758495e+01   1.5002134e+02   1.4873144e+00   9.7536798e+00   1.0432280e+01   1.3876532e+02   2.4784020e+01   2.2640700e+01   1.2945181e+02   1.0090748e+02   5.5808356e+00   2.4194589e+01   8.8675695e+01   2.0376116e+01
   1.0944706e+01   1.2117980e+01   2.2368385e+01   9.8126256e-01   1.2637990e+01   7.6635590e+00   2.0491804e+01   8.7243774e-01   1.1850247e+01   8.0476534e+00   1.0646362e+01   1.0052206e+01   2.9206218e+01   6.6708042e+00   1.0174097e+01   1.5034841e+00   1.0063496e-01   1.8771192e+00   1.4873144e+00   5.1420307e+00   9.4222011e+00   1.1240627e+00   8.1973189e-01   7.6748159e+00   1.4977433e+01   5.4886652e+00   5.5808356e+00   1.8871630e+01   5.4910358e+00   7.0602156e+00
   5.1295490e+00   5.3149227e+00   1.1474313e+01   9.8126256e-01   6.6388713e-01   1.5694511e+00   1.0349840e+01   8.7243774e-01   1.1850247e+01   8.0476534e+00   3.5428516e+00   2.9507893e+00   3.0666503e+00   1.1611525e+00   1.8138013e+00   1.5034841e+00   1.0063496e-01   1.8771192e+00   2.4194214e-01   1.1088531e-01   9.4222011e+00   1.1240627e+00   8.1973189e-01   7.6748159e+00   1.4710773e+00   5.4886652e+00   5.5808356e+00   7.7628334e+00   3.5219911e-01   3.9088469e-01
   5.1295490e+00   5.3149227e+00   7.8181539e+00   9.8126256e-01   6.6388713e-01   1.5694511e+00   8.3996200e+00   8.7243774e-01   5.6248369e+00   8.0476534e+00   3.5428516e+00   2.9507893e+00   7.6890281e-02   1.1611525e+00   1.8138013e+00   1.5034841e+00   1.0063496e-01   1.8771192e+00   2.4194214e-01   1.1088531e-01   9.4222011e+00   1.1240627e+00   8.1973189e-01   5.2534075e-01   1.4710773e+00   5.0614041e-01   6.3575263e-01   3.4667836e+00   3.5219911e-01   3.9088469e-01
   3.4538897e+00   3.3562375e+00   3.7057825e-01   3.8609401e-01   6.6388713e-01   1.2019790e+00   5.2587121e+00   6.6296736e-02   5.6248369e+00   4.2963596e+00   1.1571206e+00   2.9507893e+00   7.6890281e-02   1.1611525e+00   1.8138013e+00   1.5034841e+00   1.0063496e-01   1.2520317e-01   2.4194214e-01   1.1088531e-01   1.9914915e+00   3.7557632e-01   3.5304897e-01   5.2534075e-01   9.9466820e-01   5.0614041e-01   6.3575263e-01   1.9348191e+00   3.5219911e-01   3.9088469e-01
   6.7406864e-01   2.1221860e+00   3.7057825e-01   3.8609401e-01   6.6388713e-01   4.4417587e-01   2.2486300e+00   6.6296736e-02   1.0476254e-02   4.2963596e+00   4.7937592e-01   2.0110553e-01   7.6890281e-02   1.1611525e+00   2.8237550e-01   1.5034841e+00   1.0063496e-01   1.2520317e-01   2.4194214e-01   1.1088531e-01   1.9914915e+00   3.7557632e-01   2.9308625e-01   5.2534075e-01   6.1747316e-01   1.7714675e-01   5.6685079e-01   8.6066835e-02   2.6218816e-01   3.9088469e-01
   3.8538005e-02   3.2407860e-02   2.8588222e-02   9.8187967e-02   2.7494668e-02   3.9783098e-02   9.6123125e-02   3.8884956e-02   1.0476254e-02   3.5418434e-02   3.5524947e-02   3.8560564e-02   1.5445917e-02   7.1287022e-02   8.0436635e-02   5.7944681e-02   3.6713180e-02   6.6436190e-02   2.9210833e-02   1.0299771e-01   5.9452929e-02   7.4735592e-02   1.8456276e-02   5.7278151e-02   5.2515987e-02   8.7316889e-02   6.8833957e-02   3.0862895e-02   6.2073082e-02   6.0148178e-02
   6.6855414e-03   8.1599632e-03   9.5418290e-03   6.7042765e-03   1.1693738e-02   5.5390340e-03   1.6463045e-02   1.0627285e-02   6.1883851e-03   1.0668441e-02   1.0313288e-02   8.6280489e-03   1.5445917e-02   4.9336332e-03   1.1078461e-02   9.0954728e-03   8.9514681e-03   8.0709754e-03   6.3327390e-03   1.0323333e-02   9.8430689e-03   1.1831786e-02   8.5234571e-03   1.3220003e-02   1.4620667e-02   8.2677248e-03   6.4186315e-03   1.0411021e-02   8.4688168e-03   1.0575217e-02
   5.3622881e-04   1.5826772e-03   1.8454795e-03   1.9353305e-03   2.5202900e-03   1.2367440e-03   2.0335238e-03   5.6247396e-04   2.5408531e-03   1.4188836e-03   1.4390973e-03   1.7919370e-03   2.3257910e-03   2.1289785e-03   2.1007034e-03   2.1001464e-03   1.1240040e-03   1.5934719e-03   2.5132620e-03   2.3756605e-03   2.2399434e-03   2.2431794e-03   2.5307190e-03   1.3993226e-03   1.8489233e-03   1.1631825e-03   1.8033836e-03   1.6446635e-03   1.5541094e-03   2.1294962e-03
   2.5386710e-04   8.2991327e-04   4.8129128e-04   6.9508851e-04   4.3711546e-04   4.2341618e-04   7.6528923e-04   3.8498617e-04   7.0258110e-04   2.9839117e-04   4.5769841e-04   6.1955829e-04   7.1791343e-04   7.6129350e-04   6.3918120e-04   8.7000431e-04   8.9536766e-04   2.0104950e-04   5.7234313e-04   6.2740905e-04   4.8681342e-04   6.9211747e-04   7.0899516e-04   4.6103059e-04   4.7939780e-04   6.7685103e-04   4.6191107e-04   4.7470455e-04   4.4218459e-04   6.7655116e-04
   8.9826438e-05   7.5635456e-05   1.0577392e-04   1.1511512e-04   1.3891729e-04   4.1612621e-05   8.2999010e-05   8.9616172e-05   1.0491413e-04   4.4386444e-05   1.4773377e-04   9.9952704e-05   8.6029891e-05   8.3448648e-05   1.3034562e-04   5.6238273e-05   8.1905661e-05   1.1503319e-04   1.3080606e-04   7.9729227e-05   1.3990935e-04   1.0411678e-04   5.5004675e-05   6.6619703e-05   1.5398862e-04   7.1408722e-05   7.1118322e-05   1.0388441e-04   1.0912364e-04   1.2185520e-04
   1.6036175e-08   1.3245398e-08   0.0000000e+00   0.0000000e+00   0.0000000e+00   0.0000000e+00   1.5938419e-08   0.0000000e+00   0.0000000e+00   0.0000000e+00   0.0000000e+00   0.0000000e+00   2.1544288e-08   1.1305936e-08   1.9343567e-08   1.6721529e-08   0.0000000e+00   2.5582438e-08   0.0000000e+00   0.0000000e+00   0.0000000e+00   0.0000000e+00   0.0000000e+00   0.0000000e+00   3.1727424e-08   0.0000000e+00   0.0000000e+00   0.0000000e+00   0.0000000e+00   0.0000000e+00
   0.0000000e+00   0.0000000e+00   0.0000000e+00   0.0000000e+00   0.0000000e+00   0.0000000e+00   0.0000000e+00   0.0000000e+00   0.0000000e+00   0.0000000e+00   0.0000000e+00   0.0000000e+00   0.0000000e+00   0.0000000e+00   0.0000000e+00   0.0000000e+00   0.0000000e+00   0.0000000e+00   0.0000000e+00   0.0000000e+00   0.0000000e+00   0.0000000e+00   0.0000000e+00   0.0000000e+00   0.0000000e+00   0.0000000e+00   0.0000000e+00   0.0000000e+00   0.0000000e+00   0.0000000e+00
   0.0000000e+00   0.0000000e+00   0.0000000e+00   0.0000000e+00   0.0000000e+00   0.0000000e+00   0.0000000e+00   0.0000000e+00   0.0000000e+00   0.0000000e+00   0.0000000e+00   0.0000000e+00   0.0000000e+00   0.0000000e+00   0.0000000e+00   0.0000000e+00   0.0000000e+00   0.0000000e+00   0.0000000e+00   0.0000000e+00   0.0000000e+00   0.0000000e+00   0.0000000e+00   0.0000000e+00   0.0000000e+00   0.0000000e+00   0.0000000e+00   0.0000000e+00   0.0000000e+00   0.0000000e+00
   0.0000000e+00   0.0000000e+00   0.0000000e+00   0.0000000e+00   0.0000000e+00   0.0000000e+00   0.0000000e+00   0.0000000e+00   0.0000000e+00   0.0000000e+00   0.0000000e+00   0.0000000e+00   0.0000000e+00   0.0000000e+00   0.0000000e+00   0.0000000e+00   0.0000000e+00   0.0000000e+00   0.0000000e+00   0.0000000e+00   0.0000000e+00   0.0000000e+00   0.0000000e+00   0.0000000e+00   0.0000000e+00   0.0000000e+00   0.0000000e+00   0.0000000e+00   0.0000000e+00   0.0000000e+00
