   1.2046421e+03   1.8713151e+03   8.6275233e+02   1.5663658e+03   1.0619446e+03   1.5946166e+03   1.5270284e+03   7.0133982e+02   1.4832085e+03   1.0723489e+03   1.4694456e+03   1.3031237e+03   1.3240684e+03   1.1633793e+03   1.5347510e+03   1.3781775e+03   1.3386860e+03   1.5448726e+03   1.7126085e+03   1.7812477e+03   1.1444894e+03   1.2561354e+03   1.4232547e+03   7.8019428e+02   1.1245390e+03   1.9003171e+03   1.0390633e+03   1.0725978e+03   1.3538243e+03   1.5709409e+03
   1.1444349e+02   9.6648185e+01   1.0603932e+01   1.1722375e+01   4.1279977e+01   5.4944772e+01   1.6177765e+02   1.2171633e+02   6.7576515e+01   7.4012609e+01   4.1266641e+01   1.1121268e+01   6.9933345e+00   4.5955999e+01   3.7229974e+01   5.0920462e+00   1.8092196e+01   5.9900462e-01   1.2234721e+01   2.3793820e+01   4.9700834e+01   5.0763989e+00   5.3498577e+01   3.6809799e+01   7.4255189e+00   7.6953354e+01   4.2607733e+01   6.5900964e+01   1.3838442e+02   2.5567926e+01
   8.9152084e-01   1.0157758e+01   1.1758508e+00   1.1722375e+01   4.1279977e+01   2.1620537e+00   4.0480334e+01   2.8818376e+01   2.9930777e+01   1.0563183e+01   1.0804075e+01   4.2174446e+00   5.4895411e+00   3.2584943e+01   2.3510797e+01   5.0920462e+00   2.6491659e+00   5.9900462e-01   2.8817917e+00   6.2982792e+00   2.2553015e+01   5.0763989e+00   5.6932755e+00   8.5520490e+00   4.2151115e-01   2.3212292e+00   3.5210643e+01   5.9256149e+01   6.8982632e+00   1.1545488e+01
   8.9152084e-01   6.2478646e+00   1.1758508e+00   3.5547956e-01   1.1371160e+01   2.1620537e+00   2.4396745e+00   6.2717646e+00   7.0336771e+00   9.7234956e+00   1.0804075e+01   4.2174446e+00   2.4479198e+00   3.0830731e+00   1.0281673e+01   5.0920462e+00   2.6491659e+00   5.9900462e-01   2.8817917e+00   6.2982792e+00   5.9569152e+00   3.3825918e+00   5.6932755e+00   6.6590225e-01   4.2151115e-01   2.3212292e+00   9.7624857e+00   2.5775411e+00   5.2829323e-01   4.2732084e+00
   8.9152084e-01   4.2544184e+00   1.1758508e+00   3.5547956e-01   7.2572906e+00   2.1620537e+00   2.4396745e+00   6.2717646e+00   4.4194398e+00   1.4502759e+00   7.2520652e+00   4.2174446e+00   2.4479198e+00   1.6489865e+00   7.5885513e-01   1.2470143e+00   2.6491659e+00   5.9900462e-01   2.0117572e-01   6.0774205e+00   5.9569152e+00   2.9431362e+00   1.2047939e+00   6.6590225e-01   4.2151115e-01   2.3212292e+00   6.8539067e+00   3.1199528e-01   5.2829323e-01   3.0084633e+00
   8.9152084e-01   1.5632744e+00   1.5979167e-01   3.5547956e-01   4.9125532e-01   2.1620537e+00   2.4774842e-01   1.1739279e+00   5.7324383e-01   1.0496357e+00   1.1191362e+00   4.0707080e+00   1.4254869e+00   1.1340959e+00   1.1233885e-01   4.4472981e-01   2.6491659e+00   5.9900462e-01   2.0117572e-01   2.0410537e+00   5.2576669e+00   1.2345575e+00   1.0652069e+00   6.6590225e-01   4.2151115e-01   5.2393801e-02   3.6171828e+00   3.1199528e-01   5.2829323e-01   3.0084633e+00
   8.9152084e-01   1.3775810e+00   1.5979167e-01   3.5547956e-01   4.9125532e-01   2.6929185e-01   1.3990400e-01   1.1739279e+00   5.7324383e-01   1.0496357e+00   1.1191362e+00   6.5740799e-01   1.4254869e+00   8.9690439e-01   1.1233885e-01   2.1950817e-01   3.9962463e-02   5.9900462e-01   5.1284354e-02   1.4933921e+00   1.9823471e-01   1.0793832e+00   1.0311815e+00   6.6590225e-01   4.2151115e-01   5.2393801e-02   8.0369394e-01   3.1199528e-01   5.2829323e-01   9.8679117e-01
   6.5125443e-01   2.5211725e-01   1.5979167e-01   3.0975201e-01   1.2063609e-01   2.6929185e-01   1.3990400e-01   5.2096493e-01   1.6708870e-01   2.5434476e-01   7.1297511e-01   7.4701058e-02   8.2966718e-01   2.7275202e-01   1.1233885e-01   2.1950817e-01   3.9962463e-02   3.6853084e-01   5.1284354e-02   4.3963544e-01   1.9823471e-01   1.0727127e+00   1.0311815e+00   1.9816027e-01   4.2151115e-01   5.2393801e-02   3.4571493e-01   3.1199528e-01   2.2833592e-01   3.7944128e-01
   2.8330289e-01   2.5211725e-01   1.4368225e-01   2.9327557e-01   1.2063609e-01   2.6929185e-01   6.7245246e-02   1.4457836e-01   1.6708870e-01   2.2659775e-01   2.0160009e-01   1.6487360e-02   3.9942823e-01   9.9149043e-02   3.2124559e-02   2.1950817e-01   3.9962463e-02   1.5363399e-01   5.1284354e-02   2.7915756e-01   1.9823471e-01   1.3607992e-01   1.0895940e-01   1.1294169e-01   4.2151115e-01   5.2393801e-02   3.0288108e-02   1.5862266e-01   1.4153348e-01   3.7944128e-01
   1.0584742e-02   1.4296702e-02   1.6237216e-02   2.6408863e-02   1.5713210e-02   1.6397733e-02   8.6098434e-03   1.8073730e-02   1.4711158e-02   1.2985391e-02   1.7251657e-02   7.1378458e-03   1.9907213e-02   1.4486611e-02   2.0823799e-02   1.9327634e-02   1.6386305e-02   1.7918779e-02   7.2753608e-03   1.7421358e-02   1.5549108e-02   2.2925748e-02   1.4044167e-02   2.4368326e-02   2.3699482e-02   9.1918999e-03   2.0124351e-02   1.4296782e-02   1.8036774e-02   2.1090722e-02
   1.8469347e-03   1.4653106e-03   2.0633643e-03   1.2955522e-03   1.3128232e-03   9.6031280e-04   1.0166416e-03   1.5994113e-03   2.4384341e-03   1.4397185e-03   2.0317165e-03   1.7522289e-03   1.4184877e-03   1.8239235e-03   2.1956864e-03   1.5602426e-03   1.4097053e-03   2.0293282e-03   2.1137295e-03   1.2637774e-03   2.0241716e-03   2.0727927e-03   2.3257236e-03   2.0224786e-03   1.6852424e-03   1.3849409e-03   2.3962402e-03   1.4246258e-03   2.5141359e-03   8.7367656e-04
   6.8408032e-04   7.3177178e-04   7.9075747e-04   7.1728570e-04   5.0658331e-04   8.0579612e-04   2.6287265e-04   7.2454180e-04   5.9122177e-04   5.3215731e-04   4.8767112e-04   5.1017958e-04   2.9493971e-04   6.3217537e-04   6.2749901e-04   6.8522119e-04   7.6307835e-04   4.5642936e-04   7.1636032e-04   5.7880115e-04   4.6058304e-04   6.3428233e-04   4.0039780e-04   5.8823775e-04   6.0829159e-04   3.3665375e-04   4.1221175e-04   6.9338454e-04   1.3236385e-04   6.3088486e-04
   5.3256671e-05   1.0348919e-04   8.2130919e-05   8.3256218e-05   7.3070175e-05   1.0884142e-04   2.3336306e-06   1.0414779e-04   8.6738261e-05   9.7817161e-05   8.5859130e-05   6.6146593e-05   1.0195258e-04   1.1554331e-04   1.1827336e-04   9.0507308e-05   1.1136339e-04   6.4265356e-05   1.0758413e-04   5.7463909e-05   1.1663535e-04   4.8831366e-05   4.0092088e-05   8.0252199e-05   7.6453897e-05   1.5524466e-04   7.7623446e-05   9.0967552e-05   7.9618208e-05   8.0252561e-05
   0.0000000e+00   0.0000000e+00   0.0000000e+00   0.0000000e+00   0.0000000e+00   0.0000000e+00   0.0000000e+00   0.0000000e+00   0.0000000e+00   0.0000000e+00   0.0000000e+00   0.0000000e+00   0.0000000e+00   0.0000000e+00   0.0000000e+00   0.0000000e+00   0.0000000e+00   0.0000000e+00   0.0000000e+00   0.0000000e+00   0.0000000e+00   0.0000000e+00   0.0000000e+00   0.0000000e+00   0.0000000e+00   0.0000000e+00   0.0000000e+00   0.0000000e+00   0.0000000e+00   0.0000000e+00
   0.0000000e+00   0.0000000e+00   0.0000000e+00   0.0000000e+00   0.0000000e+00   0.0000000e+00   0.0000000e+00   0.0000000e+00   0.0000000e+00   0.0000000e+00   0.0000000e+00   0.0000000e+00   0.0000000e+00   0.0000000e+00   0.0000000e+00   0.0000000e+00   0.0000000e+00   0.0000000e+00   0.0000000e+00   0.0000000e+00   0.0000000e+00   0.0000000e+00   0.0000000e+00   0.0000000e+00   0.0000000e+00   0.0000000e+00   0.0000000e+00   0.0000000e+00   0.0000000e+00   0.0000000e+00
   0.0000000e+00   0.0000000e+00   0.0000000e+00   0.0000000e+00   0.0000000e+00   0.0000000e+00   0.0000000e+00   0.0000000e+00   0.0000000e+00   0.0000000e+00   0.0000000e+00   0.0000000e+00   0.0000000e+00   0.0000000e+00   0.0000000e+00   0.0000000e+00   0.0000000e+00   0.0000000e+00   0.0000000e+00   0.0000000e+00   0.0000000e+00   0.0000000e+00   0.0000000e+00   0.0000000e+00   0.0000000e+00   0.0000000e+00   0.0000000e+00   0.0000000e+00   0.0000000e+00   0.0000000e+00
