   3.4215337e+02   3.0225346e+02   3.0927211e+02   2.2757060e+02   2.4151183e+02   3.7582392e+02   3.4793201e+02   3.0675134e+02   3.7390118e+02   3.3827098e+02   3.7208114e+02   2.7696256e+02   2.5592836e+02   2.6738424e+02   3.2666439e+02   3.8739754e+02   3.3670464e+02   2.6984678e+02   3.3985775e+02   3.3269748e+02   3.8146945e+02   2.9291355e+02   3.3623455e+02   3.6627902e+02   2.7352342e+02   2.1244325e+02   3.3524203e+02   3.5971839e+02   2.3421684e+02   3.1734879e+02
   1.6366617e+02   1.7984324e+02   1.6792965e+02   1.6472802e+02   1.5168180e+02   1.5166447e+02   1.6532017e+02   1.5977113e+02   1.5453258e+02   1.6927158e+02   1.2148701e+02   1.7245967e+02   1.8285568e+02   1.3972381e+02   1.6520330e+02   1.6724526e+02   1.6170161e+02   1.5803856e+02   1.6203631e+02   1.4611362e+02   1.5850504e+02   1.6409269e+02   1.5367063e+02   1.4289436e+02   1.6348426e+02   1.8537811e+02   1.7155762e+02   1.8032371e+02   1.7575910e+02   1.5417230e+02
   1.4964776e+02   1.4742697e+02   1.4980454e+02   1.6472802e+02   1.4017322e+02   1.4734952e+02   1.5181976e+02   1.4065928e+02   1.4449246e+02   1.3197475e+02   1.2148701e+02   1.6352757e+02   1.2912511e+02   1.2911707e+02   1.1991242e+02   1.3089377e+02   1.3958313e+02   1.3746953e+02   1.2773798e+02   1.4611362e+02   1.5092754e+02   1.4561893e+02   1.2479122e+02   1.3187218e+02   1.4736289e+02   1.1392784e+02   1.3489948e+02   1.4674414e+02   1.7131784e+02   1.0449073e+02
   1.4255723e+02   1.0781850e+02   1.2886868e+02   1.5237866e+02   1.4017322e+02   1.0779622e+02   1.4194794e+02   1.2750669e+02   1.3251069e+02   1.3197475e+02   1.2148701e+02   1.3759383e+02   1.2912511e+02   1.2911707e+02   1.1991242e+02   1.3089377e+02   1.2642494e+02   1.1160335e+02   1.2773798e+02   1.2017224e+02   1.4287872e+02   1.4410300e+02   1.2479122e+02   1.3187218e+02   1.4736289e+02   1.1392784e+02   1.3223586e+02   1.4674414e+02   1.4627362e+02   1.0396908e+02
   1.2589701e+02   1.0781850e+02   1.2886868e+02   1.3744409e+02   1.0621413e+02   1.0779622e+02   1.1046135e+02   1.2750669e+02   1.2834231e+02   1.3197475e+02   1.2148701e+02   1.3759383e+02   1.2912511e+02   1.2911707e+02   1.1991242e+02   1.3089377e+02   1.1704800e+02   1.1160335e+02   1.0668914e+02   1.2017224e+02   1.0644464e+02   1.1045442e+02   1.2479122e+02   1.3187218e+02   1.3734125e+02   1.1392784e+02   1.1598711e+02   1.1314850e+02   1.4627362e+02   1.0396908e+02
   1.2589701e+02   1.0781850e+02   1.2886868e+02   1.3377477e+02   1.0621413e+02   1.0779622e+02   1.1046135e+02   7.9022546e+01   1.2834231e+02   1.1150050e+02   9.8449195e+01   1.3723340e+02   1.2912511e+02   1.0028673e+02   1.1991242e+02   1.2872681e+02   1.1704800e+02   1.1160335e+02   1.0668914e+02   1.1159814e+02   1.0644464e+02   1.1045442e+02   1.2479122e+02   1.2850965e+02   1.3734125e+02   1.1392784e+02   1.1598711e+02   1.1314850e+02   1.2788582e+02   9.6881711e+01
   1.2589701e+02   1.0781850e+02   9.8315704e+01   1.2154831e+02   1.0621413e+02   9.5038563e+01   1.1046135e+02   7.9022546e+01   1.2399889e+02   1.1150050e+02   9.8449195e+01   1.1001087e+02   1.1465849e+02   1.0028673e+02   1.0787264e+02   1.2872681e+02   9.9295844e+01   1.1160335e+02   1.0668914e+02   1.1159814e+02   1.0644464e+02   1.1045442e+02   1.2479122e+02   1.2179613e+02   1.1449284e+02   1.1392784e+02   1.1598711e+02   1.1314850e+02   1.2788582e+02   9.3653585e+01
   9.2983981e+01   9.6834255e+01   9.0838025e+01   1.0350850e+02   9.5387387e+01   8.5005537e+01   1.0188844e+02   7.9022546e+01   9.7533789e+01   1.1025037e+02   9.5459458e+01   9.4754226e+01   8.8067336e+01   9.2175049e+01   9.9472898e+01   1.0590662e+02   9.9295844e+01   1.1160335e+02   1.0441000e+02   1.1159814e+02   8.5469694e+01   1.0937011e+02   9.9630208e+01   9.7155189e+01   9.3162486e+01   9.1059826e+01   8.7523043e+01   1.0341811e+02   1.0002813e+02   9.3653585e+01
   7.2454120e+01   8.2421681e+01   8.5737254e+01   8.3527894e+01   7.3494416e+01   5.7789097e+01   6.8032853e+01   7.7140645e+01   7.7381849e+01   8.4200497e+01   7.7077133e+01   8.6055623e+01   6.2791169e+01   8.3150475e+01   6.9686924e+01   6.7172846e+01   8.6478002e+01   8.8328220e+01   9.0588470e+01   8.0797340e+01   8.5101352e+01   7.6144419e+01   7.5203101e+01   8.0776856e+01   9.0848392e+01   8.0000318e+01   7.8314103e+01   8.6706541e+01   7.9921123e+01   7.1371511e+01
   6.1774059e+01   5.6296751e+01   6.3131260e+01   5.3299442e+01   6.4348071e+01   5.0123771e+01   5.7916375e+01   6.3086868e+01   6.2758729e+01   7.4532971e+01   4.7452091e+01   5.0573723e+01   6.0879273e+01   4.7077665e+01   4.3903548e+01   5.5543732e+01   7.1977379e+01   5.6179203e+01   5.6091057e+01   5.4980689e+01   5.4788477e+01   6.3272938e+01   5.8812145e+01   6.5426960e+01   5.7563016e+01   6.3573100e+01   6.3264327e+01   5.5862936e+01   6.2006326e+01   3.6468566e+01
   4.8981768e+01   4.9738788e+01   3.9461931e+01   4.6119062e+01   4.7765691e+01   4.5421058e+01   4.8879818e+01   5.0430789e+01   4.2925239e+01   5.6744432e+01   4.7351407e+01   4.3272838e+01   4.5663521e+01   4.0546719e+01   4.0965090e+01   4.4508082e+01   4.4730040e+01   4.5333074e+01   3.3349912e+01   4.7721349e+01   5.0683438e+01   4.2500597e+01   4.7411940e+01   4.2941990e+01   5.1343360e+01   5.5243126e+01   4.6023537e+01   4.5208563e+01   4.4802131e+01   3.6468566e+01
   4.1558228e+01   4.3483606e+01   3.9461931e+01   4.0278591e+01   3.2585730e+01   4.3079868e+01   3.7032072e+01   3.7190235e+01   3.5651476e+01   4.4906330e+01   3.8198237e+01   3.1905288e+01   4.5663521e+01   4.0546719e+01   4.0965090e+01   3.5670646e+01   3.8270807e+01   4.2803610e+01   3.1954249e+01   3.7280290e+01   4.3221213e+01   3.7027697e+01   3.6381042e+01   3.8546797e+01   4.4871273e+01   3.4699610e+01   4.3222653e+01   4.0284025e+01   3.6925669e+01   3.0732242e+01
   3.6273301e+01   3.1925046e+01   3.7028303e+01   3.2177212e+01   3.2585730e+01   3.6547328e+01   3.7032072e+01   3.1191810e+01   3.4707961e+01   3.3634952e+01   3.8198237e+01   3.1905288e+01   3.9728787e+01   3.0419087e+01   3.3937561e+01   3.2399189e+01   3.1563114e+01   2.9851353e+01   3.1954249e+01   3.2346885e+01   3.1374104e+01   3.2072436e+01   3.3695573e+01   2.6920481e+01   3.3521459e+01   3.4699610e+01   3.8067745e+01   3.2647388e+01   3.5693572e+01   3.0732242e+01
   2.7170030e+01   2.8013677e+01   3.0009113e+01   2.9963555e+01   2.5634775e+01   2.8255114e+01   2.8778114e+01   2.4637891e+01   2.5508770e+01   3.0631284e+01   2.3657422e+01   3.1905288e+01   2.4486189e+01   2.7601418e+01   2.5893678e+01   2.0554310e+01   3.1563114e+01   2.9526810e+01   3.0493951e+01   2.6312939e+01   3.0175864e+01   3.2072436e+01   2.7905484e+01   2.6920481e+01   2.9529155e+01   2.7991236e+01   2.9501409e+01   2.9011758e+01   2.6495237e+01   2.5674715e+01
   1.5626141e+01   1.4522994e+01   1.5913549e+01   1.5624859e+01   1.4595036e+01   1.5344844e+01   1.7379712e+01   1.4845611e+01   1.5436383e+01   1.6530001e+01   1.4855013e+01   1.3806219e+01   1.5146871e+01   1.5606078e+01   1.5742008e+01   1.5390685e+01   1.6203009e+01   1.3396876e+01   1.5485945e+01   1.4788924e+01   1.4363470e+01   1.6442793e+01   1.6400766e+01   1.5426467e+01   1.7406074e+01   1.6325032e+01   1.6712511e+01   1.5535823e+01   1.3999749e+01   1.4699559e+01
   1.0873679e+01   1.0873679e+01   1.0873679e+01   1.0873679e+01   1.0873679e+01   1.0873679e+01   1.0873679e+01   1.0873679e+01   1.0873679e+01   1.0873679e+01   1.0873679e+01   1.0873679e+01   1.0873679e+01   1.0873679e+01   1.0873679e+01   1.0873679e+01   1.0873679e+01   1.0873679e+01   1.0873679e+01   1.0873679e+01   1.0873679e+01   1.0873679e+01   1.0873679e+01   1.0873679e+01   1.0873679e+01   1.0873679e+01   1.0873679e+01   1.0873679e+01   1.0873679e+01   1.0873679e+01
