   1.6032191e+03   1.3003559e+03   9.8913764e+02   1.5470076e+03   1.3897931e+03   1.0961273e+03   5.5109607e+02   1.2356833e+03   1.3853305e+03   1.1189783e+03   7.2557500e+02   1.0243690e+03   7.9732912e+02   9.0099372e+02   1.2646423e+03   1.4257542e+03   1.2290507e+03   1.0884117e+03   1.5052069e+03   6.9874117e+02   1.2370135e+03   1.4530103e+03   1.2435887e+03   1.4437841e+03   1.6160486e+03   1.3517469e+03   7.7714037e+02   1.3145990e+03   7.2626261e+02   1.3704229e+03
   8.4085724e+02   1.0409279e+03   9.8063061e+02   8.8694438e+02   1.0634845e+03   8.2850689e+02   5.5109607e+02   8.2749185e+02   1.0749078e+03   9.4441188e+02   7.2557500e+02   9.3146781e+02   7.3061315e+02   7.3594664e+02   1.0150872e+03   1.1465119e+03   1.1302678e+03   9.0703440e+02   9.9978284e+02   6.9874117e+02   9.2858232e+02   9.1562535e+02   5.9511499e+02   9.3444170e+02   1.2281390e+03   7.8432713e+02   7.7714037e+02   8.5104452e+02   7.2626261e+02   1.1572894e+03
   7.8160313e+02   8.9838584e+02   7.1294242e+02   8.1599233e+02   1.0570157e+03   8.2850689e+02   5.5109607e+02   6.7830247e+02   9.5870867e+02   7.9754722e+02   7.2557500e+02   9.3146781e+02   7.3061315e+02   7.3594664e+02   8.3782415e+02   8.1889326e+02   1.0238187e+03   8.5297158e+02   8.6759121e+02   6.9874117e+02   8.5687997e+02   8.0006617e+02   5.9511499e+02   8.8185904e+02   9.0065640e+02   7.7860789e+02   7.7714037e+02   8.5104452e+02   6.6336450e+02   8.9122821e+02
   7.6128428e+02   7.7005343e+02   6.9844404e+02   8.1599233e+02   9.1556780e+02   8.2850689e+02   5.5109607e+02   6.7830247e+02   8.2007008e+02   7.5741832e+02   7.2557500e+02   7.8584715e+02   7.0212733e+02   7.1608441e+02   8.0157113e+02   7.9867329e+02   9.0061955e+02   7.8919107e+02   8.4357744e+02   6.9874117e+02   7.9847321e+02   8.0006617e+02   5.9511499e+02   8.8185904e+02   8.0658452e+02   7.7860789e+02   7.7714037e+02   8.4003127e+02   6.6336450e+02   7.9437079e+02
   7.6128428e+02   7.7005343e+02   6.9844404e+02   7.3492004e+02   7.6167010e+02   7.1312442e+02   5.5109607e+02   6.7830247e+02   7.4944148e+02   7.2064446e+02   7.2557500e+02   7.8584715e+02   6.6040291e+02   6.8410371e+02   8.0157113e+02   7.3124603e+02   9.0061955e+02   5.9935530e+02   7.1028431e+02   6.9874117e+02   7.9847321e+02   7.6784337e+02   5.9511499e+02   6.3820979e+02   8.0658452e+02   7.7860789e+02   7.7714037e+02   6.9239848e+02   6.6336450e+02   7.9437079e+02
   7.6128428e+02   7.2469640e+02   6.1887056e+02   7.3492004e+02   7.0958786e+02   7.1312442e+02   5.5109607e+02   6.7830247e+02   6.5413845e+02   7.2064446e+02   7.2385827e+02   6.6420177e+02   6.6040291e+02   6.3959710e+02   8.0157113e+02   6.5342475e+02   8.5243216e+02   5.9305051e+02   7.1028431e+02   6.6442371e+02   5.9362832e+02   7.0589704e+02   5.9511499e+02   6.3820979e+02   6.2768461e+02   7.0615491e+02   7.0288543e+02   6.9239848e+02   6.5059725e+02   6.7990687e+02
   6.2247417e+02   6.4742995e+02   5.2436260e+02   6.9989862e+02   5.9027611e+02   6.4692761e+02   5.1217500e+02   5.9224256e+02   5.6840800e+02   6.6427312e+02   7.2385827e+02   6.6420177e+02   6.6040291e+02   6.3959710e+02   7.7477921e+02   6.5342475e+02   7.5148011e+02   5.9305051e+02   7.1028431e+02   6.2291395e+02   5.8695797e+02   6.8600553e+02   5.9511499e+02   6.3820979e+02   6.2768461e+02   7.0254264e+02   7.0288543e+02   6.4955236e+02   6.5059725e+02   6.7990687e+02
   5.1666113e+02   5.5753360e+02   5.2436260e+02   5.5980316e+02   5.4475684e+02   4.7558715e+02   4.7845488e+02   5.2631577e+02   5.4090778e+02   5.1457143e+02   5.6376011e+02   5.1671745e+02   5.2800773e+02   5.3496409e+02   5.8398528e+02   5.4115007e+02   6.3523330e+02   5.4589048e+02   5.8547333e+02   5.1851413e+02   5.3331788e+02   5.4589529e+02   4.9718237e+02   5.3594346e+02   5.4981958e+02   5.0184391e+02   5.2266386e+02   5.3479573e+02   5.8372423e+02   5.0807741e+02
   4.5863153e+02   4.7698149e+02   4.7022652e+02   4.6880356e+02   4.6135506e+02   4.7533926e+02   4.6370387e+02   4.6222709e+02   4.7357378e+02   4.8655639e+02   4.6977061e+02   4.6363046e+02   4.7047628e+02   4.8921347e+02   4.7327045e+02   4.6074891e+02   4.9395560e+02   4.7311732e+02   4.8393550e+02   4.8275884e+02   4.7256569e+02   4.6847204e+02   4.6479113e+02   4.7341154e+02   4.6854323e+02   4.8238320e+02   4.5909193e+02   4.9714315e+02   4.8159631e+02   4.7151844e+02
   4.2732576e+02   4.4251934e+02   4.5161905e+02   4.5643723e+02   4.5341355e+02   4.4900702e+02   4.4435374e+02   4.1252286e+02   4.5393243e+02   4.5524084e+02   4.5747347e+02   4.5308030e+02   4.3532190e+02   4.5394403e+02   4.4937064e+02   4.5008549e+02   4.4601939e+02   4.4479767e+02   4.5167039e+02   4.5065729e+02   4.5756093e+02   4.5147394e+02   4.4447574e+02   4.4231405e+02   4.5458269e+02   4.5732724e+02   4.5391957e+02   4.5599204e+02   4.5261230e+02   4.5571651e+02
   4.1038839e+02   4.1519383e+02   4.2170917e+02   4.3636186e+02   4.1956064e+02   4.0811287e+02   4.1804416e+02   4.0521290e+02   4.4673820e+02   4.4148810e+02   4.4319565e+02   4.4652159e+02   4.2692591e+02   4.2207730e+02   4.4702758e+02   4.1761335e+02   4.2705528e+02   4.4365792e+02   4.1016156e+02   4.2592448e+02   4.4281076e+02   4.4668909e+02   4.3299493e+02   4.1383709e+02   4.4562550e+02   4.4606240e+02   4.4753299e+02   4.4608822e+02   4.4573658e+02   4.4590854e+02
   3.9892815e+02   3.9886371e+02   4.0115278e+02   4.2199094e+02   4.0121189e+02   3.9950708e+02   4.0083126e+02   3.9880105e+02   4.4447318e+02   4.1599544e+02   4.3960357e+02   4.4076282e+02   4.2119924e+02   3.9915344e+02   4.4046997e+02   4.0074289e+02   4.0487663e+02   4.0427168e+02   3.9951880e+02   4.0011947e+02   4.1552089e+02   4.3664368e+02   4.0036977e+02   3.9922042e+02   4.3357038e+02   4.4413833e+02   4.4480072e+02   4.4444094e+02   4.4447450e+02   4.4441140e+02
   3.9780695e+02   3.9783060e+02   3.9802784e+02   3.9935242e+02   3.9796461e+02   3.9788776e+02   3.9785858e+02   3.9780909e+02   4.3734249e+02   3.9864779e+02   4.0093186e+02   4.1055624e+02   3.9885148e+02   3.9781007e+02   4.2917513e+02   3.9788456e+02   3.9807859e+02   3.9828401e+02   3.9787217e+02   3.9794156e+02   4.0074368e+02   4.0974223e+02   3.9802486e+02   3.9789318e+02   3.9996622e+02   4.4395989e+02   4.4390574e+02   4.4388924e+02   4.4391634e+02   4.4395016e+02
   3.9774344e+02   3.9774351e+02   3.9774787e+02   3.9776824e+02   3.9774606e+02   3.9774336e+02   3.9774363e+02   3.9774314e+02   3.9808013e+02   3.9776501e+02   3.9783196e+02   3.9805561e+02   3.9776078e+02   3.9774347e+02   3.9794051e+02   3.9774384e+02   3.9774896e+02   3.9775138e+02   3.9774324e+02   3.9774485e+02   3.9782468e+02   3.9793070e+02   3.9774568e+02   3.9774346e+02   3.9781906e+02   4.4380440e+02   4.4371967e+02   4.4374027e+02   4.4375455e+02   4.4361905e+02
   3.9774287e+02   3.9774287e+02   3.9774287e+02   3.9774287e+02   3.9774287e+02   3.9774287e+02   3.9774287e+02   3.9774287e+02   3.9774289e+02   3.9774287e+02   3.9774287e+02   3.9774287e+02   3.9774287e+02   3.9774287e+02   3.9774287e+02   3.9774287e+02   3.9774287e+02   3.9774287e+02   3.9774287e+02   3.9774287e+02   3.9774287e+02   3.9774287e+02   3.9774287e+02   3.9774287e+02   3.9774287e+02   4.4344840e+02   4.4351487e+02   4.4344272e+02   4.4349415e+02   4.4346393e+02
   3.9774287e+02   3.9774287e+02   3.9774287e+02   3.9774287e+02   3.9774287e+02   3.9774287e+02   3.9774287e+02   3.9774287e+02   3.9774287e+02   3.9774287e+02   3.9774287e+02   3.9774287e+02   3.9774287e+02   3.9774287e+02   3.9774287e+02   3.9774287e+02   3.9774287e+02   3.9774287e+02   3.9774287e+02   3.9774287e+02   3.9774287e+02   3.9774287e+02   3.9774287e+02   3.9774287e+02   3.9774287e+02   4.4332995e+02   4.4332995e+02   4.4333391e+02   4.4333391e+02   4.4333391e+02
