   2.0323872e+03   1.9630797e+03   2.1921723e+03   2.2823447e+03   2.1676973e+03   1.9734211e+03   2.2536579e+03   2.0413539e+03   2.0431061e+03   2.0274418e+03   1.9977578e+03   1.7071946e+03   2.1043861e+03   1.9734211e+03   2.3876455e+03   1.8185891e+03   2.4482640e+03   1.8335774e+03   2.0809457e+03   2.1404950e+03   2.0213107e+03   1.9243343e+03   2.1517176e+03   1.9114245e+03   1.9981036e+03   2.2527394e+03   1.8492288e+03   2.1810286e+03   1.6759934e+03   1.8616223e+03
   1.5111981e+03   1.9630797e+03   2.1569432e+03   2.2248184e+03   2.1628999e+03   1.9080776e+03   2.2348429e+03   1.8608194e+03   2.0394544e+03   2.0274418e+03   1.9977578e+03   1.7071946e+03   1.9559204e+03   1.9080776e+03   1.6764225e+03   1.8185891e+03   2.4201521e+03   1.8335774e+03   2.0809457e+03   2.1404950e+03   2.0213107e+03   1.9243343e+03   2.1517176e+03   1.9099322e+03   1.7004183e+03   2.0131498e+03   1.8492288e+03   1.8852858e+03   1.6759934e+03   1.6972630e+03
   1.5111981e+03   1.9630797e+03   2.0356056e+03   2.0033157e+03   1.9099903e+03   1.8910119e+03   1.5795680e+03   1.8608194e+03   1.7712617e+03   1.9151524e+03   1.9977578e+03   1.7071946e+03   1.8250672e+03   1.8910119e+03   1.6764225e+03   1.8185891e+03   1.5718250e+03   1.8335774e+03   1.8974999e+03   1.5813164e+03   2.0213107e+03   1.9107926e+03   1.8004369e+03   1.8755482e+03   1.7004183e+03   1.8783588e+03   1.8492288e+03   1.8852858e+03   1.6759934e+03   1.5028798e+03
   1.5111981e+03   1.8133798e+03   1.9115046e+03   1.7087544e+03   1.9099903e+03   1.8910119e+03   1.5795680e+03   1.7175177e+03   1.7712617e+03   1.9151524e+03   1.9977578e+03   1.7071946e+03   1.8250672e+03   1.8910119e+03   1.6764225e+03   1.8185891e+03   1.5718250e+03   1.8330851e+03   1.8974999e+03   1.5813164e+03   1.9893178e+03   1.9107926e+03   1.8004369e+03   1.8755482e+03   1.7004183e+03   1.8773812e+03   1.8492288e+03   1.8852858e+03   1.6759934e+03   1.5028798e+03
   1.5111981e+03   1.4480648e+03   1.9115046e+03   1.6528051e+03   1.8529907e+03   1.7919536e+03   1.5795680e+03   1.7175177e+03   1.7712617e+03   1.8713371e+03   1.9800005e+03   1.7071946e+03   1.8250672e+03   1.7919536e+03   1.6764225e+03   1.8185891e+03   1.5718250e+03   1.8330851e+03   1.8974999e+03   1.2479107e+03   1.6841253e+03   1.9107926e+03   1.8004369e+03   1.8755482e+03   1.7004183e+03   1.8379716e+03   1.6460579e+03   1.8852858e+03   1.6759934e+03   1.5028798e+03
   1.5111981e+03   1.4480648e+03   1.8175003e+03   1.6528051e+03   1.8529907e+03   1.7919536e+03   1.5795680e+03   1.7175177e+03   1.7712617e+03   1.8713371e+03   1.9800005e+03   1.7071946e+03   1.6678548e+03   1.7919536e+03   1.6764225e+03   1.7886375e+03   1.5718250e+03   1.8330851e+03   1.8974999e+03   1.2479107e+03   1.6841253e+03   1.9107926e+03   1.8004369e+03   1.8755482e+03   1.6571114e+03   1.8379716e+03   1.6460579e+03   1.5839985e+03   1.6759934e+03   1.5028798e+03
   1.5111981e+03   1.4258645e+03   1.8055598e+03   1.6528051e+03   1.8529907e+03   1.7919536e+03   1.5795680e+03   1.4040406e+03   1.7712617e+03   1.8713371e+03   1.6112632e+03   1.7071946e+03   1.6678548e+03   1.7919536e+03   1.6764225e+03   1.6910698e+03   1.5718250e+03   1.8330851e+03   1.8974999e+03   1.2479107e+03   1.6118957e+03   1.8115184e+03   1.8004369e+03   1.7341705e+03   1.6571114e+03   1.8229506e+03   1.6460579e+03   1.5839985e+03   1.6759934e+03   1.5028798e+03
   1.3978550e+03   1.4258645e+03   1.6830302e+03   1.2698925e+03   1.5845599e+03   1.5355659e+03   1.4401787e+03   1.3853594e+03   1.4056114e+03   1.5889021e+03   1.4318821e+03   1.5627479e+03   1.6678548e+03   1.5355659e+03   1.6571541e+03   1.3181112e+03   1.5108380e+03   1.5416206e+03   1.5901325e+03   1.2479107e+03   1.2698172e+03   1.6726615e+03   1.3052644e+03   1.7341705e+03   1.3440109e+03   1.5576595e+03   1.6460579e+03   1.5839985e+03   1.5873861e+03   1.2533213e+03
   1.3978550e+03   1.3064186e+03   1.6830302e+03   1.2698925e+03   1.4456037e+03   1.4481307e+03   1.1428873e+03   1.3683145e+03   1.4056114e+03   1.5275225e+03   1.4156763e+03   1.1577071e+03   1.3789356e+03   1.4481307e+03   1.2347267e+03   1.1218933e+03   1.2968311e+03   1.3492494e+03   1.5901325e+03   1.2479107e+03   1.2698172e+03   1.0511661e+03   1.3052644e+03   1.2718306e+03   1.3440109e+03   1.3895543e+03   1.4159867e+03   1.5490938e+03   1.1420924e+03   1.2533213e+03
   1.2207220e+03   1.0314542e+03   1.1488947e+03   1.2035884e+03   1.1343584e+03   1.4143649e+03   1.1184034e+03   1.1765014e+03   1.3573384e+03   1.3558293e+03   1.3889881e+03   1.1577071e+03   9.5987638e+02   1.4143649e+03   1.2347267e+03   1.1218933e+03   1.2968311e+03   1.1673615e+03   1.4074401e+03   1.1742190e+03   9.5257025e+02   1.0511661e+03   1.3052644e+03   1.2675253e+03   1.3172437e+03   1.2807346e+03   1.1693658e+03   1.2864026e+03   1.1420924e+03   1.1469550e+03
   1.1834682e+03   1.0314542e+03   1.1143578e+03   1.1487294e+03   1.0626283e+03   1.2124059e+03   1.1184034e+03   1.1765014e+03   9.7034839e+02   8.2632589e+02   1.1014242e+03   1.0150055e+03   9.5987638e+02   1.2124059e+03   1.1373589e+03   9.2188962e+02   1.0173638e+03   1.1673615e+03   1.2222227e+03   1.1742190e+03   9.5257025e+02   1.0511661e+03   1.2858220e+03   1.1323708e+03   1.2661667e+03   1.2417686e+03   9.2941256e+02   1.2864026e+03   8.4316574e+02   9.9009157e+02
   1.1141272e+03   8.0445952e+02   1.1143578e+03   9.8009973e+02   8.1462930e+02   8.6576545e+02   1.0983533e+03   1.0757281e+03   9.5749353e+02   8.2632589e+02   1.1014242e+03   9.7891717e+02   6.8222127e+02   8.6576545e+02   1.0852952e+03   9.2188962e+02   8.1978489e+02   9.0091426e+02   1.0242752e+03   8.6742439e+02   9.2773914e+02   9.3670218e+02   9.6216731e+02   1.1093373e+03   9.7546000e+02   1.0003136e+03   7.8742733e+02   9.1296581e+02   8.4316574e+02   9.9009157e+02
   6.5364569e+02   8.0445952e+02   6.5096197e+02   8.6477601e+02   8.1462930e+02   6.9456024e+02   8.3529411e+02   6.1546133e+02   6.4258136e+02   7.2709401e+02   8.7720347e+02   9.2317359e+02   6.8222127e+02   6.9456024e+02   1.0852952e+03   8.7997633e+02   8.1978489e+02   8.5250615e+02   9.0211769e+02   6.3562110e+02   8.4056411e+02   8.1129586e+02   9.0879543e+02   8.1993430e+02   9.3198491e+02   7.1430861e+02   7.2198010e+02   9.1296581e+02   8.4316574e+02   8.5870999e+02
   4.6471877e+02   4.0011664e+02   5.0232329e+02   5.1717147e+02   4.1256588e+02   4.5938862e+02   5.5797185e+02   5.6267329e+02   4.7688680e+02   4.2936507e+02   6.4603970e+02   3.8823443e+02   5.5069992e+02   4.5938862e+02   5.9231513e+02   5.5029811e+02   4.3147312e+02   4.9113723e+02   5.2733626e+02   6.3562110e+02   4.0640659e+02   4.4408226e+02   4.5464742e+02   4.5021897e+02   5.8092760e+02   3.4323190e+02   7.0798587e+02   4.6932107e+02   4.9740636e+02   2.9286745e+02
   8.4902001e+01   5.4881618e+01   8.4008127e+01   6.4320143e+01   7.8522492e+01   8.4883967e+01   7.3178185e+01   1.1808252e+02   8.0766134e+01   5.5643541e+01   8.2530079e+01   8.6602819e+01   6.9326325e+01   8.4883967e+01   5.7490889e+01   7.8390147e+01   7.6791327e+01   6.9478773e+01   6.6210326e+01   9.0371685e+01   7.2369358e+01   6.3521232e+01   6.3289295e+01   7.9919233e+01   6.3404651e+01   6.0762784e+01   7.5871116e+01   6.8201807e+01   5.0612271e+01   8.0875434e+01
   0.0000000e+00   0.0000000e+00   0.0000000e+00   0.0000000e+00   0.0000000e+00   0.0000000e+00   0.0000000e+00   0.0000000e+00   0.0000000e+00   0.0000000e+00   0.0000000e+00   0.0000000e+00   0.0000000e+00   0.0000000e+00   0.0000000e+00   0.0000000e+00   0.0000000e+00   0.0000000e+00   0.0000000e+00   0.0000000e+00   0.0000000e+00   0.0000000e+00   0.0000000e+00   0.0000000e+00   0.0000000e+00   0.0000000e+00   0.0000000e+00   0.0000000e+00   0.0000000e+00   6.2454441e-02
