   1.8152090e+05   1.1182749e+05   7.6551482e+05   3.9092171e+05   4.1628208e+05   8.5420808e+05   1.8455461e+05   1.6125323e+05   1.6242701e+05   2.1452815e+05   5.2154566e+04   4.0305157e+05   6.2334618e+05   4.1112270e+05   7.9510027e+04   5.8964906e+05   2.6350482e+04   1.6627498e+04   7.2352956e+03   5.1176138e+04   2.8774360e+05   7.4787399e+04   4.0825130e+05   3.9001164e+04   1.2939887e+05   1.3881007e+05   9.8891431e+04   3.2344184e+04   1.6765536e+05   1.0344971e+05
   4.1330463e+04   1.1182749e+05   3.4311657e+05   2.7298752e+05   1.6756667e+05   4.5800732e+05   1.8455461e+05   1.0513762e+05   1.0998417e+05   1.8986067e+05   4.0931455e+04   4.4809654e+04   4.2623298e+05   3.5260086e+05   7.9510027e+04   3.8688513e+05   2.6350482e+04   1.6627498e+04   7.2352956e+03   5.1176138e+04   2.8774360e+05   7.4787399e+04   2.6488364e+04   3.9001164e+04   7.7374001e+04   1.3881007e+05   6.4018932e+04   3.2344184e+04   1.6765536e+05   1.0344971e+05
   4.1330463e+04   4.5959122e+04   3.1490629e+05   1.1134547e+05   1.6756667e+05   1.0632890e+05   1.8455461e+05   1.0513762e+05   1.0998417e+05   1.7615430e+05   4.0931455e+04   4.4809654e+04   2.7950076e+05   3.5260086e+05   7.9510027e+04   3.8688513e+05   2.6350482e+04   1.6627498e+04   7.2352956e+03   5.1176138e+04   2.3938681e+05   7.4787399e+04   2.6488364e+04   3.9001164e+04   5.6330789e+04   1.3881007e+05   6.4018932e+04   3.2344184e+04   5.3154585e+04   1.0344971e+05
   4.0154778e+04   3.4960484e+04   2.8156066e+05   1.1134547e+05   1.6756667e+05   1.0632890e+05   1.8455461e+05   5.9643905e+04   1.0998417e+05   1.1005643e+05   3.0006708e+04   4.4809654e+04   5.7109388e+04   1.6839033e+05   3.4259189e+04   1.0837017e+05   2.5929096e+04   1.6627498e+04   2.7792669e+03   5.1176138e+04   2.3938681e+05   7.4787399e+04   2.6488364e+04   7.2173284e+03   5.6330789e+04   5.2918559e+04   2.2839404e+04   3.2344184e+04   5.3154585e+04   8.8854245e+04
   3.6562939e+04   2.0044405e+04   1.5295262e+05   9.6227693e+04   8.9567196e+04   1.0632890e+05   1.4058985e+05   5.5349887e+04   1.0998417e+05   1.1005643e+05   2.1382046e+04   4.4809654e+04   5.7109388e+04   1.5088476e+05   2.2469922e+04   3.8062406e+04   2.5929096e+04   1.6627498e+04   2.7792669e+03   5.1176138e+04   2.2976640e+05   7.4787399e+04   2.6488364e+04   7.2173284e+03   5.6330789e+04   5.2692094e+04   1.9623330e+04   3.2344184e+04   5.3154585e+04   1.2950918e+04
   3.6562939e+04   2.0044405e+04   1.5295262e+05   8.0717568e+04   4.2123217e+04   9.0972369e+04   5.7759955e+04   2.6779597e+04   5.5864621e+04   1.1005643e+05   9.6516247e+03   2.5063056e+04   3.9174008e+04   1.5088476e+05   2.2469922e+04   3.8062406e+04   9.7762454e+03   1.3105049e+04   2.7792669e+03   4.2565317e+04   2.2264116e+05   3.4699465e+04   2.6488364e+04   7.2173284e+03   3.4735958e+04   5.2692094e+04   1.9623330e+04   3.2344184e+04   4.7465690e+04   1.2950918e+04
   3.6562939e+04   2.0044405e+04   1.5295262e+05   6.9292099e+04   3.4400575e+04   9.0972369e+04   5.7759955e+04   2.6779597e+04   5.5864621e+04   5.0126174e+04   9.6516247e+03   2.5063056e+04   3.9174008e+04   4.7836956e+04   2.2469922e+04   3.2151413e+04   9.7762454e+03   1.3105049e+04   2.7792669e+03   4.2565317e+04   1.0990224e+05   2.9029858e+04   2.6488364e+04   7.2173284e+03   3.4735958e+04   4.0948550e+04   1.3332577e+04   1.7364363e+04   4.7465690e+04   1.2881471e+04
   1.1398933e+04   7.6778054e+03   1.6512310e+04   2.6615416e+03   1.9720006e+04   8.1491766e+03   1.4575373e+04   1.9252365e+04   7.9827904e+03   6.5810029e+03   1.6610084e+03   9.8150930e+03   2.6526633e+03   9.5374180e+03   5.4373634e+03   2.0444744e+04   3.6406747e+03   5.3334774e+03   5.6820561e+02   3.7871725e+03   6.5784887e+03   2.0723887e+03   9.1439746e+03   2.3212744e+03   4.8081809e+02   6.2125386e+03   7.5339964e+03   3.8761473e+03   2.4000285e+04   4.9318521e+03
   2.8801278e+02   8.6136810e+01   2.7451811e+02   6.3378899e+01   7.3034750e+01   2.6279653e+01   8.9791099e+01   4.1375211e+02   2.4039995e+02   4.0148700e+02   3.8922184e+01   2.6614973e+02   1.8051582e+02   5.4050773e+02   4.6684101e+01   8.1398393e+02   8.8280787e+02   9.4330263e+01   1.1197729e+01   4.7223727e+01   1.3633541e+03   1.4951799e+02   7.2901914e+01   2.0385971e+01   3.0220107e+01   2.5213248e+01   7.7269180e+01   9.0802536e+01   1.3546311e+02   3.3956133e+01
   5.9728028e+00   7.9017768e+00   7.7119705e+00   6.2009899e+00   8.3446212e+00   6.9537048e+00   5.2268329e+00   5.8777816e+00   6.4936498e+00   7.4989843e+00   7.9549983e+00   7.3369285e+00   6.6337823e+00   9.6052573e+00   6.7316299e+00   6.6579055e+00   1.2885604e+01   8.8691981e+00   6.9241441e+00   5.4655006e+00   9.8118363e+00   5.8001153e+00   4.6073744e+00   6.0727499e+00   6.7336146e+00   7.1484447e+00   7.7936738e+00   7.4365081e+00   1.0132035e+01   7.5930361e+00
   4.3854489e+00   4.7829154e+00   4.2517747e+00   4.5818203e+00   2.9980614e+00   4.6066193e+00   3.7203309e+00   4.3102440e+00   5.4826875e+00   4.6527800e+00   3.9980407e+00   4.6471689e+00   4.3671419e+00   4.6211006e+00   4.3015264e+00   4.1965576e+00   3.5916375e+00   4.2320326e+00   4.6298406e+00   3.8174109e+00   4.2775057e+00   4.1916644e+00   3.9884978e+00   3.9826187e+00   3.8367323e+00   3.8076101e+00   2.8566782e+00   4.3393506e+00   3.1033285e+00   4.7206483e+00
   3.0710421e+00   2.9184899e+00   4.0624656e+00   3.5396208e+00   2.9980614e+00   3.4124678e+00   3.2528669e+00   3.4590412e+00   3.9967478e+00   2.9404969e+00   3.7081736e+00   3.0859368e+00   4.1111175e+00   3.1142458e+00   2.4847009e+00   2.3610966e+00   3.5916375e+00   3.6159002e+00   3.1478447e+00   2.8821576e+00   3.1121673e+00   2.6655789e+00   3.2023680e+00   3.8720962e+00   3.0701859e+00   3.4509798e+00   2.8566782e+00   2.4018294e+00   3.1033285e+00   3.3682722e+00
   2.1886297e+00   2.9184899e+00   2.8807895e+00   2.7249919e+00   2.9980614e+00   2.3667840e+00   3.1655868e+00   2.7822354e+00   3.4119785e+00   2.4111917e+00   2.5533860e+00   3.0859368e+00   1.1697714e+00   3.0908451e+00   2.4847009e+00   2.3610966e+00   3.5916375e+00   2.9835741e+00   3.1478447e+00   2.8821576e+00   2.7769216e+00   2.6655789e+00   3.2023680e+00   2.8678752e+00   3.0701859e+00   2.6831244e+00   2.8566782e+00   2.4018294e+00   3.1033285e+00   3.0181369e+00
   1.9735466e+00   2.4536204e+00   2.4351192e+00   1.8566162e+00   2.3877429e+00   2.3667840e+00   2.6032485e+00   2.1253107e+00   2.5663989e+00   2.4111917e+00   2.5533860e+00   2.0124251e+00   1.1697714e+00   2.5090972e+00   2.1194990e+00   2.3610966e+00   2.2455520e+00   2.4066968e+00   2.4914821e+00   2.4303068e+00   2.4057380e+00   1.9183589e+00   2.5160650e+00   2.2028803e+00   2.2388016e+00   2.5258249e+00   2.2884659e+00   2.4018294e+00   2.7914844e+00   2.7580874e+00
   9.8092243e-01   1.5583798e+00   1.3584975e+00   1.0262411e+00   1.3561865e+00   1.0774367e+00   1.3060772e+00   1.6192835e+00   1.2548625e+00   1.3755641e+00   1.5616317e+00   9.3608693e-01   1.1642354e+00   1.1301649e+00   8.9812394e-01   1.1072577e+00   7.8530431e-01   1.2191341e+00   1.1947200e+00   5.5083198e-01   1.4689433e+00   1.1625905e+00   1.1363799e+00   1.1128566e+00   1.1309282e+00   1.2981336e+00   1.2240535e+00   1.2857882e+00   1.5149211e+00   1.2741797e+00
   2.3805789e-01   2.7797842e-01   2.9539738e-01   3.0712411e-01   3.1035676e-01   3.2960104e-01   3.3802030e-01   3.3818063e-01   3.4625103e-01   3.4852694e-01   3.6246165e-01   3.6344453e-01   3.6587907e-01   3.6646379e-01   3.9383886e-01   3.9812735e-01   3.9843959e-01   4.2060786e-01   4.2303892e-01   4.2870326e-01   4.3918934e-01   4.4156259e-01   4.5574198e-01   4.5576541e-01   4.5723283e-01   4.5729089e-01   4.8881835e-01   4.8947851e-01   5.5523455e-01   5.9566577e-01
