   2.7382178e+04   1.5793283e+04   8.7883240e+03   2.0696058e+04   3.0911789e+03   8.8339040e+03   1.0075807e+04   1.2774873e+04   9.3742691e+03   1.9089740e+04   5.2665029e+03   2.2140352e+03   8.4533169e+03   1.3676321e+04   5.3860495e+03   4.3140856e+03   2.9068810e+04   5.7740871e+03   7.0975238e+03   1.0642960e+04   1.6411773e+04   2.2045894e+03   1.1540812e+04   2.4624528e+04   1.3683043e+04   5.4393606e+03   1.1114076e+04   5.0919936e+02   3.5856992e+02   9.7745955e+03
   9.2188589e+00   5.2095835e+00   1.3699927e+00   5.7480386e+00   2.7521973e+00   5.3605599e+00   9.0466816e+00   1.1998781e+01   8.7650072e+00   4.7308812e+00   1.0282934e+01   2.5792132e+00   7.2647914e+00   3.5467129e-02   3.4901773e-01   6.5301800e+00   5.4748854e+00   7.1465341e+00   7.0160242e+00   6.9193765e+00   1.1316528e+01   9.8342613e-01   8.5064114e+00   6.8575183e+00   2.2152372e-02   8.6208195e+00   6.3921862e+00   1.6061248e-01   7.1773689e+00   4.7704677e+00
   1.2217707e+00   1.3450773e+00   4.1072312e-01   2.2022015e+00   2.7521973e+00   4.3720380e+00   1.5378951e-03   2.2172948e+00   1.1075760e+00   1.7820248e-04   2.3974103e+00   1.8420117e+00   0.0000000e+00   2.1285259e-02   3.4901773e-01   1.1406890e-01   5.4748854e+00   5.5194981e-02   1.9588041e+00   6.9193765e+00   2.0178265e+00   9.8342613e-01   2.6751983e+00   2.3921618e+00   2.2152372e-02   4.4911123e+00   3.6117995e+00   1.6061248e-01   6.7491391e+00   4.7704677e+00
   1.2217707e+00   1.3450773e+00   4.1072312e-01   1.2181683e-01   2.0988085e+00   6.7557547e-03   1.2824310e-04   1.9956851e-01   1.0422970e-01   1.7820248e-04   2.0498064e-02   0.0000000e+00   0.0000000e+00   2.1285259e-02   2.7311042e-05   1.1406890e-01   1.6901769e+00   3.3925499e-03   1.3555498e+00   3.1746587e-01   4.5469278e-08   7.7800212e-01   3.3745029e-03   1.5132317e-01   1.8725894e-02   3.2076778e-02   3.6117995e+00   8.9880643e-02   2.7377580e+00   3.8479908e-03
   4.1067487e-02   6.0190358e-05   4.9854979e-03   9.8769697e-02   1.4959922e-04   6.7557547e-03   1.2824310e-04   2.9275885e-05   1.0422970e-01   1.7820248e-04   2.0498064e-02   0.0000000e+00   0.0000000e+00   2.1285259e-02   2.7311042e-05   3.0294943e-03   7.2205451e-02   3.3925499e-03   4.8889989e-02   3.2659739e-02   4.5469278e-08   7.7800212e-01   3.3745029e-03   1.5132317e-01   1.8725894e-02   2.4681390e-07   1.5434221e-02   8.9880643e-02   1.1868509e-02   3.8479908e-03
   0.0000000e+00   6.0190358e-05   1.9871070e-06   6.9933481e-07   1.4959922e-04   6.7557547e-03   5.9505860e-05   2.9275885e-05   9.2369506e-02   1.4749016e-05   2.5418018e-03   0.0000000e+00   0.0000000e+00   2.1285259e-02   2.7311042e-05   9.1027232e-07   2.4797647e-03   6.7233504e-05   5.5217023e-03   3.4151446e-04   4.5469278e-08   3.1720785e-02   0.0000000e+00   8.0724726e-04   1.6303311e-03   2.4681390e-07   1.5434221e-02   1.8913665e-04   0.0000000e+00   2.2522860e-03
   0.0000000e+00   3.4670311e-05   1.9871070e-06   6.9933481e-07   1.4959922e-04   3.5303204e-04   5.9505860e-05   2.9275885e-05   3.9945584e-02   1.4749016e-05   3.2237801e-06   0.0000000e+00   0.0000000e+00   2.4056604e-03   2.7311042e-05   9.1027232e-07   9.7747680e-05   6.7233504e-05   1.0701829e-05   5.7257682e-05   4.5469278e-08   7.2754295e-05   0.0000000e+00   3.7851005e-05   1.6303311e-03   2.4681390e-07   2.1811866e-07   1.8913665e-04   0.0000000e+00   2.2522860e-03
   0.0000000e+00   1.8117362e-08   0.0000000e+00   0.0000000e+00   7.5162870e-07   0.0000000e+00   0.0000000e+00   1.8460913e-05   0.0000000e+00   1.7363345e-07   0.0000000e+00   0.0000000e+00   0.0000000e+00   2.2375798e-07   1.0092247e-06   9.1027232e-07   0.0000000e+00   2.4891733e-08   5.4130132e-06   1.4591797e-07   4.5469278e-08   2.3185712e-06   0.0000000e+00   4.7525418e-08   2.0493599e-07   2.4681390e-07   2.1811866e-07   1.2532155e-08   0.0000000e+00   0.0000000e+00
   0.0000000e+00   0.0000000e+00   0.0000000e+00   0.0000000e+00   0.0000000e+00   0.0000000e+00   0.0000000e+00   0.0000000e+00   0.0000000e+00   0.0000000e+00   0.0000000e+00   0.0000000e+00   0.0000000e+00   0.0000000e+00   0.0000000e+00   0.0000000e+00   0.0000000e+00   0.0000000e+00   0.0000000e+00   0.0000000e+00   0.0000000e+00   0.0000000e+00   0.0000000e+00   0.0000000e+00   0.0000000e+00   0.0000000e+00   0.0000000e+00   0.0000000e+00   0.0000000e+00   0.0000000e+00
   0.0000000e+00   0.0000000e+00   0.0000000e+00   0.0000000e+00   0.0000000e+00   0.0000000e+00   0.0000000e+00   0.0000000e+00   0.0000000e+00   0.0000000e+00   0.0000000e+00   0.0000000e+00   0.0000000e+00   0.0000000e+00   0.0000000e+00   0.0000000e+00   0.0000000e+00   0.0000000e+00   0.0000000e+00   0.0000000e+00   0.0000000e+00   0.0000000e+00   0.0000000e+00   0.0000000e+00   0.0000000e+00   0.0000000e+00   0.0000000e+00   0.0000000e+00   0.0000000e+00   0.0000000e+00
   0.0000000e+00   0.0000000e+00   0.0000000e+00   0.0000000e+00   0.0000000e+00   0.0000000e+00   0.0000000e+00   0.0000000e+00   0.0000000e+00   0.0000000e+00   0.0000000e+00   0.0000000e+00   0.0000000e+00   0.0000000e+00   0.0000000e+00   0.0000000e+00   0.0000000e+00   0.0000000e+00   0.0000000e+00   0.0000000e+00   0.0000000e+00   0.0000000e+00   0.0000000e+00   0.0000000e+00   0.0000000e+00   0.0000000e+00   0.0000000e+00   0.0000000e+00   0.0000000e+00   0.0000000e+00
   0.0000000e+00   0.0000000e+00   0.0000000e+00   0.0000000e+00   0.0000000e+00   0.0000000e+00   0.0000000e+00   0.0000000e+00   0.0000000e+00   0.0000000e+00   0.0000000e+00   0.0000000e+00   0.0000000e+00   0.0000000e+00   0.0000000e+00   0.0000000e+00   0.0000000e+00   0.0000000e+00   0.0000000e+00   0.0000000e+00   0.0000000e+00   0.0000000e+00   0.0000000e+00   0.0000000e+00   0.0000000e+00   0.0000000e+00   0.0000000e+00   0.0000000e+00   0.0000000e+00   0.0000000e+00
   0.0000000e+00   0.0000000e+00   0.0000000e+00   0.0000000e+00   0.0000000e+00   0.0000000e+00   0.0000000e+00   0.0000000e+00   0.0000000e+00   0.0000000e+00   0.0000000e+00   0.0000000e+00   0.0000000e+00   0.0000000e+00   0.0000000e+00   0.0000000e+00   0.0000000e+00   0.0000000e+00   0.0000000e+00   0.0000000e+00   0.0000000e+00   0.0000000e+00   0.0000000e+00   0.0000000e+00   0.0000000e+00   0.0000000e+00   0.0000000e+00   0.0000000e+00   0.0000000e+00   0.0000000e+00
   0.0000000e+00   0.0000000e+00   0.0000000e+00   0.0000000e+00   0.0000000e+00   0.0000000e+00   0.0000000e+00   0.0000000e+00   0.0000000e+00   0.0000000e+00   0.0000000e+00   0.0000000e+00   0.0000000e+00   0.0000000e+00   0.0000000e+00   0.0000000e+00   0.0000000e+00   0.0000000e+00   0.0000000e+00   0.0000000e+00   0.0000000e+00   0.0000000e+00   0.0000000e+00   0.0000000e+00   0.0000000e+00   0.0000000e+00   0.0000000e+00   0.0000000e+00   0.0000000e+00   0.0000000e+00
   0.0000000e+00   0.0000000e+00   0.0000000e+00   0.0000000e+00   0.0000000e+00   0.0000000e+00   0.0000000e+00   0.0000000e+00   0.0000000e+00   0.0000000e+00   0.0000000e+00   0.0000000e+00   0.0000000e+00   0.0000000e+00   0.0000000e+00   0.0000000e+00   0.0000000e+00   0.0000000e+00   0.0000000e+00   0.0000000e+00   0.0000000e+00   0.0000000e+00   0.0000000e+00   0.0000000e+00   0.0000000e+00   0.0000000e+00   0.0000000e+00   0.0000000e+00   0.0000000e+00   0.0000000e+00
   0.0000000e+00   0.0000000e+00   0.0000000e+00   0.0000000e+00   0.0000000e+00   0.0000000e+00   0.0000000e+00   0.0000000e+00   0.0000000e+00   0.0000000e+00   0.0000000e+00   0.0000000e+00   0.0000000e+00   0.0000000e+00   0.0000000e+00   0.0000000e+00   0.0000000e+00   0.0000000e+00   0.0000000e+00   0.0000000e+00   0.0000000e+00   0.0000000e+00   0.0000000e+00   0.0000000e+00   0.0000000e+00   0.0000000e+00   0.0000000e+00   0.0000000e+00   0.0000000e+00   0.0000000e+00
