   3.4680883e+02   4.9026754e+02   6.4778806e+02   5.8534571e+02   4.2652717e+02   5.3385610e+02   3.1703316e+02   5.5769846e+02   6.8296378e+02   6.0916661e+02   6.7203522e+02   5.2910053e+02   6.3163347e+02   6.3819110e+02   6.1816363e+02   3.9675602e+02   5.4654814e+02   6.6965552e+02   6.3899874e+02   5.6675625e+02   4.0260396e+02   6.4370128e+02   5.8655695e+02   4.7013894e+02   6.6453402e+02   5.7956698e+02   6.3309211e+02   6.1591835e+02   5.0036759e+02   6.3996624e+02
   3.4680883e+02   3.2841771e+02   4.8943954e+02   5.8534571e+02   4.2652717e+02   4.7452914e+02   3.1703316e+02   2.4260155e+02   5.7186669e+02   6.0916661e+02   6.3713396e+02   4.7667963e+02   5.9979757e+02   6.2989618e+02   4.6547316e+02   3.0834599e+02   3.5597601e+02   5.5187530e+02   5.5087063e+02   2.7166456e+02   4.0260396e+02   6.4370128e+02   5.8655695e+02   4.7013894e+02   5.5504895e+02   5.7956698e+02   6.3309211e+02   3.3922948e+02   5.0036759e+02   5.5750475e+02
   3.4680883e+02   2.9237417e+02   4.8943954e+02   5.8534571e+02   4.2652717e+02   4.7452914e+02   3.1703316e+02   2.4260155e+02   4.9910350e+02   6.0916661e+02   5.7787027e+02   4.7667963e+02   4.8133405e+02   6.2989618e+02   4.6547316e+02   3.0834599e+02   3.5597601e+02   3.5323279e+02   4.8369981e+02   2.1392721e+02   4.0260396e+02   6.4370128e+02   5.0852534e+02   4.7013894e+02   5.5504895e+02   4.5395398e+02   5.8184246e+02   3.1486185e+02   5.0036759e+02   4.7542177e+02
   2.7236430e+02   2.9237417e+02   4.8943954e+02   5.2041556e+02   4.2652717e+02   4.7452914e+02   3.1703316e+02   2.4260155e+02   4.9910350e+02   5.8015080e+02   5.7787027e+02   4.7667963e+02   3.8108177e+02   5.7473237e+02   4.5328587e+02   3.0834599e+02   3.5597601e+02   2.4642314e+02   3.9029427e+02   2.1392721e+02   4.0260396e+02   6.1025373e+02   5.0852534e+02   4.7013894e+02   5.5504895e+02   4.5395398e+02   5.8184246e+02   3.1486185e+02   5.0036759e+02   2.9706611e+02
   2.5732514e+02   2.5256362e+02   4.3135038e+02   5.2041556e+02   2.9373542e+02   4.3406210e+02   3.1703316e+02   2.4260155e+02   4.9910350e+02   5.2579452e+02   5.5415644e+02   4.7667963e+02   3.8108177e+02   5.7473237e+02   3.3687092e+02   3.0834599e+02   3.5597601e+02   2.4642314e+02   3.9029427e+02   2.1392721e+02   3.2791791e+02   6.1025373e+02   3.5837738e+02   2.7238342e+02   4.8784653e+02   3.8148336e+02   3.7124622e+02   3.1459404e+02   4.5071295e+02   2.9706611e+02
   2.5732514e+02   2.5256362e+02   3.7927050e+02   2.8894251e+02   2.9373542e+02   2.5434243e+02   3.1703316e+02   2.4260155e+02   4.5977531e+02   4.7013769e+02   5.0095373e+02   4.7667963e+02   3.5775760e+02   4.3262519e+02   2.7739673e+02   3.0834599e+02   3.5597601e+02   2.4642314e+02   3.9029427e+02   2.1392721e+02   3.2791791e+02   5.4700600e+02   1.7583146e+02   2.7238342e+02   4.8540897e+02   3.8148336e+02   3.7124622e+02   3.1459404e+02   4.4897013e+02   2.9706611e+02
   2.5732514e+02   2.5256362e+02   2.9188492e+02   2.8894251e+02   2.9373542e+02   2.5434243e+02   1.2933790e+02   2.4260155e+02   2.8190952e+02   4.4792224e+02   4.3997846e+02   3.4153119e+02   3.5775760e+02   4.3262519e+02   2.7739673e+02   3.0834599e+02   1.9058306e+02   2.4642314e+02   3.9029427e+02   2.1392721e+02   3.2791791e+02   4.0327210e+02   1.7583146e+02   2.7238342e+02   4.5493550e+02   3.8148336e+02   3.7124622e+02   2.8048880e+02   4.4897013e+02   2.2036347e+02
   2.3039275e+02   2.5256362e+02   2.9188492e+02   2.1253724e+02   1.9449997e+02   2.4682801e+02   1.2933790e+02   2.4260155e+02   2.8190952e+02   3.0171135e+02   2.9987641e+02   2.2464753e+02   2.6205106e+02   3.6452732e+02   2.7739673e+02   3.0834599e+02   1.9058306e+02   2.4642314e+02   3.1781669e+02   2.1392721e+02   2.6408584e+02   2.9215415e+02   1.7583146e+02   2.7238342e+02   2.2229060e+02   2.9342887e+02   2.5895970e+02   2.2065859e+02   2.2241554e+02   1.1890286e+02
   1.8043303e+02   1.6560853e+02   1.6334900e+02   2.1253724e+02   1.2971743e+02   1.9173372e+02   1.2933790e+02   1.6332906e+02   2.0312576e+02   2.0948483e+02   2.0153914e+02   2.2464753e+02   2.1916502e+02   2.1378757e+02   1.4705691e+02   1.6962267e+02   1.8892755e+02   2.0846736e+02   2.0626286e+02   2.1392721e+02   2.0753701e+02   2.7563554e+02   1.7583146e+02   2.0279650e+02   2.2229060e+02   2.7425537e+02   2.1211803e+02   2.2065859e+02   1.6544435e+02   1.1890286e+02
   6.7700698e+01   9.3083944e+01   1.6334900e+02   1.5873651e+02   1.2971743e+02   1.8645290e+02   1.0951252e+02   1.5114899e+02   6.4348908e+01   1.0032172e+02   1.1497844e+02   1.1945512e+02   1.0537125e+02   1.0189284e+02   9.7245533e+01   1.6962267e+02   1.8892755e+02   1.0147967e+02   9.2772039e+01   1.8378483e+02   4.4555341e+01   7.2841937e+01   1.7244658e+02   1.6047102e+02   8.1275362e+01   2.3160742e+02   1.1889832e+02   2.2065859e+02   1.6544435e+02   1.1890286e+02
   6.7700698e+01   6.4617528e+01   7.3013146e+01   4.2541267e+01   9.2440724e+01   9.5953691e+01   1.0537626e+02   1.0139544e+02   6.4348908e+01   6.5403610e+01   1.0256059e+02   1.1945512e+02   7.4679242e+01   7.9942184e+01   9.7245533e+01   1.1973572e+02   7.5395266e+01   1.0147967e+02   9.2772039e+01   8.2874614e+01   4.4555341e+01   7.2841937e+01   7.0972389e+01   7.7482571e+01   8.1275362e+01   1.4569723e+02   1.1889832e+02   1.3371031e+02   7.9063163e+01   9.9900524e+01
   6.0195717e+01   6.4617528e+01   6.9890087e+01   4.2541267e+01   3.9327984e+01   5.3809755e+01   5.0080753e+01   7.5065134e+01   6.4348908e+01   6.5403610e+01   6.8990165e+01   9.4056558e+01   7.4679242e+01   6.8497530e+01   9.5374774e+01   7.2493573e+01   7.5395266e+01   8.7641278e+01   4.5207900e+01   8.2874614e+01   2.9453741e+01   7.2841937e+01   6.4538395e+01   7.5724924e+01   3.2342421e+01   7.7316197e+01   4.3204410e+01   5.5967307e+01   3.4829141e+01   9.0584724e+01
   4.4094965e+01   3.3941229e+01   5.1796188e+01   4.0019774e+01   1.6803028e+01   3.1128742e+01   2.7537368e+01   4.3657274e+01   4.4865859e+01   3.0591234e+01   3.6095809e+01   4.0448672e+01   3.7900899e+01   3.9103299e+01   4.6163213e+01   4.7337201e+01   1.6426086e+01   4.6813297e+01   3.5430126e+01   2.6490037e+01   2.9453741e+01   2.5831119e+01   4.4015034e+01   2.5530251e+01   3.2011079e+01   4.1014399e+01   4.3204410e+01   4.0171986e+01   3.4829141e+01   4.7324964e+01
   8.7380649e+00   1.3231705e+01   1.1122475e+01   6.6067243e+00   1.1277742e+01   1.6559817e+01   1.2333536e+01   1.2644957e+01   1.9849880e+01   6.1439092e+00   1.7204096e+01   1.5618147e+01   6.9632958e+00   1.4102451e+01   7.8116647e+00   1.0738459e+01   1.1922768e+01   1.0059819e+01   1.3036978e+01   1.4204260e+01   9.7060355e+00   1.4508485e+01   1.6228869e+01   7.1753280e+00   4.4283432e+00   9.5836473e+00   1.1686710e+01   1.1349894e+01   1.3380359e+01   1.2409786e+01
   2.3743166e+00   2.1661000e+00   2.4054992e+00   1.9413349e+00   2.2581820e+00   2.5828141e+00   2.4724402e+00   2.5068620e+00   2.4875264e+00   2.6031574e+00   2.2469848e+00   2.2653354e+00   2.4085835e+00   2.3234800e+00   2.5255196e+00   2.7352467e+00   2.3889113e+00   2.2004018e+00   2.0168754e+00   2.7923406e+00   2.2794561e+00   1.8348025e+00   2.7100209e+00   2.2286300e+00   2.1870182e+00   2.6386067e+00   2.4718228e+00   2.3273721e+00   1.5321417e+00   2.5359007e+00
   3.5925352e-03   8.5008903e-03   1.2935366e-02   2.0197705e-02   2.1636690e-02   2.4381480e-02   2.4669420e-02   2.5065947e-02   2.5096828e-02   2.5184811e-02   2.5975508e-02   2.8033432e-02   3.1703256e-02   3.2134114e-02   3.2149926e-02   3.2989869e-02   3.3842282e-02   3.5687789e-02   3.7514289e-02   4.1560186e-02   4.1783125e-02   4.2462335e-02   4.7129495e-02   5.2523524e-02   5.3721082e-02   5.7434162e-02   5.9355606e-02   6.3094447e-02   6.3511350e-02   7.3049100e-02
