   5.1256081e+04   3.5802587e+05   8.9441816e+04   3.2275893e+05   2.3616549e+05   2.3706149e+05   2.2059015e+05   1.3990543e+05   2.3373838e+05   2.5948416e+05   6.6968959e+04   1.0822312e+05   7.6806204e+04   1.0585991e+05   2.2056786e+05   1.8907697e+05   2.5645726e+05   4.0172884e+05   2.5483079e+05   1.9648702e+05   1.5622077e+05   2.0392786e+05   2.8198097e+05   1.1886840e+05   1.2163733e+05   1.5024625e+05   3.3489398e+05   1.7027639e+05   3.4178544e+05   1.6899174e+05
   1.1698548e+01   1.2800289e+01   3.6298144e-01   6.5802284e-03   1.6944578e+01   2.0815755e+01   1.6886175e+01   1.0016666e+01   1.1393468e-06   2.5104583e-01   9.4718045e+00   1.2596769e+01   2.7639294e+01   1.4591878e+01   1.6775723e+01   1.3107381e+01   2.2608561e+01   1.9128116e-01   2.1596252e-01   2.2881716e+01   2.0597771e-03   9.2638343e-04   1.7894616e+01   7.9242441e+00   1.5249769e+01   1.4182876e+00   1.9940988e+01   7.0752937e+00   1.2067496e+01   9.5919260e-01
   1.1544771e+01   2.5153161e+00   2.0637720e-02   6.5802284e-03   2.8922369e+00   5.9112648e+00   5.4887808e+00   5.0970647e+00   4.1214321e-07   2.5104583e-01   2.0706308e-02   4.1499374e+00   3.7282913e-01   1.0719093e+01   3.3526423e-02   3.7005352e-06   4.9824433e+00   1.9128116e-01   2.1596252e-01   7.4313214e+00   2.0597771e-03   9.2638343e-04   3.9367866e-03   3.7763360e-01   1.2381301e+00   3.9802728e-02   4.4819726e+00   2.1978799e-03   4.7168624e+00   4.9745581e-06
   9.9102084e-01   1.4667998e-03   2.0637720e-02   0.0000000e+00   1.5074695e+00   5.0036138e-03   6.7245947e-02   4.2005394e-04   4.1214321e-07   2.2781254e-01   3.7825645e-03   6.5327075e-01   3.7282913e-01   8.9973974e-04   3.3526423e-02   3.7005352e-06   8.2923019e-01   1.9128116e-01   2.1596252e-01   2.5171497e+00   2.0597771e-03   9.2638343e-04   3.9367866e-03   0.0000000e+00   1.9681893e-02   1.0680591e-02   0.0000000e+00   2.1978799e-03   3.5032401e+00   4.9745581e-06
   9.5381145e-04   1.4667998e-03   2.0637720e-02   0.0000000e+00   6.5742654e-03   2.2762621e-05   6.7245947e-02   4.2005394e-04   4.1214321e-07   6.3676799e-04   3.7825645e-03   7.5441184e-02   2.0871186e-01   8.9973974e-04   1.2609657e-03   3.7005352e-06   3.4301614e-01   1.9128116e-01   2.0357537e-01   1.3449710e-03   2.0597771e-03   9.2638343e-04   3.9367866e-03   0.0000000e+00   1.9681893e-02   1.0680591e-02   0.0000000e+00   2.1978799e-03   1.6516092e-01   4.9745581e-06
   5.7846501e-07   1.8098577e-04   2.0637720e-02   0.0000000e+00   6.5742654e-03   2.2762621e-05   4.5295878e-02   4.2005394e-04   4.1214321e-07   6.3676799e-04   3.7825645e-03   7.5441184e-02   1.7513261e-01   0.0000000e+00   1.2609657e-03   3.7005352e-06   3.4301614e-01   4.1264823e-06   6.1880884e-02   1.3449710e-03   2.0597771e-03   9.2638343e-04   2.5534746e-08   0.0000000e+00   7.1018360e-03   1.9216418e-04   0.0000000e+00   3.3852507e-07   4.5048600e-03   4.9745581e-06
   5.7846501e-07   4.4640225e-05   2.0637720e-02   0.0000000e+00   1.6132140e-03   1.8196372e-06   7.5215141e-03   3.0287278e-04   4.1214321e-07   1.2411806e-07   1.4431692e-03   7.5441184e-02   4.8861042e-03   0.0000000e+00   7.2232740e-04   3.7005352e-06   6.0400876e-03   4.1264823e-06   2.6191650e-04   4.3797058e-07   1.5489761e-04   9.2638343e-04   2.5534746e-08   0.0000000e+00   7.1018360e-03   1.9216418e-04   0.0000000e+00   3.3852507e-07   4.5048600e-03   4.9745581e-06
   2.7059059e-08   3.6029087e-07   1.7570279e-04   0.0000000e+00   1.9681424e-05   1.8196372e-06   5.2163407e-03   3.0287278e-04   4.1214321e-07   1.2411806e-07   1.4431692e-03   1.6708803e-05   2.0939371e-03   0.0000000e+00   7.2232740e-04   3.7005352e-06   1.3493634e-03   4.1264823e-06   2.6191650e-04   2.2562131e-07   2.0728357e-06   6.5198572e-06   2.5534746e-08   0.0000000e+00   2.2960742e-05   1.9216418e-04   0.0000000e+00   3.3852507e-07   9.0734549e-05   3.4736800e-06
   2.7059059e-08   3.6029087e-07   6.2788922e-07   0.0000000e+00   1.9681424e-05   1.8196372e-06   4.9072964e-06   3.0287278e-04   4.1214321e-07   1.2411806e-07   1.3009939e-03   1.6708803e-05   3.9818122e-05   0.0000000e+00   1.6713157e-06   2.9742796e-07   4.9676918e-04   4.1264823e-06   0.0000000e+00   2.2562131e-07   2.4391306e-07   6.5198572e-06   2.5534746e-08   0.0000000e+00   2.2960742e-05   4.6747309e-06   0.0000000e+00   3.3852507e-07   5.7230011e-05   3.4736800e-06
   2.7059059e-08   0.0000000e+00   0.0000000e+00   0.0000000e+00   0.0000000e+00   0.0000000e+00   0.0000000e+00   0.0000000e+00   0.0000000e+00   0.0000000e+00   0.0000000e+00   0.0000000e+00   0.0000000e+00   0.0000000e+00   0.0000000e+00   0.0000000e+00   0.0000000e+00   0.0000000e+00   0.0000000e+00   0.0000000e+00   0.0000000e+00   0.0000000e+00   0.0000000e+00   0.0000000e+00   0.0000000e+00   0.0000000e+00   0.0000000e+00   0.0000000e+00   5.6405497e-08   0.0000000e+00
   0.0000000e+00   0.0000000e+00   0.0000000e+00   0.0000000e+00   0.0000000e+00   0.0000000e+00   0.0000000e+00   0.0000000e+00   0.0000000e+00   0.0000000e+00   0.0000000e+00   0.0000000e+00   0.0000000e+00   0.0000000e+00   0.0000000e+00   0.0000000e+00   0.0000000e+00   0.0000000e+00   0.0000000e+00   0.0000000e+00   0.0000000e+00   0.0000000e+00   0.0000000e+00   0.0000000e+00   0.0000000e+00   0.0000000e+00   0.0000000e+00   0.0000000e+00   0.0000000e+00   0.0000000e+00
   0.0000000e+00   0.0000000e+00   0.0000000e+00   0.0000000e+00   0.0000000e+00   0.0000000e+00   0.0000000e+00   0.0000000e+00   0.0000000e+00   0.0000000e+00   0.0000000e+00   0.0000000e+00   0.0000000e+00   0.0000000e+00   0.0000000e+00   0.0000000e+00   0.0000000e+00   0.0000000e+00   0.0000000e+00   0.0000000e+00   0.0000000e+00   0.0000000e+00   0.0000000e+00   0.0000000e+00   0.0000000e+00   0.0000000e+00   0.0000000e+00   0.0000000e+00   0.0000000e+00   0.0000000e+00
   0.0000000e+00   0.0000000e+00   0.0000000e+00   0.0000000e+00   0.0000000e+00   0.0000000e+00   0.0000000e+00   0.0000000e+00   0.0000000e+00   0.0000000e+00   0.0000000e+00   0.0000000e+00   0.0000000e+00   0.0000000e+00   0.0000000e+00   0.0000000e+00   0.0000000e+00   0.0000000e+00   0.0000000e+00   0.0000000e+00   0.0000000e+00   0.0000000e+00   0.0000000e+00   0.0000000e+00   0.0000000e+00   0.0000000e+00   0.0000000e+00   0.0000000e+00   0.0000000e+00   0.0000000e+00
   0.0000000e+00   0.0000000e+00   0.0000000e+00   0.0000000e+00   0.0000000e+00   0.0000000e+00   0.0000000e+00   0.0000000e+00   0.0000000e+00   0.0000000e+00   0.0000000e+00   0.0000000e+00   0.0000000e+00   0.0000000e+00   0.0000000e+00   0.0000000e+00   0.0000000e+00   0.0000000e+00   0.0000000e+00   0.0000000e+00   0.0000000e+00   0.0000000e+00   0.0000000e+00   0.0000000e+00   0.0000000e+00   0.0000000e+00   0.0000000e+00   0.0000000e+00   0.0000000e+00   0.0000000e+00
   0.0000000e+00   0.0000000e+00   0.0000000e+00   0.0000000e+00   0.0000000e+00   0.0000000e+00   0.0000000e+00   0.0000000e+00   0.0000000e+00   0.0000000e+00   0.0000000e+00   0.0000000e+00   0.0000000e+00   0.0000000e+00   0.0000000e+00   0.0000000e+00   0.0000000e+00   0.0000000e+00   0.0000000e+00   0.0000000e+00   0.0000000e+00   0.0000000e+00   0.0000000e+00   0.0000000e+00   0.0000000e+00   0.0000000e+00   0.0000000e+00   0.0000000e+00   0.0000000e+00   0.0000000e+00
   0.0000000e+00   0.0000000e+00   0.0000000e+00   0.0000000e+00   0.0000000e+00   0.0000000e+00   0.0000000e+00   0.0000000e+00   0.0000000e+00   0.0000000e+00   0.0000000e+00   0.0000000e+00   0.0000000e+00   0.0000000e+00   0.0000000e+00   0.0000000e+00   0.0000000e+00   0.0000000e+00   0.0000000e+00   0.0000000e+00   0.0000000e+00   0.0000000e+00   0.0000000e+00   0.0000000e+00   0.0000000e+00   0.0000000e+00   0.0000000e+00   0.0000000e+00   0.0000000e+00   0.0000000e+00
