   1.1984850e+07   1.9088771e+07   2.3588343e+06   2.8152584e+07   1.4101773e+07   5.0795680e+05   1.3054788e+06   6.4694956e+06   3.8705376e+06   2.6991063e+07   9.9265311e+06   8.7491531e+06   1.5089620e+07   1.0282556e+07   2.0542404e+06   1.1106610e+07   1.3911923e+07   4.7938814e+06   1.2379113e+07   7.6816885e+06   6.7965644e+06   1.7061520e+07   8.8973166e+06   1.2984437e+07   8.1291753e+06   4.7758865e+06   7.7170367e+06   9.6074932e+06   1.7676246e+07   1.5136638e+07
   5.6925658e+06   9.8216329e+06   2.3582866e+06   1.1866282e+07   6.7990185e+06   5.0795680e+05   1.3054788e+06   2.5222735e+06   3.8705376e+06   6.5888394e+06   5.5386811e+06   7.8103434e+06   8.2656328e+06   6.7716565e+06   2.0542404e+06   1.1106610e+07   5.5364155e+06   4.7938814e+06   5.2559434e+06   7.6816885e+06   3.8491803e+06   6.0692641e+06   7.5788203e+06   9.6371512e+06   8.1291753e+06   4.7758865e+06   6.1219946e+06   2.9386289e+06   5.9509965e+06   3.3579053e+06
   2.6970108e+06   5.3232699e+06   5.7846769e+05   3.4849668e+06   3.0240811e+06   5.0795680e+05   1.3054788e+06   2.5222735e+06   1.3122802e+06   6.5888394e+06   2.6677653e+06   7.8103434e+06   5.6247436e+06   4.6195346e+06   2.0542404e+06   5.7617008e+06   3.8301235e+05   4.7938814e+06   5.2559434e+06   3.4935812e+06   2.8365880e+06   5.4639541e+06   6.4186401e+06   2.7177241e+06   5.8603636e+06   4.7758865e+06   4.3003694e+06   2.9386289e+06   3.5892442e+06   3.3579053e+06
   2.6970108e+06   2.3794977e+06   5.7846769e+05   3.4842727e+06   3.0240811e+06   5.0795680e+05   1.3054788e+06   1.4270763e+06   1.2815569e+06   4.6435298e+06   2.6677653e+06   4.2203749e+06   5.6247436e+06   2.3268324e+06   2.0542404e+06   1.8857607e+06   3.8301235e+05   3.6227566e+06   2.2859588e+06   3.4935812e+06   2.8365880e+06   4.5158957e+06   2.5171503e+06   2.2122991e+06   5.8603636e+06   2.6474751e+06   6.2187731e+05   2.9386289e+06   3.5892442e+06   1.5421437e+06
   2.6420875e+06   2.3794977e+06   5.7846769e+05   3.4842727e+06   7.3349448e+05   5.0795680e+05   1.2024972e+06   1.4270763e+06   1.0202522e+06   4.6435298e+06   2.6677653e+06   1.4493256e+06   4.5406219e+06   2.2794593e+06   9.0787448e+05   1.7173618e+06   3.8301235e+05   3.6227566e+06   2.2859588e+06   2.8422872e+06   2.8365880e+06   2.7725351e+06   2.5171503e+06   2.2122991e+06   1.0935915e+06   1.2555268e+06   6.2187731e+05   2.9386289e+06   3.5892442e+06   1.5421437e+06
   1.3937800e+06   2.3794977e+06   5.7846769e+05   3.4657108e+06   6.6637557e+05   4.6246598e+05   4.7275863e+05   1.4270763e+06   1.0202522e+06   4.6435298e+06   2.6410871e+06   1.4493256e+06   1.9358584e+06   2.2794593e+06   7.2504802e+05   1.7173618e+06   3.8301235e+05   3.6227566e+06   2.0103764e+06   2.8422872e+06   1.7195776e+06   1.1924071e+06   2.5171503e+06   2.2122991e+06   1.0935915e+06   1.2555268e+06   6.2187731e+05   2.4133432e+06   1.8180697e+06   1.5421437e+06
   8.9034706e+05   2.3794977e+06   5.7846769e+05   1.0882876e+06   6.6637557e+05   4.6246598e+05   4.7275863e+05   1.4270763e+06   1.0202522e+06   3.6252238e+06   1.6307336e+05   1.3299272e+06   9.5778997e+05   8.8885429e+05   5.4627478e+05   1.6988818e+06   2.3898084e+05   9.2366129e+05   2.0103764e+06   1.1521917e+06   1.4548831e+06   1.1924071e+06   2.2995531e+06   1.9297236e+06   1.0935915e+06   8.6447628e+05   6.2187731e+05   1.6464469e+06   1.1715327e+06   1.5421437e+06
   8.3277411e+05   8.8112602e+05   3.6283757e+05   1.5011771e+05   6.6637557e+05   4.6246598e+05   4.7275863e+05   8.2099379e+05   1.0202522e+06   1.1949508e+06   1.6307336e+05   1.3299272e+06   9.5778997e+05   8.8885429e+05   5.4627478e+05   1.6732110e+06   2.3898084e+05   9.2366129e+05   1.4870607e+06   9.9444814e+05   2.1326970e+05   1.1924071e+06   1.9880558e+06   7.2577335e+05   1.0935915e+06   8.6447628e+05   6.2187731e+05   1.4252606e+06   4.8821883e+05   3.1330878e+05
   4.9780078e+05   2.2507818e+05   3.6283757e+05   1.5011771e+05   5.2339864e+05   3.5803007e+05   4.7275863e+05   3.7512929e+05   4.1911785e+05   5.0262256e+05   1.6307336e+05   9.9456508e+04   2.9173495e+05   4.0038042e+05   4.2319918e+05   4.9807335e+05   2.3750825e+05   5.7863002e+05   4.0754825e+05   3.6230533e+05   2.1326970e+05   4.0670817e+05   3.9386756e+05   3.1970111e+05   7.0232359e+05   1.6929259e+05   3.5277968e+05   3.6947812e+05   2.0883870e+05   3.0553949e+05
   1.3193117e+05   3.1152324e+04   6.2177561e+04   6.8907067e+04   5.7907298e+04   8.1937631e+04   6.8588077e+04   7.5801282e+04   2.7721230e+04   6.4054735e+04   1.1179875e+05   7.2589233e+04   7.1143536e+04   9.1876188e+04   4.2910919e+04   7.9235222e+04   6.6498574e+04   6.1649998e+04   6.4843521e+04   7.8385980e+04   5.8827505e+04   9.6923428e+04   8.3992929e+04   7.4577473e+04   7.9473208e+04   4.6560752e+04   3.0080471e+04   4.7096097e+04   6.7336292e+04   5.4801435e+04
   4.6456525e+03   3.2343665e+03   6.0706152e+03   2.2947677e+03   5.9104951e+03   5.1323930e+03   5.1606250e+03   4.6182272e+03   6.1318305e+03   6.1881348e+03   5.5564383e+03   4.9365074e+03   4.5939715e+03   5.3933188e+03   5.1825573e+03   6.1091216e+03   7.8423953e+03   5.0961166e+03   4.1318719e+03   5.5819476e+03   5.2609714e+03   3.9906085e+03   5.1562965e+03   4.7928215e+03   3.0898886e+03   7.7493939e+03   4.9706627e+03   5.7426685e+03   6.1232177e+03   5.4543765e+03
   5.2761591e+02   6.3853322e+02   6.9388633e+02   6.6629752e+02   7.6869526e+02   5.0881340e+02   6.6765162e+02   5.0381318e+02   7.5443636e+02   7.1237835e+02   4.5009936e+02   5.9537939e+02   5.9666041e+02   4.8397977e+02   4.9552989e+02   5.7292961e+02   7.1097782e+02   3.2525911e+02   6.1240848e+02   6.5794641e+02   6.4749420e+02   5.9791639e+02   4.6587988e+02   7.1897897e+02   5.9033673e+02   7.8772604e+02   6.4064517e+02   6.5697879e+02   6.7635568e+02   6.7682569e+02
   1.1756153e+02   1.6401773e+02   1.5926144e+02   9.1598392e+01   1.8466805e+02   2.0320788e+02   1.1107891e+02   2.4579078e+02   2.4643664e+02   2.3056857e+02   1.7188753e+02   1.9010953e+02   1.8579290e+02   1.6339347e+02   1.4054212e+02   1.9339452e+02   1.2710598e+02   1.8223398e+02   2.1249256e+02   2.2770318e+02   2.0276560e+02   1.8610286e+02   2.2257890e+02   1.8698785e+02   1.5337509e+02   1.9988903e+02   1.8375983e+02   1.8091043e+02   2.1088018e+02   2.0188002e+02
   3.7196383e+01   6.8537740e+01   7.3235733e+01   2.5413717e+01   5.8519587e+01   7.8931858e+01   7.2352720e+01   5.2622688e+01   5.5028508e+01   6.7166148e+01   7.5577936e+01   6.4664831e+01   6.7094485e+01   7.6647044e+01   5.4980155e+01   6.2078751e+01   5.1264371e+01   5.7618039e+01   5.6048356e+01   6.3576582e+01   3.8990726e+01   7.3295408e+01   4.7627486e+01   7.5538056e+01   6.7445478e+01   7.8261433e+01   6.7421744e+01   7.8234151e+01   8.8313738e+01   6.7810639e+01
   5.2567201e+00   7.5600790e+00   5.5395775e+00   4.4619529e+00   5.2130391e+00   5.4964224e+00   6.4878194e+00   5.8238650e+00   5.0265754e+00   6.2116314e+00   5.2383718e+00   6.2968619e+00   4.4284689e+00   4.9321688e+00   5.4395269e+00   5.4320058e+00   5.3403626e+00   6.6462607e+00   6.4802448e+00   6.9399478e+00   5.7057939e+00   6.5935860e+00   5.5159581e+00   6.5611587e+00   4.3385236e+00   5.4268558e+00   4.9802176e+00   5.1370962e+00   8.0750039e+00   6.8054152e+00
   1.2352387e-02   1.9684403e-02   2.2687889e-02   2.3647962e-02   2.4785388e-02   2.5933704e-02   2.6725897e-02   2.7143512e-02   2.8307331e-02   2.9359357e-02   3.0732052e-02   3.1513622e-02   3.2905735e-02   3.3264008e-02   3.3413976e-02   3.3556770e-02   3.4107879e-02   3.4168227e-02   3.5525210e-02   3.9434504e-02   4.0894362e-02   4.4608882e-02   4.4818716e-02   5.2406359e-02   5.6748349e-02   6.1163653e-02   6.1598972e-02   6.3601318e-02   8.2614477e-02   9.3819911e-02
