   5.2233051e+03   4.5680233e+03   4.9516885e+03   5.2058096e+03   5.1261641e+03   5.1181587e+03   4.2901479e+03   4.9295235e+03   5.0516286e+03   5.3510381e+03   4.9151897e+03   5.5025077e+03   5.1247535e+03   4.5131485e+03   5.1807160e+03   4.6946574e+03   4.7168526e+03   5.2926374e+03   4.9851320e+03   5.2749013e+03   5.0824979e+03   5.2102661e+03   5.3789309e+03   5.0266106e+03   5.4827976e+03   5.1840025e+03   5.0496348e+03   4.4870937e+03   4.9400568e+03   4.8769726e+03
   5.3272258e+02   1.9683324e+02   8.7732339e+01   4.3514553e+02   1.2219494e+02   5.3007415e+02   4.6671143e+02   6.1614329e-01   4.0280958e+02   9.2979501e+01   1.2496598e+03   2.6825860e-01   1.7487598e+02   9.3183349e+02   1.8409462e+02   1.2485763e+02   2.8863319e+02   1.2468604e+03   1.5538018e+02   2.4207081e+01   1.3116543e+02   2.2201720e+02   6.3768492e+02   4.8240483e+02   1.5517615e+02   6.7497497e+02   1.1113191e+03   7.6591347e-04   8.7657820e-01   1.4629146e+01
   1.8548547e+02   2.0314286e+01   8.7732339e+01   2.7872140e+02   7.4133860e+00   1.8234214e+02   4.1439030e+02   6.1614329e-01   6.6988950e+01   5.5082486e+00   6.3956641e-01   2.6825860e-01   1.7927194e+00   9.2077192e-01   3.7401355e+01   1.2485763e+02   9.6645663e+01   1.3982636e+02   8.0118408e+01   2.4207081e+01   1.3116543e+02   6.6989290e+01   3.6597083e+00   2.9971858e+02   1.5517615e+02   3.2138606e+02   9.5214479e+01   7.6591347e-04   8.7657820e-01   1.0516885e+01
   2.4906933e+01   2.0314286e+01   1.4095354e+01   1.0897479e+01   2.9571534e+00   3.9007696e+01   9.7449314e+01   6.1614329e-01   6.6988950e+01   5.5082486e+00   6.3956641e-01   2.6825860e-01   1.7927194e+00   9.2077192e-01   3.7401355e+01   3.7645799e+01   1.3266993e+01   1.0037806e+02   1.0520897e+01   2.4207081e+01   3.2398643e+00   1.2588060e+01   3.6597083e+00   4.2506794e+01   1.5517615e+02   3.3471979e+01   5.0161197e+01   7.6591347e-04   8.7657820e-01   1.0516885e+01
   2.5222147e-01   1.6794858e+01   1.8038551e-01   3.7095480e+00   2.9571534e+00   3.9007696e+01   3.2335952e+01   6.1614329e-01   5.6582609e+00   5.5082486e+00   6.3956641e-01   1.2594078e-01   1.7927194e+00   9.2077192e-01   3.2139061e-01   1.9075276e+00   2.8283770e+00   1.0037806e+02   1.0520897e+01   1.1995725e+01   3.2398643e+00   7.1829584e+00   3.6597083e+00   1.0041282e+00   1.0899019e+01   1.0846500e+01   7.0855231e-01   7.6591347e-04   8.7657820e-01   1.0516885e+01
   2.5222147e-01   8.7378978e+00   1.8038551e-01   3.1757509e+00   2.9571534e+00   9.9225753e-01   3.1476826e+00   7.6916961e-02   3.2554365e-01   5.5082486e+00   6.3956641e-01   1.2594078e-01   1.7927194e+00   6.6401568e-01   3.2139061e-01   1.9075276e+00   6.4316635e-01   7.7147642e-01   1.0520897e+01   5.0589088e+00   3.2398643e+00   6.9168646e-02   2.3853740e-01   1.0041282e+00   1.4742718e+00   1.0846500e+01   7.0855231e-01   7.6591347e-04   8.7657820e-01   1.0516885e+01
   2.5222147e-01   4.7247282e-01   1.6312336e-02   2.4841565e-01   5.2685269e-01   9.9225753e-01   1.1362034e-01   7.6916961e-02   3.2554365e-01   3.1550639e-01   6.3956641e-01   1.2594078e-01   4.9948367e-02   4.7126516e-01   3.2139061e-01   1.9075276e+00   6.4316635e-01   7.7147642e-01   1.2509202e-02   7.7714623e-01   7.1371176e-01   6.9168646e-02   2.3853740e-01   9.7906526e-02   7.9580114e-01   8.0088732e-01   7.0855231e-01   7.6591347e-04   3.2346709e-01   2.8294802e+00
   8.2481056e-02   4.7247282e-01   1.6312336e-02   4.9345987e-03   1.0094650e-01   9.9225753e-01   1.1362034e-01   7.6916961e-02   2.4996782e-01   1.3197791e-01   4.4681922e-01   3.1840324e-02   5.1393292e-04   4.3253812e-02   1.1657483e-01   2.6679068e-01   1.0901722e-01   3.6061779e-01   1.2509202e-02   3.1171261e-03   7.1371176e-01   1.2894409e-02   2.4605562e-04   9.7906526e-02   2.1401996e-01   1.6373815e-01   7.0663807e-01   7.6591347e-04   8.6100983e-04   5.9590205e-01
   3.6936142e-02   5.6882297e-03   1.5735519e-02   4.9345987e-03   7.3252361e-02   3.3203898e-03   2.0257262e-02   7.6916961e-02   2.4996782e-01   1.3197791e-01   1.3687551e-01   3.1840324e-02   5.1393292e-04   4.3253812e-02   1.1657483e-01   1.1213133e-01   1.0901722e-01   4.6487398e-02   1.2509202e-02   3.1171261e-03   1.5085364e-03   7.0844590e-05   2.4605562e-04   6.2168572e-02   2.0157887e-02   3.0295626e-02   8.1438926e-02   7.6591347e-04   8.6100983e-04   4.3730674e-02
   1.2411290e-05   1.0477170e-04   3.8949838e-06   5.8332880e-06   2.8286959e-06   3.6894671e-05   9.7573713e-05   4.5388400e-05   1.1700133e-05   6.9497110e-06   1.6759175e-05   1.0147700e-05   5.8329331e-05   3.4601562e-05   1.0665755e-05   6.9014277e-07   1.7619750e-06   2.7826736e-05   4.2458578e-06   5.4008160e-07   9.1085549e-06   6.7171641e-08   2.0471723e-05   0.0000000e+00   8.3879047e-05   1.6646625e-05   3.7701759e-05   7.0394381e-06   1.6370068e-06   2.4424307e-05
   0.0000000e+00   0.0000000e+00   0.0000000e+00   0.0000000e+00   0.0000000e+00   0.0000000e+00   0.0000000e+00   0.0000000e+00   0.0000000e+00   0.0000000e+00   0.0000000e+00   0.0000000e+00   0.0000000e+00   0.0000000e+00   0.0000000e+00   0.0000000e+00   0.0000000e+00   0.0000000e+00   0.0000000e+00   0.0000000e+00   0.0000000e+00   0.0000000e+00   0.0000000e+00   0.0000000e+00   0.0000000e+00   0.0000000e+00   0.0000000e+00   0.0000000e+00   0.0000000e+00   0.0000000e+00
   0.0000000e+00   0.0000000e+00   0.0000000e+00   0.0000000e+00   0.0000000e+00   0.0000000e+00   0.0000000e+00   0.0000000e+00   0.0000000e+00   0.0000000e+00   0.0000000e+00   0.0000000e+00   0.0000000e+00   0.0000000e+00   0.0000000e+00   0.0000000e+00   0.0000000e+00   0.0000000e+00   0.0000000e+00   0.0000000e+00   0.0000000e+00   0.0000000e+00   0.0000000e+00   0.0000000e+00   0.0000000e+00   0.0000000e+00   0.0000000e+00   0.0000000e+00   0.0000000e+00   0.0000000e+00
   0.0000000e+00   0.0000000e+00   0.0000000e+00   0.0000000e+00   0.0000000e+00   0.0000000e+00   0.0000000e+00   0.0000000e+00   0.0000000e+00   0.0000000e+00   0.0000000e+00   0.0000000e+00   0.0000000e+00   0.0000000e+00   0.0000000e+00   0.0000000e+00   0.0000000e+00   0.0000000e+00   0.0000000e+00   0.0000000e+00   0.0000000e+00   0.0000000e+00   0.0000000e+00   0.0000000e+00   0.0000000e+00   0.0000000e+00   0.0000000e+00   0.0000000e+00   0.0000000e+00   0.0000000e+00
   0.0000000e+00   0.0000000e+00   0.0000000e+00   0.0000000e+00   0.0000000e+00   0.0000000e+00   0.0000000e+00   0.0000000e+00   0.0000000e+00   0.0000000e+00   0.0000000e+00   0.0000000e+00   0.0000000e+00   0.0000000e+00   0.0000000e+00   0.0000000e+00   0.0000000e+00   0.0000000e+00   0.0000000e+00   0.0000000e+00   0.0000000e+00   0.0000000e+00   0.0000000e+00   0.0000000e+00   0.0000000e+00   0.0000000e+00   0.0000000e+00   0.0000000e+00   0.0000000e+00   0.0000000e+00
   0.0000000e+00   0.0000000e+00   0.0000000e+00   0.0000000e+00   0.0000000e+00   0.0000000e+00   0.0000000e+00   0.0000000e+00   0.0000000e+00   0.0000000e+00   0.0000000e+00   0.0000000e+00   0.0000000e+00   0.0000000e+00   0.0000000e+00   0.0000000e+00   0.0000000e+00   0.0000000e+00   0.0000000e+00   0.0000000e+00   0.0000000e+00   0.0000000e+00   0.0000000e+00   0.0000000e+00   0.0000000e+00   0.0000000e+00   0.0000000e+00   0.0000000e+00   0.0000000e+00   0.0000000e+00
   0.0000000e+00   0.0000000e+00   0.0000000e+00   0.0000000e+00   0.0000000e+00   0.0000000e+00   0.0000000e+00   0.0000000e+00   0.0000000e+00   0.0000000e+00   0.0000000e+00   0.0000000e+00   0.0000000e+00   0.0000000e+00   0.0000000e+00   0.0000000e+00   0.0000000e+00   0.0000000e+00   0.0000000e+00   0.0000000e+00   0.0000000e+00   0.0000000e+00   0.0000000e+00   0.0000000e+00   0.0000000e+00   0.0000000e+00   0.0000000e+00   0.0000000e+00   0.0000000e+00   0.0000000e+00
