   2.7622785e+07   1.4994393e+07   1.4063900e+07   3.2790520e+07   3.0628330e+07   2.6798020e+07   5.3507979e+07   3.0410322e+07   2.9712470e+07   1.2934637e+07   4.6180346e+07   6.6771131e+06   4.3560088e+07   3.1029172e+07   1.9553199e+07   2.9906427e+07   6.9407643e+06   3.7810615e+07   3.2967360e+07   1.4815608e+07   2.4348834e+07   2.0044650e+07   3.2481785e+07   1.1558854e+07   9.7594668e+06   1.1642783e+07   1.6011931e+07   3.0690956e+07   2.0651576e+07   3.0864878e+07
   1.8432652e+07   1.2912066e+07   1.4063900e+07   7.2937102e+06   1.2006174e+07   4.2062306e+06   2.2374339e+07   1.3450345e+07   1.1254819e+07   1.2934637e+07   9.1899379e+06   4.3437396e+06   8.2458173e+06   1.9604259e+07   7.3737065e+06   4.5673949e+06   6.9407643e+06   1.7967601e+07   2.2658896e+07   4.5414947e+06   6.3779340e+06   1.2935316e+07   2.8426600e+06   8.3431266e+06   9.7594668e+06   2.7226036e+06   1.6011931e+07   5.1645291e+06   8.9327346e+06   6.5238795e+06
   1.8432652e+07   4.8962386e+05   3.8503422e+06   4.0668725e+05   8.9346726e+04   4.2062306e+06   6.4109260e+06   5.9828998e+06   1.4366970e+06   1.0172357e+06   6.9449867e+06   4.3437396e+06   8.2458173e+06   6.5861129e+06   9.6928577e+05   4.1545538e+06   8.1917552e+05   5.8404642e+06   1.8253903e+06   4.5414947e+06   1.2398401e+06   1.6647896e+06   2.8426600e+06   8.3431266e+06   2.6830577e+06   5.3608066e+05   1.8446201e+06   4.4835157e+06   8.7179427e+06   1.9823751e+06
   2.2798358e+06   4.8962386e+05   8.4100020e+04   3.9526405e+03   8.9346726e+04   2.9922805e+06   1.7882107e+06   5.9828998e+06   1.4366970e+06   9.2386440e+04   2.0555103e+06   1.7338692e+06   1.6295339e+05   4.7792618e+05   9.6928577e+05   4.1385049e+05   8.1917552e+05   1.3501895e+06   1.8253903e+06   4.5414947e+06   1.2398401e+06   1.6647896e+06   1.2316102e+06   8.3431266e+06   1.6096859e+06   5.3608066e+05   1.8446201e+06   4.4835157e+06   3.2374780e+06   1.9823751e+06
   1.6553958e+06   4.8962386e+05   8.4100020e+04   3.9526405e+03   8.9346726e+04   2.9922805e+06   1.7882107e+06   8.8798287e+05   1.4366970e+06   9.2386440e+04   2.0555103e+06   1.7070027e+06   1.6295339e+05   4.7792618e+05   4.7563875e+05   4.1385049e+05   4.5619624e+05   1.3501895e+06   1.2088574e+06   4.4184689e+06   1.2398401e+06   1.6647896e+06   1.2316102e+06   2.8575644e+06   1.0711806e+06   5.2108489e+05   1.8446201e+06   2.2890974e+05   1.1614077e+06   1.9823751e+06
   6.2841786e+05   4.8962386e+05   8.4100020e+04   3.9526405e+03   8.9346726e+04   1.4782315e+06   2.2145884e+05   8.8798287e+05   1.4366970e+06   9.2386440e+04   2.0555103e+06   2.0549567e+05   1.6295339e+05   4.7792618e+05   2.5980926e+05   4.1385049e+05   4.5619624e+05   9.2984532e+05   4.7533965e+05   1.0859290e+06   1.0900407e+05   1.8651678e+05   1.2316102e+06   1.4252670e+05   1.0711806e+06   2.5399585e+05   1.5228724e+06   2.2890974e+05   1.1614077e+06   1.8167427e+06
   4.4276995e+05   1.1622702e+04   8.4100020e+04   3.9526405e+03   8.9346726e+04   1.1733567e+06   2.2145884e+05   2.0810612e+05   1.2362587e+06   9.3275624e+02   1.2236769e+05   2.0549567e+05   1.6295339e+05   4.7786645e+05   2.5980926e+05   4.1385049e+05   4.5619624e+05   8.5027821e+05   6.9297437e+04   2.9719473e+05   1.0900407e+05   1.8651678e+05   1.2316102e+06   1.4252670e+05   1.4753064e+05   2.5399585e+05   1.0022853e+06   2.2890974e+05   4.9805352e+05   1.5095236e+04
   1.4596235e+05   8.8846346e+03   8.0679573e+03   3.9526405e+03   1.8162905e+04   4.9814529e+05   1.5950291e+05   1.6221036e+05   3.3414351e+04   9.3275624e+02   1.5660107e+04   5.0846743e+04   3.7406841e+04   3.6086866e+04   2.0801336e+05   4.1559566e+03   1.5796010e+05   3.3254712e+04   6.9297437e+04   4.2734362e+04   2.9610662e+04   1.8651678e+05   1.0466875e+06   1.4252670e+05   5.2066253e+04   1.5819617e+05   2.3731849e+05   1.7678639e+05   7.5739491e+04   1.5095236e+04
   3.2833927e+03   7.1294950e+03   1.5363038e+03   3.9526405e+03   1.4304050e+03   9.6799991e+03   8.2816849e+03   6.5188039e+03   5.3634694e+03   9.3275624e+02   1.5660107e+04   7.5463147e+03   2.7908050e+03   1.9378091e+04   3.4402101e+03   4.1559566e+03   1.5517424e+04   2.0261241e+04   1.9099767e+03   2.9028691e+03   1.1278479e+04   1.1783449e+04   1.8842332e+04   6.4428719e+03   8.7056114e+03   2.2570932e+03   5.0642425e+03   3.1058054e+03   1.3608933e+03   1.5095236e+04
   3.7008340e+02   2.5235755e+02   1.9800564e+02   2.4204002e+02   4.2196963e+01   8.0054741e+01   2.2869414e+02   2.9987460e+02   1.7313225e+02   5.4096553e+02   2.4819329e+02   1.1832113e+02   4.2692948e+02   6.0318258e+02   6.0181396e+01   3.2481319e+02   4.8212040e+02   1.5555527e+02   5.1501231e+01   2.5899708e+02   5.0545150e+02   2.9152817e+02   2.8578081e+02   2.2677523e+02   3.3064211e+01   7.1306883e+01   3.9408206e+02   1.5862215e+02   3.0851800e+02   1.9590862e+02
   2.8499546e-02   5.8618334e-02   1.8036157e-01   1.3337748e-01   1.0880944e-01   5.2199809e-02   1.9165229e-01   2.4154658e-01   2.0748124e-01   8.6860758e-04   2.6911581e-01   1.5968819e-01   6.7632105e-02   5.9360655e-02   2.1007994e-01   3.7819329e-01   1.3485979e-01   2.1374237e-01   2.7428795e-01   1.9706024e-01   1.3184158e-02   7.3624673e-02   3.8587582e-02   1.8254428e-01   6.7266730e-02   2.5225455e-01   2.8815587e-01   2.4245449e-01   2.5525384e-02   4.8499106e-01
   6.2545577e-07   4.5077377e-07   2.2449364e-07   7.2493586e-08   7.6233579e-08   4.2005808e-07   2.2781129e-07   1.7367531e-07   6.5835020e-07   3.9120599e-08   8.9584154e-08   4.7063665e-07   2.7950517e-07   1.3555953e-07   7.5920276e-08   5.2040468e-08   2.9569992e-07   3.5829774e-07   2.1527182e-07   2.2936226e-07   2.3679858e-07   2.5128235e-07   1.0899701e-07   1.6543348e-07   4.0311598e-08   3.8468054e-07   1.8729057e-07   1.9207054e-07   3.2177064e-07   9.4079450e-08
   0.0000000e+00   0.0000000e+00   0.0000000e+00   0.0000000e+00   0.0000000e+00   0.0000000e+00   0.0000000e+00   0.0000000e+00   0.0000000e+00   0.0000000e+00   0.0000000e+00   0.0000000e+00   0.0000000e+00   0.0000000e+00   0.0000000e+00   0.0000000e+00   0.0000000e+00   0.0000000e+00   0.0000000e+00   0.0000000e+00   0.0000000e+00   0.0000000e+00   0.0000000e+00   0.0000000e+00   0.0000000e+00   0.0000000e+00   0.0000000e+00   0.0000000e+00   0.0000000e+00   0.0000000e+00
   0.0000000e+00   0.0000000e+00   0.0000000e+00   0.0000000e+00   0.0000000e+00   0.0000000e+00   0.0000000e+00   0.0000000e+00   0.0000000e+00   0.0000000e+00   0.0000000e+00   0.0000000e+00   0.0000000e+00   0.0000000e+00   0.0000000e+00   0.0000000e+00   0.0000000e+00   0.0000000e+00   0.0000000e+00   0.0000000e+00   0.0000000e+00   0.0000000e+00   0.0000000e+00   0.0000000e+00   0.0000000e+00   0.0000000e+00   0.0000000e+00   0.0000000e+00   0.0000000e+00   0.0000000e+00
   0.0000000e+00   0.0000000e+00   0.0000000e+00   0.0000000e+00   0.0000000e+00   0.0000000e+00   0.0000000e+00   0.0000000e+00   0.0000000e+00   0.0000000e+00   0.0000000e+00   0.0000000e+00   0.0000000e+00   0.0000000e+00   0.0000000e+00   0.0000000e+00   0.0000000e+00   0.0000000e+00   0.0000000e+00   0.0000000e+00   0.0000000e+00   0.0000000e+00   0.0000000e+00   0.0000000e+00   0.0000000e+00   0.0000000e+00   0.0000000e+00   0.0000000e+00   0.0000000e+00   0.0000000e+00
   0.0000000e+00   0.0000000e+00   0.0000000e+00   0.0000000e+00   0.0000000e+00   0.0000000e+00   0.0000000e+00   0.0000000e+00   0.0000000e+00   0.0000000e+00   0.0000000e+00   0.0000000e+00   0.0000000e+00   0.0000000e+00   0.0000000e+00   0.0000000e+00   0.0000000e+00   0.0000000e+00   0.0000000e+00   0.0000000e+00   0.0000000e+00   0.0000000e+00   0.0000000e+00   0.0000000e+00   0.0000000e+00   0.0000000e+00   0.0000000e+00   0.0000000e+00   0.0000000e+00   0.0000000e+00
