   9.7497256e+02   9.1370174e+02   1.0161966e+03   9.7310655e+02   8.5555013e+02   1.0333300e+03   9.2435829e+02   1.0532018e+03   9.4360777e+02   1.0144711e+03   8.0865949e+02   8.5488795e+02   8.0193640e+02   9.8139026e+02   9.2186880e+02   8.9937706e+02   8.7083230e+02   1.0026253e+03   9.2829688e+02   1.0306338e+03   9.5554706e+02   9.4654959e+02   8.3414336e+02   1.0242295e+03   9.4470111e+02   8.3296123e+02   1.0396081e+03   9.5326920e+02   9.5916321e+02   9.9991602e+02
   9.4545675e+02   8.7902678e+02   1.0161966e+03   9.7310655e+02   8.5555013e+02   1.0333300e+03   9.2435829e+02   9.7938412e+02   9.4360777e+02   1.0144711e+03   8.0865949e+02   8.5488795e+02   8.0193640e+02   7.4399133e+02   8.5639444e+02   8.9937706e+02   8.6380336e+02   1.0026253e+03   9.2829688e+02   1.0144139e+03   9.5554706e+02   9.4654959e+02   8.3414336e+02   1.0242295e+03   9.4470111e+02   8.3296123e+02   1.0381046e+03   9.5240246e+02   9.5916321e+02   9.3365199e+02
   9.4545675e+02   8.7902678e+02   1.0161966e+03   8.5465619e+02   8.4224052e+02   1.0333300e+03   9.2435829e+02   9.7929545e+02   9.4360777e+02   9.0489613e+02   8.0865949e+02   8.5488795e+02   7.9846651e+02   7.4399133e+02   8.5639444e+02   8.9937706e+02   8.6380336e+02   1.0026253e+03   9.2829688e+02   1.0144139e+03   9.5554706e+02   9.4654959e+02   8.3414336e+02   1.0242295e+03   9.4470111e+02   8.3296123e+02   9.7962097e+02   9.3196196e+02   9.5916321e+02   9.3365199e+02
   9.2322804e+02   8.0871815e+02   1.0161966e+03   8.5304499e+02   8.4224052e+02   9.6298912e+02   9.2435829e+02   9.6438627e+02   9.0090260e+02   9.0489613e+02   8.0865949e+02   8.5488795e+02   7.9846651e+02   7.4399133e+02   8.5639444e+02   8.9937706e+02   8.6380336e+02   9.9671425e+02   9.2829688e+02   1.0071826e+03   9.2718629e+02   8.9449933e+02   8.2567468e+02   8.0564512e+02   9.4470111e+02   8.3296123e+02   9.7962097e+02   8.4271644e+02   9.2920173e+02   9.3365199e+02
   9.2322804e+02   7.8752099e+02   9.5409725e+02   7.8800797e+02   8.4224052e+02   8.9709285e+02   9.0526201e+02   9.4458578e+02   9.0090260e+02   8.5204227e+02   7.7275637e+02   8.5488795e+02   7.6058245e+02   7.4399133e+02   8.0115061e+02   8.9937706e+02   8.4646134e+02   9.1139932e+02   8.2382632e+02   7.8625402e+02   8.4496908e+02   8.6973945e+02   8.2567468e+02   6.8088476e+02   9.4470111e+02   8.3296123e+02   9.7962097e+02   8.4271644e+02   8.6149848e+02   9.3365199e+02
   9.1495683e+02   7.8752099e+02   8.7679074e+02   7.5801731e+02   8.0155774e+02   8.9709285e+02   8.8734588e+02   8.6594785e+02   9.0008384e+02   8.5085245e+02   7.7275637e+02   8.3979442e+02   7.6058245e+02   7.4399133e+02   8.0115061e+02   8.9937706e+02   8.2058270e+02   9.1139932e+02   7.3672705e+02   7.8625402e+02   6.9477699e+02   8.2739478e+02   8.2567468e+02   6.8088476e+02   9.2505434e+02   8.3296123e+02   9.2575449e+02   8.4170518e+02   8.1700097e+02   8.6224481e+02
   8.1423880e+02   7.8752099e+02   8.7679074e+02   7.3461877e+02   8.0155774e+02   8.7696436e+02   8.3981664e+02   8.1024731e+02   8.3805966e+02   8.5085245e+02   7.7275637e+02   7.1658991e+02   7.6058245e+02   7.2811229e+02   7.8795046e+02   8.9933754e+02   7.6262865e+02   8.3835472e+02   7.3672705e+02   7.7445138e+02   6.9477699e+02   8.2739478e+02   8.2567468e+02   6.8088476e+02   8.5284361e+02   8.3296123e+02   8.6782272e+02   7.7941023e+02   7.9317587e+02   8.0111836e+02
   8.1423880e+02   7.8752099e+02   7.5076869e+02   7.3461877e+02   7.4515615e+02   7.8058751e+02   7.6089965e+02   7.3578506e+02   8.0459863e+02   7.5582160e+02   7.7275637e+02   7.1658991e+02   7.6058245e+02   7.2811229e+02   7.8795046e+02   7.9779964e+02   7.6262865e+02   7.5933222e+02   7.3672705e+02   7.7445138e+02   6.9477699e+02   8.2739478e+02   7.6441524e+02   6.8088476e+02   7.7966777e+02   6.7958755e+02   7.8128642e+02   7.7941023e+02   6.9168170e+02   8.0111836e+02
   7.5802355e+02   7.6897910e+02   7.3459332e+02   7.3461877e+02   7.2168759e+02   7.6424644e+02   7.3339040e+02   6.9648562e+02   7.2327340e+02   7.5582160e+02   7.4588088e+02   7.1658991e+02   7.2042612e+02   7.1403773e+02   7.5117988e+02   7.9046350e+02   7.5185130e+02   7.5933222e+02   7.3192968e+02   7.7445138e+02   6.9477699e+02   7.6887780e+02   5.8528984e+02   6.8088476e+02   7.7966777e+02   6.7958755e+02   7.4821390e+02   7.7555948e+02   6.9168170e+02   7.5184432e+02
   5.8596181e+02   6.3055184e+02   5.9823859e+02   6.2100964e+02   6.0258495e+02   5.9425029e+02   6.1317978e+02   6.0460195e+02   6.2726797e+02   6.1380925e+02   5.8557152e+02   6.0110231e+02   6.1980178e+02   6.1104875e+02   6.2892576e+02   5.9797176e+02   6.1666293e+02   6.2087725e+02   5.6832149e+02   6.2976872e+02   6.1583820e+02   6.2445277e+02   5.7183757e+02   6.0777829e+02   6.3619785e+02   6.1197192e+02   6.5123057e+02   5.9778473e+02   5.7777247e+02   6.2909710e+02
   5.2447004e+02   5.2362752e+02   5.2350128e+02   5.2390777e+02   5.3383801e+02   5.2014798e+02   5.4274671e+02   5.2875419e+02   5.3854566e+02   5.3326814e+02   5.0817815e+02   5.3283229e+02   5.2716948e+02   5.3027655e+02   5.2628709e+02   5.4010329e+02   5.3653392e+02   5.3958406e+02   5.2096508e+02   5.2820619e+02   5.2341043e+02   5.2825209e+02   5.3214317e+02   5.4671013e+02   5.3713458e+02   5.2052985e+02   5.5452231e+02   5.1470966e+02   5.2575651e+02   5.4744356e+02
   4.9375426e+02   5.1388160e+02   5.0622786e+02   4.9624761e+02   4.9036898e+02   5.0112785e+02   4.9010376e+02   4.9808368e+02   5.0309931e+02   4.9617662e+02   5.0095884e+02   5.0909628e+02   5.0301830e+02   5.0146528e+02   4.9930664e+02   5.1665758e+02   4.8712643e+02   5.0299303e+02   5.0464068e+02   5.0480635e+02   5.0412185e+02   4.9223418e+02   4.9493430e+02   5.1149292e+02   5.0283944e+02   5.0170053e+02   5.1143774e+02   4.9408702e+02   4.9815469e+02   4.8651628e+02
   4.7714524e+02   4.9053275e+02   4.7887868e+02   4.8631916e+02   4.9036898e+02   4.9351455e+02   4.8974490e+02   4.8478305e+02   4.8841211e+02   4.9222346e+02   4.7189774e+02   4.8860019e+02   4.7833447e+02   4.9239310e+02   4.8059359e+02   4.9309757e+02   4.8712643e+02   4.8560492e+02   4.8167518e+02   4.9587935e+02   4.9280229e+02   4.8781512e+02   4.6920975e+02   4.9793903e+02   4.8812181e+02   4.8772925e+02   4.8969412e+02   4.8980099e+02   4.9575102e+02   4.8651628e+02
   4.7714524e+02   4.8447989e+02   4.7887868e+02   4.8043195e+02   4.5980388e+02   4.8147420e+02   4.8484184e+02   4.8475475e+02   4.7966250e+02   4.8694596e+02   4.6954378e+02   4.8123086e+02   4.7833447e+02   4.8051839e+02   4.6277389e+02   4.8811053e+02   4.8231281e+02   4.8560492e+02   4.8167500e+02   4.8557241e+02   4.8239737e+02   4.6716297e+02   4.6920975e+02   4.7973214e+02   4.8668332e+02   4.8481798e+02   4.8528646e+02   4.8540734e+02   4.7726607e+02   4.8518172e+02
   4.4889136e+02   4.4570133e+02   4.3774556e+02   4.4576389e+02   4.5183734e+02   4.4362148e+02   4.4797723e+02   4.4628442e+02   4.4862143e+02   4.4048219e+02   4.4247564e+02   4.4596595e+02   4.3965899e+02   4.5161929e+02   4.4601567e+02   4.4597982e+02   4.4888758e+02   4.4896023e+02   4.4708952e+02   4.4801294e+02   4.4591098e+02   4.4029993e+02   4.4771145e+02   4.5501832e+02   4.5695939e+02   4.4976305e+02   4.4410958e+02   4.4866953e+02   4.4171654e+02   4.4467377e+02
   3.9538240e+02   3.9779326e+02   3.9930578e+02   4.0012936e+02   4.0073379e+02   4.0076523e+02   4.0097245e+02   4.0122604e+02   4.0122619e+02   4.0125295e+02   4.0143135e+02   4.0143689e+02   4.0154079e+02   4.0157148e+02   4.0161212e+02   4.0165869e+02   4.0205845e+02   4.0206157e+02   4.0219196e+02   4.0241457e+02   4.0243007e+02   4.0248507e+02   4.0252087e+02   4.0291176e+02   4.0294086e+02   4.0308166e+02   4.0336925e+02   4.0363618e+02   4.0407706e+02   4.0437320e+02
