   3.3058847e+03   5.3029816e+03   5.1030981e+03   3.6434577e+03   4.1948167e+03   5.2710596e+03   5.3411064e+03   3.6351893e+03   4.8290780e+03   3.0748572e+03   4.8500432e+03   3.8349393e+03   4.6195083e+03   4.9582027e+03   4.7913230e+03   3.9668937e+03   2.2458494e+03   5.3226494e+03   5.5269984e+03   3.6658726e+03   3.5502069e+03   3.2488399e+03   4.1244123e+03   3.8606085e+03   4.6704101e+03   5.1499839e+03   4.9467993e+03   4.1601964e+03   4.4209135e+03   3.3846381e+03
   3.3058847e+03   4.5743947e+03   4.1684415e+03   3.6434577e+03   4.1061670e+03   3.7420872e+03   3.6980655e+03   3.6351893e+03   3.8233183e+03   3.0748572e+03   4.1656838e+03   3.3679922e+03   3.6256080e+03   3.8921651e+03   3.8548229e+03   3.9668937e+03   2.2458494e+03   3.9625434e+03   4.2037928e+03   3.5285746e+03   3.5502069e+03   3.2488399e+03   2.1106997e+03   3.8606085e+03   4.0298898e+03   4.4545922e+03   3.5448120e+03   3.2758576e+03   3.7523293e+03   3.3846381e+03
   2.7411403e+03   3.7781912e+03   4.1243825e+03   1.7937557e+03   4.0811565e+03   3.7420872e+03   2.0754505e+03   2.7952735e+03   3.7102061e+03   3.0748572e+03   3.0783012e+03   2.9250865e+03   2.7189872e+03   3.8005870e+03   3.8548229e+03   3.9668937e+03   2.2458494e+03   3.9625434e+03   3.4212120e+03   3.4475712e+03   3.5502069e+03   2.8325519e+03   2.1106997e+03   3.3171178e+03   3.9395769e+03   3.6966021e+03   3.5448120e+03   3.2758576e+03   3.7523293e+03   2.8358995e+03
   2.7411403e+03   3.0070882e+03   2.9298927e+03   1.7937557e+03   3.3412285e+03   3.7420872e+03   2.0754505e+03   2.6483811e+03   3.3460306e+03   2.8074939e+03   1.9686329e+03   2.9250865e+03   2.7189872e+03   2.7413991e+03   3.7139225e+03   3.4986508e+03   2.2458494e+03   3.3385204e+03   3.4212120e+03   3.4475712e+03   3.1905535e+03   2.8325519e+03   2.0461342e+03   3.0650287e+03   3.2342929e+03   3.5752262e+03   3.5448120e+03   3.2758576e+03   3.6106677e+03   2.8358995e+03
   2.7411403e+03   3.0070882e+03   2.9298927e+03   1.7937557e+03   3.3412285e+03   3.7420872e+03   1.9848921e+03   2.5954008e+03   3.0430553e+03   2.8074939e+03   1.9686329e+03   2.6001184e+03   2.7189872e+03   2.7413991e+03   3.0394431e+03   2.2293515e+03   2.0809984e+03   3.2050668e+03   3.1821933e+03   3.2030879e+03   3.1905535e+03   2.8325519e+03   2.0461342e+03   2.5480170e+03   2.8064628e+03   3.3759506e+03   1.9305344e+03   2.5272238e+03   3.5511239e+03   2.6634525e+03
   2.7411403e+03   2.8038105e+03   2.8920779e+03   1.7937557e+03   2.0613474e+03   3.1465262e+03   1.9848921e+03   2.5954008e+03   2.2279863e+03   2.8074939e+03   1.9091187e+03   2.0926795e+03   2.7189872e+03   2.7413991e+03   2.8408160e+03   2.2293515e+03   1.7282254e+03   2.6433898e+03   2.1721333e+03   2.9740984e+03   3.0020713e+03   2.8325519e+03   2.0461342e+03   2.5480170e+03   2.5350825e+03   3.3759506e+03   1.9305344e+03   2.2017395e+03   3.1095034e+03   2.1730848e+03
   2.4271029e+03   2.5270567e+03   2.8920779e+03   1.7937557e+03   2.0155815e+03   2.5124724e+03   1.9848921e+03   2.5954008e+03   2.2279863e+03   2.3082824e+03   1.9091187e+03   2.0926795e+03   2.5351557e+03   2.5678386e+03   2.4866530e+03   2.1649475e+03   1.7282254e+03   2.6433898e+03   2.1721333e+03   2.1291105e+03   2.7180658e+03   2.4871458e+03   2.0385508e+03   2.1247930e+03   2.1773127e+03   2.8209017e+03   1.9305344e+03   2.2017395e+03   2.7257287e+03   1.8373031e+03
   2.2644549e+03   2.0706315e+03   2.5793432e+03   1.7937557e+03   1.8074664e+03   2.5124724e+03   1.8796637e+03   2.4274698e+03   2.2279863e+03   2.1068509e+03   1.9091187e+03   2.0926795e+03   2.3046899e+03   2.1703455e+03   2.4866530e+03   2.0416131e+03   1.7282254e+03   2.5841685e+03   2.1721333e+03   2.0386129e+03   2.5832202e+03   2.1171712e+03   2.0385508e+03   2.1090406e+03   2.1383324e+03   2.3917556e+03   1.7083914e+03   2.2017395e+03   2.4759788e+03   1.8129076e+03
   2.1723440e+03   2.0706315e+03   2.3725918e+03   1.7937557e+03   1.8074664e+03   2.0453078e+03   1.8796637e+03   2.3673769e+03   1.7951946e+03   2.1068509e+03   1.5296296e+03   2.0926795e+03   2.1619184e+03   2.1381425e+03   2.2603623e+03   2.0416131e+03   1.3239231e+03   2.3496461e+03   1.9094554e+03   1.9292493e+03   1.9944314e+03   2.0968162e+03   2.0385508e+03   2.0806874e+03   1.2828055e+03   2.2847470e+03   1.7083914e+03   1.9004812e+03   2.4759788e+03   1.8129076e+03
   7.5908966e+02   1.0253392e+03   1.2568937e+03   8.6117737e+02   7.9359895e+02   8.3490963e+02   8.6349077e+02   8.1948544e+02   7.3934161e+02   1.0947533e+03   9.0978811e+02   9.7235794e+02   6.2042790e+02   1.1274133e+03   1.1415247e+03   7.8721865e+02   8.0897425e+02   1.0799279e+03   1.0823525e+03   9.6936649e+02   1.1946028e+03   1.0094211e+03   1.0129899e+03   9.1709389e+02   8.5954986e+02   1.0289848e+03   1.0762959e+03   9.9384057e+02   1.1858223e+03   9.2679772e+02
   2.8010031e+02   2.7593281e+02   2.7105116e+02   2.4563288e+02   2.6626609e+02   2.7074474e+02   2.4098783e+02   2.3609974e+02   3.0204536e+02   3.1156009e+02   2.4878754e+02   2.5689688e+02   2.6273502e+02   2.3134612e+02   2.7476586e+02   2.8291723e+02   2.4816707e+02   3.0039794e+02   2.8387487e+02   2.5325995e+02   2.8579844e+02   2.5412988e+02   2.7347836e+02   2.4906304e+02   2.7681346e+02   2.0198489e+02   2.7595934e+02   2.8689655e+02   2.6327452e+02   2.5941786e+02
   1.3169669e+02   1.3322222e+02   1.2712989e+02   1.3344299e+02   1.3199288e+02   1.3204671e+02   1.2829542e+02   1.2647126e+02   1.2952398e+02   1.3315191e+02   1.3107002e+02   1.3325414e+02   1.3224650e+02   1.3129548e+02   1.3273791e+02   1.2727778e+02   1.2626308e+02   1.2814482e+02   1.3351629e+02   1.2666721e+02   1.3078740e+02   1.2707696e+02   1.2885751e+02   1.2651154e+02   1.3314182e+02   1.3474112e+02   1.2968381e+02   1.3277903e+02   1.2568321e+02   1.2661034e+02
   1.1028052e+02   1.0997075e+02   1.1077078e+02   1.1116505e+02   1.0943683e+02   1.1029751e+02   1.1047205e+02   1.1068987e+02   1.0957962e+02   1.1119544e+02   1.1077811e+02   1.1058565e+02   1.1100200e+02   1.1079988e+02   1.1081645e+02   1.1099287e+02   1.0929717e+02   1.1051396e+02   1.1148935e+02   1.1072792e+02   1.1120015e+02   1.1076836e+02   1.1088313e+02   1.0913590e+02   1.1130076e+02   1.1134404e+02   1.1133966e+02   1.1127975e+02   1.1089764e+02   1.1092870e+02
   1.0003686e+02   1.0003211e+02   1.0003487e+02   1.0004248e+02   1.0002488e+02   1.0002739e+02   1.0002627e+02   1.0003023e+02   1.0002951e+02   1.0003697e+02   1.0003179e+02   1.0003098e+02   1.0004004e+02   1.0002548e+02   1.0004293e+02   1.0004447e+02   1.0002431e+02   1.0003029e+02   1.0004786e+02   1.0003074e+02   1.0004910e+02   1.0002774e+02   1.0003224e+02   1.0002690e+02   1.0002838e+02   1.0004263e+02   1.0003418e+02   1.0003816e+02   1.0003414e+02   1.0005008e+02
   1.0000000e+02   1.0000000e+02   1.0000000e+02   1.0000000e+02   1.0000000e+02   1.0000000e+02   1.0000000e+02   1.0000000e+02   1.0000000e+02   1.0000000e+02   1.0000000e+02   1.0000000e+02   1.0000000e+02   1.0000000e+02   1.0000000e+02   1.0000000e+02   1.0000000e+02   1.0000000e+02   1.0000000e+02   1.0000000e+02   1.0000000e+02   1.0000000e+02   1.0000000e+02   1.0000000e+02   1.0000000e+02   1.0000000e+02   1.0000000e+02   1.0000000e+02   1.0000000e+02   1.0000000e+02
   1.0000000e+02   1.0000000e+02   1.0000000e+02   1.0000000e+02   1.0000000e+02   1.0000000e+02   1.0000000e+02   1.0000000e+02   1.0000000e+02   1.0000000e+02   1.0000000e+02   1.0000000e+02   1.0000000e+02   1.0000000e+02   1.0000000e+02   1.0000000e+02   1.0000000e+02   1.0000000e+02   1.0000000e+02   1.0000000e+02   1.0000000e+02   1.0000000e+02   1.0000000e+02   1.0000000e+02   1.0000000e+02   1.0000000e+02   1.0000000e+02   1.0000000e+02   1.0000000e+02   1.0000000e+02
