   7.7286205e+06   1.1541822e+07   5.4738197e+06   8.7023592e+06   5.1594148e+06   1.0769957e+07   1.5386942e+07   2.5547084e+06   3.7087379e+06   2.3878515e+06   1.3291720e+07   3.4631889e+06   4.2474011e+06   1.4271738e+07   1.2983191e+07   4.0118835e+06   1.5446477e+07   4.0645852e+06   3.0796969e+06   5.6920209e+06   7.4141069e+06   2.1069520e+06   2.4859879e+06   1.1644808e+07   3.0902409e+06   8.0582953e+05   5.1279184e+06   3.6980460e+06   3.8045370e+06   8.5501367e+06
   7.7286205e+06   1.1209574e+07   2.9513167e+06   2.9067945e+06   5.1594148e+06   3.0014509e+05   1.1506003e+07   1.4403462e+06   3.7087379e+06   2.3878515e+06   4.7507677e+06   3.4631889e+06   4.2474011e+06   1.3704950e+05   5.2846037e+05   4.0118835e+06   7.0528189e+06   3.1990920e+06   2.9151034e+06   3.5600762e+06   1.6249542e+06   2.1069520e+06   2.4859879e+06   1.0430302e+07   3.0902409e+06   8.0582953e+05   2.8484470e+06   3.6980460e+06   2.3655928e+06   8.5501367e+06
   4.9162683e+06   1.0026624e+06   2.9513167e+06   2.4084951e+06   5.1594148e+06   3.0014509e+05   9.5450584e+06   1.4403462e+06   3.7087379e+06   2.3210806e+06   1.7126985e+06   3.4631889e+06   6.6874141e+05   1.3704950e+05   5.2846037e+05   4.0118835e+06   6.5849857e+06   3.1990920e+06   2.9151034e+06   3.5600762e+06   1.6249542e+06   2.1069520e+06   2.4859879e+06   3.3985716e+06   3.0902409e+06   8.0582953e+05   2.8484470e+06   3.6980460e+06   1.5125721e+06   6.0750137e+06
   4.9162683e+06   1.0026624e+06   2.9513167e+06   8.7771172e+05   3.8775132e+06   3.0014509e+05   1.2328354e+06   1.4403462e+06   3.7087379e+06   2.3210806e+06   1.4383706e+06   1.7890504e+06   6.6874141e+05   1.3704950e+05   5.2846037e+05   2.7807631e+06   5.1705954e+06   1.1153275e+06   2.9151034e+06   2.5069403e+06   1.6249542e+06   2.1069520e+06   2.4359425e+06   3.3985716e+06   8.2787709e+05   8.0582953e+05   2.8484470e+06   2.5193301e+06   1.5125721e+06   3.4249553e+06
   8.0887809e+05   1.0026624e+06   2.9513167e+06   8.7771172e+05   2.5049159e+06   3.0014509e+05   1.2328354e+06   1.4403462e+06   2.8130200e+06   2.3210806e+06   1.4383706e+06   1.4422531e+06   6.6874141e+05   1.3704950e+05   5.2846037e+05   2.4682930e+06   3.1474171e+06   1.1153275e+06   7.7442385e+05   1.5212211e+06   9.2088023e+05   2.1069520e+06   2.4359425e+06   1.9870783e+06   3.0808400e+05   8.0582953e+05   1.0388822e+06   9.4489604e+05   1.5125721e+06   1.1290873e+06
   8.0887809e+05   1.0026624e+06   2.9513167e+06   8.7771172e+05   1.3404611e+06   3.0014509e+05   9.6204938e+05   1.4403462e+06   2.2338904e+06   2.3210806e+06   9.8303658e+05   1.4422531e+06   6.6874141e+05   1.3704950e+05   5.2846037e+05   2.2292397e+06   1.5804257e+06   1.1153275e+06   7.7442385e+05   6.1853605e+05   9.2088023e+05   2.1069520e+06   1.5264822e+06   8.0069458e+05   3.0808400e+05   8.0582953e+05   1.0388822e+06   9.4489604e+05   1.5125721e+06   1.1290873e+06
   8.0887809e+05   4.0200468e+05   1.1742698e+06   8.7771172e+05   1.3346544e+06   3.0014509e+05   9.6204938e+05   1.4403462e+06   1.1332029e+06   1.7623291e+06   9.8303658e+05   1.4422531e+06   6.6874141e+05   1.3704950e+05   5.2846037e+05   2.2292397e+06   1.5804257e+06   1.1153275e+06   7.7442385e+05   6.1853605e+05   9.2088023e+05   1.4406099e+06   1.3919583e+06   8.0069458e+05   3.0808400e+05   8.0582953e+05   6.4525327e+05   9.4489604e+05   1.1137395e+06   1.1290873e+06
   3.2118475e+05   4.0200468e+05   8.6461480e+05   8.7771172e+05   1.3346544e+06   3.0014509e+05   3.3545758e+05   1.4403462e+06   1.1332029e+06   1.6028353e+06   5.7280792e+05   1.4422531e+06   3.5913726e+05   1.3704950e+05   5.2846037e+05   8.7887449e+05   1.0197704e+06   1.1153275e+06   7.7442385e+05   6.1853605e+05   9.2088023e+05   8.9794743e+05   1.3919583e+06   8.0069458e+05   3.0808400e+05   8.0582953e+05   6.4525327e+05   9.4489604e+05   1.1137395e+06   1.1290873e+06
   3.2118475e+05   4.0200468e+05   3.4749287e+05   8.3558000e+05   1.3346544e+06   3.0014509e+05   3.3545758e+05   1.4403462e+06   1.1332029e+06   1.6028353e+06   5.3057454e+05   1.4422531e+06   3.5913726e+05   1.3704950e+05   4.1200709e+05   8.7887449e+05   1.0197704e+06   1.0372457e+06   4.7706801e+05   6.1853605e+05   9.2088023e+05   4.3764384e+05   1.0532581e+06   8.0069458e+05   3.0808400e+05   6.1280642e+05   6.4525327e+05   9.4489604e+05   1.1137395e+06   1.1290873e+06
   2.8078770e+05   2.2182945e+05   3.3190823e+05   2.9021413e+05   4.7753353e+05   3.0014509e+05   3.3545758e+05   6.2512738e+05   6.5672563e+04   1.4292916e+05   2.6115742e+05   1.0428686e+05   1.2679102e+05   1.3704950e+05   9.5806290e+04   1.3368153e+05   3.9725169e+05   2.1906631e+05   7.5037109e+04   2.7268989e+05   3.0430816e+05   1.7784826e+05   2.1569499e+05   4.3255122e+05   3.0808400e+05   3.7019586e+05   3.3718198e+05   3.2926090e+05   1.9538231e+05   4.1722063e+05
   4.1025217e+04   1.0145684e+05   8.6551414e+04   5.6617022e+04   9.1824219e+04   6.9145923e+04   6.7659347e+04   4.7290206e+04   2.8373924e+04   4.9989692e+04   5.7157334e+04   6.6743645e+04   3.9717995e+04   3.7802255e+04   3.4551078e+04   6.1856315e+04   4.8152711e+04   5.5005605e+04   7.0568069e+04   6.9498391e+04   7.9116338e+04   5.1333913e+04   5.5657130e+04   1.3783691e+05   1.2411301e+05   8.4218802e+04   5.0244993e+04   1.1508108e+05   4.9390819e+04   7.9162485e+04
   5.8900694e+03   5.9683739e+03   7.5862929e+03   6.5382835e+03   7.2703969e+03   7.5971395e+03   8.0600257e+03   6.3316076e+03   5.9307107e+03   3.7485705e+03   7.1158172e+03   5.7732598e+03   2.5449655e+03   7.6119585e+03   6.0527882e+03   7.2528367e+03   6.4546406e+03   4.4694877e+03   7.4539989e+03   4.0882911e+03   6.2876124e+03   2.6531868e+03   4.4620937e+03   7.4345227e+03   6.9130734e+03   5.2316840e+03   5.8101747e+03   6.8082399e+03   6.4893132e+03   5.3748496e+03
   5.1765059e+02   3.4217272e+02   4.9066837e+02   4.5677768e+02   4.7095658e+02   6.5890617e+02   5.4407470e+02   3.0193985e+02   5.7057450e+02   5.2006895e+02   4.4383239e+02   4.4785205e+02   3.9752053e+02   5.1829884e+02   4.9022654e+02   3.1821519e+02   5.2362774e+02   4.9461480e+02   5.1812580e+02   4.3020804e+02   4.4599367e+02   5.8519600e+02   5.5610349e+02   4.8569079e+02   5.3596792e+02   4.8839301e+02   4.1382475e+02   3.5210493e+02   3.5505128e+02   6.7317550e+02
   1.8875087e+02   1.7116353e+02   2.0267881e+02   2.2157702e+02   1.4504872e+02   2.2221949e+02   2.2312566e+02   1.6313621e+02   2.4524849e+02   2.4670087e+02   2.0249107e+02   2.0999053e+02   2.5398294e+02   1.3960229e+02   1.5615343e+02   9.7042310e+01   2.0324547e+02   1.7801589e+02   1.7209419e+02   2.0418659e+02   1.6215850e+02   1.9220508e+02   1.9881877e+02   1.6073613e+02   1.0076291e+02   1.8704007e+02   1.9343847e+02   1.8055438e+02   1.0768464e+02   2.4263377e+02
   1.0555874e+02   8.4583980e+01   3.9072963e+01   7.6975281e+01   8.5728143e+01   8.4830483e+01   8.5813645e+01   4.8472535e+01   7.4015209e+01   6.1450248e+01   7.5326310e+01   6.3148417e+01   8.7431303e+01   7.0526923e+01   6.2016578e+01   6.9516250e+01   6.2569854e+01   6.8094691e+01   9.2226731e+01   1.0500037e+02   7.3663930e+01   8.2562854e+01   9.4839514e+01   6.6124491e+01   6.5649927e+01   5.2669127e+01   9.7624076e+01   6.8115072e+01   8.4903716e+01   8.3331614e+01
   2.1843980e-02   4.7654664e-02   4.9037532e-02   5.2393427e-02   5.5797350e-02   6.2472456e-02   6.6901380e-02   7.2683359e-02   7.3944580e-02   8.0852987e-02   8.2299940e-02   8.3292859e-02   8.5385899e-02   9.6391674e-02   9.8249840e-02   1.0596955e-01   1.0967763e-01   1.2250827e-01   1.2317343e-01   1.2352557e-01   1.2640324e-01   1.3219422e-01   1.4016124e-01   1.4249818e-01   1.4719296e-01   1.7820668e-01   1.8821345e-01   2.0375869e-01   2.5259432e-01   2.6091841e-01
