   1.2710546e+05   1.5338316e+05   1.0555848e+05   1.0135410e+05   1.1644372e+05   6.6008748e+04   1.0490842e+05   8.5952207e+03   7.5324234e+04   6.8740458e+04   1.4099810e+05   1.1811256e+05   3.3655015e+04   1.6150939e+05   1.5903383e+05   1.2874509e+05   1.5508673e+05   2.0940714e+05   1.9666737e+05   1.2309116e+05   8.6489857e+04   1.3567584e+05   8.7845351e+04   1.6583989e+05   4.1236259e+04   1.6629609e+05   1.3324674e+05   1.2972475e+05   1.6881626e+05   9.7512304e+04
   1.4416954e+01   9.6534112e+00   1.8721722e-01   3.7958790e-03   1.2536381e+01   1.1350014e+01   1.6230207e+01   1.6317675e+01   4.8055263e-07   1.0868664e-01   5.8575004e+00   1.3357716e+01   1.7273977e+01   1.6927064e+01   1.4036893e+01   1.6839317e+01   1.4154824e+01   1.4572211e-01   7.8239243e-02   1.4558303e+01   2.3883208e-03   3.7055744e-04   1.6780575e+01   9.9674842e+00   9.9290068e+00   3.7985140e+00   1.5799817e+01   3.9753438e+00   1.2838627e+01   1.1437184e+00
   7.2425592e+00   3.0451955e-03   1.8721722e-01   3.7958790e-03   2.1958554e-02   6.1236814e+00   4.6298844e+00   4.9440954e+00   2.3790477e-07   1.0868664e-01   2.0706380e+00   2.7115967e+00   5.0022557e+00   3.9357956e-06   4.4072075e-03   1.4800537e-02   3.2186528e+00   1.4572211e-01   7.8239243e-02   1.7082012e+00   2.3883208e-03   3.7055744e-04   4.6303528e-01   2.5599942e-01   8.2774693e+00   2.7760769e-02   8.8695753e-03   4.2392851e-03   1.0803165e-06   4.7016100e-05
   2.2070248e+00   2.4119113e-03   1.8721722e-01   7.3044109e-04   2.1958554e-02   1.6093191e+00   2.9832899e-01   7.8264601e-01   2.3790477e-07   1.0868664e-01   1.0283017e+00   1.2624731e-01   2.5249271e+00   3.9357956e-06   0.0000000e+00   1.4800537e-02   4.6254711e-04   5.8376726e-04   7.8239243e-02   1.7082012e+00   2.3883208e-03   7.9401812e-07   1.0755462e-01   2.5599942e-01   4.3259586e-02   4.0282389e-03   8.8695753e-03   4.2392851e-03   1.0803165e-06   4.7016100e-05
   7.4913127e-03   2.4119113e-03   1.1673443e-01   3.6193241e-04   2.1958554e-02   5.3994649e-01   4.8228584e-06   7.8264601e-01   2.3790477e-07   1.0868664e-01   1.3334597e-02   1.2624731e-01   4.6828823e-01   3.9357956e-06   0.0000000e+00   1.4800537e-02   4.6254711e-04   5.8376726e-04   7.8239243e-02   1.7082012e+00   1.2687417e-04   7.9401812e-07   1.0722838e-02   1.8745775e-01   4.3259586e-02   1.7640470e-03   8.8695753e-03   4.2392851e-03   1.0803165e-06   4.7016100e-05
   7.4913127e-03   1.2364758e-04   1.1673443e-01   1.3173288e-06   2.6781027e-03   6.9753115e-02   4.8228584e-06   2.5193159e-01   2.3790477e-07   2.7599499e-02   9.7658259e-04   9.4458845e-02   5.5496275e-02   3.9357956e-06   0.0000000e+00   1.4800537e-02   4.6254711e-04   2.5842134e-05   1.2979859e-02   5.1282702e-01   1.2687417e-04   7.9401812e-07   1.6756378e-05   2.6597992e-05   3.4586125e-02   9.9227975e-04   8.8695753e-03   4.4845120e-07   1.0803165e-06   4.7016100e-05
   7.4913127e-03   1.2364758e-04   1.3352369e-03   1.3173288e-06   2.6781027e-03   0.0000000e+00   4.8228584e-06   2.1000495e-03   2.3790477e-07   2.0587452e-06   9.7658259e-04   2.0320495e-03   1.0146337e-03   3.9357956e-06   0.0000000e+00   2.8215619e-04   1.6967477e-04   3.6485141e-08   2.1530675e-03   1.0413682e-03   2.0840882e-08   7.9401812e-07   2.1461921e-07   2.6597992e-05   4.1718768e-04   3.6588491e-07   1.3113443e-03   4.4845120e-07   9.6671549e-07   4.7016100e-05
   6.4027311e-06   1.2364758e-04   6.1472739e-05   1.3173288e-06   9.6850967e-05   0.0000000e+00   2.8062288e-06   0.0000000e+00   2.3790477e-07   2.0587452e-06   3.4328087e-04   2.7133436e-05   3.0402749e-05   3.9357956e-06   0.0000000e+00   2.8215619e-04   1.6967477e-04   3.6485141e-08   8.5766989e-04   4.5382003e-07   2.0840882e-08   7.9401812e-07   2.1461921e-07   2.6597992e-05   6.6059768e-08   3.6588491e-07   3.4787553e-04   4.4845120e-07   9.6671549e-07   5.6022907e-06
   6.4027311e-06   1.2364758e-04   6.1472739e-05   9.6951461e-07   9.6850967e-05   0.0000000e+00   2.8062288e-06   0.0000000e+00   2.3790477e-07   2.0587452e-06   0.0000000e+00   9.0238181e-07   3.0794151e-06   3.9357956e-06   0.0000000e+00   1.6083446e-04   7.3661124e-05   3.6485141e-08   6.2365279e-06   3.8451419e-07   0.0000000e+00   7.2833780e-08   2.1461921e-07   9.6531015e-06   6.6059768e-08   3.6588491e-07   0.0000000e+00   4.4845120e-07   9.6671549e-07   5.6022907e-06
   0.0000000e+00   0.0000000e+00   0.0000000e+00   0.0000000e+00   0.0000000e+00   0.0000000e+00   0.0000000e+00   0.0000000e+00   0.0000000e+00   0.0000000e+00   0.0000000e+00   0.0000000e+00   0.0000000e+00   0.0000000e+00   0.0000000e+00   0.0000000e+00   0.0000000e+00   0.0000000e+00   0.0000000e+00   0.0000000e+00   0.0000000e+00   0.0000000e+00   0.0000000e+00   0.0000000e+00   0.0000000e+00   0.0000000e+00   0.0000000e+00   0.0000000e+00   0.0000000e+00   0.0000000e+00
   0.0000000e+00   0.0000000e+00   0.0000000e+00   0.0000000e+00   0.0000000e+00   0.0000000e+00   0.0000000e+00   0.0000000e+00   0.0000000e+00   0.0000000e+00   0.0000000e+00   0.0000000e+00   0.0000000e+00   0.0000000e+00   0.0000000e+00   0.0000000e+00   0.0000000e+00   0.0000000e+00   0.0000000e+00   0.0000000e+00   0.0000000e+00   0.0000000e+00   0.0000000e+00   0.0000000e+00   0.0000000e+00   0.0000000e+00   0.0000000e+00   0.0000000e+00   0.0000000e+00   0.0000000e+00
   0.0000000e+00   0.0000000e+00   0.0000000e+00   0.0000000e+00   0.0000000e+00   0.0000000e+00   0.0000000e+00   0.0000000e+00   0.0000000e+00   0.0000000e+00   0.0000000e+00   0.0000000e+00   0.0000000e+00   0.0000000e+00   0.0000000e+00   0.0000000e+00   0.0000000e+00   0.0000000e+00   0.0000000e+00   0.0000000e+00   0.0000000e+00   0.0000000e+00   0.0000000e+00   0.0000000e+00   0.0000000e+00   0.0000000e+00   0.0000000e+00   0.0000000e+00   0.0000000e+00   0.0000000e+00
   0.0000000e+00   0.0000000e+00   0.0000000e+00   0.0000000e+00   0.0000000e+00   0.0000000e+00   0.0000000e+00   0.0000000e+00   0.0000000e+00   0.0000000e+00   0.0000000e+00   0.0000000e+00   0.0000000e+00   0.0000000e+00   0.0000000e+00   0.0000000e+00   0.0000000e+00   0.0000000e+00   0.0000000e+00   0.0000000e+00   0.0000000e+00   0.0000000e+00   0.0000000e+00   0.0000000e+00   0.0000000e+00   0.0000000e+00   0.0000000e+00   0.0000000e+00   0.0000000e+00   0.0000000e+00
   0.0000000e+00   0.0000000e+00   0.0000000e+00   0.0000000e+00   0.0000000e+00   0.0000000e+00   0.0000000e+00   0.0000000e+00   0.0000000e+00   0.0000000e+00   0.0000000e+00   0.0000000e+00   0.0000000e+00   0.0000000e+00   0.0000000e+00   0.0000000e+00   0.0000000e+00   0.0000000e+00   0.0000000e+00   0.0000000e+00   0.0000000e+00   0.0000000e+00   0.0000000e+00   0.0000000e+00   0.0000000e+00   0.0000000e+00   0.0000000e+00   0.0000000e+00   0.0000000e+00   0.0000000e+00
   0.0000000e+00   0.0000000e+00   0.0000000e+00   0.0000000e+00   0.0000000e+00   0.0000000e+00   0.0000000e+00   0.0000000e+00   0.0000000e+00   0.0000000e+00   0.0000000e+00   0.0000000e+00   0.0000000e+00   0.0000000e+00   0.0000000e+00   0.0000000e+00   0.0000000e+00   0.0000000e+00   0.0000000e+00   0.0000000e+00   0.0000000e+00   0.0000000e+00   0.0000000e+00   0.0000000e+00   0.0000000e+00   0.0000000e+00   0.0000000e+00   0.0000000e+00   0.0000000e+00   0.0000000e+00
   0.0000000e+00   0.0000000e+00   0.0000000e+00   0.0000000e+00   0.0000000e+00   0.0000000e+00   0.0000000e+00   0.0000000e+00   0.0000000e+00   0.0000000e+00   0.0000000e+00   0.0000000e+00   0.0000000e+00   0.0000000e+00   0.0000000e+00   0.0000000e+00   0.0000000e+00   0.0000000e+00   0.0000000e+00   0.0000000e+00   0.0000000e+00   0.0000000e+00   0.0000000e+00   0.0000000e+00   0.0000000e+00   0.0000000e+00   0.0000000e+00   0.0000000e+00   0.0000000e+00   0.0000000e+00
