   1.0432435e+03   1.1595564e+03   1.2222056e+03   1.0128580e+03   1.1405584e+03   1.1417448e+03   1.0068635e+03   1.0315641e+03   1.1328855e+03   1.1821887e+03   1.2638643e+03   1.1815488e+03   9.7384350e+02   9.3664997e+02   1.1030899e+03   8.5157954e+02   1.0874759e+03   1.2182724e+03   9.9958076e+02   1.1387936e+03   1.1353680e+03   1.0756078e+03   1.2670712e+03   1.0172615e+03   1.0935322e+03   1.0656319e+03   1.1194879e+03   9.6446931e+02   1.0621180e+03   1.1918166e+03
   4.3287824e+02   6.7099791e+02   4.5210704e+02   7.3602752e+02   5.6548783e+02   6.6129377e+02   6.3799448e+02   5.4357808e+02   5.9461865e+02   6.4803758e+02   5.6599813e+02   5.5877472e+02   4.4360470e+02   4.7027729e+02   2.3769901e+02   6.1592760e+02   2.9650472e+02   7.7110294e+02   6.6569020e+02   5.4232190e+02   6.1753567e+02   6.0347946e+02   6.7343520e+02   6.0077831e+02   6.6951130e+02   3.9869195e+02   5.6381583e+02   6.4725984e+02   4.4295125e+02   8.3807186e+02
   4.3287824e+02   5.5353226e+02   3.3930462e+02   5.0415839e+02   3.8968318e+02   5.1517047e+02   3.0455854e+02   2.8353467e+02   5.9461865e+02   2.1315115e+02   2.1120770e+02   4.6739140e+02   3.0665788e+02   3.7088058e+02   2.3769901e+02   2.8413770e+02   2.9487652e+02   5.2766276e+02   4.4537920e+02   3.0976669e+02   2.8496359e+02   5.8721675e+02   2.6018222e+02   5.2588672e+02   2.9031178e+02   3.4921595e+02   4.7916927e+02   2.1865439e+02   4.4295125e+02   5.7133574e+02
   3.6093568e+02   1.9755067e+02   3.3930462e+02   4.2496542e+02   2.1221168e+02   2.5800343e+02   1.6636995e+02   2.8353467e+02   2.2373597e+02   2.1315115e+02   2.1120770e+02   3.8857761e+02   3.0665788e+02   3.7088058e+02   2.3769901e+02   2.8413770e+02   2.9487652e+02   3.3890391e+02   4.0084168e+02   2.4896673e+02   2.8496359e+02   2.6516185e+02   2.6018222e+02   2.4166099e+02   2.9031178e+02   2.7558579e+02   2.1633512e+02   2.1865439e+02   3.2836182e+02   4.0882697e+02
   2.2129373e+02   1.7653811e+02   2.9511639e+02   3.0999219e+02   1.9062159e+02   2.5800343e+02   1.6636995e+02   2.8317415e+02   2.2373597e+02   2.0015701e+02   2.1120770e+02   2.5828389e+02   1.9362075e+02   2.5872450e+02   2.3769901e+02   2.8413770e+02   2.3374326e+02   2.8874328e+02   2.8737274e+02   2.2605710e+02   2.8496359e+02   2.5906288e+02   2.1807672e+02   2.2583169e+02   2.8281089e+02   2.6091009e+02   2.1633512e+02   2.1865439e+02   2.7235925e+02   3.3225527e+02
   2.1644037e+02   1.7653811e+02   2.0838901e+02   2.7198213e+02   1.9062159e+02   1.9009731e+02   1.6636995e+02   1.3771145e+02   2.2373597e+02   2.0015701e+02   2.1120770e+02   2.5461046e+02   1.8032005e+02   2.5006538e+02   2.3769901e+02   2.3345826e+02   2.3374326e+02   2.5462001e+02   2.5416934e+02   1.5974828e+02   2.4394165e+02   2.2697294e+02   2.1807672e+02   2.2583169e+02   2.4665856e+02   2.1275162e+02   1.9995532e+02   2.0263447e+02   2.4444260e+02   2.5769002e+02
   1.6818631e+02   1.5191406e+02   2.0838901e+02   2.5670270e+02   1.9062159e+02   1.5348098e+02   1.6636995e+02   1.3771145e+02   1.2446785e+02   2.0015701e+02   2.1116709e+02   2.1235592e+02   1.3515721e+02   1.7912863e+02   1.5860303e+02   1.5680530e+02   1.8949419e+02   2.0257494e+02   2.5066873e+02   9.5959035e+01   1.5323620e+02   1.8252658e+02   2.1807672e+02   9.3584982e+01   1.9510474e+02   2.0055572e+02   1.9995532e+02   2.0263447e+02   1.7405792e+02   1.4391257e+02
   1.0872916e+02   1.5191406e+02   1.8303604e+02   1.5819239e+02   7.9522693e+01   6.7341276e+01   1.2201810e+02   1.3771145e+02   1.2446785e+02   7.3190573e+01   9.7422625e+01   1.7962603e+02   9.7813111e+01   1.7912863e+02   1.0885334e+02   1.5680530e+02   1.3737910e+02   1.5355651e+02   1.4327159e+02   9.2083501e+01   1.1693478e+02   1.8252658e+02   1.5968206e+02   7.0640269e+01   6.8817593e+01   1.0436072e+02   1.6178274e+02   1.2827665e+02   1.7405792e+02   9.0509444e+01
   4.0263036e+01   4.9781415e+01   7.1232725e+01   5.6836677e+01   3.8950406e+01   2.9629628e+01   1.7668950e+01   6.3658684e+01   5.0231204e+01   4.8845889e+01   3.0258718e+01   5.2133048e+01   5.9550237e+01   9.1272350e+01   6.4976967e+01   7.9737527e+01   6.0351197e+01   3.6260794e+01   2.9629202e+01   3.8112530e+01   6.2710413e+01   4.9531273e+01   6.3097047e+01   3.6748249e+01   4.1637749e+01   6.6869773e+01   2.8892681e+01   4.4359398e+01   4.5455749e+01   4.3068226e+01
   6.4943036e+00   1.4963498e+00   9.7195394e+00   9.4174442e+00   9.8268979e+00   1.1147489e+01   8.3385755e+00   1.9480500e+01   1.1460924e+01   6.9190885e+00   7.5390026e+00   1.5618706e+01   4.6827024e+00   9.1053675e+00   6.6320663e+00   7.3249782e+00   3.6089682e+00   1.1517412e+00   7.3068852e+00   4.3908396e+00   6.3300932e+00   1.0180352e+01   4.5489150e+00   6.0743278e+00   7.5096064e+00   9.2581715e+00   2.0860603e+01   8.2185583e+00   1.6216351e+00   8.7536161e+00
   2.4695552e-03   1.2256910e-02   8.2657748e-04   1.0045267e-02   5.2233494e-03   4.8064310e-03   2.6351989e-03   3.4051719e-02   5.8906157e-03   1.6526539e-02   1.4747524e-02   6.5375093e-03   2.1140975e-02   2.3227827e-02   1.7894767e-02   1.1676149e-02   3.9283040e-03   1.9086288e-03   2.4237021e-02   1.2474096e-02   9.2046605e-04   5.8879524e-03   1.8058448e-02   1.5082899e-02   3.5684065e-04   3.3374297e-03   1.3151041e-02   1.0559806e-02   2.7691895e-03   6.3162779e-03
   0.0000000e+00   0.0000000e+00   0.0000000e+00   0.0000000e+00   0.0000000e+00   1.4329053e-08   1.1553110e-08   0.0000000e+00   0.0000000e+00   0.0000000e+00   0.0000000e+00   0.0000000e+00   0.0000000e+00   0.0000000e+00   0.0000000e+00   1.4927433e-08   0.0000000e+00   0.0000000e+00   0.0000000e+00   0.0000000e+00   0.0000000e+00   1.4317626e-08   0.0000000e+00   0.0000000e+00   0.0000000e+00   1.3886284e-08   0.0000000e+00   0.0000000e+00   0.0000000e+00   0.0000000e+00
   0.0000000e+00   0.0000000e+00   0.0000000e+00   0.0000000e+00   0.0000000e+00   0.0000000e+00   0.0000000e+00   0.0000000e+00   0.0000000e+00   0.0000000e+00   0.0000000e+00   0.0000000e+00   0.0000000e+00   0.0000000e+00   0.0000000e+00   0.0000000e+00   0.0000000e+00   0.0000000e+00   0.0000000e+00   0.0000000e+00   0.0000000e+00   0.0000000e+00   0.0000000e+00   0.0000000e+00   0.0000000e+00   0.0000000e+00   0.0000000e+00   0.0000000e+00   0.0000000e+00   0.0000000e+00
   0.0000000e+00   0.0000000e+00   0.0000000e+00   0.0000000e+00   0.0000000e+00   0.0000000e+00   0.0000000e+00   0.0000000e+00   0.0000000e+00   0.0000000e+00   0.0000000e+00   0.0000000e+00   0.0000000e+00   0.0000000e+00   0.0000000e+00   0.0000000e+00   0.0000000e+00   0.0000000e+00   0.0000000e+00   0.0000000e+00   0.0000000e+00   0.0000000e+00   0.0000000e+00   0.0000000e+00   0.0000000e+00   0.0000000e+00   0.0000000e+00   0.0000000e+00   0.0000000e+00   0.0000000e+00
   0.0000000e+00   0.0000000e+00   0.0000000e+00   0.0000000e+00   0.0000000e+00   0.0000000e+00   0.0000000e+00   0.0000000e+00   0.0000000e+00   0.0000000e+00   0.0000000e+00   0.0000000e+00   0.0000000e+00   0.0000000e+00   0.0000000e+00   0.0000000e+00   0.0000000e+00   0.0000000e+00   0.0000000e+00   0.0000000e+00   0.0000000e+00   0.0000000e+00   0.0000000e+00   0.0000000e+00   0.0000000e+00   0.0000000e+00   0.0000000e+00   0.0000000e+00   0.0000000e+00   0.0000000e+00
   0.0000000e+00   0.0000000e+00   0.0000000e+00   0.0000000e+00   0.0000000e+00   0.0000000e+00   0.0000000e+00   0.0000000e+00   0.0000000e+00   0.0000000e+00   0.0000000e+00   0.0000000e+00   0.0000000e+00   0.0000000e+00   0.0000000e+00   0.0000000e+00   0.0000000e+00   0.0000000e+00   0.0000000e+00   0.0000000e+00   0.0000000e+00   0.0000000e+00   0.0000000e+00   0.0000000e+00   0.0000000e+00   0.0000000e+00   0.0000000e+00   0.0000000e+00   0.0000000e+00   0.0000000e+00
