   1.1948818e+05   1.4277760e+05   1.4892383e+05   1.2418889e+05   1.5241081e+05   1.3476906e+05   5.4261017e+04   1.3203812e+05   1.4421795e+05   2.0544601e+05   1.8309870e+05   2.5726870e+05   2.0017777e+05   3.0440797e+05   2.4733341e+05   1.3605463e+05   1.9458419e+05   2.4694168e+04   2.3172679e+05   1.0683634e+05   1.4506562e+05   2.6154623e+05   1.5147629e+05   7.7840792e+04   8.6998239e+04   2.3361684e+05   1.3105759e+05   1.9076663e+05   1.4637072e+05   2.1103616e+05
   3.1875954e+03   9.4356014e+03   1.0742420e+03   9.9859682e+03   6.4123868e+03   9.3460975e+03   1.1100500e+03   3.3417221e+04   2.3205264e+03   1.4260655e+04   4.7981337e+03   9.3296658e+03   2.9451681e+04   5.9603667e+01   6.3040972e+02   1.0426527e+04   8.5432030e+03   9.2317841e+03   1.9414944e+03   1.5661366e+04   1.4689660e+04   3.9378949e+04   8.9951799e+03   8.4635254e+02   1.1414622e+04   4.5185820e+04   1.0227645e+04   5.2478406e+04   1.3278739e+04   7.5034049e+03
   1.8870142e+03   2.6625179e+03   1.0742420e+03   2.3976621e+03   6.4123868e+03   1.9982059e+02   1.1100500e+03   5.7099077e+03   2.3205264e+03   6.9988153e+02   4.7981337e+03   4.4519630e+03   6.9236161e+02   5.9603667e+01   6.3040972e+02   4.0076094e+03   4.0240295e+03   3.6725530e+03   6.2178325e+02   9.7797564e+01   6.2960664e+02   3.0459557e+03   3.3737115e+03   8.3640068e+02   1.9099800e+03   5.2849697e+03   5.7489070e+03   2.9435183e+03   1.7698213e+03   3.0096642e+02
   1.7281817e+03   4.3438728e+02   4.3156714e+01   2.3976621e+03   4.2172147e+02   1.1925717e+02   1.1100500e+03   1.3577297e+03   1.4827588e+03   6.9988153e+02   2.6537239e+02   2.3238223e+03   3.1332781e+02   5.9603667e+01   6.3040972e+02   2.1906289e+03   1.1674476e+03   1.2317156e+03   3.9976693e+02   9.7797564e+01   6.2960664e+02   6.6945086e+01   9.9142483e+02   8.3640068e+02   4.7653736e+02   1.9474088e+02   6.8601751e+02   9.2259494e+02   1.8887522e+02   1.7494179e+02
   2.4583661e+02   3.1956700e+02   4.3156714e+01   3.0382711e+02   1.5602722e+02   1.1925717e+02   8.2883064e+01   8.6115021e+02   3.2863936e+02   1.0834083e+02   2.6537239e+02   1.4174063e+03   3.1332781e+02   1.8554019e+01   2.5140192e+02   3.0741631e+02   1.7640800e+02   1.3515190e+02   7.4422839e+01   9.7797564e+01   5.8501012e+02   6.6945086e+01   3.0446071e+01   3.5569488e+02   2.9460066e+01   1.5430774e+02   9.7623095e+01   2.0105197e+02   1.1476253e+02   1.7494179e+02
   1.3870127e+02   2.7396262e+01   4.3156714e+01   2.0533218e+01   2.9032375e+01   8.1095309e+01   5.1552592e+01   1.3049230e+02   5.8505397e+01   1.0133500e+02   1.1957211e+02   1.4684972e+02   1.1567527e+02   1.8554019e+01   1.1245967e+02   2.6409083e+01   1.3324603e+02   5.8573138e+01   7.4422839e+01   4.3946133e+01   2.4563972e+01   6.6945086e+01   3.0446071e+01   1.0932453e+02   2.9460066e+01   1.5430774e+02   9.7623095e+01   2.0105197e+02   8.1631179e+01   1.1977549e+02
   8.6876456e+01   2.7396262e+01   4.3156714e+01   2.0533218e+01   2.9032375e+01   2.7019484e+01   5.1552592e+01   1.2963050e+02   4.5430734e+01   5.0380693e+01   6.9438779e+01   3.9489618e+01   4.6903365e+01   1.8554019e+01   6.9262436e+01   2.6409083e+01   3.5707281e+01   5.8573138e+01   7.4422839e+01   1.9480061e+01   2.4563972e+01   6.6945086e+01   3.0446071e+01   3.5652999e+01   2.9460066e+01   9.5037655e+01   5.7389311e+01   3.6867280e+01   8.1631179e+01   1.1977549e+02
   2.0902627e+01   1.6270853e+01   2.9736715e+01   2.0533218e+01   2.9032375e+01   2.0131369e+01   2.0617768e+01   3.6280906e+01   2.6011470e+01   3.0874601e+01   6.9438779e+01   2.1284976e+01   2.4790320e+01   1.8554019e+01   1.5123415e+01   1.5735314e+01   1.4518976e+01   3.5802860e+01   3.2568306e+01   1.9480061e+01   2.4563972e+01   1.3873023e+01   1.2101292e+01   1.4749977e+01   1.3596141e+01   3.6858882e+01   4.2244357e+01   3.6443479e+01   3.9338982e+01   1.9315279e+01
   5.7219267e+00   6.1288676e+00   1.1345093e+01   1.0906503e+01   6.5201211e+00   5.9912200e+00   8.7098870e+00   1.3656129e+01   5.4037761e+00   9.2492456e+00   1.3522388e+01   7.7525262e+00   1.2873115e+01   1.0605808e+01   9.8483009e+00   1.2115946e+01   1.0997735e+01   9.3048921e+00   8.2549614e+00   1.0607046e+01   1.1961182e+01   8.1933632e+00   6.4812258e+00   5.2028227e+00   1.0233968e+01   8.1853569e+00   1.1364455e+01   9.5855459e+00   7.4074361e+00   8.5107067e+00
   6.1992084e-01   9.4004192e-01   2.9919428e+00   2.3304991e-01   2.3458897e+00   9.7607305e-02   7.5313534e-01   1.9936892e+00   9.8627090e-01   6.1256274e-01   3.8616802e-02   4.4023556e-01   1.6444188e+00   1.0526226e+00   1.0236618e+00   7.3797567e-02   8.9830174e-01   1.5260616e+00   8.1161086e-01   8.0549893e-01   1.3798509e+00   6.3131543e-01   2.7551115e+00   1.1897302e-02   9.4481460e-02   4.0855912e-01   1.8042673e+00   2.2107500e+00   4.4725170e-02   1.2618855e+00
   1.4526846e-05   5.2992835e-06   7.5318654e-06   1.2484929e-06   3.2264233e-06   4.0717271e-06   1.6450179e-05   8.9861426e-06   2.4792235e-06   4.0186896e-06   7.8581321e-06   7.6824507e-08   3.6168310e-06   1.9304796e-06   8.3885532e-06   5.0087416e-06   1.0025390e-05   2.9841441e-06   1.4942404e-06   1.2507357e-05   7.6707739e-07   4.2366241e-06   1.1354766e-05   3.5273588e-06   3.8382339e-07   2.5742399e-05   1.6101430e-05   1.3533144e-05   4.9110275e-05   5.0032054e-06
   0.0000000e+00   0.0000000e+00   0.0000000e+00   0.0000000e+00   0.0000000e+00   0.0000000e+00   0.0000000e+00   0.0000000e+00   0.0000000e+00   0.0000000e+00   0.0000000e+00   0.0000000e+00   0.0000000e+00   0.0000000e+00   0.0000000e+00   0.0000000e+00   0.0000000e+00   0.0000000e+00   0.0000000e+00   0.0000000e+00   0.0000000e+00   0.0000000e+00   0.0000000e+00   0.0000000e+00   0.0000000e+00   0.0000000e+00   0.0000000e+00   0.0000000e+00   0.0000000e+00   0.0000000e+00
   0.0000000e+00   0.0000000e+00   0.0000000e+00   0.0000000e+00   0.0000000e+00   0.0000000e+00   0.0000000e+00   0.0000000e+00   0.0000000e+00   0.0000000e+00   0.0000000e+00   0.0000000e+00   0.0000000e+00   0.0000000e+00   0.0000000e+00   0.0000000e+00   0.0000000e+00   0.0000000e+00   0.0000000e+00   0.0000000e+00   0.0000000e+00   0.0000000e+00   0.0000000e+00   0.0000000e+00   0.0000000e+00   0.0000000e+00   0.0000000e+00   0.0000000e+00   0.0000000e+00   0.0000000e+00
   0.0000000e+00   0.0000000e+00   0.0000000e+00   0.0000000e+00   0.0000000e+00   0.0000000e+00   0.0000000e+00   0.0000000e+00   0.0000000e+00   0.0000000e+00   0.0000000e+00   0.0000000e+00   0.0000000e+00   0.0000000e+00   0.0000000e+00   0.0000000e+00   0.0000000e+00   0.0000000e+00   0.0000000e+00   0.0000000e+00   0.0000000e+00   0.0000000e+00   0.0000000e+00   0.0000000e+00   0.0000000e+00   0.0000000e+00   0.0000000e+00   0.0000000e+00   0.0000000e+00   0.0000000e+00
   0.0000000e+00   0.0000000e+00   0.0000000e+00   0.0000000e+00   0.0000000e+00   0.0000000e+00   0.0000000e+00   0.0000000e+00   0.0000000e+00   0.0000000e+00   0.0000000e+00   0.0000000e+00   0.0000000e+00   0.0000000e+00   0.0000000e+00   0.0000000e+00   0.0000000e+00   0.0000000e+00   0.0000000e+00   0.0000000e+00   0.0000000e+00   0.0000000e+00   0.0000000e+00   0.0000000e+00   0.0000000e+00   0.0000000e+00   0.0000000e+00   0.0000000e+00   0.0000000e+00   0.0000000e+00
   0.0000000e+00   0.0000000e+00   0.0000000e+00   0.0000000e+00   0.0000000e+00   0.0000000e+00   0.0000000e+00   0.0000000e+00   0.0000000e+00   0.0000000e+00   0.0000000e+00   0.0000000e+00   0.0000000e+00   0.0000000e+00   0.0000000e+00   0.0000000e+00   0.0000000e+00   0.0000000e+00   0.0000000e+00   0.0000000e+00   0.0000000e+00   0.0000000e+00   0.0000000e+00   0.0000000e+00   0.0000000e+00   0.0000000e+00   0.0000000e+00   0.0000000e+00   0.0000000e+00   0.0000000e+00
