   4.6482013e+02   6.7047369e+02   4.3759386e+02   6.9448057e+02   7.0894566e+02   6.3335754e+02   2.6340870e+02   2.6324152e+02   4.9126613e+02   6.5236483e+02   6.6090220e+02   5.9868603e+02   5.0532500e+02   6.8435247e+02   4.7490853e+02   6.0856395e+02   5.5776248e+02   5.8021179e+02   7.0514238e+02   4.6207837e+02   5.8780836e+02   7.2076117e+02   8.1579510e+02   5.5700110e+02   4.4681538e+02   7.9698586e+02   5.2258036e+02   5.5626251e+02   3.8577518e+02   2.7592062e+02
   4.6482013e+02   2.9347428e+02   4.3759386e+02   4.8074209e+02   4.6147609e+02   6.3335754e+02   1.7373576e+02   2.6324152e+02   4.9126613e+02   4.0455648e+02   6.2152358e+02   5.8106361e+02   3.6507468e+02   4.4899892e+02   4.1946955e+02   4.4984463e+02   3.6533355e+02   5.1948352e+02   6.6689019e+02   3.9753530e+02   5.4329194e+02   6.0531205e+02   5.3522762e+02   2.5808572e+02   4.4681538e+02   6.3141798e+02   4.7453700e+02   3.0064960e+02   2.4939843e+02   2.7592062e+02
   5.5440487e+01   2.9347428e+02   4.3759386e+02   2.1672984e+02   2.3773048e+02   3.3969127e+02   1.7466156e+01   1.6129652e+02   3.7334925e+02   1.8714400e+02   3.9543016e+02   1.8750270e+02   3.6507468e+02   2.8684096e+02   3.9018284e+02   4.4984463e+02   1.4800635e+02   4.4841315e+02   5.7472620e+02   3.9753530e+02   2.8363342e+02   1.1573544e+02   4.7140641e+02   2.5808572e+02   3.9562530e+02   5.7758855e+02   4.7453700e+02   3.0064960e+02   2.4939843e+02   2.7592062e+02
   5.5440487e+01   2.9347428e+02   4.3759386e+02   2.1672984e+02   2.3773048e+02   2.9002243e+02   1.7466156e+01   1.6129652e+02   2.0358212e+02   1.8714400e+02   1.2125802e+02   1.8750270e+02   1.5676661e+02   4.8489769e+01   2.8739476e+02   2.8973787e+02   1.4800635e+02   1.9033281e+02   5.4049533e+02   3.9753530e+02   2.8363342e+02   1.1573544e+02   4.1146379e+02   1.9654417e+02   1.4173135e+02   3.3318626e+02   3.1532145e+02   2.3818990e+02   2.4939843e+02   1.9556176e+02
   5.5440487e+01   8.6174712e+01   2.3893729e+02   2.1672984e+02   1.8480977e+02   2.5584804e+02   1.7466156e+01   1.6129652e+02   2.0358212e+02   3.3030014e+01   1.2125802e+02   1.4501410e+02   1.2170765e+02   4.8489769e+01   8.2591676e+01   2.1145424e+02   1.4184730e+02   1.9033281e+02   6.4950877e+01   1.6808463e+02   1.0949218e+02   5.8458683e+01   1.9331782e+02   1.0754178e+02   1.4173135e+02   2.9026153e+02   2.0998447e+02   1.9126017e+02   2.2018362e+02   1.0812114e+02
   5.5440487e+01   8.6174712e+01   7.1719458e+01   9.4228940e+01   3.2637871e+01   1.6668709e+02   1.7466156e+01   1.6129652e+02   8.3388418e+01   3.3030014e+01   1.2125802e+02   8.0523766e+01   9.1678688e+01   4.8489769e+01   8.2591676e+01   6.1204977e+01   1.2758015e+02   2.2653073e+01   6.4950877e+01   1.4509485e+02   9.0305596e+01   5.8458683e+01   6.4755127e+00   1.0754178e+02   1.2169980e+02   1.5483735e+02   1.3012159e+02   1.9126017e+02   5.9922671e+01   6.7369531e+01
   5.5440487e+01   6.0011589e+01   7.1719458e+01   6.5241323e+00   3.2637871e+01   5.2041348e+01   1.7466156e+01   1.7110667e+01   8.3388418e+01   3.3030014e+01   9.4991647e+01   3.3644877e+01   9.1678688e+01   4.8489769e+01   8.2591676e+01   6.1204977e+01   5.2967991e+01   2.2653073e+01   9.9197335e+00   1.2651104e+02   9.0305596e+01   5.8458683e+01   6.4755127e+00   6.8154190e+01   1.0066852e+02   2.8963254e+01   2.1270992e+01   1.4420046e+02   5.9922671e+01   3.8267698e+01
   8.2463270e+00   4.6227843e+00   2.7181048e+01   6.5241323e+00   1.6251410e+01   1.0116381e+01   1.2143276e+01   1.7110667e+01   4.3961584e+01   1.0927963e+01   2.4221249e+01   2.5708528e+01   3.3226592e+01   1.8591329e+01   4.8475880e+01   3.3476675e+01   1.2640393e+01   2.2653073e+01   9.9197335e+00   4.7532306e+01   3.1760024e+01   9.5684074e+00   6.4755127e+00   1.5831852e+01   3.9986934e+01   2.8963254e+01   2.1270992e+01   7.8168854e+01   3.5213749e+01   3.8267698e+01
   4.5723331e+00   3.9132009e+00   1.6582864e+01   6.5241323e+00   1.6251410e+01   4.9450385e+00   1.2143276e+01   2.9576093e+00   2.0947712e+01   3.9515792e+00   1.3736871e+01   2.4117798e+01   8.9791371e+00   7.2500774e+00   2.4950935e+00   1.5907638e+01   1.2640393e+01   4.3629900e+00   9.9197335e+00   1.6704283e+01   1.2806533e+01   9.5684074e+00   6.4755127e+00   1.5650188e+00   7.0765239e+00   1.8507437e+00   2.1270992e+01   2.4480324e+01   1.9767614e+01   6.1095629e+00
   4.0328476e+00   2.4843765e+00   7.0776620e+00   6.5241323e+00   5.3580615e+00   3.7891347e+00   1.0727029e+00   5.1192636e-01   1.3756928e+00   3.9515792e+00   2.7993828e+00   4.1897544e+00   8.9791371e+00   3.5545055e+00   2.1060205e+00   2.5408132e+00   4.0109615e+00   8.7131360e-01   1.2366164e-01   2.7105266e+00   2.8128573e+00   4.7640666e+00   2.3791803e+00   1.5650188e+00   4.5516526e+00   1.1634212e+00   1.4062711e+01   1.2334812e+00   1.6127108e+00   2.3649384e+00
   1.9708572e-01   2.2228407e-01   5.8082046e-01   1.9099393e+00   2.9255854e-01   1.8007633e-02   1.0727029e+00   2.4632688e-03   3.0341482e-01   1.0701921e+00   2.7076691e-01   2.5244956e-01   7.7269767e-01   2.1297604e-01   3.8399496e-01   4.7253906e-01   1.6453197e-01   2.1544239e-01   1.2366164e-01   3.4556609e-01   1.2322041e-01   2.6580257e-01   2.1752433e-01   3.6286576e-01   2.5225311e-01   2.6367698e-01   1.2583980e+00   2.9930009e-01   5.2110857e-01   2.5753102e-01
   6.2169825e-02   2.3540548e-02   1.4768793e-01   1.0110987e-01   1.7664351e-02   1.8007633e-02   1.0456727e-02   2.4632688e-03   1.6969700e-02   1.7584745e-01   5.6328253e-02   2.1113198e-02   1.2316708e-01   1.3442158e-01   7.9142449e-02   1.1106173e-01   9.8775872e-02   7.9249292e-02   3.9709295e-02   6.7036602e-02   5.0796916e-02   1.3725576e-01   7.7430523e-02   7.4704621e-02   7.8532996e-02   5.4464854e-02   8.6108063e-02   1.3446562e-01   5.5835955e-02   4.5144783e-02
   7.2624363e-04   4.9941206e-03   1.8958478e-03   1.6301504e-02   1.4151136e-02   6.5180777e-03   1.0456727e-02   1.6163535e-03   1.6969700e-02   2.7632545e-02   2.5356928e-03   1.3960769e-02   2.5181472e-02   3.4677641e-02   3.7305649e-03   9.7701471e-03   1.8358097e-02   2.0844223e-02   1.1337944e-02   1.8267297e-02   1.4384825e-02   8.5788200e-03   5.4877726e-03   5.7333648e-03   4.5690815e-02   2.4975688e-03   2.5891446e-02   3.3102716e-03   4.9050331e-03   7.4545273e-03
   0.0000000e+00   0.0000000e+00   0.0000000e+00   0.0000000e+00   0.0000000e+00   0.0000000e+00   1.6346576e-07   0.0000000e+00   3.6086931e-08   1.4063403e-07   0.0000000e+00   0.0000000e+00   7.7117647e-08   0.0000000e+00   0.0000000e+00   0.0000000e+00   0.0000000e+00   8.2290398e-08   0.0000000e+00   4.3871296e-08   5.1621555e-08   0.0000000e+00   0.0000000e+00   0.0000000e+00   0.0000000e+00   0.0000000e+00   4.2268994e-08   0.0000000e+00   0.0000000e+00   0.0000000e+00
   0.0000000e+00   0.0000000e+00   0.0000000e+00   0.0000000e+00   0.0000000e+00   0.0000000e+00   0.0000000e+00   0.0000000e+00   0.0000000e+00   0.0000000e+00   0.0000000e+00   0.0000000e+00   0.0000000e+00   0.0000000e+00   0.0000000e+00   0.0000000e+00   0.0000000e+00   0.0000000e+00   0.0000000e+00   0.0000000e+00   0.0000000e+00   0.0000000e+00   0.0000000e+00   0.0000000e+00   0.0000000e+00   0.0000000e+00   0.0000000e+00   0.0000000e+00   0.0000000e+00   0.0000000e+00
   0.0000000e+00   0.0000000e+00   0.0000000e+00   0.0000000e+00   0.0000000e+00   0.0000000e+00   0.0000000e+00   0.0000000e+00   0.0000000e+00   0.0000000e+00   0.0000000e+00   0.0000000e+00   0.0000000e+00   0.0000000e+00   0.0000000e+00   0.0000000e+00   0.0000000e+00   0.0000000e+00   0.0000000e+00   0.0000000e+00   0.0000000e+00   0.0000000e+00   0.0000000e+00   0.0000000e+00   0.0000000e+00   0.0000000e+00   0.0000000e+00   0.0000000e+00   0.0000000e+00   0.0000000e+00
