   1.8356406e+03   2.2258329e+03   2.4449589e+03   2.1084195e+03   1.8416939e+03   1.7784098e+03   2.1878850e+03   2.3426896e+03   2.2216601e+03   2.1800035e+03   2.2799506e+03   2.1091849e+03   2.0187883e+03   2.1389615e+03   2.2880898e+03   2.3574048e+03   2.1946870e+03   1.6301455e+03   1.9364235e+03   2.2017852e+03   2.0451193e+03   2.0231635e+03   2.1880785e+03   2.1045648e+03   2.4597272e+03   1.8496751e+03   2.2886369e+03   2.0666191e+03   1.9479840e+03   1.8395702e+03
   8.0571890e+01   4.4023910e+02   7.9843570e-01   3.0493299e+02   8.3009876e+01   3.9716533e+01   1.3126680e+01   6.6240485e+01   3.0505511e+02   3.4557369e+01   6.7288228e+02   3.5126275e+02   1.1507919e+01   5.1759754e+02   2.4751431e+02   1.7564877e+02   2.9081221e+00   4.3722364e+01   3.3744001e+00   1.6481330e+02   1.2283953e+01   1.0278394e-02   2.7936597e+02   3.1545432e+02   2.5461133e+02   8.7974377e-01   3.7530934e+01   3.4178191e+01   1.5151989e+02   4.2899120e+01
   2.3833023e+01   2.9927553e+02   7.9843570e-01   5.1524669e+01   5.0656780e+01   1.2206380e+00   1.3126680e+01   1.1186881e+00   3.5688773e+00   3.4557369e+01   1.3548051e+01   2.3957661e+02   1.1507919e+01   1.0080021e+00   6.3699480e+00   2.2058582e+00   2.9081221e+00   4.2366928e+01   3.3744001e+00   2.2684423e+01   1.2052667e-01   1.0278394e-02   9.8380302e+01   5.6067554e-01   2.0898973e+01   8.7714997e-01   3.7530934e+01   3.4178191e+01   2.4543381e+01   9.5959790e+00
   2.3833023e+01   6.8501362e+01   7.9843570e-01   6.0734564e+00   2.5160789e+00   2.2070094e-03   4.5308854e+00   3.6895338e-02   3.5688773e+00   1.5870037e+01   7.2250848e+00   1.8388029e+00   1.1507919e+01   1.0080021e+00   1.6894175e+00   2.2058582e+00   2.9081221e+00   1.7005504e+00   6.7660906e-01   6.5439064e-02   4.4137854e-02   1.0278394e-02   4.4186893e+00   5.6067554e-01   5.4633501e+00   8.7714997e-01   1.8532600e-01   4.5165623e+00   5.7449502e+00   2.1328462e+00
   2.2904457e+00   5.6607033e-01   7.9843570e-01   4.1701952e-01   2.5160789e+00   2.2070094e-03   1.1793157e+00   3.6895338e-02   9.8816989e-01   8.2802052e+00   2.4842353e-02   1.4429986e-01   3.0742258e+00   4.9326237e-01   1.6882198e+00   1.4136109e-01   5.4611117e-02   1.7005504e+00   6.7660906e-01   6.5439064e-02   4.4137854e-02   1.0278394e-02   9.4386517e-01   5.6067554e-01   5.4633501e+00   3.5541973e-01   1.8532600e-01   2.6566785e+00   2.8412857e-01   2.1328462e+00
   2.2057384e+00   5.6607033e-01   7.9843570e-01   4.1701952e-01   2.5160789e+00   2.2070094e-03   1.1793157e+00   2.5010428e-02   9.8816989e-01   2.6785680e+00   2.4842353e-02   1.4429986e-01   2.5837133e-02   4.9326237e-01   1.6882198e+00   1.4136109e-01   5.4611117e-02   5.5754829e-03   6.7660906e-01   6.5439064e-02   4.4137854e-02   1.0278394e-02   9.4386517e-01   5.6067554e-01   4.4575222e-06   3.5541973e-01   1.8532600e-01   7.9983797e-01   2.8412857e-01   1.0024941e-04
   1.3943189e+00   5.6607033e-01   4.8579992e-02   1.5514534e-02   1.4676368e-01   2.2070094e-03   1.1793157e+00   2.5010428e-02   1.2163693e-02   6.1989025e-02   2.4842353e-02   1.1316783e-01   3.6427844e-05   2.0166534e-02   6.3093696e-01   9.0502745e-02   5.4611117e-02   1.1133390e-03   2.2182440e-02   6.5439064e-02   4.4137854e-02   1.0278394e-02   2.4805994e-01   5.6067554e-01   4.4575222e-06   1.5338472e-02   1.8532600e-01   3.1680866e-02   2.8412857e-01   1.0024941e-04
   3.4745178e-05   9.5031701e-04   2.2714338e-04   1.5599158e-05   3.1408044e-04   2.8335239e-06   7.9176165e-03   4.3534649e-03   3.7787233e-03   7.8377567e-03   1.5611865e-03   5.9313299e-04   3.6427844e-05   1.1329581e-03   2.7337544e-03   2.0737502e-04   5.2237051e-03   1.1133390e-03   1.4645581e-04   4.9024650e-04   2.9952256e-05   1.0278394e-02   1.1238126e-05   5.0676996e-05   4.4575222e-06   0.0000000e+00   1.5555100e-03   2.9617696e-04   2.1222350e-04   1.0024941e-04
   0.0000000e+00   3.2982871e-07   2.6932503e-07   5.3647000e-08   1.4473699e-08   7.3693627e-08   3.7347945e-08   1.1268685e-07   1.7692219e-07   5.9974245e-06   2.0531261e-06   1.6068730e-06   2.1554702e-06   8.3698524e-06   1.3153908e-06   8.4451417e-06   5.7851958e-07   1.4983971e-07   3.2423550e-06   2.1654223e-05   1.7999037e-06   1.3943954e-06   2.0783436e-06   1.0002168e-08   3.4222148e-07   0.0000000e+00   3.0921410e-07   6.3362927e-06   1.3797757e-05   3.5296875e-06
   0.0000000e+00   0.0000000e+00   0.0000000e+00   0.0000000e+00   0.0000000e+00   0.0000000e+00   0.0000000e+00   0.0000000e+00   0.0000000e+00   0.0000000e+00   0.0000000e+00   0.0000000e+00   0.0000000e+00   0.0000000e+00   0.0000000e+00   0.0000000e+00   0.0000000e+00   0.0000000e+00   0.0000000e+00   0.0000000e+00   0.0000000e+00   0.0000000e+00   0.0000000e+00   0.0000000e+00   0.0000000e+00   0.0000000e+00   0.0000000e+00   0.0000000e+00   0.0000000e+00   0.0000000e+00
   0.0000000e+00   0.0000000e+00   0.0000000e+00   0.0000000e+00   0.0000000e+00   0.0000000e+00   0.0000000e+00   0.0000000e+00   0.0000000e+00   0.0000000e+00   0.0000000e+00   0.0000000e+00   0.0000000e+00   0.0000000e+00   0.0000000e+00   0.0000000e+00   0.0000000e+00   0.0000000e+00   0.0000000e+00   0.0000000e+00   0.0000000e+00   0.0000000e+00   0.0000000e+00   0.0000000e+00   0.0000000e+00   0.0000000e+00   0.0000000e+00   0.0000000e+00   0.0000000e+00   0.0000000e+00
   0.0000000e+00   0.0000000e+00   0.0000000e+00   0.0000000e+00   0.0000000e+00   0.0000000e+00   0.0000000e+00   0.0000000e+00   0.0000000e+00   0.0000000e+00   0.0000000e+00   0.0000000e+00   0.0000000e+00   0.0000000e+00   0.0000000e+00   0.0000000e+00   0.0000000e+00   0.0000000e+00   0.0000000e+00   0.0000000e+00   0.0000000e+00   0.0000000e+00   0.0000000e+00   0.0000000e+00   0.0000000e+00   0.0000000e+00   0.0000000e+00   0.0000000e+00   0.0000000e+00   0.0000000e+00
   0.0000000e+00   0.0000000e+00   0.0000000e+00   0.0000000e+00   0.0000000e+00   0.0000000e+00   0.0000000e+00   0.0000000e+00   0.0000000e+00   0.0000000e+00   0.0000000e+00   0.0000000e+00   0.0000000e+00   0.0000000e+00   0.0000000e+00   0.0000000e+00   0.0000000e+00   0.0000000e+00   0.0000000e+00   0.0000000e+00   0.0000000e+00   0.0000000e+00   0.0000000e+00   0.0000000e+00   0.0000000e+00   0.0000000e+00   0.0000000e+00   0.0000000e+00   0.0000000e+00   0.0000000e+00
   0.0000000e+00   0.0000000e+00   0.0000000e+00   0.0000000e+00   0.0000000e+00   0.0000000e+00   0.0000000e+00   0.0000000e+00   0.0000000e+00   0.0000000e+00   0.0000000e+00   0.0000000e+00   0.0000000e+00   0.0000000e+00   0.0000000e+00   0.0000000e+00   0.0000000e+00   0.0000000e+00   0.0000000e+00   0.0000000e+00   0.0000000e+00   0.0000000e+00   0.0000000e+00   0.0000000e+00   0.0000000e+00   0.0000000e+00   0.0000000e+00   0.0000000e+00   0.0000000e+00   0.0000000e+00
   0.0000000e+00   0.0000000e+00   0.0000000e+00   0.0000000e+00   0.0000000e+00   0.0000000e+00   0.0000000e+00   0.0000000e+00   0.0000000e+00   0.0000000e+00   0.0000000e+00   0.0000000e+00   0.0000000e+00   0.0000000e+00   0.0000000e+00   0.0000000e+00   0.0000000e+00   0.0000000e+00   0.0000000e+00   0.0000000e+00   0.0000000e+00   0.0000000e+00   0.0000000e+00   0.0000000e+00   0.0000000e+00   0.0000000e+00   0.0000000e+00   0.0000000e+00   0.0000000e+00   0.0000000e+00
   0.0000000e+00   0.0000000e+00   0.0000000e+00   0.0000000e+00   0.0000000e+00   0.0000000e+00   0.0000000e+00   0.0000000e+00   0.0000000e+00   0.0000000e+00   0.0000000e+00   0.0000000e+00   0.0000000e+00   0.0000000e+00   0.0000000e+00   0.0000000e+00   0.0000000e+00   0.0000000e+00   0.0000000e+00   0.0000000e+00   0.0000000e+00   0.0000000e+00   0.0000000e+00   0.0000000e+00   0.0000000e+00   0.0000000e+00   0.0000000e+00   0.0000000e+00   0.0000000e+00   0.0000000e+00
