   1.4688807e+03   1.3598185e+03   1.6459871e+03   1.0060966e+03   1.4454721e+03   1.1537837e+03   1.8849027e+03   1.4359793e+03   1.4069302e+03   1.0226946e+03   1.1805231e+03   1.5253704e+03   1.4800208e+03   1.4715577e+03   1.3820362e+03   1.7265964e+03   1.4507591e+03   1.2411796e+03   1.6281493e+03   1.7247846e+03   1.2739389e+03   1.2969222e+03   1.4713416e+03   1.5225651e+03   1.4616973e+03   1.2167632e+03   1.5511748e+03   1.2889256e+03   1.5940886e+03   1.7347335e+03
   1.2060678e+03   1.1828918e+03   1.3254121e+03   1.0060966e+03   1.0271342e+03   9.7106899e+02   1.2546059e+03   1.1146983e+03   1.2508732e+03   1.0041381e+03   1.1805231e+03   1.1375857e+03   9.5845718e+02   1.0532007e+03   1.1164065e+03   1.0033539e+03   9.6324251e+02   1.0362040e+03   1.1927327e+03   7.6543836e+02   9.3956740e+02   1.2969222e+03   9.8039935e+02   1.1633439e+03   1.3419282e+03   1.1790769e+03   9.4011156e+02   1.1095841e+03   1.0288467e+03   1.1409054e+03
   1.1021337e+03   1.0993181e+03   1.0812058e+03   1.0060966e+03   1.0271342e+03   9.7106899e+02   7.8940035e+02   9.9247783e+02   9.8356799e+02   9.6820612e+02   9.2873165e+02   9.9837784e+02   9.5845718e+02   7.9622601e+02   1.1164065e+03   1.0033539e+03   9.6324251e+02   1.0362040e+03   9.9387980e+02   7.6543836e+02   9.3956740e+02   9.1462140e+02   7.9468958e+02   1.0161715e+03   8.8178147e+02   9.9512097e+02   9.4011156e+02   1.1095841e+03   1.0288467e+03   8.9666415e+02
   1.1021337e+03   1.0993181e+03   9.4739479e+02   1.0060966e+03   9.9294776e+02   8.8605219e+02   7.8940035e+02   9.8782250e+02   8.6002024e+02   7.2056040e+02   9.2873165e+02   9.9837784e+02   7.4594846e+02   7.9622601e+02   1.1164065e+03   1.0033539e+03   9.6324251e+02   1.0362040e+03   9.9387980e+02   7.6543836e+02   9.3956740e+02   9.1462140e+02   7.9468958e+02   1.0161715e+03   8.8140793e+02   9.9512097e+02   9.4011156e+02   1.0133366e+03   1.0288467e+03   8.9666415e+02
   1.0096023e+03   1.0041739e+03   9.4739479e+02   8.9865693e+02   9.9294776e+02   8.8605219e+02   7.8940035e+02   9.4491828e+02   8.6002024e+02   7.2056040e+02   9.2873165e+02   9.8532499e+02   7.4594846e+02   7.9622601e+02   9.4129730e+02   1.0033539e+03   9.2888794e+02   1.0362040e+03   8.7849850e+02   7.6543836e+02   9.3956740e+02   8.4484405e+02   7.9468958e+02   1.0161715e+03   7.8259770e+02   9.8616164e+02   9.4011156e+02   6.9313315e+02   1.0119209e+03   8.9666415e+02
   9.9142993e+02   1.0041739e+03   9.1741236e+02   8.9865693e+02   9.9294776e+02   8.8605219e+02   7.8940035e+02   9.2387351e+02   8.6002024e+02   7.2056040e+02   8.9851825e+02   7.0889289e+02   7.4594846e+02   7.9622601e+02   8.1339705e+02   9.2781185e+02   9.2888794e+02   9.9448192e+02   8.7849850e+02   7.6543836e+02   9.3317205e+02   8.4484405e+02   7.9468958e+02   9.2626433e+02   7.8259770e+02   9.1260534e+02   9.2373481e+02   6.4775031e+02   1.0055867e+03   8.9666415e+02
   8.6681316e+02   7.7266235e+02   8.7615875e+02   8.1625266e+02   8.8602983e+02   8.3951102e+02   7.8940035e+02   9.2387351e+02   7.0721712e+02   7.2056040e+02   8.9227376e+02   7.0889289e+02   6.7537996e+02   7.2256900e+02   8.1339705e+02   8.0855106e+02   8.7452743e+02   8.9410522e+02   8.0872485e+02   7.6543836e+02   7.2644195e+02   8.4484405e+02   7.9468958e+02   8.4773220e+02   7.8259770e+02   8.5383698e+02   8.6192574e+02   6.3222340e+02   9.4925614e+02   8.0281152e+02
   6.9589856e+02   7.2539798e+02   6.5679228e+02   7.1471861e+02   7.4329577e+02   6.4065807e+02   6.3150869e+02   7.4051507e+02   6.9333063e+02   6.4498688e+02   6.9464538e+02   6.3738624e+02   6.5121686e+02   5.9531248e+02   6.3649324e+02   6.7290747e+02   6.6766276e+02   7.1881340e+02   6.8540817e+02   6.8185085e+02   6.7737790e+02   6.3947023e+02   7.6466733e+02   7.5011894e+02   6.3722499e+02   6.8650188e+02   7.2000905e+02   6.1351135e+02   6.6446933e+02   6.7183259e+02
   5.9762464e+02   5.7782949e+02   5.8101371e+02   5.7230855e+02   6.1209991e+02   5.9883527e+02   5.9789044e+02   6.1588151e+02   5.5004645e+02   5.7795241e+02   5.7931274e+02   5.5457780e+02   5.3659663e+02   5.8261051e+02   5.5986941e+02   5.7194995e+02   5.4781748e+02   5.8065494e+02   6.0730165e+02   5.1778797e+02   5.9655303e+02   5.9053782e+02   5.9713266e+02   5.7752944e+02   5.8865359e+02   5.6584351e+02   6.0144235e+02   5.6967059e+02   5.3330939e+02   5.4399852e+02
   5.1541534e+02   4.9974841e+02   4.9114431e+02   5.1194742e+02   4.9214629e+02   5.1198543e+02   4.7619074e+02   5.0260323e+02   4.8536419e+02   5.0431736e+02   4.9258057e+02   4.8669102e+02   4.8238131e+02   5.1876396e+02   4.9720145e+02   4.9872512e+02   4.6572926e+02   4.7560448e+02   5.3933841e+02   4.9615240e+02   5.0026495e+02   5.1597809e+02   4.9868598e+02   5.1950326e+02   5.1586356e+02   4.9216540e+02   5.1693779e+02   4.8008940e+02   4.8132379e+02   4.5439230e+02
   4.2382100e+02   4.2579776e+02   4.2304169e+02   4.2586172e+02   4.2193377e+02   4.3358685e+02   4.2536505e+02   4.1868514e+02   4.2714167e+02   4.2956576e+02   4.1947578e+02   4.2562990e+02   4.2211034e+02   4.3455126e+02   4.1703962e+02   4.2158801e+02   4.2786344e+02   4.1560962e+02   4.3295653e+02   4.2618170e+02   4.2711057e+02   4.2328599e+02   4.2098543e+02   4.3142454e+02   4.2848395e+02   4.1962307e+02   4.3522684e+02   4.1859782e+02   4.1908599e+02   4.1692222e+02
   4.0505438e+02   4.0485770e+02   4.0423901e+02   4.0509183e+02   4.0338769e+02   4.0530149e+02   4.0399038e+02   4.0371666e+02   4.0319009e+02   4.0473666e+02   4.0304837e+02   4.0388840e+02   4.0446673e+02   4.0407632e+02   4.0322824e+02   4.0471105e+02   4.0591050e+02   4.0243644e+02   4.0620200e+02   4.0539530e+02   4.0295940e+02   4.0351724e+02   4.0480629e+02   4.0562683e+02   4.0447544e+02   4.0387379e+02   4.0485524e+02   4.0381670e+02   4.0377887e+02   4.0431575e+02
   4.0043854e+02   4.0037563e+02   4.0038053e+02   4.0035859e+02   4.0020502e+02   4.0063076e+02   4.0024182e+02   4.0032866e+02   4.0026801e+02   4.0035488e+02   4.0025766e+02   4.0039686e+02   4.0034859e+02   4.0035415e+02   4.0029126e+02   4.0025240e+02   4.0052721e+02   4.0023237e+02   4.0056734e+02   4.0035221e+02   4.0024615e+02   4.0032530e+02   4.0038260e+02   4.0047829e+02   4.0047825e+02   4.0027784e+02   4.0044712e+02   4.0026739e+02   4.0034140e+02   4.0025205e+02
   4.0000668e+02   4.0000517e+02   4.0000376e+02   4.0000403e+02   4.0000324e+02   4.0000694e+02   4.0000424e+02   4.0000269e+02   4.0000406e+02   4.0000693e+02   4.0000403e+02   4.0000502e+02   4.0000561e+02   4.0000897e+02   4.0000337e+02   4.0000465e+02   4.0000716e+02   4.0000325e+02   4.0000695e+02   4.0000363e+02   4.0000453e+02   4.0000439e+02   4.0000514e+02   4.0000671e+02   4.0000525e+02   4.0000462e+02   4.0000618e+02   4.0000356e+02   4.0000495e+02   4.0000431e+02
   4.0000000e+02   4.0000000e+02   4.0000000e+02   4.0000000e+02   4.0000000e+02   4.0000000e+02   4.0000000e+02   4.0000000e+02   4.0000000e+02   4.0000000e+02   4.0000000e+02   4.0000000e+02   4.0000000e+02   4.0000000e+02   4.0000000e+02   4.0000000e+02   4.0000000e+02   4.0000000e+02   4.0000000e+02   4.0000000e+02   4.0000000e+02   4.0000000e+02   4.0000000e+02   4.0000000e+02   4.0000000e+02   4.0000000e+02   4.0000000e+02   4.0000000e+02   4.0000000e+02   4.0000000e+02
   4.0000000e+02   4.0000000e+02   4.0000000e+02   4.0000000e+02   4.0000000e+02   4.0000000e+02   4.0000000e+02   4.0000000e+02   4.0000000e+02   4.0000000e+02   4.0000000e+02   4.0000000e+02   4.0000000e+02   4.0000000e+02   4.0000000e+02   4.0000000e+02   4.0000000e+02   4.0000000e+02   4.0000000e+02   4.0000000e+02   4.0000000e+02   4.0000000e+02   4.0000000e+02   4.0000000e+02   4.0000000e+02   4.0000000e+02   4.0000000e+02   4.0000000e+02   4.0000000e+02   4.0000000e+02
