   3.2722276e+02   1.9425415e+02   6.2959196e+02   2.7499863e+02   2.3328291e+02   5.8735711e+02   4.3873569e+02   4.7243195e+02   6.4109482e+02   3.3151337e+02   4.4317777e+02   4.1936320e+02   3.0374378e+02   4.3897935e+02   4.0552117e+02   3.5187623e+02   5.8854233e+02   3.9376951e+02   4.6249374e+02   4.0763236e+02   5.2165799e+02   5.2463798e+02   4.6258246e+02   2.5518297e+02   6.2992854e+02   6.8218234e+02   6.5053762e+02   2.2347044e+02   5.2486539e+02   5.6860906e+02
   2.8356906e+02   1.9425415e+02   2.6495763e+02   1.4132241e+02   2.3328291e+02   3.0849117e+02   2.1084786e+02   2.2784509e+02   2.4787928e+02   2.9265425e+02   2.0118286e+02   2.6333038e+02   3.0374378e+02   2.1922733e+02   1.6960042e+02   2.8840198e+02   1.5487125e+02   2.6316890e+02   3.6215799e+02   1.7786411e+02   2.7748922e+02   2.3997599e+02   1.8455496e+02   2.3636958e+02   2.1622951e+02   2.1085134e+02   4.4749490e+02   2.0274956e+02   3.1616680e+02   2.8441680e+02
   2.1092250e+02   1.7427218e+02   1.6689370e+02   1.4132241e+02   2.0134392e+02   1.8700501e+02   2.1084786e+02   1.9069046e+02   1.9906709e+02   1.6428353e+02   1.6815485e+02   1.7882975e+02   2.0290111e+02   2.1922733e+02   1.6960042e+02   2.6726346e+02   1.5487125e+02   2.6316890e+02   1.4636433e+02   1.7786411e+02   1.4643301e+02   1.3456235e+02   1.8033479e+02   1.2629361e+02   1.7903481e+02   1.7716549e+02   2.3415614e+02   2.0274956e+02   2.9390957e+02   2.0096869e+02
   1.8791834e+02   1.6363871e+02   1.1956719e+02   1.4132241e+02   1.6439896e+02   1.1131089e+02   1.7208495e+02   1.7138765e+02   1.6838452e+02   1.2476568e+02   1.3682101e+02   1.7417967e+02   1.5656337e+02   1.5306379e+02   1.6835088e+02   2.2719050e+02   1.5487125e+02   1.7321947e+02   1.4636433e+02   1.7786411e+02   1.4643301e+02   1.3456235e+02   1.1979569e+02   1.2629361e+02   1.7242500e+02   1.7347405e+02   1.4249612e+02   1.8113022e+02   1.7167420e+02   1.8069734e+02
   1.4442184e+02   1.2983717e+02   1.0612395e+02   1.4132241e+02   1.3426371e+02   1.1131089e+02   1.1416659e+02   1.5171331e+02   1.3139419e+02   1.2476568e+02   1.3682101e+02   1.2318230e+02   8.1924730e+01   1.4291654e+02   1.2274014e+02   1.5821031e+02   8.7383136e+01   1.5927407e+02   1.4636433e+02   1.6448232e+02   1.4643301e+02   1.3456235e+02   1.1979569e+02   1.2629361e+02   1.2220390e+02   1.3456181e+02   1.4249612e+02   1.2429269e+02   1.5752005e+02   1.5831129e+02
   1.2376003e+02   1.2983717e+02   1.0612395e+02   1.2672534e+02   1.2438134e+02   1.1131089e+02   9.8552070e+01   5.6443042e+01   1.0523482e+02   5.5707658e+01   8.3221950e+01   1.0393549e+02   7.9874171e+01   8.4881679e+01   1.1624828e+02   1.2113122e+02   8.7383136e+01   1.1939921e+02   1.2124763e+02   9.7781117e+01   1.2303551e+02   1.0743374e+02   1.1522024e+02   1.2046397e+02   2.2585877e+01   5.0935533e+01   1.1930583e+02   1.1817991e+02   1.1825789e+02   1.0855876e+02
   1.0064795e+02   1.1172971e+02   1.0354400e+02   1.0163127e+02   8.2842533e+01   8.9212692e+01   9.6651784e+01   3.1157611e+01   9.6476022e+01   5.5707658e+01   8.3221950e+01   8.4967882e+01   5.3327228e+01   7.1261108e+01   6.2388416e+01   8.6650611e+01   8.7383136e+01   1.0539846e+02   5.9277080e+01   9.7637773e+01   1.1066400e+02   3.5968523e+01   1.0035076e+02   9.2413554e+01   2.2585877e+01   1.2503694e+01   8.4608223e+01   1.0574560e+02   8.3190828e+01   1.0236029e+02
   9.0364070e+01   4.5053980e+01   9.4621136e+01   8.9471410e+01   3.2769981e+01   8.9212692e+01   8.9133018e+01   2.4806149e+01   7.0904335e+01   5.5707658e+01   8.3221950e+01   7.3361147e+01   5.3327228e+01   6.8012372e+01   5.3575098e+01   8.6650611e+01   8.7383136e+01   6.4533174e+01   5.9277080e+01   7.5450803e+01   3.6526167e+00   3.5968523e+01   8.2732516e+01   8.7825714e+01   2.2585877e+01   1.2503694e+01   8.4608223e+01   8.0616698e+01   7.6017047e+01   5.9590058e+01
   8.1148256e+01   4.5053980e+01   8.1311122e+01   8.1342933e+01   3.2769981e+01   8.0295794e+01   8.3529909e+01   2.4806149e+01   7.0904335e+01   5.5707658e+01   8.0268411e+01   7.3361147e+01   5.3216820e+01   6.4232449e+01   5.3575098e+01   7.8109718e+01   7.9442317e+01   6.4533174e+01   5.9277080e+01   7.5450803e+01   3.6526167e+00   3.5968523e+01   7.8681428e+01   6.7606558e+01   2.2585877e+01   1.2503694e+01   2.8273857e+01   8.0616698e+01   7.6017047e+01   5.9590058e+01
   7.5065382e+01   4.5053980e+01   7.8140510e+01   7.8121996e+01   3.2769981e+01   7.7349888e+01   7.7380555e+01   2.4806149e+01   1.8250162e+01   5.5707658e+01   7.7501220e+01   7.3361147e+01   5.3216820e+01   2.0659259e+01   5.3575098e+01   2.2785316e+01   7.6388677e+01   6.4533174e+01   2.4590241e+01   7.5450803e+01   3.6526167e+00   3.5968523e+01   7.6242593e+01   6.7606558e+01   2.2585877e+01   1.2503694e+01   2.8273857e+01   7.5694636e+01   7.6017047e+01   5.9590058e+01
   2.5949276e+00   1.1633111e+01   7.5711703e+01   6.5569679e+01   3.2769981e+01   7.5270202e+01   6.6469044e+01   2.4806149e+01   4.7146426e+00   1.8678095e+01   6.3161993e+01   7.3361147e+01   4.1728923e+01   2.0659259e+01   5.3575098e+01   2.2785316e+01   7.5464420e+01   6.4533174e+01   2.4590241e+01   7.5450803e+01   3.6526167e+00   3.5968523e+01   7.2814890e+01   1.3290954e+01   2.2585877e+01   1.2503694e+01   1.9215744e+01   7.0634171e+01   5.5603883e+01   5.9590058e+01
   2.5949276e+00   1.1633111e+01   8.3403292e+00   1.0329079e+01   3.0554349e+01   7.3872443e+01   1.9932051e+00   2.4806149e+01   4.7146426e+00   1.8678095e+01   3.9212003e+01   3.8039041e+01   4.1728923e+01   1.1354915e+01   1.2275753e+01   2.2785316e+01   1.8608057e+01   1.4124022e+01   1.3953461e+01   7.4618865e+01   3.6526167e+00   2.7593074e+01   5.8119389e+01   1.3290954e+01   1.6213151e+01   1.2503694e+01   1.9215744e+01   6.0608543e+01   1.5559824e+01   5.7949688e+01
   2.5949276e+00   1.4355010e+00   1.1369327e-03   1.0751046e+00   4.3165338e-04   9.7680786e-02   1.9932051e+00   9.2898219e-01   6.2029101e-02   7.0442477e-03   1.6895316e-01   5.4161527e-04   3.7577857e-03   2.1132257e+00   6.7438800e+00   1.0879582e-03   5.9308875e-03   5.2948871e-04   4.4639339e+00   3.3123865e-03   1.7340347e-01   1.4387193e+01   3.2265099e-02   1.3811891e+00   2.9891363e-03   1.2859260e-03   5.4096702e+00   3.7501036e+00   6.5690490e-03   8.9364567e-03
   1.1966858e-07   1.6404556e-08   0.0000000e+00   0.0000000e+00   0.0000000e+00   0.0000000e+00   0.0000000e+00   0.0000000e+00   2.7318492e-08   0.0000000e+00   0.0000000e+00   0.0000000e+00   0.0000000e+00   3.5055109e-08   2.7484930e-08   0.0000000e+00   0.0000000e+00   0.0000000e+00   3.3893684e-08   0.0000000e+00   0.0000000e+00   2.1997535e-06   8.0329755e-08   5.7234047e-08   0.0000000e+00   0.0000000e+00   1.7542789e-08   2.7029409e-07   0.0000000e+00   0.0000000e+00
   0.0000000e+00   0.0000000e+00   0.0000000e+00   0.0000000e+00   0.0000000e+00   0.0000000e+00   0.0000000e+00   0.0000000e+00   0.0000000e+00   0.0000000e+00   0.0000000e+00   0.0000000e+00   0.0000000e+00   0.0000000e+00   0.0000000e+00   0.0000000e+00   0.0000000e+00   0.0000000e+00   0.0000000e+00   0.0000000e+00   0.0000000e+00   0.0000000e+00   0.0000000e+00   0.0000000e+00   0.0000000e+00   0.0000000e+00   0.0000000e+00   0.0000000e+00   0.0000000e+00   0.0000000e+00
   0.0000000e+00   0.0000000e+00   0.0000000e+00   0.0000000e+00   0.0000000e+00   0.0000000e+00   0.0000000e+00   0.0000000e+00   0.0000000e+00   0.0000000e+00   0.0000000e+00   0.0000000e+00   0.0000000e+00   0.0000000e+00   0.0000000e+00   0.0000000e+00   0.0000000e+00   0.0000000e+00   0.0000000e+00   0.0000000e+00   0.0000000e+00   0.0000000e+00   0.0000000e+00   0.0000000e+00   0.0000000e+00   0.0000000e+00   0.0000000e+00   0.0000000e+00   0.0000000e+00   0.0000000e+00
