   4.5888574e+02   6.9738461e+02   7.1473457e+02   8.0042157e+02   7.3365656e+02   6.6824205e+02   8.5938048e+02   8.2071191e+02   8.0454465e+02   6.9689834e+02   7.9349262e+02   9.0125848e+02   7.4447544e+02   6.2579946e+02   8.6616362e+02   8.5158153e+02   6.9410217e+02   8.0628145e+02   8.8298067e+02   8.8753785e+02   7.7472401e+02   1.0236517e+03   7.8021685e+02   8.7987189e+02   7.2160227e+02   4.7668187e+02   7.7264831e+02   9.6817911e+02   5.5595677e+02   9.7610218e+02
   3.2190988e+02   6.9738461e+02   7.1473457e+02   8.0042157e+02   7.3365656e+02   6.6824205e+02   7.4331643e+02   8.2071191e+02   7.0180132e+02   6.9689834e+02   6.7180832e+02   7.3056299e+02   6.4452751e+02   6.2579946e+02   5.9354489e+02   8.4410952e+02   6.9410217e+02   7.6436358e+02   7.9462846e+02   8.8753785e+02   7.7472401e+02   8.6080496e+02   7.8021685e+02   8.7987189e+02   7.2160227e+02   4.7668187e+02   7.7264831e+02   8.2396115e+02   5.5595677e+02   6.8196128e+02
   3.2190988e+02   6.9738461e+02   7.1473457e+02   6.3384196e+02   7.3365656e+02   6.6824205e+02   7.4331643e+02   7.4864091e+02   7.0180132e+02   6.9689834e+02   5.6718993e+02   7.3056299e+02   6.4452751e+02   6.2579946e+02   5.9354489e+02   8.0363993e+02   6.9410217e+02   6.0907710e+02   6.6518686e+02   8.8498334e+02   7.7472401e+02   8.5751260e+02   5.7236282e+02   8.2046914e+02   7.2160227e+02   4.7668187e+02   7.7264831e+02   6.6143345e+02   5.5595677e+02   6.8196128e+02
   3.2190988e+02   6.2166105e+02   7.1473457e+02   6.3384196e+02   7.3337256e+02   6.6824205e+02   7.3896131e+02   6.7558044e+02   7.0180132e+02   6.9689834e+02   5.6718993e+02   7.3056299e+02   6.4452751e+02   6.2579946e+02   5.9354489e+02   7.4740828e+02   6.4086348e+02   6.0907710e+02   6.6518686e+02   8.8498334e+02   7.7472401e+02   6.9809155e+02   5.7236282e+02   5.6283196e+02   7.2135435e+02   4.7668187e+02   7.7264831e+02   6.6143345e+02   5.5595677e+02   6.8196128e+02
   3.2190988e+02   6.2166105e+02   4.3499766e+02   4.0786138e+02   6.5688676e+02   6.6824205e+02   3.0458422e+02   6.7558044e+02   7.0180132e+02   6.9689834e+02   5.6718993e+02   6.6790076e+02   6.3217683e+02   6.2579946e+02   5.9354489e+02   7.4740828e+02   6.4086348e+02   4.7805231e+02   4.3336898e+02   7.4030629e+02   7.7180313e+02   6.9809155e+02   5.7236282e+02   5.6283196e+02   6.5420885e+02   4.7668187e+02   7.7264831e+02   6.6143345e+02   5.5595677e+02   6.8196128e+02
   3.2190988e+02   5.4780250e+02   4.3499766e+02   4.0786138e+02   6.5688676e+02   5.8326898e+02   3.0458422e+02   4.6208687e+02   7.0180132e+02   6.0756368e+02   5.6718993e+02   6.6790076e+02   6.3217683e+02   6.0907518e+02   4.1427347e+02   5.1609784e+02   6.2131978e+02   4.7805231e+02   3.0687994e+02   7.4030629e+02   7.7180313e+02   5.6310891e+02   2.0967397e+02   5.6283196e+02   6.5420885e+02   4.7668187e+02   5.3123080e+02   6.6143345e+02   4.3479851e+02   6.8196128e+02
   3.2190988e+02   5.4780250e+02   4.0621971e+02   4.0786138e+02   6.1882811e+02   5.3312084e+02   3.0458422e+02   4.6208687e+02   6.3050549e+02   6.0756368e+02   4.0936387e+02   6.0891143e+02   6.3217683e+02   6.0907518e+02   4.1427347e+02   5.1609784e+02   6.2131978e+02   4.7805231e+02   3.0687994e+02   4.5816523e+02   4.1450856e+02   5.6310891e+02   2.0967397e+02   5.6283196e+02   3.1362912e+02   3.4999697e+02   4.2018673e+02   6.5042029e+02   4.3479851e+02   5.3198833e+02
   3.2190988e+02   4.0236920e+02   3.2153589e+02   4.0786138e+02   4.4837957e+02   4.7060087e+02   3.0458422e+02   3.8795006e+02   4.6673762e+02   4.8446216e+02   4.0936387e+02   4.2360330e+02   4.3979755e+02   2.9621777e+02   2.2105420e+02   3.2234253e+02   3.8890612e+02   4.3697553e+02   3.0687994e+02   4.4988715e+02   3.5205103e+02   4.0662926e+02   2.0967397e+02   3.3712138e+02   2.6744665e+02   2.4447136e+02   3.9209183e+02   4.7805275e+02   2.8533258e+02   3.7611549e+02
   2.7583664e+02   2.2721621e+02   2.8873679e+02   1.2323195e+02   3.9053194e+02   2.8038167e+02   3.0322926e+02   2.8999667e+02   3.3259075e+02   3.2208876e+02   2.2649210e+02   2.0326221e+02   3.4671198e+02   2.8548807e+02   1.8429759e+02   3.2234253e+02   1.7563844e+02   2.6450296e+02   2.1726378e+02   2.6770541e+02   3.2608130e+02   4.0493778e+02   1.6461490e+02   2.3436708e+02   2.6744665e+02   2.4447136e+02   2.3249239e+02   3.2394185e+02   2.8533258e+02   3.3370961e+02
   1.3250801e+02   1.8660039e+02   2.1520225e+02   1.2323195e+02   2.8355510e+02   2.4611047e+02   2.1773586e+02   2.2412699e+02   1.6463866e+02   2.7569476e+02   1.1716828e+02   2.0129414e+02   2.8555325e+02   1.7674011e+02   1.8429759e+02   2.0133987e+02   1.7076686e+02   2.6450296e+02   1.8848586e+02   2.5155744e+02   1.5786851e+02   2.1445249e+02   1.6461490e+02   1.9606267e+02   1.7732861e+02   1.5780682e+02   2.0290981e+02   1.6196731e+02   9.6986137e+01   1.5938237e+02
   1.3250801e+02   1.3730034e+02   1.4334657e+02   9.3052449e+01   1.4540775e+02   2.0075331e+02   1.0031982e+02   4.6169037e+01   1.4886563e+02   6.2224420e+01   6.5261902e+01   6.8752657e+01   1.9288136e+02   1.7674011e+02   1.0671044e+02   1.4490287e+02   1.3160541e+02   1.2232231e+02   1.7176853e+02   7.2349550e+01   4.2433472e+01   2.1445249e+02   1.6461490e+02   5.2497035e+01   7.4131158e+01   9.8933407e+01   1.7186856e+02   1.1725285e+02   8.6017798e+01   1.3925443e+02
   8.7988462e+01   6.2686958e+01   8.4642075e+01   6.6825167e+01   1.0146546e+02   1.1697474e+02   6.9850953e+01   3.9176701e+01   1.0162987e+02   6.2224420e+01   6.5261902e+01   6.8752657e+01   8.3200805e+01   1.7215906e+02   1.0671044e+02   1.4490287e+02   3.9570081e+01   9.6267413e+01   8.7151598e+01   5.4722819e+01   4.2433472e+01   5.5493284e+01   7.5112234e+01   3.4632625e+01   6.8820696e+01   4.4618108e+01   1.0200002e+02   9.7891732e+01   8.6017798e+01   8.2449826e+01
   5.9435995e+01   6.2686958e+01   8.4642075e+01   4.6680085e+01   2.4081023e+01   6.1368948e+01   3.0061155e+01   3.1341665e+01   4.7323803e+01   6.2224420e+01   3.1966195e+01   5.4519575e+01   4.4978145e+01   4.4920453e+01   6.8999554e+01   6.1487720e+01   3.9570081e+01   5.8417332e+01   6.4581276e+01   4.7439660e+01   4.2433472e+01   5.5493284e+01   4.9844788e+01   3.4632625e+01   3.3430272e+01   4.4618108e+01   7.6994238e+01   3.9783986e+01   8.5556500e+01   8.2449826e+01
   2.4554390e+01   2.3398662e+01   4.3278644e+01   1.8210867e+01   2.4081023e+01   1.9359368e+01   2.4129140e+01   1.1341221e+01   1.8085594e+01   2.7911530e+01   2.3614751e+01   1.1484056e+01   2.9148820e+01   3.6900954e+01   9.2609678e+00   2.7026070e+01   2.3979802e+01   3.1445811e+01   3.1525431e+01   1.1345455e+01   2.9405652e+01   2.4787516e+01   4.2062195e+01   3.4632625e+01   2.5498704e+01   1.2146764e+01   3.9089892e+01   2.6461727e+01   4.0387118e+01   3.1455487e+01
   6.3528146e+00   6.3308063e+00   8.4928672e+00   7.6951378e+00   7.4293407e+00   4.3339242e+00   1.0087760e+01   4.1307877e+00   4.7140557e+00   8.3356760e+00   6.5561349e+00   4.4530084e+00   8.4526927e+00   3.9157405e+00   5.9926268e+00   8.6966329e+00   5.8521937e+00   6.9671723e+00   7.5020385e+00   5.4422650e+00   9.2862348e+00   6.7166749e+00   8.9589564e+00   1.3472020e+01   6.4695003e+00   4.5682292e+00   6.2198733e+00   1.1521980e+01   7.9812751e+00   8.4135039e+00
   1.1629388e-01   1.2350702e-01   1.7877547e-01   2.2773301e-01   2.8657594e-01   2.8787747e-01   2.9887818e-01   3.0473759e-01   3.1677598e-01   3.1681492e-01   3.1716962e-01   3.2047743e-01   3.2759244e-01   3.5046048e-01   3.5930091e-01   3.6382147e-01   3.6557033e-01   3.7088603e-01   3.7640990e-01   4.3539810e-01   4.5345956e-01   4.6075779e-01   4.9029495e-01   4.9144088e-01   5.0101758e-01   5.0593280e-01   5.2697346e-01   7.0572647e-01   7.5904727e-01   7.7106399e-01
