   1.2912741e+03   1.4042490e+03   1.1671993e+03   1.2588018e+03   1.2273452e+03   1.2371638e+03   1.1111721e+03   1.1148252e+03   1.1950347e+03   1.3616581e+03   1.2004757e+03   1.3934469e+03   1.2957362e+03   1.3223241e+03   1.1650671e+03   1.3467416e+03   1.2644730e+03   9.7126898e+02   1.3029217e+03   1.3298630e+03   1.2753099e+03   1.3391206e+03   1.3142221e+03   1.2048577e+03   1.1964209e+03   1.2174931e+03   1.4061119e+03   1.3050830e+03   1.0847779e+03   1.1817249e+03
   5.4006826e+02   7.2702222e+02   8.2092102e+02   4.6329357e+02   4.6990168e+02   7.5500238e+02   5.4160658e+02   8.7682946e+02   5.3423471e+02   4.4432209e+02   5.2459022e+02   2.9795334e+02   1.7043261e+02   2.1302050e+02   3.0733190e+02   3.8474970e+02   4.5646457e+02   3.1359226e+02   6.9364646e+02   5.3659530e+02   5.5276645e+02   8.6043645e+02   6.7762567e+02   4.1058379e+02   4.6672088e+02   7.0871793e+02   8.0730551e+02   3.2010276e+02   6.2567964e+02   4.1922286e+02
   3.5655871e+02   5.2596905e+02   4.4615965e+02   3.4860488e+02   3.7198373e+02   4.0820895e+02   3.7787009e+02   4.7741451e+02   2.0575669e+02   3.7618362e+02   3.1011576e+02   2.9795334e+02   1.7043261e+02   2.1302050e+02   3.0733190e+02   3.1435127e+02   3.3799707e+02   3.0695303e+02   2.1528476e+02   4.3205779e+02   3.9214478e+02   5.2756141e+02   1.3772506e+02   2.7049808e+02   3.0166981e+02   2.1855381e+02   4.4460822e+02   2.1836757e+02   2.3616885e+02   3.4316410e+02
   3.3879946e+02   1.6438179e+01   1.5116228e+02   3.4860488e+02   1.9981616e+02   2.2417657e+02   1.3752417e+02   1.7695857e+02   2.0575669e+02   2.7462939e+02   1.9183362e+02   2.9795334e+02   1.3156977e+02   1.3388968e+02   2.8955896e+02   1.6602511e+02   1.4106515e+02   2.7401160e+02   2.1528476e+02   1.3987606e+02   2.0802265e+02   2.2803596e+02   1.3772506e+02   1.7848675e+02   2.6850825e+02   1.8602884e+02   2.8114721e+02   2.1836757e+02   2.3616885e+02   2.2697396e+02
   1.6446537e+02   1.6438179e+01   1.2719241e+02   2.2468936e+02   1.8382693e+02   1.5383913e+02   1.2751608e+02   1.7695857e+02   1.2777425e+02   2.4529539e+02   1.4820814e+02   1.4858432e+02   1.3156977e+02   9.1159153e+01   1.4438116e+02   1.6602511e+02   1.4106515e+02   1.6226524e+02   2.0453906e+02   1.3987606e+02   2.0684326e+02   2.2803596e+02   1.3772506e+02   1.0052357e+02   1.6227138e+02   1.7399978e+02   2.1715971e+02   1.5119825e+02   1.5392174e+02   1.7444832e+02
   1.6446537e+02   1.6438179e+01   1.2719241e+02   1.2438600e+02   1.8382693e+02   1.5161274e+02   1.0925772e+02   1.6930911e+02   1.2777425e+02   1.5814990e+02   1.3959397e+02   1.4858432e+02   1.3156977e+02   9.1159153e+01   1.4438116e+02   1.5728395e+02   1.4106515e+02   8.3255184e+01   1.4533752e+02   1.3987606e+02   1.6662667e+02   1.6439482e+02   9.9087151e+01   1.0052357e+02   1.6227138e+02   1.7399978e+02   1.6510447e+02   1.2387047e+02   1.5392174e+02   1.4854006e+02
   1.5432648e+02   1.6438179e+01   1.2719241e+02   7.2411643e+01   8.4335415e+01   4.9518813e+01   1.0925772e+02   1.6930911e+02   1.2777425e+02   1.2080772e+02   1.1518428e+02   1.4858432e+02   1.3156977e+02   9.1159153e+01   1.1670074e+02   1.4059288e+02   9.8963813e+01   8.3255184e+01   1.4533752e+02   1.3657908e+02   7.4255762e+01   5.4974364e+01   9.9087151e+01   1.0052357e+02   1.5193519e+02   1.0907543e+02   1.2947238e+02   9.7009520e+01   6.7667891e+01   1.4109478e+02
   8.5782149e+01   1.6438179e+01   9.0885886e+01   4.8208793e+01   8.3253466e+01   4.4859160e+01   8.8026979e+01   1.0065546e+02   9.0658108e+01   6.2989011e+01   1.1130423e+02   7.8376630e+01   1.0411112e+02   9.1011196e+01   7.6245852e+01   1.1588687e+02   8.6050066e+01   6.7610046e+01   7.8295026e+01   9.1726533e+01   7.4255762e+01   5.4974364e+01   8.5889547e+01   9.2000350e+01   2.2671620e+01   7.8660134e+01   7.3308177e+01   6.3430346e+01   6.7667891e+01   6.9929787e+01
   2.6167796e+01   1.6438179e+01   1.1233978e+01   1.4122105e+01   2.8630622e+01   1.8658657e+01   1.5159122e+01   2.5416647e+01   1.8747510e+01   7.6741163e+00   2.9179712e+01   2.1949282e+01   2.2296699e+01   2.3584561e+01   3.6729036e+01   2.8197828e+01   1.7681291e+01   2.2400370e+01   2.9713895e+01   2.8546594e+01   3.0575813e+01   2.4921227e+01   2.6790250e+01   2.7354111e+01   1.7440177e+01   3.8446258e+01   2.0502844e+01   2.9139455e+01   1.7911891e+01   2.1040523e+01
   4.9504063e+00   4.9959976e+00   6.4087900e+00   4.7248240e+00   2.2917669e+00   5.0022441e+00   4.1415228e+00   8.0359656e+00   6.3873500e+00   7.5998581e+00   6.9636589e+00   6.9869009e+00   6.7720967e+00   2.7426812e+00   8.5282119e+00   7.1756308e+00   7.6387157e+00   8.5610341e+00   2.8345143e+00   7.4733846e+00   3.3266884e+00   8.2406776e+00   3.5179311e+00   9.6746942e+00   9.0093223e+00   7.1841600e+00   8.4015887e+00   7.2442551e+00   8.2434387e+00   7.3718707e+00
   4.1267994e-02   4.2966403e-02   4.4866627e-02   4.0782196e-02   2.9463779e-02   4.2040209e-02   5.0708177e-02   4.5920628e-02   5.6167716e-02   4.0827373e-02   5.1247471e-02   4.7479116e-02   4.2108868e-02   6.6382368e-02   3.3797493e-02   3.5447234e-02   3.4033191e-02   5.3223572e-02   4.6640323e-02   3.8436547e-02   4.9013906e-02   4.3943188e-02   2.2822797e-02   5.9033867e-02   5.0136560e-02   3.9194685e-02   4.9593404e-02   1.1852880e-02   3.9444793e-02   4.3090204e-02
   4.7935379e-05   3.3013425e-05   4.1030342e-05   1.5033093e-05   3.5185230e-05   1.9194892e-05   8.3445339e-06   3.2340566e-05   2.1937627e-05   3.1496264e-05   2.2994734e-05   4.4081597e-05   2.9821626e-05   1.5494807e-05   2.1605857e-05   3.7892026e-05   1.4231009e-05   2.3229335e-05   1.6681040e-05   7.8024832e-06   2.0033890e-05   3.1861372e-05   3.2393802e-05   1.9397513e-05   2.9045146e-05   3.8423145e-05   2.7876826e-05   3.1709788e-05   2.4326432e-05   3.5237437e-05
   0.0000000e+00   0.0000000e+00   0.0000000e+00   0.0000000e+00   0.0000000e+00   0.0000000e+00   0.0000000e+00   0.0000000e+00   0.0000000e+00   0.0000000e+00   0.0000000e+00   0.0000000e+00   0.0000000e+00   0.0000000e+00   0.0000000e+00   0.0000000e+00   0.0000000e+00   0.0000000e+00   0.0000000e+00   0.0000000e+00   0.0000000e+00   0.0000000e+00   0.0000000e+00   0.0000000e+00   0.0000000e+00   0.0000000e+00   0.0000000e+00   0.0000000e+00   0.0000000e+00   0.0000000e+00
   0.0000000e+00   0.0000000e+00   0.0000000e+00   0.0000000e+00   0.0000000e+00   0.0000000e+00   0.0000000e+00   0.0000000e+00   0.0000000e+00   0.0000000e+00   0.0000000e+00   0.0000000e+00   0.0000000e+00   0.0000000e+00   0.0000000e+00   0.0000000e+00   0.0000000e+00   0.0000000e+00   0.0000000e+00   0.0000000e+00   0.0000000e+00   0.0000000e+00   0.0000000e+00   0.0000000e+00   0.0000000e+00   0.0000000e+00   0.0000000e+00   0.0000000e+00   0.0000000e+00   0.0000000e+00
   0.0000000e+00   0.0000000e+00   0.0000000e+00   0.0000000e+00   0.0000000e+00   0.0000000e+00   0.0000000e+00   0.0000000e+00   0.0000000e+00   0.0000000e+00   0.0000000e+00   0.0000000e+00   0.0000000e+00   0.0000000e+00   0.0000000e+00   0.0000000e+00   0.0000000e+00   0.0000000e+00   0.0000000e+00   0.0000000e+00   0.0000000e+00   0.0000000e+00   0.0000000e+00   0.0000000e+00   0.0000000e+00   0.0000000e+00   0.0000000e+00   0.0000000e+00   0.0000000e+00   0.0000000e+00
   0.0000000e+00   0.0000000e+00   0.0000000e+00   0.0000000e+00   0.0000000e+00   0.0000000e+00   0.0000000e+00   0.0000000e+00   0.0000000e+00   0.0000000e+00   0.0000000e+00   0.0000000e+00   0.0000000e+00   0.0000000e+00   0.0000000e+00   0.0000000e+00   0.0000000e+00   0.0000000e+00   0.0000000e+00   0.0000000e+00   0.0000000e+00   0.0000000e+00   0.0000000e+00   0.0000000e+00   0.0000000e+00   0.0000000e+00   0.0000000e+00   0.0000000e+00   0.0000000e+00   0.0000000e+00
