   5.2233051e+03   4.5680233e+03   4.9516885e+03   5.2058096e+03   5.1261641e+03   5.1181587e+03   4.2901479e+03   4.9295235e+03   5.0516286e+03   5.3510381e+03   4.9151897e+03   5.5025077e+03   5.1247535e+03   4.5131485e+03   5.1807160e+03   4.6946574e+03   4.7168526e+03   5.2926374e+03   4.9851320e+03   5.2749013e+03   5.0824979e+03   5.2102661e+03   5.3789309e+03   5.0266106e+03   5.4827976e+03   5.1840025e+03   5.0496348e+03   4.4870937e+03   4.9400568e+03   4.8769726e+03
   5.3272258e+02   1.9683324e+02   8.7732339e+01   4.3514553e+02   1.2219494e+02   5.3007415e+02   4.6671143e+02   6.1614329e-01   4.0280958e+02   9.2979501e+01   1.2496598e+03   2.6825860e-01   1.7487598e+02   9.3183349e+02   1.8409462e+02   1.2485763e+02   2.8863319e+02   1.2468604e+03   1.5538018e+02   2.4207081e+01   1.3116543e+02   2.2201720e+02   6.3768492e+02   4.8240483e+02   1.5517615e+02   6.7497497e+02   1.1113191e+03   7.6591347e-04   8.7657820e-01   1.4629146e+01
   1.8548547e+02   2.0314286e+01   8.7732339e+01   2.7872140e+02   7.4133860e+00   1.8234214e+02   4.1439030e+02   6.1614329e-01   6.6988950e+01   5.5082486e+00   6.3956641e-01   2.6825860e-01   1.7927194e+00   9.2077192e-01   3.7401355e+01   1.2485763e+02   9.6645663e+01   1.3982636e+02   8.0118408e+01   2.4207081e+01   1.3116543e+02   6.6989290e+01   3.6597083e+00   2.9971858e+02   1.5517615e+02   3.2138606e+02   9.5214479e+01   7.6591347e-04   8.7657820e-01   1.0516885e+01
   1.3134058e+02   2.0314286e+01   1.4095354e+01   8.6578714e+00   7.4133860e+00   3.9007696e+01   9.7449314e+01   6.1614329e-01   6.6988950e+01   5.5082486e+00   6.3956641e-01   2.6825860e-01   9.1437966e-01   9.2077192e-01   3.7401355e+01   3.0200107e+01   1.3266993e+01   1.0037806e+02   1.0401599e+01   2.4207081e+01   4.8000716e+00   1.2588060e+01   3.6597083e+00   4.5864133e+01   1.1843122e+02   3.3471979e+01   5.0161197e+01   7.6591347e-04   8.7657820e-01   1.0516885e+01
   4.6256751e+00   1.9016469e-02   1.4095354e+01   5.8143106e+00   2.2474309e+00   3.9007696e+01   1.9335187e+01   6.1614329e-01   1.7600093e+00   5.5082486e+00   6.3956641e-01   2.6825860e-01   9.1437966e-01   9.2077192e-01   1.4649490e+00   6.4703344e-01   7.6726751e+00   1.0037806e+02   1.8297884e+00   9.8905310e+00   4.8000716e+00   6.7569596e+00   2.2660589e+00   3.1011344e+01   2.8790812e+01   1.5100026e+01   1.1607735e+01   7.6591347e-04   8.7657820e-01   1.0516885e+01
   1.2621461e+00   7.8356489e-03   8.4562197e-01   4.8007271e+00   2.2474309e+00   2.3269943e-02   5.8906734e+00   6.1614329e-01   1.7600093e+00   4.2135485e-01   6.3956641e-01   2.6825860e-01   1.5816408e-01   9.2077192e-01   3.2310393e-01   6.4703344e-01   1.4348048e+00   1.6474539e+01   1.8297884e+00   6.8676804e+00   3.5304243e+00   1.5311446e-02   7.8617972e-01   8.5494207e+00   9.0122369e-01   1.4966647e+01   1.1607735e+01   7.6591347e-04   8.7657820e-01   6.1010086e-01
   8.6172753e-01   7.8356489e-03   1.8114915e-01   1.6274532e-01   4.8594051e-01   2.3269943e-02   1.9669635e-01   1.0335741e-01   2.4236509e-01   4.2135485e-01   6.3956641e-01   2.6825860e-01   3.1870060e-02   9.2077192e-01   3.2310393e-01   5.3259900e-02   7.0488629e-02   1.4683786e+00   6.9126154e-01   4.9814536e-01   2.1108236e-01   1.5311446e-02   7.8617972e-01   2.3976439e-03   9.0122369e-01   1.1259790e+00   4.2082672e+00   7.6591347e-04   8.7657820e-01   8.5588518e-02
   1.0079983e-04   7.8356489e-03   1.8114915e-01   1.6274532e-01   1.1484686e-02   2.3269943e-02   1.9669635e-01   1.0335741e-01   2.4236509e-01   4.2135485e-01   6.3956641e-01   2.6825860e-01   2.5259451e-03   1.0555063e-01   3.2310393e-01   8.3847718e-03   7.0488629e-02   5.2773055e-01   6.9126154e-01   4.1106932e-04   7.3801852e-02   5.4023103e-03   4.2841861e-01   2.3976439e-03   3.9495594e-01   1.1259790e+00   8.7757806e-02   7.6591347e-04   8.7657820e-01   8.5588518e-02
   1.0079983e-04   7.3072926e-03   1.0145849e-01   1.6274532e-01   1.1484686e-02   1.7775392e-02   1.1770638e-01   2.4300267e-02   9.5774542e-02   1.0293326e-01   2.6328309e-03   1.7083368e-01   2.5259451e-03   4.4409984e-02   2.2219630e-01   8.3847718e-03   7.0886944e-04   4.1899108e-01   9.3777175e-02   4.1106932e-04   2.3019382e-04   5.4023103e-03   7.7582824e-02   2.3976439e-03   2.9407024e-01   2.2362237e-02   6.6860091e-02   7.6591347e-04   4.4622430e-02   4.6178378e-02
   1.0833868e-05   1.0259773e-05   1.7816203e-05   6.0404873e-06   9.1695454e-05   1.2186410e-06   1.1829601e-05   3.6434667e-05   3.6815050e-05   3.6451038e-06   2.0814663e-05   4.2287707e-05   2.5811600e-05   3.9708852e-05   1.5116306e-05   2.5145364e-06   8.1741855e-06   5.0743889e-05   8.0156298e-05   6.4475353e-07   5.1464913e-05   1.0739150e-06   7.0796232e-06   2.9466716e-04   7.3129213e-06   1.7166240e-06   4.3091957e-04   1.0549276e-05   5.2701944e-07   3.5840769e-05
   0.0000000e+00   0.0000000e+00   0.0000000e+00   0.0000000e+00   0.0000000e+00   0.0000000e+00   0.0000000e+00   0.0000000e+00   0.0000000e+00   0.0000000e+00   0.0000000e+00   0.0000000e+00   0.0000000e+00   0.0000000e+00   0.0000000e+00   0.0000000e+00   0.0000000e+00   0.0000000e+00   0.0000000e+00   0.0000000e+00   0.0000000e+00   0.0000000e+00   0.0000000e+00   0.0000000e+00   0.0000000e+00   0.0000000e+00   0.0000000e+00   0.0000000e+00   0.0000000e+00   0.0000000e+00
   0.0000000e+00   0.0000000e+00   0.0000000e+00   0.0000000e+00   0.0000000e+00   0.0000000e+00   0.0000000e+00   0.0000000e+00   0.0000000e+00   0.0000000e+00   0.0000000e+00   0.0000000e+00   0.0000000e+00   0.0000000e+00   0.0000000e+00   0.0000000e+00   0.0000000e+00   0.0000000e+00   0.0000000e+00   0.0000000e+00   0.0000000e+00   0.0000000e+00   0.0000000e+00   0.0000000e+00   0.0000000e+00   0.0000000e+00   0.0000000e+00   0.0000000e+00   0.0000000e+00   0.0000000e+00
   0.0000000e+00   0.0000000e+00   0.0000000e+00   0.0000000e+00   0.0000000e+00   0.0000000e+00   0.0000000e+00   0.0000000e+00   0.0000000e+00   0.0000000e+00   0.0000000e+00   0.0000000e+00   0.0000000e+00   0.0000000e+00   0.0000000e+00   0.0000000e+00   0.0000000e+00   0.0000000e+00   0.0000000e+00   0.0000000e+00   0.0000000e+00   0.0000000e+00   0.0000000e+00   0.0000000e+00   0.0000000e+00   0.0000000e+00   0.0000000e+00   0.0000000e+00   0.0000000e+00   0.0000000e+00
   0.0000000e+00   0.0000000e+00   0.0000000e+00   0.0000000e+00   0.0000000e+00   0.0000000e+00   0.0000000e+00   0.0000000e+00   0.0000000e+00   0.0000000e+00   0.0000000e+00   0.0000000e+00   0.0000000e+00   0.0000000e+00   0.0000000e+00   0.0000000e+00   0.0000000e+00   0.0000000e+00   0.0000000e+00   0.0000000e+00   0.0000000e+00   0.0000000e+00   0.0000000e+00   0.0000000e+00   0.0000000e+00   0.0000000e+00   0.0000000e+00   0.0000000e+00   0.0000000e+00   0.0000000e+00
   0.0000000e+00   0.0000000e+00   0.0000000e+00   0.0000000e+00   0.0000000e+00   0.0000000e+00   0.0000000e+00   0.0000000e+00   0.0000000e+00   0.0000000e+00   0.0000000e+00   0.0000000e+00   0.0000000e+00   0.0000000e+00   0.0000000e+00   0.0000000e+00   0.0000000e+00   0.0000000e+00   0.0000000e+00   0.0000000e+00   0.0000000e+00   0.0000000e+00   0.0000000e+00   0.0000000e+00   0.0000000e+00   0.0000000e+00   0.0000000e+00   0.0000000e+00   0.0000000e+00   0.0000000e+00
   0.0000000e+00   0.0000000e+00   0.0000000e+00   0.0000000e+00   0.0000000e+00   0.0000000e+00   0.0000000e+00   0.0000000e+00   0.0000000e+00   0.0000000e+00   0.0000000e+00   0.0000000e+00   0.0000000e+00   0.0000000e+00   0.0000000e+00   0.0000000e+00   0.0000000e+00   0.0000000e+00   0.0000000e+00   0.0000000e+00   0.0000000e+00   0.0000000e+00   0.0000000e+00   0.0000000e+00   0.0000000e+00   0.0000000e+00   0.0000000e+00   0.0000000e+00   0.0000000e+00   0.0000000e+00
