   4.5972303e+03   3.7657282e+03   3.4477449e+03   3.7763775e+03   4.4037944e+03   4.1101062e+03   2.4297624e+03   4.7654051e+03   4.2873194e+03   3.4357698e+03   3.7151563e+03   5.2849625e+03   3.9769068e+03   4.3452405e+03   2.9647791e+03   2.3859222e+03   5.0633562e+03   3.4851579e+03   4.1967277e+03   5.8088885e+03   3.7217308e+03   4.2579020e+03   4.4060534e+03   4.7465737e+03   5.3730319e+03   4.3185127e+03   4.1410607e+03   2.9789664e+03   4.3727838e+03   2.9954030e+03
   3.5528795e+03   2.6844071e+03   2.8308413e+03   3.5845333e+03   3.4801656e+03   3.8661951e+03   2.4297624e+03   2.6608858e+03   2.4832506e+03   2.2729906e+03   2.9339453e+03   3.4443004e+03   3.6330296e+03   3.5847020e+03   2.9647791e+03   2.3859222e+03   2.1947337e+03   3.1058108e+03   3.9938593e+03   3.3313807e+03   2.1211896e+03   3.2468146e+03   3.4803818e+03   2.2737870e+03   2.4785583e+03   2.2062698e+03   3.0642369e+03   2.6533674e+03   2.8253163e+03   2.9954030e+03
   3.5528795e+03   2.6844071e+03   2.8308413e+03   2.7510023e+03   2.7443227e+03   2.8333386e+03   2.2262166e+03   2.6608858e+03   2.4832506e+03   2.0696617e+03   1.9071738e+03   3.1572432e+03   2.8184349e+03   2.5192286e+03   1.6587871e+03   2.3859222e+03   2.1501118e+03   2.9077289e+03   2.2192968e+03   2.5900837e+03   2.1211896e+03   1.9658391e+03   2.1724132e+03   2.2737870e+03   2.4152715e+03   2.2062698e+03   2.4870706e+03   2.6414305e+03   2.0341098e+03   2.2186383e+03
   2.4138271e+03   2.3769526e+03   2.6718779e+03   2.5237385e+03   2.0759340e+03   2.2450120e+03   2.2262166e+03   2.1157184e+03   2.4832506e+03   2.0696617e+03   1.9071738e+03   1.6957506e+03   2.1655182e+03   1.9795624e+03   1.6587871e+03   2.3859222e+03   2.1501118e+03   1.5213353e+03   2.2192968e+03   2.4743236e+03   1.6754501e+03   1.9658391e+03   2.1724132e+03   1.9115214e+03   2.2575479e+03   2.0171393e+03   2.2135049e+03   2.6414305e+03   2.0341098e+03   2.2186383e+03
   2.2250481e+03   1.4211602e+03   2.3440189e+03   2.2822652e+03   1.8046812e+03   2.2450120e+03   2.0832708e+03   2.1157184e+03   2.2387319e+03   1.9816490e+03   1.8831670e+03   1.6957506e+03   2.1655182e+03   1.9795624e+03   1.4172775e+03   2.3363823e+03   1.9976009e+03   1.3681066e+03   1.9656039e+03   2.4743236e+03   1.6754501e+03   1.8345534e+03   1.8959817e+03   1.7457448e+03   1.9422184e+03   1.6993059e+03   2.2135049e+03   2.1221211e+03   2.0341098e+03   1.7588966e+03
   1.9946468e+03   1.4211602e+03   1.7081960e+03   1.9417710e+03   1.8046812e+03   2.0219296e+03   1.8508766e+03   1.9000870e+03   2.0472552e+03   1.9816490e+03   1.8028566e+03   1.6750257e+03   1.9695664e+03   1.9795624e+03   1.4172775e+03   1.7349519e+03   1.9316839e+03   1.3681066e+03   1.6925848e+03   1.8726078e+03   1.6754501e+03   1.8132124e+03   1.8959817e+03   1.7457448e+03   1.9422184e+03   1.6993059e+03   1.7882581e+03   1.1502996e+03   1.7662115e+03   1.7588966e+03
   1.7747962e+03   1.4211602e+03   1.7081960e+03   1.8668741e+03   1.4494783e+03   1.9663133e+03   1.8508766e+03   1.8589658e+03   1.6926520e+03   1.6745660e+03   1.7532440e+03   1.6750257e+03   1.6273511e+03   1.8719891e+03   1.3048765e+03   1.7349519e+03   1.5451013e+03   1.3681066e+03   1.4776105e+03   1.8631451e+03   1.5162592e+03   1.6293858e+03   1.3788309e+03   1.7457448e+03   1.5968166e+03   1.6993059e+03   1.4709793e+03   1.1502996e+03   1.7662115e+03   1.7588966e+03
   1.7747962e+03   1.4211602e+03   1.7081960e+03   1.8668741e+03   1.4041326e+03   1.3784163e+03   1.8508766e+03   1.4347280e+03   1.6926520e+03   1.3262089e+03   1.5265625e+03   1.0384872e+03   1.5431074e+03   1.3866742e+03   1.2529146e+03   1.7173076e+03   1.5383879e+03   1.3681066e+03   1.2940171e+03   1.4231950e+03   1.5162592e+03   1.6293858e+03   1.1147735e+03   1.4101459e+03   1.5085975e+03   1.2351844e+03   1.2840013e+03   1.1310672e+03   1.4003792e+03   1.5475335e+03
   1.4374189e+03   1.4211602e+03   1.5701740e+03   1.7395831e+03   1.4041326e+03   1.3784163e+03   1.7422463e+03   1.1518597e+03   1.6803519e+03   1.0626115e+03   1.5265625e+03   1.0384872e+03   1.4963822e+03   1.2137772e+03   1.1930031e+03   1.6855744e+03   1.4170024e+03   1.3681066e+03   1.2940171e+03   1.4231950e+03   1.4141869e+03   1.3941775e+03   1.1147735e+03   1.4101459e+03   1.4965366e+03   1.1429530e+03   1.2840013e+03   1.1310672e+03   1.4003792e+03   9.2162964e+02
   8.8616246e+02   8.1711091e+02   9.4656089e+02   1.0022029e+03   7.7042187e+02   7.1948817e+02   9.7240027e+02   8.5076581e+02   8.3244165e+02   8.1784237e+02   7.7183326e+02   9.3992514e+02   8.0611373e+02   8.5879824e+02   6.3407412e+02   8.4665280e+02   9.0031255e+02   8.7332800e+02   8.7035592e+02   7.5903851e+02   8.3540728e+02   8.1175373e+02   8.3379567e+02   8.1781240e+02   8.6907164e+02   8.0729892e+02   7.8298456e+02   8.4617228e+02   8.7735405e+02   7.5710292e+02
   5.7608894e+02   5.7498161e+02   5.8707790e+02   5.8266026e+02   5.6065301e+02   5.4817114e+02   5.6942600e+02   5.6725168e+02   5.6609629e+02   5.5995000e+02   5.3964564e+02   5.6247180e+02   5.4612959e+02   5.8307757e+02   5.4704420e+02   5.5789732e+02   5.6209589e+02   5.6855362e+02   5.6285096e+02   5.7703434e+02   5.7127444e+02   5.7825308e+02   5.6056862e+02   5.4989819e+02   5.6013411e+02   5.6376600e+02   5.6076862e+02   5.5689148e+02   5.6917445e+02   5.7426334e+02
   4.8723940e+02   4.8500111e+02   4.8981744e+02   4.9362216e+02   4.9331405e+02   4.9097057e+02   4.9082956e+02   4.9211265e+02   4.9432249e+02   4.8858227e+02   4.8831603e+02   4.9156773e+02   4.8688490e+02   4.9821090e+02   4.9396983e+02   4.8912384e+02   4.9651069e+02   4.9969383e+02   4.9644132e+02   4.9779330e+02   4.9484918e+02   4.9428410e+02   4.9408828e+02   4.9076769e+02   4.9002819e+02   4.8793086e+02   5.0019600e+02   4.9030576e+02   4.9393514e+02   4.9637648e+02
   4.1594548e+02   4.5913281e+02   4.2123900e+02   4.2928079e+02   4.1753987e+02   4.1589949e+02   4.5570587e+02   4.1842839e+02   4.4938868e+02   4.4186891e+02   4.2183075e+02   4.1972796e+02   4.5927827e+02   4.6648789e+02   4.1700167e+02   4.1842057e+02   4.6853420e+02   4.3200297e+02   4.5720358e+02   4.1774485e+02   4.6403538e+02   4.2408650e+02   4.6234264e+02   4.1624518e+02   4.5358268e+02   4.1732836e+02   4.5002545e+02   4.4161752e+02   4.3139831e+02   4.4697048e+02
   4.1392447e+02   4.1405649e+02   4.1396674e+02   4.1398455e+02   4.1391880e+02   4.1388253e+02   4.1411682e+02   4.1392313e+02   4.1405457e+02   4.1400616e+02   4.1393951e+02   4.1398738e+02   4.1404651e+02   4.1412446e+02   4.1389832e+02   4.1395403e+02   4.1412780e+02   4.1395035e+02   4.1403985e+02   4.1396339e+02   4.1404835e+02   4.1398345e+02   4.1410379e+02   4.1388935e+02   4.1405691e+02   4.1391202e+02   4.1404841e+02   4.1387996e+02   4.1397542e+02   4.1400940e+02
   4.1365734e+02   4.1365734e+02   4.1365804e+02   4.1365743e+02   4.1365734e+02   4.1365734e+02   4.1365736e+02   4.1365734e+02   4.1365738e+02   4.1365735e+02   4.1365749e+02   4.1365734e+02   4.1365737e+02   4.1365739e+02   4.1365734e+02   4.1365778e+02   4.1366041e+02   4.1365736e+02   4.1365741e+02   4.1365734e+02   4.1365739e+02   4.1365754e+02   4.1365739e+02   4.1365734e+02   4.1365753e+02   4.1365734e+02   4.1365735e+02   4.1365736e+02   4.1365847e+02   4.1365845e+02
   4.1365734e+02   4.1365734e+02   4.1365734e+02   4.1365734e+02   4.1365734e+02   4.1365734e+02   4.1365734e+02   4.1365734e+02   4.1365734e+02   4.1365734e+02   4.1365734e+02   4.1365734e+02   4.1365734e+02   4.1365734e+02   4.1365734e+02   4.1365734e+02   4.1365734e+02   4.1365734e+02   4.1365734e+02   4.1365734e+02   4.1365734e+02   4.1365734e+02   4.1365734e+02   4.1365734e+02   4.1365734e+02   4.1365734e+02   4.1365734e+02   4.1365734e+02   4.1365844e+02   4.1365844e+02
