   9.9076545e+02   1.0210006e+03   1.0382239e+03   9.8800275e+02   1.1450023e+03   9.3975551e+02   9.6541876e+02   9.4712969e+02   9.2248439e+02   1.0274471e+03   1.0651873e+03   1.0187547e+03   1.0679081e+03   1.0102226e+03   1.1035727e+03   8.8671179e+02   9.1847163e+02   9.7542796e+02   8.9689683e+02   1.1570630e+03   1.0836550e+03   8.9883263e+02   8.7872511e+02   9.9700203e+02   1.1266490e+03   7.7226407e+02   7.5622177e+02   8.3270911e+02   9.4481657e+02   1.0324127e+03
   9.7183367e+02   9.4990929e+02   9.8347692e+02   9.8800275e+02   1.0112105e+03   9.3975551e+02   9.0456578e+02   9.4712969e+02   9.2248439e+02   9.1159266e+02   1.0181855e+03   9.4658933e+02   9.6933341e+02   8.8581711e+02   1.0132527e+03   8.8671179e+02   8.7000678e+02   9.3487009e+02   8.8858810e+02   1.0286735e+03   1.0197788e+03   8.5552637e+02   8.7872511e+02   8.3000557e+02   1.0222307e+03   7.7226407e+02   7.5622177e+02   8.3270911e+02   9.4481657e+02   1.0324127e+03
   9.2662061e+02   9.1207922e+02   8.0297657e+02   9.8800275e+02   9.9706737e+02   9.3036119e+02   8.3703557e+02   9.0944132e+02   8.4663654e+02   8.9726868e+02   1.0181855e+03   7.6996396e+02   9.6933341e+02   8.4720213e+02   9.4220195e+02   8.8671179e+02   8.7000678e+02   8.3640768e+02   8.2779378e+02   7.8303298e+02   9.7887789e+02   8.5552637e+02   8.7713563e+02   8.3000557e+02   9.0964164e+02   7.5884224e+02   7.5622177e+02   8.3270911e+02   9.0063446e+02   7.1668630e+02
   9.1459519e+02   9.1207922e+02   8.0297657e+02   8.5428530e+02   8.0278240e+02   9.3036119e+02   8.3703557e+02   9.0814356e+02   8.1513433e+02   8.7145815e+02   8.4559416e+02   7.6996396e+02   8.4924414e+02   8.0285161e+02   9.2667711e+02   7.7897676e+02   8.7000678e+02   8.3640768e+02   8.1598035e+02   7.8303298e+02   8.0288702e+02   7.7458989e+02   8.3751188e+02   8.3000557e+02   8.7125695e+02   7.4876935e+02   7.5622177e+02   8.3270911e+02   8.7874441e+02   7.1668630e+02
   8.1733819e+02   8.1129956e+02   6.9904740e+02   8.5428530e+02   7.9874775e+02   7.2736505e+02   7.5974903e+02   8.2771230e+02   8.1513433e+02   7.7185846e+02   8.3136567e+02   7.6996396e+02   8.3404503e+02   7.2206719e+02   8.3836545e+02   7.7897676e+02   8.7000678e+02   7.0977092e+02   8.0452121e+02   7.8303298e+02   7.2452952e+02   7.7458989e+02   7.9381321e+02   8.1920703e+02   7.5465991e+02   7.4876935e+02   7.5622177e+02   8.2767134e+02   7.8379842e+02   7.1344533e+02
   8.0595481e+02   7.4501094e+02   6.9904740e+02   8.2182396e+02   7.5664218e+02   7.2736505e+02   7.5974903e+02   7.7455695e+02   8.0494916e+02   7.5044751e+02   7.6355939e+02   7.6996396e+02   7.6711500e+02   7.2206719e+02   7.8475788e+02   7.7897676e+02   7.7136816e+02   7.0977092e+02   8.0452121e+02   7.8303298e+02   7.2452952e+02   7.7458989e+02   7.3250403e+02   7.7838322e+02   7.5465991e+02   7.4876935e+02   7.5622177e+02   7.9011768e+02   7.4184138e+02   7.1344533e+02
   7.1317936e+02   6.9987850e+02   6.6979298e+02   7.7483562e+02   6.9706676e+02   7.2736505e+02   7.4130481e+02   7.7309011e+02   7.3804137e+02   7.5044751e+02   7.2736239e+02   6.7346806e+02   7.3569006e+02   7.2206719e+02   7.7085475e+02   7.4935903e+02   7.1288861e+02   7.0977092e+02   7.9894266e+02   7.8278097e+02   7.2452952e+02   7.7458989e+02   7.3250403e+02   7.7838322e+02   6.8179984e+02   7.4062165e+02   7.2627205e+02   7.8268384e+02   7.0422035e+02   7.1344533e+02
   6.6951812e+02   6.7736629e+02   6.4745341e+02   6.8344359e+02   6.9706676e+02   6.8462632e+02   6.7975641e+02   6.9834821e+02   7.1235581e+02   7.2716780e+02   6.6470988e+02   6.3692414e+02   6.5807488e+02   6.6867821e+02   7.3425122e+02   6.9337167e+02   6.8032574e+02   6.9667967e+02   6.2745198e+02   6.9137648e+02   6.4745200e+02   6.3557066e+02   6.7344668e+02   6.8824319e+02   6.4783298e+02   6.8336338e+02   6.8563303e+02   6.8782465e+02   6.6018728e+02   6.6721975e+02
   5.9663197e+02   5.6159766e+02   5.8117601e+02   5.6634876e+02   5.8411745e+02   5.8626111e+02   5.4361290e+02   5.9705016e+02   5.8184968e+02   5.9308343e+02   5.6503701e+02   5.8117307e+02   6.0244061e+02   5.8152085e+02   6.1211468e+02   5.6752018e+02   5.7697751e+02   5.9615927e+02   5.6527463e+02   5.8832391e+02   5.8813670e+02   5.7992061e+02   5.8370618e+02   5.8136999e+02   5.7030223e+02   5.6939340e+02   5.8078691e+02   5.5250952e+02   5.9252572e+02   6.0097957e+02
   5.2642730e+02   5.2956201e+02   5.2674195e+02   5.3584862e+02   5.2937987e+02   5.4264658e+02   5.1290862e+02   5.2370249e+02   5.3300328e+02   5.4148805e+02   5.2952295e+02   5.1336080e+02   5.4467042e+02   5.1735111e+02   5.3579151e+02   5.2842327e+02   5.4107226e+02   5.2167170e+02   5.3753333e+02   5.4038568e+02   5.2807740e+02   5.1545914e+02   5.3769782e+02   5.3435224e+02   5.1439182e+02   5.4749926e+02   5.4099437e+02   5.4903096e+02   5.0903667e+02   5.3250425e+02
   5.2562306e+02   5.1650611e+02   5.1729385e+02   5.0872576e+02   5.1119548e+02   5.0418936e+02   5.0957115e+02   5.1585538e+02   5.1054574e+02   5.0725500e+02   5.1699045e+02   5.0870323e+02   5.1847041e+02   4.8904040e+02   5.1570571e+02   5.1427015e+02   5.2317896e+02   5.2167170e+02   5.1195995e+02   4.9928971e+02   4.9747003e+02   5.1336435e+02   5.1132915e+02   5.1358726e+02   5.0880308e+02   5.0963332e+02   4.9974587e+02   5.2157524e+02   5.0903667e+02   5.0037912e+02
   5.0545021e+02   5.0274715e+02   5.0444096e+02   4.9815125e+02   4.9335628e+02   5.0019340e+02   5.0957115e+02   4.9948595e+02   5.0284719e+02   5.0725500e+02   5.0681281e+02   5.0870323e+02   5.0599874e+02   4.8904040e+02   5.0956479e+02   5.0213739e+02   5.0246183e+02   5.1350715e+02   4.8827110e+02   4.9715018e+02   4.9747003e+02   5.1228802e+02   5.0522427e+02   4.9909587e+02   5.0880308e+02   5.0490677e+02   4.9731205e+02   5.0737352e+02   5.0903667e+02   5.0037912e+02
   4.9713252e+02   4.9434750e+02   4.9206081e+02   4.9815125e+02   4.9151463e+02   4.9336380e+02   4.9874908e+02   4.9280021e+02   4.9173206e+02   4.8989048e+02   5.0025115e+02   4.9730896e+02   4.7911171e+02   4.8904040e+02   5.0586136e+02   4.9968840e+02   4.9679688e+02   4.9177737e+02   4.8827110e+02   4.9109731e+02   4.9322908e+02   4.8303639e+02   4.9233191e+02   4.9909587e+02   4.9748557e+02   4.9939117e+02   4.8448939e+02   4.9899949e+02   4.9825175e+02   4.9596750e+02
   4.6637462e+02   4.6164854e+02   4.5760678e+02   4.8271912e+02   4.6744239e+02   4.4464115e+02   4.7936773e+02   4.6633540e+02   4.6735177e+02   4.5794003e+02   4.6373625e+02   4.6791654e+02   4.5703964e+02   4.7034683e+02   4.7158446e+02   4.7519391e+02   4.7027179e+02   4.6571915e+02   4.8022507e+02   4.6950962e+02   4.7089727e+02   4.7228698e+02   4.6618420e+02   4.7427134e+02   4.6840019e+02   4.6327976e+02   4.6353129e+02   4.7358003e+02   4.7972755e+02   4.8474995e+02
   4.1994953e+02   4.1977754e+02   4.1711590e+02   4.2576748e+02   4.2271598e+02   4.2311053e+02   4.2660350e+02   4.2903640e+02   4.2444826e+02   4.2648672e+02   4.2750523e+02   4.1967509e+02   4.2225859e+02   4.2244271e+02   4.2414081e+02   4.2372131e+02   4.2296709e+02   4.2077446e+02   4.1862630e+02   4.2160225e+02   4.2628148e+02   4.2165644e+02   4.1930387e+02   4.2147741e+02   4.2498200e+02   4.2070131e+02   4.2770687e+02   4.3102956e+02   4.2499573e+02   4.2906249e+02
   3.9062365e+02   4.0083518e+02   4.0137718e+02   4.0193883e+02   4.0202083e+02   4.0240642e+02   4.0286016e+02   4.0306112e+02   4.0398935e+02   4.0407830e+02   4.0410622e+02   4.0423697e+02   4.0433100e+02   4.0470724e+02   4.0479230e+02   4.0482572e+02   4.0487359e+02   4.0497302e+02   4.0503671e+02   4.0534583e+02   4.0559844e+02   4.0586474e+02   4.0587963e+02   4.0595583e+02   4.0604231e+02   4.0608292e+02   4.0628597e+02   4.0664025e+02   4.0695162e+02   4.0707393e+02
