   5.1252365e+05   5.1141564e+05   4.1823763e+05   8.1013097e+05   7.0203498e+05   1.6931895e+05   3.8451200e+05   7.8619371e+05   4.4100638e+05   2.2194799e+05   5.4336895e+05   2.8748834e+05   7.0213272e+05   2.0987996e+05   6.6746813e+04   3.7593092e+05   3.4671432e+05   1.9718202e+05   3.4400029e+05   1.3476957e+05   4.2059546e+05   1.8117475e+05   3.9373021e+05   4.6732892e+05   5.2307065e+05   6.1410615e+05   2.6657316e+05   2.7043045e+05   3.1055015e+05   1.5635955e+05
   3.9232325e+05   1.1642997e+05   1.1019539e+05   2.9734026e+05   1.3966104e+05   1.6931895e+05   2.5642935e+05   2.0679615e+05   1.6973451e+05   1.0289909e+05   4.0441315e+05   2.2265159e+05   1.5373481e+05   2.0987996e+05   6.6746813e+04   1.9259551e+05   3.0366458e+04   1.8891983e+05   1.5830453e+05   1.3476957e+05   1.8498738e+05   1.3976099e+05   1.4362624e+05   1.4062304e+05   1.6079384e+05   1.7382729e+05   1.6302734e+05   1.3623170e+05   9.8546262e+04   3.4632164e+04
   1.9633563e+05   5.1772347e+04   1.1019539e+05   1.4595482e+05   1.1920372e+05   1.6931895e+05   1.2803669e+05   8.1853449e+04   8.9416445e+04   7.5882631e+04   7.9290906e+04   1.2840169e+05   1.5373481e+05   8.2686491e+04   6.6746813e+04   1.3124525e+05   3.0366458e+04   5.0626451e+04   1.2392253e+05   1.3476957e+05   1.7363393e+05   1.0141396e+05   1.4687539e+04   1.4062304e+05   9.1951864e+04   1.3059079e+05   1.6302734e+05   1.0303076e+05   7.8029373e+04   3.4632164e+04
   5.4036900e+04   4.0850055e+04   1.1019539e+05   1.0258673e+05   5.6918453e+04   8.3162187e+04   4.1060538e+04   3.0101135e+04   6.9188993e+04   6.7773622e+04   7.9290906e+04   8.9320623e+04   9.9625066e+04   8.2686491e+04   6.6746813e+04   9.2988631e+04   3.0366458e+04   3.7168153e+04   1.2392253e+05   1.3476957e+05   9.7394972e+04   8.0245117e+04   1.4687539e+04   7.3963537e+04   9.1951864e+04   1.1908977e+05   8.9200717e+04   6.7411134e+04   4.5479880e+04   3.4632164e+04
   5.4036900e+04   4.0850055e+04   1.1019539e+05   9.1100348e+04   5.6918453e+04   5.6958847e+04   4.1060538e+04   3.0101135e+04   6.4615011e+04   6.7773622e+04   7.9290906e+04   8.9199214e+04   4.6575638e+04   8.2686491e+04   5.9660278e+04   8.1093621e+04   2.7336357e+04   3.7168153e+04   1.2392253e+05   1.1906073e+05   5.4395994e+04   8.0245117e+04   1.4687539e+04   3.3965481e+04   4.2141556e+04   8.3133818e+04   6.5407451e+04   1.8022793e+04   4.5479880e+04   3.4632164e+04
   3.3839289e+04   2.0583889e+04   4.4344343e+04   6.0971442e+04   3.1880604e+04   5.6958847e+04   4.1060538e+04   3.0101135e+04   3.5191067e+04   6.7773622e+04   4.6767850e+04   8.2165850e+04   2.5021209e+04   8.2686491e+04   3.2090607e+04   3.8126410e+04   2.2268351e+04   2.6362875e+04   4.1289451e+04   7.6146807e+04   2.9798255e+04   5.0074646e+04   1.4687539e+04   3.3965481e+04   4.2141556e+04   3.0879164e+04   6.1556199e+04   1.4784127e+04   4.5479880e+04   3.4632164e+04
   3.3839289e+04   1.8398930e+04   4.4344343e+04   6.0971442e+04   3.1880604e+04   4.3426272e+04   4.1060538e+04   3.0101135e+04   2.6798752e+04   4.7652113e+04   4.6767850e+04   6.2159502e+04   2.5021209e+04   7.6338066e+04   5.0626193e+03   3.8126410e+04   2.2268351e+04   1.1751816e+04   3.2310452e+04   4.2860638e+04   2.9798255e+04   5.0074646e+04   1.4687539e+04   1.1477650e+04   3.5524393e+04   1.1931983e+04   3.2755707e+04   1.4784127e+04   3.0911208e+04   3.4632164e+04
   3.3839289e+04   1.4830669e+04   2.4152579e+04   5.2603749e+04   2.2852021e+04   4.3426272e+04   2.9233996e+04   3.0101135e+04   2.1292343e+04   2.4922534e+04   4.0953195e+04   4.5485346e+04   1.9065569e+04   4.5799203e+04   5.0626193e+03   2.2481127e+04   2.2268351e+04   2.9513273e+03   2.7293012e+04   1.3392962e+04   1.1020646e+04   4.2749602e+04   1.4687539e+04   9.6583081e+03   1.2264366e+04   1.1931983e+04   3.2755707e+04   1.4784127e+04   3.0911208e+04   3.4632164e+04
   1.6879834e+04   1.4830669e+04   1.4884811e+04   3.9453084e+04   2.1757555e+04   1.8730623e+04   2.6519496e+04   8.5269282e+03   2.1292343e+04   2.4922534e+04   1.5790507e+04   2.5227339e+04   1.8988713e+04   3.0379685e+04   3.6652577e+03   2.0518198e+04   1.9094377e+04   2.9513273e+03   1.9347329e+04   1.3392962e+04   1.1020646e+04   3.4695338e+04   1.4687539e+04   9.6583081e+03   1.2264366e+04   1.1931983e+04   3.0644606e+04   1.1616391e+04   2.8237981e+04   2.3840826e+04
   3.4073273e+03   8.3079415e+02   2.2670767e+03   3.7654404e+03   1.9069011e+03   1.0369350e+03   3.4728499e+03   1.7936189e+03   2.5555852e+03   3.3309656e+03   8.1654065e+02   3.2310788e+03   3.0789248e+03   1.9429579e+03   9.3039303e+02   1.7673664e+03   2.9013767e+03   1.0590137e+03   1.3992929e+03   1.1634804e+03   3.0507505e+03   2.8640121e+03   1.2609765e+03   2.5578137e+03   1.8112048e+03   2.8786652e+03   2.5666453e+03   1.3781843e+03   3.1003787e+03   1.0261826e+03
   3.5624913e+01   2.4633478e+01   2.8259860e+01   4.0986549e+01   2.4733388e+01   2.3771634e+01   2.0722754e+01   3.0797971e+01   2.7922877e+01   2.5845006e+01   2.4311902e+01   2.9767653e+01   1.8545007e+01   4.2776091e+01   2.4255730e+01   1.9338876e+01   2.2291015e+01   2.2660317e+01   2.3328700e+01   2.3704296e+01   2.4276618e+01   2.2660944e+01   2.7212077e+01   2.5885794e+01   2.0750561e+01   2.9511113e+01   2.8597628e+01   2.3637818e+01   2.6813395e+01   2.2753641e+01
   9.7625036e+00   9.6210582e+00   1.0180132e+01   1.1751652e+01   9.6470770e+00   9.8402823e+00   8.8451868e+00   9.8370100e+00   9.9984709e+00   1.0274648e+01   1.0375915e+01   1.0684711e+01   9.1884642e+00   1.1126387e+01   1.1245321e+01   9.5848272e+00   1.1293588e+01   9.3949950e+00   1.0698867e+01   1.1091302e+01   9.5444652e+00   1.0239589e+01   1.0187921e+01   1.0934281e+01   1.0799132e+01   8.4723199e+00   9.8911234e+00   1.0106960e+01   1.0757900e+01   1.0594053e+01
   8.8054403e+00   9.1734326e+00   8.9389478e+00   9.5524437e+00   8.2637567e+00   8.6726063e+00   8.1753778e+00   8.2996555e+00   9.8767076e+00   7.7328179e+00   8.5909680e+00   8.0765213e+00   9.1884642e+00   9.5908948e+00   8.2607598e+00   9.3605990e+00   6.6592490e+00   9.0395651e+00   7.5569297e+00   9.0125394e+00   8.0609105e+00   8.5157988e+00   8.3361320e+00   6.6640195e+00   8.5220712e+00   6.0853981e+00   7.2198827e+00   8.8237013e+00   9.1827562e+00   8.2911316e+00
   8.0957893e+00   7.4615770e+00   7.6851024e+00   7.0870438e+00   7.7794875e+00   5.0342469e+00   7.9700796e+00   7.5186361e+00   7.2023338e+00   7.2458118e+00   7.7202869e+00   7.5116628e+00   5.9679504e+00   7.9498377e+00   7.6914118e+00   8.7831553e+00   6.6592490e+00   8.7418186e+00   6.8534123e+00   6.9410048e+00   8.0609105e+00   7.0659102e+00   8.3361320e+00   6.6640195e+00   7.7914178e+00   6.0853981e+00   6.1330861e+00   8.2769613e+00   6.5600874e+00   8.2911316e+00
   7.1455320e+00   5.9011782e+00   5.7736739e+00   5.9890705e+00   5.8146167e+00   5.0342469e+00   6.4878243e+00   6.1744762e+00   6.7908404e+00   6.3110745e+00   5.4184674e+00   5.6145901e+00   5.9679504e+00   6.4200740e+00   6.7739433e+00   6.7607184e+00   5.9922958e+00   6.6260316e+00   6.1731347e+00   6.4940005e+00   6.1530600e+00   5.5717575e+00   6.1928371e+00   6.5117312e+00   6.2235930e+00   6.0853981e+00   6.0700666e+00   4.9191844e+00   5.9708164e+00   6.5273031e+00
   3.4391632e-01   3.8478572e-01   4.0516692e-01   4.1228899e-01   4.4064386e-01   4.5598278e-01   4.5993569e-01   4.7913255e-01   5.1243360e-01   5.2567012e-01   5.3458158e-01   5.3489166e-01   5.3819522e-01   5.4140831e-01   5.4292988e-01   5.7327628e-01   5.7808038e-01   5.8451306e-01   6.3293312e-01   6.3518876e-01   6.8151281e-01   6.8759565e-01   6.9905256e-01   7.2023977e-01   7.6163926e-01   7.6179242e-01   7.8783454e-01   9.0056768e-01   9.7738813e-01   1.0887588e+00
