   9.4671542e+09   6.9697380e+09   6.3784045e+09   9.2472703e+09   8.1551794e+09   4.6035003e+09   9.3363273e+09   7.0145228e+09   7.3038683e+09   8.7200576e+09   8.1198140e+09   1.2576353e+10   1.1134029e+10   9.5217969e+09   5.0232964e+09   1.0601679e+10   5.0667882e+09   6.7010045e+09   7.7304497e+09   1.2200950e+10   6.1332364e+09   8.9005860e+09   8.8253253e+09   1.1673691e+10   5.4262475e+09   9.2113686e+09   8.1230449e+09   1.0194281e+10   7.9449989e+09   1.0322714e+10
   1.2675622e+05   2.3051736e+06   3.2782090e+08   1.3539269e+07   8.3175193e+07   1.7349014e+08   1.6095934e+06   6.8885833e+07   2.5186247e+06   1.4062697e+07   4.0586490e+07   1.8807520e+08   1.7141259e+08   7.7759065e+07   9.1899307e+06   1.7022689e+07   5.8832310e+05   3.8224012e+07   1.4036226e+06   2.0155344e+06   4.2945896e+06   5.6907985e+06   4.1562228e+07   8.7061109e+07   2.8822537e+07   1.6937946e+07   1.9467628e+07   3.3651884e+06   1.0160787e+08   9.7697327e+06
   1.1172128e+04   8.8701613e+04   5.4377683e+04   9.5861458e+04   9.8666131e+06   9.2167419e+06   1.6095934e+06   1.5918018e+07   2.5186247e+06   2.5458831e+06   4.5215939e+06   6.3463101e+06   1.1310505e+04   3.5692311e+07   1.9526643e+06   1.3252880e+06   5.8832310e+05   5.6067500e+06   1.1768466e+05   2.0155344e+06   2.9142959e+06   5.6907985e+06   8.0602916e+06   8.2772025e+06   2.7728723e+05   3.6578421e+05   5.2962923e+06   3.3651884e+06   1.9990461e+06   9.7697327e+06
   1.1172128e+04   8.8701613e+04   5.4377683e+04   9.5861458e+04   1.5410663e+05   1.7495623e+06   1.6095934e+06   5.6044735e+06   4.4394721e+05   9.9657602e+05   3.8985050e+06   7.2575108e+05   1.1310505e+04   2.8647959e+03   3.8355704e+05   2.6023962e+05   5.8832310e+05   2.6454091e+05   1.1768466e+05   1.7993776e+06   9.8767276e+04   5.6432375e+04   1.3368983e+06   3.3205806e+05   2.7728723e+05   3.6578421e+05   5.2962923e+06   4.0834309e+05   1.1254641e+06   9.3261532e+05
   1.1172128e+04   6.1875436e+04   5.4377683e+04   9.5861458e+04   1.5279190e+04   5.8757051e+04   4.7589511e+04   6.9262497e+05   6.1287792e+04   2.9140223e+04   6.7231185e+01   7.2575108e+05   1.1310505e+04   2.8647959e+03   3.8355704e+05   2.6023962e+05   5.8832310e+05   2.6454091e+05   1.1768466e+05   4.6369351e+05   9.8767276e+04   5.6432375e+04   9.4187551e+05   2.4407155e+04   3.3460449e+03   1.5232488e+05   2.4676826e+04   1.1549715e+05   1.9555303e+05   8.9266803e+05
   1.1172128e+04   6.1875436e+04   5.4377683e+04   9.4963289e+02   1.9716402e+02   5.8757051e+04   4.7589511e+04   3.8407358e+00   3.6791851e+04   4.0000325e+03   6.7231185e+01   2.8682302e+02   1.1310505e+04   2.8647959e+03   9.2162184e+04   2.0302251e+05   3.2929003e+04   2.5526004e+04   8.5934870e+04   1.6397897e+03   3.7048708e+04   9.0886940e+00   4.0996790e+02   2.4407155e+04   3.3460449e+03   4.8436799e+04   2.4676826e+04   1.1549715e+05   4.6466471e+04   6.2919589e+05
   1.1172128e+04   5.1560605e+03   5.4377683e+04   9.4963289e+02   1.9716402e+02   2.2551898e+04   4.7589511e+04   3.8407358e+00   2.1559414e+04   4.0000325e+03   6.7231185e+01   2.8682302e+02   1.1310505e+04   2.8647959e+03   7.4735470e+03   1.2192036e+05   1.6029561e+04   2.5526004e+04   1.6605954e+04   1.6397897e+03   3.0496339e+04   9.0886940e+00   4.0996790e+02   8.4782569e+03   3.3460449e+03   2.3893005e+04   2.4676826e+04   2.2483699e+04   4.6466471e+04   1.6462869e+05
   1.5042131e+00   3.8856666e+01   4.7119300e+01   3.2719501e+02   2.4903466e+00   9.6832455e+00   2.4210441e+02   3.8407358e+00   1.2493000e+02   8.2248033e-01   9.6126633e-01   7.8821304e+01   2.4677476e+01   2.8894760e+01   3.2493254e+02   2.6896825e+01   4.8887019e+01   4.2516339e+01   1.4225931e+02   2.0688127e+01   1.1059656e+02   9.0886940e+00   1.9409985e+01   5.3817990e+01   4.6400934e+01   2.8249887e+02   1.3879341e-01   2.9590547e+02   6.7589451e+01   9.7710505e+01
   4.1684307e-02   2.9635887e-03   1.3813328e-03   4.2854192e-01   1.4019779e-02   1.2960248e-01   7.4280899e-01   1.4837008e-02   1.1272102e-02   1.7611884e-01   6.7900306e-04   1.6827354e-02   5.9186506e-03   2.7791179e-02   1.9714051e-01   3.9183600e-01   1.5676871e-02   4.0902292e-01   3.4590467e-03   5.7765387e-04   2.6684959e-02   1.2114618e-02   3.0154081e-02   6.0025979e-02   1.7614707e-02   8.1751926e-02   7.7182577e-02   5.5898202e-02   2.4874625e-02   6.4444904e-04
   3.3310286e-08   4.0582629e-06   6.0912073e-07   8.7511957e-05   6.3060719e-06   2.8932426e-06   6.9436658e-06   4.7322910e-06   5.5180051e-07   3.6598948e-08   5.8555069e-06   1.0332428e-08   2.4841826e-06   1.8730084e-06   6.2482673e-07   1.5269868e-07   5.5592109e-06   1.4808950e-06   3.5480561e-05   4.6470750e-06   5.0122635e-07   1.9068082e-08   1.6700014e-07   6.0801860e-07   1.8867213e-05   8.3982907e-07   5.2248816e-07   4.6468584e-07   0.0000000e+00   3.4532240e-06
   0.0000000e+00   0.0000000e+00   0.0000000e+00   0.0000000e+00   0.0000000e+00   0.0000000e+00   0.0000000e+00   0.0000000e+00   0.0000000e+00   0.0000000e+00   0.0000000e+00   0.0000000e+00   0.0000000e+00   0.0000000e+00   0.0000000e+00   0.0000000e+00   0.0000000e+00   0.0000000e+00   0.0000000e+00   0.0000000e+00   0.0000000e+00   0.0000000e+00   0.0000000e+00   0.0000000e+00   0.0000000e+00   0.0000000e+00   0.0000000e+00   0.0000000e+00   0.0000000e+00   0.0000000e+00
   0.0000000e+00   0.0000000e+00   0.0000000e+00   0.0000000e+00   0.0000000e+00   0.0000000e+00   0.0000000e+00   0.0000000e+00   0.0000000e+00   0.0000000e+00   0.0000000e+00   0.0000000e+00   0.0000000e+00   0.0000000e+00   0.0000000e+00   0.0000000e+00   0.0000000e+00   0.0000000e+00   0.0000000e+00   0.0000000e+00   0.0000000e+00   0.0000000e+00   0.0000000e+00   0.0000000e+00   0.0000000e+00   0.0000000e+00   0.0000000e+00   0.0000000e+00   0.0000000e+00   0.0000000e+00
   0.0000000e+00   0.0000000e+00   0.0000000e+00   0.0000000e+00   0.0000000e+00   0.0000000e+00   0.0000000e+00   0.0000000e+00   0.0000000e+00   0.0000000e+00   0.0000000e+00   0.0000000e+00   0.0000000e+00   0.0000000e+00   0.0000000e+00   0.0000000e+00   0.0000000e+00   0.0000000e+00   0.0000000e+00   0.0000000e+00   0.0000000e+00   0.0000000e+00   0.0000000e+00   0.0000000e+00   0.0000000e+00   0.0000000e+00   0.0000000e+00   0.0000000e+00   0.0000000e+00   0.0000000e+00
   0.0000000e+00   0.0000000e+00   0.0000000e+00   0.0000000e+00   0.0000000e+00   0.0000000e+00   0.0000000e+00   0.0000000e+00   0.0000000e+00   0.0000000e+00   0.0000000e+00   0.0000000e+00   0.0000000e+00   0.0000000e+00   0.0000000e+00   0.0000000e+00   0.0000000e+00   0.0000000e+00   0.0000000e+00   0.0000000e+00   0.0000000e+00   0.0000000e+00   0.0000000e+00   0.0000000e+00   0.0000000e+00   0.0000000e+00   0.0000000e+00   0.0000000e+00   0.0000000e+00   0.0000000e+00
   0.0000000e+00   0.0000000e+00   0.0000000e+00   0.0000000e+00   0.0000000e+00   0.0000000e+00   0.0000000e+00   0.0000000e+00   0.0000000e+00   0.0000000e+00   0.0000000e+00   0.0000000e+00   0.0000000e+00   0.0000000e+00   0.0000000e+00   0.0000000e+00   0.0000000e+00   0.0000000e+00   0.0000000e+00   0.0000000e+00   0.0000000e+00   0.0000000e+00   0.0000000e+00   0.0000000e+00   0.0000000e+00   0.0000000e+00   0.0000000e+00   0.0000000e+00   0.0000000e+00   0.0000000e+00
   0.0000000e+00   0.0000000e+00   0.0000000e+00   0.0000000e+00   0.0000000e+00   0.0000000e+00   0.0000000e+00   0.0000000e+00   0.0000000e+00   0.0000000e+00   0.0000000e+00   0.0000000e+00   0.0000000e+00   0.0000000e+00   0.0000000e+00   0.0000000e+00   0.0000000e+00   0.0000000e+00   0.0000000e+00   0.0000000e+00   0.0000000e+00   0.0000000e+00   0.0000000e+00   0.0000000e+00   0.0000000e+00   0.0000000e+00   0.0000000e+00   0.0000000e+00   0.0000000e+00   0.0000000e+00
