   3.2722276e+02   1.9425415e+02   6.2959196e+02   2.7499863e+02   2.3328291e+02   5.8735711e+02   4.3873569e+02   4.7243195e+02   6.4109482e+02   3.3151337e+02   4.4317777e+02   4.1936320e+02   3.0374378e+02   4.3897935e+02   4.0552117e+02   3.5187623e+02   5.8854233e+02   3.9376951e+02   4.6249374e+02   4.0763236e+02   5.2165799e+02   5.2463798e+02   4.6258246e+02   2.5518297e+02   6.2992854e+02   6.8218234e+02   6.5053762e+02   2.2347044e+02   5.2486539e+02   5.6860906e+02
   2.8356906e+02   1.9425415e+02   2.6495763e+02   1.4132241e+02   2.3328291e+02   3.0849117e+02   2.1084786e+02   2.2784509e+02   2.4787928e+02   2.9265425e+02   2.0118286e+02   2.6333038e+02   3.0374378e+02   2.1922733e+02   1.6960042e+02   2.8840198e+02   1.5487125e+02   2.6316890e+02   3.6215799e+02   1.7786411e+02   2.7748922e+02   2.3997599e+02   1.8455496e+02   2.3636958e+02   2.1622951e+02   2.1085134e+02   4.4749490e+02   2.0274956e+02   3.1616680e+02   2.8441680e+02
   2.1092250e+02   1.7427218e+02   1.6689370e+02   1.4132241e+02   2.0134392e+02   1.8700501e+02   2.1084786e+02   1.9069046e+02   1.9906709e+02   1.6428353e+02   1.6815485e+02   1.7882975e+02   2.0290111e+02   2.1922733e+02   1.6960042e+02   2.6726346e+02   1.5487125e+02   2.6316890e+02   1.4636433e+02   1.7786411e+02   1.4643301e+02   1.3456235e+02   1.8033479e+02   1.2629361e+02   1.7903481e+02   1.7716549e+02   2.3415614e+02   2.0274956e+02   2.9390957e+02   2.0096869e+02
   1.9999598e+02   1.5368918e+02   1.3885660e+02   1.4132241e+02   1.9032155e+02   1.1131089e+02   1.7208495e+02   1.8171179e+02   1.9905083e+02   1.6428353e+02   1.6814645e+02   1.7882975e+02   1.5656337e+02   1.5306379e+02   1.4928447e+02   2.2719050e+02   1.4957641e+02   2.1105309e+02   1.4636433e+02   1.7786411e+02   1.4643301e+02   1.3456235e+02   1.1979569e+02   1.0915479e+02   1.7242500e+02   1.4551286e+02   1.4249612e+02   1.8113022e+02   1.7167420e+02   1.4800862e+02
   1.5933866e+02   1.1061182e+02   1.3288419e+02   1.4132241e+02   1.1432847e+02   1.1131089e+02   1.5162149e+02   1.5975584e+02   1.5240549e+02   1.5045019e+02   1.2004590e+02   1.2521433e+02   1.4486309e+02   1.5306379e+02   1.4928447e+02   1.6054082e+02   1.2873396e+02   1.2014294e+02   1.4636433e+02   8.2499416e+01   1.3839207e+02   1.3456235e+02   1.1979569e+02   1.0915479e+02   1.1693459e+02   1.1269549e+02   1.3567078e+02   7.8181601e+01   1.4323611e+02   1.4541565e+02
   1.1545593e+02   1.1061182e+02   1.0880318e+02   1.0657294e+02   1.1432847e+02   1.1131089e+02   8.1030577e+01   9.9337111e+01   1.0811607e+02   1.0699028e+02   1.1515928e+02   9.7830084e+01   1.1556040e+02   1.1553091e+02   1.2060757e+02   1.1993478e+02   1.0803790e+02   1.1991431e+02   1.0239973e+02   8.2499416e+01   1.1984394e+02   9.7410483e+01   1.0823869e+02   1.0915479e+02   1.1693459e+02   1.1269549e+02   1.1174592e+02   7.8181601e+01   1.2246233e+02   1.2156535e+02
   7.6820985e+01   1.0258075e+02   3.5973114e+01   9.9784244e+01   9.8413449e+01   1.0104224e+02   8.1030577e+01   9.9337111e+01   9.8218175e+01   7.3593123e+01   1.6467315e+01   8.9072748e+01   7.5421403e+00   1.0698258e+02   9.2859603e+01   2.1665960e+01   9.6353396e+01   1.0171068e+02   7.2249087e+01   8.2499416e+01   1.0739665e+02   7.1300014e+01   6.0706506e+01   9.7037044e+01   6.1342059e+01   1.0425539e+02   1.0914297e+02   7.8181601e+01   1.0462907e+02   5.8648877e+01
   6.9028185e+01   4.4166144e+00   3.5973114e+01   8.3425958e+01   8.2568140e+01   8.6986794e+01   8.1030577e+01   8.8652762e+01   8.4313619e+01   6.4616250e+01   1.6467315e+01   2.4702835e+01   7.5421403e+00   9.5156653e+01   5.4688520e+01   2.1665960e+01   9.2731325e+01   8.9268180e+01   7.2249087e+01   7.1781941e+01   4.2305559e+00   7.1300014e+01   6.0706506e+01   5.8929719e+01   6.1342059e+01   1.5274302e+01   3.0018520e+01   5.8270254e+01   9.2693088e+01   5.8648877e+01
   6.9028185e+01   4.4166144e+00   3.5973114e+01   7.9574900e+01   7.9107000e+01   8.0598316e+01   6.8851331e+01   7.1101599e+01   4.9635821e+01   6.1734059e+01   1.6467315e+01   2.4702835e+01   7.5421403e+00   8.0497460e+01   5.4688520e+01   2.1665960e+01   7.6850397e+01   3.6079557e+01   2.8672521e+01   7.1781941e+01   4.2305559e+00   7.1300014e+01   5.7947096e+01   5.8929719e+01   5.8105553e+01   1.5274302e+01   3.0018520e+01   5.7731342e+01   8.1723491e+01   5.8648877e+01
   6.9028185e+01   4.4166144e+00   3.5973114e+01   7.7234725e+01   7.6571642e+01   7.4403331e+01   6.8851331e+01   7.1101599e+01   4.9635821e+01   6.1734059e+01   1.6467315e+01   2.4702835e+01   7.5421403e+00   7.8918728e+01   2.1814325e+01   2.1665960e+01   5.4206222e+01   3.6079557e+01   1.2810167e+01   7.1781941e+01   4.2305559e+00   7.1300014e+01   5.7947096e+01   5.8929719e+01   3.6381224e+01   1.5274302e+01   3.0018520e+01   5.7731342e+01   7.8323587e+01   5.8648877e+01
   6.9028185e+01   4.4166144e+00   1.0096890e+01   7.5515914e+01   7.5620997e+01   6.4339982e+01   3.7649871e+01   6.8788147e+01   4.9635821e+01   5.7446072e+01   1.6467315e+01   2.4702835e+01   7.5421403e+00   3.7628758e+01   2.1814325e+01   2.1665960e+01   5.4206222e+01   3.6079557e+01   1.2006240e+01   6.2724659e+01   4.2305559e+00   1.1334574e+01   3.2335297e+01   5.8929719e+01   3.6381224e+01   1.5274302e+01   3.0018520e+01   5.7731342e+01   7.5931479e+01   1.7694129e+01
   5.4071237e+01   2.1753366e+00   4.9830580e+00   2.3145715e+01   2.7177208e+01   5.6162357e+01   3.1537695e+01   9.8816782e+00   4.8651667e+01   5.3857658e+01   1.6467315e+01   7.9429277e+00   7.5421403e+00   3.7628758e+01   2.1814325e+01   2.1665960e+01   5.4206222e+01   3.6079557e+01   1.2006240e+01   2.5597504e+01   4.2305559e+00   1.1334574e+01   2.5840809e+01   5.0521579e+00   1.1376168e+01   9.6755134e+00   3.0018520e+01   2.8686559e+01   6.5774631e+01   6.0186162e+00
   2.4530120e+00   4.1964714e-07   1.8379699e-03   2.4388728e-01   2.8435300e+00   5.2121701e+00   1.0230660e+01   1.9283949e+00   1.6118545e-02   9.5614797e+00   4.3116169e+00   1.1277774e+00   4.5918666e+00   7.9026183e-01   1.8074358e-03   3.1096911e-02   6.0102408e+00   4.3796142e-01   2.2540943e-01   5.6488150e+00   7.6438461e-04   9.8764438e-01   5.5484464e-01   4.5825802e-01   6.1338644e-03   7.6718918e-02   6.9693798e-01   3.3998990e-02   2.5534288e+01   3.8262394e-03
   1.3597806e-08   0.0000000e+00   0.0000000e+00   0.0000000e+00   1.8095887e-07   0.0000000e+00   4.2510784e-08   2.0312129e-08   0.0000000e+00   2.0690138e-08   4.0732367e-07   0.0000000e+00   1.1961774e-08   0.0000000e+00   0.0000000e+00   0.0000000e+00   3.4831851e-05   0.0000000e+00   0.0000000e+00   3.4756546e-08   0.0000000e+00   1.7398420e-08   0.0000000e+00   0.0000000e+00   0.0000000e+00   0.0000000e+00   0.0000000e+00   0.0000000e+00   7.6672976e-08   0.0000000e+00
   0.0000000e+00   0.0000000e+00   0.0000000e+00   0.0000000e+00   0.0000000e+00   0.0000000e+00   0.0000000e+00   0.0000000e+00   0.0000000e+00   0.0000000e+00   0.0000000e+00   0.0000000e+00   0.0000000e+00   0.0000000e+00   0.0000000e+00   0.0000000e+00   0.0000000e+00   0.0000000e+00   0.0000000e+00   0.0000000e+00   0.0000000e+00   0.0000000e+00   0.0000000e+00   0.0000000e+00   0.0000000e+00   0.0000000e+00   0.0000000e+00   0.0000000e+00   0.0000000e+00   0.0000000e+00
   0.0000000e+00   0.0000000e+00   0.0000000e+00   0.0000000e+00   0.0000000e+00   0.0000000e+00   0.0000000e+00   0.0000000e+00   0.0000000e+00   0.0000000e+00   0.0000000e+00   0.0000000e+00   0.0000000e+00   0.0000000e+00   0.0000000e+00   0.0000000e+00   0.0000000e+00   0.0000000e+00   0.0000000e+00   0.0000000e+00   0.0000000e+00   0.0000000e+00   0.0000000e+00   0.0000000e+00   0.0000000e+00   0.0000000e+00   0.0000000e+00   0.0000000e+00   0.0000000e+00   0.0000000e+00
