   2.5223275e+05   4.6020724e+05   5.4518761e+05   5.6662002e+05   1.9249354e+06   7.3409972e+05   1.2944910e+06   8.5688670e+05   1.0872717e+06   8.4204826e+05   3.3430031e+05   4.2968216e+05   1.5726675e+06   1.6241015e+06   4.4134219e+05   7.1745971e+05   2.3155134e+06   8.7578226e+05   5.3676298e+05   1.2445545e+06   1.3315253e+06   5.8828912e+05   2.0125060e+05   1.1489910e+06   1.0388961e+06   1.2252607e+06   1.3948451e+05   9.2718480e+05   5.0857358e+05   1.1250301e+06
   2.5223275e+05   4.1615392e+05   1.6011824e+05   2.5292345e+05   5.2661498e+05   6.4438497e+05   5.7373902e+05   5.6411585e+05   3.9455967e+05   8.4204826e+05   2.8445260e+05   4.2405641e+05   4.3407741e+05   1.7882375e+05   2.8224945e+05   6.2185121e+05   6.8729239e+05   3.1321119e+05   5.3676298e+05   4.4064179e+05   4.5617442e+05   5.8828912e+05   2.0125060e+05   1.8573594e+05   4.6552830e+05   1.4062217e+05   1.3948451e+05   5.6109130e+05   4.1892920e+05   4.0037325e+05
   1.3705182e+05   2.1274036e+05   1.6011824e+05   2.4753861e+05   1.2351146e+05   1.9600350e+05   2.8923921e+05   2.9468475e+05   2.9949925e+05   2.7981565e+05   2.3183647e+05   1.2891070e+05   2.5677578e+05   1.7882375e+05   2.8224945e+05   8.3520480e+04   3.2063818e+05   3.1321119e+05   4.1793699e+05   4.4064179e+05   4.3163268e+05   3.0891484e+05   1.2759813e+05   1.8573594e+05   4.6552830e+05   1.4062217e+05   1.3948451e+05   4.6914810e+05   4.1892920e+05   4.6110800e+04
   1.3528003e+05   2.1176632e+05   1.6011824e+05   2.4753861e+05   1.2351146e+05   1.9600350e+05   2.5597533e+05   1.9649004e+05   2.4614378e+05   1.0355462e+05   2.3183647e+05   1.2891070e+05   2.5677578e+05   1.7882375e+05   2.5115359e+05   8.3520480e+04   9.3176633e+04   3.1321119e+05   2.4708012e+05   2.5981122e+05   3.5860129e+05   2.8034059e+05   1.2759813e+05   1.8573594e+05   2.9820066e+05   1.3352929e+05   1.3948451e+05   1.5377177e+05   3.4437883e+05   4.6110800e+04
   1.3528003e+05   2.1092488e+05   1.6011824e+05   1.9873875e+05   6.4731720e+04   1.9600350e+05   2.0197938e+05   1.9649004e+05   1.5126352e+05   1.0355462e+05   1.3821660e+05   1.2891070e+05   1.7892374e+05   1.7882375e+05   1.1796348e+05   8.3520480e+04   9.3176633e+04   1.0186255e+05   1.7804963e+05   2.5981122e+05   1.7423320e+05   1.2800898e+05   1.2514402e+05   1.8573594e+05   1.4997253e+05   6.6273554e+04   1.3948451e+05   1.5377177e+05   2.6855055e+05   3.8451622e+04
   9.8777336e+04   5.7091585e+04   1.0255677e+05   1.6220237e+05   6.4731720e+04   1.9600350e+05   3.0743372e+04   1.9649004e+05   1.5126352e+05   1.0355462e+05   6.8160866e+04   9.4913560e+04   1.7892374e+05   1.3832503e+05   1.1163496e+05   8.3520480e+04   7.7034774e+03   7.6516676e+04   1.1003554e+05   1.0354280e+05   3.3551606e+04   7.6611514e+04   6.6601177e+04   3.1556880e+04   1.0906966e+05   4.5716392e+04   8.3867059e+04   1.5377177e+05   1.0610989e+05   2.6869877e+04
   3.0712102e+04   5.7068021e+04   2.1345773e+04   9.2716165e+04   4.7441028e+04   1.4582748e+05   3.0743372e+04   1.2370507e+05   1.0764598e+05   1.0141242e+05   6.4593308e+04   3.8774653e+04   3.6787264e+04   9.2326962e+04   8.6940107e+04   8.3520480e+04   7.7034774e+03   7.5857041e+04   9.1082061e+04   1.0354280e+05   2.7182396e+04   7.6611514e+04   2.4692134e+04   3.1556880e+04   7.9741946e+04   4.5716392e+04   3.3663180e+04   2.0143424e+04   7.5920696e+04   2.6869877e+04
   3.0712102e+04   2.4065678e+04   2.1345773e+04   6.1346670e+04   4.7441028e+04   9.0654653e+04   2.6047738e+04   7.4554196e+04   4.6638699e+04   9.6944954e+04   6.4593308e+04   3.8774653e+04   3.6787264e+04   8.1308489e+04   5.6150666e+04   4.5945820e+04   7.7034774e+03   7.2428405e+04   9.1082061e+04   1.0354280e+05   2.7182396e+04   4.4746234e+04   2.4144826e+04   3.1556880e+04   4.3769575e+04   4.5716392e+04   1.9000839e+04   1.2766757e+04   7.5920696e+04   2.4641853e+04
   3.0712102e+04   2.4065678e+04   2.0267441e+04   2.8108182e+04   4.7441028e+04   7.3236734e+04   2.6047738e+04   2.6320960e+04   4.6638699e+04   6.4628522e+04   5.7676366e+04   2.6798299e+04   2.8276979e+04   5.9968189e+04   4.5087041e+04   3.9710778e+04   7.7034774e+03   7.2428405e+04   5.1872438e+04   5.8371698e+04   2.7182396e+04   4.4746234e+04   2.4144826e+04   3.1556880e+04   2.2935865e+04   3.8677530e+04   1.9000839e+04   1.2766757e+04   7.5920696e+04   2.4641853e+04
   2.8968828e+03   4.2245375e+03   3.0948667e+03   4.6416355e+03   4.0497212e+02   4.1063252e+03   1.0789978e+03   4.0490682e+03   3.7555769e+03   8.3634948e+03   2.6576615e+03   4.1398509e+03   3.8730423e+03   3.9715380e+03   3.4509790e+03   8.6582941e+03   5.6576334e+03   5.3352011e+03   2.8988057e+03   7.1139201e+03   6.9791808e+03   8.7447152e+03   3.0995806e+03   7.9509005e+03   5.9355039e+03   3.1138145e+03   4.8035627e+03   2.9333140e+03   3.0617225e+03   6.9155836e+03
   5.0775718e+01   2.9006452e+01   4.5952277e+01   3.3267790e+01   2.6534292e+01   3.2506059e+01   2.6932113e+01   4.8369114e+01   6.4011728e+01   3.2341379e+01   4.4798235e+01   3.4935025e+01   3.5364637e+01   2.9521891e+01   3.8395815e+01   2.7108180e+01   3.4322607e+01   2.8172949e+01   4.4068598e+01   3.4604148e+01   4.6664124e+01   2.6860484e+01   4.5797259e+01   4.7340828e+01   4.2873203e+01   3.1590678e+01   3.3754592e+01   2.9333560e+01   3.8610851e+01   5.7726808e+01
   1.0924653e+01   1.0236945e+01   8.9639943e+00   1.1811652e+01   1.1390536e+01   1.1993879e+01   1.0264461e+01   1.1153952e+01   1.1355085e+01   1.2185030e+01   8.7276889e+00   1.1704587e+01   1.1102279e+01   1.0443455e+01   1.0799474e+01   1.1642925e+01   1.2141078e+01   1.1658967e+01   1.0093888e+01   1.2054257e+01   1.1630868e+01   1.0092082e+01   1.0893935e+01   1.0403067e+01   1.0449981e+01   1.2391950e+01   1.1656621e+01   1.0199655e+01   9.2175544e+00   9.9136582e+00
   9.4635414e+00   8.5878889e+00   8.9639943e+00   8.3132278e+00   9.0303864e+00   9.8636432e+00   8.0620147e+00   8.3702438e+00   9.6011688e+00   7.3561649e+00   8.7276889e+00   1.0226851e+01   9.4370223e+00   7.9167659e+00   9.4265492e+00   8.8002253e+00   9.1428496e+00   8.6536475e+00   6.8547402e+00   8.5728262e+00   9.4641083e+00   8.4487717e+00   1.0173558e+01   9.6859679e+00   8.6240189e+00   9.0417816e+00   8.5557154e+00   8.9937219e+00   9.2175544e+00   8.5515685e+00
   7.5666395e+00   8.0020447e+00   8.0622676e+00   8.3132278e+00   7.9038112e+00   8.8725202e+00   6.5454155e+00   7.7203561e+00   8.2585247e+00   7.3561649e+00   7.5871893e+00   8.0138788e+00   7.9463055e+00   7.9167659e+00   8.2877235e+00   7.5574981e+00   7.1884475e+00   7.9589165e+00   6.8547402e+00   7.7750441e+00   8.4685585e+00   8.1086306e+00   7.0849569e+00   8.9751845e+00   8.3042755e+00   8.0239525e+00   8.2451709e+00   8.5405006e+00   7.1795485e+00   8.4472839e+00
   6.9383793e+00   5.5924378e+00   6.4978541e+00   6.3922018e+00   7.4457944e+00   6.4885891e+00   5.7988006e+00   6.6732842e+00   5.2939753e+00   5.4447178e+00   6.9001253e+00   5.8508423e+00   6.6104702e+00   5.4816683e+00   6.6004426e+00   5.0962845e+00   7.0934108e+00   7.2330618e+00   6.3009083e+00   6.2440595e+00   7.0910008e+00   6.6094320e+00   6.1645390e+00   6.3897626e+00   6.1057201e+00   6.9652914e+00   6.9202229e+00   6.3784964e+00   6.1758567e+00   5.9601112e+00
   6.3066527e-01   6.7624426e-01   6.8864682e-01   7.2195174e-01   7.2995096e-01   7.7619589e-01   7.7976375e-01   7.8594056e-01   7.8721161e-01   8.3163717e-01   8.5518577e-01   8.6428088e-01   8.8263138e-01   8.8678178e-01   8.9275526e-01   9.0325753e-01   9.4276376e-01   9.5661209e-01   9.5838361e-01   9.6505164e-01   9.8569984e-01   9.8984875e-01   9.9056699e-01   1.0004278e+00   1.0201961e+00   1.0664439e+00   1.0697848e+00   1.1027331e+00   1.1049111e+00   1.1440046e+00
