   4.0033153e+02   3.0839910e+02   8.8515513e+02   3.4275770e+02   7.4730041e+02   8.4889764e+02   9.3251883e+02   4.0879553e+02   4.1607123e+02   4.0444502e+02   4.1928352e+02   5.3099059e+02   6.5980630e+02   7.2622987e+02   3.8773317e+02   4.4971132e+02   3.4530251e+02   6.5651319e+02   8.2418422e+02   4.9620523e+02   3.8571548e+02   1.8481804e+02   6.5669837e+02   4.9716955e+02   5.2851974e+02   4.8396952e+02   4.3808491e+02   3.3121658e+02   6.7842389e+02   5.0426114e+02
   1.7646615e+02   2.7836225e+02   3.7596312e+02   2.1532742e+02   2.4477117e+02   3.0805791e+02   3.5366559e+02   2.4430471e+02   2.5338775e+02   2.1562850e+02   2.6808541e+02   3.0222694e+02   2.7090031e+02   2.5894079e+02   2.6508730e+02   2.3978668e+02   1.6924806e+02   2.3658882e+02   4.3054029e+02   2.1660835e+02   2.1059834e+02   1.1537896e+02   2.0642941e+02   3.1536445e+02   3.9483810e+02   2.2330914e+02   2.2167554e+02   2.2223977e+02   2.7897605e+02   2.3632734e+02
   1.7646615e+02   2.0503202e+02   2.5516615e+02   1.9527018e+02   1.7639583e+02   2.0356121e+02   5.0919116e+00   1.4147984e+02   2.0598116e+02   1.8940827e+02   2.3454565e+02   3.0189718e+02   2.0629442e+02   1.9187362e+02   2.1248848e+02   1.6896485e+02   1.6924806e+02   6.6437189e+01   1.9703712e+02   1.6074300e+02   1.7795817e+02   1.1537896e+02   2.0642941e+02   1.6536667e+02   1.9878728e+02   2.2330914e+02   2.0433007e+02   1.4961936e+02   1.4541949e+02   1.8260508e+02
   1.7646615e+02   1.5165656e+02   1.8441347e+02   1.2691467e+02   1.3436881e+02   1.0833804e+02   5.0919116e+00   1.3995874e+02   1.3357033e+02   1.5382592e+02   1.5326887e+02   1.7584525e+02   1.7302950e+02   1.6901571e+02   1.3096226e+02   3.5566482e+01   1.3311144e+02   6.6437189e+01   1.1045737e+02   1.0892071e+02   1.2871144e+02   1.1537896e+02   2.0642941e+02   1.3216608e+02   1.7833420e+02   1.5291898e+02   1.8571280e+02   1.4961936e+02   1.3648777e+02   1.8260508e+02
   1.0845322e+02   1.2613925e+02   3.7335406e+01   1.2691467e+02   1.2467576e+02   4.2128600e+01   5.0919116e+00   1.0526580e+02   1.0205009e+02   1.5148823e+02   1.2762119e+02   1.3772794e+02   1.3443467e+02   1.5155105e+02   1.3096226e+02   3.5566482e+01   1.0008249e+02   6.6437189e+01   1.1045737e+02   1.0892071e+02   1.2853862e+02   1.1537896e+02   1.1741413e+02   1.3216608e+02   9.6054859e+01   1.3492495e+02   1.1699751e+02   1.2140422e+02   1.2024104e+02   1.4508243e+02
   1.0829695e+02   1.0138421e+02   3.7335406e+01   1.2155969e+01   1.0572728e+02   4.2128600e+01   5.0919116e+00   1.0526580e+02   1.0049980e+02   8.0776766e+01   4.0109893e+01   1.0421638e+02   9.6444479e+01   7.7567216e+01   1.2192089e+02   3.5566482e+01   1.0008249e+02   6.6437189e+01   5.9962900e+01   8.9069307e+01   8.5267354e+01   1.0896415e+01   1.1228784e+02   1.0667943e+02   8.7791193e+01   5.1224975e+01   6.1759718e+01   7.4125240e+01   5.7053418e+01   1.1103919e+02
   7.2638509e+01   7.9459504e+01   3.7335406e+01   1.2155969e+01   4.8954445e+01   4.2128600e+01   5.0919116e+00   9.2525872e+01   8.6633459e+01   8.0776766e+01   4.0109893e+01   8.9803973e+01   4.0707619e+01   7.7567216e+01   5.2927164e+01   3.3164907e+01   9.4312387e+01   6.6437189e+01   1.8397370e+01   3.6429394e+01   7.4375275e+01   1.0896415e+01   7.3090070e+01   9.6605939e+01   3.2466962e+01   5.1224975e+01   6.1759718e+01   7.4125240e+01   5.7053418e+01   4.5699286e+01
   2.7017592e+01   1.6460872e+01   2.0703293e+01   7.0340220e+00   1.2666219e+01   1.0321408e+01   5.0919116e+00   5.9327274e+01   1.5454693e+01   4.9990931e+01   3.0004083e+01   3.0655476e+01   4.0707619e+01   1.7963679e+01   2.4949090e+01   1.3191744e+01   9.8803035e+00   3.2513513e+01   1.8397370e+01   2.5751232e+01   4.6988912e+01   1.0896415e+01   5.1427443e+01   1.6958247e+01   3.2466962e+01   5.1224975e+01   5.0921081e+01   5.4635112e+01   1.7232300e+01   4.5699286e+01
   2.7017592e+01   1.6460872e+01   6.5600209e+00   3.9435187e+00   1.2666219e+01   7.3470930e+00   5.0919116e+00   3.7885598e+01   5.3498777e+00   1.3352244e+01   1.5047844e+01   1.8066965e+01   4.0707619e+01   6.0494158e+00   2.1066639e+01   1.3191744e+01   9.8803035e+00   1.6338509e+01   8.5393799e+00   1.5443060e+01   4.6988912e+01   1.0896415e+01   5.1427443e+01   1.6958247e+01   1.0980909e+01   5.1224975e+01   1.3427481e+01   3.9999176e+00   1.7232300e+01   2.0638045e+01
   2.7017592e+01   1.6460872e+01   5.2386892e-01   1.1165891e-01   5.9059524e+00   1.7544216e+00   2.3475510e+00   2.4258061e+01   2.9190289e-02   8.3574701e-01   1.4486727e+01   3.6338241e+00   3.9932877e+01   6.0494158e+00   2.1066639e+01   1.3191744e+01   9.8803035e+00   4.0369053e+00   8.9303234e-01   6.2714405e+00   4.1613225e+01   2.4647183e+00   5.1427443e+01   1.5522167e+01   1.6029670e-01   5.1224975e+01   1.3427481e+01   3.9999176e+00   1.7232300e+01   7.8158105e+00
   2.7017592e+01   1.6460872e+01   8.2518509e-03   9.4542146e-03   1.1222022e+00   1.8791049e-02   2.8175339e-02   2.4258061e+01   1.1326450e-02   1.2292996e-02   7.7216327e+00   3.3253571e-02   2.6638745e+01   4.8872003e+00   4.9417794e+00   1.3191744e+01   9.1674178e+00   4.0369053e+00   1.7893359e-02   6.2714405e+00   4.1613225e+01   3.6926304e-02   5.1286622e+01   1.5522167e+01   9.1117501e-03   5.0789448e+01   1.3427481e+01   3.9999176e+00   1.7232300e+01   7.8158105e+00
   2.7017592e+01   7.3546952e+00   3.1149672e-03   2.4372054e-03   1.1855145e-02   3.4963724e-03   3.9465439e-03   1.5152973e+01   2.0341223e-03   3.8101165e-03   1.2592748e+00   4.5969566e-03   2.5706365e+01   4.8872003e+00   8.3609140e-01   1.3191744e+01   9.1521288e+00   2.8493136e+00   3.6644791e-03   6.2714405e+00   2.7634709e+01   3.0476124e-03   3.1475866e+01   1.5522167e+01   2.5705748e-03   1.0614844e+01   1.3427481e+01   3.9999176e+00   1.4861619e+00   4.9406429e+00
   2.6313974e-01   1.4667572e+00   0.0000000e+00   4.4401084e-07   1.1224459e-04   4.4350700e-05   8.6994388e-06   1.6220552e-02   9.9651267e-08   5.1905348e-06   5.1165167e-04   1.0333215e-05   2.2118538e-02   1.5736956e+00   2.6508783e-03   1.3191744e+01   1.2107169e-01   2.1025265e-03   1.9059422e-05   2.6725364e-02   5.7933997e-01   3.0664827e-05   3.0778242e+00   1.0621393e+01   6.3304292e-08   8.1105204e-04   1.4602052e+00   5.8360983e-01   1.4861619e+00   4.9406429e+00
   0.0000000e+00   1.2714516e-08   0.0000000e+00   0.0000000e+00   0.0000000e+00   0.0000000e+00   0.0000000e+00   0.0000000e+00   0.0000000e+00   0.0000000e+00   0.0000000e+00   0.0000000e+00   0.0000000e+00   0.0000000e+00   0.0000000e+00   1.3120629e-02   3.9942194e-08   0.0000000e+00   0.0000000e+00   0.0000000e+00   0.0000000e+00   0.0000000e+00   0.0000000e+00   1.5544582e-07   0.0000000e+00   0.0000000e+00   0.0000000e+00   0.0000000e+00   2.1581356e-05   8.7737157e-05
   0.0000000e+00   0.0000000e+00   0.0000000e+00   0.0000000e+00   0.0000000e+00   0.0000000e+00   0.0000000e+00   0.0000000e+00   0.0000000e+00   0.0000000e+00   0.0000000e+00   0.0000000e+00   0.0000000e+00   0.0000000e+00   0.0000000e+00   0.0000000e+00   0.0000000e+00   0.0000000e+00   0.0000000e+00   0.0000000e+00   0.0000000e+00   0.0000000e+00   0.0000000e+00   0.0000000e+00   0.0000000e+00   0.0000000e+00   0.0000000e+00   0.0000000e+00   0.0000000e+00   0.0000000e+00
   0.0000000e+00   0.0000000e+00   0.0000000e+00   0.0000000e+00   0.0000000e+00   0.0000000e+00   0.0000000e+00   0.0000000e+00   0.0000000e+00   0.0000000e+00   0.0000000e+00   0.0000000e+00   0.0000000e+00   0.0000000e+00   0.0000000e+00   0.0000000e+00   0.0000000e+00   0.0000000e+00   0.0000000e+00   0.0000000e+00   0.0000000e+00   0.0000000e+00   0.0000000e+00   0.0000000e+00   0.0000000e+00   0.0000000e+00   0.0000000e+00   0.0000000e+00   0.0000000e+00   0.0000000e+00
