   1.7526876e+03   2.6929457e+03   1.5869467e+03   2.2101169e+03   2.2096430e+03   1.5856964e+03   1.5752564e+03   2.3468776e+03   1.3580294e+03   2.2972372e+03   2.1289997e+03   2.1185489e+03   1.7697800e+03   1.9608844e+03   1.8692044e+03   1.8903825e+03   2.3057186e+03   2.0849847e+03   2.0496418e+03   1.6857988e+03   1.4855237e+03   2.5063489e+03   2.0925553e+03   1.7515837e+03   2.4107318e+03   1.1657414e+03   2.4798293e+03   2.1073934e+03   1.9477700e+03   2.4716785e+03
   1.2607569e+02   1.4094556e+02   1.5582539e+01   1.6186906e+01   3.7795374e+01   6.6958840e+01   1.6873639e+02   9.0780975e+01   6.8171027e+01   4.4111118e+01   1.0404305e+02   1.5231326e+01   7.6200886e+00   7.9205159e+01   5.8469178e+01   6.9633086e+00   2.6774159e+01   8.4822490e-01   1.9560582e+01   3.8527346e+01   6.9643733e+01   7.1208056e+00   1.1077261e+02   4.1910167e+01   8.3437686e+00   1.9693381e+02   6.4787899e+01   1.2463506e+02   1.3731388e+02   2.8043359e+01
   1.1471826e+01   7.4334992e+00   1.3342394e+00   8.5510310e+00   6.9756030e-01   2.8283978e+01   6.5516248e+01   1.9547291e+01   2.1400510e+01   1.1058661e+01   1.4363316e+01   5.3341101e+00   6.7651411e+00   2.0896124e+01   1.1385747e+01   6.9633086e+00   2.8779510e+00   8.4822490e-01   5.7222418e+00   3.8527346e+01   3.7903096e+01   7.1208056e+00   2.7026360e+01   1.2477444e+01   5.0983474e-01   7.5929471e+00   4.4879275e+01   3.8777131e+01   1.1945821e+02   1.0078211e+00
   5.7317189e-01   4.4004204e+00   1.3342394e+00   1.8081092e+00   6.9756030e-01   1.0117333e+01   7.4122251e-01   1.5410422e+01   2.0790180e+01   1.1058661e+01   1.0592257e+00   5.3341101e+00   6.7651411e+00   1.2486028e-01   1.1385747e+01   6.9633086e+00   2.8779510e+00   8.4822490e-01   5.7222418e+00   9.5545040e-01   1.3793821e+00   1.6742466e+00   1.2724760e+01   4.3744615e+00   5.0983474e-01   7.5929471e+00   1.4300146e+00   9.6733467e+00   7.6627349e+00   1.0078211e+00
   5.7317189e-01   4.4004204e+00   1.3342394e+00   1.5077843e+00   6.9756030e-01   1.1788471e+00   7.4122251e-01   2.1598672e+00   1.6460594e+01   9.9432714e+00   1.0592257e+00   5.3341101e+00   2.4789905e+00   1.2486028e-01   1.6126308e+00   1.5225147e+00   2.8779510e+00   8.4822490e-01   5.7222418e+00   9.5545040e-01   8.7678459e-01   5.3341818e-01   6.9268627e-02   8.1607520e-01   5.0983474e-01   2.7242465e-01   1.4300146e+00   9.3696684e+00   7.6627349e+00   1.0078211e+00
   5.7317189e-01   3.8528818e+00   7.3591500e-02   1.3805493e-01   6.9756030e-01   7.2024333e-01   7.4122251e-01   2.1598672e+00   3.4773128e-01   2.8560953e+00   1.0592257e+00   1.1258146e+00   8.8738596e-01   1.2486028e-01   1.6126308e+00   5.1653189e-01   2.8779510e+00   8.4822490e-01   5.2768800e+00   9.5545040e-01   5.4817361e-02   5.3341818e-01   6.9268627e-02   8.1607520e-01   5.0983474e-01   2.7242465e-01   1.4300146e+00   3.4920876e+00   4.8068367e+00   1.0078211e+00
   4.3464895e-01   1.3659774e+00   7.3591500e-02   1.3805493e-01   6.9756030e-01   4.0892453e-01   7.4122251e-01   1.4233472e+00   3.4773128e-01   2.7517216e+00   1.6009128e-01   1.1258146e+00   7.3433730e-01   1.2486028e-01   1.6126308e+00   2.0774321e-01   8.5267611e-01   8.4822490e-01   2.0706144e-01   1.3098082e-01   5.4817361e-02   5.3341818e-01   6.9268627e-02   4.1994130e-01   5.0983474e-01   2.7242465e-01   1.4300146e+00   1.1183185e+00   1.0795903e+00   1.0078211e+00
   2.6227283e-01   4.1910024e-01   7.3591500e-02   1.3805493e-01   1.9956360e-01   2.8493941e-01   6.2621834e-01   2.3635927e-01   3.4773128e-01   1.8376215e+00   1.6009128e-01   2.6570604e-01   5.6381409e-01   1.2486028e-01   2.7135063e-01   2.0774321e-01   2.1033554e-01   6.5522163e-01   2.0706144e-01   1.3098082e-01   5.4817361e-02   5.3341818e-01   6.9268627e-02   1.2904730e-01   3.8582382e-01   2.7242465e-01   6.2019729e-02   3.5442151e-01   1.0795903e+00   1.0783742e-01
   1.0412850e-01   1.7749492e-01   7.3591500e-02   1.3805493e-01   1.6530331e-01   2.1144678e-01   1.7682564e-01   1.1845920e-01   3.4773128e-01   8.3372432e-02   1.6009128e-01   2.7086809e-02   5.6381409e-01   1.2486028e-01   6.0661262e-02   2.0774321e-01   2.1033554e-01   3.7359791e-01   2.0706144e-01   1.3098082e-01   5.4817361e-02   4.5818115e-01   6.9268627e-02   6.3853154e-02   2.2341409e-01   9.3259214e-02   2.5804790e-02   3.5442151e-01   6.6182531e-01   1.0783742e-01
   1.6385982e-02   2.4690750e-02   1.0563699e-02   3.7656189e-02   9.4945976e-03   2.0776921e-02   2.3921000e-02   1.1867361e-02   1.1115671e-02   1.5436911e-02   1.5843439e-02   1.2344063e-02   1.1687371e-02   1.5251623e-02   2.0424387e-02   2.5589093e-02   6.1036118e-03   2.6564366e-02   1.8356769e-02   2.4144931e-02   1.2851416e-02   1.9385222e-02   1.2535838e-02   7.1820910e-03   1.7626579e-02   1.8064102e-02   1.1324151e-02   1.4739861e-02   1.3223097e-02   1.8278085e-02
   2.1552687e-03   2.4463919e-03   1.1725336e-03   1.2819594e-03   2.5775584e-03   2.2457597e-03   1.7860540e-03   2.3047835e-03   1.7378098e-03   1.9593980e-03   1.9335439e-03   9.9775126e-04   2.5173178e-03   2.4527729e-03   2.0432473e-03   1.8224219e-03   2.1258651e-03   1.7214752e-03   1.6310968e-03   1.8690812e-03   1.6774036e-03   2.4755880e-03   2.0895871e-03   1.9556237e-03   9.7590387e-04   2.5808292e-03   2.1006518e-03   8.5327445e-04   1.3344145e-03   1.9895277e-03
   2.4902972e-04   4.3728522e-04   2.8955024e-04   5.4438452e-04   4.3580478e-04   4.4402770e-04   1.9259642e-04   5.5355570e-04   3.0042259e-04   4.1768905e-04   2.4299576e-04   2.4137145e-04   4.7477326e-04   3.0352451e-04   3.3968793e-04   2.7277944e-04   5.4979146e-04   4.4492844e-04   6.1286433e-04   4.8635607e-04   3.2759355e-04   1.8989317e-04   3.8458368e-04   5.1509374e-04   1.4321807e-04   4.6627807e-04   4.2842616e-04   5.1035806e-04   2.6761089e-04   8.2980758e-04
   5.8829689e-05   7.7755205e-05   8.4979425e-05   5.4914605e-05   5.7242722e-05   5.8896808e-05   5.8067703e-05   2.3863074e-05   5.8088805e-05   1.1494649e-08   5.3639466e-05   7.2024807e-05   7.9553304e-05   6.1804221e-05   6.6910668e-05   6.5226010e-05   8.4651332e-05   4.9954851e-05   7.7651716e-05   1.2817823e-05   1.3317850e-04   7.3033362e-05   6.9090403e-05   2.4921767e-05   9.5267344e-05   6.3616948e-05   9.5022708e-05   9.0598973e-05   5.8356817e-05   6.7834410e-05
   0.0000000e+00   0.0000000e+00   0.0000000e+00   0.0000000e+00   0.0000000e+00   0.0000000e+00   0.0000000e+00   0.0000000e+00   0.0000000e+00   0.0000000e+00   0.0000000e+00   0.0000000e+00   0.0000000e+00   0.0000000e+00   0.0000000e+00   0.0000000e+00   0.0000000e+00   0.0000000e+00   0.0000000e+00   0.0000000e+00   0.0000000e+00   0.0000000e+00   0.0000000e+00   0.0000000e+00   0.0000000e+00   0.0000000e+00   0.0000000e+00   0.0000000e+00   0.0000000e+00   0.0000000e+00
   0.0000000e+00   0.0000000e+00   0.0000000e+00   0.0000000e+00   0.0000000e+00   0.0000000e+00   0.0000000e+00   0.0000000e+00   0.0000000e+00   0.0000000e+00   0.0000000e+00   0.0000000e+00   0.0000000e+00   0.0000000e+00   0.0000000e+00   0.0000000e+00   0.0000000e+00   0.0000000e+00   0.0000000e+00   0.0000000e+00   0.0000000e+00   0.0000000e+00   0.0000000e+00   0.0000000e+00   0.0000000e+00   0.0000000e+00   0.0000000e+00   0.0000000e+00   0.0000000e+00   0.0000000e+00
   0.0000000e+00   0.0000000e+00   0.0000000e+00   0.0000000e+00   0.0000000e+00   0.0000000e+00   0.0000000e+00   0.0000000e+00   0.0000000e+00   0.0000000e+00   0.0000000e+00   0.0000000e+00   0.0000000e+00   0.0000000e+00   0.0000000e+00   0.0000000e+00   0.0000000e+00   0.0000000e+00   0.0000000e+00   0.0000000e+00   0.0000000e+00   0.0000000e+00   0.0000000e+00   0.0000000e+00   0.0000000e+00   0.0000000e+00   0.0000000e+00   0.0000000e+00   0.0000000e+00   0.0000000e+00
