   1.8432043e+03   1.9610972e+03   1.7848936e+03   1.9811474e+03   1.5364041e+03   1.4819567e+03   1.1497262e+03   1.1497262e+03   1.7899530e+03   2.0884660e+03   1.7187125e+03   2.0753724e+03   2.2977689e+03   1.9241921e+03   1.5615908e+03   2.1832330e+03   1.5908439e+03   2.0679604e+03   1.7277873e+03   2.1771938e+03   2.1234208e+03   1.8203706e+03   1.9881061e+03   2.1770028e+03   2.0561688e+03   2.0392700e+03   1.9756262e+03   1.9910168e+03   1.9721406e+03   1.5333079e+03
   1.4629361e+03   1.8320459e+03   1.7848936e+03   1.3135852e+03   1.5364041e+03   1.4819567e+03   1.1497262e+03   1.1497262e+03   1.7899530e+03   1.7794223e+03   1.7187125e+03   1.5552049e+03   1.6633269e+03   1.9241921e+03   1.5615908e+03   2.0832255e+03   1.5908439e+03   2.0365871e+03   1.7277873e+03   2.1771938e+03   2.0676452e+03   1.3943947e+03   1.9881061e+03   2.1770028e+03   1.9686047e+03   2.0392700e+03   1.7367239e+03   1.6349384e+03   1.5163921e+03   1.5333079e+03
   1.4629361e+03   1.8320459e+03   1.7848936e+03   1.3135852e+03   1.5364041e+03   1.4819567e+03   1.1497262e+03   1.1497262e+03   1.7178780e+03   1.7794223e+03   1.7187125e+03   1.5552049e+03   1.6633269e+03   1.8240699e+03   1.5615908e+03   1.6162685e+03   1.5908439e+03   1.4661848e+03   1.7277873e+03   1.6339191e+03   2.0098622e+03   1.3943947e+03   1.9881061e+03   2.0092323e+03   1.9686047e+03   2.0392700e+03   1.7367239e+03   1.6349384e+03   1.5163921e+03   1.5333079e+03
   1.4629361e+03   1.6290146e+03   1.6271080e+03   1.3135852e+03   1.5364041e+03   1.4819567e+03   1.1497262e+03   1.1497262e+03   1.7178780e+03   1.6964729e+03   1.6881185e+03   1.5552049e+03   1.4417926e+03   1.8240699e+03   1.3246526e+03   1.6162685e+03   1.5908439e+03   1.4661848e+03   1.7277873e+03   1.6339191e+03   1.8148770e+03   1.3943947e+03   1.5872485e+03   1.9140537e+03   1.9686047e+03   2.0392700e+03   1.7367239e+03   1.6349384e+03   1.5163921e+03   1.5333079e+03
   1.4629361e+03   1.6290146e+03   1.6271080e+03   1.3135852e+03   1.5364041e+03   1.4819567e+03   1.1497262e+03   1.1497262e+03   1.7178780e+03   1.6964729e+03   1.5838250e+03   1.5552049e+03   1.3883350e+03   1.8240699e+03   1.3246526e+03   1.4184420e+03   1.5908439e+03   1.4661848e+03   1.7075495e+03   1.5190539e+03   1.7394184e+03   1.3943947e+03   1.5872485e+03   1.4667838e+03   1.8598863e+03   1.8336661e+03   1.7367239e+03   1.6349384e+03   1.5163921e+03   1.5333079e+03
   1.4629361e+03   1.6021546e+03   1.6271080e+03   1.3135852e+03   1.4651736e+03   1.4819567e+03   1.1497262e+03   1.1497262e+03   1.7178780e+03   1.6090377e+03   1.3226668e+03   1.5552049e+03   1.3107582e+03   1.7945997e+03   1.3246526e+03   1.4184420e+03   1.5908439e+03   1.4661848e+03   1.0180190e+03   1.5190539e+03   1.4790914e+03   1.3943947e+03   1.5872485e+03   1.4667838e+03   1.4422508e+03   1.6264071e+03   1.7367239e+03   1.6349384e+03   1.5163921e+03   1.4028086e+03
   1.4629361e+03   1.4750060e+03   1.5692277e+03   1.3135852e+03   1.4651736e+03   1.4819567e+03   1.1497262e+03   1.1497262e+03   1.6943916e+03   1.4998809e+03   1.3226668e+03   1.5098405e+03   1.3107582e+03   1.5597041e+03   1.3246526e+03   1.2543892e+03   1.5908439e+03   1.3900421e+03   1.0180190e+03   1.5190539e+03   1.3336207e+03   1.3943947e+03   1.3664463e+03   1.4028026e+03   1.4422508e+03   1.5574774e+03   1.4746944e+03   1.6042186e+03   1.5163921e+03   1.4028086e+03
   1.4629361e+03   1.2936875e+03   1.0367640e+03   1.3135852e+03   1.4651736e+03   1.4819567e+03   1.1497262e+03   1.1497262e+03   1.4353208e+03   1.4155717e+03   1.3226668e+03   1.2989348e+03   1.1082403e+03   1.0509202e+03   1.3246526e+03   1.2543892e+03   1.4234428e+03   1.3900421e+03   1.0180190e+03   1.2986893e+03   1.3336207e+03   1.3671277e+03   1.3664463e+03   1.3358290e+03   1.4422508e+03   1.5574774e+03   1.1259606e+03   1.5125434e+03   1.4655948e+03   1.4028086e+03
   1.3394250e+03   1.2936875e+03   1.0367640e+03   1.3135852e+03   1.4079103e+03   1.1972906e+03   1.1032659e+03   1.1032659e+03   1.4353208e+03   9.6562690e+02   1.3226668e+03   1.2841690e+03   1.1082403e+03   1.0509202e+03   1.3246526e+03   1.2543892e+03   1.2411522e+03   1.3900421e+03   7.9148914e+02   1.2986893e+03   1.1857656e+03   1.3398503e+03   1.3664463e+03   1.2265244e+03   1.1657618e+03   1.4753523e+03   1.1259606e+03   9.4934132e+02   1.4655948e+03   1.2741608e+03
   1.1851905e+03   1.2060518e+03   1.0367640e+03   1.1951780e+03   1.0441930e+03   1.1015870e+03   1.1032659e+03   1.1032659e+03   1.2752941e+03   9.6562690e+02   1.1796330e+03   1.1744615e+03   1.0898655e+03   8.8583534e+02   1.0071863e+03   1.0905014e+03   1.1420998e+03   1.0984390e+03   7.9148914e+02   9.6600252e+02   1.1723769e+03   1.0897633e+03   1.0229931e+03   1.1677113e+03   1.0227235e+03   1.0255996e+03   9.6274150e+02   9.4934132e+02   9.8897672e+02   1.1830821e+03
   7.3295565e+02   8.3069910e+02   8.6473993e+02   7.1138555e+02   8.6880461e+02   7.9080665e+02   8.5702997e+02   8.5702997e+02   6.4907544e+02   6.5451263e+02   8.4932335e+02   7.5761669e+02   8.0227665e+02   8.2205646e+02   6.6088164e+02   7.5261742e+02   7.8736823e+02   7.8689695e+02   7.8561496e+02   8.8660595e+02   4.4973647e+02   6.9081064e+02   4.9074695e+02   8.5612370e+02   6.7419341e+02   8.2688713e+02   8.2190602e+02   6.1788456e+02   7.1952503e+02   6.0430007e+02
   6.4819391e+02   5.2913588e+02   5.2066867e+02   5.2719032e+02   4.6340302e+02   4.8697299e+02   5.5444141e+02   5.5444141e+02   3.5541847e+02   4.4219001e+02   6.1319197e+02   7.2563690e+02   5.9922341e+02   5.5983484e+02   6.6088164e+02   6.4757603e+02   5.3574082e+02   5.5438068e+02   6.3343080e+02   6.2723524e+02   4.4973647e+02   3.7119953e+02   4.9074695e+02   5.8022566e+02   5.3658562e+02   6.2002718e+02   6.3905128e+02   5.8150303e+02   4.4988923e+02   4.2707673e+02
   4.1026835e+02   4.1225205e+02   3.0285815e+02   4.6599212e+02   4.1779755e+02   3.0256387e+02   4.1639255e+02   4.1639255e+02   3.5541847e+02   3.2815314e+02   4.2124642e+02   3.4135684e+02   2.3069930e+02   3.2422894e+02   3.6838935e+02   4.1904848e+02   3.9765667e+02   2.2403719e+02   4.5141157e+02   4.2812124e+02   3.9636401e+02   3.2516818e+02   4.0668126e+02   4.6410318e+02   4.8756345e+02   4.0235822e+02   3.5759432e+02   4.0641547e+02   3.5764060e+02   3.1352017e+02
   3.3933665e+02   2.6345510e+02   2.2190559e+02   3.2872615e+02   2.7806594e+02   2.7940710e+02   2.1678292e+02   2.1678292e+02   2.5428430e+02   1.9742783e+02   2.2124578e+02   1.8338974e+02   2.3069930e+02   2.6128948e+02   2.4136814e+02   2.4764220e+02   2.1398275e+02   1.8121298e+02   2.0823929e+02   2.1905665e+02   3.0051210e+02   2.1971077e+02   2.5980163e+02   2.2868779e+02   3.2897881e+02   2.9745620e+02   2.4576694e+02   1.8318239e+02   3.0418239e+02   2.2325513e+02
   9.5082920e+01   1.2290256e+02   7.8178665e+01   9.6667121e+01   9.4919043e+01   1.0760303e+02   9.4139552e+01   9.4139552e+01   1.1151867e+02   9.7352290e+01   8.6711295e+01   9.6198311e+01   1.1007943e+02   1.1427429e+02   1.0554948e+02   1.0357104e+02   1.1741641e+02   7.4822537e+01   1.0356996e+02   9.2582128e+01   1.0203921e+02   9.0385860e+01   1.0807326e+02   1.0311474e+02   1.2303921e+02   8.7775713e+01   8.9622330e+01   7.6746178e+01   1.2406513e+02   1.0264823e+02
   9.6421014e-02   1.1177749e-01   1.1222601e-01   1.2020587e-01   1.2298586e-01   1.2323970e-01   1.2934298e-01   1.2934298e-01   1.4234106e-01   1.4242795e-01   1.4389424e-01   1.4873390e-01   1.4968037e-01   1.5353768e-01   1.5924149e-01   1.6815208e-01   1.7035511e-01   1.7100564e-01   1.7684848e-01   1.8543488e-01   1.9505170e-01   1.9699481e-01   2.0815915e-01   2.3228124e-01   2.3363188e-01   2.4985154e-01   2.7476337e-01   2.8176558e-01   2.8343331e-01   2.9083908e-01
