   3.9540767e+02   3.1544706e+02   2.9303198e+02   3.0991053e+02   4.1227861e+02   3.3853979e+02   3.2747719e+02   3.6170640e+02   2.7020630e+02   4.4771175e+02   2.6986264e+02   3.8715848e+02   4.2239447e+02   2.6857675e+02   4.2024716e+02   4.1099386e+02   3.8144593e+02   3.6645362e+02   3.4687701e+02   2.5911883e+02   4.1746310e+02   4.0283686e+02   4.0906668e+02   4.2534643e+02   4.1634168e+02   3.3632838e+02   3.2589466e+02   3.5365056e+02   2.7815947e+02   3.6436787e+02
   2.3368289e+02   2.1969057e+02   2.0459612e+02   2.5589040e+02   2.2662382e+02   1.8899321e+02   2.9389685e+02   3.0812911e+02   2.2949924e+02   2.8009291e+02   2.6115609e+02   2.8610895e+02   2.0186592e+02   1.8906309e+02   2.4844763e+02   2.6561145e+02   2.1220451e+02   2.3621987e+02   3.2630691e+02   2.5184075e+02   2.5602001e+02   2.2000251e+02   2.4451483e+02   2.6213406e+02   3.5356374e+02   2.2468664e+02   2.0019544e+02   2.0614328e+02   2.7815947e+02   3.1772870e+02
   1.7413256e+02   2.1502684e+02   1.8651920e+02   1.8172662e+02   2.2662382e+02   1.8426716e+02   1.8225571e+02   2.1089543e+02   1.6371656e+02   2.4500232e+02   1.9084510e+02   2.2143086e+02   1.7317407e+02   1.7221127e+02   1.4314544e+02   1.8257979e+02   1.6002164e+02   1.6321357e+02   2.1637297e+02   1.7555191e+02   1.7956150e+02   1.8537822e+02   1.7733919e+02   2.1468756e+02   1.8099387e+02   2.1690968e+02   1.8214809e+02   1.9240648e+02   1.9480048e+02   1.7596543e+02
   1.4476609e+02   1.7993837e+02   1.4997243e+02   1.7869381e+02   1.7305158e+02   1.8426716e+02   1.8225571e+02   1.5898598e+02   1.4277098e+02   1.9224207e+02   1.8732340e+02   1.9006854e+02   1.4450611e+02   1.5919991e+02   1.4314544e+02   1.6869831e+02   1.6002164e+02   1.5706595e+02   1.6629615e+02   1.7555191e+02   1.7956150e+02   1.5560147e+02   1.6929795e+02   1.7770578e+02   1.8099387e+02   1.8366874e+02   1.7145816e+02   1.0968030e+02   1.7458576e+02   1.4399648e+02
   1.4476609e+02   1.4081273e+02   1.3614827e+02   1.5206773e+02   1.6400131e+02   1.4682830e+02   1.2407493e+02   1.3049521e+02   9.9116403e+01   1.3598084e+02   1.2331527e+02   1.5677149e+02   1.3295442e+02   1.1441889e+02   1.4115331e+02   1.3471509e+02   1.2586585e+02   1.2707260e+02   1.3680360e+02   1.1608519e+02   1.4438227e+02   1.1116380e+02   1.0672540e+02   1.4763292e+02   1.3261242e+02   1.5803591e+02   1.5385451e+02   1.0968030e+02   1.5234121e+02   1.1850814e+02
   1.2422973e+02   1.1065211e+02   1.1885983e+02   1.0195144e+02   1.1063859e+02   1.2353243e+02   1.1129977e+02   9.9098391e+01   9.9116403e+01   1.1368894e+02   1.1314763e+02   1.0776644e+02   1.0164565e+02   1.0384655e+02   8.0267818e+01   9.3375279e+01   1.0926306e+02   8.0855817e+01   1.0613735e+02   1.1608519e+02   1.2595045e+02   1.1116380e+02   9.6856068e+01   1.0179336e+02   1.1857168e+02   1.1893562e+02   9.7692604e+01   1.0968030e+02   1.1075137e+02   1.1850814e+02
   1.0347064e+02   9.4097678e+01   9.5136205e+01   9.9768844e+01   8.4109604e+01   8.7557941e+01   8.7282161e+01   8.6134002e+01   9.9116403e+01   9.9572014e+01   7.7588679e+01   8.1028508e+01   7.9816791e+01   9.2778139e+01   8.0267818e+01   8.1047067e+01   8.9057088e+01   7.1477688e+01   7.9538997e+01   9.7203902e+01   1.0616252e+02   9.1049515e+01   8.6093863e+01   7.6578156e+01   9.0550401e+01   9.4480235e+01   8.1910549e+01   9.1376406e+01   6.7736452e+01   9.8823546e+01
   6.7037811e+01   6.7834324e+01   6.8711655e+01   8.0482411e+01   6.2451715e+01   7.3576648e+01   6.8396659e+01   6.2049383e+01   6.7851349e+01   7.6240746e+01   7.5054770e+01   6.0061312e+01   4.8774380e+01   6.9146465e+01   7.1911388e+01   6.9301089e+01   7.2977744e+01   6.2672811e+01   5.9536173e+01   6.6152579e+01   8.0722472e+01   6.3656295e+01   6.9360308e+01   6.6171486e+01   6.7604019e+01   7.1423146e+01   6.8540924e+01   6.8708125e+01   6.2710480e+01   6.7776178e+01
   5.5414276e+01   6.0701566e+01   5.5507653e+01   5.1779818e+01   6.0320607e+01   5.2379962e+01   5.3908202e+01   4.9021671e+01   5.7016005e+01   5.4412662e+01   4.9850073e+01   5.8907130e+01   4.5353778e+01   4.7595617e+01   6.1697336e+01   4.8964059e+01   5.0201455e+01   5.6550528e+01   5.9536173e+01   4.4091492e+01   5.5243234e+01   3.7369192e+01   5.6458260e+01   4.5319233e+01   5.8382643e+01   4.5644658e+01   5.4548459e+01   5.9839458e+01   4.6620125e+01   4.9723010e+01
   4.4303762e+01   4.5036890e+01   5.2303960e+01   4.7700877e+01   4.9146119e+01   3.8391913e+01   4.8632034e+01   4.3474107e+01   2.6303123e+01   4.7727904e+01   4.9850073e+01   3.6923864e+01   4.0475920e+01   4.7595617e+01   3.4297712e+01   3.8823969e+01   4.0555922e+01   4.4135659e+01   3.3137496e+01   4.4091492e+01   4.9399816e+01   3.5248573e+01   4.4264874e+01   4.5319233e+01   4.4752388e+01   3.4196093e+01   4.5839776e+01   4.3501852e+01   4.3413642e+01   4.9723010e+01
   3.6761016e+01   3.1999597e+01   3.7143970e+01   3.4516862e+01   3.2865012e+01   3.2887318e+01   4.0889202e+01   3.3546959e+01   2.6303123e+01   2.8056555e+01   2.9770880e+01   3.3607432e+01   3.6957142e+01   3.2331483e+01   3.0355751e+01   3.5320308e+01   3.9210138e+01   3.2555830e+01   3.3137496e+01   3.8879344e+01   3.9352593e+01   3.5248573e+01   3.7758995e+01   3.7189818e+01   4.2784928e+01   3.4196093e+01   3.1000731e+01   4.1794008e+01   3.9513476e+01   3.8838372e+01
   2.5196422e+01   2.7568973e+01   3.0250461e+01   2.3233731e+01   3.0711723e+01   2.7431848e+01   3.1738197e+01   2.6308887e+01   2.6303123e+01   2.0720837e+01   2.8773184e+01   3.0314671e+01   2.9737220e+01   3.2331483e+01   2.6341431e+01   3.0854839e+01   3.2410888e+01   2.2147981e+01   3.0248086e+01   2.6840156e+01   3.0560415e+01   2.7625491e+01   3.0515359e+01   2.6496577e+01   3.0195399e+01   3.1251399e+01   2.9928102e+01   3.2516769e+01   2.9065118e+01   3.2109789e+01
   1.8241249e+01   2.0736196e+01   2.3640779e+01   1.9219138e+01   2.2467636e+01   2.0985923e+01   2.0796150e+01   2.1759234e+01   1.9974097e+01   2.0720837e+01   1.5251847e+01   1.8285356e+01   2.0181753e+01   2.0849163e+01   2.2957950e+01   2.1471805e+01   2.3583156e+01   2.0523408e+01   2.0569378e+01   1.9443988e+01   1.7789347e+01   2.1547689e+01   2.4157718e+01   1.7858821e+01   2.2049005e+01   2.3019779e+01   2.0828646e+01   2.1091626e+01   2.2019568e+01   1.9577454e+01
   1.3702486e+01   1.3446839e+01   1.4158343e+01   1.2772019e+01   1.3369395e+01   1.2930096e+01   1.3044691e+01   1.3585944e+01   1.2995374e+01   1.3381718e+01   1.3127641e+01   1.3379407e+01   1.2986640e+01   1.4311290e+01   1.4268714e+01   1.3083331e+01   1.2928778e+01   1.3777316e+01   1.2720919e+01   1.3736894e+01   1.3007322e+01   1.4044002e+01   1.2557525e+01   1.3230184e+01   1.2837735e+01   1.4528059e+01   1.3050460e+01   1.3050251e+01   1.2829659e+01   1.2498601e+01
   1.0873757e+01   1.0874126e+01   1.0873771e+01   1.0873759e+01   1.0873787e+01   1.0873727e+01   1.0873700e+01   1.0873903e+01   1.0873696e+01   1.0873733e+01   1.0873743e+01   1.0873710e+01   1.0873706e+01   1.0873762e+01   1.0873842e+01   1.0873687e+01   1.0873751e+01   1.0873744e+01   1.0873785e+01   1.0873733e+01   1.0873706e+01   1.0873859e+01   1.0873804e+01   1.0873712e+01   1.0873849e+01   1.0873805e+01   1.0873716e+01   1.0873759e+01   1.0873865e+01   1.0873689e+01
   1.0873679e+01   1.0873679e+01   1.0873679e+01   1.0873679e+01   1.0873679e+01   1.0873679e+01   1.0873679e+01   1.0873679e+01   1.0873679e+01   1.0873679e+01   1.0873679e+01   1.0873679e+01   1.0873679e+01   1.0873679e+01   1.0873679e+01   1.0873679e+01   1.0873679e+01   1.0873679e+01   1.0873679e+01   1.0873679e+01   1.0873679e+01   1.0873679e+01   1.0873679e+01   1.0873679e+01   1.0873679e+01   1.0873679e+01   1.0873679e+01   1.0873679e+01   1.0873679e+01   1.0873679e+01
