   2.2421681e+03   1.7288982e+03   1.7288982e+03   2.0941094e+03   2.3044547e+03   2.3897680e+03   2.3401583e+03   2.6162151e+03   2.4514182e+03   2.2728340e+03   2.3052831e+03   2.2938310e+03   1.8878849e+03   2.2753786e+03   2.2336649e+03   2.2782141e+03   2.3319538e+03   2.1346652e+03   2.5499223e+03   2.1921744e+03   1.7903838e+03   2.2348091e+03   1.8857810e+03   2.2666567e+03   1.8445713e+03   1.9809069e+03   2.5913850e+03   2.3767820e+03   2.2902335e+03   2.1685012e+03
   2.1364825e+03   1.7288982e+03   1.7288982e+03   1.9569384e+03   2.1560725e+03   2.1944484e+03   2.0210098e+03   1.7673046e+03   2.4514182e+03   2.0364592e+03   2.3052831e+03   2.2938310e+03   1.8878849e+03   2.2753786e+03   1.8032500e+03   2.1968647e+03   2.2329743e+03   2.1346652e+03   2.3934853e+03   2.1921744e+03   1.7903838e+03   2.2348091e+03   1.8857810e+03   2.2666567e+03   8.5670424e+02   1.9758386e+03   1.9248745e+03   2.2804113e+03   2.2070732e+03   2.1685012e+03
   2.1364825e+03   1.7288982e+03   1.7288982e+03   1.9569384e+03   2.0150725e+03   1.9370099e+03   1.7311992e+03   1.7673046e+03   2.4514182e+03   2.0364592e+03   2.3052831e+03   2.2466555e+03   1.8878849e+03   2.2753786e+03   1.8032500e+03   1.9153242e+03   2.2329743e+03   2.1346652e+03   2.1225985e+03   2.1921744e+03   1.7903838e+03   2.0474396e+03   1.8857810e+03   2.2666567e+03   8.5670424e+02   1.9758386e+03   1.9248745e+03   2.1568685e+03   2.0408921e+03   2.1685012e+03
   1.8707785e+03   1.7288982e+03   1.7288982e+03   1.7947293e+03   2.0150725e+03   1.9370099e+03   1.7311992e+03   1.7673046e+03   2.2704541e+03   2.0364592e+03   2.0672080e+03   2.2466555e+03   1.8878849e+03   2.2753786e+03   1.8032500e+03   1.9153242e+03   2.0981662e+03   2.0928252e+03   2.1225985e+03   2.1921744e+03   1.7903838e+03   2.0474396e+03   1.6816830e+03   2.0415462e+03   8.5670424e+02   1.9335700e+03   1.6392144e+03   1.9900301e+03   2.0408921e+03   2.1685012e+03
   1.8707785e+03   1.7288982e+03   1.7288982e+03   1.7947293e+03   2.0150725e+03   1.9370099e+03   1.7311992e+03   1.7673046e+03   2.1116339e+03   8.8018221e+02   2.0672080e+03   1.8898675e+03   1.8878849e+03   2.2677311e+03   1.8032500e+03   1.9153242e+03   1.9439671e+03   1.6078183e+03   2.1225985e+03   2.0477315e+03   1.3645080e+03   1.4712458e+03   1.6816830e+03   2.0415462e+03   8.5670424e+02   1.8520097e+03   1.6392144e+03   1.8812652e+03   2.0408921e+03   2.0112349e+03
   1.8707785e+03   1.7288982e+03   1.7288982e+03   1.7947293e+03   1.4586799e+03   1.8992378e+03   1.7144918e+03   1.7107629e+03   2.0848508e+03   8.8018221e+02   1.8127963e+03   1.8898675e+03   1.8878849e+03   1.8034636e+03   1.4213393e+03   1.6207835e+03   1.5909624e+03   1.6078183e+03   2.0559888e+03   1.7092915e+03   1.3645080e+03   1.4712458e+03   1.6816830e+03   1.6708322e+03   8.5670424e+02   1.8520097e+03   1.6392144e+03   1.6992049e+03   2.0408921e+03   1.8298320e+03
   1.3916181e+03   1.7288982e+03   1.7288982e+03   1.7947293e+03   1.4586799e+03   1.0478569e+03   1.6811380e+03   1.5463411e+03   2.0848508e+03   8.8018221e+02   1.8127963e+03   1.8520695e+03   1.8878849e+03   1.8034636e+03   1.4213393e+03   1.6207835e+03   1.5561544e+03   1.4308564e+03   1.8900794e+03   1.7092915e+03   1.3645080e+03   1.4712458e+03   1.6816830e+03   1.5909440e+03   8.5670424e+02   1.8520097e+03   1.4259446e+03   1.6992049e+03   1.6362143e+03   1.8298320e+03
   1.3262851e+03   1.6217934e+03   1.6217934e+03   1.4653735e+03   1.4586799e+03   1.0478569e+03   1.6811380e+03   1.5237887e+03   1.7731862e+03   8.8018221e+02   1.1922072e+03   1.6524848e+03   1.8460261e+03   1.6643087e+03   1.4213393e+03   1.0925524e+03   1.5561544e+03   1.4308564e+03   1.1685221e+03   1.7092915e+03   1.3410166e+03   1.4712458e+03   1.6685025e+03   1.5909440e+03   8.5670424e+02   1.7417501e+03   1.4259446e+03   1.5956654e+03   1.4023331e+03   1.6074992e+03
   1.3262851e+03   1.4644858e+03   1.4644858e+03   1.4600629e+03   1.3535452e+03   1.0478569e+03   1.4377309e+03   1.5237887e+03   1.4435112e+03   8.8018221e+02   1.1922072e+03   1.2255071e+03   1.6825090e+03   1.6115204e+03   1.2206595e+03   1.0925524e+03   1.5561544e+03   1.4308564e+03   1.1685221e+03   1.4660331e+03   1.1356102e+03   1.3551502e+03   1.4578762e+03   1.2545628e+03   8.5670424e+02   1.7417501e+03   1.4259446e+03   1.5956654e+03   1.4023331e+03   1.4204970e+03
   1.2124900e+03   1.4229403e+03   1.4229403e+03   1.3652110e+03   1.2973855e+03   1.0478569e+03   1.4377309e+03   1.4951894e+03   1.2609304e+03   8.8018221e+02   1.1922072e+03   1.2255071e+03   1.3406495e+03   1.4641884e+03   1.2206595e+03   1.0925524e+03   1.3508047e+03   1.2382513e+03   1.1685221e+03   1.3346955e+03   1.1356102e+03   1.1269119e+03   9.8043500e+02   1.2545628e+03   8.5670424e+02   1.3535308e+03   1.3343963e+03   1.4502477e+03   1.1088699e+03   1.2832495e+03
   1.2124900e+03   1.3880803e+03   1.3880803e+03   1.2435264e+03   1.2973855e+03   1.0478569e+03   1.2984242e+03   1.2042695e+03   1.2609304e+03   8.8018221e+02   9.6945358e+02   1.0717860e+03   1.2638346e+03   1.0639641e+03   1.2206595e+03   1.0925524e+03   1.1312863e+03   1.0449572e+03   1.1685221e+03   1.3247114e+03   1.1356102e+03   1.1269119e+03   9.8043500e+02   1.2545628e+03   8.5670424e+02   1.3535308e+03   1.1598195e+03   1.2067885e+03   1.0247828e+03   1.1213764e+03
   1.1250576e+03   9.7049682e+02   9.7049682e+02   8.3549951e+02   7.1091665e+02   9.1070151e+02   9.6135133e+02   8.8811109e+02   1.1258694e+03   8.4512019e+02   8.4816611e+02   1.0717860e+03   9.2126834e+02   1.0639641e+03   1.0248579e+03   1.0786052e+03   9.3229663e+02   1.0263066e+03   9.9754299e+02   1.1941754e+03   1.0488674e+03   8.7676137e+02   9.8043500e+02   1.0102587e+03   8.5670424e+02   9.8772495e+02   8.9456884e+02   1.1105937e+03   1.0247828e+03   9.8780840e+02
   6.4085180e+02   6.9577034e+02   6.9577034e+02   7.0944072e+02   3.3292588e+02   7.8877361e+02   7.3049552e+02   7.9130193e+02   9.6349541e+02   6.6030010e+02   8.4816611e+02   8.9757783e+02   8.1856854e+02   6.1755143e+02   6.0466942e+02   7.4369207e+02   8.3216123e+02   6.6522812e+02   7.7863381e+02   6.2479303e+02   7.7959598e+02   6.3207393e+02   7.1503567e+02   6.8297973e+02   7.1988068e+02   7.1394124e+02   7.6339661e+02   7.4655128e+02   8.3258626e+02   7.5298299e+02
   3.5911556e+02   2.5013084e+02   2.5013084e+02   3.6696747e+02   2.7387490e+02   2.8302515e+02   2.8862775e+02   3.1892607e+02   2.0279006e+02   2.1177640e+02   4.1288718e+02   3.9797886e+02   3.7126627e+02   3.5168971e+02   1.9509576e+02   4.6980380e+02   3.6898883e+02   4.9781907e+02   3.1240000e+02   3.9689089e+02   4.0965036e+02   1.1522521e+02   3.7843302e+02   4.0749130e+02   1.9684097e+02   2.5878720e+02   3.2836615e+02   4.2210756e+02   4.4800027e+02   3.4542478e+02
   7.2585039e+01   2.8250552e+01   2.8250552e+01   3.4369558e+01   5.9062892e+01   8.2651249e+01   3.5414999e+01   5.3683145e+01   9.3434167e+01   2.0436242e+01   8.4547354e+01   5.2162524e+01   6.4283634e+01   6.8222453e+01   3.6535206e+01   6.1540679e+01   5.1629333e+01   4.8262560e+01   7.4718029e+01   2.7406062e+01   8.1897158e+01   4.1811404e+01   4.8040842e+01   4.7658875e+01   5.9403804e+01   4.3951170e+01   9.8346046e+01   2.9264314e+01   6.0289864e+01   6.4393600e+01
   1.8736332e-01   2.4981776e-01   2.4981776e-01   3.2079521e-01   3.7472665e-01   3.7633679e-01   3.4775855e+00   3.5398696e+00   3.6023240e+00   3.6647785e+00   3.6647785e+00   3.6647785e+00   3.7896873e+00   3.9052725e+00   6.8299214e+00   6.8299214e+00   6.8923758e+00   6.8923758e+00   6.9548303e+00   6.9548303e+00   7.0172847e+00   7.0172847e+00   7.0172847e+00   7.5064122e+00   1.0182459e+01   1.0369791e+01   1.5182031e+01   1.5244486e+01   1.8659447e+01   1.8659447e+01
