   1.8356406e+03   2.2258329e+03   2.4449589e+03   2.1084195e+03   1.8416939e+03   1.7784098e+03   2.1878850e+03   2.3426896e+03   2.2216601e+03   2.1800035e+03   2.2799506e+03   2.1091849e+03   2.0187883e+03   2.1389615e+03   2.2880898e+03   2.3574048e+03   2.1946870e+03   1.6301455e+03   1.9364235e+03   2.2017852e+03   2.0451193e+03   2.0231635e+03   2.1880785e+03   2.1045648e+03   2.4597272e+03   1.8496751e+03   2.2886369e+03   2.0666191e+03   1.9479840e+03   1.8395702e+03
   8.0571890e+01   4.4023910e+02   7.9843570e-01   3.0493299e+02   8.3009876e+01   3.9716533e+01   1.3126680e+01   6.6240485e+01   3.0505511e+02   3.4557369e+01   6.7288228e+02   3.5126275e+02   1.1507919e+01   5.1759754e+02   2.4751431e+02   1.7564877e+02   2.9081221e+00   4.3722364e+01   3.3744001e+00   1.6481330e+02   1.2283953e+01   1.0278394e-02   2.7936597e+02   3.1545432e+02   2.5461133e+02   8.7974377e-01   3.7530934e+01   3.4178191e+01   1.5151989e+02   4.2899120e+01
   2.3833023e+01   2.9927553e+02   7.9843570e-01   5.1524669e+01   5.0656780e+01   1.2206380e+00   1.3126680e+01   1.1186881e+00   3.5688773e+00   3.4557369e+01   1.3548051e+01   2.3957661e+02   1.1507919e+01   1.0080021e+00   6.3699480e+00   2.2058582e+00   2.9081221e+00   4.2366928e+01   3.3744001e+00   2.2684423e+01   1.2052667e-01   1.0278394e-02   9.8380302e+01   5.6067554e-01   2.0898973e+01   8.7714997e-01   3.7530934e+01   3.4178191e+01   2.4543381e+01   9.5959790e+00
   1.2140911e+00   2.4218471e+01   7.9843570e-01   6.0734564e+00   2.5160789e+00   2.2070094e-03   7.0792247e+00   3.6895338e-02   2.4472930e+00   1.5870037e+01   7.2250848e+00   2.4938631e+01   1.1507919e+01   1.0080021e+00   2.2947065e+00   2.2058582e+00   2.9081221e+00   1.7005504e+00   4.7350389e-01   6.4713777e-02   4.4137854e-02   1.0278394e-02   4.5561454e+00   5.6067554e-01   2.0898973e+01   8.7714997e-01   1.7368554e+00   1.1011688e+01   2.4543381e+01   2.1328462e+00
   1.7626087e-01   4.1815222e-02   7.9843570e-01   6.5251396e-02   2.5160789e+00   2.2070094e-03   6.9496257e+00   3.6895338e-02   2.4472930e+00   6.7923897e+00   7.9188920e-02   6.3326384e+00   5.3175644e+00   1.0080021e+00   2.2947065e+00   2.2058582e+00   2.6114501e-01   1.7005504e+00   4.7350389e-01   6.4713777e-02   4.4137854e-02   1.0278394e-02   3.2988544e+00   5.6067554e-01   5.1019949e+00   3.5541973e-01   2.9637352e-01   2.3998973e+00   4.7564372e+00   2.2361580e-03
   1.7626087e-01   3.4605568e-02   7.9843570e-01   1.2095263e-03   2.5160789e+00   2.2070094e-03   4.9704672e+00   3.6895338e-02   2.4169913e+00   6.1415947e-01   7.9188920e-02   1.9521791e+00   4.6365762e-03   1.5398899e-04   2.1607827e+00   1.2525355e-03   1.9917240e-01   5.1870509e-03   4.1358383e-01   6.4713777e-02   4.4137854e-02   1.0278394e-02   2.5233958e+00   5.6067554e-01   9.3412398e-02   3.5541973e-01   2.9637352e-01   3.9470382e-01   3.6166482e+00   2.2361580e-03
   2.0258421e-02   3.4605568e-02   7.9843570e-01   1.2095263e-03   5.6383717e-01   2.2070094e-03   2.0397889e-01   3.6895338e-02   6.7793303e-03   5.3220740e-01   7.9188920e-02   9.2549714e-01   4.6365762e-03   1.5398899e-04   2.1607827e+00   1.2525355e-03   1.9917240e-01   5.1870509e-03   4.1358383e-01   6.4713777e-02   1.1523731e-02   1.0278394e-02   3.9237457e-02   2.6038102e-01   9.3412398e-02   2.0586269e-02   2.9637352e-01   3.9470382e-01   4.0381202e-01   2.2361580e-03
   6.0724948e-05   2.1271307e-04   1.0201699e-02   4.4535876e-04   4.8653956e-05   1.1548907e-04   1.6317676e-03   1.2622309e-02   4.8465688e-03   2.0242510e-03   5.5269562e-03   4.5648215e-05   2.4833920e-04   8.2371100e-07   9.5238628e-04   7.8222384e-04   9.2213388e-06   1.9944845e-04   4.0264757e-04   1.8171205e-03   3.5993962e-05   4.9217586e-03   1.4362949e-03   1.5599065e-05   3.7649983e-04   1.8551079e-08   6.3658381e-05   1.4025322e-03   2.3615095e-05   2.3939602e-05
   2.1664871e-07   0.0000000e+00   1.3275258e-08   0.0000000e+00   2.5482749e-08   5.4001638e-07   1.6657102e-06   1.7499601e-07   2.1094690e-07   9.7727835e-07   1.7875537e-06   7.4186071e-07   1.9643046e-06   8.2371100e-07   5.6848455e-08   1.8002386e-06   6.7841664e-07   7.2128739e-08   4.3452157e-06   6.3026696e-07   1.2114308e-06   7.2070937e-07   4.4465001e-07   7.6352479e-07   1.0469197e-06   1.8551079e-08   8.1845033e-07   1.4632348e-06   3.2585662e-07   0.0000000e+00
   0.0000000e+00   0.0000000e+00   0.0000000e+00   0.0000000e+00   0.0000000e+00   0.0000000e+00   0.0000000e+00   0.0000000e+00   0.0000000e+00   0.0000000e+00   0.0000000e+00   0.0000000e+00   0.0000000e+00   0.0000000e+00   0.0000000e+00   0.0000000e+00   0.0000000e+00   0.0000000e+00   0.0000000e+00   0.0000000e+00   0.0000000e+00   0.0000000e+00   0.0000000e+00   0.0000000e+00   0.0000000e+00   0.0000000e+00   0.0000000e+00   0.0000000e+00   0.0000000e+00   0.0000000e+00
   0.0000000e+00   0.0000000e+00   0.0000000e+00   0.0000000e+00   0.0000000e+00   0.0000000e+00   0.0000000e+00   0.0000000e+00   0.0000000e+00   0.0000000e+00   0.0000000e+00   0.0000000e+00   0.0000000e+00   0.0000000e+00   0.0000000e+00   0.0000000e+00   0.0000000e+00   0.0000000e+00   0.0000000e+00   0.0000000e+00   0.0000000e+00   0.0000000e+00   0.0000000e+00   0.0000000e+00   0.0000000e+00   0.0000000e+00   0.0000000e+00   0.0000000e+00   0.0000000e+00   0.0000000e+00
   0.0000000e+00   0.0000000e+00   0.0000000e+00   0.0000000e+00   0.0000000e+00   0.0000000e+00   0.0000000e+00   0.0000000e+00   0.0000000e+00   0.0000000e+00   0.0000000e+00   0.0000000e+00   0.0000000e+00   0.0000000e+00   0.0000000e+00   0.0000000e+00   0.0000000e+00   0.0000000e+00   0.0000000e+00   0.0000000e+00   0.0000000e+00   0.0000000e+00   0.0000000e+00   0.0000000e+00   0.0000000e+00   0.0000000e+00   0.0000000e+00   0.0000000e+00   0.0000000e+00   0.0000000e+00
   0.0000000e+00   0.0000000e+00   0.0000000e+00   0.0000000e+00   0.0000000e+00   0.0000000e+00   0.0000000e+00   0.0000000e+00   0.0000000e+00   0.0000000e+00   0.0000000e+00   0.0000000e+00   0.0000000e+00   0.0000000e+00   0.0000000e+00   0.0000000e+00   0.0000000e+00   0.0000000e+00   0.0000000e+00   0.0000000e+00   0.0000000e+00   0.0000000e+00   0.0000000e+00   0.0000000e+00   0.0000000e+00   0.0000000e+00   0.0000000e+00   0.0000000e+00   0.0000000e+00   0.0000000e+00
   0.0000000e+00   0.0000000e+00   0.0000000e+00   0.0000000e+00   0.0000000e+00   0.0000000e+00   0.0000000e+00   0.0000000e+00   0.0000000e+00   0.0000000e+00   0.0000000e+00   0.0000000e+00   0.0000000e+00   0.0000000e+00   0.0000000e+00   0.0000000e+00   0.0000000e+00   0.0000000e+00   0.0000000e+00   0.0000000e+00   0.0000000e+00   0.0000000e+00   0.0000000e+00   0.0000000e+00   0.0000000e+00   0.0000000e+00   0.0000000e+00   0.0000000e+00   0.0000000e+00   0.0000000e+00
   0.0000000e+00   0.0000000e+00   0.0000000e+00   0.0000000e+00   0.0000000e+00   0.0000000e+00   0.0000000e+00   0.0000000e+00   0.0000000e+00   0.0000000e+00   0.0000000e+00   0.0000000e+00   0.0000000e+00   0.0000000e+00   0.0000000e+00   0.0000000e+00   0.0000000e+00   0.0000000e+00   0.0000000e+00   0.0000000e+00   0.0000000e+00   0.0000000e+00   0.0000000e+00   0.0000000e+00   0.0000000e+00   0.0000000e+00   0.0000000e+00   0.0000000e+00   0.0000000e+00   0.0000000e+00
   0.0000000e+00   0.0000000e+00   0.0000000e+00   0.0000000e+00   0.0000000e+00   0.0000000e+00   0.0000000e+00   0.0000000e+00   0.0000000e+00   0.0000000e+00   0.0000000e+00   0.0000000e+00   0.0000000e+00   0.0000000e+00   0.0000000e+00   0.0000000e+00   0.0000000e+00   0.0000000e+00   0.0000000e+00   0.0000000e+00   0.0000000e+00   0.0000000e+00   0.0000000e+00   0.0000000e+00   0.0000000e+00   0.0000000e+00   0.0000000e+00   0.0000000e+00   0.0000000e+00   0.0000000e+00
