   7.0148392e+09   3.3890865e+09   7.6742599e+09   1.0256588e+10   1.0748936e+10   1.0875509e+10   7.5188219e+09   5.6479566e+09   1.2944126e+10   9.8557781e+09   6.3090869e+09   1.1024068e+10   9.8490643e+09   7.5633297e+09   6.3387494e+09   4.9394468e+09   3.2685513e+09   5.8670699e+09   6.1159997e+09   8.1231935e+09   8.7991450e+09   8.6559451e+09   7.4059613e+09   6.0516440e+09   9.1444881e+09   7.4767516e+09   4.9516041e+09   4.7907527e+09   6.3646060e+09   6.1344777e+09
   5.4049000e+08   3.3890865e+09   1.8650114e+09   1.8148527e+09   4.2199985e+09   3.0170859e+09   1.6199749e+09   1.1776312e+09   2.7754259e+09   3.2781931e+08   3.5242326e+09   2.8586016e+09   5.8327736e+09   2.4735285e+09   2.4658110e+09   4.9394468e+09   1.1978444e+09   3.2780238e+09   1.9828757e+09   4.9686177e+08   6.9063935e+09   1.2864881e+09   2.8884215e+09   9.5924829e+08   4.8306918e+09   1.8089868e+09   2.9056294e+09   2.7442695e+09   5.7964312e+09   1.2380574e+09
   5.4049000e+08   3.3890865e+09   2.3235348e+08   6.5928471e+08   1.2349310e+09   1.4788424e+09   1.5544124e+09   1.1776312e+09   1.1323600e+09   3.2781931e+08   3.5242326e+09   1.3718840e+09   7.3029596e+08   2.4735285e+09   7.7892257e+07   1.4231767e+09   1.0904883e+08   2.2932472e+09   1.9828757e+09   4.9686177e+08   2.5695002e+09   4.3374485e+08   9.8644945e+08   6.5137144e+08   8.0581638e+08   1.8042852e+09   1.2649054e+09   1.1736909e+09   4.9198109e+08   1.2380574e+09
   4.9653078e+08   1.3155085e+09   2.3235348e+08   5.6109334e+08   9.1475573e+08   1.0701566e+09   8.4974862e+08   5.9859238e+08   6.7672111e+08   3.2781931e+08   3.6264409e+08   5.8124381e+08   7.5381245e+07   1.4105016e+09   7.7892257e+07   6.7350592e+08   1.0904883e+08   1.2713406e+09   1.2419418e+09   4.9686177e+08   1.2383144e+09   4.3374485e+08   2.4180765e+08   3.3004716e+08   2.4043623e+08   1.2874016e+09   1.2126709e+09   1.1736909e+09   7.2595692e+07   8.8431031e+08
   4.3013065e+08   8.9607936e+07   6.7855432e+07   2.2872652e+07   5.3926359e+08   3.4537600e+08   3.2184285e+08   4.5762376e+08   1.1058622e+08   3.2781931e+08   2.7412493e+08   4.4098757e+06   4.2873581e+07   4.1303026e+08   7.7892257e+07   4.7491296e+08   1.0904883e+08   1.6597236e+08   2.4968349e+08   4.9686177e+08   2.6880751e+08   3.1840831e+08   2.4180765e+08   9.4071938e+07   2.4043623e+08   6.5366719e+08   1.7923928e+08   1.6396422e+07   7.2595692e+07   3.6280128e+08
   6.4385259e+07   3.9843994e+07   2.2111741e+06   2.2872652e+07   9.8670008e+07   7.3286687e+07   1.1851619e+08   1.0481931e+08   2.8234882e+07   1.2636976e+08   7.5860059e+07   4.4098757e+06   2.5596430e+07   6.4372558e+07   5.7042435e+07   4.6429268e+07   1.0904883e+08   4.1536185e+07   4.8039872e+07   1.5748771e+08   8.3832240e+07   7.1082821e+07   1.5526257e+08   2.8254964e+07   1.1163663e+08   7.9973725e+07   9.0342682e+07   1.6396422e+07   9.4188583e+06   9.9285736e+07
   2.9302015e+06   5.7790345e+06   2.2111741e+06   1.4017801e+07   1.8245203e+07   4.4186049e+06   1.4632666e+07   8.5226794e+06   2.0502380e+05   2.5121533e+07   1.4561663e+07   4.4098757e+06   1.6232156e+06   3.7248041e+06   2.2502710e+07   1.0578031e+07   1.6407693e+06   8.6280160e+06   1.1941253e+07   8.3351449e+06   1.0689528e+07   7.7513393e+06   3.3642996e+07   8.5637109e+06   1.9861263e+07   2.5190675e+07   1.1638406e+07   1.1423578e+07   9.4188583e+06   6.8944851e+06
   2.6337689e+05   5.5322560e+05   2.1159072e+05   1.1204794e+05   2.5760264e+05   7.1314092e+05   3.4601594e+04   8.7349218e+04   2.0502380e+05   4.2185649e+05   9.3895675e+05   4.6152996e+05   1.6698371e+05   2.5955093e+05   3.2656938e+05   7.7371284e+05   4.6861402e+05   3.0970093e+05   7.0371877e+05   4.2159325e+05   4.6780600e+05   1.5581958e+05   5.9079207e+04   1.1079497e+06   3.2332887e+05   7.0583568e+05   7.2869236e+04   2.6822963e+04   2.4304553e+05   1.2956643e+06
   6.8527766e+03   2.3480633e+02   3.1290349e+03   1.4691298e+03   2.0685138e+03   6.8187887e+03   4.2326726e+03   4.7359693e+03   3.3218584e+03   3.9740682e+03   1.7991979e+03   4.0619176e+03   5.6210383e+02   1.1105346e+03   5.3333647e+03   8.4951353e+03   2.0379951e+02   1.5378513e+02   1.0979018e+02   2.4619099e+03   7.0176948e+03   6.1955317e+02   5.2272979e+03   6.9453964e+03   2.7926448e+03   3.7731892e+02   2.1049353e+03   1.9217510e+03   3.1640924e+03   2.1247464e+01
   2.2103240e+00   7.9724417e-01   1.0116707e+00   3.1644133e+00   2.1827148e+00   3.7055953e-01   8.5359049e-01   7.6342284e-01   2.2474381e+00   3.3157059e+00   2.1739567e-01   5.6697133e+00   2.9022567e+00   2.6766023e-01   8.5614124e-01   4.8775482e+00   3.5401531e+00   1.6447668e+00   6.5687452e+00   1.5699411e+00   3.9332179e+00   2.5079929e+00   1.6416346e+00   2.5984094e-01   8.0921460e-01   4.5860747e+00   8.0349615e+00   2.2586177e-01   1.8623348e+00   4.3732471e+00
   5.6878178e-05   2.6429494e-05   1.6790894e-05   1.5500647e-04   3.6160441e-05   1.2124263e-04   2.2697978e-05   2.3779272e-05   9.3011483e-05   1.6657936e-04   7.3580493e-06   4.9744975e-05   3.8429127e-05   3.4742432e-06   2.0026201e-06   5.9915415e-05   9.5805011e-05   4.3356583e-06   4.1890186e-05   6.4634417e-05   2.9455055e-05   5.2890076e-06   3.0210087e-04   9.3899950e-06   1.9490685e-04   6.6436801e-06   1.0044564e-04   1.3069444e-07   5.5717113e-05   4.3142891e-06
   0.0000000e+00   0.0000000e+00   0.0000000e+00   0.0000000e+00   0.0000000e+00   0.0000000e+00   0.0000000e+00   0.0000000e+00   0.0000000e+00   0.0000000e+00   0.0000000e+00   0.0000000e+00   0.0000000e+00   0.0000000e+00   0.0000000e+00   0.0000000e+00   0.0000000e+00   0.0000000e+00   0.0000000e+00   0.0000000e+00   0.0000000e+00   0.0000000e+00   0.0000000e+00   0.0000000e+00   0.0000000e+00   0.0000000e+00   0.0000000e+00   0.0000000e+00   0.0000000e+00   0.0000000e+00
   0.0000000e+00   0.0000000e+00   0.0000000e+00   0.0000000e+00   0.0000000e+00   0.0000000e+00   0.0000000e+00   0.0000000e+00   0.0000000e+00   0.0000000e+00   0.0000000e+00   0.0000000e+00   0.0000000e+00   0.0000000e+00   0.0000000e+00   0.0000000e+00   0.0000000e+00   0.0000000e+00   0.0000000e+00   0.0000000e+00   0.0000000e+00   0.0000000e+00   0.0000000e+00   0.0000000e+00   0.0000000e+00   0.0000000e+00   0.0000000e+00   0.0000000e+00   0.0000000e+00   0.0000000e+00
   0.0000000e+00   0.0000000e+00   0.0000000e+00   0.0000000e+00   0.0000000e+00   0.0000000e+00   0.0000000e+00   0.0000000e+00   0.0000000e+00   0.0000000e+00   0.0000000e+00   0.0000000e+00   0.0000000e+00   0.0000000e+00   0.0000000e+00   0.0000000e+00   0.0000000e+00   0.0000000e+00   0.0000000e+00   0.0000000e+00   0.0000000e+00   0.0000000e+00   0.0000000e+00   0.0000000e+00   0.0000000e+00   0.0000000e+00   0.0000000e+00   0.0000000e+00   0.0000000e+00   0.0000000e+00
   0.0000000e+00   0.0000000e+00   0.0000000e+00   0.0000000e+00   0.0000000e+00   0.0000000e+00   0.0000000e+00   0.0000000e+00   0.0000000e+00   0.0000000e+00   0.0000000e+00   0.0000000e+00   0.0000000e+00   0.0000000e+00   0.0000000e+00   0.0000000e+00   0.0000000e+00   0.0000000e+00   0.0000000e+00   0.0000000e+00   0.0000000e+00   0.0000000e+00   0.0000000e+00   0.0000000e+00   0.0000000e+00   0.0000000e+00   0.0000000e+00   0.0000000e+00   0.0000000e+00   0.0000000e+00
   0.0000000e+00   0.0000000e+00   0.0000000e+00   0.0000000e+00   0.0000000e+00   0.0000000e+00   0.0000000e+00   0.0000000e+00   0.0000000e+00   0.0000000e+00   0.0000000e+00   0.0000000e+00   0.0000000e+00   0.0000000e+00   0.0000000e+00   0.0000000e+00   0.0000000e+00   0.0000000e+00   0.0000000e+00   0.0000000e+00   0.0000000e+00   0.0000000e+00   0.0000000e+00   0.0000000e+00   0.0000000e+00   0.0000000e+00   0.0000000e+00   0.0000000e+00   0.0000000e+00   0.0000000e+00
