   4.9547916e+02   5.1364768e+02   5.0128096e+02   6.3107936e+02   5.6752163e+02   5.3591179e+02   5.1769064e+02   4.8022650e+02   6.7847760e+02   2.6083911e+02   4.4040648e+02   5.6406482e+02   2.4726853e+02   6.4239669e+02   5.4450242e+02   6.8013838e+02   5.3719048e+02   4.0259663e+02   5.2590227e+02   3.4246974e+02   2.3929339e+02   4.2345085e+02   2.9146391e+02   2.6265043e+02   3.5252145e+02   5.8921359e+02   3.5715348e+02   6.2175614e+02   3.2735424e+02   1.2216317e+02
   8.5988809e-01   4.8541025e+01   1.2144903e+01   2.2944936e-01   2.2628823e-01   6.9573634e+01   4.3037215e+01   4.2899807e+01   5.4897075e-01   1.3528629e+02   8.5131839e+00   9.7978460e+01   3.3098528e+01   1.1880680e+02   1.1780305e-01   2.6595147e+00   4.6958929e+01   1.5193745e+01   1.1125748e+02   4.9162586e+00   2.7586656e+01   3.8330678e+01   1.1261533e+00   2.6647710e+01   2.2924249e+00   1.3417423e+01   2.3427902e+01   2.0892948e-01   2.2893383e+01   4.3011785e+01
   8.5988809e-01   1.8965429e+00   1.2144903e+01   2.2944936e-01   2.2628823e-01   9.0971846e-01   1.9604848e+00   8.0675366e+00   5.4897075e-01   1.1331480e+00   8.5131839e+00   1.9926402e+00   1.2874284e+01   2.0560793e+01   1.1780305e-01   2.6595147e+00   5.4543088e+00   5.4192701e+00   4.7248839e+00   4.1803113e+00   1.1891392e+01   7.4980509e+00   1.1261533e+00   7.3480961e+00   2.2924249e+00   1.3417423e+01   3.3198667e-02   2.0892948e-01   1.6333835e+01   2.8264269e+01
   8.5988809e-01   1.1691308e+00   4.8241383e+00   2.2944936e-01   2.2628823e-01   9.0971846e-01   1.9604848e+00   6.0908413e+00   5.4897075e-01   1.1331480e+00   2.3868100e+00   1.3190878e+00   2.0547541e+00   3.0420146e-01   1.1780305e-01   2.6595147e+00   5.4543088e+00   1.8692207e+00   1.0089813e+00   5.7826889e-01   8.9873875e+00   7.4980509e+00   1.0416790e+00   3.8798849e-01   2.2301221e+00   1.7315825e+00   3.3198667e-02   2.0892948e-01   1.6770203e+00   5.7632226e+00
   8.5988809e-01   6.5712958e-01   1.0213605e+00   2.2944936e-01   2.2628823e-01   3.7626204e-01   6.4635986e-01   1.9203480e+00   2.3627186e-02   5.4901028e-01   1.9643871e+00   3.7264457e-01   2.0547541e+00   2.6573332e-02   1.1780305e-01   2.1939834e+00   3.9793075e+00   1.8692207e+00   8.3603179e-01   5.7826889e-01   1.8517565e+00   1.7852992e-01   9.1719881e-02   3.1090006e-01   2.2301221e+00   1.7315825e+00   3.3198667e-02   2.0892948e-01   6.2702846e-01   1.9059103e+00
   8.5988809e-01   6.5712958e-01   1.0213605e+00   1.7893172e-01   2.2628823e-01   3.7626204e-01   6.4635986e-01   2.0021370e-01   2.3627186e-02   5.4901028e-01   3.4626473e-01   1.4232762e-01   1.5908936e-01   2.6573332e-02   1.1780305e-01   1.1379159e-01   8.3082413e-01   1.4460628e+00   8.3603179e-01   3.4925911e-01   6.0803268e-01   1.7852992e-01   9.1719881e-02   3.7814098e-02   2.0420378e-01   1.7315825e+00   3.3198667e-02   2.0892948e-01   6.2702846e-01   1.2460525e+00
   8.5988809e-01   3.0358252e-01   7.3983479e-01   1.7893172e-01   2.2628823e-01   3.7626204e-01   8.9373415e-02   2.0021370e-01   2.3627186e-02   4.3692746e-01   1.3241724e-01   4.8505985e-02   4.6772247e-02   2.6573332e-02   1.1780305e-01   1.1379159e-01   1.1189247e-01   8.8701330e-01   3.2089703e-01   3.4925911e-01   2.5327920e-01   1.7852992e-01   9.1719881e-02   3.7814098e-02   2.0420378e-01   7.1191320e-01   3.3198667e-02   4.7017121e-02   6.2702846e-01   1.9643967e-01
   8.0140486e-02   2.6431642e-02   2.8003198e-02   7.4615763e-03   2.0160872e-02   4.6875627e-03   2.6233631e-02   2.4538325e-02   1.3771013e-02   1.0521646e-02   2.3494996e-02   1.4909066e-02   1.5970888e-02   2.5624863e-02   2.2234475e-02   1.1345824e-02   3.1498983e-02   1.8258503e-02   1.4330544e-02   2.9319838e-02   2.4806434e-02   3.1142963e-02   6.0314001e-03   1.9565799e-02   3.0164125e-02   4.0379207e-02   3.3198667e-02   1.8365386e-02   3.0061900e-02   3.8188426e-02
   2.5691531e-03   8.0560669e-04   1.3701886e-03   7.0213235e-04   1.2024441e-03   1.2714100e-03   1.1391782e-03   2.7186993e-03   3.2451246e-03   1.1690258e-03   1.6804542e-03   2.8930232e-03   1.2746023e-03   3.3347415e-03   5.3483244e-04   1.5636630e-04   2.5368426e-03   1.1717739e-03   2.4966118e-03   5.9089169e-04   1.9130485e-03   9.9454252e-04   8.0051128e-04   1.9010496e-03   9.5225091e-04   2.1773030e-03   2.5047442e-03   2.5109728e-03   3.5436629e-03   2.8909924e-03
   2.0665448e-05   3.2290617e-05   6.6932810e-05   6.5217652e-05   5.3877308e-05   4.7713595e-05   6.0375433e-05   3.5606779e-05   7.5194376e-05   4.9988178e-05   2.4156313e-05   4.9223239e-05   5.0048401e-05   3.9624862e-05   9.6368813e-05   4.8946468e-05   1.3454647e-05   8.6574143e-05   5.2756395e-05   2.5601551e-05   3.3642620e-05   2.1205171e-05   5.3732382e-05   1.8104351e-05   3.2068212e-05   3.4756440e-05   3.8711648e-05   3.2125061e-05   2.6780853e-05   3.1772984e-05
   1.4632437e-06   1.9463778e-07   2.1756955e-07   4.2645388e-07   1.1338579e-07   2.3081338e-07   3.3368178e-07   4.5634556e-07   1.8393416e-07   4.3597083e-07   1.4660895e-07   4.4002650e-07   1.5749561e-07   3.7090740e-07   5.0437643e-07   2.7878923e-07   1.4019815e-07   5.3337249e-07   4.8367065e-07   2.2389736e-07   5.7396392e-07   3.8545727e-07   4.6385890e-07   5.0167023e-07   5.4206521e-07   8.9413220e-07   1.0547528e-06   2.2995960e-07   3.6583970e-07   5.9156287e-07
   0.0000000e+00   0.0000000e+00   0.0000000e+00   0.0000000e+00   0.0000000e+00   0.0000000e+00   0.0000000e+00   0.0000000e+00   0.0000000e+00   0.0000000e+00   0.0000000e+00   0.0000000e+00   0.0000000e+00   0.0000000e+00   0.0000000e+00   0.0000000e+00   0.0000000e+00   0.0000000e+00   0.0000000e+00   0.0000000e+00   0.0000000e+00   0.0000000e+00   0.0000000e+00   0.0000000e+00   0.0000000e+00   0.0000000e+00   0.0000000e+00   0.0000000e+00   0.0000000e+00   0.0000000e+00
   0.0000000e+00   0.0000000e+00   0.0000000e+00   0.0000000e+00   0.0000000e+00   0.0000000e+00   0.0000000e+00   0.0000000e+00   0.0000000e+00   0.0000000e+00   0.0000000e+00   0.0000000e+00   0.0000000e+00   0.0000000e+00   0.0000000e+00   0.0000000e+00   0.0000000e+00   0.0000000e+00   0.0000000e+00   0.0000000e+00   0.0000000e+00   0.0000000e+00   0.0000000e+00   0.0000000e+00   0.0000000e+00   0.0000000e+00   0.0000000e+00   0.0000000e+00   0.0000000e+00   0.0000000e+00
   0.0000000e+00   0.0000000e+00   0.0000000e+00   0.0000000e+00   0.0000000e+00   0.0000000e+00   0.0000000e+00   0.0000000e+00   0.0000000e+00   0.0000000e+00   0.0000000e+00   0.0000000e+00   0.0000000e+00   0.0000000e+00   0.0000000e+00   0.0000000e+00   0.0000000e+00   0.0000000e+00   0.0000000e+00   0.0000000e+00   0.0000000e+00   0.0000000e+00   0.0000000e+00   0.0000000e+00   0.0000000e+00   0.0000000e+00   0.0000000e+00   0.0000000e+00   0.0000000e+00   0.0000000e+00
   0.0000000e+00   0.0000000e+00   0.0000000e+00   0.0000000e+00   0.0000000e+00   0.0000000e+00   0.0000000e+00   0.0000000e+00   0.0000000e+00   0.0000000e+00   0.0000000e+00   0.0000000e+00   0.0000000e+00   0.0000000e+00   0.0000000e+00   0.0000000e+00   0.0000000e+00   0.0000000e+00   0.0000000e+00   0.0000000e+00   0.0000000e+00   0.0000000e+00   0.0000000e+00   0.0000000e+00   0.0000000e+00   0.0000000e+00   0.0000000e+00   0.0000000e+00   0.0000000e+00   0.0000000e+00
   0.0000000e+00   0.0000000e+00   0.0000000e+00   0.0000000e+00   0.0000000e+00   0.0000000e+00   0.0000000e+00   0.0000000e+00   0.0000000e+00   0.0000000e+00   0.0000000e+00   0.0000000e+00   0.0000000e+00   0.0000000e+00   0.0000000e+00   0.0000000e+00   0.0000000e+00   0.0000000e+00   0.0000000e+00   0.0000000e+00   0.0000000e+00   0.0000000e+00   0.0000000e+00   0.0000000e+00   0.0000000e+00   0.0000000e+00   0.0000000e+00   0.0000000e+00   0.0000000e+00   0.0000000e+00
