   4.7369280e+06   1.0078823e+06   1.3070427e+07   1.1667136e+07   7.6103271e+06   9.0287321e+06   3.1222818e+06   1.2526367e+06   5.6085565e+06   1.9785831e+06   5.5264550e+05   1.6915722e+07   4.8876071e+06   1.6477471e+06   5.4787359e+06   7.5233950e+06   5.6154544e+06   7.6443593e+06   2.6575587e+06   9.0282016e+06   5.3878266e+06   7.3717035e+06   4.5158968e+06   6.7401708e+06   8.3220531e+06   6.4978548e+06   1.7039219e+06   6.2450330e+06   6.5859318e+06   5.4492071e+06
   4.7369280e+06   1.0078823e+06   4.4226420e+06   5.9812932e+06   1.3725053e+06   1.7603409e+06   3.1222818e+06   1.2526367e+06   2.3120198e+06   1.9785831e+06   5.5264550e+05   1.4496624e+06   4.8876071e+06   1.6477471e+06   4.7935721e+05   7.5233950e+06   3.4271442e+06   4.7512932e+06   1.3623522e+06   4.2650688e+06   5.3878266e+06   3.2019884e+06   2.5551881e+06   5.9822670e+06   4.5844827e+06   3.6891005e+06   1.7039219e+06   1.1015531e+06   2.3365024e+06   1.7823682e+06
   4.7369280e+06   5.5578418e+05   4.4226420e+06   2.2868941e+06   1.3725053e+06   1.7603409e+06   3.1222818e+06   5.1251406e+05   2.3120198e+06   3.6505188e+05   5.5264550e+05   1.4496624e+06   1.9641927e+06   1.6477471e+06   4.7935721e+05   2.0138028e+06   1.8663564e+06   1.4463904e+06   1.3623522e+06   9.6510749e+05   4.2817288e+06   3.2019884e+06   2.5551881e+06   1.2738087e+06   4.5844827e+06   3.1644995e+06   5.7610918e+05   1.1015531e+06   2.3365024e+06   1.7823682e+06
   1.5108176e+06   5.5578418e+05   4.3728310e+06   1.7685316e+06   1.3725053e+06   1.2882007e+06   9.7370282e+05   5.1251406e+05   1.6096959e+06   3.6505188e+05   5.5264550e+05   1.4496624e+06   6.9073496e+05   8.9210584e+04   4.7935721e+05   1.1095083e+06   5.1054813e+05   1.4463904e+06   1.3623522e+06   9.6510749e+05   4.2817288e+06   3.2019884e+06   1.7298869e+06   1.2738087e+06   6.1343973e+05   2.9197109e+06   5.7610918e+05   1.1015531e+06   1.8145869e+06   1.7823682e+06
   7.0474020e+05   5.5578418e+05   1.0421511e+06   1.2431829e+06   1.3725053e+06   7.0604150e+05   9.7370282e+05   5.1251406e+05   9.5088223e+04   3.6505188e+05   5.4538455e+05   9.7398338e+05   6.9073496e+05   8.9210584e+04   4.7935721e+05   5.6566791e+05   2.4551619e+04   1.4463904e+06   1.3623522e+06   9.6510749e+05   3.9439115e+06   3.2019884e+06   4.8884959e+04   2.2596002e+05   6.1343973e+05   2.3533825e+06   2.9182904e+05   7.8646842e+05   9.2322522e+05   1.1962699e+06
   7.0474020e+05   5.5578418e+05   8.1451105e+05   1.2431829e+06   1.0264396e+06   7.0604150e+05   9.7370282e+05   5.1251406e+05   9.5088223e+04   3.6505188e+05   5.4538455e+05   2.9098661e+05   6.9073496e+05   8.9210584e+04   4.7935721e+05   5.6566791e+05   2.4551619e+04   5.0596737e+04   1.3623522e+06   1.2097865e+04   4.8389618e+04   1.2061377e+06   4.8884959e+04   2.2596002e+05   6.1343973e+05   5.8494196e+05   2.9182904e+05   3.5608492e+05   2.0916281e+05   1.1962699e+06
   7.0474020e+05   5.5578418e+05   8.3484681e+04   1.2431829e+06   8.7510140e+05   2.0387903e+05   9.7370282e+05   4.4356610e+05   9.5088223e+04   3.9859907e+04   5.4538455e+05   2.9098661e+05   6.9073496e+05   8.9210584e+04   2.5606636e+05   5.6566791e+05   2.4551619e+04   5.0596737e+04   1.3623522e+06   1.2097865e+04   4.8389618e+04   1.2061377e+06   4.8884959e+04   2.2596002e+05   6.1343973e+05   5.8494196e+05   1.1450458e+05   3.5608492e+05   2.0916281e+05   9.5201601e+04
   7.0474020e+05   6.8330232e+04   8.3484681e+04   6.2706682e+05   2.1117513e+05   2.0387903e+05   2.2920818e+05   4.4356610e+05   9.5088223e+04   3.9859907e+04   3.9258718e+05   2.9098661e+05   4.1340661e+05   8.9210584e+04   2.5606636e+05   2.7109214e+05   2.4551619e+04   5.0596737e+04   8.6274953e+05   1.2097865e+04   4.8389618e+04   2.0003651e+04   4.8884959e+04   2.2596002e+05   5.7799375e+05   5.8494196e+05   1.1450458e+05   3.5608492e+05   2.0916281e+05   2.6850436e+04
   3.2676946e+03   5.3433478e+02   3.9311475e+04   9.9096338e+03   5.1367111e+04   1.0373636e+05   2.2920818e+05   2.1495812e+04   4.6315031e+04   3.9859907e+04   3.1752853e+04   2.0388809e+05   1.2325123e+05   1.5437803e+03   1.8277697e+05   1.1007209e+04   2.4551619e+04   5.0596737e+04   1.2384630e+05   8.1360332e+03   4.8389618e+04   1.0858116e+04   4.8342299e+04   2.3384290e+03   8.5677331e+03   1.1694285e+04   1.1450458e+05   8.3241916e+03   1.4149331e+05   2.6850436e+04
   3.2676946e+03   5.3433478e+02   1.3730992e+04   6.8731971e+01   3.5786456e+04   1.2078507e+04   4.4633369e+04   1.0348600e+04   2.4099379e+03   3.9859907e+04   3.1752853e+04   4.0490723e+02   2.9209269e+03   1.5437803e+03   1.4112015e+04   3.2808940e+03   4.2394126e+03   3.0483196e+04   2.1130941e+03   8.1360332e+03   5.5316627e+03   8.6659164e+03   5.6578259e+03   2.3384290e+03   6.8771579e+03   7.5979050e+03   5.1044388e+03   8.3241916e+03   9.2542736e+03   7.1101449e+03
   3.2676946e+03   5.3433478e+02   4.5600944e+02   6.8731971e+01   2.5170223e+03   2.2990378e+03   2.1937408e+03   1.2730484e+03   3.5970310e+02   1.2937234e+03   3.6975003e+02   4.0490723e+02   2.3807626e+03   2.5283945e+02   1.4757459e+03   3.2808940e+03   6.0352043e+01   8.7591678e+02   6.0771640e+00   1.8594573e+02   5.5316627e+03   5.6163729e+02   1.4528382e+03   4.0996008e+02   6.8771579e+03   2.1603395e+02   4.1715615e+03   1.9057302e+03   8.2161742e+02   2.3517191e+03
   1.5270957e+02   7.1246669e+01   7.3117539e+01   6.8731971e+01   7.3415422e+00   4.5026934e+01   7.7941149e+01   4.9947841e+02   3.5970310e+02   8.0887709e+02   4.9054044e+01   2.4963591e+02   2.7814585e+02   1.5737861e+02   8.6904124e+00   4.2113773e+01   6.0352043e+01   1.0824952e+02   6.0771640e+00   8.1213726e+01   1.1527485e+03   5.6163729e+02   7.9101981e+02   4.0996008e+02   1.3342577e+02   2.9348819e+01   6.6872409e+01   2.2979951e+01   1.1108444e+01   5.8692980e+02
   3.9259693e-01   5.4500302e-01   2.9193476e-02   4.1125239e-01   4.1809520e-01   4.6221302e+00   5.5211222e-02   6.0026238e-01   3.0627419e-02   1.2177296e-01   1.7608515e+00   2.6785532e-01   4.1230701e-01   1.4335932e-01   2.1045029e-01   2.9588660e-01   5.1165524e-01   1.6314016e-01   2.3073011e-01   8.5584480e-01   2.9471669e-01   4.9844735e+00   4.6105250e-02   1.4897794e+00   5.9619189e-01   3.7581444e-02   5.0810808e-01   4.0413562e-01   7.6272071e-01   1.0532165e+00
   1.2137477e-06   7.8348459e-07   2.4724646e-07   2.2345247e-07   7.3367174e-07   1.1250937e-06   1.2460171e-06   7.8140542e-07   3.2646878e-07   2.1591294e-07   2.7797073e-06   1.4340822e-06   4.1472734e-06   2.1689003e-06   6.5579316e-07   1.0325364e-07   1.6803678e-06   1.9137794e-07   3.9751848e-07   1.4086107e-07   2.6353547e-07   3.4270669e-06   1.1403576e-06   1.0761904e-06   7.4024379e-07   9.8302617e-07   1.5006378e-06   1.0323873e-07   1.2425332e-06   2.5453108e-07
   0.0000000e+00   0.0000000e+00   0.0000000e+00   0.0000000e+00   0.0000000e+00   0.0000000e+00   0.0000000e+00   0.0000000e+00   0.0000000e+00   0.0000000e+00   0.0000000e+00   0.0000000e+00   0.0000000e+00   0.0000000e+00   0.0000000e+00   0.0000000e+00   0.0000000e+00   0.0000000e+00   0.0000000e+00   0.0000000e+00   0.0000000e+00   0.0000000e+00   0.0000000e+00   0.0000000e+00   0.0000000e+00   0.0000000e+00   0.0000000e+00   0.0000000e+00   0.0000000e+00   0.0000000e+00
   0.0000000e+00   0.0000000e+00   0.0000000e+00   0.0000000e+00   0.0000000e+00   0.0000000e+00   0.0000000e+00   0.0000000e+00   0.0000000e+00   0.0000000e+00   0.0000000e+00   0.0000000e+00   0.0000000e+00   0.0000000e+00   0.0000000e+00   0.0000000e+00   0.0000000e+00   0.0000000e+00   0.0000000e+00   0.0000000e+00   0.0000000e+00   0.0000000e+00   0.0000000e+00   0.0000000e+00   0.0000000e+00   0.0000000e+00   0.0000000e+00   0.0000000e+00   0.0000000e+00   0.0000000e+00
