   1.4244303e+10   1.1133573e+10   8.7942501e+09   8.5963618e+09   1.5938425e+10   1.3877989e+10   2.7847082e+09   1.5670545e+10   1.4987785e+10   1.4748435e+10   1.0868562e+10   1.1735000e+10   1.7975720e+10   1.8514068e+10   1.4221322e+10   8.2501001e+09   9.8751155e+09   1.3241102e+10   1.3422274e+10   1.4186804e+10   6.7186459e+09   1.5168638e+10   1.5913926e+10   2.2451571e+10   7.4200375e+09   1.2538337e+10   1.2727664e+10   6.4084508e+09   8.0635970e+09   1.8551782e+10
   2.1888052e+09   1.1133573e+10   8.7942501e+09   6.8180458e+09   1.0937152e+10   1.3877989e+10   2.7847082e+09   6.3035248e+09   1.0403669e+10   6.1562885e+09   7.2482259e+09   1.1735000e+10   1.2637147e+10   1.6075707e+10   1.4221322e+10   8.2501001e+09   7.2571872e+09   1.1988559e+10   1.1203900e+10   8.5420177e+09   5.9903209e+09   6.3113405e+09   8.9033717e+09   1.1414386e+10   7.4200375e+09   7.3440723e+09   1.1050124e+10   6.4084508e+09   8.0635970e+09   9.9744939e+09
   2.1888052e+09   7.7029268e+09   8.7942501e+09   6.8180458e+09   6.0778531e+09   1.1680147e+10   2.7847082e+09   6.3035248e+09   8.8033103e+09   6.1562885e+09   7.2482259e+09   9.5538285e+09   1.2637147e+10   1.1333367e+10   1.1421004e+10   8.2501001e+09   5.3148881e+09   6.0484636e+09   1.0927137e+10   8.5420177e+09   5.9903209e+09   6.3113405e+09   6.8099209e+09   8.4792351e+09   6.5975492e+09   7.3440723e+09   7.7722777e+09   6.4084508e+09   6.2568025e+09   9.8812486e+09
   2.1888052e+09   7.7029268e+09   7.6660437e+09   4.3206579e+09   3.4866618e+09   8.4480104e+09   2.7847082e+09   6.3035248e+09   6.6992064e+09   6.1562885e+09   6.3175527e+09   5.7843301e+09   6.7996796e+09   1.0767571e+10   3.3439991e+09   5.6837079e+09   5.0909187e+09   6.0484636e+09   7.6867863e+09   8.5420177e+09   5.9903209e+09   3.1311434e+09   6.5438165e+09   8.1866989e+09   6.5975492e+09   7.3440723e+09   7.7722777e+09   6.4084508e+09   6.2568025e+09   8.1158615e+09
   2.1888052e+09   5.0588775e+09   5.9648572e+09   4.3206579e+09   3.4866618e+09   5.3406183e+09   2.7847082e+09   6.3035248e+09   6.1437694e+09   2.8254343e+09   2.2012876e+09   5.7843301e+09   6.1003210e+09   3.9765501e+09   2.6481369e+09   3.7922792e+09   2.4604558e+09   2.5660629e+09   3.4236289e+09   5.0731907e+09   3.4707169e+09   3.1311434e+09   5.4942633e+09   3.0142918e+09   3.8295402e+09   4.3236775e+09   2.9082533e+09   5.4374044e+09   3.3640079e+09   4.9044796e+09
   2.1888052e+09   2.4869833e+09   3.8123710e+09   2.3627533e+09   1.8839539e+09   2.1583234e+09   2.7847082e+09   2.4658530e+09   2.0948455e+09   2.8254343e+09   1.4744065e+09   2.7410327e+09   3.7378741e+09   3.2914051e+09   2.6481369e+09   2.0786121e+09   2.0511071e+09   2.0481035e+09   8.5693617e+08   3.9679257e+09   1.3969797e+09   2.8523741e+09   2.1782635e+09   3.0142918e+09   1.5463714e+09   2.7870903e+09   2.7438532e+09   1.8891990e+09   3.0297523e+09   2.3491940e+09
   2.0355351e+09   1.6182430e+09   2.0089308e+09   1.2572564e+09   1.3923665e+09   8.1631725e+08   1.2698641e+09   1.2620760e+09   1.4616498e+09   1.4124585e+09   1.4744065e+09   1.0668477e+09   1.4247972e+09   9.2959918e+08   1.6321895e+09   8.1604578e+08   1.0890636e+09   1.1968548e+09   8.5693617e+08   2.2827073e+09   6.7951829e+08   1.2685110e+09   5.5296074e+08   1.4053400e+09   1.5463714e+09   1.0258583e+09   8.5783527e+08   9.9998102e+08   8.8431158e+08   8.7923750e+08
   5.6909544e+08   3.5831306e+08   6.5707837e+08   3.6766363e+08   3.0076956e+08   3.5449720e+08   6.3515124e+08   4.7762328e+08   5.8036910e+08   4.0981135e+08   4.0321811e+08   3.6578993e+08   4.8757887e+08   2.2905871e+08   5.4325343e+08   3.8229914e+08   3.5151576e+08   3.5534098e+08   3.3271210e+08   6.2005943e+08   2.7421192e+08   5.2417257e+08   3.8900180e+08   3.9862529e+08   4.7292786e+08   5.2314540e+08   2.8637474e+08   4.5662890e+08   5.5645168e+08   6.4714658e+08
   1.5376629e+08   1.3660326e+08   1.4099318e+08   2.0584059e+08   1.8402372e+08   1.5523681e+08   1.6250498e+08   1.6524745e+08   9.0332434e+07   1.6661576e+08   1.4574606e+08   2.3060182e+08   2.1122997e+08   1.6806867e+08   1.0678897e+08   1.2951517e+08   1.1433354e+08   1.0918842e+08   2.2972744e+08   1.9408928e+08   2.3068366e+08   1.9656044e+08   1.3389823e+08   1.2328942e+08   1.4423367e+08   1.8501565e+08   1.9560120e+08   1.8049312e+08   1.9711387e+08   1.5524579e+08
   5.4252204e+07   3.3600355e+07   4.1488069e+07   4.8927192e+07   3.1527079e+07   5.2312624e+07   4.7453886e+07   5.0594805e+07   4.8958057e+07   5.3093150e+07   4.3964184e+07   4.6613654e+07   3.7807106e+07   4.5040405e+07   3.8724246e+07   2.5555892e+07   3.4046200e+07   2.4175365e+07   4.1044631e+07   1.0443768e+07   7.7311897e+07   3.5598653e+07   7.2137400e+07   6.2364212e+07   3.9751778e+07   6.8483347e+07   5.6233427e+07   4.4283543e+07   8.8112168e+07   3.2257909e+07
   8.5080178e+06   4.7681488e+06   8.3935663e+06   1.1575167e+07   8.1776484e+06   1.1140877e+07   1.5766482e+07   1.3485096e+07   1.5960838e+07   6.5163368e+06   1.0772855e+07   1.7453394e+07   1.2349591e+07   1.2052285e+07   8.9257014e+06   7.7663270e+06   1.3241602e+07   8.4131873e+06   6.6375043e+06   1.0443768e+07   7.5288953e+06   1.3576638e+07   1.0192039e+07   1.3020575e+07   8.4288055e+06   8.9104149e+06   7.3460766e+06   1.3143315e+07   7.1862416e+06   1.1034645e+07
   7.0157947e+05   1.0696414e+06   1.3199175e+06   1.6958153e+06   8.3651264e+05   1.2817559e+06   2.8219546e+06   9.4382130e+05   1.3153388e+06   1.2596823e+06   2.1995440e+06   1.6118115e+06   1.3790457e+06   2.6438997e+06   8.3167826e+05   3.2883126e+06   1.4962475e+06   9.6441783e+05   1.6158772e+06   2.6661348e+06   1.7667651e+06   1.5398318e+06   3.7553969e+06   1.2333995e+06   2.0736631e+06   2.0331834e+06   5.7398062e+05   3.3423884e+06   1.8448676e+06   8.7470447e+05
   1.7607947e+04   6.6385948e+04   4.2753517e+04   4.3974167e+04   7.1244167e+04   3.2219688e+04   5.5725206e+04   8.0537815e+04   3.3190054e+04   5.6649015e+04   4.3677888e+04   4.8937402e+04   3.6620580e+04   8.3469110e+04   2.3457301e+04   5.8109615e+04   2.4748046e+04   9.7299675e+04   6.7624151e+04   8.0171285e+04   1.5680138e+04   3.9694880e+04   1.1477224e+05   1.1731421e+05   5.6657306e+04   4.5133179e+04   4.9709423e+04   6.5779411e+04   4.6805426e+04   3.7764549e+04
   5.7965816e-01   1.5892712e+00   2.0221420e+00   3.0198726e+00   2.1488030e+00   1.8461674e+00   1.6910283e+00   3.7696846e+00   1.2715992e+00   2.0804024e+00   1.2467640e+00   2.0799694e+00   3.7226978e+00   2.0894605e+00   8.4812607e-01   2.6521981e+00   2.7976391e+00   1.0250718e+00   2.7829102e+00   1.7559380e+00   1.6407654e+00   1.4405699e+00   2.6867849e+00   5.8113825e+00   1.0556646e+00   2.2273078e+00   1.2995897e+00   5.2071226e+00   1.0723837e+00   6.0507572e-01
   0.0000000e+00   0.0000000e+00   0.0000000e+00   0.0000000e+00   0.0000000e+00   0.0000000e+00   0.0000000e+00   0.0000000e+00   0.0000000e+00   0.0000000e+00   0.0000000e+00   0.0000000e+00   0.0000000e+00   0.0000000e+00   0.0000000e+00   0.0000000e+00   0.0000000e+00   0.0000000e+00   0.0000000e+00   0.0000000e+00   0.0000000e+00   0.0000000e+00   0.0000000e+00   0.0000000e+00   0.0000000e+00   0.0000000e+00   0.0000000e+00   0.0000000e+00   0.0000000e+00   0.0000000e+00
   0.0000000e+00   0.0000000e+00   0.0000000e+00   0.0000000e+00   0.0000000e+00   0.0000000e+00   0.0000000e+00   0.0000000e+00   0.0000000e+00   0.0000000e+00   0.0000000e+00   0.0000000e+00   0.0000000e+00   0.0000000e+00   0.0000000e+00   0.0000000e+00   0.0000000e+00   0.0000000e+00   0.0000000e+00   0.0000000e+00   0.0000000e+00   0.0000000e+00   0.0000000e+00   0.0000000e+00   0.0000000e+00   0.0000000e+00   0.0000000e+00   0.0000000e+00   0.0000000e+00   0.0000000e+00
