   4.7963852e+03   4.2928997e+03   4.5747244e+03   5.1118215e+03   4.8624128e+03   4.6199227e+03   4.7075887e+03   4.3199763e+03   4.7171774e+03   4.5403036e+03   4.4099164e+03   4.3724449e+03   4.4895360e+03   5.0176137e+03   5.1006268e+03   4.0171891e+03   4.3452408e+03   4.8672061e+03   5.0512688e+03   4.9464897e+03   5.2358988e+03   4.9545449e+03   4.8781650e+03   5.1288458e+03   4.8228454e+03   5.3508085e+03   4.9172197e+03   4.6750369e+03   4.8747426e+03   5.1599843e+03
   4.7963852e+03   4.2928997e+03   4.5747244e+03   5.0321447e+03   4.8624128e+03   4.6199227e+03   4.6776639e+03   4.3199763e+03   4.7171774e+03   4.5403036e+03   4.4099164e+03   4.3724449e+03   4.4895360e+03   5.0176137e+03   4.9510748e+03   4.0171891e+03   4.3452408e+03   4.8672061e+03   4.5594744e+03   4.8981745e+03   5.0990363e+03   4.9545449e+03   4.8781650e+03   5.1288458e+03   4.8183534e+03   4.6006429e+03   4.9172197e+03   4.6750369e+03   4.8747426e+03   4.9410934e+03
   4.7717507e+03   4.2513010e+03   4.5747244e+03   4.5725593e+03   4.8624128e+03   4.2192966e+03   4.6492793e+03   4.3199763e+03   4.7171774e+03   4.5403036e+03   4.4099164e+03   4.3724449e+03   4.4895360e+03   4.7129559e+03   4.7566316e+03   4.0171891e+03   4.3452408e+03   4.6006556e+03   4.5594744e+03   4.8981745e+03   5.0990363e+03   4.9545449e+03   4.8781650e+03   4.5550997e+03   4.5680020e+03   4.6006429e+03   4.9172197e+03   4.5545975e+03   4.8747426e+03   4.9410934e+03
   4.7606019e+03   4.2513010e+03   4.5747244e+03   4.2078598e+03   4.6995610e+03   4.2192966e+03   4.6492793e+03   4.3199763e+03   4.7171774e+03   4.5403036e+03   4.2052725e+03   4.0895708e+03   4.4895360e+03   4.7129559e+03   4.7566316e+03   4.0171891e+03   4.3452408e+03   4.6006556e+03   4.5594744e+03   4.8981745e+03   4.7969320e+03   4.3975061e+03   4.7767997e+03   4.5550997e+03   4.5680020e+03   4.6006429e+03   4.9172197e+03   4.5133076e+03   4.1763773e+03   4.7843618e+03
   4.7464913e+03   4.2513010e+03   4.5056730e+03   4.2078598e+03   4.5740129e+03   4.2192966e+03   4.6492793e+03   4.3199763e+03   4.7171774e+03   4.5403036e+03   4.2052725e+03   4.0895708e+03   4.3930526e+03   4.7129559e+03   4.7566316e+03   4.0171891e+03   4.3452408e+03   4.6006556e+03   4.5594744e+03   4.8423628e+03   4.7969320e+03   4.3975061e+03   4.7767997e+03   4.5550997e+03   4.5680020e+03   4.6006429e+03   4.2085623e+03   4.5133076e+03   4.1763773e+03   4.7843618e+03
   4.7464913e+03   4.2513010e+03   4.3106883e+03   4.2078598e+03   4.5740129e+03   4.2192966e+03   4.6492793e+03   4.3199763e+03   4.7171774e+03   4.5403036e+03   4.2052725e+03   4.0895708e+03   4.3930526e+03   4.5993050e+03   4.7566316e+03   4.0171891e+03   4.3452408e+03   4.5798934e+03   4.5594744e+03   4.8423628e+03   4.7901667e+03   4.3975061e+03   4.7767997e+03   4.5550997e+03   4.5680020e+03   4.6006429e+03   4.2085623e+03   4.5133076e+03   4.1763773e+03   4.7660814e+03
   4.5555942e+03   4.1596306e+03   4.3106883e+03   4.2078598e+03   3.3040024e+03   4.2192966e+03   4.6492793e+03   4.3199763e+03   4.6406083e+03   4.5403036e+03   4.2052725e+03   4.0895708e+03   4.3930526e+03   4.5993050e+03   4.4062929e+03   4.0171891e+03   4.3452408e+03   4.5798934e+03   4.5594744e+03   4.8414402e+03   4.7161240e+03   4.3975061e+03   4.6532879e+03   4.5550997e+03   4.5470436e+03   4.6006429e+03   4.2085623e+03   4.5133076e+03   4.1763773e+03   4.7660814e+03
   4.3705289e+03   4.1596306e+03   4.3106883e+03   4.2078598e+03   3.3040024e+03   4.2192966e+03   4.6492793e+03   4.3199763e+03   4.6406083e+03   4.5403036e+03   4.2052725e+03   3.6072021e+03   4.2395729e+03   4.5993050e+03   4.4062929e+03   4.0171891e+03   4.3452408e+03   4.5798934e+03   4.5594744e+03   4.4970333e+03   4.6178421e+03   4.3316640e+03   4.6532879e+03   4.5550997e+03   4.4982163e+03   4.6006429e+03   4.2085623e+03   4.5133076e+03   3.8462246e+03   4.7660814e+03
   3.7890670e+03   4.1596306e+03   4.3106883e+03   4.2078598e+03   3.3040024e+03   4.2192966e+03   4.1260106e+03   4.3199763e+03   4.6406083e+03   4.5403036e+03   4.2052725e+03   3.6072021e+03   4.2395729e+03   4.1394675e+03   4.4062929e+03   4.0171891e+03   4.3452408e+03   4.5798934e+03   4.5102574e+03   4.4970333e+03   4.6178421e+03   4.3316640e+03   4.3964757e+03   4.5550997e+03   4.4530739e+03   4.5154782e+03   4.2085623e+03   4.5133076e+03   3.8462246e+03   4.2929202e+03
   3.7890670e+03   4.1596306e+03   3.9965115e+03   4.0840468e+03   3.3040024e+03   4.1010117e+03   4.0981535e+03   4.2992108e+03   4.2061734e+03   3.9407847e+03   4.2052725e+03   3.6072021e+03   4.2395729e+03   4.1394675e+03   4.2828263e+03   4.0171891e+03   4.0617570e+03   3.9693470e+03   4.0843377e+03   4.3284437e+03   4.2877040e+03   3.9892560e+03   4.2188009e+03   4.4004392e+03   4.3176503e+03   4.4348257e+03   4.2085623e+03   4.1984318e+03   3.8462246e+03   3.8436408e+03
   3.7890670e+03   3.7574474e+03   3.7523963e+03   3.9658525e+03   3.3040024e+03   4.1010117e+03   3.5923535e+03   3.3126740e+03   4.1648916e+03   3.9407847e+03   4.1291281e+03   3.6072021e+03   4.0376415e+03   4.1394675e+03   3.8195411e+03   4.0171891e+03   4.0394935e+03   3.6641499e+03   4.0696260e+03   4.0026003e+03   4.1375055e+03   3.8055797e+03   4.1917830e+03   3.3645002e+03   3.4776712e+03   3.9551450e+03   4.1465214e+03   3.6421092e+03   3.6771912e+03   3.8436408e+03
   3.4577276e+03   3.2790042e+03   3.6558673e+03   3.4953229e+03   3.3040024e+03   3.6762837e+03   3.5923535e+03   2.8976448e+03   3.8422709e+03   3.7506670e+03   3.7489215e+03   3.6072021e+03   3.8306871e+03   3.7165989e+03   3.7404085e+03   3.4789925e+03   3.6843661e+03   3.6641499e+03   3.4370435e+03   3.3068798e+03   3.5749678e+03   3.4926652e+03   3.8135101e+03   3.3645002e+03   3.4339153e+03   3.6786687e+03   3.5644348e+03   3.6421092e+03   3.3248760e+03   3.6546831e+03
   3.0778119e+03   3.2790042e+03   3.6465498e+03   3.4953229e+03   3.3040024e+03   3.6762837e+03   3.1588201e+03   2.8976448e+03   3.2040986e+03   3.6932279e+03   3.5171568e+03   3.3043192e+03   3.7628828e+03   3.7165989e+03   3.1820556e+03   3.2906318e+03   3.6843661e+03   3.6641499e+03   3.4370435e+03   3.3068798e+03   3.5749678e+03   3.4926652e+03   3.2207787e+03   3.3645002e+03   3.4274651e+03   3.4015731e+03   3.4885383e+03   3.2810184e+03   3.3248760e+03   3.5594275e+03
   3.0778119e+03   3.2790042e+03   3.3187954e+03   3.2466822e+03   3.3040024e+03   2.9385336e+03   3.1588201e+03   2.8696599e+03   3.2040986e+03   3.1446960e+03   3.4509362e+03   3.0177354e+03   3.2267657e+03   3.3472292e+03   3.0376050e+03   3.2906318e+03   3.3347340e+03   3.2979091e+03   3.4370435e+03   3.3068798e+03   3.3467748e+03   3.3571242e+03   3.2207787e+03   3.0128365e+03   2.9692163e+03   3.3239708e+03   3.1517518e+03   3.2174157e+03   3.3248760e+03   3.5594275e+03
   2.4905518e+03   2.8071856e+03   2.3929547e+03   2.7070559e+03   2.4382945e+03   2.7414358e+03   2.8637517e+03   2.7870949e+03   2.2693114e+03   2.8714132e+03   2.8270042e+03   2.3721528e+03   2.7339918e+03   2.9617092e+03   2.6122883e+03   2.5437191e+03   2.7481801e+03   2.7917765e+03   2.6309488e+03   2.9047570e+03   2.4067833e+03   2.9153302e+03   2.7218180e+03   2.7976761e+03   2.8228947e+03   2.6972718e+03   2.3895011e+03   2.5584865e+03   2.7873063e+03   2.8059214e+03
   1.8737075e-01   2.8105612e-01   1.8127879e+00   1.8324618e+00   1.8327401e+00   1.8636903e+00   1.9327614e+00   1.9573757e+00   1.9573757e+00   3.4775529e+00   3.5087814e+00   3.5400098e+00   3.5712383e+00   3.5712759e+00   5.1538725e+00   5.2163294e+00   5.2475578e+00   6.1023677e+00   6.7989635e+00   6.8301920e+00   7.6850019e+00   7.7162303e+00   7.9898915e+00   9.2988645e+00   1.0943956e+01   1.1131326e+01   1.1767537e+01   1.3475085e+01   1.4361123e+01   1.6796496e+01
