   2.4013674e+03   2.4296188e+03   2.3207663e+03   2.5990078e+03   2.6994068e+03   2.6446636e+03   2.3538016e+03   2.4218255e+03   2.4540653e+03   1.5994667e+03   2.3572962e+03   2.0229335e+03   2.5388351e+03   2.6446636e+03   2.3295588e+03   2.4842098e+03   1.8347210e+03   2.2411962e+03   2.2620289e+03   2.3039985e+03   2.4854459e+03   1.9793810e+03   2.6032179e+03   2.2297742e+03   2.2803775e+03   2.5392850e+03   2.5572587e+03   2.4099084e+03   2.4087066e+03   1.7877805e+03
   8.0731518e+02   2.3727736e+03   1.9045593e+03   2.2690959e+03   2.3535019e+03   1.8634006e+03   2.1621129e+03   2.2953589e+03   1.5992716e+03   1.5994667e+03   2.1180465e+03   2.0229335e+03   1.4030812e+03   1.8634006e+03   2.0589137e+03   1.6008632e+03   1.8347210e+03   2.2411962e+03   1.8638099e+03   2.2884299e+03   2.4854459e+03   1.3226613e+03   1.4558820e+03   2.0777920e+03   1.8533834e+03   2.3270678e+03   1.8665335e+03   1.2333791e+03   2.1933362e+03   1.7877805e+03
   8.0731518e+02   2.0307053e+03   1.8862891e+03   1.8128795e+03   1.9739278e+03   1.8634006e+03   1.3209716e+03   2.2953589e+03   1.5992716e+03   1.4361804e+03   2.1180465e+03   2.0229335e+03   1.4030812e+03   1.8634006e+03   2.0166740e+03   1.6008632e+03   1.6743332e+03   1.5868500e+03   1.8638099e+03   2.2884299e+03   3.8241578e+02   1.2907978e+03   1.4558820e+03   2.0777920e+03   1.7148281e+03   2.0031715e+03   1.8665335e+03   1.2333791e+03   1.5184710e+03   1.7877805e+03
   8.0731518e+02   1.0634894e+03   1.8862891e+03   7.3317024e+02   1.9739278e+03   1.8634006e+03   1.3209716e+03   1.8314601e+03   1.5992716e+03   1.2814239e+03   1.4866228e+03   1.9744233e+03   1.4030812e+03   1.8634006e+03   2.0166740e+03   8.7377773e+02   1.4800933e+03   1.2526791e+03   1.8638099e+03   1.9210742e+03   3.8241578e+02   1.2907978e+03   1.4558820e+03   1.8338741e+03   1.4834213e+03   1.8429221e+03   9.3715111e+02   9.4017104e+02   4.5548424e+02   1.7877805e+03
   8.0731518e+02   1.0634894e+03   3.5646858e+02   7.3317024e+02   1.6699512e+03   1.4312296e+03   1.3209716e+03   5.3128580e+02   1.5992716e+03   1.2814239e+03   1.1405667e+03   7.2483994e+02   1.4030812e+03   1.4312296e+03   1.2792821e+03   8.7377773e+02   1.1768445e+03   1.2526791e+03   1.6038856e+03   8.8568385e+02   3.8241578e+02   1.2907978e+03   1.4558820e+03   1.2772073e+03   1.4834213e+03   1.5416602e+03   9.3715111e+02   9.4017104e+02   4.5548424e+02   1.1586445e+03
   6.7881286e+02   1.0634894e+03   3.5646858e+02   3.1471484e+02   1.2840886e+03   1.3249876e+03   1.1447902e+03   5.3128580e+02   1.1500609e+03   6.1367022e+02   1.1405667e+03   7.2483994e+02   1.4030812e+03   1.3249876e+03   1.1666303e+03   8.7377773e+02   7.9725476e+02   4.9523691e+02   9.4837549e+02   8.8568385e+02   3.6910730e+02   8.1724707e+02   1.3539443e+03   6.6579335e+02   1.4834213e+03   1.2190572e+03   8.8706961e+02   9.4017104e+02   2.4225669e+02   1.1586445e+03
   5.3240154e+02   1.0634894e+03   2.7706048e+02   3.0980124e+02   6.5995688e+02   4.6718969e+02   7.6908765e+02   5.3128580e+02   3.0589331e+02   1.0562953e+02   9.2654218e+02   7.2483994e+02   2.0349236e+02   4.6718969e+02   1.0935338e+03   8.7377773e+02   5.7302112e+02   4.9523691e+02   9.4837549e+02   8.8568385e+02   3.6910730e+02   8.1724707e+02   9.7805029e+02   6.6579335e+02   5.7572036e+02   6.2714379e+02   4.2455923e+02   3.4789379e+02   2.4225669e+02   5.7683406e+02
   8.0776216e+01   3.7730723e+02   1.1368875e+02   3.0980124e+02   5.1197655e+02   2.6676123e+02   3.4120991e+02   2.6535702e+02   3.0589331e+02   1.0330601e+02   5.8749930e+01   5.4050870e+02   2.0349236e+02   2.6676123e+02   3.4506498e+02   2.3699620e+02   1.8072652e+02   4.2057043e+02   1.3227619e+02   2.9249382e+02   2.3842804e+02   2.5148532e+02   3.6158227e+02   3.7769200e+02   5.3178042e+02   4.4320590e+02   4.2455923e+02   1.9882631e+02   1.4229282e+01   3.2599276e+02
   3.8724589e+01   2.2886675e+02   2.2380051e+01   7.4653300e+01   3.6152469e+01   5.2967187e+01   5.2859254e+01   8.6732468e+01   4.7950947e+01   5.5138704e+01   5.8749930e+01   1.2785163e+02   9.4280945e+01   5.2967187e+01   2.3961433e+02   3.4721752e+01   1.7211713e+02   3.5243872e+01   9.0444879e+01   6.1062663e+01   4.3068259e+01   2.6680056e+01   7.8048375e+01   1.7741436e+02   1.2239734e+02   1.8454772e+01   2.6689410e+01   3.6522722e+00   7.9512988e+00   1.0008626e+00
   3.0294227e-02   9.2322178e+00   5.6157786e-02   2.3531949e-01   1.8252413e+00   1.0103189e-01   1.0744573e+00   1.3855098e-01   1.9369151e-02   1.0236023e-01   1.4830357e+00   1.0832308e+00   1.2378620e+00   1.0103189e-01   1.2024299e+00   2.5944187e-01   4.4948962e-01   1.7519577e-01   2.7231847e+00   5.3811181e-02   4.9681818e-02   8.8648187e-02   6.0758780e-01   1.4192946e+01   6.7702023e-02   1.6881943e-01   5.8073394e-02   5.3933630e-01   1.7708131e-01   1.0008626e+00
   7.7129980e-06   3.7202634e-04   1.1255996e-05   1.6348497e-05   1.9512634e-04   8.1462076e-07   3.2887418e-05   4.2380325e-06   2.1260985e-06   3.9837860e-06   4.0853356e-06   1.1765409e-04   5.2516112e-05   8.1462076e-07   2.6238559e-05   4.2713013e-05   7.5304797e-07   7.5741909e-06   3.1062599e-05   6.4650612e-07   1.1770777e-05   8.8856095e-06   1.1454656e-05   8.9708647e-05   4.2934680e-06   7.4832869e-06   3.9773768e-06   2.8590867e-05   1.1115386e-05   2.7333390e-05
   0.0000000e+00   0.0000000e+00   0.0000000e+00   0.0000000e+00   0.0000000e+00   0.0000000e+00   0.0000000e+00   0.0000000e+00   0.0000000e+00   0.0000000e+00   0.0000000e+00   0.0000000e+00   0.0000000e+00   0.0000000e+00   0.0000000e+00   0.0000000e+00   0.0000000e+00   0.0000000e+00   0.0000000e+00   0.0000000e+00   0.0000000e+00   0.0000000e+00   0.0000000e+00   0.0000000e+00   0.0000000e+00   0.0000000e+00   0.0000000e+00   0.0000000e+00   0.0000000e+00   0.0000000e+00
   0.0000000e+00   0.0000000e+00   0.0000000e+00   0.0000000e+00   0.0000000e+00   0.0000000e+00   0.0000000e+00   0.0000000e+00   0.0000000e+00   0.0000000e+00   0.0000000e+00   0.0000000e+00   0.0000000e+00   0.0000000e+00   0.0000000e+00   0.0000000e+00   0.0000000e+00   0.0000000e+00   0.0000000e+00   0.0000000e+00   0.0000000e+00   0.0000000e+00   0.0000000e+00   0.0000000e+00   0.0000000e+00   0.0000000e+00   0.0000000e+00   0.0000000e+00   0.0000000e+00   0.0000000e+00
   0.0000000e+00   0.0000000e+00   0.0000000e+00   0.0000000e+00   0.0000000e+00   0.0000000e+00   0.0000000e+00   0.0000000e+00   0.0000000e+00   0.0000000e+00   0.0000000e+00   0.0000000e+00   0.0000000e+00   0.0000000e+00   0.0000000e+00   0.0000000e+00   0.0000000e+00   0.0000000e+00   0.0000000e+00   0.0000000e+00   0.0000000e+00   0.0000000e+00   0.0000000e+00   0.0000000e+00   0.0000000e+00   0.0000000e+00   0.0000000e+00   0.0000000e+00   0.0000000e+00   0.0000000e+00
   0.0000000e+00   0.0000000e+00   0.0000000e+00   0.0000000e+00   0.0000000e+00   0.0000000e+00   0.0000000e+00   0.0000000e+00   0.0000000e+00   0.0000000e+00   0.0000000e+00   0.0000000e+00   0.0000000e+00   0.0000000e+00   0.0000000e+00   0.0000000e+00   0.0000000e+00   0.0000000e+00   0.0000000e+00   0.0000000e+00   0.0000000e+00   0.0000000e+00   0.0000000e+00   0.0000000e+00   0.0000000e+00   0.0000000e+00   0.0000000e+00   0.0000000e+00   0.0000000e+00   0.0000000e+00
   0.0000000e+00   0.0000000e+00   0.0000000e+00   0.0000000e+00   0.0000000e+00   0.0000000e+00   0.0000000e+00   0.0000000e+00   0.0000000e+00   0.0000000e+00   0.0000000e+00   0.0000000e+00   0.0000000e+00   0.0000000e+00   0.0000000e+00   0.0000000e+00   0.0000000e+00   0.0000000e+00   0.0000000e+00   0.0000000e+00   0.0000000e+00   0.0000000e+00   0.0000000e+00   0.0000000e+00   0.0000000e+00   0.0000000e+00   0.0000000e+00   0.0000000e+00   0.0000000e+00   0.0000000e+00
