   6.2563234e+09   5.8023850e+09   7.5904716e+09   7.5227318e+09   8.7282174e+09   1.0424146e+10   6.6786215e+09   7.7541270e+09   7.0661190e+09   9.7083414e+09   9.3267737e+09   8.1638217e+09   7.3557687e+09   5.9776736e+09   2.5507028e+09   8.0300236e+09   4.3875091e+09   7.4610079e+09   4.8639488e+09   6.8078681e+09   4.5542814e+09   7.2706783e+09   6.1071100e+09   8.3586104e+09   3.7732825e+09   8.6881083e+09   8.4125031e+09   8.1657091e+09   5.4383200e+09   7.7491104e+09
   4.2921493e+04   2.0383719e+06   1.0987055e+08   8.2272955e+06   1.3991659e+07   7.0128103e+03   9.4446758e+05   1.4996971e+07   1.8840961e+06   2.0406681e+07   4.0037026e+07   1.0965584e+08   5.6406301e+07   4.4555587e+07   5.7335986e+06   5.2713150e+06   1.7747067e+06   2.4730201e+07   1.7469568e+06   1.7820511e+06   5.9342057e+06   3.8526487e+06   2.1737053e+07   5.0963084e+07   1.7218615e+07   7.3076580e+06   1.2855215e+07   9.3250195e+05   1.6963519e+07   7.4552955e+06
   4.2921493e+04   2.0383719e+06   4.5291469e+04   1.0482637e+05   2.2022110e+06   7.0128103e+03   9.4446758e+05   1.1624621e+07   4.3730698e+04   9.9435728e+05   4.5278171e+05   6.7779528e+06   6.7267651e+03   2.4188980e+07   1.5794619e+06   1.0397187e+03   5.8543121e+04   1.1734212e+06   1.7777655e+05   1.7820511e+06   3.7976515e+05   9.1136553e+05   4.6869038e+06   8.9676551e+06   1.8241136e+05   3.2463541e+04   2.3157508e+06   9.3250195e+05   1.6549334e+06   4.7111701e+05
   4.2921493e+04   5.8802141e+02   4.5291469e+04   1.0482637e+05   2.2022110e+06   7.0128103e+03   9.4446758e+05   2.1349826e+05   1.0117216e+02   8.5704933e+05   4.5278171e+05   4.2079191e+04   6.7267651e+03   7.3539767e+04   1.5794619e+06   1.0397187e+03   5.8543121e+04   2.0226735e+05   8.0030061e+04   6.3448412e+05   3.7976515e+05   9.1136553e+05   1.7899190e+05   1.5754945e+05   1.8241136e+05   3.2463541e+04   7.7288433e+05   9.4226578e+02   3.3445579e+05   7.8230433e+04
   1.6479840e+04   5.8802141e+02   4.5291469e+04   1.0482637e+05   7.4978466e+03   7.0128103e+03   7.2331739e+04   2.0511509e+04   1.0117216e+02   2.0837149e+03   7.1523566e+04   4.2079191e+04   6.7267651e+03   7.3539767e+04   1.3648030e+04   1.0397187e+03   5.8543121e+04   5.8875639e+03   9.9015523e+03   4.5519929e+04   1.8595391e+05   5.6486575e+04   1.7719740e+05   1.5754945e+05   1.8241136e+05   3.2463541e+04   3.3229517e+04   9.4226578e+02   7.1042494e+04   7.8230433e+04
   1.6479840e+04   2.9200715e+02   1.1288225e+03   4.8346780e+04   7.7874547e+01   9.7707802e+02   7.2331739e+04   5.2212432e+03   1.0117216e+02   2.0837149e+03   2.1698670e+04   3.8083989e+04   6.7267651e+03   7.3539767e+04   1.3648030e+04   1.0397187e+03   2.1432275e+04   5.0234305e+03   4.9141025e+03   8.2372932e+01   1.0288715e+04   8.1377840e+03   4.3157437e+02   5.1848902e+04   4.4949374e+04   1.2452603e+04   7.3700748e+03   9.4226578e+02   7.1042494e+04   7.8532475e+03
   7.1491802e+03   2.9200715e+02   1.1288225e+03   2.1249986e+04   7.7874547e+01   9.7707802e+02   7.7431003e+02   1.0327487e+02   1.0117216e+02   2.0837149e+03   2.1698670e+04   8.1481399e+02   6.7267651e+03   7.3539767e+04   3.1429499e+03   1.0397187e+03   2.1432275e+04   5.0234305e+03   3.4976555e+03   8.2372932e+01   4.8473561e+03   7.8150834e+02   4.3157437e+02   2.4523005e+04   1.2607423e+04   1.8379661e+03   7.3700748e+03   3.9797874e+02   5.9042224e+02   7.8532475e+03
   3.8666226e-02   1.3562236e+01   2.1065277e+01   7.4388404e+00   2.1253358e-01   1.0162360e-02   3.3235043e+02   6.6183799e+00   2.9765381e+01   1.4400887e-01   1.6046435e+01   2.6939651e-01   1.5449300e+00   3.8946199e+00   5.0864483e-01   1.2769512e+00   2.0708600e+02   2.2446306e+02   3.5254548e+01   9.3429165e-01   6.0153778e+01   4.5558590e+02   2.1787263e-01   4.1969030e+00   6.2386863e+01   2.0262192e+02   1.2173814e+00   7.8221869e+00   3.8222740e+01   1.2685387e+01
   3.1168393e-05   5.8602025e-02   3.2249644e-03   5.4495423e-02   6.6786752e-03   1.0162360e-02   3.5907338e-03   1.0893298e-04   5.4805919e-02   1.0998463e-02   1.2980597e-02   5.1583468e-02   2.1412597e-02   4.5507109e-02   4.6838537e-01   1.6128096e-02   1.8481841e-02   4.9042652e-04   2.6593801e-02   2.0393765e-02   2.3908745e-02   6.1447384e-03   5.9956598e-04   2.2061747e-01   7.9158605e-04   9.0123632e-03   8.7707548e-02   2.7459526e-04   1.3669563e-02   1.0368630e-04
   3.8700095e-06   1.4038394e-05   1.6166898e-07   1.6777859e-05   2.0689644e-07   2.2261320e-07   3.3359760e-07   3.4160298e-06   1.4383603e-05   2.3667060e-06   2.4580228e-06   7.9234185e-07   7.7661024e-07   3.6212739e-06   4.3134830e-07   1.2969551e-08   2.3971917e-07   5.0009648e-06   1.5932542e-08   5.3430912e-07   1.3817046e-07   4.1972393e-07   9.6161280e-07   3.9414644e-08   1.6057090e-06   5.4398090e-07   3.4779067e-07   1.3526571e-06   4.0602765e-06   6.3360745e-06
   0.0000000e+00   0.0000000e+00   0.0000000e+00   0.0000000e+00   0.0000000e+00   0.0000000e+00   0.0000000e+00   0.0000000e+00   0.0000000e+00   0.0000000e+00   0.0000000e+00   0.0000000e+00   0.0000000e+00   0.0000000e+00   0.0000000e+00   0.0000000e+00   0.0000000e+00   0.0000000e+00   0.0000000e+00   0.0000000e+00   0.0000000e+00   0.0000000e+00   0.0000000e+00   0.0000000e+00   0.0000000e+00   0.0000000e+00   0.0000000e+00   0.0000000e+00   0.0000000e+00   0.0000000e+00
   0.0000000e+00   0.0000000e+00   0.0000000e+00   0.0000000e+00   0.0000000e+00   0.0000000e+00   0.0000000e+00   0.0000000e+00   0.0000000e+00   0.0000000e+00   0.0000000e+00   0.0000000e+00   0.0000000e+00   0.0000000e+00   0.0000000e+00   0.0000000e+00   0.0000000e+00   0.0000000e+00   0.0000000e+00   0.0000000e+00   0.0000000e+00   0.0000000e+00   0.0000000e+00   0.0000000e+00   0.0000000e+00   0.0000000e+00   0.0000000e+00   0.0000000e+00   0.0000000e+00   0.0000000e+00
   0.0000000e+00   0.0000000e+00   0.0000000e+00   0.0000000e+00   0.0000000e+00   0.0000000e+00   0.0000000e+00   0.0000000e+00   0.0000000e+00   0.0000000e+00   0.0000000e+00   0.0000000e+00   0.0000000e+00   0.0000000e+00   0.0000000e+00   0.0000000e+00   0.0000000e+00   0.0000000e+00   0.0000000e+00   0.0000000e+00   0.0000000e+00   0.0000000e+00   0.0000000e+00   0.0000000e+00   0.0000000e+00   0.0000000e+00   0.0000000e+00   0.0000000e+00   0.0000000e+00   0.0000000e+00
   0.0000000e+00   0.0000000e+00   0.0000000e+00   0.0000000e+00   0.0000000e+00   0.0000000e+00   0.0000000e+00   0.0000000e+00   0.0000000e+00   0.0000000e+00   0.0000000e+00   0.0000000e+00   0.0000000e+00   0.0000000e+00   0.0000000e+00   0.0000000e+00   0.0000000e+00   0.0000000e+00   0.0000000e+00   0.0000000e+00   0.0000000e+00   0.0000000e+00   0.0000000e+00   0.0000000e+00   0.0000000e+00   0.0000000e+00   0.0000000e+00   0.0000000e+00   0.0000000e+00   0.0000000e+00
   0.0000000e+00   0.0000000e+00   0.0000000e+00   0.0000000e+00   0.0000000e+00   0.0000000e+00   0.0000000e+00   0.0000000e+00   0.0000000e+00   0.0000000e+00   0.0000000e+00   0.0000000e+00   0.0000000e+00   0.0000000e+00   0.0000000e+00   0.0000000e+00   0.0000000e+00   0.0000000e+00   0.0000000e+00   0.0000000e+00   0.0000000e+00   0.0000000e+00   0.0000000e+00   0.0000000e+00   0.0000000e+00   0.0000000e+00   0.0000000e+00   0.0000000e+00   0.0000000e+00   0.0000000e+00
   0.0000000e+00   0.0000000e+00   0.0000000e+00   0.0000000e+00   0.0000000e+00   0.0000000e+00   0.0000000e+00   0.0000000e+00   0.0000000e+00   0.0000000e+00   0.0000000e+00   0.0000000e+00   0.0000000e+00   0.0000000e+00   0.0000000e+00   0.0000000e+00   0.0000000e+00   0.0000000e+00   0.0000000e+00   0.0000000e+00   0.0000000e+00   0.0000000e+00   0.0000000e+00   0.0000000e+00   0.0000000e+00   0.0000000e+00   0.0000000e+00   0.0000000e+00   0.0000000e+00   0.0000000e+00
