   4.9368705e+09   3.8497487e+09   9.7559979e+09   5.6301314e+09   6.8599102e+09   1.2377110e+10   1.2800282e+10   5.5295627e+09   9.9495600e+09   1.1681891e+10   1.1367202e+10   1.0530175e+10   1.4506069e+10   1.3559821e+10   9.8860751e+09   1.1419465e+10   8.3058325e+09   1.0503483e+10   4.8349692e+09   7.9827469e+09   1.3871460e+10   1.1737303e+10   7.1787030e+09   8.8044362e+09   1.1134965e+10   8.2325790e+09   1.0321374e+10   6.2696033e+09   1.0456867e+10   9.3232888e+09
   2.7671481e+09   3.8497487e+09   7.4601746e+09   2.0299126e+09   4.3748024e+09   5.3801105e+09   3.4916767e+09   5.3758014e+09   3.1407391e+09   4.1014303e+08   7.0352246e+09   5.9191857e+09   3.9540911e+09   3.0109910e+09   3.5737436e+09   7.6028378e+09   5.7560765e+09   4.0375067e+09   4.6168164e+09   6.9272931e+09   5.5191840e+09   6.0262277e+09   5.7444497e+09   5.3187887e+09   4.3478924e+09   5.4429726e+09   5.9143587e+09   4.5764180e+09   4.7953664e+09   1.4637080e+09
   2.5555572e+09   1.7325166e+09   2.5477117e+08   8.0554796e+08   1.0726870e+09   1.5722911e+09   3.4916767e+09   3.8231389e+09   2.2105668e+09   4.1014303e+08   1.8019016e+09   5.9191857e+09   2.7825559e+09   3.0109910e+09   2.6931397e+09   1.3016372e+09   2.2686721e+09   6.4090122e+08   1.5222758e+09   6.1491257e+08   1.5918173e+09   8.5088389e+08   2.7613080e+09   3.9242341e+09   3.4477496e+09   2.6767569e+09   1.4083827e+09   2.8197801e+09   4.8652223e+08   1.4637080e+09
   2.5555572e+09   1.7325166e+09   2.9134248e+07   8.0554796e+08   1.0726870e+09   1.3490858e+09   1.5797371e+09   7.1083325e+08   2.2105668e+09   4.1014303e+08   1.8019016e+09   3.4063250e+09   2.0110696e+09   1.4875073e+09   5.4781959e+08   1.3016372e+09   9.2485476e+08   4.2300074e+08   8.4121211e+08   6.1491257e+08   1.2340011e+09   8.5088389e+08   7.5275827e+08   1.8335514e+09   1.3999491e+09   1.2922850e+09   1.0248522e+09   1.1290394e+09   4.8652223e+08   1.4637080e+09
   3.8471347e+08   1.5530180e+08   2.9134248e+07   8.0554796e+08   4.1691245e+07   2.9009772e+08   1.1370386e+08   6.1682196e+08   1.7261351e+08   4.1014303e+08   4.6372429e+08   5.5632352e+08   1.1517906e+08   7.0181319e+08   5.4781959e+08   9.5830634e+08   9.2485476e+08   4.2300074e+08   5.3041920e+08   2.3122245e+08   7.9264511e+08   3.6219140e+08   7.5275827e+08   5.7807133e+08   7.9565758e+07   7.6944446e+08   2.7291378e+08   2.5838274e+08   3.6714017e+08   1.8108392e+08
   2.8552452e+08   5.5642815e+07   2.9134248e+07   8.3979443e+07   4.1691245e+07   1.5867995e+07   1.1370386e+08   1.8278524e+08   9.4690271e+07   2.3124323e+08   1.0960493e+08   1.0914950e+08   1.1517906e+08   1.9392891e+07   1.3974767e+08   1.2159980e+08   4.6234646e+07   9.6366668e+07   1.8258888e+08   3.7421763e+07   5.5689445e+07   6.1836762e+07   9.0183363e+07   2.4553441e+08   7.9565758e+07   9.7603810e+07   4.0991354e+07   1.9448963e+08   1.7355698e+08   1.8108392e+08
   2.1601757e+07   2.8812532e+05   1.2369326e+07   2.3023170e+06   1.9413721e+07   1.5867995e+07   1.1381516e+07   2.0198987e+07   3.4675581e+07   4.7001202e+07   5.1095381e+06   3.0773212e+07   2.6981289e+07   1.3578449e+07   2.8556749e+07   3.9645398e+05   1.7604917e+07   2.7057794e+07   3.0743476e+07   9.3544282e+06   4.2868553e+07   9.3161272e+06   1.2793145e+07   1.5404004e+07   1.5825156e+07   2.6316828e+07   3.9252973e+07   2.9752994e+06   4.7000697e+07   2.1326409e+07
   1.1590572e+06   2.8812532e+05   2.7709690e+06   2.0750083e+05   9.4105786e+05   1.4221429e+05   6.4657775e+05   4.5995305e+05   7.2871828e+05   1.0804644e+06   1.0226745e+06   1.0995648e+06   9.9121150e+05   1.1510663e+06   1.0567515e+06   3.9645398e+05   7.5450600e+05   2.8427804e+06   2.5018449e+06   1.1674992e+06   1.6589229e+06   7.7903147e+05   1.0339189e+06   1.9228426e+06   1.3212824e+06   2.3825310e+06   8.5438514e+05   2.9752994e+06   1.1523260e+06   1.9746275e+06
   2.2327681e+04   1.2084153e+03   2.1656885e+04   3.9272776e+04   5.0759815e+04   8.1376725e+04   6.9222055e+03   1.9385786e+04   3.1013404e+04   2.2428582e+04   1.8358610e+04   8.2975339e+04   1.4654201e+04   1.0138097e+04   4.5962623e+04   1.5070518e+04   2.5695414e+03   3.1555811e+04   2.3068053e+03   1.2751597e+04   1.2665216e+04   1.2837486e+04   1.6491684e+04   5.4113861e+04   4.1935506e+04   6.3492499e+04   5.5942581e+02   2.0387552e+04   2.6309703e+03   1.0852958e+04
   1.3466925e+02   4.0702544e+01   3.4359134e+02   9.9024485e+01   6.5934352e+01   7.1675611e+01   6.2160000e+01   7.6023064e+00   5.3145890e+01   1.4751950e+02   1.4169790e+02   5.0817124e-01   4.5578751e+01   4.0513272e+01   1.6565022e+02   2.8911963e+00   8.0172556e+01   9.3402408e+00   9.3251835e+01   5.5409552e+01   4.8118974e+01   2.7626871e+01   3.6235752e+00   9.6270001e+01   5.6456307e+01   1.7713116e+02   3.4783151e+02   2.0318638e+02   1.2183926e+01   1.1221635e+01
   5.7006270e-03   3.1503065e-04   5.5013499e-02   2.5157305e-02   8.2564841e-03   4.4436265e-03   8.8562248e-02   2.2034119e-02   7.4329688e-02   5.7105710e-02   5.4133107e-02   2.7416079e-02   7.1747685e-04   3.4025435e-01   6.1664806e-02   3.4321508e-02   7.9261462e-02   1.7748219e-02   1.8809232e-03   1.1473908e-02   4.9668841e-03   9.9507874e-04   4.3968370e-02   6.5533794e-05   7.8690633e-02   7.6907557e-02   2.6614090e-03   6.9207444e-02   1.1062077e-01   2.3959889e-02
   3.1425399e-06   4.5134822e-05   8.8162622e-08   4.5719003e-06   1.3399509e-07   4.1386625e-07   3.4499965e-05   1.2893733e-05   9.8824388e-06   5.5412750e-06   0.0000000e+00   3.2485036e-07   1.1409614e-05   8.2308315e-05   2.8366777e-07   3.2156805e-08   5.4282638e-06   1.8674150e-06   0.0000000e+00   8.5256922e-06   2.2939609e-06   3.4669860e-06   7.1802290e-07   2.6505352e-06   1.5052982e-06   1.1477631e-05   1.7164077e-06   1.1175697e-05   3.3266849e-05   1.1248963e-07
   0.0000000e+00   0.0000000e+00   0.0000000e+00   0.0000000e+00   0.0000000e+00   0.0000000e+00   0.0000000e+00   0.0000000e+00   0.0000000e+00   0.0000000e+00   0.0000000e+00   0.0000000e+00   0.0000000e+00   0.0000000e+00   0.0000000e+00   0.0000000e+00   0.0000000e+00   0.0000000e+00   0.0000000e+00   0.0000000e+00   0.0000000e+00   0.0000000e+00   0.0000000e+00   0.0000000e+00   0.0000000e+00   0.0000000e+00   0.0000000e+00   0.0000000e+00   0.0000000e+00   0.0000000e+00
   0.0000000e+00   0.0000000e+00   0.0000000e+00   0.0000000e+00   0.0000000e+00   0.0000000e+00   0.0000000e+00   0.0000000e+00   0.0000000e+00   0.0000000e+00   0.0000000e+00   0.0000000e+00   0.0000000e+00   0.0000000e+00   0.0000000e+00   0.0000000e+00   0.0000000e+00   0.0000000e+00   0.0000000e+00   0.0000000e+00   0.0000000e+00   0.0000000e+00   0.0000000e+00   0.0000000e+00   0.0000000e+00   0.0000000e+00   0.0000000e+00   0.0000000e+00   0.0000000e+00   0.0000000e+00
   0.0000000e+00   0.0000000e+00   0.0000000e+00   0.0000000e+00   0.0000000e+00   0.0000000e+00   0.0000000e+00   0.0000000e+00   0.0000000e+00   0.0000000e+00   0.0000000e+00   0.0000000e+00   0.0000000e+00   0.0000000e+00   0.0000000e+00   0.0000000e+00   0.0000000e+00   0.0000000e+00   0.0000000e+00   0.0000000e+00   0.0000000e+00   0.0000000e+00   0.0000000e+00   0.0000000e+00   0.0000000e+00   0.0000000e+00   0.0000000e+00   0.0000000e+00   0.0000000e+00   0.0000000e+00
   0.0000000e+00   0.0000000e+00   0.0000000e+00   0.0000000e+00   0.0000000e+00   0.0000000e+00   0.0000000e+00   0.0000000e+00   0.0000000e+00   0.0000000e+00   0.0000000e+00   0.0000000e+00   0.0000000e+00   0.0000000e+00   0.0000000e+00   0.0000000e+00   0.0000000e+00   0.0000000e+00   0.0000000e+00   0.0000000e+00   0.0000000e+00   0.0000000e+00   0.0000000e+00   0.0000000e+00   0.0000000e+00   0.0000000e+00   0.0000000e+00   0.0000000e+00   0.0000000e+00   0.0000000e+00
