   4.8290780e+03   4.9582027e+03   2.2458494e+03   3.3058847e+03   5.3029816e+03   5.1030981e+03   4.4209135e+03   3.6434577e+03   4.1948167e+03   5.2710596e+03   5.3411064e+03   3.6351893e+03   3.3846381e+03   3.0748572e+03   4.8500432e+03   3.8349393e+03   4.6195083e+03   4.7913230e+03   3.9668937e+03   5.3226494e+03   5.5269984e+03   3.6658726e+03   3.5502069e+03   3.2488399e+03   4.1244123e+03   3.8606085e+03   4.6704101e+03   5.1499839e+03   4.9467993e+03   4.1601964e+03
   3.8233183e+03   3.8921651e+03   2.2458494e+03   3.3058847e+03   4.5743947e+03   4.1684415e+03   3.7523293e+03   3.6434577e+03   4.1061670e+03   3.7420872e+03   3.6980655e+03   3.6351893e+03   3.3846381e+03   3.0748572e+03   4.1656838e+03   3.3679922e+03   3.6256080e+03   3.8548229e+03   3.9668937e+03   3.9625434e+03   4.2037928e+03   3.5285746e+03   3.5502069e+03   3.2488399e+03   2.1106997e+03   3.8606085e+03   4.0298898e+03   4.4545922e+03   3.5448120e+03   3.2758576e+03
   3.7102061e+03   3.8005870e+03   2.2458494e+03   2.7411403e+03   3.7781912e+03   4.1243825e+03   3.7523293e+03   1.7937557e+03   4.0811565e+03   3.7420872e+03   2.0754505e+03   2.7952735e+03   2.8358995e+03   3.0748572e+03   3.0783012e+03   2.9250865e+03   2.7189872e+03   3.8548229e+03   3.9668937e+03   3.9625434e+03   3.4212120e+03   3.4475712e+03   3.5502069e+03   2.8325519e+03   2.1106997e+03   3.3171178e+03   3.9395769e+03   3.6966021e+03   3.5448120e+03   3.2758576e+03
   3.3460306e+03   2.7413991e+03   2.2458494e+03   2.7411403e+03   3.0070882e+03   2.9298927e+03   3.6106677e+03   1.7937557e+03   3.3412285e+03   3.5718833e+03   2.0754505e+03   2.6483811e+03   2.8358995e+03   2.8074939e+03   1.9686329e+03   2.9250865e+03   2.7189872e+03   3.7139225e+03   2.6614838e+03   3.3385204e+03   2.8985722e+03   3.4475712e+03   3.1905535e+03   2.8325519e+03   1.6441451e+03   3.1227438e+03   3.2342929e+03   3.6966021e+03   3.5448120e+03   3.2758576e+03
   3.3460306e+03   2.7413991e+03   2.2458494e+03   2.2559669e+03   2.5292097e+03   2.9298927e+03   3.2855096e+03   1.7937557e+03   2.1248574e+03   3.1712895e+03   2.0754505e+03   2.6483811e+03   2.6634525e+03   2.8074939e+03   1.9686329e+03   2.9250865e+03   2.3368419e+03   3.5779592e+03   2.5493369e+03   3.3385204e+03   2.8985722e+03   2.6784473e+03   3.1905535e+03   2.7451879e+03   1.6441451e+03   2.6996258e+03   3.2342929e+03   3.6618436e+03   2.4355317e+03   3.2172093e+03
   2.8279523e+03   2.5464602e+03   2.2310435e+03   2.2559669e+03   2.5292097e+03   2.9298927e+03   2.8993659e+03   1.7937557e+03   2.1248574e+03   3.0703021e+03   2.0754505e+03   2.6160568e+03   2.6634525e+03   2.8074939e+03   1.9686329e+03   2.5328904e+03   1.5610095e+03   3.1536477e+03   2.5493369e+03   3.2913322e+03   2.8985722e+03   2.6784473e+03   2.5569033e+03   2.7451879e+03   1.5364996e+03   1.8732251e+03   2.9577459e+03   2.9786779e+03   2.4355317e+03   2.7014741e+03
   2.8279523e+03   2.5464602e+03   2.2310435e+03   2.2559669e+03   2.3635693e+03   2.8510257e+03   2.8993659e+03   1.7608739e+03   2.1248574e+03   2.6722119e+03   2.0754505e+03   2.2270570e+03   2.6634525e+03   2.0339304e+03   1.9686329e+03   2.5328904e+03   1.5610095e+03   2.9815925e+03   2.5215606e+03   3.0237910e+03   2.7889191e+03   2.2087405e+03   1.9443604e+03   2.5220322e+03   1.5364996e+03   1.8732251e+03   2.5833190e+03   2.9786779e+03   2.4355317e+03   2.2891300e+03
   2.5043080e+03   2.4381662e+03   2.2310435e+03   2.2559669e+03   2.2383727e+03   2.8510257e+03   1.7100934e+03   1.6207761e+03   1.6221291e+03   2.6722119e+03   2.0754505e+03   2.0668045e+03   2.3248804e+03   2.0146237e+03   1.9686329e+03   2.1722755e+03   1.5610095e+03   2.5269085e+03   2.4400459e+03   1.8082349e+03   2.7003025e+03   2.2087405e+03   1.9443604e+03   2.5220322e+03   1.4797460e+03   1.8135982e+03   1.7485536e+03   2.2981616e+03   2.2021345e+03   2.1197275e+03
   2.2303825e+03   2.2289258e+03   2.1967289e+03   1.9397957e+03   2.0885373e+03   2.2670181e+03   1.7100934e+03   1.6207761e+03   1.6221291e+03   1.9402867e+03   1.8757773e+03   1.5842954e+03   2.1893493e+03   1.9484306e+03   1.9686329e+03   2.1722755e+03   1.5610095e+03   1.9836147e+03   2.2615161e+03   1.8082349e+03   2.3714521e+03   2.1500598e+03   1.4564856e+03   2.2447893e+03   1.4797460e+03   1.8135982e+03   1.7485536e+03   2.1301213e+03   2.2021345e+03   2.0011921e+03
   7.9724518e+02   1.0070274e+03   7.5569622e+02   1.0156706e+03   6.2809912e+02   1.0368930e+03   1.1562579e+03   8.3611995e+02   9.4939037e+02   1.0397310e+03   1.0244502e+03   9.2670844e+02   1.0601672e+03   7.4451881e+02   8.3484752e+02   9.5524894e+02   9.8001696e+02   9.8299893e+02   9.1690031e+02   1.0325337e+03   1.2144064e+03   7.3615368e+02   1.0042194e+03   9.1402273e+02   7.8943130e+02   1.0037336e+03   1.2498376e+03   1.1421340e+03   1.1703438e+03   9.0856548e+02
   2.8521167e+02   3.0174195e+02   2.9364483e+02   2.8425464e+02   2.8288441e+02   2.9269243e+02   2.7534103e+02   2.9203439e+02   2.8128388e+02   2.6528747e+02   2.5074462e+02   2.5257334e+02   2.4580671e+02   2.5567008e+02   2.9041363e+02   2.5972731e+02   2.2014554e+02   2.8257471e+02   2.6575138e+02   2.6249649e+02   3.0066233e+02   2.6089921e+02   2.7533954e+02   2.5629912e+02   2.4107803e+02   2.6618691e+02   2.6892233e+02   3.1820464e+02   2.8130450e+02   2.7585795e+02
   1.2491684e+02   1.3104452e+02   1.3301030e+02   1.3338573e+02   1.3017339e+02   1.2725095e+02   1.2816327e+02   1.2951728e+02   1.2928938e+02   1.3185273e+02   1.3051039e+02   1.2540586e+02   1.3157696e+02   1.2737969e+02   1.2770899e+02   1.3305495e+02   1.3103026e+02   1.3340970e+02   1.3122570e+02   1.2847614e+02   1.2906555e+02   1.2951167e+02   1.2450601e+02   1.3279816e+02   1.2900926e+02   1.2948712e+02   1.3247959e+02   1.3428172e+02   1.3145365e+02   1.2859424e+02
   1.0953544e+02   1.1049262e+02   1.1097097e+02   1.1148808e+02   1.1060898e+02   1.1087888e+02   1.1077645e+02   1.1128445e+02   1.1083437e+02   1.1122876e+02   1.1005918e+02   1.1019541e+02   1.1041771e+02   1.1051099e+02   1.1026235e+02   1.1084940e+02   1.0782435e+02   1.1114997e+02   1.1042234e+02   1.1026724e+02   1.1130922e+02   1.1102433e+02   1.1057800e+02   1.1012707e+02   1.1110696e+02   1.1099521e+02   1.1142943e+02   1.1112435e+02   1.1023838e+02   1.1041588e+02
   1.0002570e+02   1.0003433e+02   1.0004117e+02   1.0003534e+02   1.0003377e+02   1.0003596e+02   1.0002820e+02   1.0003435e+02   1.0003637e+02   1.0003770e+02   1.0004293e+02   1.0002612e+02   1.0003484e+02   1.0003554e+02   1.0004302e+02   1.0003518e+02   1.0003134e+02   1.0003531e+02   1.0003545e+02   1.0003829e+02   1.0004385e+02   1.0004107e+02   1.0003396e+02   1.0003189e+02   1.0004048e+02   1.0003197e+02   1.0003900e+02   1.0003310e+02   1.0003151e+02   1.0003673e+02
   1.0000000e+02   1.0000000e+02   1.0000000e+02   1.0000000e+02   1.0000000e+02   1.0000000e+02   1.0000000e+02   1.0000000e+02   1.0000000e+02   1.0000000e+02   1.0000000e+02   1.0000000e+02   1.0000000e+02   1.0000000e+02   1.0000000e+02   1.0000000e+02   1.0000000e+02   1.0000000e+02   1.0000000e+02   1.0000000e+02   1.0000000e+02   1.0000000e+02   1.0000000e+02   1.0000000e+02   1.0000000e+02   1.0000000e+02   1.0000000e+02   1.0000000e+02   1.0000000e+02   1.0000000e+02
   1.0000000e+02   1.0000000e+02   1.0000000e+02   1.0000000e+02   1.0000000e+02   1.0000000e+02   1.0000000e+02   1.0000000e+02   1.0000000e+02   1.0000000e+02   1.0000000e+02   1.0000000e+02   1.0000000e+02   1.0000000e+02   1.0000000e+02   1.0000000e+02   1.0000000e+02   1.0000000e+02   1.0000000e+02   1.0000000e+02   1.0000000e+02   1.0000000e+02   1.0000000e+02   1.0000000e+02   1.0000000e+02   1.0000000e+02   1.0000000e+02   1.0000000e+02   1.0000000e+02   1.0000000e+02
