   8.8143381e+05   5.2896684e+05   3.8397118e+05   2.3023177e+05   5.3142924e+05   2.4413288e+06   8.5386056e+05   3.3299613e+05   9.8834524e+05   1.2020101e+06   1.0455193e+06   6.6346904e+05   2.1352498e+06   2.4004815e+05   2.0546302e+05   4.9920768e+05   7.3911575e+05   1.6519155e+05   1.3300278e+06   4.5306091e+05   1.1534094e+06   7.8056285e+05   2.2388907e+06   3.9318205e+05   1.1011136e+06   2.6192195e+05   1.1041234e+06   1.7950568e+05   2.6709424e+05   2.3064122e+05
   8.8143381e+05   5.2896684e+05   3.8397118e+05   2.3023177e+05   5.3142924e+05   4.5819700e+05   1.3241473e+05   1.8450832e+05   1.7706870e+05   1.1285057e+05   3.8104022e+05   2.2055398e+05   4.2237132e+05   2.4004815e+05   2.0546302e+05   4.9920768e+05   7.3837343e+05   1.6519155e+05   1.3300278e+06   4.5306091e+05   7.3374470e+05   7.7396688e+04   4.7017262e+05   4.8728481e+04   1.1011136e+06   2.6192195e+05   4.6798223e+05   1.7950568e+05   2.6709424e+05   2.3064122e+05
   3.5723631e+05   5.2896684e+05   1.8453169e+05   8.6201821e+04   3.2249458e+05   3.4274973e+05   1.3241473e+05   1.8450832e+05   1.6544910e+05   1.1285057e+05   3.8104022e+05   2.2055398e+05   6.1056486e+04   2.4004815e+05   2.0546302e+05   7.0981397e+04   2.6091736e+05   1.6519155e+05   2.5650399e+05   8.3066831e+04   1.9071968e+05   7.7396688e+04   4.6979338e+05   4.8728481e+04   1.0827048e+06   2.6192195e+05   4.6798223e+05   1.7950568e+05   2.6709424e+05   1.6225524e+05
   8.2906470e+04   1.7478304e+05   1.8453169e+05   8.6201821e+04   3.2249458e+05   3.4274973e+05   9.8783101e+04   1.3549069e+05   1.6544910e+05   1.1285057e+05   3.8104022e+05   5.3524898e+04   6.1056486e+04   5.0472665e+04   2.0546302e+05   7.0981397e+04   2.6091736e+05   5.8159636e+04   2.5650399e+05   5.9026891e+04   1.9071968e+05   7.7396688e+04   4.6979338e+05   4.8728481e+04   1.3741874e+05   2.6192195e+05   1.2994447e+05   1.7950568e+05   1.6604458e+05   1.6225524e+05
   6.3394971e+04   1.7478304e+05   9.2822072e+04   8.6201821e+04   8.8511360e+04   3.4274973e+05   9.8783101e+04   8.2265916e+04   2.1107814e+04   2.5738247e+04   6.9658906e+04   5.3524898e+04   6.1056486e+04   5.0472665e+04   2.0546302e+05   7.0882802e+04   2.6091736e+05   5.8159636e+04   2.5650399e+05   5.9026891e+04   1.9071968e+05   7.7396688e+04   4.6979338e+05   4.8728481e+04   1.3741874e+05   2.6192195e+05   2.6872931e+04   1.7950568e+05   1.6604458e+05   7.2996898e+04
   6.3394971e+04   1.7478304e+05   9.2822072e+04   8.6201821e+04   8.8511360e+04   3.4274973e+05   9.8783101e+04   8.2265916e+04   2.1107814e+04   2.5738247e+04   6.9658906e+04   5.3524898e+04   6.1056486e+04   5.0472665e+04   1.3205361e+05   7.0882802e+04   2.6091736e+05   5.8159636e+04   2.4476236e+05   3.6824837e+04   3.7310543e+04   7.7396688e+04   3.8509080e+05   4.8728481e+04   1.3741874e+05   5.9897197e+04   2.6872931e+04   3.5742808e+04   1.6604458e+05   7.2996898e+04
   6.3394971e+04   1.5856785e+05   9.2822072e+04   8.6201821e+04   8.8511360e+04   9.0271955e+04   9.2150175e+03   4.6996714e+04   2.1107814e+04   2.5738247e+04   2.5794328e+04   5.3524898e+04   6.1056486e+04   5.0472665e+04   1.3205361e+05   7.0882802e+04   2.6091736e+05   5.8159636e+04   8.0184927e+04   3.6824837e+04   3.7310543e+04   7.7396688e+04   2.4979436e+04   4.8728481e+04   1.3741874e+05   5.9897197e+04   2.6872931e+04   3.5742808e+04   9.4994044e+04   7.2996898e+04
   6.3394971e+04   7.0331380e+04   5.0162881e+04   6.1554268e+04   5.9960163e+04   8.0979298e+03   9.2150175e+03   4.4186536e+04   2.1107814e+04   6.9785933e+03   2.2916374e+04   8.8914542e+03   4.3261823e+04   3.4898412e+04   2.6990320e+04   3.4140834e+04   9.6223580e+04   2.1787043e+04   3.0814381e+04   3.6824837e+04   2.5713279e+04   1.5135285e+04   2.4979436e+04   3.8363647e+04   1.1086327e+05   1.7161498e+04   4.0699347e+03   2.7757341e+04   2.0365044e+04   1.5970823e+04
   1.0655956e+04   7.5065526e+03   1.4055035e+04   3.6806176e+03   1.6714405e+04   8.0979298e+03   6.9211491e+03   4.6846827e+03   5.7736672e+03   6.3703673e+03   1.4064519e+04   8.8914542e+03   9.5309457e+03   1.7731193e+04   2.0836891e+04   1.3461632e+04   5.8075401e+03   7.6733755e+03   1.9015926e+03   9.8889489e+03   1.3517596e+04   1.1341773e+04   1.2615562e+04   5.4681003e+03   1.9738535e+04   5.5333828e+03   4.0699347e+03   1.0626582e+04   7.4641239e+03   1.5970823e+04
   2.9962994e+03   2.6731714e+03   3.7725872e+03   3.6776633e+03   3.5116894e+03   1.3685059e+03   2.0981960e+03   4.2809607e+03   4.7548236e+03   2.8156889e+03   2.5166194e+03   2.5136243e+03   6.1434394e+03   1.3557620e+03   2.9622368e+03   2.6834748e+03   1.8859268e+03   1.9143900e+03   1.9015926e+03   6.7898128e+03   4.4063009e+03   1.8368046e+03   3.0142368e+03   5.4681003e+03   5.6950707e+03   5.5333828e+03   4.0699347e+03   1.6849013e+03   3.1733708e+03   2.0640833e+03
   1.3907429e+03   1.6445046e+03   1.3070120e+03   1.0613655e+03   1.0374744e+03   1.2652193e+03   9.1257805e+02   6.5753907e+02   1.8803596e+03   1.2769144e+03   1.6916963e+03   1.4108513e+03   8.7340772e+02   1.1068250e+03   9.8112357e+02   1.6866455e+03   1.1905899e+03   1.0065293e+03   1.2033114e+03   1.0278103e+03   1.3561491e+03   9.9588784e+02   1.3854246e+03   1.1675935e+03   1.9325164e+03   1.4472100e+03   1.0609156e+03   1.0001097e+03   1.1338687e+03   1.2321295e+03
   3.5546596e+02   4.5076254e+02   3.3548148e+02   4.1536219e+02   4.3242505e+02   3.7902891e+02   3.3540310e+02   3.2475457e+02   5.4725764e+02   1.2644518e+02   5.2334953e+02   3.5325051e+02   3.4192423e+02   5.3285928e+02   2.9604373e+02   4.9329030e+02   3.0557809e+02   4.6180637e+02   3.8954631e+02   2.7614663e+02   3.3757806e+02   2.0651885e+02   2.8574557e+02   5.3409177e+02   4.5843426e+02   4.8323063e+02   4.7064425e+02   4.4021111e+02   4.0160799e+02   4.5771578e+02
   7.4745725e+01   1.2632550e+02   1.0775425e+02   1.1046197e+02   8.3684028e+01   1.8552839e+02   2.0152797e+02   1.3750607e+02   1.4365090e+02   1.1808190e+02   1.9186433e+02   1.4396071e+02   2.0011700e+02   1.5363397e+02   1.1817697e+02   2.0659180e+02   5.2036305e+01   1.2006163e+02   1.1502606e+02   1.6091411e+02   1.4657294e+02   5.9452006e+01   1.3062609e+02   1.4672127e+02   1.4259593e+02   2.2683254e+02   7.4028695e+01   1.5707973e+02   1.5955478e+02   1.5605719e+02
   6.0235725e+01   8.6147496e+01   7.3272039e+01   7.9431597e+01   3.7258332e+01   5.9862787e+01   5.5108234e+01   8.3696371e+01   5.2417589e+01   1.0083645e+02   5.3828186e+01   6.6942820e+01   9.8030207e+01   6.8995289e+01   3.6009883e+01   7.6676642e+01   5.2036305e+01   5.4206032e+01   8.6739250e+01   5.5625333e+01   5.0533173e+01   5.9452006e+01   6.4900767e+01   8.7612898e+01   6.5341950e+01   9.8062032e+01   7.4028695e+01   4.6097085e+01   9.0207267e+01   6.6407078e+01
   2.3394105e+01   2.0136350e+01   1.7523139e+01   2.6332865e+01   2.0312177e+01   1.6864851e+01   2.3144269e+01   1.5062645e+01   2.0861528e+01   2.0586017e+01   1.6332972e+01   1.9524563e+01   2.7429930e+01   1.6409792e+01   1.7532095e+01   3.1764017e+01   1.5464915e+01   2.0554884e+01   1.7586850e+01   2.3269392e+01   1.6482546e+01   2.0360558e+01   2.2135357e+01   3.2449071e+01   3.6203855e+01   1.9686785e+01   1.9771147e+01   1.0021256e+01   1.3399990e+01   2.4075239e+01
   3.3242431e-03   2.9866536e-02   3.0084434e-02   3.6785715e-02   4.1989260e-02   5.3217988e-02   6.4708484e-02   9.4398052e-02   1.0629656e-01   1.1197647e-01   1.1521180e-01   1.1705229e-01   1.2016979e-01   1.6193991e-01   1.8466518e-01   2.0725516e-01   2.2171389e-01   2.9121494e-01   3.0355755e-01   3.0923869e-01   3.5149189e-01   3.8389184e-01   3.9910724e-01   4.1521851e-01   4.4213473e-01   4.8053195e-01   4.9613894e-01   4.9840140e-01   4.9872922e-01   8.1062534e-01
