   8.9916694e+02   1.1185419e+03   9.0072399e+02   1.1527451e+03   9.6625232e+02   8.5025907e+02   1.0964902e+03   1.0656689e+03   9.9945695e+02   1.0672765e+03   8.8400718e+02   1.0714623e+03   1.1324913e+03   8.2542186e+02   1.0523997e+03   1.0722778e+03   1.0657373e+03   1.0603097e+03   1.0319150e+03   9.3603097e+02   9.3556998e+02   1.1088469e+03   9.0378919e+02   8.6579743e+02   1.1176293e+03   1.0826206e+03   7.1157525e+02   9.9420321e+02   7.5184793e+02   1.0059363e+03
   3.9194053e+02   3.5008990e+02   4.0879589e+02   4.0465781e+02   3.6410827e+02   4.1013143e+02   4.1171547e+02   4.2559850e+02   3.8605086e+02   3.7313734e+02   3.8313539e+02   3.9135608e+02   3.4117264e+02   3.4073512e+02   3.4536808e+02   4.2525104e+02   4.0336249e+02   3.8271336e+02   3.7130436e+02   3.8384424e+02   3.9622702e+02   4.1384296e+02   3.9974969e+02   3.7898975e+02   3.8808411e+02   4.2710444e+02   3.9116015e+02   3.4998567e+02   3.8277273e+02   4.0979179e+02
   3.5579485e+02   3.5008990e+02   3.4434837e+02   3.2649804e+02   3.6410827e+02   3.1840055e+02   3.0882074e+02   3.7668940e+02   3.3158347e+02   3.4839538e+02   3.6242663e+02   3.5892303e+02   3.4117264e+02   3.4073512e+02   3.4536808e+02   3.5064153e+02   3.7603732e+02   3.3539423e+02   3.6858637e+02   3.2537688e+02   3.9622702e+02   3.3746773e+02   3.5008594e+02   3.3894327e+02   3.4573691e+02   3.6216566e+02   3.1093002e+02   3.4998567e+02   3.7879379e+02   3.5824619e+02
   3.5579485e+02   3.1565673e+02   3.4434837e+02   3.2649804e+02   3.3433366e+02   3.1840055e+02   3.0882074e+02   3.2939382e+02   3.3158347e+02   3.2718390e+02   3.3607249e+02   3.5089228e+02   3.4117264e+02   3.0912808e+02   3.4536808e+02   3.2565827e+02   3.2169017e+02   3.3539423e+02   3.1403351e+02   3.2537688e+02   3.6776777e+02   3.2587152e+02   3.0509066e+02   3.3894327e+02   3.4573691e+02   2.8028433e+02   3.1093002e+02   3.4998567e+02   3.3657084e+02   3.3932141e+02
   3.5307158e+02   3.1142766e+02   3.4434837e+02   3.2649804e+02   3.3433366e+02   3.1840055e+02   3.0882074e+02   3.2939382e+02   3.3158347e+02   3.2718390e+02   3.3607249e+02   3.4221719e+02   3.0700027e+02   3.0912808e+02   3.2992320e+02   3.2565827e+02   3.2169017e+02   3.3539423e+02   2.9071455e+02   3.2537688e+02   3.3901108e+02   3.0194083e+02   3.0509066e+02   3.3894327e+02   3.3899593e+02   2.8028433e+02   2.8735833e+02   3.1334341e+02   3.3657084e+02   3.2423375e+02
   3.5034574e+02   3.1142766e+02   3.2394440e+02   3.2649804e+02   3.3433366e+02   3.1840055e+02   2.7075047e+02   3.2939382e+02   3.3151662e+02   3.2718390e+02   3.3607249e+02   2.9805212e+02   3.0700027e+02   3.0912808e+02   3.0478243e+02   3.0462287e+02   3.2169017e+02   3.3539423e+02   2.9071455e+02   3.2537688e+02   3.3901108e+02   3.0194083e+02   3.0509066e+02   3.1613904e+02   3.3899593e+02   2.8028433e+02   2.8735833e+02   3.1334341e+02   2.7795126e+02   3.2423375e+02
   3.3710607e+02   3.1142766e+02   2.6224671e+02   2.8547029e+02   2.9394472e+02   3.1840055e+02   2.7075047e+02   3.1427001e+02   3.3151662e+02   3.1044499e+02   2.9835680e+02   2.8059744e+02   2.8825336e+02   3.0912808e+02   2.9328177e+02   3.0462287e+02   3.2037386e+02   3.2465883e+02   2.9071455e+02   3.1013438e+02   3.3252658e+02   2.5040150e+02   3.0509066e+02   3.1252643e+02   2.9826878e+02   2.8028433e+02   2.8735833e+02   3.1334341e+02   2.7795126e+02   2.9698712e+02
   2.9559635e+02   2.3358813e+02   2.6224671e+02   2.8547029e+02   2.9394472e+02   3.0443194e+02   2.7075047e+02   2.8196787e+02   2.9678731e+02   3.1044499e+02   2.6879058e+02   2.8059744e+02   2.8825336e+02   3.0912808e+02   2.5983041e+02   3.0462287e+02   3.0302978e+02   2.8493607e+02   2.6675469e+02   3.0250616e+02   3.3021095e+02   2.5040150e+02   3.0509066e+02   3.1252643e+02   2.9826878e+02   2.8028433e+02   2.8735833e+02   2.8067098e+02   2.7795126e+02   2.9698712e+02
   2.9559635e+02   2.3358813e+02   2.6224671e+02   2.8547029e+02   2.9394472e+02   3.0443194e+02   2.7075047e+02   2.8196787e+02   2.9678731e+02   3.1044499e+02   2.6879058e+02   2.8059744e+02   2.8825336e+02   2.6934929e+02   2.5983041e+02   3.0462287e+02   3.0302978e+02   2.8493607e+02   2.6675469e+02   3.0250616e+02   3.1642292e+02   2.5040150e+02   3.0509066e+02   3.1252643e+02   2.9826878e+02   2.8028433e+02   2.8735833e+02   2.7034226e+02   2.7795126e+02   2.9698712e+02
   2.6959797e+02   2.3358813e+02   2.5421669e+02   2.3984625e+02   2.5559368e+02   2.2663508e+02   2.4779562e+02   2.4497356e+02   2.5994005e+02   2.5980018e+02   2.6879058e+02   2.5586370e+02   2.5934990e+02   2.5943447e+02   2.5821231e+02   2.4961281e+02   2.4149698e+02   2.5317763e+02   2.5843767e+02   2.3837203e+02   2.7057493e+02   2.5040150e+02   2.4293588e+02   2.5836128e+02   2.6311610e+02   2.4164034e+02   2.6020933e+02   2.3389669e+02   2.4780195e+02   2.3556961e+02
   1.7114599e+02   1.6784203e+02   1.8841821e+02   1.7928016e+02   1.7603990e+02   1.7924131e+02   1.6312678e+02   1.7463578e+02   1.5904614e+02   1.7554437e+02   1.8960908e+02   1.5622045e+02   1.7045874e+02   1.8697301e+02   1.6786096e+02   1.7849523e+02   1.8006676e+02   1.7422117e+02   1.7643279e+02   1.7268914e+02   1.7819442e+02   1.7010222e+02   1.6590747e+02   1.7814123e+02   1.6350292e+02   1.5829706e+02   1.6407571e+02   1.3840111e+02   1.7275084e+02   1.6676231e+02
   1.2050497e+02   1.1954286e+02   1.2590789e+02   1.3143750e+02   1.1587625e+02   1.0606261e+02   1.2243836e+02   1.1524466e+02   1.1878868e+02   9.7956788e+01   1.3370761e+02   1.3408149e+02   1.2463114e+02   1.2792269e+02   1.2148838e+02   1.2406292e+02   1.3211576e+02   1.3145904e+02   1.3104516e+02   1.3247139e+02   1.3183387e+02   1.3099884e+02   1.1217035e+02   1.4106453e+02   1.1922731e+02   1.2437678e+02   1.2387336e+02   1.3434959e+02   1.3670348e+02   1.1612034e+02
   1.1884759e+02   1.0612941e+02   1.0822019e+02   9.8091279e+01   1.0982843e+02   1.0606261e+02   1.1992559e+02   1.1383664e+02   1.0677961e+02   9.7956788e+01   1.1303426e+02   1.1174695e+02   9.4576464e+01   9.4460856e+01   1.1930931e+02   1.1018671e+02   8.4835813e+01   9.9943626e+01   1.0453220e+02   9.7390821e+01   1.0578912e+02   1.2297968e+02   1.0064066e+02   1.1501361e+02   1.1257504e+02   1.0431407e+02   1.0039876e+02   1.1057072e+02   1.1015074e+02   1.1439977e+02
   1.0522290e+02   1.0612941e+02   1.0822019e+02   8.9553990e+01   1.0445469e+02   1.0606261e+02   1.0180262e+02   1.0723765e+02   9.5361141e+01   9.0877675e+01   1.0454865e+02   1.1174695e+02   9.4576464e+01   9.4460856e+01   1.1201165e+02   9.8863970e+01   8.4835813e+01   9.8435021e+01   8.7774093e+01   9.6542079e+01   9.5503418e+01   1.0901341e+02   9.9929961e+01   1.0434781e+02   9.5392785e+01   1.0249169e+02   1.0039876e+02   1.0155267e+02   1.0562451e+02   1.0492066e+02
   9.0623709e+01   8.6305367e+01   8.6144838e+01   8.3703238e+01   7.3239290e+01   9.3368859e+01   8.4683771e+01   9.1228312e+01   8.3252289e+01   8.5062855e+01   7.9261545e+01   9.2642806e+01   8.4850177e+01   9.4460856e+01   9.4820275e+01   7.7609614e+01   8.4835813e+01   7.0818540e+01   7.1554599e+01   7.1392372e+01   8.6914119e+01   9.0052206e+01   9.5589516e+01   9.3323513e+01   8.7171620e+01   9.1900608e+01   9.4332238e+01   9.8624141e+01   8.8234354e+01   8.7956675e+01
   2.0387215e+01   2.0886326e+01   2.0895105e+01   2.1247805e+01   2.1380219e+01   2.1404032e+01   2.1412274e+01   2.1627580e+01   2.1657404e+01   2.1695261e+01   2.1701635e+01   2.1727438e+01   2.1746916e+01   2.1768077e+01   2.1934071e+01   2.1969036e+01   2.2019518e+01   2.2231609e+01   2.2237287e+01   2.2237881e+01   2.2348393e+01   2.2374071e+01   2.2455403e+01   2.2699888e+01   2.2701950e+01   2.2799811e+01   2.2857969e+01   2.2912254e+01   2.2927640e+01   2.2931040e+01
