   5.5360357e+03   5.2759984e+03   4.4813770e+03   5.1005310e+03   5.0678457e+03   4.9658096e+03   4.9501497e+03   5.1146184e+03   5.1035726e+03   5.5928046e+03   4.7195327e+03   4.9616123e+03   5.0701650e+03   4.9238379e+03   5.2507944e+03   5.3663247e+03   5.1428231e+03   5.4518155e+03   4.9994372e+03   5.0780233e+03   4.8464060e+03   5.3699316e+03   5.2678396e+03   4.9625917e+03   5.0912731e+03   4.7563086e+03   5.1680331e+03   5.1261256e+03   5.2594497e+03   5.3083878e+03
   5.1916442e+03   5.2759984e+03   4.4813770e+03   5.1005310e+03   5.0678457e+03   4.3033612e+03   4.9501497e+03   5.0116915e+03   5.1035726e+03   4.9660936e+03   4.7195327e+03   4.9616123e+03   5.0701650e+03   4.9238379e+03   4.6741282e+03   5.3663247e+03   5.1363382e+03   4.5130845e+03   4.9994372e+03   5.0605759e+03   4.8464060e+03   4.9967994e+03   5.2678396e+03   4.8976400e+03   5.0912731e+03   4.7563086e+03   5.1680331e+03   4.9876495e+03   4.6278484e+03   5.2513828e+03
   5.1916442e+03   4.9293755e+03   4.4813770e+03   5.1005310e+03   4.5136417e+03   4.3033612e+03   4.9501497e+03   4.4572624e+03   5.1035726e+03   4.9660936e+03   4.7195327e+03   4.6333697e+03   4.0015382e+03   4.4015271e+03   4.6741282e+03   5.1814067e+03   5.1363382e+03   4.5130845e+03   4.9287952e+03   5.0599847e+03   4.8464060e+03   4.5650410e+03   4.9801533e+03   4.8976400e+03   5.0912731e+03   4.7563086e+03   5.1680331e+03   4.6737071e+03   4.6278484e+03   4.9489112e+03
   5.0716566e+03   4.9007000e+03   4.4813770e+03   4.9436485e+03   4.5136417e+03   4.3033612e+03   4.7118088e+03   4.0396618e+03   5.0828161e+03   4.5039849e+03   4.7195327e+03   4.6333697e+03   4.0015382e+03   4.4015271e+03   4.6741282e+03   4.8516049e+03   4.9129006e+03   4.5130845e+03   4.9287952e+03   4.6837811e+03   4.8464060e+03   4.3321933e+03   4.9801533e+03   4.6975033e+03   5.0211448e+03   4.7563086e+03   4.8012379e+03   3.6991096e+03   4.4202503e+03   4.9489112e+03
   5.0430807e+03   4.9007000e+03   4.4813770e+03   4.6122051e+03   4.1664691e+03   4.3033612e+03   4.7118088e+03   4.0396618e+03   4.6893919e+03   4.5039849e+03   4.7195327e+03   4.6333697e+03   4.0015382e+03   4.4015271e+03   4.1180011e+03   4.6804824e+03   4.9129006e+03   4.4640449e+03   4.8803092e+03   4.6837811e+03   4.4956178e+03   4.3321933e+03   4.5853936e+03   4.6975033e+03   4.3622980e+03   4.4957120e+03   4.8012379e+03   3.6991096e+03   4.4202503e+03   4.9489112e+03
   5.0430807e+03   4.3957537e+03   4.4813770e+03   4.6122051e+03   4.1664691e+03   4.3033612e+03   4.7118088e+03   4.0396618e+03   4.6804939e+03   4.5039849e+03   4.7195327e+03   4.6333697e+03   4.0015382e+03   4.4015271e+03   4.1180011e+03   4.6804824e+03   4.9129006e+03   4.4640449e+03   4.8118515e+03   4.6837811e+03   4.4956178e+03   4.3321933e+03   4.5853936e+03   4.5876803e+03   4.3622980e+03   4.4957120e+03   4.7305802e+03   3.6991096e+03   4.4202503e+03   4.7329791e+03
   4.4546507e+03   4.3957537e+03   4.4813770e+03   4.4991367e+03   4.1664691e+03   4.3033612e+03   4.7118088e+03   4.0396618e+03   4.6804939e+03   4.5039849e+03   4.7195327e+03   4.6333697e+03   4.0015382e+03   4.1843788e+03   4.1180011e+03   4.4711208e+03   4.9129006e+03   4.4640449e+03   4.6433429e+03   4.6837811e+03   4.1895095e+03   4.3321933e+03   4.3123204e+03   4.5876803e+03   4.3622980e+03   4.4957120e+03   4.3886348e+03   3.6991096e+03   4.4202503e+03   4.7188581e+03
   4.4546507e+03   4.3957537e+03   4.4813770e+03   4.2222716e+03   4.1664691e+03   4.3033612e+03   4.7118088e+03   4.0396618e+03   4.2911246e+03   4.4705686e+03   3.1056924e+03   4.6333697e+03   4.0015382e+03   4.1843788e+03   4.1180011e+03   4.4711208e+03   4.2708843e+03   4.2381962e+03   4.5580853e+03   4.6563280e+03   4.1895095e+03   4.3321933e+03   4.3123204e+03   4.5876803e+03   4.3622980e+03   4.4957120e+03   4.3886348e+03   3.6991096e+03   4.0207714e+03   4.2023760e+03
   4.0473344e+03   3.8198814e+03   4.1450232e+03   4.0628911e+03   3.6692841e+03   4.3033612e+03   4.3690850e+03   3.1237721e+03   4.0059103e+03   3.7392520e+03   3.1056924e+03   4.3862498e+03   3.9866709e+03   4.1843788e+03   4.1180011e+03   3.8215948e+03   4.1136440e+03   3.8069404e+03   4.3080220e+03   4.2229209e+03   4.0796726e+03   3.9545918e+03   3.8125124e+03   4.1927982e+03   4.3622980e+03   4.1943506e+03   4.1303117e+03   3.6991096e+03   4.0207714e+03   3.6090731e+03
   3.5301136e+03   3.7258981e+03   3.7341990e+03   3.9260885e+03   3.6590267e+03   3.6923347e+03   3.8666149e+03   3.1237721e+03   3.7122351e+03   3.7392520e+03   3.1056924e+03   3.8531276e+03   3.9866709e+03   3.7979185e+03   4.1180011e+03   3.3111632e+03   4.0830215e+03   3.5972751e+03   3.6279176e+03   3.8777274e+03   3.7765970e+03   3.6400597e+03   3.8125124e+03   3.5631172e+03   3.7483770e+03   3.8370128e+03   4.0719918e+03   3.6991096e+03   4.0207714e+03   3.4036410e+03
   3.5301136e+03   3.6428325e+03   3.5187002e+03   3.4382158e+03   3.3967934e+03   3.6645436e+03   3.7441085e+03   3.0717754e+03   3.4077096e+03   3.4393999e+03   3.1056924e+03   3.6255760e+03   3.7360466e+03   3.4201350e+03   3.7799264e+03   3.3111632e+03   3.5432159e+03   3.5972751e+03   3.3143465e+03   3.7246671e+03   3.4688231e+03   3.6400597e+03   3.7228102e+03   3.5483107e+03   3.1400855e+03   3.6960101e+03   3.6410420e+03   3.0389601e+03   3.7215583e+03   3.0404378e+03
   3.2158511e+03   3.2527730e+03   3.2600616e+03   3.2974678e+03   3.0555577e+03   2.9409376e+03   2.8328887e+03   3.0717754e+03   2.8452104e+03   3.4393999e+03   2.9975612e+03   3.6079174e+03   3.2047863e+03   3.1650929e+03   3.3260254e+03   3.0020147e+03   3.3289306e+03   3.2992128e+03   3.2700400e+03   3.4133376e+03   3.1822459e+03   3.5163775e+03   3.1804146e+03   3.1890532e+03   3.1251203e+03   3.1832456e+03   3.4779908e+03   2.8652288e+03   3.4433658e+03   3.0404378e+03
   2.8960121e+03   2.7500515e+03   2.9161134e+03   2.9385239e+03   2.3806326e+03   2.2381170e+03   2.8328887e+03   3.0099949e+03   2.1774367e+03   2.8522429e+03   2.9975612e+03   2.8385975e+03   2.8130709e+03   2.9751298e+03   2.8217092e+03   2.6816188e+03   2.9310372e+03   2.6089720e+03   2.9496762e+03   2.6482748e+03   2.8564651e+03   2.8853219e+03   3.0252125e+03   3.0254980e+03   2.9552041e+03   2.9431767e+03   3.1631004e+03   2.8579499e+03   2.6152054e+03   2.6368396e+03
   2.1726571e+03   2.1683757e+03   2.2092392e+03   2.2328253e+03   2.0893578e+03   2.0812711e+03   2.0474392e+03   2.0713155e+03   1.9752274e+03   2.1885791e+03   2.0898130e+03   2.3088833e+03   2.2704061e+03   2.2042341e+03   2.0432245e+03   2.2924569e+03   2.0615109e+03   2.1484455e+03   2.3183407e+03   2.4097650e+03   2.0212414e+03   2.2055178e+03   1.9439956e+03   2.1712242e+03   2.0315340e+03   2.4361548e+03   2.0527999e+03   2.1468334e+03   1.6547744e+03   2.0607681e+03
   7.1158141e+02   5.2710483e+02   7.1695904e+02   6.1453919e+02   7.7888474e+02   4.7406670e+02   9.0255968e+02   5.3732366e+02   7.3553894e+02   4.8624841e+02   8.9555096e+02   5.6211761e+02   6.1701234e+02   7.0741563e+02   6.6123135e+02   7.1873552e+02   7.7839916e+02   3.2537462e+02   8.1069564e+02   7.1132001e+02   7.3544525e+02   7.7688983e+02   7.6489752e+02   5.5813118e+02   6.7190909e+02   7.0126697e+02   5.8062074e+02   5.9272667e+02   6.0307338e+02   7.3574656e+02
   1.2491383e-01   1.7700049e+00   1.7700049e+00   1.7700049e+00   1.8012334e+00   1.8324618e+00   1.8636903e+00   1.8636903e+00   3.4150960e+00   3.4150960e+00   3.4150960e+00   3.4775529e+00   3.4775529e+00   3.5087814e+00   3.5087814e+00   3.5087814e+00   5.1538725e+00   5.1538725e+00   5.1538725e+00   5.1851009e+00   5.9462254e+00   5.9462254e+00   7.5600880e+00   8.4440546e+00   8.5065115e+00   9.2988645e+00   9.2988645e+00   1.0943956e+01   1.0975184e+01   1.3381400e+01
