   4.8885305e+06   4.3787283e+07   1.5486168e+07   3.0514710e+07   1.1920879e+07   2.7384442e+07   8.5888294e+06   2.6364263e+07   5.8678414e+06   1.3625048e+07   8.9629725e+06   2.7244388e+07   1.5073556e+07   3.4761021e+07   4.3860634e+07   1.7480616e+07   2.6599239e+07   3.1959378e+07   2.7652066e+07   3.4448338e+07   7.5508259e+06   2.4537708e+07   1.6687418e+07   3.8859084e+07   1.3949625e+07   2.8674254e+07   1.7468433e+07   2.4539118e+07   3.1863543e+07   2.6110009e+07
   4.8885305e+06   3.5444812e+06   1.4941391e+07   1.5060722e+07   1.1920879e+07   1.6038325e+07   5.7621606e+06   1.8462349e+07   5.8678414e+06   3.5780340e+06   8.9629725e+06   1.3823562e+07   1.5073556e+07   1.7231836e+07   2.0031901e+07   7.7787883e+06   2.3826410e+07   1.3467940e+07   9.4882180e+06   8.7386192e+06   7.5508259e+06   1.8509844e+07   1.6687418e+07   2.0914022e+07   1.3949625e+07   8.4169997e+06   9.9464244e+06   2.4539118e+07   3.1700959e+07   2.0954437e+07
   2.9786713e+06   3.5444812e+06   1.4941391e+07   3.0526690e+06   1.1407565e+07   1.6038325e+07   5.7621606e+06   1.8030711e+07   5.8678414e+06   3.5780340e+06   8.9629725e+06   1.1011134e+07   1.5073556e+07   1.2436818e+07   1.0423648e+07   7.7787883e+06   1.8722323e+07   1.3467940e+07   9.4882180e+06   7.0618486e+06   7.5508259e+06   1.6487056e+07   1.0425174e+07   1.2111317e+07   1.3949625e+07   5.7288351e+06   9.9464244e+06   1.0106463e+07   1.3737592e+07   1.7925369e+07
   2.9786713e+06   3.5444812e+06   1.4941391e+07   3.0526690e+06   1.0724862e+07   1.6038325e+07   5.7621606e+06   1.8030711e+07   5.3090373e+06   3.5780340e+06   8.9629725e+06   9.2917559e+06   9.1711489e+06   1.2436818e+07   6.8616856e+06   5.4168376e+06   2.1006059e+06   1.1999258e+07   9.4882180e+06   5.7604140e+06   7.5508259e+06   6.7073982e+06   5.1505896e+06   1.2111317e+07   1.0624619e+07   5.7288351e+06   9.9464244e+06   1.0106463e+07   4.7636997e+06   1.7925369e+07
   2.9786713e+06   3.5444812e+06   1.1506027e+07   3.0526690e+06   1.2511090e+06   1.3917135e+07   5.7621606e+06   5.9853574e+06   5.3090373e+06   3.5780340e+06   8.9629725e+06   6.8626801e+06   8.9999822e+06   7.6398200e+06   6.8616856e+06   4.7741125e+06   2.1006059e+06   8.2402046e+06   4.9362994e+06   5.7604140e+06   7.5508259e+06   5.4806429e+06   5.1505896e+06   4.8861089e+06   3.3447505e+06   5.7288351e+06   7.8884786e+06   1.0106463e+07   4.7636997e+06   1.1185581e+07
   2.9786713e+06   2.6950194e+06   5.8674979e+06   3.0526690e+06   1.2511090e+06   4.9465966e+06   5.7621606e+06   5.9853574e+06   5.3090373e+06   2.4044883e+06   8.9629725e+06   4.3818208e+06   7.6429408e+06   7.6398200e+06   3.4238573e+06   4.7741125e+06   2.1006059e+06   8.2402046e+06   4.9362994e+06   5.7604140e+06   7.5508259e+06   5.4806429e+06   5.1505896e+06   4.8861089e+06   3.3447505e+06   5.7288351e+06   5.8199021e+06   1.0106463e+07   4.7636997e+06   2.6475947e+06
   2.9786713e+06   2.6950194e+06   5.8674979e+06   3.0526690e+06   1.2511090e+06   3.7089181e+06   5.7621606e+06   4.6212229e+06   5.3090373e+06   2.4044883e+06   4.0662445e+06   4.3818208e+06   7.6429408e+06   6.4387948e+06   3.4238573e+06   4.7741125e+06   2.1006059e+06   7.9482095e+06   4.9362994e+06   5.7604140e+06   6.2021749e+06   5.4806429e+06   5.1505896e+06   4.8861089e+06   3.3447505e+06   5.7288351e+06   5.8199021e+06   3.7130512e+06   4.7636997e+06   2.6475947e+06
   2.9786713e+06   2.5210563e+06   4.4707069e+06   3.0526690e+06   1.2511090e+06   3.7089181e+06   5.7621606e+06   3.2540781e+06   3.0523268e+06   2.4044883e+06   3.0174980e+06   4.3818208e+06   2.3108300e+06   6.4387948e+06   3.4224547e+06   3.8176107e+06   2.1006059e+06   1.8810719e+06   4.9362994e+06   3.8817798e+06   2.8652540e+06   5.4806429e+06   3.2165595e+06   4.8495783e+06   3.3447505e+06   5.7288351e+06   2.9682803e+06   3.7130512e+06   4.7636997e+06   2.6475947e+06
   1.5020138e+06   9.4503678e+05   2.1147887e+06   3.0526690e+06   1.2511090e+06   3.2219871e+06   2.2411360e+06   2.6527129e+06   1.3660286e+06   9.9237095e+05   1.7719441e+06   3.2049258e+06   9.0624329e+05   1.8112129e+06   1.0401700e+06   3.2051712e+06   2.1006059e+06   9.7081567e+05   1.7257584e+06   2.2891307e+06   1.6143350e+06   2.5633928e+06   4.1053692e+05   2.0283592e+06   3.0140621e+06   1.1237398e+06   1.6104316e+06   3.4520262e+06   3.4776600e+06   1.1935780e+06
   1.1721103e+06   5.1062840e+05   1.4552940e+06   1.0714984e+06   9.6843446e+05   1.4003954e+06   1.4438895e+06   9.6848727e+05   9.7219862e+05   9.9237095e+05   1.2575039e+06   1.6313066e+06   9.0624329e+05   1.2020633e+06   1.0401700e+06   1.9204975e+06   1.0919509e+06   9.7081567e+05   1.7257584e+06   1.7498537e+06   8.2988168e+05   1.0176109e+06   4.1053692e+05   1.2663287e+06   7.8019846e+05   8.0668232e+05   8.0241211e+05   7.9739785e+05   8.1765381e+05   1.1155641e+06
   1.0330163e+06   5.1003037e+05   9.4610856e+05   9.5751174e+05   5.8723183e+05   1.0433034e+06   1.0480679e+06   4.4754374e+05   5.3247470e+05   6.7117381e+05   1.2144879e+05   4.2574960e+05   9.0624329e+05   8.5673197e+05   7.2418287e+05   5.1280275e+05   7.5797547e+05   9.7081567e+05   8.0105244e+05   8.6842300e+05   5.4930037e+05   5.3460303e+05   3.5902732e+05   7.8412373e+05   7.8019846e+05   5.6276476e+05   8.0241211e+05   7.9739785e+05   4.1201576e+05   6.2376946e+05
   2.9182388e+05   2.9011997e+05   3.6673153e+05   3.4464126e+05   3.4537993e+05   2.6996684e+05   3.4945688e+05   2.9941003e+05   4.0950919e+05   3.6363663e+05   1.1170212e+05   1.8717645e+05   4.3890792e+05   4.1481295e+05   3.3755329e+05   3.8632668e+05   3.7395292e+05   2.0789654e+05   5.0622419e+05   2.9787952e+05   4.0848291e+05   4.8714390e+05   3.0991165e+05   4.1202757e+05   5.0085244e+05   4.4660523e+05   3.4753652e+05   5.6383586e+05   3.0119091e+05   3.8093387e+05
   9.4571725e+04   7.8750257e+04   5.9768332e+04   9.0243340e+04   9.8879048e+04   7.9368953e+04   7.2152674e+04   8.8228185e+04   1.5063081e+05   9.0184157e+04   1.0029355e+05   5.7036693e+04   5.8100674e+04   8.1373936e+04   8.6357785e+04   7.4153168e+04   9.6421384e+04   5.8467166e+04   1.8031795e+05   4.7894697e+04   8.5998935e+04   9.8673401e+04   1.5013679e+05   1.6082795e+05   7.7616391e+04   1.3227700e+05   1.1198560e+05   1.2075692e+05   8.7322755e+04   1.0272508e+05
   1.1499757e+03   1.5121948e+03   1.1919604e+03   1.2975730e+03   1.2704855e+03   1.3118155e+03   1.0345104e+03   1.2007321e+03   1.3646139e+03   1.4412047e+03   1.3657527e+03   1.6071822e+03   1.2750349e+03   1.0668781e+03   1.1322886e+03   1.2592760e+03   1.1958457e+03   1.5786610e+03   1.2830934e+03   1.2683195e+03   1.3667469e+03   1.4730695e+03   1.2588494e+03   1.2945856e+03   1.0721682e+03   1.3519799e+03   1.1770336e+03   1.2642122e+03   1.0986062e+03   1.4986004e+03
   3.2435818e+02   4.2401667e+02   3.8793494e+02   5.1066590e+02   3.5479712e+02   4.3280340e+02   3.1968190e+02   3.6958746e+02   3.4221207e+02   2.2190557e+02   5.1850874e+02   5.2424162e+02   2.9872073e+02   3.3475353e+02   3.7774183e+02   2.5390628e+02   3.3283379e+02   3.8750835e+02   3.8779963e+02   4.2369259e+02   2.5950173e+02   3.5779723e+02   2.6176553e+02   3.1396159e+02   4.2902042e+02   4.1807655e+02   3.0634720e+02   1.7395075e+02   2.9500317e+02   4.9624545e+02
   4.3961772e+00   5.1853110e+00   5.4952206e+00   8.2719301e+00   9.5798270e+00   1.1257558e+01   1.1360880e+01   1.1498514e+01   1.2043584e+01   1.2147669e+01   1.2864188e+01   1.3067418e+01   1.5849052e+01   1.6231565e+01   1.6855360e+01   1.7330610e+01   1.8221478e+01   1.8221559e+01   1.8938277e+01   1.9932948e+01   2.0107583e+01   2.1415684e+01   2.1610613e+01   2.2917825e+01   2.4803633e+01   2.5347540e+01   2.8170978e+01   3.1259935e+01   3.9011410e+01   4.7687221e+01
